1 1576
2 1567
3 1564
4 1563
5 1564
6 1563
7 1563
8 1564
9 1563
10 1563
11 1562
12 1580
13 1613
14 1622
15 1613
16 1658
17 1658
18 1658
19 1658
20 1621
21 1563
22 1613
23 1622
24 1613
25 1621
26 1579
27 1613
28 1621
29 1563
30 1563
31 1563
32 1563
33 1563
34 1562
35 1613
36 1605
37 1562
38 1563
39 1562
40 1563
41 1579
42 1563
43 1562
44 1579
45 1563
46 1563
47 1562
48 1571
49 1579
50 1579
51 1615
52 1622
53 1614
54 1658
55 1622
56 1563
57 1563
58 1579
59 1613
60 1659
61 1622
62 1579
63 1563
64 1563
65 1563
66 1563
67 1614
68 1622
69 1562
70 1563
71 1563
72 1563
73 1563
74 1563
75 1563
76 1563
77 1613
78 1606
79 1613
80 1658
81 1622
82 1563
83 1563
84 1563
85 1562
86 1563
87 1563
88 1613
89 1622
90 1564
91 1579
92 1613
93 1657
94 1658
95 1621
96 1613
97 1657
98 1605
99 1613
100 1621
101 1613
102 1657
103 1621
104 1613
105 1658
106 1621
107 1613
108 1622
109 1579
110 1614
111 1621
112 1563
113 1563
114 1613
115 1658
116 1622
117 1579
118 1579
119 1579
120 1613
121 1621
122 1562
123 1578
124 1613
125 1622
126 1563
127 1579
128 1563
129 1563
130 1613
131 1621
132 1614
133 1658
134 1621
135 1613
136 1657
137 1606
138 1579
139 1563
140 1578
141 1563
142 1578
143 1562
144 1563
145 1563
146 1614
147 1605
148 1579
149 1579
150 1613
151 1622
152 1563
153 1614
154 1606
155 1563
156 1563
157 1563
158 1613
159 1658
160 1606
161 1564
162 1563
163 1563
164 1563
165 1563
166 1563
167 1563
168 1563
169 1614
170 1658
171 1622
172 1579
173 1579
174 1613
175 1606
176 1614
177 1621
178 1563
179 1563
180 1563
181 1563
182 1613
183 1621
184 1565
185 1563
186 1564
187 1563
188 1563
189 1563
190 1613
191 1621
192 1563
193 1613
194 1621
195 1614
196 1605
197 1613
198 1658
199 1621
200 1563
201 1563
202 1613
203 1658
204 1621
205 1579
206 1579
207 1563
208 1563
209 1579
210 1563
211 1562
212 1579
213 1613
214 1621
215 1613
216 1658
217 1605
218 1579
219 1613
220 1622
221 1562
222 1563
223 1579
224 1564
225 1613
226 1658
227 1621
228 1562
229 1563
230 1562
231 1563
232 1562
233 1614
234 1621
235 1613
236 1658
237 1622
238 1579
239 1563
240 1563
241 1563
242 1562
243 1563
244 1563
245 1563
246 1562
247 1562
248 1563
249 1563
250 1563
251 1563
252 1579
253 1562
254 1613
255 1621
256 1563
257 1563
258 1613
259 1622
260 1563
261 1613
262 1658
263 1657
264 1622
265 1563
266 1563
267 1613
268 1657
269 1622
270 1613
271 1622
272 1563
273 1613
274 1621
275 1613
276 1658
277 1621
278 1563
279 1563
280 1579
281 1563
282 1613
283 1658
284 1622
285 1563
286 1563
287 1564
288 1563
289 1579
290 1579
291 1563
292 1579
293 1563
294 1613
295 1621
296 1563
297 1563
298 1562
299 1613
300 1658
301 1657
302 1605
303 1613
304 1622
305 1613
306 1621
307 1563
308 1564
309 1562
310 1579
311 1562
312 1613
313 1621
314 1563
315 1579
316 1579
317 1614
318 1621
319 1562
320 1579
321 1613
322 1605
323 1563
324 1563
325 1579
326 1563
327 1613
328 1622
329 1563
330 1563
331 1563
332 1562
333 1563
334 1613
335 1605
336 1563
337 1563
338 1562
339 1563
340 1563
341 1563
342 1563
343 1563
344 1579
345 1613
346 1658
347 1605
348 1579
349 1614
350 1605
351 1563
352 1563
353 1613
354 1605
355 1563
356 1580
357 1614
358 1621
359 1563
360 1613
361 1605
362 1613
363 1658
364 1659
365 1578
366 1567
367 1566
368 1566
369 1566
370 1566
371 1566
372 1566
373 1566
374 1566
375 1566
376 1566
377 1566
378 1566
379 1566
380 1566
381 1565
382 1581
383 1566
384 1566
385 1616
386 1608
387 1616
388 1607
389 1582
390 1616
391 1660
392 1608
393 1566
394 1566
395 1565
396 1565
397 1616
398 1608
399 1566
400 1566
401 1566
402 1616
403 1609
404 1565
405 1582
406 1566
407 1582
408 1566
409 1566
410 1566
411 1616
412 1608
413 1566
414 1566
415 1566
416 1616
417 1608
418 1582
419 1582
420 1566
421 1566
422 1565
423 1566
424 1565
425 1616
426 1608
427 1566
428 1566
429 1616
430 1660
431 1608
432 1581
433 1566
434 1566
435 1566
436 1566
437 1566
438 1566
439 1566
440 1566
441 1566
442 1616
443 1608
444 1565
445 1581
446 1582
447 1616
448 1661
449 1608
450 1566
451 1565
452 1566
453 1616
454 1661
455 1661
456 1661
457 1608
458 1566
459 1566
460 1565
461 1616
462 1625
463 1566
464 1566
465 1566
466 1566
467 1566
468 1566
469 1568
470 1566
471 1566
472 1566
473 1566
474 1566
475 1616
476 1625
477 1566
478 1566
479 1566
480 1566
481 1566
482 1616
483 1608
484 1581
485 1566
486 1616
487 1608
488 1616
489 1661
490 1608
491 1566
492 1566
493 1565
494 1581
495 1566
496 1582
497 1566
498 1566
499 1642
500 1623
501 1565
502 1563
503 1564
504 1613
505 1622
506 1614
507 1622
508 1614
509 1622
510 1564
511 1614
512 1658
513 1622
514 1614
515 1605
516 1579
517 1614
518 1659
519 1659
520 1605
521 1614
522 1658
523 1622
524 1563
525 1614
526 1658
527 1622
528 1563
529 1614
530 1605
531 1563
532 1579
533 1563
534 1563
535 1614
536 1606
537 1563
538 1563
539 1563
540 1563
541 1563
542 1564
543 1579
544 1613
545 1622
546 1563
547 1563
548 1563
549 1579
550 1614
551 1621
552 1579
553 1579
554 1614
555 1622
556 1613
557 1622
558 1563
559 1563
560 1614
561 1622
562 1563
563 1614
564 1606
565 1563
566 1613
567 1622
568 1563
569 1613
570 1658
571 1606
572 1563
573 1563
574 1563
575 1614
576 1605
577 1563
578 1563
579 1614
580 1622
581 1613
582 1658
583 1622
584 1563
585 1614
586 1658
587 1622
588 1563
589 1579
590 1563
591 1579
592 1614
593 1658
594 1622
595 1563
596 1563
597 1614
598 1658
599 1605
600 1563
601 1579
602 1579
603 1614
604 1622
605 1563
606 1563
607 1563
608 1614
609 1622
610 1563
611 1563
612 1563
613 1613
614 1658
615 1622
616 1563
617 1579
618 1564
619 1563
620 1613
621 1622
622 1563
623 1563
624 1563
625 1563
626 1613
627 1606
628 1579
629 1564
630 1564
631 1563
632 1563
633 1613
634 1659
635 1658
636 1658
637 1658
638 1622
639 1563
640 1614
641 1623
642 1613
643 1658
644 1606
645 1563
646 1579
647 1563
648 1563
649 1563
650 1579
651 1613
652 1605
653 1563
654 1563
655 1563
656 1579
657 1579
658 1613
659 1658
660 1622
661 1563
662 1564
663 1613
664 1606
665 1579
666 1563
667 1563
668 1564
669 1563
670 1563
671 1614
672 1622
673 1563
674 1579
675 1563
676 1563
677 1563
678 1564
679 1563
680 1614
681 707
682 706
683 706
684 706
685 706
686 706
687 706
688 706
689 706
690 706
691 706
692 706
693 706
694 706
695 706
696 706
697 706
698 706
699 706
700 706
701 706
702 706
703 706
704 706
705 706
706 706
707 706
708 706
709 706
710 706
711 706
712 706
713 706
714 706
715 706
716 706
717 706
718 706
719 706
720 706
721 706
722 706
723 706
724 706
725 706
726 706
727 706
728 706
729 706
730 706
731 706
732 706
733 706
734 706
735 706
736 706
737 706
738 706
739 706
740 706
741 706
742 706
743 706
744 706
745 706
746 706
747 706
748 706
749 706
750 706
751 706
752 706
753 706
754 706
755 706
756 706
757 706
758 706
759 706
760 706
761 706
762 706
763 706
764 706
765 706
766 706
767 706
768 706
769 706
770 706
771 706
772 706
773 706
774 706
775 706
776 706
777 706
778 706
779 706
780 706
781 706
782 706
783 706
784 706
785 706
786 706
787 706
788 706
789 706
790 706
791 706
792 706
793 706
794 706
795 706
796 706
797 706
798 706
799 706
800 706
801 706
802 706
803 706
804 706
805 706
806 706
807 706
808 706
809 706
810 706
811 706
812 706
813 706
814 706
815 706
816 706
817 706
818 706
819 706
820 706
821 706
822 706
823 706
824 706
825 706
826 706
827 706
828 706
829 706
830 706
831 706
832 706
833 706
834 706
835 706
836 706
837 706
838 706
839 706
840 706
841 706
842 706
843 706
844 706
845 706
846 706
847 706
848 706
849 706
850 706
851 706
852 706
853 706
854 706
855 706
856 706
857 706
858 706
859 706
860 706
861 706
862 706
863 706
864 706
865 706
866 706
867 706
868 706
869 706
870 706
871 706
872 706
873 706
874 706
875 706
876 706
877 706
878 706
879 706
880 706
881 706
882 706
883 706
884 706
885 706
886 706
887 706
888 706
889 706
890 706
891 706
892 706
893 706
894 706
895 706
896 706
897 706
898 706
899 706
900 706
901 706
902 706
903 706
904 706
905 706
906 706
907 706
908 706
909 706
910 706
911 706
912 706
913 706
914 706
915 706
916 706
917 706
918 706
919 706
920 706
921 706
922 706
923 706
924 706
925 706
926 706
927 706
928 706
929 706
930 706
931 706
932 706
933 706
934 706
935 706
936 706
937 706
938 706
939 706
940 706
941 706
942 706
943 706
944 706
945 706
946 706
947 706
948 706
949 706
950 706
951 706
952 706
953 706
954 706
955 706
956 706
957 710
958 706
959 706
960 706
961 706
962 706
963 706
964 706
965 706
966 706
967 706
968 706
969 706
970 706
971 706
972 706
973 706
974 706
975 706
976 706
977 706
978 706
979 706
980 706
981 706
982 706
983 706
984 706
985 706
986 706
987 706
988 706
989 706
990 706
991 706
992 706
993 706
994 706
995 706
996 706
997 707
998 706
999 706
1000 706
1001 706
1002 706
1003 706
1004 706
1005 706
1006 706
1007 706
1008 706
1009 706
1010 706
1011 709
1012 706
1013 706
1014 706
1015 706
1016 706
1017 706
1018 706
1019 706
1020 706
1021 706
1022 706
1023 706
1024 706
1025 706
1026 706
1027 706
1028 706
1029 676
1030 665
1031 665
1032 665
1033 665
1034 665
1035 665
1036 665
1037 665
1038 665
1039 665
1040 665
1041 665
1042 665
1043 665
1044 665
1045 665
1046 665
1047 665
1048 665
1049 665
1050 665
1051 665
1052 665
1053 665
1054 665
1055 665
1056 665
1057 665
1058 665
1059 665
1060 665
1061 665
1062 665
1063 665
1064 665
1065 665
1066 665
1067 665
1068 665
1069 665
1070 665
1071 665
1072 665
1073 665
1074 665
1075 665
1076 665
1077 665
1078 665
1079 665
1080 665
1081 665
1082 665
1083 665
1084 665
1085 665
1086 665
1087 665
1088 665
1089 665
1090 665
1091 665
1092 665
1093 665
1094 665
1095 665
1096 665
1097 665
1098 665
1099 665
1100 665
1101 665
1102 665
1103 665
1104 665
1105 665
1106 665
1107 665
1108 665
1109 665
1110 665
1111 667
1112 665
1113 665
1114 665
1115 665
1116 665
1117 665
1118 665
1119 665
1120 665
1121 665
1122 665
1123 665
1124 665
1125 665
1126 665
1127 665
1128 665
1129 665
1130 665
1131 665
1132 665
1133 665
1134 665
1135 665
1136 665
1137 665
1138 665
1139 665
1140 665
1141 665
1142 665
1143 665
1144 665
1145 665
1146 665
1147 665
1148 665
1149 665
1150 665
1151 665
1152 665
1153 665
1154 665
1155 665
1156 665
1157 665
1158 665
1159 665
1160 665
1161 665
1162 665
1163 665
1164 665
1165 665
1166 665
1167 665
1168 665
1169 665
1170 665
1171 665
1172 665
1173 665
1174 665
1175 665
1176 665
1177 665
1178 665
1179 665
1180 665
1181 665
1182 665
1183 665
1184 665
1185 665
1186 665
1187 665
1188 665
1189 665
1190 665
1191 665
1192 665
1193 665
1194 665
1195 665
1196 665
1197 665
1198 665
1199 665
1200 665
1201 665
1202 665
1203 665
1204 665
1205 665
1206 665
1207 665
1208 665
1209 665
1210 665
1211 665
1212 665
1213 665
1214 665
1215 665
1216 665
1217 665
1218 665
1219 665
1220 665
1221 665
1222 665
1223 665
1224 665
1225 665
1226 665
1227 665
1228 665
1229 665
1230 665
1231 665
1232 665
1233 665
1234 665
1235 665
1236 665
1237 665
1238 665
1239 665
1240 665
1241 665
1242 665
1243 665
1244 665
1245 665
1246 665
1247 665
1248 665
1249 665
1250 665
1251 665
1252 665
1253 665
1254 666
1255 665
1256 665
1257 665
1258 665
1259 665
1260 665
1261 666
1262 665
1263 665
1264 665
1265 665
1266 665
1267 665
1268 665
1269 665
1270 665
1271 665
1272 665
1273 665
1274 665
1275 665
1276 665
1277 665
1278 665
1279 665
1280 665
1281 665
1282 665
1283 665
1284 665
1285 665
1286 665
1287 665
1288 665
1289 665
1290 665
1291 665
1292 665
1293 665
1294 665
1295 665
1296 665
1297 665
1298 665
1299 665
1300 665
1301 665
1302 665
1303 665
1304 665
1305 665
1306 665
1307 665
1308 665
1309 665
1310 665
1311 665
1312 665
1313 666
1314 665
1315 665
1316 665
1317 665
1318 665
1319 665
1320 665
1321 667
1322 665
1323 665
1324 665
1325 665
1326 665
1327 665
1328 665
1329 665
1330 665
1331 665
1332 665
1333 665
1334 665
1335 665
1336 665
1337 665
1338 665
1339 665
1340 665
1341 665
1342 665
1343 665
1344 665
1345 665
1346 665
1347 665
1348 665
1349 665
1350 665
1351 665
1352 665
1353 665
1354 665
1355 665
1356 665
1357 665
1358 665
1359 665
1360 665
1361 665
1362 665
1363 665
1364 665
1365 665
1366 665
1367 665
1368 665
1369 665
1370 665
1371 665
1372 665
1373 665
1374 665
1375 665
1376 665
1377 665
1378 665
1379 665
1380 665
1381 665
1382 665
1383 665
1384 665
1385 665
1386 665
1387 665
1388 665
1389 665
1390 665
1391 665
1392 665
1393 665
1394 665
1395 665
1396 665
1397 665
1398 665
1399 665
1400 665
1401 665
1402 665
1403 665
1404 665
1405 665
1406 665
1407 665
1408 665
1409 665
1410 665
1411 665
1412 665
1413 665
1414 707
1415 707
1416 707
1417 707
1418 707
1419 706
1420 706
1421 706
1422 706
1423 706
1424 706
1425 707
1426 706
1427 706
1428 711
1429 706
1430 706
1431 706
1432 706
1433 707
1434 706
1435 706
1436 707
1437 706
1438 706
1439 706
1440 706
1441 707
1442 707
1443 706
1444 706
1445 706
1446 706
1447 706
1448 706
1449 706
1450 706
1451 706
1452 706
1453 706
1454 706
1455 706
1456 706
1457 706
1458 706
1459 706
1460 707
1461 706
1462 706
1463 706
1464 706
1465 706
1466 706
1467 706
1468 706
1469 706
1470 706
1471 706
1472 707
1473 706
1474 706
1475 706
1476 706
1477 706
1478 706
1479 707
1480 706
1481 706
1482 706
1483 706
1484 706
1485 706
1486 706
1487 706
1488 706
1489 706
1490 706
1491 706
1492 706
1493 706
1494 706
1495 706
1496 706
1497 706
1498 706
1499 707
1500 706
1501 706
1502 706
1503 706
1504 708
1505 706
1506 706
1507 706
1508 706
1509 706
1510 706
1511 706
1512 706
1513 706
1514 706
1515 706
1516 706
1517 706
1518 706
1519 706
1520 706
1521 706
1522 706
1523 706
1524 706
1525 706
1526 706
1527 706
1528 706
1529 706
1530 706
1531 706
1532 706
1533 706
1534 706
1535 706
1536 706
1537 706
1538 706
1539 706
1540 706
1541 706
1542 706
1543 706
1544 706
1545 706
1546 706
1547 706
1548 706
1549 707
1550 707
1551 706
1552 706
1553 706
1554 706
1555 706
1556 706
1557 706
1558 706
1559 706
1560 706
1561 706
1562 706
1563 706
1564 706
1565 706
1566 706
1567 706
1568 706
1569 706
1570 706
1571 706
1572 706
1573 706
1574 706
1575 706
1576 706
1577 706
1578 706
1579 706
1580 706
1581 707
1582 707
1583 707
1584 707
1585 692
1586 675
1587 666
1588 666
1589 675
1590 683
1591 675
1592 666
1593 666
1594 666
1595 675
1596 675
1597 666
1598 666
1599 666
1600 666
1601 666
1602 666
1603 666
1604 666
1605 665
1606 665
1607 666
1608 666
1609 666
1610 666
1611 666
1612 666
1613 665
1614 666
1615 666
1616 665
1617 666
1618 666
1619 666
1620 666
1621 665
1622 666
1623 665
1624 666
1625 665
1626 666
1627 666
1628 666
1629 666
1630 665
1631 666
1632 666
1633 666
1634 666
1635 666
1636 666
1637 666
1638 666
1639 666
1640 665
1641 666
1642 666
1643 666
1644 665
1645 666
1646 666
1647 666
1648 666
1649 675
1650 674
1651 666
1652 666
1653 666
1654 690
1655 695
1656 666
1657 666
1658 666
1659 675
1660 675
1661 675
1662 666
1663 666
1664 666
1665 675
1666 714
1667 707
1668 707
1669 707
1670 666
1671 675
1672 666
1673 666
1674 666
1675 682
1676 701
1677 675
1678 666
1679 665
1680 666
1681 675
1682 666
1683 666
1684 666
1685 686
1686 707
1687 710
1688 706
1689 706
1690 697
1691 710
1692 706
1693 706
1694 715
1695 706
1696 715
1697 706
1698 707
1699 711
1700 675
1701 675
1702 666
1703 666
1704 666
1705 675
1706 666
1707 666
1708 666
1709 675
1710 666
1711 666
1712 666
1713 666
1714 666
1715 675
1716 672
1717 666
1718 666
1719 675
1720 675
1721 666
1722 666
1723 666
1724 671
1725 666
1726 666
1727 666
1728 675
1729 666
1730 1611
1731 1567
1732 1568
1733 1617
1734 1567
1735 1567
1736 1567
1737 1567
1738 1567
1739 1617
1740 1567
1741 1567
1742 1567
1743 1566
1744 1567
1745 1567
1746 1568
1747 1567
1748 1567
1749 1566
1750 1567
1751 1567
1752 1567
1753 1566
1754 1567
1755 1567
1756 1567
1757 1567
1758 1567
1759 1567
1760 1566
1761 1567
1762 1567
1763 1567
1764 1567
1765 1618
1766 1661
1767 1661
1768 1661
1769 1609
1770 1567
1771 1566
1772 1617
1773 1609
1774 1566
1775 1567
1776 1617
1777 1661
1778 1662
1779 1662
1780 1609
1781 1567
1782 1567
1783 1567
1784 1567
1785 1617
1786 1662
1787 1662
1788 1662
1789 1662
1790 1662
1791 1662
1792 1609
1793 1566
1794 1567
1795 1567
1796 1567
1797 1567
1798 1567
1799 1567
1800 1567
1801 1567
1802 1567
1803 1566
1804 1617
1805 1661
1806 1662
1807 1626
1808 1567
1809 1566
1810 1582
1811 1567
1812 1566
1813 1617
1814 1662
1815 1662
1816 1661
1817 1625
1818 1567
1819 1567
1820 1567
1821 1566
1822 1567
1823 1567
1824 1567
1825 1567
1826 1567
1827 1567
1828 1567
1829 1583
1830 1617
1831 1609
1832 1567
1833 1567
1834 1567
1835 1567
1836 1567
1837 1567
1838 1566
1839 1568
1840 1567
1841 1617
1842 1608
1843 1566
1844 1566
1845 1567
1846 1617
1847 1608
1848 1567
1849 1566
1850 1566
1851 1567
1852 1567
1853 1567
1854 1567
1855 1617
1856 1663
1857 1626
1858 1567
1859 1567
1860 1567
1861 1566
1862 1566
1863 1567
1864 1566
1865 1568
1866 1567
1867 1567
1868 1567
1869 1567
1870 1617
1871 1662
1872 1609
1873 1567
1874 1566
1875 1566
1876 1567
1877 1567
1878 1567
1879 1567
1880 1567
1881 1567
1882 1567
1883 1566
1884 1566
1885 1616
1886 1609
1887 1567
1888 1566
1889 1567
1890 1567
1891 1567
1892 1567
1893 1566
1894 1566
1895 1566
1896 1567
1897 1567
1898 1567
1899 1567
1900 1567
1901 1566
1902 1567
1903 1616
1904 1662
1905 1609
1906 1567
1907 1566
1908 1567
1909 1566
1910 1566
1911 1567
1912 1566
1913 1567
1914 1567
1915 1567
1916 1567
1917 1567
1918 1567
1919 1567
1920 1567
1921 1616
1922 1625
1923 1567
1924 1566
1925 1567
1926 1566
1927 1566
1928 1567
1929 1617
1930 1567
1931 1567
1932 1567
1933 1566
1934 1566
1935 1567
1936 1617
1937 1608
1938 1567
1939 1566
1940 1617
1941 1662
1942 1626
1943 1597
1944 1626
1945 1609
1946 1583
1947 1567
1948 1617
1949 1609
1950 1567
1951 1567
1952 1567
1953 1567
1954 1567
1955 1567
1956 1567
1957 1567
1958 1566
1959 1566
1960 1567
1961 1567
1962 1567
1963 1566
1964 1617
1965 1662
1966 1661
1967 1662
1968 1662
1969 1625
1970 1631
1971 1609
1972 1582
1973 1608
1974 1567
1975 1567
1976 1567
1977 1566
1978 1567
1979 1567
1980 1566
1981 1567
1982 1567
1983 1567
1984 1617
1985 1662
1986 1626
1987 1583
1988 1567
1989 1566
1990 1567
1991 1617
1992 1662
1993 1609
1994 1618
1995 1662
1996 1662
1997 1609
1998 1583
1999 1661
2000 1609
2001 1567
2002 1567
2003 1617
2004 1626
2005 1567
2006 1567
2007 1582
2008 1609
2009 1567
2010 1567
2011 1567
2012 1567
2013 1567
2014 1566
2015 1567
2016 1567
2017 1566
2018 1618
2019 1661
2020 1626
2021 1567
2022 1567
2023 1567
2024 1567
2025 1567
2026 1566
2027 1567
2028 1567
2029 1566
2030 1567
2031 1567
2032 1567
2033 1567
2034 1567
2035 1567
2036 1567
2037 1617
2038 1609
2039 1567
2040 1567
2041 1567
2042 1567
2043 1617
2044 1662
2045 1662
2046 1626
2047 1567
2048 1567
2049 1567
2050 1618
2051 1609
2052 1567
2053 1567
2054 1567
2055 1566
2056 1566
2057 1567
2058 1566
2059 1567
2060 1567
2061 1567
2062 1567
2063 1566
2064 1567
2065 1567
2066 1567
2067 1566
2068 1567
2069 1567
2070 1567
2071 1567
2072 1567
2073 1567
2074 1566
2075 1567
2076 1616
2077 1608
2078 1617
2079 1661
2080 1662
2081 1662
2082 1626
2083 1597
2084 1662
2085 1609
2086 1567
2087 1566
2088 1567
2089 1567
2090 1567
2091 1567
2092 1566
2093 1566
2094 1566
2095 1567
2096 1567
2097 1616
2098 1662
2099 1662
2100 1609
2101 1566
2102 1566
2103 1567
2104 1567
2105 1617
2106 1609
2107 1567
2108 1566
2109 1566
2110 1567
2111 1617
2112 1626
2113 1583
2114 1567
2115 1567
2116 1567
2117 1567
2118 1567
2119 1566
2120 1617
2121 1609
2122 1617
2123 1662
2124 1661
2125 1662
2126 1609
2127 1566
2128 1566
2129 1566
2130 1567
2131 1566
2132 1566
2133 1566
2134 1566
2135 1567
2136 1566
2137 1567
2138 1567
2139 1566
2140 1567
2141 1616
2142 1625
2143 1610
2144 1567
2145 1567
2146 1567
2147 1567
2148 1567
2149 1566
2150 1567
2151 1567
2152 1566
2153 1566
2154 1566
2155 1567
2156 1566
2157 1567
2158 1567
2159 1566
2160 1566
2161 1566
2162 1566
2163 1566
2164 1566
2165 1567
2166 1567
2167 1566
2168 1567
2169 1567
2170 1617
2171 1609
2172 1567
2173 1567
2174 1567
2175 1567
2176 1566
2177 1566
2178 1582
2179 1566
2180 1645
2181 1565
2182 1565
2183 1615
2184 1659
2185 1606
2186 1563
2187 1564
2188 1563
2189 1563
2190 1564
2191 1564
2192 1564
2193 1564
2194 1564
2195 1564
2196 1563
2197 1614
2198 1606
2199 1614
2200 1658
2201 1606
2202 1564
2203 1563
2204 1564
2205 1564
2206 1563
2207 1563
2208 1564
2209 1563
2210 1563
2211 1564
2212 1564
2213 1564
2214 1564
2215 1563
2216 1579
2217 1564
2218 1564
2219 1563
2220 1564
2221 1563
2222 1564
2223 1563
2224 1563
2225 1614
2226 1659
2227 1606
2228 1579
2229 1563
2230 1563
2231 1614
2232 1605
2233 1614
2234 1606
2235 1564
2236 1564
2237 1614
2238 1623
2239 1564
2240 1614
2241 1606
2242 1564
2243 1614
2244 1623
2245 1564
2246 1563
2247 1564
2248 1563
2249 1564
2250 1564
2251 1613
2252 1622
2253 1564
2254 1564
2255 1614
2256 1605
2257 1563
2258 1613
2259 1659
2260 1605
2261 1614
2262 1659
2263 1659
2264 1606
2265 1565
2266 1564
2267 1564
2268 1564
2269 1614
2270 1606
2271 1563
2272 1563
2273 1563
2274 1564
2275 1563
2276 1613
2277 1658
2278 1658
2279 1605
2280 1564
2281 1563
2282 1564
2283 1563
2284 1563
2285 1564
2286 1564
2287 1563
2288 1613
2289 1605
2290 1564
2291 1564
2292 1563
2293 1563
2294 1613
2295 1606
2296 1563
2297 1563
2298 1563
2299 1563
2300 1563
2301 1563
2302 1563
2303 1614
2304 1606
2305 1613
2306 1605
2307 1564
2308 1563
2309 1563
2310 1563
2311 1581
2312 1564
2313 1564
2314 1564
2315 1563
2316 1563
2317 1563
2318 1564
2319 1563
2320 1564
2321 1614
2322 1622
2323 1563
2324 1613
2325 1659
2326 1606
2327 1614
2328 1605
2329 1579
2330 1614
2331 1605
2332 1564
2333 1613
2334 1659
2335 1605
2336 1579
2337 1563
2338 1563
2339 1563
2340 1564
2341 1563
2342 1563
2343 1563
2344 1563
2345 1564
2346 1563
2347 1563
2348 1563
2349 1563
2350 1563
2351 1563
2352 1563
2353 1563
2354 1614
2355 1658
2356 1605
2357 1563
2358 1563
2359 1564
2360 1614
2361 1566
2362 1615
2363 1660
2364 1623
2365 1563
2366 1564
2367 1564
2368 1563
2369 1563
2370 1563
2371 1564
2372 1564
2373 1564
2374 1563
2375 1579
2376 1564
2377 1564
2378 1579
2379 1613
2380 1605
2381 1564
2382 1564
2383 1614
2384 1606
2385 1563
2386 1614
2387 1659
2388 1606
2389 1563
2390 1564
2391 1563
2392 1613
2393 1658
2394 1659
2395 1605
2396 1564
2397 1613
2398 1606
2399 1565
2400 1614
2401 1564
2402 1564
2403 1563
2404 1563
2405 1614
2406 1606
2407 1614
2408 1606
2409 1579
2410 1579
2411 1614
2412 1658
2413 1606
2414 1564
2415 1563
2416 1613
2417 1622
2418 1564
2419 1564
2420 1564
2421 1563
2422 1614
2423 1606
2424 1563
2425 1563
2426 1563
2427 1563
2428 1562
2429 1614
2430 1622
2431 1613
2432 1605
2433 1613
2434 1606
2435 1563
2436 1564
2437 1614
2438 1622
2439 1564
2440 1563
2441 1564
2442 1564
2443 1563
2444 1564
2445 1563
2446 1579
2447 1564
2448 1564
2449 1614
2450 1606
2451 1563
2452 1563
2453 1579
2454 1614
2455 1606
2456 1579
2457 1614
2458 1622
2459 1564
2460 1564
2461 1563
2462 1579
2463 1614
2464 1606
2465 1614
2466 1622
2467 1563
2468 1564
2469 1563
2470 1614
2471 1658
2472 1606
2473 1614
2474 1659
2475 1658
2476 1659
2477 1606
2478 1614
2479 1659
2480 1606
2481 1579
2482 1564
2483 1614
2484 1605
2485 1614
2486 1659
2487 1606
2488 1579
2489 1614
2490 1606
2491 1563
2492 1563
2493 1564
2494 1563
2495 1616
2496 1564
2497 1564
2498 1564
2499 1564
2500 1563
2501 1564
2502 1564
2503 1564
2504 1563
2505 1563
2506 1564
2507 1564
2508 1564
2509 1614
2510 1659
2511 1606
2512 1614
2513 1606
2514 1579
2515 1614
2516 1622
2517 1563
2518 1563
2519 1579
2520 1564
2521 1564
2522 1564
2523 1613
2524 1606
2525 1563
2526 1564
2527 1564
2528 1613
2529 1606
2530 1614
2531 1659
2532 1606
2533 1614
2534 1658
2535 1658
2536 1658
2537 1659
2538 1606
2539 1614
2540 1658
2541 1606
2542 1613
2543 1605
2544 1564
2545 1613
2546 1622
2547 1563
2548 1580
2549 1613
2550 1606
2551 1563
2552 1564
2553 1564
2554 1563
2555 1563
2556 1614
2557 1622
2558 1563
2559 1564
2560 1564
2561 1564
2562 1564
2563 1563
2564 1579
2565 1564
2566 1564
2567 1563
2568 1614
2569 1622
2570 1613
2571 1622
2572 1563
2573 1564
2574 1563
2575 1614
2576 1622
2577 1564
2578 1564
2579 1563
2580 1564
2581 1563
2582 1564
2583 1579
2584 1564
2585 1563
2586 1564
2587 1579
2588 1563
2589 1564
2590 1563
2591 1614
2592 1659
2593 1658
2594 1622
2595 1614
2596 1606
2597 1579
2598 1564
2599 1564
2600 1564
2601 1563
2602 1579
2603 1564
2604 1563
2605 1614
2606 1659
2607 1606
2608 1579
2609 1563
2610 1579
2611 1614
2612 1606
2613 1614
2614 1606
2615 1613
2616 1658
2617 1606
2618 1613
2619 1658
2620 1606
2621 1564
2622 1563
2623 1563
2624 1564
2625 1564
2626 1563
2627 1613
2628 1658
2629 1623
2630 1614
2631 1622
2632 1563
2633 1564
2634 1614
2635 1622
2636 1614
2637 1622
2638 1564
2639 1579
2640 1614
2641 1622
2642 1564
2643 1579
2644 1614
2645 1605
2646 1614
2647 1659
2648 1622
2649 1563
2650 1564
2651 1614
2652 1606
2653 1614
2654 1658
2655 1606
2656 1579
2657 1622
2658 1622
2659 1606
2660 1564
2661 1564
2662 1564
2663 1564
2664 1564
2665 1563
2666 1563
2667 1614
2668 1606
2669 1580
2670 1564
2671 1564
2672 1563
2673 1614
2674 1622
2675 1615
2676 1606
2677 1637
2678 1577
2679 1564
2680 1564
2681 1563
2682 1563
2683 1579
2684 1579
2685 1606
2686 1579
2687 1563
2688 1579
2689 1564
2690 1563
2691 1564
2692 1563
2693 1563
2694 1579
2695 1614
2696 1605
2697 1563
2698 1563
2699 1563
2700 1579
2701 1579
2702 1563
2703 1563
2704 1563
2705 1564
2706 1614
2707 1659
2708 1605
2709 1565
2710 1563
2711 1579
2712 1563
2713 1564
2714 1563
2715 1563
2716 1563
2717 1579
2718 1563
2719 1579
2720 1613
2721 1605
2722 1579
2723 1614
2724 1605
2725 1579
2726 1614
2727 1658
2728 1658
2729 1622
2730 1563
2731 1564
2732 1563
2733 1614
2734 1658
2735 1659
2736 1659
2737 1605
2738 1579
2739 1579
2740 1614
2741 1658
2742 1606
2743 1579
2744 1563
2745 1564
2746 1579
2747 1614
2748 1658
2749 1606
2750 1563
2751 1614
2752 1622
2753 1579
2754 1579
2755 1579
2756 1563
2757 1563
2758 1613
2759 1658
2760 1606
2761 1614
2762 1622
2763 1614
2764 1658
2765 1606
2766 1613
2767 1622
2768 1614
2769 1622
2770 1614
2771 1622
2772 1579
2773 1579
2774 1613
2775 1622
2776 1579
2777 1579
2778 1563
2779 1614
2780 1622
2781 1563
2782 1563
2783 1563
2784 1564
2785 1563
2786 1563
2787 1563
2788 1579
2789 1614
2790 1658
2791 1606
2792 1579
2793 1563
2794 1563
2795 1579
2796 1613
2797 1606
2798 1563
2799 1564
2800 1563
2801 1564
2802 1579
2803 1564
2804 1563
2805 1579
2806 1563
2807 1563
2808 1579
2809 1563
2810 1563
2811 1564
2812 1563
2813 1614
2814 1605
2815 1579
2816 1564
2817 1563
2818 1564
2819 1614
2820 1658
2821 1606
2822 1563
2823 1564
2824 1563
2825 1564
2826 1564
2827 1579
2828 1613
2829 1658
2830 1606
2831 1614
2832 1659
2833 1659
2834 1605
2835 1614
2836 1622
2837 1564
2838 1614
2839 1606
2840 1564
2841 1564
2842 1614
2843 1658
2844 1606
2845 1580
2846 1564
2847 1564
2848 1563
2849 1563
2850 1579
2851 1579
2852 1579
2853 1564
2854 1563
2855 1564
2856 1613
2857 1606
2858 1579
2859 1613
2860 1659
2861 1622
2862 1579
2863 1613
2864 1621
2865 1614
2866 1658
2867 1606
2868 1579
2869 1563
2870 1563
2871 1579
2872 1614
2873 1622
2874 1564
2875 1614
2876 1622
2877 1564
2878 1563
2879 1564
2880 1563
2881 1563
2882 1613
2883 1658
2884 1622
2885 1579
2886 1579
2887 1614
2888 1658
2889 1622
2890 1614
2891 1605
2892 1563
2893 1614
2894 1622
2895 1564
2896 1563
2897 1613
2898 1622
2899 1614
2900 1605
2901 1614
2902 1658
2903 1605
2904 1613
2905 1606
2906 1563
2907 1614
2908 1606
2909 1564
2910 1563
2911 1614
2912 1622
2913 1613
2914 1658
2915 1622
2916 1564
2917 1579
2918 1563
2919 1579
2920 1563
2921 1563
2922 1564
2923 1564
2924 1563
2925 1564
2926 1614
2927 1658
2928 1606
2929 1563
2930 1564
2931 1563
2932 1613
2933 1659
2934 1605
2935 1579
2936 1614
2937 1606
2938 1563
2939 1613
2940 1606
2941 1613
2942 1658
2943 1660
2944 1606
2945 1613
2946 1606
2947 1614
2948 1605
2949 1564
2950 1613
2951 1658
2952 1622
2953 1564
2954 1614
2955 1606
2956 1563
2957 1614
2958 1659
2959 1621
2960 1563
2961 1614
2962 1605
2963 1563
2964 1563
2965 1564
2966 1564
2967 1564
2968 1564
2969 1563
2970 1579
2971 1564
2972 1563
2973 1613
2974 1606
2975 1579
2976 1579
2977 1614
2978 1658
2979 1659
2980 1605
2981 1614
2982 1605
2983 1564
2984 1564
2985 1563
2986 1564
2987 1579
2988 1564
2989 1614
2990 1658
2991 1606
2992 1579
2993 624
2994 631
2995 665
2996 622
2997 621
2998 621
2999 621
3000 650
3001 659
3002 659
3003 641
3004 621
3005 621
3006 656
3007 659
3008 659
3009 647
3010 621
3011 621
3012 637
3013 621
3014 621
3015 621
3016 621
3017 621
3018 630
3019 621
3020 630
3021 630
3022 630
3023 621
3024 629
3025 621
3026 644
3027 629
3028 621
3029 621
3030 621
3031 621
3032 629
3033 621
3034 621
3035 629
3036 621
3037 629
3038 662
3039 622
3040 650
3041 667
3042 659
3043 657
3044 621
3045 621
3046 654
3047 659
3048 659
3049 645
3050 621
3051 633
3052 630
3053 621
3054 621
3055 630
3056 621
3057 634
3058 667
3059 659
3060 657
3061 629
3062 621
3063 629
3064 621
3065 621
3066 629
3067 621
3068 621
3069 629
3070 621
3071 621
3072 629
3073 621
3074 630
3075 629
3076 621
3077 621
3078 678
3079 621
3080 629
3081 630
3082 621
3083 621
3084 629
3085 621
3086 629
3087 621
3088 621
3089 635
3090 621
3091 621
3092 645
3093 659
3094 622
3095 621
3096 621
3097 621
3098 621
3099 621
3100 621
3101 621
3102 621
3103 621
3104 621
3105 621
3106 621
3107 621
3108 621
3109 621
3110 621
3111 621
3112 621
3113 621
3114 621
3115 621
3116 621
3117 621
3118 621
3119 621
3120 621
3121 621
3122 621
3123 621
3124 621
3125 621
3126 621
3127 621
3128 621
3129 621
3130 621
3131 621
3132 621
3133 621
3134 621
3135 621
3136 621
3137 621
3138 621
3139 621
3140 621
3141 621
3142 621
3143 621
3144 620
3145 621
3146 621
3147 621
3148 621
3149 621
3150 621
3151 621
3152 621
3153 621
3154 621
3155 621
3156 621
3157 621
3158 621
3159 621
3160 621
3161 621
3162 621
3163 621
3164 621
3165 621
3166 621
3167 621
3168 621
3169 621
3170 621
3171 621
3172 621
3173 621
3174 621
3175 621
3176 621
3177 621
3178 621
3179 621
3180 621
3181 621
3182 621
3183 621
3184 621
3185 621
3186 621
3187 621
3188 621
3189 621
3190 621
3191 621
3192 621
3193 621
3194 621
3195 621
3196 621
3197 621
3198 621
3199 621
3200 621
3201 621
3202 621
3203 621
3204 621
3205 621
3206 621
3207 621
3208 621
3209 621
3210 621
3211 621
3212 621
3213 621
3214 621
3215 621
3216 621
3217 621
3218 621
3219 621
3220 621
3221 621
3222 621
3223 621
3224 621
3225 621
3226 621
3227 621
3228 621
3229 648
3230 621
3231 621
3232 621
3233 621
3234 621
3235 621
3236 621
3237 621
3238 621
3239 621
3240 621
3241 621
3242 621
3243 621
3244 621
3245 621
3246 621
3247 621
3248 621
3249 621
3250 621
3251 621
3252 621
3253 621
3254 621
3255 621
3256 621
3257 621
3258 621
3259 621
3260 621
3261 621
3262 621
3263 621
3264 621
3265 621
3266 621
3267 621
3268 621
3269 621
3270 621
3271 621
3272 621
3273 621
3274 621
3275 621
3276 621
3277 621
3278 621
3279 621
3280 621
3281 621
3282 621
3283 621
3284 621
3285 621
3286 621
3287 621
3288 621
3289 621
3290 621
3291 621
3292 621
3293 621
3294 621
3295 621
3296 621
3297 621
3298 621
3299 621
3300 621
3301 621
3302 621
3303 621
3304 621
3305 621
3306 621
3307 621
3308 621
3309 621
3310 621
3311 621
3312 621
3313 621
3314 621
3315 621
3316 621
3317 621
3318 621
3319 621
3320 621
3321 621
3322 621
3323 621
3324 621
3325 621
3326 621
3327 620
3328 621
3329 621
3330 621
3331 621
3332 621
3333 621
3334 621
3335 621
3336 621
3337 621
3338 621
3339 621
3340 621
3341 621
3342 621
3343 621
3344 621
3345 621
3346 621
3347 621
3348 621
3349 621
3350 621
3351 621
3352 621
3353 621
3354 621
3355 621
3356 621
3357 621
3358 621
3359 621
3360 621
3361 621
3362 621
3363 621
3364 621
3365 621
3366 621
3367 621
3368 621
3369 621
3370 621
3371 621
3372 621
3373 621
3374 621
3375 621
3376 621
3377 621
3378 621
3379 621
3380 621
3381 621
3382 621
3383 621
3384 621
3385 621
3386 621
3387 621
3388 621
3389 621
3390 621
3391 621
3392 621
3393 621
3394 621
3395 621
3396 621
3397 621
3398 621
3399 621
3400 621
3401 621
3402 621
3403 621
3404 621
3405 621
3406 621
3407 621
3408 621
3409 621
3410 621
3411 1379
3412 1395
3413 1353
3414 1340
3415 1340
3416 1340
3417 1340
3418 1341
3419 1340
3420 1340
3421 1340
3422 1340
3423 1340
3424 1377
3425 1395
3426 1377
3427 1395
3428 1341
3429 1377
3430 1395
3431 1340
3432 1377
3433 1395
3434 1340
3435 1341
3436 1340
3437 1341
3438 1341
3439 1341
3440 1340
3441 1341
3442 1341
3443 1340
3444 1340
3445 1341
3446 1340
3447 1340
3448 1340
3449 1341
3450 1340
3451 1341
3452 1341
3453 1340
3454 1340
3455 1340
3456 1340
3457 1341
3458 1376
3459 1395
3460 1341
3461 1341
3462 1341
3463 1376
3464 1382
3465 1340
3466 1341
3467 1341
3468 1340
3469 1340
3470 1341
3471 1340
3472 1379
3473 1395
3474 1340
3475 1340
3476 1340
3477 1341
3478 1341
3479 1340
3480 1377
3481 1421
3482 1422
3483 1422
3484 1421
3485 1422
3486 1383
3487 1341
3488 1340
3489 1377
3490 1422
3491 1395
3492 1341
3493 1340
3494 1347
3495 1340
3496 1340
3497 1340
3498 1340
3499 1341
3500 1341
3501 1341
3502 1341
3503 1340
3504 1341
3505 1340
3506 1340
3507 1340
3508 1341
3509 1340
3510 1340
3511 1340
3512 1340
3513 1340
3514 1341
3515 1340
3516 1340
3517 1341
3518 1340
3519 1352
3520 1341
3521 1340
3522 1340
3523 1340
3524 1341
3525 1341
3526 1340
3527 1341
3528 1340
3529 1340
3530 1340
3531 1340
3532 1340
3533 1340
3534 1341
3535 1340
3536 1342
3537 1341
3538 1340
3539 1341
3540 1377
3541 1340
3542 1340
3543 1352
3544 1341
3545 1341
3546 1340
3547 1341
3548 1340
3549 1341
3550 1341
3551 1340
3552 1341
3553 1376
3554 1395
3555 1341
3556 1340
3557 1340
3558 1377
3559 1383
3560 1340
3561 1340
3562 1340
3563 1340
3564 1340
3565 1340
3566 1340
3567 1340
3568 1340
3569 1341
3570 1340
3571 1340
3572 1341
3573 1340
3574 1340
3575 1340
3576 1340
3577 1341
3578 1341
3579 1341
3580 1377
3581 1422
3582 1395
3583 1340
3584 1340
3585 1340
3586 1340
3587 1340
3588 1340
3589 1341
3590 1340
3591 1340
3592 1340
3593 1340
3594 1354
3595 1340
3596 1341
3597 1340
3598 1340
3599 1341
3600 1340
3601 1340
3602 1340
3603 1340
3604 1340
3605 1340
3606 1340
3607 1340
3608 1340
3609 1340
3610 1377
3611 1422
3612 1422
3613 1383
3614 1341
3615 1340
3616 1340
3617 1340
3618 1340
3619 1340
3620 1340
3621 1341
3622 1340
3623 1341
3624 1376
3625 1422
3626 1383
3627 1340
3628 1377
3629 1421
3630 1383
3631 1341
3632 1377
3633 1422
3634 1395
3635 1340
3636 1340
3637 1340
3638 1340
3639 1340
3640 1340
3641 1340
3642 1340
3643 1341
3644 1340
3645 1352
3646 1340
3647 1376
3648 1340
3649 1340
3650 1341
3651 1340
3652 1340
3653 1340
3654 1340
3655 1377
3656 1422
3657 1382
3658 1340
3659 1340
3660 1340
3661 1340
3662 1351
3663 1341
3664 1340
3665 1340
3666 1340
3667 1340
3668 1341
3669 1341
3670 1341
3671 1340
3672 1377
3673 1422
3674 1396
3675 1341
3676 1341
3677 1377
3678 1382
3679 1340
3680 1341
3681 1340
3682 1377
3683 1422
3684 1395
3685 1340
3686 1340
3687 1377
3688 1422
3689 1422
3690 1421
3691 1422
3692 1422
3693 1422
3694 1383
3695 1340
3696 1376
3697 1422
3698 1422
3699 1422
3700 1422
3701 1422
3702 1395
3703 1376
3704 1383
3705 1341
3706 1351
3707 1340
3708 1341
3709 1340
3710 1341
3711 1340
3712 1341
3713 1340
3714 1340
3715 1340
3716 1340
3717 1340
3718 1376
3719 1341
3720 1341
3721 1340
3722 1340
3723 1340
3724 1341
3725 1340
3726 1340
3727 1379
3728 1383
3729 1340
3730 1341
3731 1341
3732 1377
3733 1422
3734 1422
3735 1384
3736 1340
3737 1341
3738 1341
3739 1341
3740 1341
3741 1341
3742 1341
3743 1352
3744 1341
3745 1340
3746 1341
3747 1341
3748 1340
3749 1341
3750 1378
3751 1382
3752 1341
3753 1341
3754 1341
3755 1340
3756 1341
3757 1341
3758 1341
3759 1341
3760 1341
3761 1340
3762 1352
3763 1340
3764 1341
3765 1341
3766 1341
3767 1341
3768 1340
3769 1341
3770 1340
3771 1340
3772 1340
3773 1340
3774 1341
3775 1340
3776 1340
3777 1341
3778 1340
3779 1341
3780 1340
3781 1340
3782 1341
3783 1340
3784 1340
3785 1341
3786 1340
3787 1341
3788 1340
3789 1340
3790 1341
3791 1377
3792 1422
3793 1422
3794 1395
3795 1341
3796 1341
3797 1341
3798 1377
3799 1395
3800 1341
3801 1352
3802 1340
3803 1340
3804 1340
3805 1340
3806 1377
3807 1395
3808 1340
3809 1340
3810 1377
3811 1422
3812 1422
3813 1422
3814 1382
3815 1340
3816 1341
3817 1341
3818 1341
3819 1340
3820 1340
3821 1341
3822 1340
3823 1340
3824 1340
3825 1340
3826 1377
3827 1395
3828 1340
3829 1341
3830 1340
3831 1353
3832 1340
3833 1340
3834 1340
3835 1340
3836 1341
3837 1352
3838 1341
3839 1340
3840 1340
3841 1341
3842 1377
3843 1395
3844 1341
3845 1340
3846 1340
3847 1340
3848 1340
3849 1341
3850 1341
3851 1340
3852 1340
3853 1340
3854 1340
3855 1340
3856 1341
3857 1340
3858 1341
3859 1341
3860 1340
3861 1340
3862 1340
3863 1341
3864 1340
3865 1377
3866 1422
3867 1383
3868 1341
3869 1340
3870 1340
3871 1340
3872 1376
3873 1422
3874 1382
3875 1377
3876 1340
3877 1340
3878 1340
3879 1340
3880 1341
3881 1340
3882 1340
3883 1341
3884 1340
3885 1341
3886 1341
3887 1340
3888 1341
3889 1340
3890 1340
3891 1340
3892 1340
3893 1340
3894 1340
3895 1340
3896 1340
3897 1340
3898 1340
3899 1377
3900 1422
3901 1422
3902 1395
3903 1340
3904 1340
3905 1340
3906 1377
3907 1422
3908 1395
3909 1340
3910 1341
3911 1341
3912 1340
3913 1341
3914 1341
3915 1341
3916 1353
3917 1340
3918 1341
3919 1341
3920 1341
3921 1341
3922 1340
3923 1341
3924 1340
3925 1340
3926 1341
3927 1340
3928 1341
3929 1341
3930 1377
3931 1422
3932 1395
3933 1366
3934 1422
3935 1383
3936 1340
3937 1340
3938 1341
3939 1341
3940 1341
3941 1340
3942 1341
3943 1340
3944 1340
3945 1343
3946 1340
3947 1341
3948 1340
3949 1340
3950 1340
3951 1340
3952 1340
3953 1341
3954 1340
3955 1340
3956 1352
3957 1340
3958 1340
3959 1352
3960 1341
3961 1340
3962 1341
3963 1340
3964 1340
3965 1340
3966 1376
3967 1382
3968 1341
3969 1341
3970 1377
3971 1421
3972 1422
3973 1395
3974 1340
3975 1377
3976 1395
3977 1422
3978 1422
3979 1396
3980 1422
3981 1382
3982 1340
3983 1340
3984 1340
3985 1340
3986 1340
3987 1340
3988 1340
3989 1340
3990 1340
3991 1341
3992 1341
3993 1340
3994 1376
3995 1383
3996 1340
3997 1351
3998 1340
3999 1377
4000 1422
4001 1382
4002 1340
4003 1340
4004 1340
4005 1340
4006 1340
4007 1352
4008 1340
4009 1342
4010 1340
4011 1376
4012 1395
4013 1340
4014 1341
4015 1340
4016 1340
4017 1340
4018 1340
4019 1340
4020 1340
4021 1340
4022 1340
4023 1340
4024 1340
4025 1377
4026 1422
4027 1422
4028 1383
4029 1340
4030 1340
4031 1341
4032 1340
4033 1377
4034 1395
4035 1340
4036 1341
4037 1340
4038 1340
4039 1340
4040 1340
4041 1340
4042 1341
4043 1378
4044 1383
4045 1340
4046 1341
4047 1341
4048 1340
4049 1341
4050 1340
4051 1340
4052 1340
4053 1341
4054 1341
4055 1340
4056 1341
4057 1340
4058 1340
4059 1341
4060 1340
4061 1340
4062 1376
4063 1422
4064 1395
4065 1352
4066 1340
4067 1377
4068 1422
4069 1395
4070 1341
4071 1341
4072 1341
4073 1377
4074 1383
4075 1352
4076 1341
4077 1352
4078 1341
4079 1340
4080 1377
4081 1395
4082 1341
4083 1340
4084 1340
4085 1340
4086 1341
4087 1340
4088 1340
4089 1340
4090 1340
4091 1340
4092 1340
4093 1340
4094 1340
4095 1341
4096 1340
4097 1341
4098 1341
4099 1340
4100 1340
4101 1340
4102 1340
4103 1340
4104 1341
4105 1340
4106 1340
4107 1340
4108 1341
4109 1376
4110 1395
4111 1376
4112 1383
4113 1341
4114 1340
4115 1341
4116 1376
4117 1395
4118 1341
4119 1340
4120 1340
4121 1341
4122 1340
4123 1340
4124 1376
4125 1395
4126 1340
4127 1341
4128 1377
4129 1422
4130 1395
4131 1340
4132 1340
4133 1340
4134 1340
4135 1341
4136 1340
4137 1340
4138 1340
4139 1340
4140 1340
4141 1377
4142 1422
4143 1383
4144 1341
4145 1340
4146 1340
4147 1340
4148 1340
4149 1340
4150 1340
4151 1341
4152 1340
4153 1341
4154 1340
4155 1340
4156 1377
4157 1422
4158 1395
4159 1341
4160 1340
4161 1341
4162 1341
4163 1341
4164 1340
4165 1340
4166 1340
4167 1341
4168 1340
4169 1377
4170 1383
4171 1377
4172 1395
4173 1340
4174 1340
4175 1340
4176 1341
4177 1351
4178 1340
4179 1341
4180 1340
4181 1341
4182 1341
4183 1340
4184 1340
4185 1340
4186 1341
4187 1340
4188 1340
4189 1377
4190 1382
4191 1341
4192 1341
4193 1340
4194 1340
4195 1377
4196 1383
4197 1341
4198 1341
4199 1341
4200 1377
4201 1422
4202 1422
4203 1422
4204 1422
4205 1422
4206 1395
4207 1340
4208 1340
4209 1340
4210 1341
4211 1341
4212 1341
4213 1341
4214 1341
4215 1340
4216 1341
4217 1377
4218 1422
4219 1395
4220 1376
4221 1395
4222 1340
4223 1344
4224 1340
4225 1340
4226 1340
4227 1341
4228 1340
4229 1340
4230 1341
4231 1340
4232 1341
4233 1341
4234 1340
4235 1340
4236 1340
4237 1341
4238 1340
4239 1340
4240 1341
4241 1340
4242 1341
4243 1341
4244 1341
4245 1341
4246 1341
4247 1340
4248 1340
4249 1341
4250 1341
4251 1340
4252 1340
4253 1341
4254 1340
4255 1340
4256 1341
4257 1340
4258 1341
4259 1340
4260 1340
4261 1340
4262 1377
4263 1422
4264 1383
4265 1377
4266 1422
4267 1421
4268 1422
4269 1422
4270 1383
4271 1340
4272 1341
4273 1340
4274 1341
4275 1340
4276 1340
4277 1340
4278 1340
4279 1376
4280 1395
4281 1340
4282 1341
4283 1341
4284 1341
4285 1340
4286 1340
4287 1340
4288 1340
4289 1340
4290 1341
4291 1341
4292 1340
4293 1340
4294 1377
4295 1395
4296 1340
4297 1341
4298 1341
4299 1340
4300 1340
4301 1340
4302 1341
4303 1340
4304 1341
4305 1340
4306 1340
4307 1340
4308 1342
4309 1340
4310 1341
4311 1341
4312 1340
4313 1341
4314 1341
4315 1341
4316 1340
4317 1341
4318 1340
4319 1340
4320 1340
4321 1340
4322 1340
4323 1341
4324 1340
4325 1340
4326 1340
4327 1341
4328 1340
4329 1340
4330 1340
4331 1340
4332 1340
4333 1341
4334 1340
4335 1341
4336 1341
4337 1340
4338 1340
4339 1340
4340 1340
4341 1340
4342 1341
4343 1340
4344 1341
4345 1340
4346 1340
4347 1341
4348 1340
4349 1340
4350 1341
4351 1377
4352 1422
4353 1422
4354 1395
4355 622
4356 621
4357 621
4358 621
4359 621
4360 621
4361 621
4362 621
4363 621
4364 621
4365 621
4366 621
4367 621
4368 621
4369 621
4370 621
4371 621
4372 621
4373 621
4374 621
4375 621
4376 621
4377 621
4378 621
4379 621
4380 621
4381 621
4382 621
4383 621
4384 621
4385 621
4386 621
4387 645
4388 621
4389 621
4390 621
4391 621
4392 621
4393 621
4394 621
4395 621
4396 621
4397 621
4398 621
4399 621
4400 621
4401 621
4402 621
4403 621
4404 621
4405 621
4406 621
4407 621
4408 621
4409 621
4410 621
4411 621
4412 621
4413 621
4414 621
4415 621
4416 621
4417 621
4418 621
4419 621
4420 621
4421 621
4422 621
4423 621
4424 621
4425 620
4426 621
4427 621
4428 621
4429 621
4430 621
4431 621
4432 621
4433 621
4434 621
4435 621
4436 621
4437 621
4438 621
4439 621
4440 621
4441 621
4442 621
4443 621
4444 621
4445 621
4446 621
4447 621
4448 621
4449 621
4450 621
4451 621
4452 621
4453 621
4454 621
4455 621
4456 621
4457 621
4458 621
4459 621
4460 621
4461 621
4462 621
4463 621
4464 621
4465 621
4466 621
4467 621
4468 621
4469 621
4470 621
4471 621
4472 621
4473 621
4474 621
4475 621
4476 621
4477 621
4478 621
4479 621
4480 621
4481 621
4482 621
4483 621
4484 621
4485 621
4486 621
4487 621
4488 621
4489 621
4490 621
4491 621
4492 621
4493 621
4494 621
4495 621
4496 621
4497 621
4498 621
4499 621
4500 621
4501 621
4502 623
4503 621
4504 621
4505 621
4506 621
4507 621
4508 621
4509 621
4510 620
4511 619
4512 621
4513 621
4514 621
4515 621
4516 621
4517 621
4518 621
4519 621
4520 621
4521 621
4522 621
4523 621
4524 621
4525 621
4526 621
4527 621
4528 621
4529 621
4530 621
4531 621
4532 621
4533 621
4534 621
4535 621
4536 621
4537 621
4538 620
4539 621
4540 621
4541 621
4542 621
4543 621
4544 621
4545 621
4546 621
4547 621
4548 621
4549 621
4550 621
4551 621
4552 621
4553 621
4554 621
4555 621
4556 621
4557 621
4558 621
4559 621
4560 621
4561 621
4562 621
4563 621
4564 621
4565 621
4566 621
4567 621
4568 621
4569 621
4570 621
4571 621
4572 621
4573 621
4574 625
4575 621
4576 621
4577 621
4578 621
4579 621
4580 621
4581 621
4582 621
4583 621
4584 621
4585 621
4586 621
4587 621
4588 621
4589 621
4590 621
4591 621
4592 621
4593 621
4594 621
4595 621
4596 621
4597 621
4598 621
4599 621
4600 621
4601 621
4602 621
4603 621
4604 621
4605 621
4606 621
4607 621
4608 621
4609 621
4610 621
4611 621
4612 621
4613 621
4614 621
4615 621
4616 621
4617 621
4618 621
4619 621
4620 621
4621 621
4622 621
4623 621
4624 621
4625 621
4626 621
4627 621
4628 621
4629 621
4630 621
4631 621
4632 621
4633 621
4634 621
4635 621
4636 621
4637 621
4638 621
4639 621
4640 621
4641 621
4642 621
4643 621
4644 621
4645 621
4646 621
4647 621
4648 621
4649 621
4650 621
4651 621
4652 621
4653 621
4654 621
4655 621
4656 621
4657 621
4658 621
4659 621
4660 621
4661 621
4662 621
4663 621
4664 621
4665 621
4666 621
4667 621
4668 621
4669 621
4670 621
4671 621
4672 621
4673 621
4674 621
4675 621
4676 621
4677 621
4678 621
4679 621
4680 621
4681 621
4682 621
4683 621
4684 621
4685 621
4686 621
4687 621
4688 621
4689 621
4690 621
4691 621
4692 621
4693 621
4694 621
4695 621
4696 621
4697 621
4698 621
4699 621
4700 621
4701 621
4702 621
4703 621
4704 621
4705 621
4706 621
4707 621
4708 621
4709 621
4710 621
4711 621
4712 621
4713 621
4714 621
4715 621
4716 621
4717 621
4718 621
4719 621
4720 621
4721 621
4722 621
4723 621
4724 621
4725 621
4726 621
4727 621
4728 621
4729 621
4730 621
4731 621
4732 621
4733 621
4734 621
4735 621
4736 621
4737 621
4738 621
4739 621
4740 621
4741 621
4742 621
4743 621
4744 621
4745 621
4746 621
4747 621
4748 621
4749 621
4750 621
4751 621
4752 621
4753 621
4754 621
4755 621
4756 621
4757 621
4758 621
4759 621
4760 621
4761 621
4762 621
4763 621
4764 621
4765 621
4766 621
4767 621
4768 621
4769 621
4770 621
4771 621
4772 621
4773 621
4774 621
4775 621
4776 621
4777 621
4778 621
4779 621
4780 621
4781 621
4782 621
4783 621
4784 621
4785 621
4786 621
4787 621
4788 621
4789 621
4790 621
4791 621
4792 621
4793 621
4794 621
4795 621
4796 621
4797 621
4798 621
4799 621
4800 621
4801 621
4802 621
4803 621
4804 621
4805 621
4806 621
4807 621
4808 621
4809 621
4810 621
4811 621
4812 621
4813 621
4814 621
4815 621
4816 621
4817 621
4818 621
4819 621
4820 621
4821 621
4822 621
4823 621
4824 621
4825 621
4826 621
4827 621
4828 621
4829 621
4830 621
4831 621
4832 621
4833 621
4834 621
4835 621
4836 621
4837 621
4838 621
4839 621
4840 621
4841 621
4842 621
4843 621
4844 621
4845 621
4846 621
4847 621
4848 621
4849 621
4850 621
4851 621
4852 621
4853 621
4854 621
4855 620
4856 621
4857 621
4858 621
4859 621
4860 621
4861 621
4862 621
4863 621
4864 621
4865 621
4866 621
4867 621
4868 621
4869 621
4870 621
4871 621
4872 621
4873 621
4874 621
4875 621
4876 621
4877 621
4878 621
4879 621
4880 621
4881 621
4882 621
4883 621
4884 621
4885 621
4886 621
4887 621
4888 621
4889 620
4890 621
4891 621
4892 621
4893 621
4894 621
4895 621
4896 621
4897 621
4898 621
4899 621
4900 621
4901 621
4902 621
4903 621
4904 621
4905 621
4906 621
4907 621
4908 621
4909 621
4910 621
4911 621
4912 620
4913 621
4914 621
4915 621
4916 621
4917 621
4918 621
4919 621
4920 621
4921 621
4922 621
4923 621
4924 621
4925 621
4926 621
4927 621
4928 621
4929 621
4930 621
4931 621
4932 621
4933 621
4934 621
4935 621
4936 621
4937 621
4938 621
4939 621
4940 621
4941 621
4942 621
4943 621
4944 621
4945 621
4946 621
4947 621
4948 621
4949 621
4950 621
4951 621
4952 621
4953 621
4954 621
4955 621
4956 621
4957 621
4958 621
4959 621
4960 621
4961 621
4962 621
4963 621
4964 621
4965 621
4966 621
4967 621
4968 621
4969 621
4970 621
4971 621
4972 621
4973 621
4974 621
4975 621
4976 621
4977 621
4978 621
4979 621
4980 621
4981 621
4982 621
4983 621
4984 621
4985 621
4986 621
4987 621
4988 621
4989 621
4990 621
4991 621
4992 621
4993 621
4994 621
4995 621
4996 621
4997 621
4998 621
4999 621
5000 621
5001 621
5002 621
5003 621
5004 621
5005 621
5006 621
5007 621
5008 621
5009 621
5010 621
5011 621
5012 621
5013 621
5014 621
5015 621
5016 621
5017 621
5018 621
5019 621
5020 621
5021 621
5022 621
5023 621
5024 621
5025 621
5026 621
5027 621
5028 621
5029 621
5030 621
5031 621
5032 621
5033 621
5034 621
5035 621
5036 621
5037 621
5038 621
5039 621
5040 621
5041 621
5042 621
5043 621
5044 621
5045 621
5046 621
5047 621
5048 621
5049 621
5050 621
5051 621
5052 621
5053 621
5054 621
5055 621
5056 621
5057 621
5058 621
5059 621
5060 621
5061 621
5062 621
5063 621
5064 621
5065 621
5066 621
5067 621
5068 621
5069 621
5070 621
5071 621
5072 621
5073 621
5074 621
5075 621
5076 621
5077 621
5078 621
5079 621
5080 621
5081 621
5082 621
5083 621
5084 621
5085 621
5086 621
5087 621
5088 621
5089 621
5090 621
5091 621
5092 621
5093 621
5094 621
5095 621
5096 621
5097 621
5098 621
5099 621
5100 621
5101 621
5102 621
5103 621
5104 621
5105 621
5106 621
5107 621
5108 621
5109 621
5110 621
5111 621
5112 621
5113 621
5114 621
5115 621
5116 621
5117 621
5118 621
5119 621
5120 621
5121 621
5122 621
5123 621
5124 621
5125 621
5126 621
5127 621
5128 621
5129 621
5130 621
5131 621
5132 621
5133 621
5134 621
5135 621
5136 621
5137 621
5138 621
5139 621
5140 621
5141 621
5142 621
5143 621
5144 621
5145 621
5146 621
5147 621
5148 621
5149 621
5150 621
5151 621
5152 621
5153 621
5154 621
5155 621
5156 621
5157 621
5158 621
5159 621
5160 621
5161 621
5162 621
5163 621
5164 621
5165 621
5166 621
5167 621
5168 621
5169 621
5170 621
5171 621
5172 621
5173 621
5174 621
5175 621
5176 621
5177 621
5178 621
5179 621
5180 621
5181 621
5182 621
5183 621
5184 621
5185 621
5186 621
5187 621
5188 621
5189 621
5190 621
5191 621
5192 621
5193 621
5194 621
5195 621
5196 621
5197 621
5198 621
5199 621
5200 621
5201 621
5202 621
5203 621
5204 621
5205 621
5206 621
5207 621
5208 621
5209 621
5210 621
5211 621
5212 621
5213 621
5214 621
5215 621
5216 621
5217 621
5218 621
5219 620
5220 621
5221 621
5222 621
5223 621
5224 621
5225 621
5226 621
5227 621
5228 621
5229 621
5230 621
5231 621
5232 621
5233 621
5234 621
5235 621
5236 621
5237 621
5238 621
5239 621
5240 621
5241 621
5242 621
5243 621
5244 621
5245 621
5246 621
5247 621
5248 621
5249 621
5250 621
5251 621
5252 621
5253 621
5254 621
5255 621
5256 621
5257 621
5258 621
5259 621
5260 621
5261 621
5262 621
5263 621
5264 621
5265 621
5266 621
5267 621
5268 621
5269 621
5270 621
5271 621
5272 621
5273 621
5274 621
5275 621
5276 621
5277 621
5278 621
5279 621
5280 621
5281 620
5282 621
5283 621
5284 621
5285 621
5286 621
5287 621
5288 621
5289 620
5290 621
5291 621
5292 621
5293 621
5294 621
5295 621
5296 621
5297 621
5298 621
5299 621
5300 621
5301 621
5302 621
5303 621
5304 1578
5305 1593
5306 1565
5307 1564
5308 1614
5309 1606
5310 1614
5311 1606
5312 1580
5313 1615
5314 1606
5315 1565
5316 1564
5317 1565
5318 1564
5319 1614
5320 1622
5321 1564
5322 1580
5323 1564
5324 1564
5325 1564
5326 1580
5327 1580
5328 1614
5329 1607
5330 1564
5331 1564
5332 1564
5333 1565
5334 1564
5335 1564
5336 1565
5337 1565
5338 1564
5339 1564
5340 1580
5341 1614
5342 1606
5343 1564
5344 1565
5345 1564
5346 1564
5347 1564
5348 1564
5349 1614
5350 1623
5351 1580
5352 1565
5353 1614
5354 1660
5355 1623
5356 1565
5357 1614
5358 1623
5359 1580
5360 1564
5361 1564
5362 1614
5363 1659
5364 1606
5365 1564
5366 1615
5367 1623
5368 1564
5369 1580
5370 1565
5371 1564
5372 1614
5373 1607
5374 1614
5375 1606
5376 1580
5377 1564
5378 1564
5379 1564
5380 1564
5381 1565
5382 1564
5383 1564
5384 1580
5385 1614
5386 1606
5387 1580
5388 1614
5389 1607
5390 1580
5391 1565
5392 1564
5393 1565
5394 1564
5395 1580
5396 1580
5397 1580
5398 1565
5399 1614
5400 1659
5401 1659
5402 1606
5403 1614
5404 1659
5405 1606
5406 1564
5407 1564
5408 1564
5409 1564
5410 1564
5411 1565
5412 1564
5413 1564
5414 1564
5415 1564
5416 1564
5417 1564
5418 1614
5419 1659
5420 1606
5421 1564
5422 1614
5423 1659
5424 1606
5425 1564
5426 1564
5427 1564
5428 1614
5429 1623
5430 1580
5431 1564
5432 1614
5433 1623
5434 1563
5435 1614
5436 1623
5437 1564
5438 1580
5439 1565
5440 1564
5441 1615
5442 1659
5443 1606
5444 1580
5445 1564
5446 1564
5447 1564
5448 1564
5449 1564
5450 1564
5451 1564
5452 1580
5453 1580
5454 1614
5455 1606
5456 1564
5457 1580
5458 1564
5459 1564
5460 1565
5461 1564
5462 1564
5463 1564
5464 1565
5465 1564
5466 1564
5467 1614
5468 1623
5469 1614
5470 1658
5471 1607
5472 1565
5473 1564
5474 1614
5475 1606
5476 1614
5477 1622
5478 1565
5479 1564
5480 1564
5481 1564
5482 1564
5483 1580
5484 1564
5485 1614
5486 1659
5487 1607
5488 1614
5489 1622
5490 1565
5491 1614
5492 1659
5493 1606
5494 1564
5495 1564
5496 1614
5497 1606
5498 1564
5499 1614
5500 1659
5501 1623
5502 1564
5503 1564
5504 1614
5505 1607
5506 1580
5507 1564
5508 1564
5509 1565
5510 1614
5511 1606
5512 1614
5513 1606
5514 1564
5515 1614
5516 1659
5517 1606
5518 1580
5519 1564
5520 1564
5521 1564
5522 1615
5523 1606
5524 1614
5525 1659
5526 1622
5527 1580
5528 1615
5529 1659
5530 1606
5531 1564
5532 1614
5533 1622
5534 1564
5535 1581
5536 1565
5537 1564
5538 1564
5539 1564
5540 1580
5541 1564
5542 1564
5543 1564
5544 1564
5545 1564
5546 1564
5547 1564
5548 1615
5549 1659
5550 1659
5551 1659
5552 1659
5553 1659
5554 1606
5555 1580
5556 1614
5557 1606
5558 1564
5559 1564
5560 1565
5561 1614
5562 1606
5563 1580
5564 1564
5565 1564
5566 1564
5567 1564
5568 1614
5569 1622
5570 1564
5571 1580
5572 1580
5573 1615
5574 1607
5575 1580
5576 1614
5577 1659
5578 1606
5579 1614
5580 1606
5581 1564
5582 1563
5583 1564
5584 1580
5585 1564
5586 1580
5587 1614
5588 1659
5589 1606
5590 1580
5591 1564
5592 1614
5593 1659
5594 1606
5595 1614
5596 1606
5597 1580
5598 1614
5599 1659
5600 1606
5601 1564
5602 1580
5603 1580
5604 1580
5605 1564
5606 1564
5607 1564
5608 1564
5609 1565
5610 1564
5611 1564
5612 1564
5613 1564
5614 1580
5615 1565
5616 1564
5617 1564
5618 1564
5619 1614
5620 1625
5621 1565
5622 1580
5623 1580
5624 1580
5625 1614
5626 1606
5627 1614
5628 1607
5629 1614
5630 1623
5631 1564
5632 1580
5633 1615
5634 1607
5635 1564
5636 1594
5637 1564
5638 1615
5639 1659
5640 1607
5641 1564
5642 1580
5643 1564
5644 1564
5645 1564
5646 1580
5647 1564
5648 1580
5649 1614
5650 1624
5651 1565
5652 1564
5653 1580
5654 1564
5655 1580
5656 1580
5657 1580
5658 1615
5659 1606
5660 1564
5661 1580
5662 1614
5663 1607
5664 1564
5665 1564
5666 1614
5667 1606
5668 1580
5669 1615
5670 1607
5671 1564
5672 1564
5673 1564
5674 1614
5675 1623
5676 1564
5677 1564
5678 1564
5679 1566
5680 1564
5681 1564
5682 1580
5683 1580
5684 1614
5685 1660
5686 1623
5687 1614
5688 1623
5689 1564
5690 1614
5691 1659
5692 1623
5693 1580
5694 1614
5695 1607
5696 1564
5697 1580
5698 1564
5699 1564
5700 1564
5701 1564
5702 1564
5703 1564
5704 1580
5705 1564
5706 1580
5707 1564
5708 1580
5709 1564
5710 1564
5711 1614
5712 1607
5713 1580
5714 1563
5715 1564
5716 1564
5717 1564
5718 1564
5719 1564
5720 1614
5721 1606
5722 1580
5723 1580
5724 1580
5725 1615
5726 1606
5727 1564
5728 1614
5729 1606
5730 1614
5731 1606
5732 1615
5733 1606
5734 1564
5735 1580
5736 1565
5737 1614
5738 1623
5739 1564
5740 1564
5741 1564
5742 1564
5743 1564
5744 1564
5745 1580
5746 1580
5747 1564
5748 1564
5749 1614
5750 1606
5751 1615
5752 1659
5753 1607
5754 1631
5755 1565
5756 1614
5757 1606
5758 1564
5759 1564
5760 1563
5761 1580
5762 1615
5763 1659
5764 1623
5765 1580
5766 1580
5767 1564
5768 1615
5769 1623
5770 1564
5771 1564
5772 1580
5773 1564
5774 1564
5775 1564
5776 1580
5777 1614
5778 1623
5779 1614
5780 1606
5781 1580
5782 1564
5783 1564
5784 1580
5785 1580
5786 1564
5787 1580
5788 1564
5789 1580
5790 1564
5791 1614
5792 1659
5793 1607
5794 1564
5795 1580
5796 1580
5797 1564
5798 1564
5799 1615
5800 1606
5801 1614
5802 1623
5803 1580
5804 1564
5805 1565
5806 1564
5807 1564
5808 1564
5809 1564
5810 1615
5811 1623
5812 1615
5813 1615
5814 1564
5815 1580
5816 1564
5817 1580
5818 1563
5819 1614
5820 1623
5821 1614
5822 1622
5823 1580
5824 1564
5825 1564
5826 1614
5827 1607
5828 1564
5829 1580
5830 1580
5831 1564
5832 1564
5833 1580
5834 1564
5835 1564
5836 1580
5837 1614
5838 1659
5839 1659
5840 1606
5841 1580
5842 1564
5843 1564
5844 1563
5845 1564
5846 1564
5847 1565
5848 1565
5849 1580
5850 1580
5851 1580
5852 1580
5853 1564
5854 1615
5855 1659
5856 1659
5857 1622
5858 1564
5859 1614
5860 1623
5861 1580
5862 1564
5863 1614
5864 1659
5865 1659
5866 1659
5867 1606
5868 1580
5869 1564
5870 1580
5871 1580
5872 1564
5873 1564
5874 1564
5875 1564
5876 1615
5877 1623
5878 1564
5879 1564
5880 1580
5881 1563
5882 1564
5883 1614
5884 1623
5885 1565
5886 1615
5887 1606
5888 1614
5889 1659
5890 1622
5891 1614
5892 1607
5893 1614
5894 1659
5895 1622
5896 1580
5897 1614
5898 1623
5899 1567
5900 1564
5901 1564
5902 1564
5903 1580
5904 1580
5905 1614
5906 1659
5907 1659
5908 1623
5909 1564
5910 1614
5911 1606
5912 1580
5913 1564
5914 1565
5915 1564
5916 1615
5917 1606
5918 1564
5919 1564
5920 1564
5921 1564
5922 1580
5923 1564
5924 1564
5925 1564
5926 1564
5927 1564
5928 1564
5929 1564
5930 1563
5931 1580
5932 1564
5933 1580
5934 1564
5935 1589
5936 1566
5937 1565
5938 1565
5939 1614
5940 1622
5941 1580
5942 1564
5943 1614
5944 1622
5945 1563
5946 1563
5947 1564
5948 1564
5949 1580
5950 1564
5951 1614
5952 1606
5953 1564
5954 1581
5955 1564
5956 1614
5957 1659
5958 1606
5959 1564
5960 1580
5961 1614
5962 1623
5963 1564
5964 1614
5965 1622
5966 1564
5967 1564
5968 1580
5969 1614
5970 1623
5971 1564
5972 1580
5973 1563
5974 1580
5975 1580
5976 1580
5977 1564
5978 1614
5979 1622
5980 1580
5981 1614
5982 1622
5983 1564
5984 1564
5985 1565
5986 1615
5987 1622
5988 1564
5989 1564
5990 1564
5991 1614
5992 1607
5993 1564
5994 1564
5995 1564
5996 1580
5997 1564
5998 1614
5999 1606
6000 1564
6001 1614
6002 1622
6003 1564
6004 1564
6005 1564
6006 1614
6007 1622
6008 1614
6009 1659
6010 1659
6011 1623
6012 1565
6013 1614
6014 1606
6015 1564
6016 1580
6017 1579
6018 1580
6019 1563
6020 1564
6021 1563
6022 1614
6023 1622
6024 1564
6025 1564
6026 1564
6027 1564
6028 1564
6029 1564
6030 1614
6031 1623
6032 1614
6033 1659
6034 1660
6035 1660
6036 1606
6037 1564
6038 1564
6039 1564
6040 1564
6041 1580
6042 1564
6043 1564
6044 1614
6045 1622
6046 1580
6047 1564
6048 1564
6049 1580
6050 1580
6051 1580
6052 1563
6053 1564
6054 1564
6055 1564
6056 1564
6057 1564
6058 1614
6059 1658
6060 1622
6061 1564
6062 1614
6063 1606
6064 1580
6065 1564
6066 1580
6067 1564
6068 1564
6069 1614
6070 1622
6071 1614
6072 1622
6073 1579
6074 1580
6075 1564
6076 1564
6077 1614
6078 1606
6079 1564
6080 1580
6081 1614
6082 1623
6083 1564
6084 1564
6085 1614
6086 1659
6087 1659
6088 622
6089 622
6090 622
6091 621
6092 621
6093 621
6094 621
6095 621
6096 621
6097 621
6098 621
6099 621
6100 621
6101 621
6102 621
6103 621
6104 621
6105 621
6106 621
6107 621
6108 621
6109 621
6110 621
6111 621
6112 621
6113 621
6114 621
6115 621
6116 621
6117 621
6118 621
6119 621
6120 621
6121 621
6122 621
6123 621
6124 621
6125 621
6126 621
6127 621
6128 621
6129 621
6130 621
6131 621
6132 621
6133 621
6134 621
6135 621
6136 621
6137 621
6138 621
6139 621
6140 621
6141 621
6142 621
6143 621
6144 621
6145 621
6146 621
6147 621
6148 621
6149 621
6150 621
6151 621
6152 621
6153 621
6154 621
6155 621
6156 621
6157 621
6158 621
6159 621
6160 621
6161 621
6162 621
6163 621
6164 621
6165 621
6166 621
6167 621
6168 621
6169 621
6170 621
6171 621
6172 621
6173 621
6174 621
6175 621
6176 621
6177 621
6178 621
6179 621
6180 621
6181 625
6182 621
6183 621
6184 621
6185 621
6186 621
6187 621
6188 621
6189 621
6190 621
6191 621
6192 621
6193 621
6194 621
6195 621
6196 621
6197 621
6198 621
6199 621
6200 621
6201 621
6202 621
6203 621
6204 621
6205 621
6206 621
6207 621
6208 621
6209 621
6210 621
6211 621
6212 621
6213 621
6214 621
6215 621
6216 621
6217 621
6218 621
6219 621
6220 621
6221 621
6222 621
6223 621
6224 621
6225 621
6226 621
6227 621
6228 621
6229 621
6230 621
6231 621
6232 621
6233 621
6234 621
6235 621
6236 621
6237 621
6238 621
6239 621
6240 621
6241 621
6242 621
6243 621
6244 621
6245 621
6246 621
6247 621
6248 621
6249 621
6250 621
6251 621
6252 621
6253 621
6254 621
6255 621
6256 621
6257 621
6258 621
6259 621
6260 621
6261 621
6262 621
6263 621
6264 621
6265 621
6266 621
6267 621
6268 621
6269 621
6270 621
6271 626
6272 621
6273 621
6274 621
6275 621
6276 621
6277 621
6278 621
6279 621
6280 621
6281 621
6282 621
6283 621
6284 621
6285 621
6286 621
6287 621
6288 621
6289 621
6290 621
6291 621
6292 621
6293 621
6294 621
6295 621
6296 621
6297 621
6298 621
6299 621
6300 621
6301 621
6302 621
6303 621
6304 621
6305 621
6306 621
6307 621
6308 621
6309 621
6310 621
6311 621
6312 621
6313 621
6314 621
6315 621
6316 621
6317 621
6318 621
6319 621
6320 621
6321 621
6322 621
6323 621
6324 621
6325 621
6326 621
6327 621
6328 621
6329 621
6330 621
6331 621
6332 621
6333 621
6334 621
6335 621
6336 621
6337 621
6338 621
6339 621
6340 621
6341 621
6342 621
6343 621
6344 621
6345 621
6346 621
6347 621
6348 621
6349 621
6350 621
6351 621
6352 621
6353 621
6354 621
6355 621
6356 623
6357 621
6358 621
6359 621
6360 621
6361 621
6362 621
6363 621
6364 621
6365 621
6366 621
6367 621
6368 621
6369 621
6370 621
6371 621
6372 621
6373 621
6374 621
6375 621
6376 621
6377 621
6378 621
6379 621
6380 621
6381 621
6382 621
6383 621
6384 621
6385 621
6386 621
6387 621
6388 621
6389 621
6390 621
6391 621
6392 621
6393 621
6394 621
6395 621
6396 621
6397 621
6398 621
6399 621
6400 621
6401 621
6402 621
6403 621
6404 621
6405 622
6406 621
6407 621
6408 621
6409 621
6410 621
6411 621
6412 621
6413 621
6414 621
6415 621
6416 621
6417 621
6418 621
6419 621
6420 621
6421 621
6422 621
6423 621
6424 621
6425 621
6426 621
6427 621
6428 621
6429 621
6430 621
6431 621
6432 621
6433 621
6434 621
6435 621
6436 621
6437 621
6438 621
6439 621
6440 621
6441 621
6442 621
6443 621
6444 621
6445 621
6446 621
6447 621
6448 621
6449 621
6450 621
6451 621
6452 621
6453 621
6454 621
6455 626
6456 621
6457 621
6458 621
6459 621
6460 621
6461 621
6462 621
6463 621
6464 621
6465 621
6466 621
6467 621
6468 621
6469 621
6470 621
6471 621
6472 621
6473 621
6474 621
6475 621
6476 621
6477 621
6478 621
6479 621
6480 621
6481 621
6482 621
6483 621
6484 621
6485 622
6486 621
6487 621
6488 621
6489 621
6490 621
6491 621
6492 621
6493 621
6494 621
6495 621
6496 621
6497 621
6498 621
6499 621
6500 621
6501 621
6502 621
6503 621
6504 621
6505 621
6506 621
6507 621
6508 621
6509 621
6510 621
6511 621
6512 621
6513 621
6514 621
6515 621
6516 621
6517 621
6518 621
6519 621
6520 621
6521 621
6522 621
6523 621
6524 621
6525 621
6526 621
6527 621
6528 621
6529 621
6530 621
6531 621
6532 621
6533 621
6534 621
6535 621
6536 621
6537 621
6538 621
6539 621
6540 621
6541 621
6542 621
6543 621
6544 621
6545 621
6546 621
6547 621
6548 621
6549 621
6550 621
6551 621
6552 621
6553 621
6554 621
6555 621
6556 621
6557 621
6558 621
6559 621
6560 621
6561 621
6562 621
6563 621
6564 621
6565 621
6566 621
6567 621
6568 621
6569 621
6570 621
6571 621
6572 621
6573 620
6574 621
6575 621
6576 621
6577 621
6578 621
6579 621
6580 621
6581 621
6582 621
6583 621
6584 621
6585 621
6586 621
6587 621
6588 621
6589 621
6590 621
6591 621
6592 621
6593 621
6594 621
6595 621
6596 621
6597 621
6598 621
6599 621
6600 621
6601 621
6602 621
6603 621
6604 621
6605 621
6606 621
6607 621
6608 621
6609 621
6610 621
6611 621
6612 621
6613 621
6614 621
6615 621
6616 621
6617 621
6618 621
6619 621
6620 621
6621 621
6622 620
6623 621
6624 621
6625 621
6626 621
6627 621
6628 621
6629 621
6630 621
6631 621
6632 621
6633 621
6634 621
6635 621
6636 621
6637 621
6638 621
6639 621
6640 621
6641 621
6642 621
6643 621
6644 621
6645 621
6646 621
6647 621
6648 621
6649 621
6650 621
6651 621
6652 621
6653 621
6654 621
6655 621
6656 621
6657 621
6658 621
6659 621
6660 621
6661 621
6662 621
6663 621
6664 621
6665 621
6666 621
6667 621
6668 621
6669 621
6670 621
6671 621
6672 621
6673 621
6674 621
6675 621
6676 621
6677 621
6678 621
6679 621
6680 621
6681 621
6682 621
6683 621
6684 621
6685 621
6686 621
6687 621
6688 621
6689 621
6690 621
6691 621
6692 621
6693 621
6694 621
6695 621
6696 621
6697 621
6698 621
6699 621
6700 621
6701 621
6702 621
6703 621
6704 621
6705 621
6706 621
6707 621
6708 621
6709 621
6710 621
6711 621
6712 621
6713 621
6714 621
6715 621
6716 621
6717 621
6718 621
6719 621
6720 621
6721 621
6722 621
6723 621
6724 621
6725 621
6726 621
6727 621
6728 621
6729 621
6730 621
6731 621
6732 621
6733 621
6734 621
6735 621
6736 621
6737 621
6738 621
6739 621
6740 621
6741 621
6742 621
6743 621
6744 621
6745 621
6746 621
6747 621
6748 621
6749 621
6750 621
6751 621
6752 621
6753 621
6754 621
6755 621
6756 621
6757 621
6758 621
6759 621
6760 621
6761 621
6762 621
6763 621
6764 621
6765 621
6766 621
6767 621
6768 621
6769 621
6770 621
6771 621
6772 621
6773 621
6774 621
6775 621
6776 621
6777 621
6778 621
6779 621
6780 621
6781 621
6782 621
6783 621
6784 621
6785 621
6786 621
6787 621
6788 621
6789 621
6790 621
6791 621
6792 621
6793 621
6794 621
6795 621
6796 621
6797 621
6798 621
6799 621
6800 621
6801 621
6802 621
6803 621
6804 621
6805 621
6806 621
6807 621
6808 621
6809 621
6810 621
6811 621
6812 621
6813 621
6814 621
6815 621
6816 621
6817 621
6818 621
6819 621
6820 621
6821 621
6822 621
6823 621
6824 621
6825 621
6826 621
6827 621
6828 621
6829 621
6830 621
6831 621
6832 621
6833 621
6834 621
6835 621
6836 621
6837 621
6838 621
6839 621
6840 621
6841 621
6842 621
6843 621
6844 621
6845 621
6846 621
6847 621
6848 621
6849 621
6850 621
6851 621
6852 621
6853 621
6854 621
6855 621
6856 655
6857 621
6858 621
6859 621
6860 621
6861 621
6862 621
6863 621
6864 621
6865 621
6866 621
6867 621
6868 621
6869 621
6870 619
6871 621
6872 621
6873 621
6874 621
6875 621
6876 621
6877 621
6878 621
6879 621
6880 621
6881 621
6882 621
6883 621
6884 621
6885 621
6886 621
6887 621
6888 621
6889 621
6890 621
6891 621
6892 621
6893 621
6894 621
6895 621
6896 621
6897 621
6898 621
6899 621
6900 621
6901 621
6902 621
6903 621
6904 621
6905 621
6906 621
6907 621
6908 621
6909 621
6910 621
6911 621
6912 621
6913 621
6914 621
6915 621
6916 621
6917 621
6918 620
6919 621
6920 621
6921 621
6922 621
6923 621
6924 621
6925 621
6926 621
6927 621
6928 621
6929 621
6930 621
6931 621
6932 621
6933 621
6934 621
6935 621
6936 621
6937 621
6938 621
6939 621
6940 621
6941 621
6942 621
6943 621
6944 621
6945 621
6946 621
6947 621
6948 621
6949 621
6950 621
6951 621
6952 621
6953 621
6954 621
6955 621
6956 621
6957 621
6958 621
6959 621
6960 621
6961 621
6962 621
6963 621
6964 621
6965 621
6966 621
6967 621
6968 621
6969 621
6970 621
6971 621
6972 621
6973 621
6974 621
6975 621
6976 621
6977 621
6978 621
6979 621
6980 621
6981 621
6982 621
6983 621
6984 621
6985 621
6986 621
6987 621
6988 621
6989 621
6990 621
6991 621
6992 621
6993 621
6994 621
6995 621
6996 621
6997 621
6998 621
6999 621
7000 621
7001 621
7002 621
7003 621
7004 621
7005 621
7006 621
7007 621
7008 621
7009 621
7010 621
7011 621
7012 621
7013 621
7014 621
7015 621
7016 621
7017 621
7018 621
7019 621
7020 621
7021 621
7022 621
7023 621
7024 621
7025 621
7026 621
7027 621
7028 621
7029 621
7030 621
7031 621
7032 621
7033 621
7034 621
7035 621
7036 621
7037 622
7038 621
7039 621
7040 621
7041 621
7042 621
7043 621
7044 621
7045 621
7046 621
7047 621
7048 621
7049 621
7050 624
7051 621
7052 621
7053 621
7054 621
7055 621
7056 621
7057 621
7058 621
7059 621
7060 621
7061 621
7062 621
7063 621
7064 621
7065 621
7066 621
7067 621
7068 621
7069 621
7070 621
7071 621
7072 621
7073 621
7074 621
7075 621
7076 621
7077 621
7078 621
7079 621
7080 621
7081 621
7082 621
7083 621
7084 621
7085 621
7086 621
7087 621
7088 621
7089 621
7090 621
7091 621
7092 624
7093 621
7094 621
7095 621
7096 621
7097 621
7098 621
7099 621
7100 621
7101 621
7102 621
7103 621
7104 621
7105 621
7106 621
7107 621
7108 621
7109 621
7110 621
7111 621
7112 621
7113 621
7114 621
7115 621
7116 621
7117 621
7118 621
7119 621
7120 621
7121 621
7122 621
7123 621
7124 621
7125 621
7126 621
7127 621
7128 621
7129 621
7130 621
7131 621
7132 621
7133 621
7134 621
7135 621
7136 621
7137 621
7138 621
7139 621
7140 621
7141 621
7142 621
7143 621
7144 621
7145 621
7146 621
7147 621
7148 621
7149 621
7150 621
7151 621
7152 621
7153 621
7154 621
7155 621
7156 621
7157 621
7158 621
7159 621
7160 621
7161 621
7162 621
7163 621
7164 621
7165 621
7166 621
7167 620
7168 621
7169 621
7170 621
7171 621
7172 621
7173 621
7174 621
7175 621
7176 621
7177 621
7178 621
7179 621
7180 621
7181 621
7182 621
7183 621
7184 621
7185 621
7186 621
7187 621
7188 621
7189 621
7190 621
7191 621
7192 621
7193 621
7194 621
7195 621
7196 621
7197 621
7198 621
7199 621
7200 621
7201 621
7202 621
7203 621
7204 621
7205 621
7206 621
7207 621
7208 621
7209 621
7210 621
7211 621
7212 621
7213 621
7214 621
7215 624
7216 621
7217 621
7218 621
7219 621
7220 621
7221 621
7222 620
7223 621
7224 621
7225 621
7226 621
7227 621
7228 621
7229 621
7230 621
7231 621
7232 621
7233 621
7234 621
7235 621
7236 621
7237 621
7238 621
7239 621
7240 621
7241 621
7242 621
7243 621
7244 621
7245 621
7246 621
7247 621
7248 621
7249 621
7250 621
7251 621
7252 621
7253 621
7254 621
7255 621
7256 621
7257 621
7258 621
7259 621
7260 621
7261 621
7262 621
7263 621
7264 621
7265 622
7266 621
7267 621
7268 621
7269 621
7270 621
7271 621
7272 621
7273 621
7274 621
7275 621
7276 621
7277 621
7278 621
7279 621
7280 621
7281 621
7282 621
7283 621
7284 621
7285 621
7286 621
7287 621
7288 621
7289 621
7290 621
7291 621
7292 621
7293 621
7294 621
7295 621
7296 621
7297 621
7298 621
7299 621
7300 621
7301 621
7302 621
7303 621
7304 621
7305 621
7306 621
7307 621
7308 621
7309 621
7310 621
7311 621
7312 621
7313 621
7314 621
7315 621
7316 621
7317 621
7318 621
7319 621
7320 621
7321 621
7322 621
7323 626
7324 621
7325 621
7326 621
7327 621
7328 621
7329 621
7330 621
7331 621
7332 621
7333 621
7334 621
7335 621
7336 621
7337 621
7338 621
7339 621
7340 621
7341 621
7342 621
7343 621
7344 621
7345 621
7346 621
7347 621
7348 621
7349 621
7350 621
7351 621
7352 621
7353 621
7354 1566
7355 1565
7356 1615
7357 1659
7358 1660
7359 1623
7360 1565
7361 1564
7362 1564
7363 1580
7364 1564
7365 1564
7366 1614
7367 1606
7368 1564
7369 1580
7370 1564
7371 1564
7372 1564
7373 1614
7374 1623
7375 1580
7376 1614
7377 1624
7378 1614
7379 1659
7380 1659
7381 1659
7382 1659
7383 1607
7384 1564
7385 1564
7386 1564
7387 1564
7388 1580
7389 1580
7390 1614
7391 1660
7392 1606
7393 1564
7394 1564
7395 1580
7396 1614
7397 1607
7398 1580
7399 1580
7400 1614
7401 1623
7402 1614
7403 1622
7404 1580
7405 1614
7406 1659
7407 1659
7408 1659
7409 1659
7410 1622
7411 1564
7412 1615
7413 1659
7414 1659
7415 1623
7416 1564
7417 1564
7418 1580
7419 1615
7420 1623
7421 1564
7422 1564
7423 1564
7424 1580
7425 1614
7426 1659
7427 1623
7428 1614
7429 1606
7430 1564
7431 1564
7432 1614
7433 1659
7434 1622
7435 1580
7436 1564
7437 1564
7438 1564
7439 1564
7440 1614
7441 1623
7442 1580
7443 1580
7444 1566
7445 1614
7446 1622
7447 1615
7448 1607
7449 1614
7450 1606
7451 1564
7452 1580
7453 1614
7454 1623
7455 1580
7456 1580
7457 1564
7458 1564
7459 1614
7460 1606
7461 1581
7462 1564
7463 1614
7464 1623
7465 1580
7466 1580
7467 1564
7468 1580
7469 1615
7470 1606
7471 1614
7472 1615
7473 1659
7474 1659
7475 1607
7476 1565
7477 1614
7478 1622
7479 1580
7480 1564
7481 1564
7482 1565
7483 1614
7484 1564
7485 1580
7486 1564
7487 1615
7488 1659
7489 1607
7490 1614
7491 1659
7492 1659
7493 1622
7494 1564
7495 1580
7496 1564
7497 1564
7498 1565
7499 1565
7500 1564
7501 1564
7502 1564
7503 1615
7504 1623
7505 1580
7506 1615
7507 1623
7508 1580
7509 1614
7510 1659
7511 1607
7512 1564
7513 1564
7514 1564
7515 1564
7516 1564
7517 1563
7518 1564
7519 1614
7520 1623
7521 1564
7522 1614
7523 1564
7524 1564
7525 1564
7526 1564
7527 1614
7528 1659
7529 1623
7530 1614
7531 1623
7532 1580
7533 1580
7534 1580
7535 1614
7536 1622
7537 1614
7538 1659
7539 1622
7540 1580
7541 1564
7542 1564
7543 1614
7544 1623
7545 1614
7546 1622
7547 1565
7548 1580
7549 1615
7550 1606
7551 1614
7552 1659
7553 1606
7554 1580
7555 1564
7556 1614
7557 1622
7558 1580
7559 1614
7560 1607
7561 1580
7562 1614
7563 1606
7564 1564
7565 1564
7566 1564
7567 1564
7568 1614
7569 1623
7570 1580
7571 1564
7572 1580
7573 1564
7574 1615
7575 1622
7576 1564
7577 1565
7578 1564
7579 1580
7580 1580
7581 1580
7582 1614
7583 1606
7584 1564
7585 1580
7586 1564
7587 1564
7588 1564
7589 1564
7590 1564
7591 1614
7592 1623
7593 1563
7594 1564
7595 1564
7596 1564
7597 1580
7598 1563
7599 1564
7600 1563
7601 1580
7602 1580
7603 1614
7604 1606
7605 1564
7606 1564
7607 1565
7608 1580
7609 1580
7610 1580
7611 1614
7612 1607
7613 1614
7614 1623
7615 1614
7616 1659
7617 1622
7618 1614
7619 1659
7620 1659
7621 1607
7622 1564
7623 1580
7624 1563
7625 1580
7626 1564
7627 1614
7628 1659
7629 1622
7630 1564
7631 1564
7632 1614
7633 1606
7634 1564
7635 1564
7636 1580
7637 1564
7638 1564
7639 1564
7640 1563
7641 1564
7642 1564
7643 1564
7644 1564
7645 1564
7646 1614
7647 1606
7648 1580
7649 1580
7650 1614
7651 1623
7652 1614
7653 1622
7654 1580
7655 1580
7656 1614
7657 1623
7658 1564
7659 1564
7660 1564
7661 1564
7662 1563
7663 1564
7664 1564
7665 1564
7666 1564
7667 1565
7668 1580
7669 1580
7670 1568
7671 1565
7672 1565
7673 1564
7674 1564
7675 1564
7676 1564
7677 1564
7678 1614
7679 1606
7680 1614
7681 1606
7682 1614
7683 1623
7684 1614
7685 1606
7686 1580
7687 1564
7688 1614
7689 1623
7690 1564
7691 1614
7692 1659
7693 1623
7694 1565
7695 1564
7696 1564
7697 1615
7698 1564
7699 1564
7700 1563
7701 1564
7702 1565
7703 1564
7704 1565
7705 1564
7706 1614
7707 1622
7708 1614
7709 1623
7710 1580
7711 1564
7712 1580
7713 1614
7714 1606
7715 1614
7716 1607
7717 1564
7718 1564
7719 1564
7720 1564
7721 1564
7722 1564
7723 1563
7724 1580
7725 1581
7726 1614
7727 1622
7728 1564
7729 1564
7730 1564
7731 1564
7732 1565
7733 1564
7734 1614
7735 1606
7736 1580
7737 1580
7738 1614
7739 1623
7740 1614
7741 1622
7742 1563
7743 1564
7744 1564
7745 1564
7746 1564
7747 1565
7748 1565
7749 1614
7750 1606
7751 1564
7752 1564
7753 1564
7754 1564
7755 1580
7756 1614
7757 1659
7758 1623
7759 1614
7760 1606
7761 1564
7762 1564
7763 1564
7764 1615
7765 1606
7766 1580
7767 1580
7768 1580
7769 1580
7770 1614
7771 1623
7772 1563
7773 1564
7774 1579
7775 1580
7776 1564
7777 1580
7778 1564
7779 1580
7780 1580
7781 1564
7782 1614
7783 1622
7784 1564
7785 1564
7786 1564
7787 1564
7788 1564
7789 1564
7790 1580
7791 1564
7792 1564
7793 1564
7794 1563
7795 1564
7796 1614
7797 1658
7798 1659
7799 1622
7800 1564
7801 1614
7802 1606
7803 1564
7804 1580
7805 1652
7806 1606
7807 1614
7808 1659
7809 1659
7810 1606
7811 1564
7812 1564
7813 1564
7814 1614
7815 1607
7816 1614
7817 1607
7818 1580
7819 1580
7820 1615
7821 1606
7822 1614
7823 1623
7824 1615
7825 1606
7826 1564
7827 1564
7828 1564
7829 1580
7830 1565
7831 1565
7832 1614
7833 1607
7834 1614
7835 1607
7836 1563
7837 1564
7838 1565
7839 1564
7840 1614
7841 1606
7842 1614
7843 1606
7844 1564
7845 1565
7846 1614
7847 1623
7848 1580
7849 1564
7850 1564
7851 1614
7852 1606
7853 1566
7854 1564
7855 1564
7856 1564
7857 1614
7858 1606
7859 1564
7860 1564
7861 1564
7862 1564
7863 1564
7864 1614
7865 1622
7866 1564
7867 1564
7868 1564
7869 1614
7870 1606
7871 1580
7872 1615
7873 1659
7874 1622
7875 1614
7876 1606
7877 1564
7878 1564
7879 1564
7880 1614
7881 1622
7882 1564
7883 1563
7884 1614
7885 1623
7886 1564
7887 1564
7888 1564
7889 1580
7890 1564
7891 1614
7892 1606
7893 1563
7894 1563
7895 1563
7896 1564
7897 1580
7898 1564
7899 1580
7900 1614
7901 1622
7902 1564
7903 1614
7904 1606
7905 1615
7906 1622
7907 1580
7908 1564
7909 1614
7910 1623
7911 1563
7912 1614
7913 1622
7914 1564
7915 1563
7916 1564
7917 1564
7918 1564
7919 1564
7920 1580
7921 1614
7922 1623
7923 1580
7924 1580
7925 1564
7926 1580
7927 1564
7928 1564
7929 1564
7930 1614
7931 1659
7932 1623
7933 1564
7934 1564
7935 1614
7936 1624
7937 1580
7938 1564
7939 1564
7940 1564
7941 1564
7942 1564
7943 1614
7944 1606
7945 1564
7946 1580
7947 1564
7948 1564
7949 1564
7950 1564
7951 1614
7952 1659
7953 1659
7954 1623
7955 1564
7956 1614
7957 1622
7958 1614
7959 1623
7960 1564
7961 1564
7962 1564
7963 1614
7964 1622
7965 1580
7966 1564
7967 1564
7968 1614
7969 1606
7970 1614
7971 1606
7972 1565
7973 1563
7974 1614
7975 1623
7976 1564
7977 1614
7978 1622
7979 1564
7980 1564
7981 1614
7982 1622
7983 1564
7984 1580
7985 1614
7986 1565
7987 1564
7988 1564
7989 1614
7990 1622
7991 1580
7992 1580
7993 1580
7994 1614
7995 1606
7996 1564
7997 1563
7998 1564
7999 1563
8000 1614
8001 1606
8002 1580
8003 1580
8004 1564
8005 1614
8006 1659
8007 1622
8008 1614
8009 1606
8010 1580
8011 1564
8012 1564
8013 1614
8014 1659
8015 1659
8016 1659
8017 1622
8018 1614
8019 1606
8020 1614
8021 1659
8022 1623
8023 1564
8024 1564
8025 1614
8026 1659
8027 1659
8028 1659
8029 1623
8030 1565
8031 1564
8032 1564
8033 1580
8034 1580
8035 1564
8036 1615
8037 1606
8038 1614
8039 1606
8040 1614
8041 1623
8042 1614
8043 1623
8044 1580
8045 1580
8046 1564
8047 1564
8048 1614
8049 1606
8050 1614
8051 1623
8052 1614
8053 1622
8054 1580
8055 1580
8056 1564
8057 1563
8058 1564
8059 1614
8060 1606
8061 1564
8062 1580
8063 1614
8064 1606
8065 1614
8066 1623
8067 1614
8068 1606
8069 1614
8070 1622
8071 1614
8072 1606
8073 1614
8074 1622
8075 1564
8076 1614
8077 1658
8078 1622
8079 1580
8080 1564
8081 1564
8082 1614
8083 1623
8084 1614
8085 1606
8086 1580
8087 1614
8088 1659
8089 1622
8090 1565
8091 1580
8092 1564
8093 1580
8094 1614
8095 1622
8096 1563
8097 1564
8098 1563
8099 1614
8100 1606
8101 1580
8102 1580
8103 1614
8104 1659
8105 1659
8106 1659
8107 1606
8108 1614
8109 1622
8110 1564
8111 1565
8112 1615
8113 1659
8114 1659
8115 1622
8116 1580
8117 1564
8118 1565
8119 1564
8120 1616
8121 1564
8122 1615
8123 1622
8124 1564
8125 1614
8126 1622
8127 1564
8128 1564
8129 1564
8130 1614
8131 1659
8132 1659
8133 1659
8134 1659
8135 1660
8136 1623
8137 1564
8138 1564
8139 1614
8140 1623
8141 1614
8142 1659
8143 1623
8144 1580
8145 1564
8146 1565
8147 1614
8148 1606
8149 1565
8150 1615
8151 1659
8152 1659
8153 1659
8154 1622
8155 1614
8156 1659
8157 1622
8158 1564
8159 1564
8160 1565
8161 1564
8162 1564
8163 1614
8164 1606
8165 1564
8166 1564
8167 1564
8168 1564
8169 1564
8170 1564
8171 1614
8172 1659
8173 1622
8174 1580
8175 1614
8176 1659
8177 1659
8178 1606
8179 1614
8180 1606
8181 1564
8182 1564
8183 1614
8184 1659
8185 1622
8186 1564
8187 1564
8188 1580
8189 1614
8190 1606
8191 1564
8192 1563
8193 1564
8194 1614
8195 1622
8196 1564
8197 1614
8198 1606
8199 1614
8200 1659
8201 1622
8202 1564
8203 1564
8204 1580
8205 1564
8206 1614
8207 1606
8208 1564
8209 1614
8210 1623
8211 1565
8212 1614
8213 1606
8214 1614
8215 1606
8216 1580
8217 1564
8218 1581
8219 1564
8220 1614
8221 1659
8222 1659
8223 1659
8224 1659
8225 1659
8226 1606
8227 1564
8228 1614
8229 1606
8230 1614
8231 1606
8232 1564
8233 1564
8234 1564
8235 1564
8236 1564
8237 1564
8238 1564
8239 1564
8240 1564
8241 1564
8242 1563
8243 1580
8244 1614
8245 1659
8246 1623
8247 1565
8248 1614
8249 1659
8250 1622
8251 1581
8252 1614
8253 1659
8254 1607
8255 1580
8256 1614
8257 1606
8258 1614
8259 1659
8260 1607
8261 1614
8262 1606
8263 1565
8264 1564
8265 1564
8266 1564
8267 1564
8268 1564
8269 1564
8270 1614
8271 1606
8272 1614
8273 1659
8274 1606
8275 1564
8276 1564
8277 1564
8278 1614
8279 1606
8280 1614
8281 1623
8282 1564
8283 1615
8284 1606
8285 1564
8286 1564
8287 1580
8288 1580
8289 1564
8290 1615
8291 1606
8292 1580
8293 1580
8294 1614
8295 1607
8296 1564
8297 1564
8298 1614
8299 1606
8300 1580
8301 1576
8302 1608
8303 1565
8304 1564
8305 1564
8306 1564
8307 1564
8308 1580
8309 1580
8310 1564
8311 1564
8312 1564
8313 1564
8314 1614
8315 1622
8316 1564
8317 1580
8318 1564
8319 1580
8320 1615
8321 1659
8322 1607
8323 1564
8324 1614
8325 1606
8326 1564
8327 1565
8328 1564
8329 1564
8330 1614
8331 1606
8332 1580
8333 1564
8334 1564
8335 1580
8336 1565
8337 1615
8338 1659
8339 1659
8340 1659
8341 1623
8342 1564
8343 1580
8344 1614
8345 1606
8346 1564
8347 1580
8348 1614
8349 1607
8350 1615
8351 1606
8352 1614
8353 1659
8354 1659
8355 1623
8356 1565
8357 1564
8358 1614
8359 1606
8360 1580
8361 1580
8362 1614
8363 1659
8364 1658
8365 1606
8366 1580
8367 1614
8368 1606
8369 1614
8370 1606
8371 1564
8372 1564
8373 1580
8374 1564
8375 1563
8376 1564
8377 1564
8378 1614
8379 1659
8380 1659
8381 1606
8382 1564
8383 1564
8384 1564
8385 1615
8386 1622
8387 1580
8388 1564
8389 1564
8390 1564
8391 1564
8392 1564
8393 1614
8394 1659
8395 1623
8396 1615
8397 1659
8398 1606
8399 1614
8400 1622
8401 1614
8402 1659
8403 1659
8404 1623
8405 1580
8406 1580
8407 1564
8408 1564
8409 1564
8410 1564
8411 1564
8412 1564
8413 1564
8414 1614
8415 1606
8416 1580
8417 1580
8418 1563
8419 1564
8420 1564
8421 1614
8422 1606
8423 1614
8424 1606
8425 1564
8426 1564
8427 1563
8428 1564
8429 1580
8430 1564
8431 1564
8432 1564
8433 1564
8434 1564
8435 1580
8436 1564
8437 1564
8438 1614
8439 1622
8440 1614
8441 1606
8442 1614
8443 1564
8444 1565
8445 1614
8446 1622
8447 1565
8448 1564
8449 1564
8450 1580
8451 1614
8452 1606
8453 1615
8454 1606
8455 1564
8456 1614
8457 1659
8458 1659
8459 1659
8460 1659
8461 1659
8462 1658
8463 1659
8464 1606
8465 1564
8466 1614
8467 1659
8468 1660
8469 1659
8470 1660
8471 1606
8472 1564
8473 1564
8474 1564
8475 1564
8476 1564
8477 1564
8478 1564
8479 1614
8480 1606
8481 1564
8482 1564
8483 1614
8484 1606
8485 1564
8486 1580
8487 1580
8488 1564
8489 1580
8490 1564
8491 1565
8492 1564
8493 1614
8494 1623
8495 1564
8496 1564
8497 1564
8498 1580
8499 1614
8500 1622
8501 1614
8502 1659
8503 1623
8504 1580
8505 1580
8506 1614
8507 1623
8508 1580
8509 1614
8510 1659
8511 1606
8512 1564
8513 1580
8514 1580
8515 1614
8516 1606
8517 1564
8518 1564
8519 1580
8520 1580
8521 1564
8522 1564
8523 1614
8524 1606
8525 1564
8526 1580
8527 1580
8528 1614
8529 1622
8530 1565
8531 1564
8532 1614
8533 1564
8534 1564
8535 1614
8536 1606
8537 1563
8538 1614
8539 1606
8540 1614
8541 1659
8542 1659
8543 1622
8544 1565
8545 1564
8546 1614
8547 1606
8548 1564
8549 1564
8550 1564
8551 1564
8552 1564
8553 1563
8554 1564
8555 1564
8556 1614
8557 1623
8558 1614
8559 1606
8560 1580
8561 1579
8562 1606
8563 1614
8564 1623
8565 1580
8566 1564
8567 1614
8568 1659
8569 1622
8570 1564
8571 1564
8572 1614
8573 1623
8574 1594
8575 1658
8576 1606
8577 1580
8578 1594
8579 1578
8580 1564
8581 1564
8582 1564
8583 1614
8584 1659
8585 1659
8586 1622
8587 1564
8588 1564
8589 1564
8590 1564
8591 1614
8592 1606
8593 1614
8594 1659
8595 1622
8596 1564
8597 1614
8598 1606
8599 1580
8600 1580
8601 1563
8602 1614
8603 1606
8604 1579
8605 1606
8606 1564
8607 1564
8608 1580
8609 1659
8610 1659
8611 1606
8612 1563
8613 1564
8614 1564
8615 1614
8616 1623
8617 1580
8618 621
8619 621
8620 621
8621 621
8622 621
8623 621
8624 621
8625 621
8626 620
8627 621
8628 621
8629 621
8630 621
8631 621
8632 621
8633 621
8634 621
8635 621
8636 621
8637 621
8638 621
8639 621
8640 621
8641 621
8642 621
8643 621
8644 621
8645 621
8646 621
8647 621
8648 621
8649 621
8650 625
8651 621
8652 621
8653 621
8654 621
8655 621
8656 621
8657 621
8658 621
8659 621
8660 621
8661 621
8662 621
8663 621
8664 621
8665 621
8666 621
8667 621
8668 621
8669 621
8670 621
8671 621
8672 621
8673 621
8674 621
8675 621
8676 621
8677 621
8678 621
8679 621
8680 621
8681 621
8682 621
8683 621
8684 621
8685 621
8686 621
8687 621
8688 621
8689 621
8690 621
8691 621
8692 621
8693 621
8694 621
8695 621
8696 621
8697 621
8698 621
8699 621
8700 621
8701 621
8702 621
8703 621
8704 621
8705 621
8706 621
8707 621
8708 621
8709 620
8710 621
8711 621
8712 621
8713 621
8714 621
8715 621
8716 621
8717 621
8718 621
8719 621
8720 621
8721 621
8722 621
8723 621
8724 621
8725 621
8726 621
8727 621
8728 621
8729 621
8730 621
8731 621
8732 621
8733 621
8734 621
8735 621
8736 621
8737 621
8738 621
8739 621
8740 621
8741 621
8742 621
8743 621
8744 621
8745 621
8746 621
8747 621
8748 621
8749 621
8750 621
8751 621
8752 621
8753 627
8754 621
8755 621
8756 621
8757 621
8758 621
8759 621
8760 621
8761 621
8762 621
8763 621
8764 621
8765 621
8766 621
8767 621
8768 621
8769 621
8770 621
8771 621
8772 621
8773 621
8774 621
8775 621
8776 621
8777 621
8778 621
8779 621
8780 621
8781 621
8782 621
8783 621
8784 621
8785 621
8786 621
8787 621
8788 621
8789 621
8790 621
8791 621
8792 621
8793 621
8794 621
8795 621
8796 621
8797 621
8798 621
8799 621
8800 621
8801 621
8802 621
8803 621
8804 621
8805 621
8806 621
8807 621
8808 621
8809 621
8810 621
8811 621
8812 621
8813 621
8814 621
8815 621
8816 621
8817 621
8818 621
8819 621
8820 621
8821 621
8822 621
8823 621
8824 621
8825 621
8826 621
8827 621
8828 621
8829 621
8830 621
8831 621
8832 621
8833 621
8834 621
8835 621
8836 621
8837 621
8838 621
8839 621
8840 621
8841 621
8842 621
8843 621
8844 621
8845 621
8846 621
8847 621
8848 621
8849 621
8850 621
8851 621
8852 621
8853 621
8854 621
8855 621
8856 621
8857 621
8858 621
8859 621
8860 621
8861 621
8862 621
8863 621
8864 621
8865 621
8866 621
8867 621
8868 621
8869 621
8870 621
8871 621
8872 621
8873 621
8874 621
8875 621
8876 621
8877 621
8878 621
8879 621
8880 621
8881 621
8882 621
8883 621
8884 621
8885 621
8886 621
8887 621
8888 621
8889 621
8890 621
8891 621
8892 621
8893 621
8894 621
8895 621
8896 621
8897 621
8898 621
8899 621
8900 621
8901 621
8902 621
8903 621
8904 621
8905 621
8906 620
8907 621
8908 621
8909 621
8910 621
8911 621
8912 621
8913 621
8914 621
8915 621
8916 621
8917 621
8918 621
8919 621
8920 621
8921 621
8922 621
8923 621
8924 621
8925 621
8926 621
8927 621
8928 621
8929 621
8930 621
8931 621
8932 621
8933 621
8934 622
8935 621
8936 621
8937 621
8938 621
8939 621
8940 621
8941 621
8942 621
8943 621
8944 621
8945 621
8946 621
8947 621
8948 621
8949 621
8950 621
8951 621
8952 621
8953 621
8954 621
8955 621
8956 621
8957 621
8958 621
8959 621
8960 621
8961 621
8962 621
8963 621
8964 621
8965 621
8966 621
8967 621
8968 621
8969 621
8970 621
8971 621
8972 621
8973 621
8974 621
8975 621
8976 621
8977 621
8978 621
8979 621
8980 621
8981 621
8982 621
8983 621
8984 621
8985 621
8986 621
8987 621
8988 621
8989 621
8990 621
8991 621
8992 621
8993 621
8994 621
8995 621
8996 621
8997 621
8998 621
8999 621
9000 621
9001 621
9002 621
9003 621
9004 621
9005 621
9006 621
9007 621
9008 621
9009 621
9010 621
9011 621
9012 621
9013 621
9014 621
9015 621
9016 621
9017 621
9018 621
9019 621
9020 621
9021 621
9022 621
9023 621
9024 621
9025 623
9026 621
9027 621
9028 621
9029 621
9030 621
9031 621
9032 621
9033 621
9034 621
9035 621
9036 621
9037 621
9038 621
9039 621
9040 621
9041 621
9042 621
9043 621
9044 621
9045 621
9046 621
9047 621
9048 621
9049 621
9050 621
9051 621
9052 621
9053 621
9054 621
9055 621
9056 621
9057 621
9058 621
9059 621
9060 621
9061 621
9062 621
9063 624
9064 621
9065 621
9066 621
9067 621
9068 621
9069 621
9070 621
9071 621
9072 621
9073 621
9074 621
9075 621
9076 621
9077 621
9078 621
9079 621
9080 621
9081 621
9082 621
9083 621
9084 621
9085 621
9086 621
9087 621
9088 621
9089 621
9090 621
9091 621
9092 621
9093 621
9094 621
9095 621
9096 621
9097 621
9098 621
9099 621
9100 621
9101 621
9102 621
9103 621
9104 621
9105 624
9106 621
9107 621
9108 621
9109 621
9110 621
9111 621
9112 621
9113 621
9114 621
9115 621
9116 621
9117 621
9118 621
9119 621
9120 621
9121 621
9122 621
9123 621
9124 621
9125 621
9126 621
9127 621
9128 621
9129 621
9130 621
9131 621
9132 621
9133 621
9134 621
9135 621
9136 621
9137 621
9138 621
9139 621
9140 621
9141 621
9142 621
9143 621
9144 621
9145 621
9146 621
9147 621
9148 621
9149 621
9150 621
9151 621
9152 621
9153 621
9154 621
9155 621
9156 621
9157 621
9158 621
9159 621
9160 621
9161 621
9162 621
9163 621
9164 621
9165 621
9166 621
9167 621
9168 621
9169 621
9170 621
9171 621
9172 621
9173 621
9174 621
9175 621
9176 621
9177 621
9178 621
9179 621
9180 621
9181 621
9182 621
9183 621
9184 621
9185 621
9186 621
9187 621
9188 621
9189 621
9190 621
9191 621
9192 621
9193 621
9194 621
9195 621
9196 621
9197 621
9198 621
9199 621
9200 621
9201 621
9202 621
9203 621
9204 621
9205 621
9206 621
9207 621
9208 621
9209 621
9210 621
9211 621
9212 621
9213 621
9214 621
9215 621
9216 621
9217 621
9218 621
9219 621
9220 621
9221 621
9222 621
9223 621
9224 621
9225 621
9226 621
9227 621
9228 621
9229 621
9230 621
9231 621
9232 621
9233 621
9234 621
9235 621
9236 621
9237 621
9238 621
9239 621
9240 621
9241 621
9242 621
9243 621
9244 621
9245 621
9246 621
9247 621
9248 621
9249 621
9250 621
9251 621
9252 621
9253 621
9254 621
9255 621
9256 621
9257 621
9258 621
9259 621
9260 621
9261 621
9262 621
9263 621
9264 621
9265 621
9266 621
9267 621
9268 621
9269 621
9270 622
9271 630
9272 621
9273 630
9274 621
9275 621
9276 630
9277 621
9278 639
9279 659
9280 621
9281 636
9282 646
9283 621
9284 628
9285 630
9286 621
9287 640
9288 621
9289 621
9290 630
9291 621
9292 621
9293 629
9294 621
9295 621
9296 658
9297 659
9298 661
9299 629
9300 621
9301 621
9302 630
9303 621
9304 629
9305 630
9306 621
9307 630
9308 621
9309 621
9310 630
9311 621
9312 630
9313 637
9314 622
9315 621
9316 629
9317 621
9318 630
9319 621
9320 621
9321 630
9322 621
9323 621
9324 665
9325 659
9326 630
9327 621
9328 622
9329 630
9330 621
9331 621
9332 664
9333 659
9334 666
9335 630
9336 621
9337 621
9338 641
9339 621
9340 630
9341 621
9342 628
9343 621
9344 621
9345 621
9346 629
9347 621
9348 621
9349 621
9350 621
9351 621
9352 630
9353 621
9354 621
9355 621
9356 621
9357 621
9358 629
9359 621
9360 621
9361 630
9362 621
9363 621
9364 630
9365 621
9366 621
9367 629
9368 621
9369 621
9370 660
9371 659
9372 658
9373 630
9374 621
9375 621
9376 621
9377 621
9378 630
9379 661
9380 659
9381 659
9382 668
9383 659
9384 659
9385 630
9386 621
9387 630
9388 629
9389 621
9390 630
9391 630
9392 621
9393 638
9394 630
9395 621
9396 621
9397 621
9398 621
9399 636
9400 621
9401 630
9402 621
9403 621
9404 621
9405 664
9406 659
9407 658
9408 621
9409 621
9410 630
9411 621
9412 629
9413 680
9414 621
9415 621
9416 661
9417 659
9418 661
9419 662
9420 659
9421 659
9422 659
9423 659
9424 655
9425 621
9426 621
9427 630
9428 621
9429 621
9430 629
9431 621
9432 621
9433 708
9434 659
9435 655
9436 622
9437 621
9438 621
9439 627
9440 621
9441 630
9442 630
9443 621
9444 621
9445 629
9446 621
9447 629
9448 621
9449 621
9450 621
9451 621
9452 621
9453 650
9454 659
9455 659
9456 647
9457 621
9458 621
9459 629
9460 621
9461 621
9462 630
9463 621
9464 630
9465 629
9466 621
9467 629
9468 630
9469 621
9470 632
9471 647
9472 621
9473 630
9474 663
9475 659
9476 661
9477 630
9478 621
9479 621
9480 629
9481 621
9482 630
9483 630
9484 621
9485 621
9486 629
9487 621
9488 630
9489 629
9490 621
9491 621
9492 629
9493 621
9494 630
9495 630
9496 621
9497 621
9498 629
9499 621
9500 642
9501 629
9502 621
9503 629
9504 621
9505 621
9506 630
9507 621
9508 628
9509 639
9510 621
9511 630
9512 629
9513 621
9514 643
9515 659
9516 659
9517 653
9518 633
9519 659
9520 667
9521 659
9522 668
9523 638
9524 621
9525 621
9526 630
9527 621
9528 629
9529 666
9530 659
9531 659
9532 659
9533 659
9534 642
9535 621
9536 621
9537 629
9538 621
9539 621
9540 630
9541 621
9542 621
9543 630
9544 621
9545 630
9546 629
9547 621
9548 630
9549 621
9550 621
9551 629
9552 621
9553 621
9554 629
9555 621
9556 621
9557 621
9558 621
9559 621
9560 630
9561 621
9562 630
9563 667
9564 659
9565 654
9566 622
9567 622
9568 631
9569 637
9570 621
9571 621
9572 660
9573 659
9574 664
9575 630
9576 621
9577 621
9578 622
9579 621
9580 642
9581 642
9582 621
9583 621
9584 624
9585 621
9586 629
9587 621
9588 621
9589 630
9590 621
9591 621
9592 630
9593 621
9594 630
9595 640
9596 622
9597 621
9598 630
9599 621
9600 635
9601 644
9602 621
9603 621
9604 629
9605 621
9606 648
9607 659
9608 667
9609 651
9610 659
9611 659
9612 644
9613 633
9614 653
9615 630
9616 621
9617 621
9618 629
9619 621
9620 630
9621 629
9622 621
9623 621
9624 621
9625 621
9626 630
9627 622
9628 621
9629 630
9630 621
9631 621
9632 629
9633 621
9634 629
9635 629
9636 621
9637 621
9638 621
9639 621
9640 629
9641 621
9642 630
9643 621
9644 621
9645 651
9646 659
9647 663
9648 655
9649 662
9650 659
9651 634
9652 621
9653 629
9654 621
9655 621
9656 630
9657 621
9658 621
9659 629
9660 621
9661 621
9662 637
9663 621
9664 621
9665 629
9666 621
9667 621
9668 629
9669 621
9670 621
9671 623
9672 621
9673 645
9674 625
9675 621
9676 630
9677 629
9678 621
9679 630
9680 626
9681 621
9682 630
9683 621
9684 621
9685 630
9686 621
9687 621
9688 629
9689 621
9690 621
9691 621
9692 621
9693 621
9694 629
9695 621
9696 630
9697 639
9698 621
9699 621
9700 630
9701 621
9702 637
9703 667
9704 659
9705 659
9706 634
9707 621
9708 630
9709 629
9710 621
9711 621
9712 629
9713 621
9714 638
9715 667
9716 666
9717 667
9718 659
9719 659
9720 641
9721 651
9722 640
9723 628
9724 632
9725 627
9726 627
9727 621
9728 627
9729 627
9730 646
9731 633
9732 627
9733 649
9734 650
9735 621
9736 641
9737 665
9738 659
9739 659
9740 653
9741 627
9742 627
9743 627
9744 621
9745 628
9746 644
9747 635
9748 623
9749 627
9750 645
9751 666
9752 659
9753 649
9754 627
9755 621
9756 621
9757 635
9758 627
9759 627
9760 627
9761 627
9762 627
9763 658
9764 627
9765 621
9766 627
9767 627
9768 621
9769 621
9770 656
9771 665
9772 665
9773 637
9774 621
9775 627
9776 627
9777 621
9778 621
9779 641
9780 621
9781 621
9782 630
9783 621
9784 621
9785 621
9786 621
9787 621
9788 638
9789 621
9790 632
9791 641
9792 659
9793 651
9794 621
9795 621
9796 656
9797 659
9798 659
9799 643
9800 621
9801 630
9802 630
9803 621
9804 640
9805 659
9806 659
9807 668
9808 659
9809 659
9810 668
9811 659
9812 659
9813 650
9814 621
9815 630
9816 630
9817 621
9818 630
9819 629
9820 621
9821 630
9822 621
9823 621
9824 629
9825 621
9826 628
9827 621
9828 621
9829 621
9830 629
9831 621
9832 640
9833 659
9834 659
9835 659
9836 659
9837 659
9838 651
9839 621
9840 621
9841 660
9842 659
9843 664
9844 646
9845 659
9846 659
9847 642
9848 659
9849 630
9850 621
9851 621
9852 630
9853 621
9854 621
9855 630
9856 621
9857 630
9858 624
9859 621
9860 621
9861 621
9862 621
9863 630
9864 621
9865 621
9866 621
9867 621
9868 621
9869 630
9870 621
9871 630
9872 630
9873 621
9874 629
9875 666
9876 659
9877 667
9878 662
9879 659
9880 659
9881 659
9882 659
9883 667
9884 1394
9885 1341
9886 1341
9887 1341
9888 1340
9889 1340
9890 1340
9891 1352
9892 1383
9893 1340
9894 1340
9895 1340
9896 1340
9897 1340
9898 1340
9899 1340
9900 1382
9901 1358
9902 1340
9903 1340
9904 1340
9905 1340
9906 1340
9907 1340
9908 1352
9909 1340
9910 1340
9911 1340
9912 1340
9913 1340
9914 1340
9915 1340
9916 1340
9917 1340
9918 1340
9919 1340
9920 1340
9921 1340
9922 1340
9923 1340
9924 1359
9925 1340
9926 1339
9927 1340
9928 1340
9929 1340
9930 1340
9931 1340
9932 1340
9933 1340
9934 1340
9935 1340
9936 1340
9937 1351
9938 1382
9939 1340
9940 1340
9941 1368
9942 1394
9943 1421
9944 1382
9945 1340
9946 1340
9947 1340
9948 1340
9949 1340
9950 1340
9951 1340
9952 1339
9953 1340
9954 1340
9955 1340
9956 1340
9957 1340
9958 1341
9959 1340
9960 1339
9961 1340
9962 1358
9963 1340
9964 1340
9965 1340
9966 1340
9967 1340
9968 1340
9969 1340
9970 1340
9971 1340
9972 1358
9973 1340
9974 1340
9975 1377
9976 1395
9977 1340
9978 1340
9979 1340
9980 1340
9981 1340
9982 1340
9983 1340
9984 1340
9985 1339
9986 1340
9987 1340
9988 1352
9989 1376
9990 1422
9991 1395
9992 1340
9993 1340
9994 1340
9995 1340
9996 1340
9997 1340
9998 1340
9999 1340
10000 1340
# sum: 1838
# min: 619
# max: 1663
# err cnt: 33
