8 11
9 1484
10 6070
11 8709
12 8981
13 9048
14 9295
15 9369
16 9657
17 9704
18 9720
19 9731
20 9751
21 9763
22 9772
23 9780
24 9788
25 9791
26 9796
27 9803
28 9806
29 9807
30 9809
31 9812
32 9814
33 9815
35 9816
39 9817
42 9818
55 9819
58 9820
69 9821
124 9822
129 9823
132 9824
137 9825
138 9826
140 9828
145 9829
147 9830
150 9831
151 9834
152 9835
153 9837
154 9838
155 9839
157 9840
158 9844
159 9845
162 9846
164 9847
165 9849
166 9850
167 9855
168 9859
169 9861
170 9863
171 9864
172 9868
173 9871
174 9875
175 9882
177 9887
178 9888
179 9893
180 9900
181 9903
182 9905
190 9907
191 9910
192 9912
193 9916
194 9922
195 9924
196 9928
197 9931
199 9932
201 9933
202 9935
203 9937
204 9939
206 9941
207 9943
208 9945
209 9947
210 9951
213 9955
214 9956
215 9960
216 9961
217 9966
218 9968
219 9972
220 9979
221 9983
222 9986
223 9987
226 9988
227 9989
228 9990
229 9992
232 9994
235 9996
237 9997
241 9998
247 9999
318 10000
