0 1815
1 1769
2 1775
3 1765
4 1764
5 1753
6 1768
7 1762
8 1762
9 1765
10 1767
11 1775
12 1753
13 1765
14 1774
15 1766
16 1766
17 1765
18 1754
19 1765
20 1765
21 1766
22 1766
23 1763
24 1758
25 1773
26 1758
27 1767
28 1764
29 1767
30 1776
31 1757
32 1771
33 1763
34 1756
35 1766
36 1765
37 1764
38 1764
39 1758
40 1761
41 1751
42 1765
43 1768
44 1760
45 1771
46 1764
47 1775
48 1764
49 1770
50 1765
51 1759
52 1761
53 1768
54 1766
55 1762
56 1767
57 1754
58 1755
59 1764
60 1762
61 1766
62 1762
63 1777
64 1778
65 1765
66 1764
67 1763
68 1770
69 1782
70 1767
71 1765
72 1766
73 1764
74 1773
75 1789
76 1764
77 1763
78 1766
79 1760
80 1765
81 1766
82 1761
83 1762
84 1764
85 1766
86 1755
87 1766
88 1766
89 1764
90 1780
91 1765
92 1769
93 1769
94 1762
95 1756
96 1757
97 1759
98 1759
99 1765
100 1762
101 1771
102 1758
103 1764
104 1760
105 1765
106 1778
107 1756
108 1763
109 1767
110 1783
111 1759
112 1759
113 1758
114 1765
115 1767
116 1766
117 1774
118 1753
119 1761
120 1758
121 1765
122 1759
123 1776
124 1763
125 1764
126 1766
127 1763
128 1765
129 1757
130 1771
131 1751
132 1780
133 1763
134 1767
135 1754
136 1770
137 1763
138 1771
139 1775
140 1770
141 1761
142 1786
143 1762
144 1763
145 1758
146 1765
147 1763
148 1758
149 1765
150 1766
151 1759
152 1765
153 1764
154 1768
155 1765
156 1760
157 1767
158 1768
159 1765
160 1765
161 1762
162 1759
163 1763
164 1762
165 1772
166 1760
167 1772
168 1765
169 1755
170 1765
171 1766
172 1767
173 1777
174 1763
175 1755
176 1775
177 1764
178 1768
179 1764
180 1758
181 1759
182 1767
183 1761
184 1762
185 1747
186 1769
187 1763
188 1779
189 1773
190 1772
191 1766
192 1755
193 1762
194 1759
195 1779
196 1763
197 1765
198 1778
199 1765
200 1779
201 1768
202 1777
203 1776
204 1761
205 1768
206 1771
207 1767
208 1762
209 1764
210 1765
211 1767
212 1765
213 1763
214 1761
215 1765
216 1760
217 1768
218 1766
219 1770
220 1772
221 1760
222 1753
223 1768
224 1764
225 1780
226 1759
227 1766
228 1746
229 1786
230 1779
231 1760
232 1771
233 1755
234 1776
235 1755
236 1758
237 1775
238 1776
239 1765
240 1764
241 1761
242 1779
243 1760
244 1771
245 1770
246 1772
247 1764
248 1762
249 1764
250 1763
251 1769
252 1761
253 1764
254 1765
255 1764
256 1765
257 1773
258 1753
259 1774
260 1754
261 1765
262 1762
263 1761
264 1763
265 1760
266 1755
267 1762
268 1756
269 1763
270 1766
271 1762
272 1752
273 1771
274 1761
275 1765
276 1765
277 1778
278 1764
279 1778
280 1765
281 1779
282 1762
283 1765
284 1764
285 1760
286 1770
287 1765
288 1767
289 1760
290 1751
291 1766
292 1767
293 1758
294 1765
295 1764
296 1768
297 1773
298 1759
299 1762
300 1762
301 1765
302 1781
303 1767
304 1767
305 1766
306 1774
307 1773
308 1774
309 1767
310 1768
311 1775
312 1770
313 1781
314 1778
315 1767
316 1775
317 1785
318 1790
319 1766
320 1761
321 1768
322 1763
323 1757
324 1767
325 1768
326 1772
327 1763
328 1771
329 1763
330 1768
331 1759
332 1763
333 1764
334 1758
335 1779
336 1764
337 1766
338 1766
339 1763
340 1766
341 1764
342 1766
343 1760
344 1755
345 1761
346 1755
347 1756
348 1767
349 1759
350 1751
351 1767
352 1782
353 1759
354 1757
355 1762
356 1764
357 1759
358 1766
359 1764
360 1770
361 1765
362 1750
363 1761
364 1765
365 1766
366 1774
367 1777
368 1765
369 1768
370 1764
371 1766
372 1766
373 1757
374 1765
375 1765
376 1759
377 1750
378 1763
379 1755
380 1755
381 1759
382 1766
383 1767
384 1761
385 1762
386 1764
387 1759
388 1758
389 1776
390 1763
391 1768
392 1768
393 1769
394 1777
395 1755
396 1765
397 1777
398 1764
399 1758
400 1766
401 1761
402 1765
403 1765
404 1763
405 1774
406 1764
407 1772
408 1759
409 1760
410 1767
411 1764
412 1763
413 1768
414 1767
415 1752
416 1772
417 1771
418 1770
419 1762
420 1764
421 1773
422 1770
423 1764
424 1767
425 1760
426 1757
427 1761
428 1759
429 1770
430 1776
431 1771
432 1766
433 1771
434 1774
435 1755
436 1780
437 1758
438 1761
439 1758
440 1764
441 1776
442 1774
443 1766
444 1768
445 1763
446 1783
447 1766
448 1765
449 1761
450 1753
451 1770
452 1763
453 1770
454 1765
455 1765
456 1765
457 1775
458 1756
459 1764
460 1752
461 1783
462 1763
463 1779
464 1760
465 1758
466 1780
467 1764
468 1775
469 1763
470 1763
471 1767
472 1762
473 1769
474 1767
475 1766
476 1767
477 1757
478 1770
479 1772
480 1768
481 1767
482 1761
483 1759
484 1760
485 1760
486 1768
487 1756
488 1773
489 1776
490 1768
491 1766
492 1767
493 1765
494 1784
495 1775
496 1765
497 1765
498 1754
499 1752
500 1765
501 1756
502 1766
503 1782
504 1773
505 1775
506 1769
507 1777
508 1773
509 1765
510 1763
511 1753
512 1771
513 1765
514 1757
515 1758
516 1761
517 1759
518 1763
519 1758
520 1764
521 1775
522 1771
523 1766
524 1759
525 1777
526 1769
527 1778
528 1765
529 1762
530 1774
531 1764
532 1767
533 1773
534 1764
535 1749
536 1765
537 1764
538 1758
539 1758
540 1765
541 1777
542 1788
543 1757
544 1761
545 1767
546 1769
547 1763
548 1770
549 1763
550 1770
551 1775
552 1764
553 1756
554 1772
555 1780
556 1763
557 1752
558 1771
559 1760
560 1765
561 1767
562 1753
563 1768
564 1761
565 1766
566 1764
567 1764
568 1754
569 1764
570 1777
571 1766
572 1769
573 1757
574 1764
575 1764
576 1756
577 1759
578 1761
579 1765
580 1763
581 1760
582 1763
583 1780
584 1766
585 1754
586 1756
587 1766
588 1765
589 1770
590 1767
591 1771
592 1789
593 1775
594 1768
595 1779
596 1765
597 1760
598 1769
599 1768
600 1774
601 1768
602 1774
603 1762
604 1780
605 1765
606 1765
607 1773
608 1765
609 1757
610 1765
611 1765
612 1762
613 1764
614 1763
615 1767
616 1760
617 1766
618 1765
619 1766
620 1759
621 1773
622 1753
623 1757
624 1767
625 1786
626 1771
627 1766
628 1761
629 1769
630 1765
631 1766
632 1769
633 1764
634 1759
635 1760
636 1770
637 1767
638 1770
639 1768
640 1773
641 1772
642 1763
643 1753
644 1751
645 1763
646 1764
647 1769
648 1762
649 1757
650 1758
651 1780
652 1762
653 1765
654 1757
655 1762
656 1764
657 1765
658 1771
659 1763
660 1765
661 1764
662 1780
663 1768
664 1775
665 1766
666 1760
667 1758
668 1759
669 1760
670 1765
671 1761
672 1765
673 1754
674 1768
675 1753
676 1765
677 1763
678 1766
679 1772
680 1765
681 1771
682 1782
683 1761
684 1764
685 1764
686 1778
687 1764
688 1763
689 1755
690 1764
691 1767
692 1763
693 1769
694 1772
695 1771
696 1758
697 1754
698 1760
699 1768
700 1767
701 1782
702 1762
703 1774
704 1766
705 1763
706 1779
707 1777
708 1784
709 1772
710 1761
711 1767
712 1765
713 1757
714 1782
715 1766
716 1772
717 1772
718 1763
719 1765
720 1760
721 1765
722 1777
723 1757
724 1765
725 1758
726 1760
727 1760
728 1776
729 1768
730 1760
731 1764
732 1763
733 1758
734 1763
735 1765
736 1756
737 1757
738 1776
739 1764
740 1770
741 1764
742 1766
743 1761
744 1774
745 1765
746 1771
747 1772
748 1766
749 1770
750 1766
751 1764
752 1754
753 1766
754 1760
755 1747
756 1759
757 1772
758 1769
759 1778
760 1761
761 1765
762 1767
763 1755
764 1762
765 1760
766 1772
767 1775
768 1761
769 1765
770 1764
771 1757
772 1765
773 1759
774 1765
775 1772
776 1765
777 1766
778 1762
779 1764
780 1758
781 1776
782 1769
783 1767
784 1766
785 1757
786 1762
787 1766
788 1762
789 1761
790 1771
791 1764
792 1785
793 1758
794 1763
795 1761
796 1760
797 1753
798 1768
799 1764
800 1766
801 1759
802 1766
803 1780
804 1766
805 1760
806 1761
807 1773
808 1768
809 1759
810 1766
811 1777
812 1776
813 1764
814 1757
815 1773
816 1760
817 1770
818 1777
819 1788
820 1766
821 1759
822 1771
823 1774
824 1764
825 1761
826 1766
827 1757
828 1764
829 1767
830 1765
831 1768
832 1765
833 1757
834 1769
835 1768
836 1757
837 1757
838 1764
839 1764
840 1763
841 1753
842 1759
843 1769
844 1760
845 1776
846 1758
847 1766
848 1766
849 1781
850 1777
851 1759
852 1773
853 1768
854 1759
855 1754
856 1759
857 1763
858 1782
859 1765
860 1772
861 1764
862 1757
863 1763
864 1767
865 1767
866 1765
867 1765
868 1761
869 1766
870 1762
871 1765
872 1779
873 1763
874 1769
875 1766
876 1762
877 1759
878 1763
879 1765
880 1767
881 1772
882 1760
883 1787
884 1761
885 1762
886 1759
887 1765
888 1758
889 1761
890 1760
891 1774
892 1751
893 1769
894 1765
895 1778
896 1760
897 1771
898 1764
899 1761
900 1779
901 1779
902 1755
903 1781
904 1779
905 1762
906 1758
907 1762
908 1771
909 1764
910 1769
911 1767
912 1759
913 1763
914 1764
915 1764
916 1780
917 1765
918 1759
919 1760
920 1756
921 1765
922 1763
923 1775
924 1762
925 1772
926 1773
927 1764
928 1767
929 1762
930 1761
931 1769
932 1764
933 1768
934 1762
935 1759
936 1764
937 1760
938 1765
939 1765
940 1764
941 1759
942 1791
943 1764
944 1769
945 1765
946 1754
947 1754
948 1762
949 1763
950 1773
951 1767
952 1759
953 1764
954 1762
955 1766
956 1769
957 1761
958 1775
959 1779
960 1766
961 1752
962 1765
963 1750
964 1764
965 1766
966 1764
967 1758
968 1765
969 1765
970 1759
971 1763
972 1763
973 1759
974 1770
975 1766
976 1758
977 1775
978 1774
979 1764
980 1762
981 1750
982 1778
983 1760
984 1767
985 1765
986 1770
987 1755
988 1780
989 1769
990 1766
991 1768
992 1765
993 1758
994 1758
995 1774
996 1768
997 1766
998 1763
999 1764
# sum: 1765
# min: 1746
# max: 1815
# err cnt: 0
