0 4288
1 4363
2 4200
3 4233
4 4330
5 4462
6 4460
7 4442
8 4354
9 4352
10 4410
11 4350
12 4354
13 4358
14 4270
15 4225
16 4338
17 4384
18 4374
19 4264
20 4347
21 4215
22 4263
23 4261
24 4265
25 4353
26 4414
27 4449
28 4215
29 4284
30 4289
31 4395
32 4208
33 4253
34 4476
35 4445
36 4215
37 4163
38 4086
39 4138
40 4081
41 4185
42 4089
43 4079
44 4088
45 4079
46 4080
47 4135
48 4081
49 4087
50 4129
51 4079
52 4081
53 4193
54 4285
55 4254
56 4080
57 4128
58 4096
59 4283
60 4192
61 4195
62 4135
63 4079
64 4080
65 4079
66 4080
67 4135
68 4084
69 4217
70 4186
71 4141
72 4184
73 4134
74 4178
75 4092
76 4237
77 4143
78 4081
79 4135
80 4133
81 4079
82 4196
83 4197
84 4132
85 4104
86 4145
87 4081
88 4079
89 4133
90 4078
91 4080
92 4079
93 4179
94 4079
95 4098
96 4080
97 4080
98 4134
99 4232
100 4146
101 4080
102 4140
103 4148
104 4195
105 4106
106 4142
107 4140
108 4080
109 4083
110 4309
111 4380
112 4180
113 4078
114 4080
115 4078
116 4142
117 4177
118 4134
119 4191
120 4139
121 4245
122 4130
123 4250
124 4138
125 4080
126 4079
127 4080
128 4079
129 4086
130 4078
131 4428
132 4088
133 4080
134 4137
135 4240
136 4138
137 4143
138 4080
139 4079
140 4184
141 4182
142 4080
143 4128
144 4090
145 4129
146 4126
147 4093
148 4080
149 4137
150 4235
151 4090
152 4090
153 4084
154 4088
155 4192
156 4138
157 4079
158 4078
159 4081
160 4079
161 4080
162 4133
163 4081
164 4101
165 4090
166 4079
167 4081
168 4129
169 4080
170 4079
171 4129
172 4191
173 4080
174 4187
175 4153
176 4079
177 4082
178 4079
179 4081
180 4079
181 4182
182 4127
183 4264
184 4143
185 4148
186 4211
187 4127
188 4102
189 4127
190 4201
191 4127
192 4128
193 4093
194 4129
195 4200
196 4102
197 4266
198 4138
199 4299
200 4086
201 4229
202 4212
203 4079
204 4127
205 4245
206 4096
207 4128
208 4080
209 4271
210 4208
211 4098
212 4126
213 4081
214 4092
215 4144
216 4142
217 4126
218 4079
219 4081
220 4078
221 4080
222 4132
223 4080
224 4102
225 4083
226 4078
227 4194
228 4079
229 4293
230 4124
231 4080
232 4080
233 4129
234 4087
235 4267
236 4079
237 4251
238 4079
239 4080
240 4138
241 4211
242 4079
243 4080
244 4078
245 4081
246 4089
247 4128
248 4194
249 4082
250 4085
251 4125
252 4194
253 4081
254 4078
255 4092
256 4078
257 4211
258 4098
259 4138
260 4138
261 4177
262 4314
263 4088
264 4128
265 4100
266 4248
267 4210
268 4078
269 4137
270 4078
271 4086
272 4181
273 4135
274 4085
275 4237
276 4124
277 4128
278 4192
279 4082
280 4179
281 4086
282 4131
283 4081
284 4127
285 4080
286 4079
287 4080
288 4079
289 4080
290 4145
291 4088
292 4145
293 4080
294 4131
295 4177
296 4167
297 4179
298 4087
299 4205
300 4137
301 4196
302 4272
303 4080
304 4176
305 4273
306 4190
307 4137
308 4139
309 4106
310 4191
311 4196
312 4235
313 4157
314 4232
315 4081
316 4078
317 4080
318 4140
319 4149
320 4195
321 4127
322 4081
323 4129
324 4200
325 4134
326 4429
327 4082
328 4179
329 4080
330 4079
331 4185
332 4182
333 4130
334 4112
335 4080
336 4292
337 4104
338 4139
339 4140
340 4127
341 4104
342 4083
343 4086
344 4207
345 4079
346 4193
347 4135
348 4095
349 4127
350 4141
351 4125
352 4133
353 4081
354 4176
355 4185
356 4180
357 4135
358 4125
359 4177
360 4098
361 4137
362 4139
363 4154
364 4078
365 4212
366 4195
367 4092
368 4079
369 4080
370 4234
371 4134
372 4090
373 4080
374 4079
375 4133
376 4095
377 4080
378 4139
379 4080
380 4079
381 4080
382 4216
383 4136
384 4400
385 4137
386 4080
387 4087
388 4082
389 4084
390 4137
391 4125
392 4182
393 4078
394 4080
395 4079
396 4125
397 4079
398 4145
399 4092
400 4235
401 4128
402 4079
403 4093
404 4184
405 4235
406 4202
407 4136
408 4099
409 4136
410 4107
411 4127
412 4089
413 4104
414 4137
415 4133
416 4235
417 4265
418 4184
419 4184
420 4192
421 4141
422 4138
423 4144
424 4132
425 4185
426 4169
427 4129
428 4092
429 4144
430 4094
431 4078
432 4140
433 4137
434 4190
435 4242
436 4138
437 4085
438 4129
439 4081
440 4183
441 4092
442 4129
443 4196
444 4078
445 4135
446 4183
447 4188
448 4241
449 4126
450 4244
451 4080
452 4241
453 4356
454 4183
455 4080
456 4086
457 4080
458 4079
459 4087
460 4242
461 4080
462 4197
463 4080
464 4133
465 4191
466 4103
467 4239
468 4181
469 4129
470 4194
471 4136
472 4080
473 4079
474 4138
475 4142
476 4210
477 4128
478 4273
479 4132
480 4135
481 4195
482 4134
483 4187
484 4096
485 4249
486 4142
487 4368
488 4129
489 4137
490 4080
491 4141
492 4145
493 4081
494 4083
495 4081
496 4349
497 4131
498 4190
499 4149
500 4189
501 4242
502 4144
503 4080
504 4179
505 4132
506 4079
507 4129
508 4141
509 4081
510 4144
511 4092
512 4091
513 4137
514 4184
515 4128
516 4083
517 4079
518 4130
519 4137
520 4131
521 4092
522 4192
523 4142
524 4098
525 4141
526 4299
527 4145
528 4179
529 4136
530 4143
531 4173
532 4140
533 4133
534 4078
535 4075
536 4225
537 4129
538 4077
539 4075
540 4179
541 4241
542 4126
543 4077
544 4079
545 4180
546 4180
547 4095
548 4079
549 4097
550 4184
551 4084
552 4074
553 4129
554 4077
555 4125
556 4176
557 4077
558 4074
559 4124
560 4127
561 4185
562 4187
563 4133
564 4175
565 4093
566 4074
567 4129
568 4127
569 4076
570 4123
571 4091
572 4174
573 4227
574 4125
575 4085
576 4129
577 4076
578 4179
579 4180
580 4135
581 4235
582 4142
583 4192
584 4177
585 4076
586 4075
587 4074
588 4074
589 4074
590 4130
591 4134
592 4138
593 4134
594 4188
595 4093
596 4125
597 4076
598 4184
599 4093
600 4084
601 4074
602 4080
603 4074
604 4074
605 4074
606 4075
607 4074
608 4074
609 4074
610 4079
611 4074
612 4084
613 4124
614 4125
615 4084
616 4074
617 4126
618 4077
619 4074
620 4131
621 4077
622 4132
623 4139
624 4077
625 4123
626 4090
627 4124
628 4076
629 4074
630 4092
631 4124
632 4193
633 4077
634 4125
635 4077
636 4143
637 4191
638 4084
639 4074
640 4115
641 4076
642 4224
643 4076
644 4179
645 4136
646 4140
647 4143
648 4120
649 4076
650 4096
651 4184
652 4187
653 4076
654 4074
655 4185
656 4139
657 4127
658 4077
659 4084
660 4143
661 4131
662 4076
663 4143
664 4106
665 4074
666 4074
667 4074
668 4179
669 4135
670 4138
671 4352
672 4084
673 4227
674 4096
675 4074
676 4124
677 4122
678 4187
679 4180
680 4122
681 4082
682 4122
683 4189
684 4130
685 4326
686 4186
687 4076
688 4123
689 4135
690 4133
691 4134
692 4077
693 4179
694 4103
695 4193
696 4094
697 4132
698 4081
699 4180
700 4193
701 4089
702 4074
703 4097
704 4124
705 4127
706 4132
707 4186
708 4082
709 4127
710 4182
711 4175
712 4122
713 4126
714 4147
715 4076
716 4079
717 4120
718 4077
719 4129
720 4129
721 4069
722 4078
723 4217
724 4076
725 4091
726 4124
727 4175
728 4076
729 4078
730 4092
731 4124
732 4076
733 4074
734 4124
735 4132
736 4127
737 4195
738 4081
739 4074
740 4096
741 4125
742 4076
743 4122
744 4134
745 4127
746 4077
747 4137
748 4139
749 4132
750 4077
751 4137
752 4132
753 4134
754 4127
755 4121
756 4180
757 4186
758 4322
759 4122
760 4076
761 4179
762 4084
763 4173
764 4130
765 4183
766 4076
767 4123
768 4187
769 4132
770 4081
771 4131
772 4185
773 4121
774 4238
775 4126
776 4084
777 4074
778 4116
779 4076
780 4074
781 4137
782 4126
783 4134
784 4076
785 4174
786 4084
787 4079
788 4265
789 4145
790 4127
791 4079
792 4074
793 4179
794 4146
795 4125
796 4084
797 4141
798 4139
799 4137
800 4077
801 4074
802 4129
803 4135
804 4134
805 4182
806 4233
807 4078
808 4075
809 4074
810 4075
811 4075
812 4093
813 4086
814 4148
815 4123
816 4127
817 4137
818 4134
819 4134
820 4133
821 4140
822 4132
823 4190
824 4132
825 4123
826 4077
827 4125
828 4180
829 4127
830 4141
831 4077
832 4075
833 4075
834 4125
835 4131
836 4077
837 4263
838 4094
839 4307
840 4196
841 4136
842 4083
843 4190
844 4206
845 4179
846 4087
847 4133
848 4132
849 4084
850 4142
851 4086
852 4079
853 4081
854 4105
855 4080
856 4167
857 4135
858 4128
859 4138
860 4084
861 4235
862 4144
863 4139
864 4131
865 4188
866 4155
867 4141
868 4095
869 4135
870 4144
871 4209
872 4128
873 4146
874 4138
875 4081
876 4079
877 4082
878 4134
879 4191
880 4079
881 4230
882 4238
883 4141
884 4080
885 4078
886 4186
887 4236
888 4092
889 4128
890 4192
891 4127
892 4188
893 4189
894 4091
895 4134
896 4097
897 4079
898 4209
899 4084
900 4081
901 4132
902 4131
903 4127
904 4077
905 4127
906 4259
907 4075
908 4075
909 4127
910 4076
911 4132
912 4076
913 4320
914 4180
915 4076
916 4075
917 4137
918 4134
919 4127
920 4076
921 4131
922 4099
923 4181
924 4076
925 4231
926 4186
927 4081
928 4132
929 4131
930 4126
931 4131
932 4075
933 4174
934 4083
935 4075
936 4076
937 4248
938 4222
939 4395
940 4349
941 4251
942 4349
943 4269
944 4411
945 4430
946 4278
947 4348
948 4283
949 4390
950 4350
951 4342
952 4409
953 4325
954 4218
955 4327
956 4380
957 4350
958 4389
959 4432
960 4359
961 4350
962 4442
963 4296
964 4252
965 4261
966 4340
967 4296
968 4459
969 4226
970 4143
971 4419
972 4409
973 4355
974 4283
975 4281
976 4444
977 4156
978 4252
979 4428
980 4296
981 4257
982 4448
983 4395
984 4435
985 4190
986 4329
987 4268
988 4291
989 4406
990 4480
991 4393
992 4215
993 4365
994 4448
995 4440
996 4338
997 4224
998 4277
999 4348
1000 4388
1001 4322
1002 4405
1003 4407
1004 4374
1005 4391
1006 4361
1007 4218
1008 4292
1009 4417
1010 4358
1011 4254
1012 4349
1013 4391
1014 4353
1015 4434
1016 4350
1017 4397
1018 4330
1019 4348
1020 4404
1021 4325
1022 4357
1023 4224
1024 4282
1025 4407
1026 4215
1027 4278
1028 4412
1029 4236
1030 4336
1031 4360
1032 4334
1033 4293
1034 4282
1035 4327
1036 4349
1037 4371
1038 4370
1039 4377
1040 4325
1041 4309
1042 4275
1043 4429
1044 4348
1045 4367
1046 4223
1047 4214
1048 4281
1049 4397
1050 4262
1051 4352
1052 4360
1053 4371
1054 4339
1055 4337
1056 4362
1057 4290
1058 4299
1059 4334
1060 4356
1061 4293
1062 4416
1063 4480
1064 4397
1065 4377
1066 4191
1067 4282
1068 4425
1069 4372
1070 4444
1071 4370
1072 4328
1073 4256
1074 4441
1075 4321
1076 4213
1077 4379
1078 4367
1079 4243
1080 4282
1081 4435
1082 4263
1083 4383
1084 4436
1085 4329
1086 4460
1087 4414
1088 4349
1089 4387
1090 4189
1091 4410
1092 4367
1093 4409
1094 4403
1095 4284
1096 4308
1097 4414
1098 4219
1099 4332
1100 4410
1101 4283
1102 4146
1103 4261
1104 4476
1105 4272
1106 4422
1107 4265
1108 4315
1109 4289
1110 4433
1111 4215
1112 4286
1113 4287
1114 4281
1115 4279
1116 4354
1117 4213
1118 4334
1119 4436
1120 4283
1121 4209
1122 4347
1123 4352
1124 4295
1125 4358
1126 4382
1127 4150
1128 4423
1129 4355
1130 4222
1131 4467
1132 4338
1133 4314
1134 4433
1135 4257
1136 4294
1137 4214
1138 4304
1139 4375
1140 4225
1141 4134
1142 4359
1143 4389
1144 4292
1145 4442
1146 4283
1147 4393
1148 4287
1149 4362
1150 4349
1151 4283
1152 4341
1153 4292
1154 4347
1155 4351
1156 4349
1157 4288
1158 4213
1159 4214
1160 4279
1161 4283
1162 4447
1163 4432
1164 4275
1165 4387
1166 4436
1167 4375
1168 4286
1169 4373
1170 4275
1171 4430
1172 4191
1173 4353
1174 4356
1175 4281
1176 4234
1177 4334
1178 4325
1179 4149
1180 4281
1181 4293
1182 4288
1183 4331
1184 4450
1185 4347
1186 4349
1187 4401
1188 4357
1189 4360
1190 4448
1191 4231
1192 4283
1193 4328
1194 4097
1195 4283
1196 4360
1197 4175
1198 4349
1199 4144
1200 4364
1201 4148
1202 4291
1203 4421
1204 4377
1205 4400
1206 4467
1207 4293
1208 4376
1209 4269
1210 4130
1211 4328
1212 4355
1213 4222
1214 4213
1215 4287
1216 4170
1217 4283
1218 4353
1219 4346
1220 4359
1221 4366
1222 4392
1223 4364
1224 4270
1225 4232
1226 4152
1227 4339
1228 4365
1229 4280
1230 4256
1231 4216
1232 4196
1233 4383
1234 4281
1235 4220
1236 4349
1237 4334
1238 4209
1239 4383
1240 4477
1241 4353
1242 4347
1243 4405
1244 4281
1245 4334
1246 4246
1247 4436
1248 4334
1249 4327
1250 4281
1251 4352
1252 4389
1253 4328
1254 4214
1255 4329
1256 4264
1257 4236
1258 4305
1259 4104
1260 4349
1261 4334
1262 4217
1263 4401
1264 4414
1265 4393
1266 4431
1267 4314
1268 4393
1269 4343
1270 4479
1271 4212
1272 4346
1273 4386
1274 4265
1275 4332
1276 4338
1277 4152
1278 4428
1279 4155
1280 4305
1281 4328
1282 4479
1283 4312
1284 4380
1285 4394
1286 4357
1287 4272
1288 4345
1289 4324
1290 4494
1291 4348
1292 4405
1293 4272
1294 4282
1295 4274
1296 4373
1297 4333
1298 4354
1299 4282
1300 4351
1301 4366
1302 4396
1303 4292
1304 4438
1305 4367
1306 4328
1307 4309
1308 4327
1309 4398
1310 4360
1311 4368
1312 4393
1313 4356
1314 4361
1315 4307
1316 4429
1317 4439
1318 4393
1319 4089
1320 4443
1321 4411
1322 4378
1323 4386
1324 4372
1325 4302
1326 4406
1327 4236
1328 4352
1329 4371
1330 4283
1331 4214
1332 4404
1333 4364
1334 4350
1335 4339
1336 4411
1337 4351
1338 4263
1339 4288
1340 4402
1341 4382
1342 4281
1343 4384
1344 4399
1345 4351
1346 4341
1347 4302
1348 4276
1349 4351
1350 4390
1351 4440
1352 4350
1353 4392
1354 4393
1355 4415
1356 4474
1357 4235
1358 4351
1359 4323
1360 4192
1361 4454
1362 4310
1363 4217
1364 4435
1365 4352
1366 4393
1367 4197
1368 4393
1369 4258
1370 4350
1371 4299
1372 4291
1373 4274
1374 4335
1375 4441
1376 4379
1377 4387
1378 4259
1379 4353
1380 4430
1381 4284
1382 4339
1383 4370
1384 4216
1385 4222
1386 4449
1387 4447
1388 4393
1389 4282
1390 4395
1391 4259
1392 4180
1393 4215
1394 4308
1395 4217
1396 4334
1397 4255
1398 4097
1399 4286
1400 4368
1401 4276
1402 4283
1403 4371
1404 4335
1405 4369
1406 4293
1407 4153
1408 4364
1409 4324
1410 4284
1411 4211
1412 4142
1413 4312
1414 4340
1415 4286
1416 4287
1417 4219
1418 4289
1419 4143
1420 4208
1421 4354
1422 4280
1423 4255
1424 4212
1425 4292
1426 4389
1427 4251
1428 4257
1429 4326
1430 4346
1431 4325
1432 4299
1433 4287
1434 4318
1435 4282
1436 4279
1437 4269
1438 4287
1439 4307
1440 4335
1441 4336
1442 4279
1443 4223
1444 4269
1445 4282
1446 4344
1447 4283
1448 4275
1449 4293
1450 4426
1451 4336
1452 4167
1453 4348
1454 4428
1455 4221
1456 4191
1457 4400
1458 4334
1459 4408
1460 4314
1461 4281
1462 4267
1463 4215
1464 4284
1465 4259
1466 4360
1467 4156
1468 4366
1469 4377
1470 4217
1471 4216
1472 4213
1473 4289
1474 4337
1475 4282
1476 4353
1477 4351
1478 4356
1479 4290
1480 4360
1481 4257
1482 4314
1483 4285
1484 4134
1485 4222
1486 4279
1487 4242
1488 4369
1489 4258
1490 4358
1491 4218
1492 4333
1493 4476
1494 4213
1495 4337
1496 4373
1497 4357
1498 4307
1499 4284
1500 4228
1501 4413
1502 4322
1503 4422
1504 4285
1505 4280
1506 4255
1507 4202
1508 4387
1509 4357
1510 4359
1511 4165
1512 4346
1513 4388
1514 4391
1515 4305
1516 4354
1517 4269
1518 4346
1519 4215
1520 4277
1521 4187
1522 4383
1523 4218
1524 4220
1525 4275
1526 4345
1527 4228
1528 4346
1529 4460
1530 4390
1531 4217
1532 4149
1533 4340
1534 4320
1535 4255
1536 4410
1537 4279
1538 4212
1539 4274
1540 4272
1541 4424
1542 4279
1543 4141
1544 4280
1545 4397
1546 4289
1547 4442
1548 4228
1549 4357
1550 4287
1551 4346
1552 4293
1553 4423
1554 4287
1555 4407
1556 4387
1557 4289
1558 4281
1559 4221
1560 4469
1561 4349
1562 4346
1563 4446
1564 4279
1565 4348
1566 4347
1567 4330
1568 4355
1569 4281
1570 4262
1571 4342
1572 4388
1573 4328
1574 4294
1575 4290
1576 4424
1577 4357
1578 4201
1579 4394
1580 4209
1581 4282
1582 4281
1583 4406
1584 4359
1585 4320
1586 4346
1587 4214
1588 4213
1589 4266
1590 4382
1591 4352
1592 4373
1593 4221
1594 4271
1595 4140
1596 4265
1597 4296
1598 4200
1599 4266
1600 4210
1601 4266
1602 4279
1603 4216
1604 4283
1605 4393
1606 4388
1607 4258
1608 4390
1609 4328
1610 4392
1611 4218
1612 4338
1613 4330
1614 4219
1615 4393
1616 4259
1617 4267
1618 4371
1619 4341
1620 4259
1621 4231
1622 4432
1623 4147
1624 4334
1625 4191
1626 4351
1627 4141
1628 4280
1629 4282
1630 4347
1631 4212
1632 4213
1633 4357
1634 4346
1635 4392
1636 4332
1637 4344
1638 4213
1639 4339
1640 4144
1641 4323
1642 4276
1643 4198
1644 4347
1645 4430
1646 4216
1647 4346
1648 4390
1649 4280
1650 4347
1651 4416
1652 4339
1653 4279
1654 4349
1655 4355
1656 4391
1657 4338
1658 4284
1659 4331
1660 4220
1661 4368
1662 4284
1663 4251
1664 4302
1665 4470
1666 4298
1667 4361
1668 4287
1669 4332
1670 4240
1671 4317
1672 4449
1673 4215
1674 4224
1675 4308
1676 4215
1677 4256
1678 4353
1679 4302
1680 4320
1681 4142
1682 4347
1683 4284
1684 4435
1685 4260
1686 4214
1687 4399
1688 4407
1689 4184
1690 4416
1691 4326
1692 4302
1693 4371
1694 4209
1695 4329
1696 4256
1697 4392
1698 4239
1699 4325
1700 4223
1701 4411
1702 4199
1703 4379
1704 4312
1705 4285
1706 4280
1707 4342
1708 4442
1709 4172
1710 4343
1711 4412
1712 4305
1713 4443
1714 4367
1715 4326
1716 4307
1717 4207
1718 4144
1719 4279
1720 4415
1721 4306
1722 4353
1723 4258
1724 4334
1725 4193
1726 4335
1727 4326
1728 4383
1729 4303
1730 4345
1731 4142
1732 4240
1733 4385
1734 4271
1735 4299
1736 4299
1737 4447
1738 4270
1739 4334
1740 4146
1741 4142
1742 4080
1743 4140
1744 4256
1745 4219
1746 4335
1747 4391
1748 4213
1749 4282
1750 4317
1751 4335
1752 4143
1753 4279
1754 4349
1755 4198
1756 4286
1757 4236
1758 4349
1759 4213
1760 4347
1761 4150
1762 4424
1763 4279
1764 4443
1765 4248
1766 4322
1767 4143
1768 4214
1769 4348
1770 4213
1771 4218
1772 4323
1773 4262
1774 4279
1775 4339
1776 4143
1777 4315
1778 4141
1779 4401
1780 4225
1781 4299
1782 4355
1783 4313
1784 4282
1785 4151
1786 4216
1787 4286
1788 4275
1789 4331
1790 4146
1791 4317
1792 4280
1793 4329
1794 4310
1795 4316
1796 4380
1797 4286
1798 4297
1799 4434
1800 4380
1801 4215
1802 4349
1803 4144
1804 4150
1805 4417
1806 4318
1807 4181
1808 4150
1809 4325
1810 4334
1811 4435
1812 4279
1813 4249
1814 4390
1815 4347
1816 4348
1817 4251
1818 4445
1819 4262
1820 4403
1821 4142
1822 4382
1823 4334
1824 4259
1825 4324
1826 4214
1827 4338
1828 4335
1829 4396
1830 4322
1831 4286
1832 4216
1833 4278
1834 4287
1835 4282
1836 4287
1837 4224
1838 4239
1839 4416
1840 4391
1841 4337
1842 4365
1843 4392
1844 4315
1845 4349
1846 4279
1847 4347
1848 4400
1849 4372
1850 4350
1851 4306
1852 4381
1853 4287
1854 4261
1855 4449
1856 4402
1857 4338
1858 4272
1859 4339
1860 4395
1861 4282
1862 4432
1863 4325
1864 4396
1865 4283
1866 4284
1867 4331
1868 4398
1869 4372
1870 4211
1871 4373
1872 4261
1873 4234
1874 4411
1875 4396
1876 4309
1877 4339
1878 4260
1879 4342
1880 4451
1881 4086
1882 4284
1883 4224
1884 4444
1885 4281
1886 4268
1887 4358
1888 4367
1889 4305
1890 4342
1891 4288
1892 4333
1893 4306
1894 4324
1895 4418
1896 4383
1897 4358
1898 4319
1899 4291
1900 4273
1901 4150
1902 4357
1903 4440
1904 4280
1905 4387
1906 4282
1907 4342
1908 4251
1909 4220
1910 4212
1911 4374
1912 4212
1913 4348
1914 4363
1915 4326
1916 4430
1917 4334
1918 4411
1919 4297
1920 4489
1921 4334
1922 4374
1923 4333
1924 4215
1925 4152
1926 4218
1927 4292
1928 4378
1929 4325
1930 4446
1931 4206
1932 4273
1933 4234
1934 4282
1935 4166
1936 4264
1937 4292
1938 4455
1939 4320
1940 4147
1941 4210
1942 4277
1943 4214
1944 4353
1945 4273
1946 4329
1947 4339
1948 4346
1949 4408
1950 4276
1951 4253
1952 4275
1953 4298
1954 4335
1955 4216
1956 4366
1957 4231
1958 4269
1959 4392
1960 4268
1961 4213
1962 4349
1963 4334
1964 4476
1965 4280
1966 4462
1967 4326
1968 4277
1969 4218
1970 4366
1971 4347
1972 4140
1973 4298
1974 4283
1975 4280
1976 4294
1977 4347
1978 4275
1979 4395
1980 4358
1981 4431
1982 4283
1983 4280
1984 4141
1985 4330
1986 4403
1987 4230
1988 4357
1989 4279
1990 4215
1991 4293
1992 4290
1993 4346
1994 4316
1995 4133
1996 4401
1997 4336
1998 4214
1999 4151
2000 4355
2001 4265
2002 4215
2003 4398
2004 4426
2005 4216
2006 4367
2007 4337
2008 4371
2009 4257
2010 4408
2011 4327
2012 4275
2013 4274
2014 4282
2015 4405
2016 4433
2017 4233
2018 4329
2019 4279
2020 4317
2021 4286
2022 4394
2023 4348
2024 4379
2025 4323
2026 4495
2027 4143
2028 4080
2029 4288
2030 4280
2031 4335
2032 4143
2033 4285
2034 4086
2035 4221
2036 4304
2037 4329
2038 4151
2039 4351
2040 4218
2041 4318
2042 4290
2043 4332
2044 4256
2045 4151
2046 4454
2047 4385
2048 4341
2049 4344
2050 4406
2051 4282
2052 4264
2053 4241
2054 4361
2055 4406
2056 4432
2057 4346
2058 4318
2059 4216
2060 4278
2061 4390
2062 4277
2063 4377
2064 4301
2065 4216
2066 4217
2067 4348
2068 4153
2069 4212
2070 4272
2071 4323
2072 4393
2073 4433
2074 4288
2075 4148
2076 4219
2077 4218
2078 4390
2079 4156
2080 4295
2081 4349
2082 4323
2083 4311
2084 4184
2085 4332
2086 4500
2087 4276
2088 4279
2089 4215
2090 4355
2091 4179
2092 4309
2093 4356
2094 4258
2095 4337
2096 4280
2097 4420
2098 4184
2099 4450
2100 4213
2101 4263
2102 4376
2103 4300
2104 4279
2105 4349
2106 4285
2107 4363
2108 4214
2109 4350
2110 4329
2111 4327
2112 4391
2113 4148
2114 4222
2115 4283
2116 4340
2117 4215
2118 4288
2119 4276
2120 4279
2121 4332
2122 4194
2123 4319
2124 4350
2125 4325
2126 4283
2127 4287
2128 4394
2129 4214
2130 4279
2131 4372
2132 4464
2133 4226
2134 4350
2135 4447
2136 4336
2137 4269
2138 4339
2139 4282
2140 4262
2141 4348
2142 4317
2143 4390
2144 4393
2145 4281
2146 4337
2147 4099
2148 4283
2149 4451
2150 4148
2151 4156
2152 4339
2153 4213
2154 4353
2155 4198
2156 4295
2157 4346
2158 4412
2159 4205
2160 4295
2161 4282
2162 4322
2163 4401
2164 4335
2165 4271
2166 4349
2167 4322
2168 4347
2169 4346
2170 4388
2171 4228
2172 4285
2173 4262
2174 4283
2175 4279
2176 4276
2177 4213
2178 4215
2179 4378
2180 4356
2181 4461
2182 4409
2183 4318
2184 4450
2185 4432
2186 4388
2187 4295
2188 4148
2189 4300
2190 4267
2191 4337
2192 4261
2193 4415
2194 4255
2195 4273
2196 4379
2197 4144
2198 4280
2199 4135
2200 4388
2201 4242
2202 4272
2203 4349
2204 4344
2205 4215
2206 4213
2207 4318
2208 4348
2209 4399
2210 4130
2211 4237
2212 4213
2213 4371
2214 4186
2215 4322
2216 4266
2217 4284
2218 4262
2219 4214
2220 4346
2221 4216
2222 4213
2223 4212
2224 4223
2225 4398
2226 4263
2227 4243
2228 4087
2229 4217
2230 4221
2231 4379
2232 4465
2233 4149
2234 4347
2235 4222
2236 4335
2237 4318
2238 4332
2239 4431
2240 4354
2241 4394
2242 4383
2243 4360
2244 4442
2245 4261
2246 4219
2247 4258
2248 4426
2249 4349
2250 4273
2251 4358
2252 4358
2253 4284
2254 4243
2255 4227
2256 4101
2257 4146
2258 4319
2259 4353
2260 4281
2261 4344
2262 4254
2263 4471
2264 4302
2265 4224
2266 4143
2267 4212
2268 4338
2269 4390
2270 4339
2271 4156
2272 4378
2273 4258
2274 4281
2275 4284
2276 4275
2277 4351
2278 4382
2279 4367
2280 4392
2281 4410
2282 4430
2283 4391
2284 4284
2285 4360
2286 4346
2287 4331
2288 4350
2289 4313
2290 4351
2291 4255
2292 4394
2293 4340
2294 4216
2295 4415
2296 4179
2297 4082
2298 4234
2299 4081
2300 4079
2301 4081
2302 4079
2303 4280
2304 4082
2305 4247
2306 4133
2307 4190
2308 4107
2309 4140
2310 4081
2311 4104
2312 4136
2313 4078
2314 4135
2315 4128
2316 4228
2317 4096
2318 4080
2319 4079
2320 4130
2321 4144
2322 4142
2323 4194
2324 4093
2325 4136
2326 4130
2327 4136
2328 4079
2329 4142
2330 4137
2331 4366
2332 4088
2333 4137
2334 4180
2335 4227
2336 4087
2337 4155
2338 4354
2339 4286
2340 4246
2341 4291
2342 4346
2343 4391
2344 4214
2345 4351
2346 4345
2347 4389
2348 4319
2349 4238
2350 4332
2351 4339
2352 4285
2353 4369
2354 4142
2355 4219
2356 4349
2357 4213
2358 4315
2359 4294
2360 4259
2361 4274
2362 4315
2363 4334
2364 4327
2365 4307
2366 4287
2367 4262
2368 4278
2369 4189
2370 4292
2371 4259
2372 4344
2373 4288
2374 4149
2375 4214
2376 4226
2377 4344
2378 4280
2379 4268
2380 4217
2381 4189
2382 4377
2383 4213
2384 4282
2385 4346
2386 4333
2387 4150
2388 4286
2389 4331
2390 4150
2391 4266
2392 4275
2393 4220
2394 4346
2395 4229
2396 4450
2397 4251
2398 4378
2399 4355
2400 4394
2401 4143
2402 4428
2403 4306
2404 4224
2405 4262
2406 4219
2407 4098
2408 4342
2409 4213
2410 4330
2411 4336
2412 4366
2413 4283
2414 4387
2415 4296
2416 4276
2417 4346
2418 4227
2419 4282
2420 4281
2421 4214
2422 4281
2423 4350
2424 4376
2425 4317
2426 4411
2427 4275
2428 4411
2429 4219
2430 4348
2431 4151
2432 4156
2433 4260
2434 4256
2435 4403
2436 4356
2437 4290
2438 4145
2439 4213
2440 4331
2441 4271
2442 4440
2443 4468
2444 4369
2445 4278
2446 4350
2447 4246
2448 4330
2449 4437
2450 4371
2451 4222
2452 4308
2453 4391
2454 4349
2455 4351
2456 4436
2457 4142
2458 4285
2459 4085
2460 4317
2461 4258
2462 4291
2463 4324
2464 4346
2465 4285
2466 4440
2467 4324
2468 4283
2469 4254
2470 4441
2471 4216
2472 4399
2473 4291
2474 4228
2475 4349
2476 4318
2477 4390
2478 4348
2479 4424
2480 4404
2481 4349
2482 4356
2483 4344
2484 4288
2485 4254
2486 4146
2487 4281
2488 4333
2489 4343
2490 4213
2491 4305
2492 4284
2493 4265
2494 4349
2495 4325
2496 4348
2497 4327
2498 4328
2499 4146
2500 4352
2501 4377
2502 4164
2503 4244
2504 4466
2505 4276
2506 4279
2507 4419
2508 4268
2509 4368
2510 4279
2511 4141
2512 4219
2513 4434
2514 4215
2515 4461
2516 4227
2517 4133
2518 4350
2519 4216
2520 4302
2521 4288
2522 4280
2523 4393
2524 4347
2525 4218
2526 4282
2527 4284
2528 4217
2529 4375
2530 4266
2531 4287
2532 4255
2533 4324
2534 4347
2535 4349
2536 4198
2537 4296
2538 4281
2539 4321
2540 4345
2541 4227
2542 4350
2543 4315
2544 4403
2545 4393
2546 4412
2547 4216
2548 4268
2549 4259
2550 4319
2551 4349
2552 4212
2553 4306
2554 4314
2555 4291
2556 4258
2557 4249
2558 4182
2559 4216
2560 4257
2561 4293
2562 4317
2563 4360
2564 4215
2565 4291
2566 4247
2567 4275
2568 4279
2569 4282
2570 4345
2571 4286
2572 4322
2573 4339
2574 4294
2575 4382
2576 4217
2577 4456
2578 4081
2579 4316
2580 4412
2581 4313
2582 4287
2583 4289
2584 4204
2585 4356
2586 4285
2587 4249
2588 4166
2589 4356
2590 4251
2591 4262
2592 4337
2593 4323
2594 4284
2595 4394
2596 4346
2597 4278
2598 4296
2599 4143
2600 4263
2601 4413
2602 4341
2603 4471
2604 4252
2605 4275
2606 4143
2607 4198
2608 4285
2609 4305
2610 4283
2611 4427
2612 4314
2613 4199
2614 4283
2615 4346
2616 4282
2617 4250
2618 4293
2619 4288
2620 4325
2621 4385
2622 4217
2623 4336
2624 4287
2625 4342
2626 4395
2627 4216
2628 4273
2629 4280
2630 4394
2631 4321
2632 4282
2633 4322
2634 4141
2635 4330
2636 4386
2637 4322
2638 4293
2639 4280
2640 4282
2641 4371
2642 4278
2643 4347
2644 4204
2645 4398
2646 4141
2647 4215
2648 4282
2649 4268
2650 4349
2651 4318
2652 4292
2653 4320
2654 4298
2655 4350
2656 4289
2657 4285
2658 4319
2659 4080
2660 4283
2661 4280
2662 4211
2663 4145
2664 4286
2665 4418
2666 4289
2667 4349
2668 4270
2669 4259
2670 4297
2671 4284
2672 4279
2673 4351
2674 4288
2675 4319
2676 4143
2677 4230
2678 4291
2679 4249
2680 4353
2681 4293
2682 4339
2683 4220
2684 4280
2685 4363
2686 4283
2687 4433
2688 4346
2689 4427
2690 4369
2691 4414
2692 4356
2693 4385
2694 4290
2695 4331
2696 4396
2697 4327
2698 4350
2699 4297
2700 4141
2701 4332
2702 4291
2703 4271
2704 4284
2705 4213
2706 4321
2707 4214
2708 4391
2709 4331
2710 4312
2711 4219
2712 4217
2713 4343
2714 4142
2715 4327
2716 4144
2717 4272
2718 4220
2719 4358
2720 4429
2721 4325
2722 4269
2723 4218
2724 4350
2725 4149
2726 4329
2727 4215
2728 4314
2729 4140
2730 4219
2731 4207
2732 4352
2733 4326
2734 4142
2735 4252
2736 4284
2737 4328
2738 4156
2739 4312
2740 4150
2741 4349
2742 4368
2743 4401
2744 4266
2745 4283
2746 4346
2747 4264
2748 4327
2749 4337
2750 4213
2751 4429
2752 4279
2753 4319
2754 4279
2755 4330
2756 4298
2757 4216
2758 4354
2759 4377
2760 4143
2761 4437
2762 4322
2763 4326
2764 4444
2765 4396
2766 4356
2767 4223
2768 4356
2769 4390
2770 4224
2771 4321
2772 4327
2773 4346
2774 4194
2775 4309
2776 4375
2777 4224
2778 4216
2779 4388
2780 4282
2781 4301
2782 4430
2783 4394
2784 4350
2785 4342
2786 4355
2787 4393
2788 4294
2789 4359
2790 4470
2791 4143
2792 4313
2793 4396
2794 4320
2795 4145
2796 4360
2797 4331
2798 4322
2799 4373
2800 4382
2801 4270
2802 4280
2803 4287
2804 4334
2805 4351
2806 4318
2807 4080
2808 4375
2809 4331
2810 4216
2811 4323
2812 4402
2813 4441
2814 4349
2815 4333
2816 4215
2817 4441
2818 4384
2819 4269
2820 4218
2821 4403
2822 4507
2823 4357
2824 4346
2825 4285
2826 4337
2827 4376
2828 4289
2829 4282
2830 4410
2831 4371
2832 4429
2833 4275
2834 4271
2835 4318
2836 4347
2837 4300
2838 4325
2839 4391
2840 4417
2841 4379
2842 4403
2843 4383
2844 4152
2845 4390
2846 4308
2847 4374
2848 4321
2849 4328
2850 4297
2851 4401
2852 4330
2853 4486
2854 4312
2855 4370
2856 4310
2857 4393
2858 4313
2859 4327
2860 4317
2861 4403
2862 4419
2863 4351
2864 4224
2865 4286
2866 4395
2867 4372
2868 4275
2869 4349
2870 4321
2871 4398
2872 4258
2873 4329
2874 4434
2875 4374
2876 4467
2877 4268
2878 4467
2879 4278
2880 4196
2881 4318
2882 4329
2883 4352
2884 4282
2885 4359
2886 4276
2887 4397
2888 4293
2889 4283
2890 4147
2891 4356
2892 4440
2893 4301
2894 4212
2895 4143
2896 4334
2897 4364
2898 4256
2899 4210
2900 4386
2901 4446
2902 4268
2903 4365
2904 4463
2905 4405
2906 4385
2907 4421
2908 4274
2909 4322
2910 4223
2911 4228
2912 4217
2913 4208
2914 4366
2915 4321
2916 4391
2917 4326
2918 4377
2919 4325
2920 4256
2921 4216
2922 4267
2923 4275
2924 4332
2925 4259
2926 4138
2927 4264
2928 4205
2929 4480
2930 4153
2931 4283
2932 4173
2933 4389
2934 4275
2935 4214
2936 4444
2937 4421
2938 4145
2939 4203
2940 4210
2941 4163
2942 4350
2943 4150
2944 4347
2945 4323
2946 4321
2947 4280
2948 4216
2949 4303
2950 4182
2951 4170
2952 4300
2953 4230
2954 4224
2955 4294
2956 4237
2957 4481
2958 4285
2959 4178
2960 4229
2961 4105
2962 4258
2963 4211
2964 4478
2965 4287
2966 4161
2967 4348
2968 4330
2969 4375
2970 4283
2971 4286
2972 4388
2973 4298
2974 4329
2975 4288
2976 4319
2977 4392
2978 4262
2979 4441
2980 4227
2981 4319
2982 4380
2983 4266
2984 4218
2985 4394
2986 4283
2987 4283
2988 4357
2989 4276
2990 4325
2991 4332
2992 4415
2993 4401
2994 4359
2995 4263
2996 4224
2997 4263
2998 4380
2999 4391
3000 4449
3001 4396
3002 4328
3003 4261
3004 4333
3005 4274
3006 4268
3007 4313
3008 4193
3009 4277
3010 4224
3011 4254
3012 4350
3013 4259
3014 4336
3015 4284
3016 4288
3017 4204
3018 4322
3019 4320
3020 4350
3021 4152
3022 4327
3023 4393
3024 4334
3025 4433
3026 4279
3027 4218
3028 4401
3029 4287
3030 4402
3031 4215
3032 4358
3033 4267
3034 4338
3035 4252
3036 4285
3037 4280
3038 4272
3039 4323
3040 4464
3041 4443
3042 4401
3043 4393
3044 4450
3045 4176
3046 4341
3047 4289
3048 4349
3049 4348
3050 4326
3051 4268
3052 4394
3053 4302
3054 4331
3055 4281
3056 4212
3057 4370
3058 4259
3059 4447
3060 4216
3061 4285
3062 4146
3063 4217
3064 4447
3065 4357
3066 4226
3067 4290
3068 4405
3069 4312
3070 4382
3071 4422
3072 4381
3073 4228
3074 4277
3075 4269
3076 4301
3077 4346
3078 4367
3079 4142
3080 4218
3081 4291
3082 4319
3083 4356
3084 4303
3085 4221
3086 4377
3087 4270
3088 4220
3089 4284
3090 4284
3091 4154
3092 4403
3093 4357
3094 4338
3095 4188
3096 4296
3097 4111
3098 4398
3099 4330
3100 4283
3101 4201
3102 4223
3103 4284
3104 4251
3105 4405
3106 4154
3107 4264
3108 4286
3109 4225
3110 4146
3111 4152
3112 4281
3113 4435
3114 4204
3115 4228
3116 4240
3117 4289
3118 4257
3119 4313
3120 4310
3121 4145
3122 4355
3123 4291
3124 4279
3125 4324
3126 4284
3127 4216
3128 4289
3129 4391
3130 4347
3131 4361
3132 4289
3133 4461
3134 4338
3135 4398
3136 4280
3137 4285
3138 4151
3139 4216
3140 4286
3141 4235
3142 4260
3143 4260
3144 4307
3145 4276
3146 4316
3147 4228
3148 4337
3149 4163
3150 4392
3151 4274
3152 4418
3153 4248
3154 4406
3155 4412
3156 4283
3157 4268
3158 4358
3159 4377
3160 4358
3161 4419
3162 4335
3163 4367
3164 4300
3165 4253
3166 4283
3167 4281
3168 4230
3169 4356
3170 4287
3171 4283
3172 4214
3173 4150
3174 4286
3175 4312
3176 4362
3177 4347
3178 4423
3179 4282
3180 4213
3181 4277
3182 4248
3183 4409
3184 4221
3185 4318
3186 4346
3187 4481
3188 4356
3189 4290
3190 4280
3191 4320
3192 4223
3193 4187
3194 4240
3195 4300
3196 4264
3197 4276
3198 4359
3199 4331
3200 4350
3201 4276
3202 4216
3203 4289
3204 4143
3205 4340
3206 4263
3207 4347
3208 4326
3209 4256
3210 4283
3211 4286
3212 4291
3213 4177
3214 4412
3215 4436
3216 4275
3217 4280
3218 4346
3219 4369
3220 4331
3221 4352
3222 4277
3223 4285
3224 4395
3225 4082
3226 4349
3227 4386
3228 4279
3229 4273
3230 4344
3231 4276
3232 4398
3233 4287
3234 4452
3235 4280
3236 4254
3237 4398
3238 4424
3239 4310
3240 4383
3241 4321
3242 4408
3243 4280
3244 4290
3245 4285
3246 4292
3247 4226
3248 4364
3249 4333
3250 4309
3251 4334
3252 4246
3253 4404
3254 4402
3255 4244
3256 4323
3257 4140
3258 4331
3259 4259
3260 4267
3261 4329
3262 4227
3263 4349
3264 4221
3265 4369
3266 4259
3267 4275
3268 4321
3269 4251
3270 4441
3271 4423
3272 4281
3273 4218
3274 4085
3275 4326
3276 4301
3277 4307
3278 4215
3279 4427
3280 4327
3281 4344
3282 4262
3283 4395
3284 4282
3285 4429
3286 4168
3287 4102
3288 4286
3289 4338
3290 4303
3291 4480
3292 4485
3293 4343
3294 4328
3295 4362
3296 4379
3297 4238
3298 4221
3299 4261
3300 4282
3301 4336
3302 4306
3303 4327
3304 4281
3305 4393
3306 4258
3307 4217
3308 4321
3309 4215
3310 4296
3311 4324
3312 4348
3313 4350
3314 4434
3315 4234
3316 4337
3317 4435
3318 4398
3319 4325
3320 4410
3321 4333
3322 4455
3323 4338
3324 4282
3325 4358
3326 4282
3327 4288
3328 4274
3329 4326
3330 4281
3331 4215
3332 4347
3333 4387
3334 4348
3335 4283
3336 4258
3337 4342
3338 4432
3339 4261
3340 4350
3341 4287
3342 4447
3343 4430
3344 4274
3345 4326
3346 4332
3347 4407
3348 4358
3349 4445
3350 4372
3351 4270
3352 4225
3353 4350
3354 4288
3355 4231
3356 4325
3357 4282
3358 4348
3359 4264
3360 4217
3361 4350
3362 4314
3363 4327
3364 4261
3365 4282
3366 4205
3367 4282
3368 4281
3369 4331
3370 4406
3371 4349
3372 4324
3373 4393
3374 4214
3375 4349
3376 4200
3377 4282
3378 4254
3379 4153
3380 4337
3381 4287
3382 4281
3383 4347
3384 4401
3385 4274
3386 4280
3387 4366
3388 4395
3389 4260
3390 4347
3391 4217
3392 4353
3393 4373
3394 4352
3395 4216
3396 4387
3397 4282
3398 4348
3399 4456
3400 4146
3401 4368
3402 4184
3403 4393
3404 4388
3405 4346
3406 4319
3407 4264
3408 4349
3409 4281
3410 4281
3411 4367
3412 4274
3413 4387
3414 4435
3415 4354
3416 4425
3417 4328
3418 4339
3419 4335
3420 4393
3421 4331
3422 4201
3423 4143
3424 4213
3425 4214
3426 4246
3427 4283
3428 4213
3429 4411
3430 4363
3431 4301
3432 4400
3433 4294
3434 4368
3435 4141
3436 4280
3437 4382
3438 4257
3439 4276
3440 4332
3441 4194
3442 4407
3443 4485
3444 4287
3445 4334
3446 4348
3447 4276
3448 4395
3449 4271
3450 4222
3451 4445
3452 4372
3453 4259
3454 4359
3455 4295
3456 4200
3457 4431
3458 4349
3459 4331
3460 4343
3461 4328
3462 4371
3463 4419
3464 4344
3465 4284
3466 4281
3467 4277
3468 4333
3469 4345
3470 4263
3471 4335
3472 4356
3473 4276
3474 4400
3475 4401
3476 4337
3477 4361
3478 4151
3479 4320
3480 4312
3481 4217
3482 4458
3483 4449
3484 4413
3485 4360
3486 4288
3487 4375
3488 4312
3489 4427
3490 4326
3491 4379
3492 4394
3493 4476
3494 4331
3495 4316
3496 4423
3497 4280
3498 4391
3499 4338
3500 4395
3501 4373
3502 4246
3503 4405
3504 4447
3505 4358
3506 4255
3507 4433
3508 4281
3509 4377
3510 4389
3511 4329
3512 4326
3513 4350
3514 4391
3515 4331
3516 4226
3517 4350
3518 4226
3519 4384
3520 4285
3521 4318
3522 4214
3523 4301
3524 4205
3525 4291
3526 4282
3527 4350
3528 4222
3529 4283
3530 4371
3531 4163
3532 4337
3533 4401
3534 4336
3535 4358
3536 4347
3537 4388
3538 4302
3539 4395
3540 4274
3541 4368
3542 4217
3543 4283
3544 4349
3545 4147
3546 4285
3547 4317
3548 4213
3549 4384
3550 4450
3551 4283
3552 4283
3553 4410
3554 4142
3555 4413
3556 4366
3557 4354
3558 4214
3559 4266
3560 4353
3561 4355
3562 4339
3563 4428
3564 4275
3565 4280
3566 4269
3567 4276
3568 4156
3569 4219
3570 4218
3571 4213
3572 4141
3573 4361
3574 4358
3575 4213
3576 4340
3577 4213
3578 4349
3579 4144
3580 4281
3581 4481
3582 4228
3583 4275
3584 4254
3585 4280
3586 4280
3587 4338
3588 4220
3589 4268
3590 4338
3591 4349
3592 4286
3593 4291
3594 4340
3595 4317
3596 4356
3597 4313
3598 4216
3599 4270
3600 4214
3601 4216
3602 4179
3603 4362
3604 4254
3605 4345
3606 4370
3607 4222
3608 4287
3609 4140
3610 4287
3611 4078
3612 4289
3613 4396
3614 4234
3615 4365
3616 4306
3617 4266
3618 4168
3619 4284
3620 4343
3621 4334
3622 4270
3623 4350
3624 4348
3625 4282
3626 4298
3627 4216
3628 4314
3629 4337
3630 4323
3631 4259
3632 4343
3633 4347
3634 4338
3635 4326
3636 4381
3637 4321
3638 4331
3639 4436
3640 4146
3641 4346
3642 4408
3643 4344
3644 4406
3645 4279
3646 4350
3647 4348
3648 4291
3649 4280
3650 4367
3651 4143
3652 4209
3653 4216
3654 4320
3655 4357
3656 4311
3657 4240
3658 4274
3659 4388
3660 4275
3661 4348
3662 4327
3663 4214
3664 4339
3665 4281
3666 4350
3667 4144
3668 4331
3669 4337
3670 4280
3671 4078
3672 4265
3673 4325
3674 4246
3675 4397
3676 4388
3677 4268
3678 4192
3679 4414
3680 4280
3681 4260
3682 4221
3683 4378
3684 4317
3685 4357
3686 4223
3687 4351
3688 4274
3689 4332
3690 4251
3691 4282
3692 4144
3693 4279
3694 4214
3695 4305
3696 4336
3697 4346
3698 4329
3699 4454
3700 4328
3701 4288
3702 4187
3703 4313
3704 4289
3705 4279
3706 4267
3707 4279
3708 4316
3709 4143
3710 4346
3711 4287
3712 4272
3713 4409
3714 4287
3715 4282
3716 4346
3717 4347
3718 4235
3719 4349
3720 4412
3721 4344
3722 4279
3723 4327
3724 4255
3725 4274
3726 4400
3727 4358
3728 4272
3729 4194
3730 4279
3731 4228
3732 4149
3733 4212
3734 4321
3735 4149
3736 4213
3737 4289
3738 4335
3739 4322
3740 4343
3741 4327
3742 4279
3743 4239
3744 4299
3745 4325
3746 4393
3747 4460
3748 4466
3749 4224
3750 4319
3751 4222
3752 4212
3753 4240
3754 4272
3755 4355
3756 4211
3757 4397
3758 4181
3759 4282
3760 4347
3761 4149
3762 4146
3763 4279
3764 4349
3765 4302
3766 4403
3767 4169
3768 4142
3769 4216
3770 4283
3771 4209
3772 4286
3773 4324
3774 4203
3775 4215
3776 4379
3777 4280
3778 4286
3779 4441
3780 4358
3781 4366
3782 4357
3783 4297
3784 4381
3785 4358
3786 4283
3787 4257
3788 4224
3789 4143
3790 4354
3791 4349
3792 4336
3793 4217
3794 4212
3795 4348
3796 4245
3797 4346
3798 4292
3799 4411
3800 4324
3801 4254
3802 4330
3803 4368
3804 4234
3805 4280
3806 4454
3807 4265
3808 4347
3809 4356
3810 4174
3811 4276
3812 4213
3813 4282
3814 4270
3815 4176
3816 4319
3817 4215
3818 4346
3819 4351
3820 4295
3821 4393
3822 4224
3823 4349
3824 4281
3825 4431
3826 4349
3827 4282
3828 4269
3829 4297
3830 4333
3831 4431
3832 4368
3833 4327
3834 4287
3835 4302
3836 4212
3837 4359
3838 4300
3839 4255
3840 4268
3841 4298
3842 4303
3843 4350
3844 4217
3845 4146
3846 4375
3847 4199
3848 4265
3849 4078
3850 4314
3851 4338
3852 4146
3853 4299
3854 4350
3855 4273
3856 4287
3857 4230
3858 4346
3859 4228
3860 4215
3861 4213
3862 4239
3863 4359
3864 4224
3865 4333
3866 4518
3867 4349
3868 4148
3869 4400
3870 4333
3871 4310
3872 4268
3873 4214
3874 4259
3875 4222
3876 4270
3877 4355
3878 4386
3879 4313
3880 4356
3881 4367
3882 4225
3883 4331
3884 4260
3885 4417
3886 4353
3887 4365
3888 4500
3889 4297
3890 4346
3891 4281
3892 4226
3893 4359
3894 4397
3895 4277
3896 4337
3897 4154
3898 4103
3899 4241
3900 4086
3901 4091
3902 4087
3903 4142
3904 4080
3905 4079
3906 4138
3907 4129
3908 4141
3909 4145
3910 4093
3911 4193
3912 4186
3913 4150
3914 4182
3915 4281
3916 4186
3917 4147
3918 4142
3919 4084
3920 4079
3921 4080
3922 4079
3923 4080
3924 4133
3925 4196
3926 4129
3927 4080
3928 4078
3929 4080
3930 4179
3931 4139
3932 4080
3933 4079
3934 4129
3935 4087
3936 4210
3937 4361
3938 4421
3939 4396
3940 4237
3941 4394
3942 4268
3943 4402
3944 4363
3945 4216
3946 4315
3947 4235
3948 4337
3949 4336
3950 4257
3951 4310
3952 4376
3953 4259
3954 4348
3955 4331
3956 4275
3957 4372
3958 4370
3959 4433
3960 4252
3961 4204
3962 4246
3963 4351
3964 4309
3965 4448
3966 4149
3967 4204
3968 4148
3969 4192
3970 4334
3971 4313
3972 4252
3973 4285
3974 4423
3975 4253
3976 4421
3977 4219
3978 4378
3979 4180
3980 4355
3981 4324
3982 4444
3983 4210
3984 4337
3985 4318
3986 4216
3987 4239
3988 4350
3989 4257
3990 4261
3991 4279
3992 4219
3993 4283
3994 4338
3995 4289
3996 4335
3997 4313
3998 4362
3999 4323
4000 4078
4001 4345
4002 4383
4003 4371
4004 4360
4005 4167
4006 4370
4007 4346
4008 4332
4009 4193
4010 4283
4011 4429
4012 4264
4013 4347
4014 4357
4015 4247
4016 4340
4017 4256
4018 4282
4019 4354
4020 4440
4021 4351
4022 4140
4023 4213
4024 4269
4025 4181
4026 4283
4027 4333
4028 4213
4029 4341
4030 4361
4031 4273
4032 4379
4033 4385
4034 4277
4035 4349
4036 4401
4037 4361
4038 4350
4039 4371
4040 4304
4041 4156
4042 4195
4043 4393
4044 4393
4045 4280
4046 4283
4047 4286
4048 4251
4049 4365
4050 4355
4051 4410
4052 4415
4053 4213
4054 4338
4055 4357
4056 4428
4057 4211
4058 4392
4059 4213
4060 4339
4061 4248
4062 4325
4063 4309
4064 4312
4065 4377
4066 4367
4067 4144
4068 4219
4069 4227
4070 4366
4071 4296
4072 4333
4073 4393
4074 4267
4075 4377
4076 4365
4077 4290
4078 4372
4079 4290
4080 4364
4081 4403
4082 4291
4083 4262
4084 4289
4085 4483
4086 4320
4087 4331
4088 4203
4089 4431
4090 4329
4091 4216
4092 4406
4093 4426
4094 4145
4095 4313
4096 4347
4097 4206
4098 4294
4099 4279
4100 4417
4101 4405
4102 4079
4103 4207
4104 4080
4105 4280
4106 4322
4107 4429
4108 4357
4109 4446
4110 4352
4111 4134
4112 4286
4113 4437
4114 4301
4115 4472
4116 4534
4117 4264
4118 4208
4119 4365
4120 4286
4121 4408
4122 4347
4123 4335
4124 4290
4125 4386
4126 4352
4127 4297
4128 4424
4129 4394
4130 4373
4131 4346
4132 4353
4133 4346
4134 4323
4135 4351
4136 4350
4137 4268
4138 4434
4139 4342
4140 4417
4141 4293
4142 4416
4143 4278
4144 4374
4145 4299
4146 4409
4147 4212
4148 4283
4149 4331
4150 4250
4151 4331
4152 4341
4153 4325
4154 4334
4155 4271
4156 4341
4157 4229
4158 4322
4159 4213
4160 4286
4161 4197
4162 4311
4163 4393
4164 4324
4165 4284
4166 4390
4167 4144
4168 4346
4169 4223
4170 4150
4171 4349
4172 4147
4173 4272
4174 4216
4175 4103
4176 4378
4177 4377
4178 4345
4179 4308
4180 4393
4181 4285
4182 4111
4183 4212
4184 4397
4185 4323
4186 4383
4187 4346
4188 4140
4189 4458
4190 4217
4191 4292
4192 4286
4193 4237
4194 4291
4195 4213
4196 4284
4197 4310
4198 4079
4199 4325
4200 4319
4201 4144
4202 4352
4203 4281
4204 4251
4205 4307
4206 4382
4207 4222
4208 4290
4209 4140
4210 4280
4211 4422
4212 4143
4213 4219
4214 4217
4215 4373
4216 4289
4217 4264
4218 4384
4219 4366
4220 4337
4221 4305
4222 4273
4223 4322
4224 4282
4225 4209
4226 4281
4227 4355
4228 4148
4229 4204
4230 4286
4231 4376
4232 4289
4233 4279
4234 4212
4235 4387
4236 4141
4237 4348
4238 4264
4239 4212
4240 4339
4241 4344
4242 4215
4243 4279
4244 4314
4245 4427
4246 4326
4247 4437
4248 4276
4249 4261
4250 4485
4251 4256
4252 4141
4253 4227
4254 4340
4255 4376
4256 4259
4257 4250
4258 4375
4259 4224
4260 4466
4261 4339
4262 4354
4263 4279
4264 4127
4265 4368
4266 4281
4267 4279
4268 4285
4269 4144
4270 4390
4271 4381
4272 4280
4273 4357
4274 4167
4275 4287
4276 4167
4277 4400
4278 4220
4279 4349
4280 4414
4281 4282
4282 4347
4283 4148
4284 4373
4285 4375
4286 4379
4287 4290
4288 4332
4289 4372
4290 4291
4291 4363
4292 4152
4293 4269
4294 4264
4295 4332
4296 4305
4297 4437
4298 4375
4299 4393
4300 4271
4301 4454
4302 4145
4303 4081
4304 4141
4305 4262
4306 4301
4307 4161
4308 4215
4309 4313
4310 4142
4311 4280
4312 4316
4313 4283
4314 4455
4315 4323
4316 4337
4317 4307
4318 4280
4319 4253
4320 4260
4321 4301
4322 4315
4323 4426
4324 4376
4325 4323
4326 4410
4327 4266
4328 4357
4329 4324
4330 4340
4331 4398
4332 4288
4333 4255
4334 4282
4335 4284
4336 4266
4337 4162
4338 4449
4339 4301
4340 4276
4341 4280
4342 4488
4343 4217
4344 4462
4345 4373
4346 4393
4347 4260
4348 4339
4349 4315
4350 4360
4351 4149
4352 4340
4353 4272
4354 4323
4355 4264
4356 4144
4357 4305
4358 4342
4359 4197
4360 4434
4361 4445
4362 4373
4363 4213
4364 4216
4365 4237
4366 4373
4367 4371
4368 4343
4369 4428
4370 4308
4371 4376
4372 4328
4373 4362
4374 4304
4375 4212
4376 4340
4377 4403
4378 4398
4379 4335
4380 4235
4381 4408
4382 4381
4383 4224
4384 4292
4385 4258
4386 4356
4387 4216
4388 4309
4389 4367
4390 4274
4391 4429
4392 4361
4393 4444
4394 4216
4395 4354
4396 4141
4397 4217
4398 4248
4399 4388
4400 4357
4401 4256
4402 4308
4403 4380
4404 4415
4405 4432
4406 4338
4407 4384
4408 4149
4409 4210
4410 4355
4411 4155
4412 4348
4413 4351
4414 4455
4415 4202
4416 4332
4417 4249
4418 4282
4419 4263
4420 4214
4421 4149
4422 4215
4423 4286
4424 4403
4425 4194
4426 4350
4427 4330
4428 4454
4429 4379
4430 4343
4431 4346
4432 4281
4433 4287
4434 4290
4435 4285
4436 4148
4437 4281
4438 4263
4439 4323
4440 4203
4441 4208
4442 4282
4443 4309
4444 4339
4445 4157
4446 4390
4447 4366
4448 4333
4449 4284
4450 4218
4451 4332
4452 4330
4453 4272
4454 4347
4455 4404
4456 4347
4457 4228
4458 4274
4459 4268
4460 4268
4461 4273
4462 4215
4463 4281
4464 4267
4465 4266
4466 4090
4467 4093
4468 4142
4469 4332
4470 4326
4471 4289
4472 4294
4473 4275
4474 4364
4475 4223
4476 4461
4477 4279
4478 4405
4479 4340
4480 4229
4481 4279
4482 4395
4483 4231
4484 4266
4485 4107
4486 4352
4487 4346
4488 4333
4489 4151
4490 4283
4491 4144
4492 4143
4493 4279
4494 4277
4495 4343
4496 4282
4497 4383
4498 4479
4499 4348
4500 4398
4501 4228
4502 4283
4503 4313
4504 4287
4505 4439
4506 4276
4507 4088
4508 4399
4509 4358
4510 4338
4511 4318
4512 4442
4513 4413
4514 4308
4515 4390
4516 4324
4517 4212
4518 4255
4519 4387
4520 4283
4521 4183
4522 4312
4523 4289
4524 4297
4525 4257
4526 4283
4527 4205
4528 4224
4529 4346
4530 4349
4531 4358
4532 4343
4533 4217
4534 4324
4535 4372
4536 4331
4537 4218
4538 4365
4539 4341
4540 4402
4541 4150
4542 4349
4543 4272
4544 4301
4545 4250
4546 4219
4547 4391
4548 4396
4549 4268
4550 4307
4551 4212
4552 4285
4553 4259
4554 4282
4555 4331
4556 4357
4557 4365
4558 4393
4559 4234
4560 4217
4561 4268
4562 4216
4563 4346
4564 4396
4565 4275
4566 4408
4567 4319
4568 4295
4569 4328
4570 4363
4571 4206
4572 4416
4573 4259
4574 4216
4575 4219
4576 4314
4577 4374
4578 4403
4579 4279
4580 4352
4581 4288
4582 4266
4583 4279
4584 4140
4585 4355
4586 4394
4587 4440
4588 4293
4589 4273
4590 4282
4591 4346
4592 4215
4593 4384
4594 4312
4595 4294
4596 4283
4597 4347
4598 4282
4599 4349
4600 4215
4601 4155
4602 4220
4603 4297
4604 4201
4605 4170
4606 4439
4607 4280
4608 4346
4609 4233
4610 4269
4611 4212
4612 4374
4613 4151
4614 4282
4615 4144
4616 4246
4617 4281
4618 4293
4619 4277
4620 4266
4621 4279
4622 4317
4623 4284
4624 4249
4625 4281
4626 4258
4627 4340
4628 4263
4629 4356
4630 4445
4631 4401
4632 4259
4633 4280
4634 4342
4635 4455
4636 4290
4637 4220
4638 4143
4639 4347
4640 4332
4641 4336
4642 4353
4643 4280
4644 4334
4645 4279
4646 4237
4647 4444
4648 4269
4649 4212
4650 4378
4651 4390
4652 4413
4653 4210
4654 4476
4655 4346
4656 4393
4657 4242
4658 4350
4659 4213
4660 4284
4661 4318
4662 4235
4663 4280
4664 4382
4665 4280
4666 4355
4667 4253
4668 4412
4669 4334
4670 4278
4671 4320
4672 4214
4673 4280
4674 4282
4675 4312
4676 4217
4677 4209
4678 4078
4679 4287
4680 4433
4681 4310
4682 4292
4683 4433
4684 4212
4685 4358
4686 4336
4687 4208
4688 4444
4689 4320
4690 4421
4691 4428
4692 4282
4693 4104
4694 4379
4695 4191
4696 4120
4697 4312
4698 4284
4699 4289
4700 4235
4701 4347
4702 4380
4703 4377
4704 4418
4705 4284
4706 4341
4707 4466
4708 4213
4709 4343
4710 4225
4711 4162
4712 4324
4713 4268
4714 4393
4715 4282
4716 4342
4717 4214
4718 4264
4719 4243
4720 4349
4721 4302
4722 4345
4723 4309
4724 4321
4725 4264
4726 4283
4727 4145
4728 4149
4729 4417
4730 4208
4731 4285
4732 4345
4733 4284
4734 4276
4735 4323
4736 4340
4737 4220
4738 4340
4739 4147
4740 4323
4741 4282
4742 4279
4743 4245
4744 4305
4745 4390
4746 4279
4747 4334
4748 4388
4749 4376
4750 4301
4751 4296
4752 4456
4753 4371
4754 4346
4755 4420
4756 4391
4757 4279
4758 4346
4759 4465
4760 4400
4761 4411
4762 4295
4763 4274
4764 4404
4765 4311
4766 4279
4767 4078
4768 4482
4769 4357
4770 4201
4771 4149
4772 4318
4773 4278
4774 4280
4775 4165
4776 4272
4777 4349
4778 4318
4779 4326
4780 4385
4781 4216
4782 4344
4783 4292
4784 4296
4785 4387
4786 4087
4787 4368
4788 4272
4789 4372
4790 4327
4791 4280
4792 4081
4793 4254
4794 4225
4795 4344
4796 4270
4797 4350
4798 4418
4799 4397
4800 4364
4801 4329
4802 4209
4803 4200
4804 4212
4805 4323
4806 4278
4807 4229
4808 4364
4809 4357
4810 4248
4811 4216
4812 4094
4813 4334
4814 4308
4815 4285
4816 4325
4817 4275
4818 4328
4819 4357
4820 4217
4821 4274
4822 4428
4823 4426
4824 4254
4825 4347
4826 4342
4827 4349
4828 4207
4829 4292
4830 4194
4831 4284
4832 4209
4833 4443
4834 4218
4835 4351
4836 4323
4837 4241
4838 4219
4839 4282
4840 4145
4841 4151
4842 4221
4843 4359
4844 4221
4845 4274
4846 4351
4847 4222
4848 4220
4849 4289
4850 4390
4851 4214
4852 4431
4853 4219
4854 4298
4855 4281
4856 4335
4857 4276
4858 4327
4859 4302
4860 4370
4861 4281
4862 4394
4863 4285
4864 4283
4865 4338
4866 4148
4867 4285
4868 4279
4869 4393
4870 4448
4871 4458
4872 4374
4873 4275
4874 4284
4875 4213
4876 4441
4877 4169
4878 4201
4879 4343
4880 4191
4881 4221
4882 4214
4883 4335
4884 4278
4885 4213
4886 4366
4887 4149
4888 4351
4889 4223
4890 4333
4891 4229
4892 4368
4893 4260
4894 4316
4895 4152
4896 4207
4897 4270
4898 4171
4899 4358
4900 4261
4901 4354
4902 4330
4903 4345
4904 4261
4905 4254
4906 4351
4907 4203
4908 4337
4909 4145
4910 4214
4911 4283
4912 4325
4913 4275
4914 4246
4915 4369
4916 4280
4917 4287
4918 4180
4919 4283
4920 4319
4921 4337
4922 4223
4923 4191
4924 4162
4925 4313
4926 4289
4927 4324
4928 4319
4929 4214
4930 4346
4931 4282
4932 4346
4933 4282
4934 4143
4935 4375
4936 4458
4937 4217
4938 4194
4939 4179
4940 4338
4941 4219
4942 4337
4943 4261
4944 4216
4945 4210
4946 4312
4947 4321
4948 4212
4949 4336
4950 4096
4951 4346
4952 4203
4953 4279
4954 4311
4955 4435
4956 4243
4957 4406
4958 4402
4959 4333
4960 4286
4961 4421
4962 4341
4963 4280
4964 4222
4965 4347
4966 4351
4967 4242
4968 4333
4969 4179
4970 4171
4971 4213
4972 4239
4973 4315
4974 4294
4975 4349
4976 4262
4977 4280
4978 4336
4979 4229
4980 4280
4981 4325
4982 4395
4983 4285
4984 4220
4985 4297
4986 4206
4987 4391
4988 4352
4989 4190
4990 4143
4991 4080
4992 4282
4993 4145
4994 4374
4995 4234
4996 4334
4997 4151
4998 4215
4999 4366
5000 4331
5001 4234
5002 4205
5003 4212
5004 4288
5005 4222
5006 4361
5007 4259
5008 4300
5009 4418
5010 4332
5011 4235
5012 4143
5013 4279
5014 4283
5015 4215
5016 4496
5017 4353
5018 4392
5019 4185
5020 4320
5021 4323
5022 4283
5023 4398
5024 4256
5025 4166
5026 4351
5027 4238
5028 4282
5029 4266
5030 4330
5031 4284
5032 4326
5033 4389
5034 4432
5035 4347
5036 4282
5037 4297
5038 4289
5039 4441
5040 4283
5041 4213
5042 4354
5043 4288
5044 4435
5045 4279
5046 4275
5047 4289
5048 4334
5049 4251
5050 4299
5051 4357
5052 4386
5053 4212
5054 4380
5055 4300
5056 4319
5057 4410
5058 4319
5059 4416
5060 4336
5061 4328
5062 4218
5063 4374
5064 4256
5065 4303
5066 4291
5067 4301
5068 4427
5069 4287
5070 4277
5071 4145
5072 4320
5073 4290
5074 4443
5075 4248
5076 4343
5077 4381
5078 4262
5079 4431
5080 4279
5081 4516
5082 4312
5083 4340
5084 4231
5085 4484
5086 4371
5087 4191
5088 4270
5089 4260
5090 4347
5091 4368
5092 4215
5093 4245
5094 4254
5095 4282
5096 4442
5097 4395
5098 4346
5099 4215
5100 4150
5101 4360
5102 4311
5103 4414
5104 4239
5105 4349
5106 4346
5107 4282
5108 4310
5109 4305
5110 4340
5111 4480
5112 4432
5113 4349
5114 4209
5115 4334
5116 4212
5117 4426
5118 4279
5119 4215
5120 4330
5121 4257
5122 4212
5123 4211
5124 4239
5125 4462
5126 4163
5127 4319
5128 4090
5129 4284
5130 4349
5131 4291
5132 4404
5133 4418
5134 4278
5135 4342
5136 4392
5137 4290
5138 4286
5139 4220
5140 4355
5141 4329
5142 4211
5143 4218
5144 4214
5145 4268
5146 4152
5147 4257
5148 4281
5149 4395
5150 4427
5151 4215
5152 4214
5153 4276
5154 4282
5155 4406
5156 4334
5157 4349
5158 4396
5159 4361
5160 4297
5161 4205
5162 4424
5163 4333
5164 4203
5165 4444
5166 4370
5167 4274
5168 4257
5169 4355
5170 4323
5171 4350
5172 4281
5173 4334
5174 4197
5175 4443
5176 4348
5177 4254
5178 4440
5179 4279
5180 4281
5181 4359
5182 4225
5183 4259
5184 4282
5185 4146
5186 4284
5187 4321
5188 4314
5189 4275
5190 4279
5191 4349
5192 4327
5193 4313
5194 4279
5195 4386
5196 4232
5197 4190
5198 4288
5199 4269
5200 4091
5201 4347
5202 4393
5203 4371
5204 4212
5205 4212
5206 4322
5207 4100
5208 4379
5209 4326
5210 4411
5211 4281
5212 4283
5213 4217
5214 4353
5215 4274
5216 4275
5217 4231
5218 4382
5219 4313
5220 4345
5221 4324
5222 4275
5223 4441
5224 4320
5225 4281
5226 4390
5227 4232
5228 4267
5229 4275
5230 4153
5231 4197
5232 4199
5233 4281
5234 4443
5235 4312
5236 4350
5237 4249
5238 4259
5239 4395
5240 4355
5241 4147
5242 4346
5243 4215
5244 4264
5245 4323
5246 4228
5247 4305
5248 4217
5249 4385
5250 4263
5251 4360
5252 4378
5253 4326
5254 4320
5255 4286
5256 4424
5257 4195
5258 4213
5259 4411
5260 4213
5261 4175
5262 4303
5263 4389
5264 4162
5265 4334
5266 4288
5267 4394
5268 4272
5269 4356
5270 4297
5271 4300
5272 4428
5273 4350
5274 4325
5275 4220
5276 4213
5277 4392
5278 4356
5279 4290
5280 4087
5281 4212
5282 4272
5283 4282
5284 4213
5285 4222
5286 4318
5287 4248
5288 4301
5289 4322
5290 4212
5291 4148
5292 4309
5293 4334
5294 4174
5295 4333
5296 4328
5297 4344
5298 4149
5299 4290
5300 4339
5301 4259
5302 4286
5303 4377
5304 4421
5305 4352
5306 4335
5307 4353
5308 4283
5309 4393
5310 4279
5311 4214
5312 4231
5313 4351
5314 4387
5315 4212
5316 4236
5317 4406
5318 4331
5319 4387
5320 4201
5321 4424
5322 4316
5323 4321
5324 4379
5325 4264
5326 4148
5327 4348
5328 4370
5329 4143
5330 4311
5331 4269
5332 4316
5333 4195
5334 4143
5335 4303
5336 4415
5337 4306
5338 4286
5339 4348
5340 4243
5341 4427
5342 4315
5343 4338
5344 4371
5345 4354
5346 4282
5347 4280
5348 4392
5349 4329
5350 4374
5351 4355
5352 4285
5353 4365
5354 4339
5355 4310
5356 4331
5357 4387
5358 4356
5359 4222
5360 4354
5361 4286
5362 4347
5363 4278
5364 4328
5365 4264
5366 4285
5367 4246
5368 4333
5369 4225
5370 4270
5371 4415
5372 4292
5373 4144
5374 4331
5375 4293
5376 4410
5377 4288
5378 4155
5379 4282
5380 4334
5381 4368
5382 4386
5383 4397
5384 4223
5385 4319
5386 4215
5387 4289
5388 4269
5389 4350
5390 4388
5391 4353
5392 4174
5393 4280
5394 4154
5395 4384
5396 4281
5397 4260
5398 4260
5399 4278
5400 4276
5401 4211
5402 4217
5403 4363
5404 4330
5405 4275
5406 4207
5407 4319
5408 4389
5409 4208
5410 4174
5411 4195
5412 4275
5413 4326
5414 4383
5415 4341
5416 4384
5417 4244
5418 4323
5419 4427
5420 4153
5421 4404
5422 4274
5423 4214
5424 4320
5425 4275
5426 4341
5427 4403
5428 4274
5429 4341
5430 4342
5431 4266
5432 4319
5433 4387
5434 4283
5435 4274
5436 4279
5437 4343
5438 4358
5439 4484
5440 4327
5441 4346
5442 4279
5443 4227
5444 4325
5445 4334
5446 4205
5447 4346
5448 4335
5449 4267
5450 4341
5451 4249
5452 4349
5453 4293
5454 4340
5455 4301
5456 4340
5457 4366
5458 4347
5459 4434
5460 4386
5461 4208
5462 4448
5463 4265
5464 4260
5465 4283
5466 4376
5467 4288
5468 4275
5469 4309
5470 4268
5471 4281
5472 4368
5473 4388
5474 4364
5475 4362
5476 4324
5477 4390
5478 4275
5479 4238
5480 4291
5481 4301
5482 4350
5483 4385
5484 4275
5485 4387
5486 4433
5487 4490
5488 4448
5489 4336
5490 4400
5491 4275
5492 4411
5493 4453
5494 4382
5495 4334
5496 4330
5497 4342
5498 4195
5499 4385
5500 4289
5501 4392
5502 4273
5503 4212
5504 4076
5505 4138
5506 4209
5507 4208
5508 4338
5509 4374
5510 4297
5511 4131
5512 4350
5513 4389
5514 4233
5515 4317
5516 4251
5517 4429
5518 4341
5519 4365
5520 4220
5521 4228
5522 4312
5523 4275
5524 4183
5525 4325
5526 4452
5527 4330
5528 4325
5529 4260
5530 4251
5531 4360
5532 4330
5533 4275
5534 4382
5535 4272
5536 4208
5537 4211
5538 4348
5539 4429
5540 4347
5541 4267
5542 4485
5543 4393
5544 4298
5545 4255
5546 4240
5547 4312
5548 4251
5549 4336
5550 4207
5551 4330
5552 4208
5553 4362
5554 4205
5555 4353
5556 4295
5557 4406
5558 4387
5559 4204
5560 4259
5561 4360
5562 4137
5563 4294
5564 4358
5565 4207
5566 4207
5567 4275
5568 4207
5569 4371
5570 4393
5571 4146
5572 4279
5573 4305
5574 4208
5575 4261
5576 4275
5577 4325
5578 4240
5579 4256
5580 4138
5581 4311
5582 4426
5583 4349
5584 4138
5585 4218
5586 4387
5587 4288
5588 4349
5589 4268
5590 4260
5591 4433
5592 4339
5593 4282
5594 4429
5595 4216
5596 4390
5597 4075
5598 4379
5599 4214
5600 4215
5601 4147
5602 4210
5603 4139
5604 4138
5605 4357
5606 4336
5607 4303
5608 4263
5609 4358
5610 4215
5611 4216
5612 4434
5613 4221
5614 4274
5615 4389
5616 4346
5617 4274
5618 4351
5619 4319
5620 4442
5621 4421
5622 4394
5623 4256
5624 4341
5625 4311
5626 4341
5627 4259
5628 4359
5629 4274
5630 4341
5631 4341
5632 4325
5633 4267
5634 4266
5635 4204
5636 4402
5637 4255
5638 4268
5639 4440
5640 4291
5641 4274
5642 4322
5643 4229
5644 4330
5645 4479
5646 4380
5647 4360
5648 4384
5649 4379
5650 4341
5651 4379
5652 4253
5653 4349
5654 4217
5655 4275
5656 4207
5657 4394
5658 4217
5659 4294
5660 4478
5661 4276
5662 4246
5663 4274
5664 4341
5665 4260
5666 4342
5667 4341
5668 4265
5669 4348
5670 4403
5671 4399
5672 4335
5673 4274
5674 4207
5675 4341
5676 4403
5677 4390
5678 4442
5679 4349
5680 4370
5681 4386
5682 4320
5683 4425
5684 4294
5685 4358
5686 4326
5687 4403
5688 4341
5689 4251
5690 4342
5691 4442
5692 4345
5693 4325
5694 4372
5695 4308
5696 4341
5697 4318
5698 4444
5699 4199
5700 4254
5701 4283
5702 4145
5703 4344
5704 4434
5705 4302
5706 4251
5707 4380
5708 4274
5709 4352
5710 4275
5711 4172
5712 4274
5713 4313
5714 4396
5715 4409
5716 4398
5717 4350
5718 4283
5719 4389
5720 4284
5721 4274
5722 4382
5723 4291
5724 4275
5725 4251
5726 4244
5727 4319
5728 4376
5729 4304
5730 4371
5731 4275
5732 4244
5733 4312
5734 4417
5735 4220
5736 4274
5737 4204
5738 4147
5739 4344
5740 4342
5741 4342
5742 4388
5743 4132
5744 4355
5745 4208
5746 4341
5747 4446
5748 4275
5749 4363
5750 4342
5751 4287
5752 4264
5753 4395
5754 4331
5755 4205
5756 4253
5757 4273
5758 4306
5759 4331
5760 4367
5761 4272
5762 4291
5763 4138
5764 4369
5765 4319
5766 4305
5767 4330
5768 4346
5769 4281
5770 4383
5771 4377
5772 4208
5773 4275
5774 4341
5775 4395
5776 4272
5777 4422
5778 4342
5779 4207
5780 4335
5781 4217
5782 4365
5783 4317
5784 4329
5785 4143
5786 4345
5787 4280
5788 4208
5789 4339
5790 4422
5791 4338
5792 4312
5793 4372
5794 4328
5795 4274
5796 4341
5797 4275
5798 4213
5799 4341
5800 4466
5801 4436
5802 4138
5803 4435
5804 4397
5805 4446
5806 4364
5807 4341
5808 4372
5809 4294
5810 4344
5811 4217
5812 4446
5813 4336
5814 4204
5815 4390
5816 4275
5817 4341
5818 4341
5819 4342
5820 4255
5821 4373
5822 4342
5823 4350
5824 4356
5825 4319
5826 4346
5827 4282
5828 4383
5829 4409
5830 4288
5831 4329
5832 4366
5833 4288
5834 4401
5835 4151
5836 4361
5837 4405
5838 4325
5839 4322
5840 4386
5841 4341
5842 4267
5843 4389
5844 4428
5845 4314
5846 4320
5847 4433
5848 4349
5849 4147
5850 4277
5851 4381
5852 4207
5853 4346
5854 4342
5855 4341
5856 4325
5857 4320
5858 4385
5859 4318
5860 4110
5861 4208
5862 4251
5863 4293
5864 4341
5865 4260
5866 4435
5867 4389
5868 4369
5869 4433
5870 4267
5871 4215
5872 4380
5873 4341
5874 4267
5875 4288
5876 4371
5877 4208
5878 4340
5879 4156
5880 4354
5881 4339
5882 4426
5883 4317
5884 4365
5885 4426
5886 4275
5887 4274
5888 4341
5889 4312
5890 4325
5891 4151
5892 4208
5893 4341
5894 4283
5895 4272
5896 4457
5897 4402
5898 4344
5899 4301
5900 4279
5901 4290
5902 4344
5903 4097
5904 4283
5905 4321
5906 4282
5907 4211
5908 4286
5909 4215
5910 4143
5911 4312
5912 4339
5913 4218
5914 4381
5915 4254
5916 4308
5917 4293
5918 4380
5919 4361
5920 4396
5921 4214
5922 4287
5923 4393
5924 4419
5925 4351
5926 4311
5927 4326
5928 4291
5929 4220
5930 4398
5931 4228
5932 4409
5933 4423
5934 4288
5935 4370
5936 4349
5937 4296
5938 4358
5939 4345
5940 4379
5941 4279
5942 4339
5943 4410
5944 4435
5945 4322
5946 4384
5947 4350
5948 4376
5949 4286
5950 4232
5951 4257
5952 4337
5953 4338
5954 4396
5955 4331
5956 4345
5957 4263
5958 4291
5959 4215
5960 4223
5961 4389
5962 4319
5963 4389
5964 4355
5965 4388
5966 4378
5967 4391
5968 4349
5969 4395
5970 4294
5971 4212
5972 4349
5973 4324
5974 4218
5975 4394
5976 4266
5977 4304
5978 4324
5979 4326
5980 4259
5981 4200
5982 4340
5983 4322
5984 4287
5985 4143
5986 4404
5987 4436
5988 4283
5989 4351
5990 4281
5991 4364
5992 4391
5993 4222
5994 4442
5995 4202
5996 4152
5997 4391
5998 4340
5999 4286
6000 4372
6001 4342
6002 4307
6003 4267
6004 4306
6005 4278
6006 4282
6007 4215
6008 4271
6009 4359
6010 4213
6011 4393
6012 4420
6013 4346
6014 4241
6015 4287
6016 4318
6017 4288
6018 4430
6019 4288
6020 4367
6021 4350
6022 4282
6023 4291
6024 4273
6025 4370
6026 4325
6027 4307
6028 4220
6029 4431
6030 4261
6031 4265
6032 4282
6033 4294
6034 4477
6035 4222
6036 4348
6037 4422
6038 4325
6039 4396
6040 4346
6041 4393
6042 4217
6043 4290
6044 4400
6045 4438
6046 4373
6047 4367
6048 4307
6049 4343
6050 4211
6051 4277
6052 4287
6053 4403
6054 4342
6055 4259
6056 4284
6057 4199
6058 4326
6059 4483
6060 4281
6061 4288
6062 4391
6063 4258
6064 4377
6065 4363
6066 4415
6067 4251
6068 4151
6069 4373
6070 4468
6071 4362
6072 4281
6073 4268
6074 4348
6075 4330
6076 4141
6077 4365
6078 4320
6079 4278
6080 4359
6081 4317
6082 4218
6083 4335
6084 4381
6085 4323
6086 4380
6087 4373
6088 4229
6089 4389
6090 4301
6091 4418
6092 4393
6093 4331
6094 4326
6095 4256
6096 4283
6097 4221
6098 4297
6099 4406
6100 4300
6101 4215
6102 4254
6103 4411
6104 4264
6105 4157
6106 4183
6107 4332
6108 4288
6109 4427
6110 4302
6111 4373
6112 4289
6113 4399
6114 4398
6115 4289
6116 4217
6117 4262
6118 4288
6119 4224
6120 4286
6121 4367
6122 4307
6123 4341
6124 4387
6125 4336
6126 4268
6127 4262
6128 4291
6129 4282
6130 4224
6131 4395
6132 4154
6133 4281
6134 4431
6135 4210
6136 4152
6137 4383
6138 4286
6139 4391
6140 4373
6141 4299
6142 4335
6143 4281
6144 4403
6145 4274
6146 4326
6147 4324
6148 4275
6149 4274
6150 4289
6151 4496
6152 4283
6153 4338
6154 4283
6155 4281
6156 4283
6157 4325
6158 4303
6159 4274
6160 4388
6161 4216
6162 4354
6163 4312
6164 4404
6165 4298
6166 4286
6167 4191
6168 4197
6169 4261
6170 4334
6171 4225
6172 4378
6173 4188
6174 4283
6175 4400
6176 4228
6177 4252
6178 4267
6179 4492
6180 4373
6181 4348
6182 4349
6183 4377
6184 4367
6185 4333
6186 4219
6187 4215
6188 4338
6189 4281
6190 4374
6191 4376
6192 4280
6193 4342
6194 4288
6195 4266
6196 4284
6197 4219
6198 4291
6199 4175
6200 4277
6201 4446
6202 4459
6203 4375
6204 4481
6205 4264
6206 4431
6207 4319
6208 4334
6209 4317
6210 4316
6211 4348
6212 4253
6213 4289
6214 4437
6215 4376
6216 4177
6217 4211
6218 4443
6219 4328
6220 4333
6221 4278
6222 4439
6223 4347
6224 4352
6225 4208
6226 4352
6227 4431
6228 4349
6229 4311
6230 4357
6231 4350
6232 4430
6233 4390
6234 4358
6235 4454
6236 4285
6237 4316
6238 4349
6239 4362
6240 4421
6241 4309
6242 4420
6243 4316
6244 4327
6245 4383
6246 4336
6247 4534
6248 4375
6249 4415
6250 4189
6251 4340
6252 4393
6253 4437
6254 4387
6255 4348
6256 4283
6257 4153
6258 4336
6259 4370
6260 4347
6261 4200
6262 4450
6263 4314
6264 4382
6265 4356
6266 4288
6267 4290
6268 4282
6269 4144
6270 4290
6271 4342
6272 4327
6273 4284
6274 4308
6275 4260
6276 4302
6277 4349
6278 4385
6279 4412
6280 4300
6281 4288
6282 4353
6283 4325
6284 4346
6285 4401
6286 4437
6287 4167
6288 4093
6289 4274
6290 4213
6291 4357
6292 4398
6293 4320
6294 4384
6295 4213
6296 4391
6297 4350
6298 4320
6299 4406
6300 4212
6301 4282
6302 4379
6303 4214
6304 4492
6305 4265
6306 4312
6307 4217
6308 4214
6309 4303
6310 4216
6311 4249
6312 4334
6313 4480
6314 4295
6315 4220
6316 4279
6317 4277
6318 4279
6319 4377
6320 4453
6321 4401
6322 4346
6323 4216
6324 4259
6325 4374
6326 4324
6327 4291
6328 4219
6329 4484
6330 4279
6331 4279
6332 4329
6333 4323
6334 4279
6335 4320
6336 4279
6337 4305
6338 4208
6339 4330
6340 4217
6341 4339
6342 4279
6343 4216
6344 4407
6345 4265
6346 4278
6347 4339
6348 4345
6349 4342
6350 4428
6351 4215
6352 4214
6353 4485
6354 4443
6355 4330
6356 4106
6357 4370
6358 4213
6359 4347
6360 4262
6361 4177
6362 4257
6363 4262
6364 4402
6365 4282
6366 4212
6367 4287
6368 4318
6369 4295
6370 4317
6371 4349
6372 4212
6373 4381
6374 4410
6375 4320
6376 4302
6377 4322
6378 4297
6379 4327
6380 4321
6381 4286
6382 4332
6383 4397
6384 4362
6385 4349
6386 4226
6387 4329
6388 4334
6389 4268
6390 4169
6391 4144
6392 4399
6393 4353
6394 4281
6395 4329
6396 4279
6397 4141
6398 4269
6399 4409
6400 4466
6401 4208
6402 4406
6403 4275
6404 4274
6405 4208
6406 4385
6407 4330
6408 4389
6409 4333
6410 4207
6411 4376
6412 4372
6413 4409
6414 4254
6415 4371
6416 4317
6417 4246
6418 4189
6419 4342
6420 4274
6421 4373
6422 4283
6423 4276
6424 4266
6425 4343
6426 4336
6427 4289
6428 4321
6429 4275
6430 4208
6431 4207
6432 4268
6433 4274
6434 4401
6435 4280
6436 4325
6437 4263
6438 4275
6439 4390
6440 4146
6441 4078
6442 4347
6443 4346
6444 4319
6445 4317
6446 4171
6447 4410
6448 4267
6449 4208
6450 4427
6451 4145
6452 4280
6453 4322
6454 4445
6455 4267
6456 4248
6457 4275
6458 4431
6459 4288
6460 4335
6461 4345
6462 4317
6463 4432
6464 4310
6465 4330
6466 4470
6467 4152
6468 4327
6469 4342
6470 4208
6471 4318
6472 4312
6473 4469
6474 4209
6475 4308
6476 4275
6477 4267
6478 4341
6479 4275
6480 4310
6481 4381
6482 4276
6483 4138
6484 4277
6485 4337
6486 4385
6487 4208
6488 4385
6489 4296
6490 4441
6491 4320
6492 4318
6493 4293
6494 4275
6495 4257
6496 4351
6497 4255
6498 4395
6499 4280
6500 4417
6501 4267
6502 4138
6503 4277
6504 4376
6505 4301
6506 4415
6507 4385
6508 4360
6509 4385
6510 4387
6511 4291
6512 4342
6513 4207
6514 4304
6515 4393
6516 4372
6517 4373
6518 4280
6519 4275
6520 4386
6521 4379
6522 4131
6523 4390
6524 4208
6525 4445
6526 4336
6527 4367
6528 4349
6529 4403
6530 4245
6531 4318
6532 4275
6533 4395
6534 4346
6535 4304
6536 4316
6537 4320
6538 4271
6539 4208
6540 4295
6541 4356
6542 4259
6543 4217
6544 4208
6545 4326
6546 4255
6547 4137
6548 4162
6549 4309
6550 4371
6551 4330
6552 4138
6553 4294
6554 4182
6555 4377
6556 4257
6557 4480
6558 4350
6559 4271
6560 4405
6561 4265
6562 4238
6563 4277
6564 4381
6565 4281
6566 4423
6567 4145
6568 4231
6569 4342
6570 4318
6571 4343
6572 4344
6573 4247
6574 4342
6575 4342
6576 4146
6577 4326
6578 4372
6579 4152
6580 4275
6581 4395
6582 4419
6583 4361
6584 4393
6585 4330
6586 4204
6587 4217
6588 4207
6589 4238
6590 4466
6591 4102
6592 4146
6593 4197
6594 4303
6595 4367
6596 4216
6597 4403
6598 4317
6599 4365
6600 4280
6601 4303
6602 4345
6603 4428
6604 4184
6605 4451
6606 4310
6607 4327
6608 4274
6609 4273
6610 4396
6611 4275
6612 4274
6613 4473
6614 4261
6615 4341
6616 4375
6617 4325
6618 4407
6619 4341
6620 4385
6621 4274
6622 4279
6623 4358
6624 4204
6625 4181
6626 4257
6627 4209
6628 4305
6629 4276
6630 4297
6631 4208
6632 4262
6633 4207
6634 4342
6635 4340
6636 4354
6637 4375
6638 4298
6639 4390
6640 4084
6641 4308
6642 4385
6643 4325
6644 4327
6645 4209
6646 4341
6647 4415
6648 4431
6649 4218
6650 4147
6651 4266
6652 4345
6653 4326
6654 4322
6655 4433
6656 4414
6657 4349
6658 4280
6659 4341
6660 4334
6661 4298
6662 4274
6663 4325
6664 4394
6665 4274
6666 4326
6667 4333
6668 4401
6669 4220
6670 4212
6671 4337
6672 4342
6673 4434
6674 4253
6675 4330
6676 4222
6677 4208
6678 4138
6679 4312
6680 4290
6681 4330
6682 4342
6683 4509
6684 4476
6685 4399
6686 4393
6687 4207
6688 4290
6689 4216
6690 4320
6691 4267
6692 4474
6693 4341
6694 4275
6695 4296
6696 4232
6697 4342
6698 4342
6699 4355
6700 4342
6701 4341
6702 4454
6703 4309
6704 4342
6705 4265
6706 4275
6707 4306
6708 4325
6709 4408
6710 4301
6711 4233
6712 4252
6713 4325
6714 4282
6715 4295
6716 4267
6717 4351
6718 4348
6719 4350
6720 4291
6721 4275
6722 4138
6723 4376
6724 4241
6725 4267
6726 4361
6727 4321
6728 4274
6729 4341
6730 4428
6731 4451
6732 4276
6733 4210
6734 4257
6735 4335
6736 4306
6737 4481
6738 4253
6739 4317
6740 4260
6741 4334
6742 4250
6743 4291
6744 4152
6745 4341
6746 4275
6747 4274
6748 4275
6749 4274
6750 4342
6751 4272
6752 4349
6753 4310
6754 4395
6755 4395
6756 4396
6757 4535
6758 4454
6759 4207
6760 4370
6761 4440
6762 4414
6763 4216
6764 4326
6765 4408
6766 4213
6767 4285
6768 4253
6769 4207
6770 4183
6771 4219
6772 4305
6773 4334
6774 4463
6775 4344
6776 4350
6777 4322
6778 4208
6779 4321
6780 4317
6781 4419
6782 4299
6783 4387
6784 4322
6785 4226
6786 4304
6787 4275
6788 4341
6789 4342
6790 4203
6791 4389
6792 4381
6793 4428
6794 4213
6795 4442
6796 4392
6797 4326
6798 4366
6799 4288
6800 4395
6801 4276
6802 4326
6803 4325
6804 4153
6805 4251
6806 4319
6807 4290
6808 4153
6809 4321
6810 4127
6811 4275
6812 4378
6813 4275
6814 4208
6815 4284
6816 4366
6817 4413
6818 4288
6819 4260
6820 4361
6821 4439
6822 4253
6823 4353
6824 4362
6825 4425
6826 4191
6827 4275
6828 4330
6829 4319
6830 4371
6831 4355
6832 4302
6833 4305
6834 4331
6835 4390
6836 4275
6837 4301
6838 4215
6839 4316
6840 4297
6841 4282
6842 4390
6843 4138
6844 4391
6845 4341
6846 4405
6847 4207
6848 4433
6849 4365
6850 4274
6851 4182
6852 4253
6853 4461
6854 4373
6855 4370
6856 4403
6857 4371
6858 4392
6859 4199
6860 4308
6861 4371
6862 4350
6863 4220
6864 4348
6865 4150
6866 4275
6867 4208
6868 4308
6869 4260
6870 4275
6871 4291
6872 4280
6873 4263
6874 4332
6875 4448
6876 4342
6877 4325
6878 4222
6879 4265
6880 4412
6881 4487
6882 4434
6883 4317
6884 4275
6885 4253
6886 4320
6887 4146
6888 4344
6889 4275
6890 4352
6891 4287
6892 4388
6893 4095
6894 4342
6895 4333
6896 4463
6897 4139
6898 4362
6899 4224
6900 4169
6901 4328
6902 4285
6903 4257
6904 4301
6905 4405
6906 4350
6907 4353
6908 4280
6909 4141
6910 4279
6911 4142
6912 4269
6913 4282
6914 4256
6915 4334
6916 4411
6917 4393
6918 4285
6919 4405
6920 4259
6921 4367
6922 4271
6923 4282
6924 4346
6925 4282
6926 4338
6927 4220
6928 4197
6929 4337
6930 4218
6931 4218
6932 4278
6933 4499
6934 4320
6935 4339
6936 4369
6937 4219
6938 4285
6939 4327
6940 4376
6941 4334
6942 4346
6943 4395
6944 4348
6945 4350
6946 4319
6947 4266
6948 4359
6949 4216
6950 4279
6951 4269
6952 4376
6953 4379
6954 4088
6955 4447
6956 4319
6957 4395
6958 4293
6959 4424
6960 4295
6961 4285
6962 4230
6963 4279
6964 4279
6965 4404
6966 4208
6967 4363
6968 4273
6969 4187
6970 4212
6971 4342
6972 4399
6973 4277
6974 4192
6975 4351
6976 4389
6977 4215
6978 4346
6979 4263
6980 4362
6981 4228
6982 4148
6983 4297
6984 4403
6985 4331
6986 4274
6987 4324
6988 4473
6989 4305
6990 4317
6991 4364
6992 4326
6993 4345
6994 4349
6995 4269
6996 4261
6997 4282
6998 4214
6999 4284
7000 4358
7001 4211
7002 4329
7003 4345
7004 4250
7005 4191
7006 4182
7007 4193
7008 4215
7009 4325
7010 4148
7011 4346
7012 4361
7013 4286
7014 4352
7015 4184
7016 4267
7017 4280
7018 4321
7019 4333
7020 4272
7021 4372
7022 4259
7023 4282
7024 4407
7025 4145
7026 4161
7027 4374
7028 4151
7029 4274
7030 4311
7031 4351
7032 4376
7033 4220
7034 4142
7035 4408
7036 4221
7037 4314
7038 4433
7039 4209
7040 4217
7041 4272
7042 4222
7043 4390
7044 4336
7045 4212
7046 4309
7047 4216
7048 4151
7049 4283
7050 4286
7051 4362
7052 4425
7053 4316
7054 4355
7055 4094
7056 4393
7057 4257
7058 4198
7059 4279
7060 4333
7061 4179
7062 4276
7063 4217
7064 4331
7065 4432
7066 4282
7067 4389
7068 4258
7069 4350
7070 4280
7071 4280
7072 4282
7073 4433
7074 4216
7075 4297
7076 4261
7077 4381
7078 4425
7079 4363
7080 4413
7081 4212
7082 4527
7083 4148
7084 4355
7085 4436
7086 4329
7087 4215
7088 4408
7089 4344
7090 4100
7091 4218
7092 4374
7093 4215
7094 4456
7095 4141
7096 4261
7097 4460
7098 4411
7099 4353
7100 4273
7101 4369
7102 4206
7103 4306
7104 4271
7105 4350
7106 4234
7107 4344
7108 4293
7109 4366
7110 4275
7111 4430
7112 4279
7113 4286
7114 4245
7115 4313
7116 4269
7117 4348
7118 4210
7119 4290
7120 4280
7121 4306
7122 4279
7123 4350
7124 4387
7125 4349
7126 4146
7127 4393
7128 4282
7129 4213
7130 4340
7131 4278
7132 4281
7133 4380
7134 4353
7135 4322
7136 4263
7137 4246
7138 4329
7139 4331
7140 4357
7141 4415
7142 4149
7143 4388
7144 4392
7145 4300
7146 4333
7147 4360
7148 4280
7149 4364
7150 4351
7151 4366
7152 4349
7153 4393
7154 4393
7155 4208
7156 4349
7157 4211
7158 4351
7159 4110
7160 4154
7161 4284
7162 4156
7163 4145
7164 4405
7165 4379
7166 4268
7167 4346
7168 4299
7169 4278
7170 4240
7171 4438
7172 4215
7173 4283
7174 4288
7175 4282
7176 4350
7177 4322
7178 4324
7179 4356
7180 4314
7181 4459
7182 4268
7183 4439
7184 4350
7185 4348
7186 4283
7187 4266
7188 4356
7189 4381
7190 4350
7191 4437
7192 4326
7193 4348
7194 4353
7195 4333
7196 4368
7197 4423
7198 4339
7199 4391
7200 4214
7201 4152
7202 4359
7203 4370
7204 4502
7205 4282
7206 4353
7207 4324
7208 4282
7209 4265
7210 4386
7211 4216
7212 4326
7213 4270
7214 4503
7215 4345
7216 4216
7217 4361
7218 4148
7219 4373
7220 4449
7221 4376
7222 4304
7223 4214
7224 4337
7225 4325
7226 4338
7227 4125
7228 4285
7229 4250
7230 4462
7231 4426
7232 4215
7233 4401
7234 4314
7235 4291
7236 4265
7237 4495
7238 4293
7239 4283
7240 4401
7241 4389
7242 4329
7243 4388
7244 4453
7245 4466
7246 4268
7247 4428
7248 4282
7249 4347
7250 4282
7251 4348
7252 4304
7253 4280
7254 4330
7255 4216
7256 4358
7257 4362
7258 4215
7259 4324
7260 4381
7261 4447
7262 4147
7263 4311
7264 4334
7265 4412
7266 4349
7267 4354
7268 4291
7269 4214
7270 4332
7271 4306
7272 4329
7273 4292
7274 4340
7275 4312
7276 4334
7277 4219
7278 4332
7279 4270
7280 4135
7281 4215
7282 4349
7283 4271
7284 4266
7285 4201
7286 4216
7287 4212
7288 4322
7289 4389
7290 4344
7291 4151
7292 4388
7293 4279
7294 4323
7295 4324
7296 4369
7297 4365
7298 4327
7299 4266
7300 4349
7301 4325
7302 4243
7303 4284
7304 4309
7305 4271
7306 4282
7307 4318
7308 4217
7309 4330
7310 4433
7311 4216
7312 4283
7313 4142
7314 4223
7315 4358
7316 4237
7317 4141
7318 4361
7319 4331
7320 4422
7321 4317
7322 4211
7323 4275
7324 4323
7325 4282
7326 4265
7327 4323
7328 4289
7329 4141
7330 4212
7331 4282
7332 4298
7333 4289
7334 4429
7335 4313
7336 4279
7337 4287
7338 4388
7339 4214
7340 4243
7341 4283
7342 4346
7343 4381
7344 4295
7345 4355
7346 4248
7347 4248
7348 4281
7349 4337
7350 4279
7351 4356
7352 4476
7353 4360
7354 4317
7355 4339
7356 4310
7357 4270
7358 4259
7359 4382
7360 4144
7361 4279
7362 4220
7363 4259
7364 4296
7365 4388
7366 4282
7367 4149
7368 4430
7369 4318
7370 4401
7371 4100
7372 4306
7373 4273
7374 4140
7375 4272
7376 4357
7377 4399
7378 4264
7379 4364
7380 4216
7381 4101
7382 4278
7383 4354
7384 4228
7385 4272
7386 4215
7387 4288
7388 4349
7389 4389
7390 4291
7391 4391
7392 4286
7393 4314
7394 4364
7395 4329
7396 4216
7397 4325
7398 4286
7399 4216
7400 4286
7401 4347
7402 4140
7403 4311
7404 4376
7405 4384
7406 4193
7407 4424
7408 4268
7409 4215
7410 4282
7411 4252
7412 4214
7413 4312
7414 4382
7415 4346
7416 4292
7417 4354
7418 4292
7419 4328
7420 4411
7421 4439
7422 4281
7423 4279
7424 4290
7425 4257
7426 4329
7427 4279
7428 4349
7429 4222
7430 4223
7431 4247
7432 4333
7433 4289
7434 4350
7435 4351
7436 4380
7437 4284
7438 4335
7439 4212
7440 4331
7441 4255
7442 4282
7443 4279
7444 4156
7445 4251
7446 4367
7447 4234
7448 4327
7449 4337
7450 4363
7451 4373
7452 4223
7453 4307
7454 4446
7455 4401
7456 4214
7457 4341
7458 4357
7459 4319
7460 4475
7461 4279
7462 4215
7463 4379
7464 4253
7465 4150
7466 4305
7467 4293
7468 4318
7469 4474
7470 4396
7471 4215
7472 4276
7473 4281
7474 4396
7475 4417
7476 4350
7477 4304
7478 4214
7479 4370
7480 4332
7481 4386
7482 4214
7483 4306
7484 4413
7485 4359
7486 4401
7487 4399
7488 4277
7489 4213
7490 4337
7491 4141
7492 4444
7493 4223
7494 4144
7495 4416
7496 4128
7497 4135
7498 4153
7499 4256
7500 4240
7501 4208
7502 4128
7503 4094
7504 4079
7505 4189
7506 4143
7507 4137
7508 4129
7509 4145
7510 4081
7511 4135
7512 4257
7513 4079
7514 4128
7515 4193
7516 4130
7517 4196
7518 4195
7519 4236
7520 4080
7521 4127
7522 4079
7523 4085
7524 4080
7525 4137
7526 4245
7527 4184
7528 4094
7529 4078
7530 4081
7531 4276
7532 4387
7533 4270
7534 4210
7535 4291
7536 4409
7537 4290
7538 4407
7539 4442
7540 4276
7541 4343
7542 4220
7543 4188
7544 4276
7545 4336
7546 4209
7547 4429
7548 4209
7549 4209
7550 4326
7551 4363
7552 4411
7553 4271
7554 4342
7555 4252
7556 4482
7557 4276
7558 4434
7559 4423
7560 4284
7561 4372
7562 4433
7563 4216
7564 4206
7565 4331
7566 4210
7567 4342
7568 4314
7569 4394
7570 4338
7571 4146
7572 4397
7573 4351
7574 4276
7575 4388
7576 4275
7577 4276
7578 4268
7579 4310
7580 4252
7581 4209
7582 4286
7583 4343
7584 4396
7585 4349
7586 4347
7587 4391
7588 4167
7589 4213
7590 4326
7591 4396
7592 4268
7593 4332
7594 4302
7595 4319
7596 4181
7597 4341
7598 4346
7599 4220
7600 4405
7601 4262
7602 4260
7603 4268
7604 4343
7605 4386
7606 4253
7607 4266
7608 4209
7609 4276
7610 4319
7611 4300
7612 4312
7613 4322
7614 4319
7615 4277
7616 4228
7617 4208
7618 4209
7619 4268
7620 4256
7621 4317
7622 4218
7623 4343
7624 4275
7625 4154
7626 4341
7627 4184
7628 4448
7629 4447
7630 4343
7631 4270
7632 4275
7633 4337
7634 4351
7635 4439
7636 4206
7637 4214
7638 4209
7639 4280
7640 4278
7641 4138
7642 4209
7643 4359
7644 4334
7645 4308
7646 4342
7647 4275
7648 4362
7649 4208
7650 4275
7651 4342
7652 4260
7653 4358
7654 4139
7655 4275
7656 4216
7657 4220
7658 4332
7659 4316
7660 4309
7661 4266
7662 4307
7663 4309
7664 4216
7665 4281
7666 4205
7667 4386
7668 4260
7669 4223
7670 4208
7671 4275
7672 4488
7673 4388
7674 4448
7675 4220
7676 4146
7677 4208
7678 4275
7679 4269
7680 4436
7681 4276
7682 4208
7683 4338
7684 4217
7685 4275
7686 4376
7687 4227
7688 4275
7689 4275
7690 4205
7691 4275
7692 4209
7693 4205
7694 4211
7695 4256
7696 4276
7697 4248
7698 4356
7699 4202
7700 4357
7701 4213
7702 4146
7703 4351
7704 4374
7705 4275
7706 4347
7707 4268
7708 4209
7709 4179
7710 4208
7711 4208
7712 4275
7713 4342
7714 4393
7715 4336
7716 4328
7717 4365
7718 4340
7719 4412
7720 4271
7721 4205
7722 4316
7723 4369
7724 4208
7725 4350
7726 4300
7727 4390
7728 4163
7729 4278
7730 4448
7731 4225
7732 4337
7733 4280
7734 4225
7735 4209
7736 4314
7737 4272
7738 4275
7739 4436
7740 4351
7741 4198
7742 4407
7743 4268
7744 4396
7745 4270
7746 4354
7747 4185
7748 4360
7749 4394
7750 4276
7751 4283
7752 4342
7753 4217
7754 4283
7755 4462
7756 4309
7757 4434
7758 4343
7759 4275
7760 4276
7761 4213
7762 4262
7763 4280
7764 4353
7765 4390
7766 4251
7767 4386
7768 4391
7769 4076
7770 4206
7771 4390
7772 4349
7773 4329
7774 4322
7775 4276
7776 4342
7777 4329
7778 4358
7779 4366
7780 4212
7781 4342
7782 4275
7783 4208
7784 4358
7785 4386
7786 4139
7787 4085
7788 4421
7789 4318
7790 4342
7791 4371
7792 4282
7793 4331
7794 4246
7795 4371
7796 4423
7797 4404
7798 4457
7799 4393
7800 4343
7801 4275
7802 4312
7803 4309
7804 4286
7805 4210
7806 4241
7807 4436
7808 4323
7809 4256
7810 4290
7811 4097
7812 4376
7813 4235
7814 4209
7815 4140
7816 4232
7817 4287
7818 4344
7819 4203
7820 4312
7821 4334
7822 4319
7823 4282
7824 4365
7825 4275
7826 4276
7827 4138
7828 4269
7829 4230
7830 4344
7831 4206
7832 4208
7833 4343
7834 4268
7835 4395
7836 4380
7837 4359
7838 4367
7839 4276
7840 4209
7841 4209
7842 4283
7843 4275
7844 4275
7845 4354
7846 4276
7847 4247
7848 4264
7849 4297
7850 4386
7851 4343
7852 4261
7853 4283
7854 4396
7855 4213
7856 4275
7857 4200
7858 4276
7859 4331
7860 4298
7861 4275
7862 4316
7863 4218
7864 4276
7865 4216
7866 4390
7867 4163
7868 4370
7869 4309
7870 4289
7871 4268
7872 4275
7873 4397
7874 4138
7875 4275
7876 4422
7877 4371
7878 4264
7879 4450
7880 4284
7881 4331
7882 4372
7883 4276
7884 4209
7885 4335
7886 4208
7887 4139
7888 4209
7889 4139
7890 4423
7891 4409
7892 4342
7893 4185
7894 4342
7895 4212
7896 4221
7897 4337
7898 4246
7899 4481
7900 4360
7901 4381
7902 4423
7903 4276
7904 4343
7905 4150
7906 4390
7907 4385
7908 4433
7909 4322
7910 4326
7911 4407
7912 4360
7913 4289
7914 4320
7915 4284
7916 4387
7917 4255
7918 4339
7919 4222
7920 4288
7921 4342
7922 4276
7923 4418
7924 4290
7925 4275
7926 4294
7927 4076
7928 4137
7929 4276
7930 4449
7931 4401
7932 4260
7933 4276
7934 4236
7935 4387
7936 4276
7937 4289
7938 4309
7939 4365
7940 4322
7941 4342
7942 4314
7943 4394
7944 4429
7945 4326
7946 4220
7947 4429
7948 4281
7949 4412
7950 4208
7951 4281
7952 4322
7953 4259
7954 4334
7955 4471
7956 4417
7957 4361
7958 4139
7959 4342
7960 4424
7961 4276
7962 4389
7963 4225
7964 4185
7965 4433
7966 4280
7967 4319
7968 4276
7969 4362
7970 4380
7971 4398
7972 4276
7973 4383
7974 4349
7975 4366
7976 4413
7977 4181
7978 4218
7979 4400
7980 4309
7981 4276
7982 4313
7983 4284
7984 4343
7985 4351
7986 4309
7987 4264
7988 4208
7989 4343
7990 4244
7991 4370
7992 4313
7993 4368
7994 4292
7995 4268
7996 4342
7997 4351
7998 4222
7999 4291
8000 4260
8001 4342
8002 4380
8003 4275
8004 4333
8005 4436
8006 4342
8007 4139
8008 4283
8009 4205
8010 4248
8011 4381
8012 4138
8013 4275
8014 4342
8015 4371
8016 4217
8017 4248
8018 4205
8019 4139
8020 4208
8021 4342
8022 4256
8023 4319
8024 4275
8025 4275
8026 4275
8027 4329
8028 4208
8029 4386
8030 4076
8031 4277
8032 4313
8033 4426
8034 4152
8035 4447
8036 4261
8037 4144
8038 4209
8039 4347
8040 4319
8041 4261
8042 4294
8043 4305
8044 4216
8045 4343
8046 4413
8047 4471
8048 4205
8049 4407
8050 4289
8051 4373
8052 4290
8053 4401
8054 4307
8055 4390
8056 4260
8057 4246
8058 4355
8059 4333
8060 4283
8061 4373
8062 4235
8063 4313
8064 4208
8065 4386
8066 4216
8067 4216
8068 4347
8069 4270
8070 4387
8071 4323
8072 4268
8073 4369
8074 4290
8075 4218
8076 4344
8077 4208
8078 4310
8079 4235
8080 4208
8081 4215
8082 4275
8083 4385
8084 4249
8085 4276
8086 4331
8087 4138
8088 4216
8089 4275
8090 4361
8091 4278
8092 4250
8093 4342
8094 4208
8095 4434
8096 4442
8097 4276
8098 4209
8099 4262
8100 4275
8101 4299
8102 4211
8103 4235
8104 4342
8105 4329
8106 4275
8107 4138
8108 4342
8109 4342
8110 4342
8111 4342
8112 4284
8113 4146
8114 4283
8115 4213
8116 4257
8117 4208
8118 4275
8119 4239
8120 4203
8121 4276
8122 4319
8123 4276
8124 4331
8125 4381
8126 4385
8127 4342
8128 4313
8129 4151
8130 4319
8131 4219
8132 4342
8133 4363
8134 4275
8135 4372
8136 4356
8137 4238
8138 4209
8139 4402
8140 4408
8141 4348
8142 4275
8143 4281
8144 4224
8145 4275
8146 4216
8147 4381
8148 4275
8149 4076
8150 4367
8151 4239
8152 4083
8153 4345
8154 4335
8155 4276
8156 4351
8157 4201
8158 4237
8159 4216
8160 4313
8161 4276
8162 4343
8163 4315
8164 4211
8165 4327
8166 4342
8167 4284
8168 4360
8169 4153
8170 4258
8171 4306
8172 4480
8173 4281
8174 4369
8175 4342
8176 4175
8177 4282
8178 4388
8179 4200
8180 4208
8181 4256
8182 4360
8183 4300
8184 4297
8185 4352
8186 4275
8187 4268
8188 4145
8189 4247
8190 4211
8191 4276
8192 4295
8193 4342
8194 4397
8195 4077
8196 4273
8197 4269
8198 4206
8199 4275
8200 4403
8201 4209
8202 4275
8203 4132
8204 4253
8205 4209
8206 4340
8207 4408
8208 4364
8209 4076
8210 4360
8211 4208
8212 4213
8213 4139
8214 4138
8215 4275
8216 4139
8217 4343
8218 4301
8219 4283
8220 4330
8221 4209
8222 4284
8223 4275
8224 4211
8225 4232
8226 4146
8227 4276
8228 4083
8229 4273
8230 4281
8231 4276
8232 4276
8233 4236
8234 4434
8235 4372
8236 4343
8237 4229
8238 4283
8239 4351
8240 4152
8241 4261
8242 4314
8243 4216
8244 4445
8245 4276
8246 4295
8247 4190
8248 4288
8249 4434
8250 4415
8251 4371
8252 4281
8253 4302
8254 4275
8255 4218
8256 4386
8257 4342
8258 4331
8259 4147
8260 4317
8261 4276
8262 4321
8263 4304
8264 4275
8265 4289
8266 4335
8267 4322
8268 4284
8269 4276
8270 4275
8271 4209
8272 4333
8273 4468
8274 4116
8275 4146
8276 4138
8277 4275
8278 4252
8279 4140
8280 4127
8281 4341
8282 4348
8283 4221
8284 4428
8285 4347
8286 4271
8287 4405
8288 4380
8289 4390
8290 4333
8291 4254
8292 4401
8293 4347
8294 4281
8295 4389
8296 4320
8297 4276
8298 4435
8299 4443
8300 4411
8301 4213
8302 4139
8303 4208
8304 4428
8305 4276
8306 4283
8307 4343
8308 4309
8309 4275
8310 4246
8311 4216
8312 4206
8313 4380
8314 4275
8315 4216
8316 4401
8317 4282
8318 4352
8319 4226
8320 4275
8321 4334
8322 4436
8323 4276
8324 4342
8325 4324
8326 4154
8327 4261
8328 4371
8329 4276
8330 4285
8331 4393
8332 4361
8333 4257
8334 4365
8335 4371
8336 4281
8337 4221
8338 4379
8339 4349
8340 4314
8341 4345
8342 4313
8343 4388
8344 4283
8345 4281
8346 4208
8347 4262
8348 4138
8349 4360
8350 4347
8351 4275
8352 4407
8353 4209
8354 4201
8355 4139
8356 4256
8357 4253
8358 4335
8359 4383
8360 4419
8361 4284
8362 4276
8363 4325
8364 4328
8365 4342
8366 4292
8367 4299
8368 4467
8369 4323
8370 4209
8371 4268
8372 4275
8373 4351
8374 4358
8375 4263
8376 4342
8377 4372
8378 4205
8379 4347
8380 4330
8381 4361
8382 4391
8383 4315
8384 4188
8385 4381
8386 4271
8387 4374
8388 4347
8389 4276
8390 4275
8391 4138
8392 4187
8393 4280
8394 4224
8395 4342
8396 4216
8397 4395
8398 4383
8399 4344
8400 4243
8401 4147
8402 4382
8403 4412
8404 4276
8405 4342
8406 4342
8407 4354
8408 4386
8409 4200
8410 4387
8411 4282
8412 4193
8413 4258
8414 4305
8415 4283
8416 4216
8417 4342
8418 4342
8419 4276
8420 4330
8421 4303
8422 4270
8423 4347
8424 4215
8425 4275
8426 4275
8427 4121
8428 4343
8429 4365
8430 4318
8431 4265
8432 4283
8433 4409
8434 4138
8435 4210
8436 4268
8437 4287
8438 4331
8439 4202
8440 4433
8441 4138
8442 4191
8443 4208
8444 4254
8445 4389
8446 4331
8447 4342
8448 4208
8449 4145
8450 4343
8451 4276
8452 4342
8453 4209
8454 4342
8455 4215
8456 4323
8457 4268
8458 4418
8459 4454
8460 4347
8461 4268
8462 4342
8463 4209
8464 4342
8465 4209
8466 4139
8467 4257
8468 4146
8469 4224
8470 4343
8471 4328
8472 4218
8473 4275
8474 4275
8475 4292
8476 4300
8477 4323
8478 4334
8479 4424
8480 4216
8481 4149
8482 4288
8483 4251
8484 4145
8485 4208
8486 4269
8487 4342
8488 4289
8489 4323
8490 4273
8491 4266
8492 4465
8493 4289
8494 4331
8495 4205
8496 4437
8497 4370
8498 4140
8499 4386
8500 4247
8501 4342
8502 4322
8503 4216
8504 4343
8505 4140
8506 4213
8507 4269
8508 4318
8509 4408
8510 4224
8511 4145
8512 4309
8513 4440
8514 4415
8515 4208
8516 4209
8517 4355
8518 4342
8519 4275
8520 4208
8521 4288
8522 4328
8523 4370
8524 4486
8525 4275
8526 4408
8527 4396
8528 4499
8529 4208
8530 4185
8531 4281
8532 4281
8533 4260
8534 4251
8535 4313
8536 4328
8537 4385
8538 4370
8539 4429
8540 4260
8541 4380
8542 4138
8543 4261
8544 4441
8545 4426
8546 4223
8547 4275
8548 4284
8549 4392
8550 4384
8551 4287
8552 4281
8553 4333
8554 4338
8555 4207
8556 4408
8557 4287
8558 4350
8559 4279
8560 4286
8561 4384
8562 4214
8563 4080
8564 4259
8565 4372
8566 4284
8567 4374
8568 4426
8569 4212
8570 4325
8571 4247
8572 4282
8573 4216
8574 4354
8575 4284
8576 4343
8577 4136
8578 4272
8579 4306
8580 4266
8581 4279
8582 4333
8583 4336
8584 4216
8585 4178
8586 4398
8587 4346
8588 4273
8589 4280
8590 4281
8591 4327
8592 4300
8593 4345
8594 4284
8595 4316
8596 4388
8597 4169
8598 4140
8599 4411
8600 4370
8601 4332
8602 4261
8603 4354
8604 4285
8605 4345
8606 4215
8607 4272
8608 4445
8609 4279
8610 4277
8611 4275
8612 4401
8613 4255
8614 4319
8615 4327
8616 4329
8617 4182
8618 4140
8619 4318
8620 4344
8621 4157
8622 4307
8623 4157
8624 4349
8625 4326
8626 4217
8627 4207
8628 4393
8629 4362
8630 4421
8631 4265
8632 4277
8633 4369
8634 4285
8635 4150
8636 4324
8637 4330
8638 4401
8639 4146
8640 4346
8641 4277
8642 4329
8643 4215
8644 4271
8645 4349
8646 4279
8647 4285
8648 4271
8649 4286
8650 4157
8651 4458
8652 4285
8653 4357
8654 4330
8655 4349
8656 4446
8657 4293
8658 4389
8659 4088
8660 4334
8661 4348
8662 4286
8663 4282
8664 4209
8665 4359
8666 4251
8667 4283
8668 4279
8669 4189
8670 4241
8671 4261
8672 4325
8673 4216
8674 4278
8675 4326
8676 4138
8677 4288
8678 4339
8679 4388
8680 4412
8681 4400
8682 4275
8683 4202
8684 4275
8685 4245
8686 4389
8687 4383
8688 4286
8689 4170
8690 4333
8691 4279
8692 4383
8693 4213
8694 4415
8695 4243
8696 4132
8697 4145
8698 4098
8699 4106
8700 4131
8701 4137
8702 4129
8703 4143
8704 4081
8705 4136
8706 4085
8707 4128
8708 4240
8709 4079
8710 4265
8711 4191
8712 4202
8713 4078
8714 4176
8715 4078
8716 4092
8717 4101
8718 4079
8719 4129
8720 4080
8721 4127
8722 4149
8723 4079
8724 4080
8725 4136
8726 4235
8727 4193
8728 4091
8729 4250
8730 4083
8731 4199
8732 4138
8733 4250
8734 4425
8735 4090
8736 4236
8737 4261
8738 4344
8739 4338
8740 4207
8741 4341
8742 4343
8743 4275
8744 4342
8745 4342
8746 4276
8747 4343
8748 4268
8749 4343
8750 4247
8751 4205
8752 4298
8753 4305
8754 4406
8755 4350
8756 4426
8757 4156
8758 4341
8759 4423
8760 4346
8761 4218
8762 4280
8763 4268
8764 4279
8765 4377
8766 4142
8767 4433
8768 4282
8769 4273
8770 4274
8771 4279
8772 4349
8773 4279
8774 4350
8775 4265
8776 4349
8777 4279
8778 4240
8779 4338
8780 4494
8781 4219
8782 4319
8783 4299
8784 4258
8785 4396
8786 4351
8787 4154
8788 4216
8789 4331
8790 4267
8791 4370
8792 4350
8793 4286
8794 4250
8795 4349
8796 4396
8797 4345
8798 4285
8799 4274
8800 4394
8801 4381
8802 4216
8803 4288
8804 4352
8805 4314
8806 4326
8807 4337
8808 4351
8809 4153
8810 4475
8811 4330
8812 4286
8813 4281
8814 4253
8815 4411
8816 4324
8817 4336
8818 4353
8819 4281
8820 4288
8821 4295
8822 4291
8823 4343
8824 4380
8825 4349
8826 4357
8827 4146
8828 4280
8829 4283
8830 4206
8831 4213
8832 4416
8833 4346
8834 4302
8835 4326
8836 4218
8837 4429
8838 4378
8839 4288
8840 4270
8841 4254
8842 4447
8843 4192
8844 4410
8845 4261
8846 4426
8847 4382
8848 4235
8849 4308
8850 4152
8851 4214
8852 4274
8853 4275
8854 4283
8855 4153
8856 4393
8857 4286
8858 4346
8859 4314
8860 4328
8861 4376
8862 4145
8863 4322
8864 4282
8865 4278
8866 4338
8867 4279
8868 4282
8869 4347
8870 4287
8871 4407
8872 4302
8873 4264
8874 4149
8875 4214
8876 4284
8877 4324
8878 4098
8879 4250
8880 4267
8881 4336
8882 4326
8883 4291
8884 4199
8885 4233
8886 4245
8887 4402
8888 4279
8889 4288
8890 4219
8891 4258
8892 4421
8893 4423
8894 4279
8895 4141
8896 4128
8897 4337
8898 4337
8899 4408
8900 4342
8901 4310
8902 4342
8903 4275
8904 4390
8905 4321
8906 4472
8907 4152
8908 4331
8909 4275
8910 4328
8911 4215
8912 4303
8913 4317
8914 4275
8915 4372
8916 4342
8917 4215
8918 4395
8919 4162
8920 4392
8921 4275
8922 4307
8923 4208
8924 4268
8925 4329
8926 4401
8927 4396
8928 4208
8929 4275
8930 4304
8931 4387
8932 4351
8933 4246
8934 4173
8935 4208
8936 4381
8937 4279
8938 4204
8939 4389
8940 4207
8941 4341
8942 4435
8943 4268
8944 4191
8945 4387
8946 4396
8947 4393
8948 4426
8949 4330
8950 4189
8951 4385
8952 4334
8953 4365
8954 4255
8955 4202
8956 4170
8957 4342
8958 4342
8959 4343
8960 4480
8961 4275
8962 4208
8963 4145
8964 4218
8965 4208
8966 4319
8967 4274
8968 4325
8969 4395
8970 4275
8971 4385
8972 4280
8973 4274
8974 4275
8975 4265
8976 4217
8977 4395
8978 4460
8979 4268
8980 4148
8981 4304
8982 4396
8983 4328
8984 4349
8985 4352
8986 4375
8987 4342
8988 4436
8989 4442
8990 4398
8991 4209
8992 4275
8993 4372
8994 4385
8995 4251
8996 4330
8997 4396
8998 4442
8999 4341
9000 4275
9001 4283
9002 4217
9003 4217
9004 4275
9005 4275
9006 4292
9007 4342
9008 4275
9009 4491
9010 4417
9011 4372
9012 4249
9013 4318
9014 4401
9015 4342
9016 4363
9017 4264
9018 4280
9019 4299
9020 4372
9021 4140
9022 4373
9023 4323
9024 4332
9025 4312
9026 4270
9027 4146
9028 4216
9029 4178
9030 4341
9031 4397
9032 4399
9033 4284
9034 4370
9035 4319
9036 4316
9037 4266
9038 4259
9039 4316
9040 4313
9041 4248
9042 4331
9043 4231
9044 4155
9045 4281
9046 4222
9047 4283
9048 4393
9049 4284
9050 4327
9051 4143
9052 4255
9053 4349
9054 4347
9055 4322
9056 4279
9057 4353
9058 4255
9059 4364
9060 4414
9061 4311
9062 4328
9063 4282
9064 4376
9065 4415
9066 4218
9067 4357
9068 4332
9069 4262
9070 4347
9071 4148
9072 4218
9073 4261
9074 4093
9075 4337
9076 4286
9077 4215
9078 4211
9079 4289
9080 4235
9081 4204
9082 4402
9083 4395
9084 4297
9085 4222
9086 4223
9087 4282
9088 4350
9089 4281
9090 4394
9091 4465
9092 4399
9093 4333
9094 4372
9095 4304
9096 4341
9097 4429
9098 4337
9099 4329
9100 4408
9101 4334
9102 4351
9103 4369
9104 4376
9105 4264
9106 4350
9107 4214
9108 4393
9109 4288
9110 4455
9111 4233
9112 4431
9113 4199
9114 4412
9115 4234
9116 4276
9117 4405
9118 4220
9119 4376
9120 4396
9121 4383
9122 4146
9123 4347
9124 4329
9125 4347
9126 4354
9127 4383
9128 4421
9129 4342
9130 4095
9131 4239
9132 4366
9133 4348
9134 4432
9135 4373
9136 4338
9137 4423
9138 4242
9139 4392
9140 4337
9141 4413
9142 4380
9143 4143
9144 4368
9145 4290
9146 4280
9147 4341
9148 4414
9149 4431
9150 4334
9151 4348
9152 4358
9153 4235
9154 4440
9155 4446
9156 4209
9157 4334
9158 4279
9159 4282
9160 4345
9161 4282
9162 4332
9163 4087
9164 4247
9165 4262
9166 4282
9167 4387
9168 4281
9169 4147
9170 4361
9171 4275
9172 4213
9173 4285
9174 4378
9175 4286
9176 4200
9177 4216
9178 4354
9179 4283
9180 4325
9181 4216
9182 4313
9183 4224
9184 4215
9185 4430
9186 4322
9187 4201
9188 4283
9189 4339
9190 4196
9191 4394
9192 4236
9193 4283
9194 4283
9195 4358
9196 4347
9197 4282
9198 4436
9199 4263
9200 4304
9201 4280
9202 4285
9203 4318
9204 4281
9205 4351
9206 4317
9207 4284
9208 4192
9209 4283
9210 4214
9211 4297
9212 4326
9213 4212
9214 4353
9215 4265
9216 4254
9217 4349
9218 4217
9219 4350
9220 4413
9221 4146
9222 4247
9223 4386
9224 4413
9225 4347
9226 4320
9227 4302
9228 4376
9229 4393
9230 4387
9231 4306
9232 4422
9233 4355
9234 4387
9235 4445
9236 4270
9237 4318
9238 4370
9239 4277
9240 4346
9241 4392
9242 4366
9243 4369
9244 4278
9245 4275
9246 4144
9247 4347
9248 4291
9249 4228
9250 4282
9251 4263
9252 4357
9253 4465
9254 4277
9255 4284
9256 4398
9257 4279
9258 4283
9259 4195
9260 4297
9261 4339
9262 4347
9263 4389
9264 4276
9265 4350
9266 4393
9267 4210
9268 4476
9269 4201
9270 4364
9271 4356
9272 4356
9273 4212
9274 4261
9275 4346
9276 4218
9277 4267
9278 4326
9279 4318
9280 4341
9281 4288
9282 4282
9283 4251
9284 4282
9285 4251
9286 4327
9287 4212
9288 4324
9289 4310
9290 4280
9291 4393
9292 4331
9293 4355
9294 4333
9295 4214
9296 4408
9297 4348
9298 4406
9299 4247
9300 4416
9301 4340
9302 4320
9303 4408
9304 4197
9305 4275
9306 4434
9307 4410
9308 4394
9309 4341
9310 4391
9311 4306
9312 4458
9313 4433
9314 4470
9315 4338
9316 4390
9317 4212
9318 4219
9319 4284
9320 4419
9321 4278
9322 4419
9323 4388
9324 4350
9325 4419
9326 4546
9327 4268
9328 4350
9329 4330
9330 4427
9331 4262
9332 4349
9333 4309
9334 4290
9335 4213
9336 4302
9337 4266
9338 4261
9339 4430
9340 4316
9341 4229
9342 4343
9343 4214
9344 4183
9345 4270
9346 4252
9347 4356
9348 4450
9349 4260
9350 4301
9351 4410
9352 4226
9353 4298
9354 4441
9355 4282
9356 4351
9357 4340
9358 4369
9359 4286
9360 4305
9361 4281
9362 4264
9363 4275
9364 4223
9365 4371
9366 4407
9367 4262
9368 4434
9369 4408
9370 4325
9371 4412
9372 4438
9373 4282
9374 4219
9375 4326
9376 4349
9377 4260
9378 4415
9379 4163
9380 4265
9381 4329
9382 4247
9383 4286
9384 4407
9385 4384
9386 4460
9387 4312
9388 4453
9389 4280
9390 4216
9391 4082
9392 4353
9393 4367
9394 4285
9395 4391
9396 4403
9397 4290
9398 4349
9399 4353
9400 4331
9401 4320
9402 4354
9403 4329
9404 4319
9405 4378
9406 4285
9407 4213
9408 4387
9409 4207
9410 4335
9411 4490
9412 4104
9413 4392
9414 4348
9415 4316
9416 4341
9417 4322
9418 4283
9419 4254
9420 4263
9421 4305
9422 4270
9423 4323
9424 4399
9425 4340
9426 4438
9427 4414
9428 4392
9429 4274
9430 4324
9431 4211
9432 4342
9433 4207
9434 4381
9435 4153
9436 4392
9437 4353
9438 4349
9439 4348
9440 4215
9441 4332
9442 4335
9443 4438
9444 4222
9445 4216
9446 4358
9447 4285
9448 4427
9449 4340
9450 4349
9451 4281
9452 4282
9453 4288
9454 4262
9455 4373
9456 4357
9457 4252
9458 4220
9459 4288
9460 4306
9461 4320
9462 4268
9463 4458
9464 4222
9465 4397
9466 4309
9467 4212
9468 4224
9469 4286
9470 4324
9471 4229
9472 4299
9473 4241
9474 4496
9475 4343
9476 4412
9477 4273
9478 4215
9479 4282
9480 4430
9481 4356
9482 4466
9483 4198
9484 4429
9485 4325
9486 4285
9487 4419
9488 4395
9489 4337
9490 4333
9491 4290
9492 4363
9493 4273
9494 4216
9495 4210
9496 4417
9497 4360
9498 4343
9499 4195
9500 4440
9501 4202
9502 4321
9503 4214
9504 4393
9505 4419
9506 4411
9507 4157
9508 4433
9509 4275
9510 4285
9511 4214
9512 4353
9513 4383
9514 4215
9515 4281
9516 4410
9517 4290
9518 4342
9519 4306
9520 4350
9521 4285
9522 4386
9523 4276
9524 4227
9525 4223
9526 4410
9527 4283
9528 4388
9529 4320
9530 4268
9531 4217
9532 4352
9533 4422
9534 4404
9535 4203
9536 4336
9537 4304
9538 4424
9539 4214
9540 4290
9541 4394
9542 4218
9543 4254
9544 4262
9545 4402
9546 4326
9547 4282
9548 4333
9549 4335
9550 4418
9551 4247
9552 4326
9553 4275
9554 4309
9555 4281
9556 4146
9557 4293
9558 4392
9559 4309
9560 4332
9561 4326
9562 4141
9563 4226
9564 4219
9565 4346
9566 4349
9567 4151
9568 4336
9569 4334
9570 4363
9571 4287
9572 4279
9573 4349
9574 4384
9575 4417
9576 4341
9577 4259
9578 4389
9579 4346
9580 4349
9581 4279
9582 4364
9583 4279
9584 4253
9585 4259
9586 4321
9587 4313
9588 4402
9589 4341
9590 4284
9591 4281
9592 4273
9593 4283
9594 4141
9595 4278
9596 4275
9597 4295
9598 4298
9599 4285
9600 4328
9601 4387
9602 4248
9603 4201
9604 4313
9605 4213
9606 4339
9607 4346
9608 4277
9609 4405
9610 4408
9611 4318
9612 4350
9613 4267
9614 4080
9615 4093
9616 4301
9617 4439
9618 4311
9619 4279
9620 4341
9621 4364
9622 4448
9623 4241
9624 4314
9625 4388
9626 4447
9627 4368
9628 4282
9629 4317
9630 4435
9631 4398
9632 4357
9633 4279
9634 4202
9635 4262
9636 4353
9637 4207
9638 4262
9639 4220
9640 4337
9641 4260
9642 4282
9643 4326
9644 4215
9645 4313
9646 4349
9647 4338
9648 4356
9649 4409
9650 4291
9651 4398
9652 4282
9653 4300
9654 4362
9655 4263
9656 4282
9657 4345
9658 4350
9659 4301
9660 4305
9661 4219
9662 4373
9663 4163
9664 4282
9665 4180
9666 4393
9667 4367
9668 4254
9669 4356
9670 4482
9671 4263
9672 4319
9673 4278
9674 4327
9675 4328
9676 4216
9677 4272
9678 4387
9679 4262
9680 4363
9681 4393
9682 4304
9683 4145
9684 4083
9685 4132
9686 4177
9687 4286
9688 4193
9689 4340
9690 4285
9691 4384
9692 4150
9693 4329
9694 4318
9695 4374
9696 4190
9697 4326
9698 4142
9699 4212
9700 4325
9701 4288
9702 4354
9703 4214
9704 4218
9705 4368
9706 4416
9707 4310
9708 4282
9709 4378
9710 4339
9711 4277
9712 4330
9713 4313
9714 4218
9715 4279
9716 4338
9717 4349
9718 4332
9719 4334
9720 4278
9721 4321
9722 4393
9723 4448
9724 4316
9725 4282
9726 4334
9727 4371
9728 4238
9729 4144
9730 4280
9731 4144
9732 4401
9733 4344
9734 4465
9735 4356
9736 4203
9737 4219
9738 4321
9739 4349
9740 4346
9741 4430
9742 4209
9743 4286
9744 4224
9745 4428
9746 4215
9747 4341
9748 4287
9749 4337
9750 4325
9751 4368
9752 4402
9753 4339
9754 4227
9755 4259
9756 4219
9757 4365
9758 4219
9759 4191
9760 4324
9761 4304
9762 4278
9763 4315
9764 4426
9765 4435
9766 4259
9767 4337
9768 4390
9769 4349
9770 4372
9771 4296
9772 4132
9773 4351
9774 4256
9775 4335
9776 4245
9777 4322
9778 4319
9779 4266
9780 4163
9781 4420
9782 4360
9783 4339
9784 4352
9785 4440
9786 4260
9787 4290
9788 4268
9789 4349
9790 4352
9791 4349
9792 4214
9793 4363
9794 4293
9795 4293
9796 4440
9797 4373
9798 4221
9799 4282
9800 4276
9801 4374
9802 4325
9803 4417
9804 4288
9805 4344
9806 4359
9807 4266
9808 4216
9809 4282
9810 4358
9811 4373
9812 4218
9813 4337
9814 4335
9815 4281
9816 4196
9817 4400
9818 4280
9819 4324
9820 4328
9821 4336
9822 4406
9823 4444
9824 4349
9825 4353
9826 4334
9827 4267
9828 4339
9829 4289
9830 4154
9831 4306
9832 4269
9833 4343
9834 4284
9835 4367
9836 4295
9837 4353
9838 4393
9839 4361
9840 4360
9841 4193
9842 4413
9843 4431
9844 4286
9845 4156
9846 4337
9847 4370
9848 4288
9849 4283
9850 4276
9851 4276
9852 4416
9853 4281
9854 4357
9855 4338
9856 4224
9857 4214
9858 4307
9859 4257
9860 4349
9861 4412
9862 4280
9863 4433
9864 4346
9865 4266
9866 4282
9867 4325
9868 4217
9869 4289
9870 4315
9871 4301
9872 4335
9873 4258
9874 4393
9875 4368
9876 4316
9877 4390
9878 4316
9879 4286
9880 4219
9881 4268
9882 4286
9883 4265
9884 4388
9885 4327
9886 4348
9887 4269
9888 4328
9889 4311
9890 4389
9891 4245
9892 4326
9893 4144
9894 4213
9895 4392
9896 4412
9897 4205
9898 4430
9899 4318
9900 4398
9901 4234
9902 4351
9903 4404
9904 4209
9905 4398
9906 4288
9907 4216
9908 4308
9909 4413
9910 4367
9911 4370
9912 4317
9913 4398
9914 4322
9915 4418
9916 4410
9917 4350
9918 4280
9919 4312
9920 4309
9921 4146
9922 4344
9923 4406
9924 4281
9925 4297
9926 4275
9927 4276
9928 4420
9929 4267
9930 4147
9931 4396
9932 4289
9933 4338
9934 4358
9935 4275
9936 4342
9937 4242
9938 4414
9939 4276
9940 4321
9941 4205
9942 4251
9943 4342
9944 4283
9945 4422
9946 4257
9947 4367
9948 4482
9949 4209
9950 4385
9951 4350
9952 4264
9953 4395
9954 4282
9955 4137
9956 4210
9957 4342
9958 4371
9959 4234
9960 4208
9961 4312
9962 4251
9963 4384
9964 4274
9965 4321
9966 4265
9967 4485
9968 4349
9969 4416
9970 4367
9971 4323
9972 4377
9973 4313
9974 4220
9975 4211
9976 4332
9977 4318
9978 4398
9979 4376
9980 4302
9981 4349
9982 4372
9983 4330
9984 4330
9985 4434
9986 4374
9987 4371
9988 4265
9989 4327
9990 4370
9991 4337
9992 4366
9993 4274
9994 4251
9995 4311
9996 4319
9997 4331
9998 4328
9999 4090
# sum: 4288
# min: 4069
# max: 4546
# err cnt: 0
