2006 1
2021 1
2023 1
2028 1
2029 1
2030 1
2035 1
2037 1
2040 2
2042 1
2044 1
2049 2
2050 2
2051 3
2053 2
2055 3
2056 2
2057 2
2058 1
2059 2
2060 1
2062 4
2063 3
2064 6
2066 2
2067 1
2068 2
2069 1
2070 1
2071 2
2072 4
2073 4
2074 2
2075 2
2076 7
2077 2
2078 4
2079 2
2080 4
2081 8
2082 8
2083 4
2084 3
2085 1
2086 4
2087 3
2088 6
2089 7
2090 1
2091 5
2092 6
2093 6
2094 10
2095 10
2096 6
2097 8
2098 11
2099 8
2100 2
2101 6
2102 12
2103 7
2104 7
2105 17
2106 14
2107 13
2108 8
2109 13
2110 9
2111 10
2112 9
2113 12
2114 13
2115 16
2116 17
2117 16
2118 13
2119 13
2120 17
2121 19
2122 16
2123 9
2124 19
2125 18
2126 13
2127 22
2128 24
2129 15
2130 17
2131 22
2132 19
2133 8
2134 22
2135 20
2136 22
2137 23
2138 27
2139 25
2140 21
2141 21
2142 20
2143 27
2144 32
2145 19
2146 19
2147 30
2148 22
2149 24
2150 20
2151 25
2152 27
2153 22
2154 28
2155 26
2156 28
2157 24
2158 27
2159 28
2160 29
2161 32
2162 31
2163 23
2164 31
2165 32
2166 25
2167 21
2168 27
2169 25
2170 27
2171 22
2172 28
2173 24
2174 26
2175 29
2176 29
2177 24
2178 30
2179 28
2180 30
2181 33
2182 35
2183 28
2184 37
2185 36
2186 21
2187 28
2188 29
2189 29
2190 32
2191 29
2192 22
2193 34
2194 30
2195 28
2196 29
2197 28
2198 28
2199 25
2200 30
2201 31
2202 27
2203 28
2204 34
2205 34
2206 32
2207 26
2208 19
2209 28
2210 37
2211 23
2212 23
2213 33
2214 32
2215 30
2216 25
2217 32
2218 18
2219 29
2220 26
2221 38
2222 23
2223 25
2224 23
2225 27
2226 32
2227 33
2228 29
2229 15
2230 23
2231 23
2232 34
2233 27
2234 32
2235 41
2236 27
2237 21
2238 25
2239 27
2240 23
2241 27
2242 21
2243 21
2244 19
2245 23
2246 22
2247 24
2248 23
2249 21
2250 30
2251 28
2252 29
2253 28
2254 29
2255 30
2256 24
2257 21
2258 26
2259 20
2260 27
2261 28
2262 24
2263 25
2264 27
2265 25
2266 17
2267 41
2268 30
2269 33
2270 19
2271 28
2272 28
2273 21
2274 25
2275 38
2276 34
2277 32
2278 18
2279 34
2280 30
2281 29
2282 24
2283 33
2284 37
2285 30
2286 31
2287 28
2288 34
2289 33
2290 21
2291 33
2292 36
2293 32
2294 27
2295 32
2296 38
2297 30
2298 38
2299 29
2300 37
2301 30
2302 38
2303 36
2304 37
2305 42
2306 40
2307 38
2308 36
2309 29
2310 37
2311 36
2312 30
2313 37
2314 31
2315 30
2316 20
2317 33
2318 37
2319 30
2320 36
2321 37
2322 38
2323 37
2324 37
2325 35
2326 31
2327 40
2328 30
2329 32
2330 34
2331 34
2332 33
2333 42
2334 39
2335 34
2336 34
2337 40
2338 36
2339 30
2340 41
2341 27
2342 32
2343 30
2344 34
2345 24
2346 33
2347 38
2348 27
2349 22
2350 30
2351 31
2352 38
2353 39
2354 43
2355 36
2356 31
2357 40
2358 43
2359 28
2360 24
2361 28
2362 34
2363 34
2364 33
2365 37
2366 31
2367 32
2368 40
2369 32
2370 22
2371 27
2372 35
2373 38
2374 33
2375 36
2376 40
2377 29
2378 32
2379 41
2380 36
2381 25
2382 30
2383 28
2384 41
2385 25
2386 28
2387 30
2388 30
2389 31
2390 32
2391 24
2392 29
2393 27
2394 23
2395 30
2396 29
2397 29
2398 35
2399 34
2400 20
2401 16
2402 29
2403 17
2404 29
2405 26
2406 32
2407 26
2408 14
2409 27
2410 27
2411 23
2412 36
2413 28
2414 17
2415 27
2416 24
2417 29
2418 35
2419 25
2420 23
2421 16
2422 24
2423 21
2424 20
2425 18
2426 23
2427 18
2428 20
2429 25
2430 17
2431 21
2432 22
2433 11
2434 17
2435 22
2436 18
2437 20
2438 15
2439 22
2440 17
2441 21
2442 11
2443 23
2444 13
2445 19
2446 13
2447 15
2448 8
2449 13
2450 13
2451 16
2452 16
2453 7
2454 14
2455 17
2456 13
2457 16
2458 13
2459 6
2460 9
2461 18
2462 13
2463 12
2464 7
2465 9
2466 14
2467 8
2468 8
2469 3
2470 10
2471 7
2472 4
2473 6
2474 8
2475 9
2476 7
2477 9
2478 3
2479 6
2480 3
2481 4
2482 4
2483 7
2484 4
2485 5
2486 3
2487 5
2488 3
2489 1
2490 1
2491 6
2492 2
2493 4
2494 2
2495 3
2496 3
2497 3
2498 2
2499 3
2500 3
2501 3
2502 3
2504 1
2506 1
2507 1
2508 2
2509 3
2510 1
2511 1
2512 1
2513 2
2514 1
2515 1
2516 1
2517 2
2518 1
2520 1
2521 2
2524 1
2543 1
2568 1
2569 1
2573 1
2581 1
2589 1
2598 1
2669 1
2755 1
2767 1
2809 1
2824 1
2918 1
2984 1
