0 35
1 139
2 44
3 37
4 24
5 30
6 49
7 32
8 36
9 43
10 27
11 77
12 23
13 49
14 41
15 31
16 52
17 23
18 29
19 47
20 31
21 27
22 37
23 38
24 19
25 46
26 32
27 28
28 58
29 21
30 31
31 35
32 20
33 43
34 37
35 20
36 17
37 35
38 27
39 28
40 66
41 31
42 38
43 52
44 28
45 18
46 45
47 28
48 21
49 46
50 14
51 19
52 35
53 25
54 20
55 57
56 24
57 19
58 47
59 21
60 21
61 41
62 22
63 44
64 35
65 30
66 39
67 34
68 33
69 36
70 17
71 48
72 30
73 23
74 60
75 17
76 39
77 22
78 21
79 30
80 21
81 37
82 17
83 18
84 32
85 15
86 28
87 27
88 20
89 35
90 23
91 16
92 44
93 23
94 28
95 20
96 36
97 20
98 30
99 39
100 24
101 34
102 47
103 22
104 72
105 34
106 40
107 56
108 18
109 37
110 25
111 15
112 37
113 25
114 24
115 30
116 21
117 26
118 15
119 27
120 30
121 16
122 20
123 27
124 22
125 28
126 41
127 17
128 32
129 23
130 29
131 38
132 13
133 16
134 54
135 28
136 21
137 27
138 20
139 20
140 32
141 19
142 19
143 53
144 19
145 43
146 20
147 24
148 28
149 16
150 33
151 24
152 25
153 43
154 19
155 40
156 23
157 39
158 18
159 19
160 20
161 47
162 20
163 20
164 32
165 15
166 32
167 32
168 19
169 35
170 20
171 20
172 47
173 21
174 19
175 18
176 31
177 20
178 34
179 32
180 15
181 22
182 57
183 28
184 19
185 20
186 28
187 21
188 19
189 42
190 19
191 13
192 21
193 33
194 21
195 20
196 29
197 21
198 16
199 20
200 25
201 20
202 19
203 24
204 31
205 33
206 44
207 22
208 31
209 49
210 19
211 43
212 27
213 14
214 35
215 42
216 28
217 57
218 25
219 30
220 35
221 29
222 48
223 24
224 32
225 16
226 38
227 18
228 28
229 52
230 20
231 21
232 48
233 21
234 19
235 35
236 27
237 32
238 31
239 23
240 30
241 20
242 18
243 28
244 24
245 20
246 36
247 17
248 55
249 22
250 24
251 33
252 30
253 25
254 18
255 21
256 25
257 20
258 22
259 38
260 18
261 28
262 30
263 18
264 15
265 34
266 22
267 20
268 48
269 17
270 49
271 24
272 22
273 23
274 22
275 39
276 22
277 46
278 20
279 21
280 39
281 19
282 24
283 50
284 18
285 16
286 20
287 53
288 39
289 18
290 45
291 23
292 23
293 28
294 22
295 30
296 14
297 32
298 35
299 24
300 40
301 19
302 39
303 18
304 21
305 37
306 16
307 28
308 26
309 22
310 31
311 26
312 20
313 42
314 21
315 23
316 32
317 26
318 48
319 31
320 56
321 45
322 63
323 15
324 41
325 20
326 26
327 40
328 27
329 23
330 41
331 29
332 24
333 32
334 21
335 33
336 18
337 48
338 30
339 21
340 38
341 29
342 14
343 25
344 45
345 20
346 24
347 43
348 22
349 36
350 20
351 27
352 22
353 18
354 42
355 21
356 18
357 24
358 20
359 58
360 26
361 23
362 37
363 21
364 15
365 22
366 39
367 21
368 23
369 22
370 18
371 25
372 15
373 33
374 18
375 28
376 51
377 27
378 15
379 44
380 37
381 16
382 34
383 31
384 39
385 15
386 33
387 29
388 22
389 37
390 32
391 17
392 58
393 19
394 24
395 17
396 18
397 44
398 24
399 20
400 33
401 21
402 21
403 40
404 23
405 21
406 48
407 24
408 21
409 40
410 22
411 33
412 17
413 18
414 50
415 23
416 24
417 45
418 31
419 19
420 30
421 20
422 51
423 19
424 25
425 45
426 25
427 17
428 38
429 20
430 42
431 38
432 17
433 54
434 31
435 19
436 36
437 25
438 27
439 35
440 19
441 19
442 30
443 29
444 17
445 50
446 21
447 21
448 45
449 15
450 36
451 25
452 25
453 31
454 32
455 22
456 49
457 26
458 56
459 27
460 23
461 28
462 16
463 25
464 45
465 21
466 18
467 44
468 20
469 21
470 65
471 31
472 15
473 37
474 22
475 13
476 25
477 36
478 24
479 21
480 28
481 20
482 29
483 24
484 19
485 27
486 21
487 29
488 26
489 29
490 34
491 29
492 31
493 48
494 27
495 33
496 20
497 38
498 25
499 20
500 37
501 15
502 26
503 25
504 26
505 39
506 20
507 21
508 37
509 15
510 43
511 25
512 24
513 50
514 29
515 18
516 32
517 21
518 13
519 20
520 30
521 21
522 26
523 27
524 24
525 16
526 60
527 20
528 20
529 18
530 25
531 23
532 18
533 36
534 15
535 25
536 28
537 20
538 31
539 22
540 30
541 21
542 23
543 33
544 15
545 33
546 29
547 27
548 53
549 25
550 20
551 33
552 25
553 27
554 36
555 15
556 24
557 21
558 18
559 32
560 17
561 21
562 41
563 26
564 19
565 29
566 17
567 19
568 28
569 20
570 17
571 35
572 23
573 19
574 32
575 17
576 28
577 37
578 20
579 18
580 58
581 23
582 23
583 36
584 15
585 36
586 24
587 19
588 42
589 17
590 17
591 51
592 21
593 22
594 39
595 18
596 34
597 26
598 23
599 27
600 17
601 23
602 26
603 14
604 25
605 35
606 18
607 29
608 21
609 27
610 27
611 21
612 35
613 15
614 23
615 29
616 26
617 30
618 24
619 24
620 28
621 38
622 28
623 33
624 54
625 24
626 49
627 31
628 65
629 44
630 22
631 26
632 19
633 49
634 19
635 35
636 25
637 22
638 41
639 17
640 52
641 20
642 36
643 31
644 15
645 26
646 27
647 18
648 20
649 27
650 25
651 20
652 42
653 28
654 21
655 41
656 29
657 22
658 25
659 33
660 20
661 37
662 15
663 31
664 25
665 20
666 21
667 36
668 20
669 21
670 30
671 28
672 20
673 49
674 23
675 19
676 35
677 14
678 39
679 33
680 18
681 24
682 20
683 29
684 26
685 22
686 25
687 17
688 33
689 24
690 21
691 52
692 36
693 18
694 62
695 22
696 23
697 25
698 14
699 18
700 36
701 13
702 21
703 40
704 21
705 41
706 22
707 19
708 25
709 16
710 24
711 34
712 20
713 53
714 27
715 21
716 35
717 21
718 21
719 56
720 21
721 20
722 42
723 16
724 28
725 29
726 17
727 49
728 21
729 20
730 38
731 24
732 15
733 23
734 24
735 16
736 48
737 25
738 19
739 44
740 37
741 14
742 20
743 49
744 17
745 30
746 33
747 24
748 33
749 22
750 19
751 46
752 19
753 19
754 46
755 26
756 14
757 23
758 32
759 20
760 21
761 27
762 25
763 31
764 64
765 32
766 34
767 41
768 29
769 38
770 30
771 40
772 19
773 49
774 33
775 24
776 23
777 30
778 48
779 26
780 63
781 26
782 46
783 36
784 35
785 27
786 39
787 32
788 39
789 19
790 43
791 35
792 31
793 36
794 26
795 40
796 42
797 27
798 50
799 29
800 52
801 27
802 44
803 20
804 21
805 31
806 16
807 19
808 41
809 21
810 15
811 46
812 19
813 19
814 32
815 21
816 20
817 44
818 24
819 18
820 59
821 26
822 15
823 27
824 36
825 32
826 44
827 26
828 51
829 20
830 41
831 39
832 24
833 44
834 19
835 23
836 17
837 20
838 38
839 23
840 20
841 28
842 30
843 21
844 31
845 15
846 27
847 14
848 18
849 31
850 18
851 52
852 27
853 24
854 40
855 27
856 22
857 41
858 19
859 23
860 37
861 21
862 18
863 43
864 16
865 26
866 28
867 18
868 30
869 16
870 30
871 25
872 14
873 23
874 38
875 18
876 23
877 28
878 26
879 20
880 33
881 29
882 18
883 37
884 21
885 25
886 29
887 20
888 51
889 24
890 17
891 64
892 26
893 21
894 56
895 22
896 22
897 37
898 20
899 23
900 54
901 22
902 20
903 34
904 15
905 24
906 28
907 15
908 20
909 34
910 15
911 41
912 26
913 26
914 48
915 16
916 19
917 34
918 26
919 41
920 35
921 17
922 18
923 40
924 25
925 19
926 51
927 16
928 19
929 37
930 20
931 30
932 36
933 18
934 36
935 27
936 20
937 31
938 27
939 49
940 16
941 39
942 23
943 18
944 38
945 22
946 18
947 48
948 23
949 21
950 39
951 17
952 26
953 55
954 14
955 29
956 37
957 21
958 65
959 35
960 18
961 61
962 28
963 14
964 24
965 27
966 16
967 42
968 27
969 23
970 33
971 21
972 42
973 14
974 31
975 17
976 21
977 39
978 18
979 23
980 24
981 18
982 46
983 21
984 18
985 39
986 17
987 25
988 26
989 19
990 50
991 26
992 16
993 27
994 35
995 15
996 24
997 53
998 27
999 15
1000 29
1001 46
1002 16
1003 26
1004 34
1005 20
1006 22
1007 40
1008 21
1009 24
1010 47
1011 26
1012 18
1013 27
1014 22
1015 35
1016 18
1017 51
1018 23
1019 21
1020 40
1021 26
1022 47
1023 20
1024 51
1025 16
1026 45
1027 21
1028 24
1029 36
1030 19
1031 25
1032 37
1033 17
1034 26
1035 33
1036 18
1037 37
1038 17
1039 25
1040 29
1041 21
1042 42
1043 18
1044 24
1045 38
1046 17
1047 23
1048 30
1049 19
1050 49
1051 17
1052 19
1053 41
1054 21
1055 38
1056 28
1057 19
1058 26
1059 13
1060 57
1061 15
1062 23
1063 50
1064 30
1065 15
1066 33
1067 24
1068 21
1069 35
1070 22
1071 24
1072 35
1073 19
1074 38
1075 32
1076 22
1077 42
1078 38
1079 22
1080 36
1081 30
1082 16
1083 26
1084 24
1085 23
1086 23
1087 20
1088 25
1089 33
1090 21
1091 23
1092 51
1093 32
1094 27
1095 53
1096 22
1097 44
1098 48
1099 30
1100 37
1101 37
1102 24
1103 69
1104 34
1105 19
1106 30
1107 20
1108 19
1109 28
1110 25
1111 20
1112 36
1113 20
1114 22
1115 23
1116 26
1117 34
1118 27
1119 23
1120 43
1121 21
1122 22
1123 43
1124 15
1125 46
1126 21
1127 47
1128 23
1129 18
1130 40
1131 25
1132 18
1133 37
1134 26
1135 20
1136 41
1137 18
1138 29
1139 27
1140 19
1141 18
1142 30
1143 18
1144 23
1145 28
1146 15
1147 23
1148 33
1149 15
1150 25
1151 21
1152 21
1153 40
1154 26
1155 44
1156 16
1157 39
1158 37
1159 15
1160 23
1161 48
1162 24
1163 39
1164 35
1165 27
1166 53
1167 29
1168 24
1169 38
1170 21
1171 25
1172 16
1173 39
1174 20
1175 25
1176 28
1177 22
1178 19
1179 36
1180 16
1181 26
1182 24
1183 20
1184 61
1185 18
1186 19
1187 45
1188 23
1189 39
1190 28
1191 22
1192 24
1193 15
1194 22
1195 23
1196 20
1197 21
1198 42
1199 30
1200 19
1201 39
1202 25
1203 21
1204 40
1205 14
1206 21
1207 24
1208 20
1209 20
1210 47
1211 22
1212 20
1213 56
1214 29
1215 18
1216 44
1217 16
1218 28
1219 30
1220 15
1221 35
1222 28
1223 17
1224 28
1225 34
1226 21
1227 23
1228 24
1229 47
1230 19
1231 24
1232 46
1233 15
1234 27
1235 39
1236 19
1237 42
1238 25
1239 19
1240 20
1241 20
1242 43
1243 33
1244 17
1245 39
1246 23
1247 33
1248 25
1249 19
1250 30
1251 23
1252 43
1253 25
1254 21
1255 35
1256 14
1257 21
1258 23
1259 20
1260 28
1261 27
1262 25
1263 43
1264 26
1265 17
1266 22
1267 18
1268 16
1269 44
1270 21
1271 18
1272 33
1273 15
1274 41
1275 19
1276 18
1277 37
1278 21
1279 38
1280 37
1281 18
1282 42
1283 36
1284 16
1285 20
1286 39
1287 22
1288 28
1289 27
1290 24
1291 31
1292 23
1293 23
1294 45
1295 14
1296 45
1297 21
1298 28
1299 23
1300 17
1301 44
1302 32
1303 22
1304 44
1305 26
1306 17
1307 28
1308 21
1309 30
1310 23
1311 23
1312 34
1313 26
1314 21
1315 35
1316 33
1317 27
1318 33
1319 16
1320 19
1321 27
1322 20
1323 69
1324 36
1325 25
1326 12
1327 24
1328 48
1329 28
1330 19
1331 31
1332 43
1333 36
1334 35
1335 35
1336 14
1337 38
1338 38
1339 17
1340 30
1341 25
1342 19
1343 49
1344 16
1345 16
1346 35
1347 16
1348 43
1349 28
1350 18
1351 37
1352 26
1353 15
1354 35
1355 27
1356 29
1357 43
1358 29
1359 27
1360 44
1361 29
1362 75
1363 37
1364 27
1365 43
1366 18
1367 32
1368 27
1369 19
1370 26
1371 23
1372 28
1373 25
1374 20
1375 42
1376 22
1377 18
1378 37
1379 16
1380 22
1381 31
1382 19
1383 36
1384 24
1385 14
1386 19
1387 43
1388 18
1389 22
1390 44
1391 21
1392 23
1393 23
1394 17
1395 26
1396 35
1397 14
1398 28
1399 30
1400 20
1401 40
1402 16
1403 37
1404 30
1405 16
1406 19
1407 39
1408 20
1409 26
1410 34
1411 21
1412 36
1413 31
1414 24
1415 27
1416 20
1417 35
1418 16
1419 30
1420 25
1421 18
1422 45
1423 18
1424 17
1425 33
1426 19
1427 32
1428 28
1429 17
1430 35
1431 14
1432 47
1433 23
1434 25
1435 36
1436 19
1437 27
1438 39
1439 13
1440 27
1441 33
1442 15
1443 28
1444 31
1445 21
1446 38
1447 50
1448 19
1449 52
1450 39
1451 30
1452 41
1453 13
1454 22
1455 31
1456 34
1457 25
1458 36
1459 29
1460 51
1461 28
1462 29
1463 55
1464 21
1465 21
1466 34
1467 29
1468 54
1469 29
1470 36
1471 53
1472 23
1473 59
1474 51
1475 32
1476 32
1477 14
1478 35
1479 37
1480 33
1481 40
1482 23
1483 21
1484 46
1485 18
1486 19
1487 36
1488 23
1489 20
1490 42
1491 22
1492 30
1493 72
1494 24
1495 28
1496 33
1497 24
1498 49
1499 20
1500 23
1501 43
1502 24
1503 19
1504 39
1505 26
1506 18
1507 26
1508 17
1509 21
1510 39
1511 38
1512 17
1513 50
1514 15
1515 39
1516 23
1517 30
1518 30
1519 21
1520 26
1521 20
1522 63
1523 21
1524 19
1525 39
1526 24
1527 20
1528 43
1529 26
1530 18
1531 32
1532 17
1533 22
1534 41
1535 14
1536 20
1537 54
1538 21
1539 41
1540 18
1541 57
1542 27
1543 26
1544 36
1545 15
1546 40
1547 30
1548 21
1549 44
1550 15
1551 15
1552 32
1553 16
1554 23
1555 36
1556 18
1557 41
1558 25
1559 28
1560 69
1561 18
1562 31
1563 26
1564 16
1565 27
1566 32
1567 22
1568 46
1569 27
1570 48
1571 24
1572 58
1573 30
1574 32
1575 26
1576 50
1577 21
1578 49
1579 34
1580 31
1581 54
1582 19
1583 52
1584 32
1585 56
1586 31
1587 32
1588 40
1589 33
1590 50
1591 42
1592 25
1593 57
1594 36
1595 19
1596 46
1597 27
1598 19
1599 30
1600 21
1601 18
1602 23
1603 24
1604 26
1605 20
1606 49
1607 22
1608 18
1609 34
1610 20
1611 19
1612 52
1613 32
1614 19
1615 38
1616 21
1617 13
1618 30
1619 26
1620 25
1621 40
1622 26
1623 18
1624 42
1625 24
1626 14
1627 20
1628 30
1629 15
1630 25
1631 26
1632 18
1633 50
1634 27
1635 19
1636 32
1637 19
1638 56
1639 15
1640 32
1641 50
1642 31
1643 26
1644 59
1645 27
1646 29
1647 32
1648 41
1649 19
1650 29
1651 50
1652 29
1653 25
1654 64
1655 37
1656 24
1657 46
1658 22
1659 48
1660 20
1661 37
1662 26
1663 27
1664 21
1665 45
1666 36
1667 30
1668 44
1669 21
1670 33
1671 37
1672 32
1673 52
1674 28
1675 30
1676 62
1677 21
1678 26
1679 51
1680 18
1681 32
1682 21
1683 18
1684 53
1685 16
1686 28
1687 32
1688 18
1689 62
1690 34
1691 20
1692 46
1693 15
1694 26
1695 31
1696 22
1697 22
1698 39
1699 23
1700 20
1701 40
1702 39
1703 18
1704 31
1705 36
1706 19
1707 63
1708 19
1709 21
1710 44
1711 33
1712 17
1713 24
1714 36
1715 21
1716 37
1717 26
1718 20
1719 27
1720 16
1721 40
1722 29
1723 31
1724 32
1725 19
1726 30
1727 17
1728 46
1729 22
1730 27
1731 46
1732 21
1733 20
1734 39
1735 32
1736 17
1737 48
1738 16
1739 37
1740 27
1741 19
1742 33
1743 14
1744 48
1745 17
1746 28
1747 31
1748 18
1749 41
1750 23
1751 21
1752 33
1753 28
1754 22
1755 23
1756 21
1757 32
1758 15
1759 25
1760 29
1761 23
1762 42
1763 22
1764 24
1765 16
1766 26
1767 25
1768 14
1769 26
1770 16
1771 21
1772 36
1773 24
1774 19
1775 33
1776 22
1777 22
1778 34
1779 13
1780 26
1781 25
1782 20
1783 32
1784 21
1785 28
1786 17
1787 17
1788 32
1789 21
1790 31
1791 23
1792 23
1793 26
1794 17
1795 51
1796 23
1797 23
1798 39
1799 27
1800 18
1801 35
1802 23
1803 16
1804 24
1805 26
1806 25
1807 22
1808 30
1809 16
1810 41
1811 33
1812 14
1813 23
1814 31
1815 23
1816 43
1817 27
1818 29
1819 57
1820 27
1821 26
1822 46
1823 30
1824 52
1825 34
1826 58
1827 37
1828 64
1829 28
1830 38
1831 19
1832 39
1833 29
1834 42
1835 29
1836 42
1837 24
1838 36
1839 18
1840 43
1841 31
1842 21
1843 32
1844 28
1845 23
1846 38
1847 24
1848 20
1849 30
1850 25
1851 45
1852 23
1853 20
1854 34
1855 21
1856 20
1857 40
1858 25
1859 29
1860 40
1861 40
1862 45
1863 40
1864 42
1865 19
1866 63
1867 22
1868 29
1869 16
1870 20
1871 43
1872 14
1873 32
1874 26
1875 19
1876 41
1877 23
1878 12
1879 22
1880 41
1881 18
1882 21
1883 29
1884 23
1885 47
1886 25
1887 21
1888 49
1889 18
1890 20
1891 28
1892 17
1893 42
1894 36
1895 25
1896 29
1897 25
1898 20
1899 48
1900 29
1901 18
1902 33
1903 22
1904 18
1905 36
1906 16
1907 26
1908 28
1909 14
1910 22
1911 38
1912 19
1913 46
1914 21
1915 59
1916 16
1917 41
1918 16
1919 31
1920 21
1921 19
1922 20
1923 26
1924 16
1925 30
1926 22
1927 16
1928 21
1929 37
1930 19
1931 28
1932 30
1933 18
1934 58
1935 23
1936 17
1937 42
1938 14
1939 26
1940 33
1941 30
1942 27
1943 21
1944 38
1945 24
1946 27
1947 28
1948 16
1949 34
1950 51
1951 27
1952 30
1953 34
1954 32
1955 51
1956 14
1957 60
1958 24
1959 50
1960 27
1961 28
1962 37
1963 40
1964 22
1965 28
1966 22
1967 27
1968 30
1969 26
1970 22
1971 36
1972 19
1973 55
1974 24
1975 14
1976 28
1977 24
1978 32
1979 58
1980 35
1981 53
1982 28
1983 24
1984 20
1985 34
1986 33
1987 22
1988 57
1989 31
1990 48
1991 13
1992 46
1993 19
1994 16
1995 39
1996 16
1997 31
1998 34
1999 22
2000 48
2001 20
2002 42
2003 23
2004 24
2005 36
2006 17
2007 34
2008 31
2009 21
2010 33
2011 21
2012 21
2013 28
2014 23
2015 27
2016 23
2017 45
2018 28
2019 22
2020 26
2021 26
2022 16
2023 24
2024 27
2025 22
2026 37
2027 20
2028 46
2029 37
2030 26
2031 55
2032 33
2033 55
2034 23
2035 45
2036 29
2037 37
2038 35
2039 34
2040 30
2041 29
2042 41
2043 32
2044 28
2045 53
2046 26
2047 28
2048 43
2049 26
2050 51
2051 29
2052 24
2053 41
2054 35
2055 46
2056 18
2057 56
2058 18
2059 31
2060 28
2061 17
2062 40
2063 23
2064 46
2065 29
2066 21
2067 38
2068 15
2069 30
2070 41
2071 14
2072 26
2073 54
2074 20
2075 21
2076 22
2077 18
2078 27
2079 27
2080 21
2081 33
2082 21
2083 20
2084 39
2085 15
2086 45
2087 21
2088 28
2089 27
2090 22
2091 43
2092 20
2093 52
2094 28
2095 22
2096 44
2097 17
2098 26
2099 27
2100 26
2101 42
2102 27
2103 14
2104 26
2105 33
2106 19
2107 61
2108 32
2109 21
2110 37
2111 19
2112 30
2113 21
2114 27
2115 43
2116 18
2117 27
2118 27
2119 14
2120 29
2121 22
2122 20
2123 48
2124 18
2125 19
2126 37
2127 21
2128 53
2129 24
2130 18
2131 44
2132 17
2133 27
2134 45
2135 17
2136 26
2137 38
2138 20
2139 33
2140 35
2141 26
2142 37
2143 28
2144 21
2145 29
2146 16
2147 28
2148 26
2149 21
2150 35
2151 23
2152 22
2153 28
2154 21
2155 49
2156 38
2157 44
2158 36
2159 26
2160 33
2161 44
2162 22
2163 36
2164 49
2165 25
2166 33
2167 41
2168 19
2169 27
2170 42
2171 27
2172 34
2173 55
2174 27
2175 23
2176 37
2177 20
2178 19
2179 48
2180 29
2181 28
2182 73
2183 40
2184 25
2185 51
2186 22
2187 52
2188 31
2189 38
2190 32
2191 30
2192 55
2193 31
2194 21
2195 27
2196 14
2197 45
2198 18
2199 19
2200 49
2201 19
2202 33
2203 28
2204 20
2205 23
2206 19
2207 29
2208 20
2209 27
2210 20
2211 18
2212 28
2213 18
2214 29
2215 33
2216 21
2217 46
2218 21
2219 13
2220 19
2221 50
2222 23
2223 21
2224 43
2225 25
2226 17
2227 34
2228 16
2229 41
2230 28
2231 23
2232 31
2233 18
2234 19
2235 53
2236 21
2237 19
2238 28
2239 33
2240 17
2241 22
2242 49
2243 22
2244 20
2245 38
2246 17
2247 29
2248 33
2249 33
2250 25
2251 21
2252 35
2253 26
2254 24
2255 29
2256 24
2257 23
2258 23
2259 28
2260 19
2261 31
2262 19
2263 31
2264 29
2265 25
2266 42
2267 26
2268 21
2269 34
2270 22
2271 26
2272 40
2273 21
2274 24
2275 15
2276 39
2277 18
2278 20
2279 56
2280 16
2281 41
2282 21
2283 21
2284 47
2285 14
2286 25
2287 39
2288 24
2289 37
2290 14
2291 28
2292 21
2293 21
2294 44
2295 23
2296 27
2297 20
2298 43
2299 22
2300 37
2301 30
2302 13
2303 22
2304 42
2305 29
2306 19
2307 58
2308 31
2309 15
2310 22
2311 26
2312 23
2313 17
2314 36
2315 33
2316 20
2317 48
2318 15
2319 18
2320 38
2321 19
2322 52
2323 32
2324 29
2325 44
2326 25
2327 24
2328 41
2329 23
2330 31
2331 22
2332 28
2333 22
2334 21
2335 36
2336 16
2337 21
2338 46
2339 14
2340 29
2341 36
2342 14
2343 28
2344 36
2345 20
2346 32
2347 17
2348 23
2349 26
2350 16
2351 32
2352 55
2353 28
2354 22
2355 40
2356 19
2357 40
2358 19
2359 34
2360 21
2361 22
2362 35
2363 40
2364 25
2365 33
2366 21
2367 33
2368 16
2369 46
2370 26
2371 21
2372 30
2373 20
2374 55
2375 25
2376 25
2377 36
2378 15
2379 32
2380 21
2381 21
2382 33
2383 16
2384 26
2385 35
2386 19
2387 21
2388 35
2389 19
2390 33
2391 15
2392 39
2393 18
2394 26
2395 50
2396 14
2397 24
2398 34
2399 13
2400 28
2401 32
2402 17
2403 22
2404 36
2405 26
2406 18
2407 46
2408 20
2409 21
2410 28
2411 25
2412 13
2413 20
2414 35
2415 17
2416 20
2417 38
2418 17
2419 20
2420 28
2421 15
2422 32
2423 35
2424 21
2425 49
2426 23
2427 45
2428 15
2429 54
2430 22
2431 37
2432 45
2433 33
2434 43
2435 26
2436 35
2437 35
2438 23
2439 37
2440 40
2441 35
2442 45
2443 31
2444 53
2445 18
2446 58
2447 44
2448 26
2449 45
2450 23
2451 28
2452 31
2453 21
2454 59
2455 37
2456 24
2457 45
2458 26
2459 49
2460 21
2461 48
2462 24
2463 22
2464 32
2465 25
2466 26
2467 51
2468 18
2469 53
2470 31
2471 50
2472 34
2473 22
2474 27
2475 17
2476 25
2477 23
2478 23
2479 21
2480 37
2481 14
2482 16
2483 49
2484 23
2485 19
2486 34
2487 21
2488 17
2489 29
2490 15
2491 39
2492 27
2493 17
2494 16
2495 25
2496 15
2497 21
2498 26
2499 19
2500 26
2501 21
2502 38
2503 17
2504 42
2505 19
2506 15
2507 59
2508 24
2509 22
2510 34
2511 30
2512 17
2513 52
2514 22
2515 19
2516 46
2517 19
2518 32
2519 31
2520 14
2521 21
2522 34
2523 15
2524 32
2525 25
2526 22
2527 34
2528 15
2529 44
2530 15
2531 27
2532 28
2533 24
2534 51
2535 17
2536 18
2537 50
2538 25
2539 21
2540 38
2541 31
2542 27
2543 49
2544 24
2545 22
2546 32
2547 15
2548 33
2549 34
2550 23
2551 17
2552 19
2553 33
2554 17
2555 44
2556 19
2557 35
2558 24
2559 21
2560 31
2561 20
2562 21
2563 31
2564 20
2565 47
2566 19
2567 34
2568 24
2569 17
2570 37
2571 22
2572 23
2573 44
2574 15
2575 35
2576 23
2577 20
2578 29
2579 15
2580 20
2581 32
2582 19
2583 23
2584 43
2585 21
2586 13
2587 24
2588 23
2589 14
2590 44
2591 21
2592 21
2593 39
2594 22
2595 41
2596 25
2597 49
2598 30
2599 23
2600 41
2601 24
2602 22
2603 34
2604 24
2605 20
2606 30
2607 22
2608 31
2609 28
2610 30
2611 35
2612 24
2613 30
2614 21
2615 28
2616 48
2617 22
2618 17
2619 29
2620 42
2621 59
2622 32
2623 29
2624 41
2625 28
2626 47
2627 36
2628 57
2629 33
2630 45
2631 41
2632 16
2633 31
2634 19
2635 25
2636 24
2637 18
2638 41
2639 22
2640 16
2641 33
2642 15
2643 34
2644 29
2645 18
2646 36
2647 16
2648 48
2649 16
2650 49
2651 21
2652 21
2653 37
2654 14
2655 17
2656 31
2657 18
2658 23
2659 25
2660 23
2661 44
2662 19
2663 19
2664 34
2665 18
2666 40
2667 17
2668 22
2669 34
2670 25
2671 32
2672 18
2673 42
2674 20
2675 44
2676 17
2677 17
2678 27
2679 13
2680 24
2681 40
2682 20
2683 40
2684 30
2685 18
2686 28
2687 15
2688 44
2689 29
2690 17
2691 41
2692 23
2693 25
2694 50
2695 18
2696 17
2697 42
2698 30
2699 17
2700 36
2701 29
2702 23
2703 35
2704 16
2705 29
2706 32
2707 20
2708 29
2709 21
2710 17
2711 35
2712 16
2713 58
2714 32
2715 21
2716 39
2717 15
2718 19
2719 35
2720 31
2721 20
2722 21
2723 13
2724 43
2725 15
2726 19
2727 55
2728 26
2729 25
2730 51
2731 16
2732 21
2733 39
2734 16
2735 25
2736 27
2737 18
2738 51
2739 21
2740 18
2741 41
2742 34
2743 16
2744 20
2745 28
2746 14
2747 18
2748 44
2749 15
2750 23
2751 31
2752 16
2753 43
2754 32
2755 12
2756 21
2757 27
2758 19
2759 23
2760 28
2761 24
2762 39
2763 20
2764 13
2765 47
2766 26
2767 19
2768 51
2769 19
2770 38
2771 14
2772 61
2773 24
2774 20
2775 25
2776 43
2777 16
2778 41
2779 34
2780 19
2781 33
2782 30
2783 15
2784 31
2785 39
2786 14
2787 34
2788 21
2789 12
2790 19
2791 43
2792 18
2793 26
2794 22
2795 15
2796 26
2797 28
2798 15
2799 29
2800 26
2801 20
2802 45
2803 29
2804 20
2805 28
2806 21
2807 36
2808 17
2809 35
2810 30
2811 17
2812 41
2813 32
2814 19
2815 47
2816 17
2817 23
2818 39
2819 14
2820 32
2821 26
2822 20
2823 27
2824 16
2825 21
2826 25
2827 23
2828 34
2829 14
2830 24
2831 30
2832 38
2833 32
2834 58
2835 43
2836 25
2837 51
2838 28
2839 28
2840 46
2841 28
2842 46
2843 26
2844 66
2845 20
2846 34
2847 52
2848 39
2849 23
2850 39
2851 16
2852 28
2853 53
2854 16
2855 36
2856 28
2857 21
2858 35
2859 19
2860 44
2861 15
2862 27
2863 29
2864 15
2865 32
2866 32
2867 22
2868 45
2869 18
2870 19
2871 36
2872 22
2873 58
2874 15
2875 46
2876 22
2877 18
2878 30
2879 14
2880 26
2881 28
2882 20
2883 36
2884 19
2885 26
2886 18
2887 21
2888 22
2889 47
2890 20
2891 22
2892 28
2893 14
2894 31
2895 41
2896 17
2897 24
2898 22
2899 27
2900 28
2901 20
2902 46
2903 18
2904 25
2905 39
2906 21
2907 40
2908 27
2909 73
2910 31
2911 18
2912 32
2913 25
2914 18
2915 43
2916 25
2917 23
2918 15
2919 37
2920 14
2921 19
2922 22
2923 20
2924 41
2925 20
2926 21
2927 45
2928 17
2929 51
2930 22
2931 18
2932 43
2933 15
2934 35
2935 26
2936 23
2937 31
2938 23
2939 24
2940 49
2941 24
2942 25
2943 29
2944 18
2945 49
2946 22
2947 24
2948 42
2949 29
2950 26
2951 45
2952 24
2953 25
2954 35
2955 48
2956 33
2957 27
2958 30
2959 39
2960 54
2961 42
2962 26
2963 70
2964 27
2965 20
2966 35
2967 15
2968 34
2969 25
2970 18
2971 26
2972 18
2973 30
2974 14
2975 20
2976 40
2977 25
2978 18
2979 35
2980 22
2981 40
2982 26
2983 58
2984 18
2985 22
2986 36
2987 16
2988 19
2989 48
2990 24
2991 21
2992 13
2993 64
2994 30
2995 36
2996 21
2997 48
2998 16
2999 36
3000 15
3001 27
3002 28
3003 21
3004 53
3005 27
3006 26
3007 46
3008 19
3009 41
3010 21
3011 34
3012 24
3013 27
3014 31
3015 23
3016 37
3017 54
3018 27
3019 60
3020 29
3021 31
3022 40
3023 37
3024 23
3025 59
3026 25
3027 41
3028 39
3029 30
3030 41
3031 27
3032 28
3033 39
3034 31
3035 22
3036 23
3037 30
3038 25
3039 17
3040 30
3041 26
3042 37
3043 16
3044 32
3045 17
3046 31
3047 22
3048 20
3049 32
3050 35
3051 16
3052 41
3053 25
3054 18
3055 50
3056 21
3057 23
3058 35
3059 18
3060 43
3061 32
3062 20
3063 41
3064 37
3065 23
3066 42
3067 21
3068 20
3069 35
3070 23
3071 22
3072 43
3073 25
3074 28
3075 49
3076 19
3077 16
3078 43
3079 20
3080 29
3081 26
3082 25
3083 44
3084 15
3085 31
3086 22
3087 19
3088 37
3089 27
3090 21
3091 39
3092 28
3093 22
3094 41
3095 18
3096 52
3097 26
3098 31
3099 37
3100 15
3101 21
3102 41
3103 19
3104 19
3105 51
3106 34
3107 16
3108 24
3109 20
3110 18
3111 20
3112 36
3113 14
3114 34
3115 28
3116 14
3117 21
3118 25
3119 15
3120 53
3121 18
3122 16
3123 32
3124 20
3125 39
3126 26
3127 20
3128 37
3129 15
3130 17
3131 42
3132 23
3133 17
3134 47
3135 32
3136 14
3137 25
3138 33
3139 23
3140 41
3141 24
3142 23
3143 38
3144 24
3145 19
3146 47
3147 26
3148 18
3149 27
3150 16
3151 17
3152 43
3153 16
3154 36
3155 28
3156 33
3157 47
3158 28
3159 22
3160 37
3161 17
3162 30
3163 23
3164 18
3165 19
3166 21
3167 50
3168 15
3169 25
3170 31
3171 19
3172 36
3173 16
3174 41
3175 23
3176 22
3177 47
3178 22
3179 21
3180 32
3181 19
3182 26
3183 28
3184 25
3185 27
3186 20
3187 39
3188 20
3189 19
3190 35
3191 24
3192 18
3193 22
3194 22
3195 35
3196 16
3197 19
3198 34
3199 20
3200 38
3201 21
3202 22
3203 33
3204 16
3205 42
3206 45
3207 15
3208 19
3209 36
3210 21
3211 20
3212 61
3213 29
3214 21
3215 34
3216 15
3217 20
3218 35
3219 32
3220 28
3221 58
3222 19
3223 26
3224 29
3225 31
3226 36
3227 19
3228 37
3229 22
3230 19
3231 47
3232 23
3233 18
3234 43
3235 17
3236 46
3237 26
3238 30
3239 29
3240 27
3241 20
3242 46
3243 18
3244 20
3245 30
3246 17
3247 22
3248 34
3249 17
3250 34
3251 34
3252 14
3253 24
3254 26
3255 21
3256 29
3257 16
3258 19
3259 28
3260 17
3261 33
3262 21
3263 20
3264 36
3265 35
3266 21
3267 42
3268 21
3269 20
3270 42
3271 24
3272 19
3273 34
3274 23
3275 19
3276 38
3277 17
3278 27
3279 31
3280 21
3281 27
3282 24
3283 22
3284 60
3285 20
3286 18
3287 42
3288 26
3289 19
3290 50
3291 15
3292 49
3293 28
3294 24
3295 28
3296 25
3297 17
3298 41
3299 18
3300 53
3301 25
3302 21
3303 23
3304 18
3305 20
3306 44
3307 17
3308 25
3309 33
3310 21
3311 50
3312 26
3313 19
3314 40
3315 20
3316 54
3317 15
3318 47
3319 15
3320 43
3321 18
3322 20
3323 36
3324 21
3325 25
3326 31
3327 19
3328 23
3329 29
3330 53
3331 25
3332 17
3333 23
3334 19
3335 27
3336 52
3337 25
3338 24
3339 21
3340 17
3341 53
3342 23
3343 15
3344 62
3345 21
3346 24
3347 45
3348 23
3349 16
3350 27
3351 32
3352 21
3353 53
3354 38
3355 20
3356 42
3357 38
3358 14
3359 17
3360 34
3361 18
3362 18
3363 21
3364 15
3365 24
3366 20
3367 29
3368 28
3369 24
3370 23
3371 20
3372 50
3373 18
3374 25
3375 48
3376 25
3377 26
3378 35
3379 19
3380 19
3381 24
3382 17
3383 26
3384 42
3385 35
3386 17
3387 36
3388 16
3389 31
3390 20
3391 20
3392 29
3393 16
3394 27
3395 13
3396 20
3397 29
3398 26
3399 13
3400 22
3401 37
3402 20
3403 40
3404 20
3405 18
3406 53
3407 21
3408 18
3409 47
3410 33
3411 26
3412 60
3413 18
3414 33
3415 25
3416 16
3417 32
3418 27
3419 15
3420 35
3421 21
3422 16
3423 33
3424 26
3425 19
3426 45
3427 22
3428 39
3429 27
3430 30
3431 27
3432 26
3433 16
3434 39
3435 30
3436 22
3437 37
3438 21
3439 30
3440 58
3441 30
3442 48
3443 24
3444 28
3445 28
3446 72
3447 33
3448 24
3449 47
3450 24
3451 49
3452 25
3453 24
3454 52
3455 21
3456 20
3457 46
3458 23
3459 18
3460 54
3461 14
3462 26
3463 28
3464 15
3465 23
3466 29
3467 23
3468 17
3469 35
3470 35
3471 16
3472 26
3473 32
3474 14
3475 18
3476 44
3477 20
3478 27
3479 25
3480 15
3481 31
3482 27
3483 19
3484 34
3485 22
3486 20
3487 28
3488 30
3489 20
3490 38
3491 21
3492 43
3493 19
3494 13
3495 22
3496 27
3497 22
3498 46
3499 22
3500 24
3501 26
3502 13
3503 25
3504 30
3505 15
3506 29
3507 36
3508 38
3509 25
3510 29
3511 19
3512 73
3513 23
3514 34
3515 43
3516 26
3517 34
3518 18
3519 48
3520 24
3521 51
3522 27
3523 32
3524 44
3525 25
3526 57
3527 31
3528 44
3529 17
3530 21
3531 26
3532 23
3533 30
3534 19
3535 26
3536 45
3537 16
3538 20
3539 23
3540 19
3541 45
3542 20
3543 24
3544 42
3545 20
3546 21
3547 37
3548 15
3549 27
3550 30
3551 21
3552 22
3553 37
3554 16
3555 29
3556 29
3557 14
3558 28
3559 41
3560 23
3561 16
3562 33
3563 15
3564 19
3565 30
3566 29
3567 20
3568 30
3569 29
3570 19
3571 31
3572 29
3573 19
3574 27
3575 44
3576 16
3577 23
3578 26
3579 32
3580 22
3581 28
3582 28
3583 17
3584 20
3585 24
3586 19
3587 44
3588 23
3589 78
3590 34
3591 30
3592 46
3593 35
3594 51
3595 33
3596 25
3597 55
3598 32
3599 51
3600 31
3601 33
3602 27
3603 28
3604 53
3605 41
3606 16
3607 38
3608 35
3609 27
3610 44
3611 22
3612 23
3613 42
3614 26
3615 65
3616 31
3617 19
3618 46
3619 24
3620 51
3621 23
3622 22
3623 39
3624 18
3625 21
3626 33
3627 13
3628 20
3629 45
3630 19
3631 24
3632 34
3633 18
3634 19
3635 34
3636 17
3637 22
3638 28
3639 15
3640 50
3641 22
3642 30
3643 26
3644 16
3645 24
3646 27
3647 26
3648 20
3649 26
3650 17
3651 24
3652 28
3653 19
3654 48
3655 25
3656 24
3657 32
3658 16
3659 22
3660 33
3661 19
3662 17
3663 36
3664 27
3665 17
3666 20
3667 27
3668 13
3669 22
3670 44
3671 24
3672 21
3673 42
3674 21
3675 24
3676 33
3677 16
3678 42
3679 24
3680 16
3681 49
3682 23
3683 18
3684 36
3685 27
3686 18
3687 42
3688 16
3689 23
3690 27
3691 19
3692 36
3693 24
3694 27
3695 39
3696 26
3697 18
3698 15
3699 41
3700 19
3701 21
3702 47
3703 27
3704 25
3705 47
3706 21
3707 22
3708 48
3709 20
3710 43
3711 17
3712 37
3713 25
3714 25
3715 47
3716 22
3717 47
3718 16
3719 40
3720 17
3721 17
3722 39
3723 23
3724 19
3725 39
3726 26
3727 21
3728 20
3729 30
3730 18
3731 46
3732 19
3733 32
3734 32
3735 25
3736 87
3737 34
3738 34
3739 35
3740 57
3741 29
3742 42
3743 29
3744 44
3745 29
3746 65
3747 21
3748 41
3749 31
3750 27
3751 19
3752 14
3753 29
3754 31
3755 19
3756 23
3757 43
3758 22
3759 22
3760 34
3761 18
3762 32
3763 31
3764 17
3765 41
3766 15
3767 16
3768 38
3769 21
3770 42
3771 22
3772 50
3773 23
3774 24
3775 32
3776 24
3777 18
3778 30
3779 21
3780 22
3781 34
3782 22
3783 21
3784 55
3785 16
3786 22
3787 33
3788 22
3789 50
3790 22
3791 22
3792 34
3793 18
3794 17
3795 47
3796 18
3797 27
3798 31
3799 21
3800 50
3801 26
3802 18
3803 33
3804 14
3805 26
3806 30
3807 19
3808 43
3809 35
3810 13
3811 25
3812 28
3813 20
3814 40
3815 32
3816 21
3817 38
3818 25
3819 22
3820 44
3821 25
3822 17
3823 44
3824 26
3825 20
3826 45
3827 14
3828 20
3829 40
3830 22
3831 39
3832 27
3833 34
3834 25
3835 16
3836 28
3837 21
3838 25
3839 19
3840 60
3841 18
3842 34
3843 39
3844 14
3845 26
3846 27
3847 20
3848 22
3849 23
3850 28
3851 19
3852 43
3853 24
3854 20
3855 29
3856 21
3857 28
3858 21
3859 13
3860 25
3861 32
3862 18
3863 19
3864 22
3865 16
3866 29
3867 22
3868 26
3869 37
3870 24
3871 22
3872 45
3873 17
3874 22
3875 29
3876 26
3877 45
3878 21
3879 24
3880 41
3881 22
3882 28
3883 39
3884 16
3885 33
3886 35
3887 17
3888 20
3889 23
3890 17
3891 20
3892 28
3893 17
3894 23
3895 31
3896 19
3897 23
3898 24
3899 20
3900 29
3901 21
3902 40
3903 17
3904 32
3905 27
3906 27
3907 47
3908 21
3909 39
3910 18
3911 33
3912 29
3913 21
3914 40
3915 26
3916 19
3917 52
3918 21
3919 19
3920 39
3921 17
3922 31
3923 29
3924 35
3925 24
3926 21
3927 26
3928 24
3929 29
3930 21
3931 32
3932 22
3933 22
3934 27
3935 32
3936 23
3937 39
3938 16
3939 44
3940 22
3941 20
3942 34
3943 15
3944 22
3945 45
3946 18
3947 20
3948 33
3949 19
3950 31
3951 14
3952 19
3953 35
3954 28
3955 47
3956 23
3957 26
3958 40
3959 18
3960 52
3961 32
3962 19
3963 27
3964 32
3965 18
3966 50
3967 19
3968 24
3969 40
3970 23
3971 29
3972 21
3973 23
3974 23
3975 17
3976 50
3977 23
3978 18
3979 40
3980 20
3981 24
3982 22
3983 22
3984 46
3985 22
3986 24
3987 44
3988 29
3989 44
3990 31
3991 64
3992 30
3993 26
3994 59
3995 26
3996 29
3997 45
3998 25
3999 19
4000 34
4001 19
4002 47
4003 31
4004 21
4005 40
4006 20
4007 52
4008 34
4009 19
4010 39
4011 20
4012 25
4013 37
4014 17
4015 31
4016 20
4017 42
4018 21
4019 13
4020 21
4021 34
4022 15
4023 47
4024 26
4025 16
4026 28
4027 26
4028 28
4029 15
4030 42
4031 32
4032 14
4033 18
4034 42
4035 21
4036 33
4037 28
4038 20
4039 33
4040 18
4041 36
4042 35
4043 14
4044 18
4045 21
4046 19
4047 37
4048 27
4049 23
4050 39
4051 19
4052 49
4053 17
4054 36
4055 27
4056 25
4057 48
4058 27
4059 51
4060 17
4061 20
4062 23
4063 24
4064 22
4065 37
4066 19
4067 38
4068 31
4069 20
4070 42
4071 14
4072 25
4073 32
4074 21
4075 39
4076 22
4077 22
4078 36
4079 14
4080 46
4081 29
4082 19
4083 32
4084 30
4085 16
4086 37
4087 22
4088 61
4089 16
4090 48
4091 17
4092 43
4093 28
4094 26
4095 44
4096 19
4097 28
4098 19
4099 48
4100 34
4101 14
4102 19
4103 27
4104 23
4105 29
4106 25
4107 48
4108 22
4109 25
4110 34
4111 14
4112 25
4113 22
4114 30
4115 48
4116 28
4117 41
4118 29
4119 33
4120 19
4121 37
4122 36
4123 32
4124 28
4125 20
4126 45
4127 23
4128 39
4129 35
4130 22
4131 53
4132 28
4133 28
4134 37
4135 31
4136 43
4137 30
4138 60
4139 37
4140 45
4141 23
4142 21
4143 46
4144 23
4145 25
4146 43
4147 18
4148 20
4149 45
4150 22
4151 61
4152 22
4153 21
4154 22
4155 15
4156 36
4157 34
4158 24
4159 33
4160 16
4161 15
4162 37
4163 22
4164 21
4165 58
4166 34
4167 24
4168 33
4169 26
4170 35
4171 21
4172 21
4173 22
4174 16
4175 42
4176 27
4177 28
4178 32
4179 15
4180 21
4181 34
4182 16
4183 49
4184 20
4185 47
4186 18
4187 33
4188 32
4189 20
4190 22
4191 40
4192 17
4193 23
4194 39
4195 21
4196 19
4197 43
4198 29
4199 15
4200 37
4201 34
4202 24
4203 15
4204 35
4205 22
4206 39
4207 20
4208 19
4209 60
4210 23
4211 21
4212 25
4213 26
4214 33
4215 15
4216 21
4217 37
4218 23
4219 23
4220 43
4221 24
4222 25
4223 44
4224 18
4225 17
4226 34
4227 21
4228 21
4229 24
4230 22
4231 26
4232 21
4233 14
4234 34
4235 27
4236 17
4237 25
4238 21
4239 27
4240 39
4241 18
4242 51
4243 31
4244 20
4245 24
4246 16
4247 24
4248 28
4249 20
4250 57
4251 23
4252 21
4253 32
4254 42
4255 20
4256 46
4257 37
4258 20
4259 38
4260 21
4261 16
4262 22
4263 38
4264 20
4265 16
4266 42
4267 20
4268 24
4269 22
4270 22
4271 31
4272 22
4273 19
4274 45
4275 15
4276 32
4277 35
4278 21
4279 38
4280 33
4281 14
4282 24
4283 30
4284 25
4285 47
4286 30
4287 30
4288 61
4289 25
4290 32
4291 30
4292 48
4293 20
4294 48
4295 33
4296 39
4297 28
4298 65
4299 20
4300 47
4301 27
4302 41
4303 36
4304 19
4305 63
4306 20
4307 23
4308 42
4309 15
4310 34
4311 27
4312 22
4313 45
4314 23
4315 19
4316 30
4317 23
4318 40
4319 20
4320 17
4321 58
4322 20
4323 49
4324 17
4325 50
4326 21
4327 18
4328 38
4329 22
4330 100
4331 23
4332 32
4333 30
4334 28
4335 41
4336 24
4337 53
4338 41
4339 49
4340 24
4341 62
4342 36
4343 58
4344 25
4345 67
4346 27
4347 48
4348 29
4349 42
4350 25
4351 56
4352 26
4353 18
4354 48
4355 28
4356 17
4357 28
4358 17
4359 32
4360 31
4361 21
4362 32
4363 31
4364 28
4365 51
4366 21
4367 40
4368 34
4369 28
4370 54
4371 24
4372 31
4373 23
4374 29
4375 52
4376 32
4377 26
4378 35
4379 18
4380 41
4381 23
4382 58
4383 24
4384 21
4385 32
4386 16
4387 20
4388 40
4389 27
4390 14
4391 25
4392 19
4393 14
4394 40
4395 31
4396 29
4397 23
4398 20
4399 36
4400 14
4401 27
4402 30
4403 21
4404 29
4405 20
4406 20
4407 33
4408 19
4409 48
4410 20
4411 16
4412 34
4413 25
4414 35
4415 29
4416 25
4417 30
4418 27
4419 43
4420 15
4421 49
4422 31
4423 50
4424 33
4425 32
4426 36
4427 29
4428 38
4429 28
4430 64
4431 27
4432 23
4433 28
4434 15
4435 42
4436 20
4437 19
4438 34
4439 14
4440 53
4441 22
4442 20
4443 43
4444 17
4445 23
4446 30
4447 23
4448 54
4449 17
4450 33
4451 23
4452 32
4453 19
4454 20
4455 42
4456 24
4457 25
4458 55
4459 28
4460 25
4461 28
4462 16
4463 35
4464 19
4465 20
4466 52
4467 20
4468 43
4469 18
4470 47
4471 24
4472 23
4473 35
4474 33
4475 18
4476 20
4477 36
4478 20
4479 34
4480 22
4481 23
4482 42
4483 21
4484 44
4485 12
4486 62
4487 40
4488 21
4489 40
4490 16
4491 23
4492 28
4493 20
4494 30
4495 20
4496 24
4497 23
4498 27
4499 26
4500 28
4501 20
4502 38
4503 17
4504 28
4505 20
4506 27
4507 52
4508 31
4509 17
4510 28
4511 22
4512 14
4513 23
4514 50
4515 23
4516 16
4517 45
4518 19
4519 20
4520 35
4521 16
4522 34
4523 22
4524 25
4525 33
4526 18
4527 28
4528 27
4529 25
4530 22
4531 14
4532 20
4533 28
4534 18
4535 19
4536 32
4537 17
4538 21
4539 32
4540 18
4541 26
4542 28
4543 16
4544 21
4545 30
4546 22
4547 53
4548 20
4549 19
4550 21
4551 15
4552 38
4553 23
4554 19
4555 31
4556 28
4557 21
4558 50
4559 21
4560 14
4561 36
4562 14
4563 26
4564 28
4565 17
4566 38
4567 28
4568 26
4569 43
4570 24
4571 18
4572 46
4573 33
4574 23
4575 21
4576 36
4577 19
4578 18
4579 28
4580 23
4581 20
4582 30
4583 17
4584 18
4585 31
4586 21
4587 18
4588 36
4589 21
4590 27
4591 39
4592 19
4593 36
4594 20
4595 26
4596 26
4597 18
4598 38
4599 22
4600 19
4601 43
4602 19
4603 37
4604 20
4605 24
4606 48
4607 14
4608 17
4609 43
4610 14
4611 24
4612 27
4613 20
4614 20
4615 34
4616 41
4617 21
4618 38
4619 35
4620 30
4621 26
4622 31
4623 24
4624 25
4625 53
4626 22
4627 28
4628 56
4629 28
4630 15
4631 35
4632 27
4633 38
4634 16
4635 23
4636 36
4637 21
4638 44
4639 16
4640 35
4641 25
4642 26
4643 28
4644 22
4645 34
4646 21
4647 58
4648 16
4649 46
4650 30
4651 24
4652 34
4653 16
4654 20
4655 33
4656 23
4657 47
4658 21
4659 35
4660 26
4661 40
4662 34
4663 38
4664 23
4665 46
4666 30
4667 21
4668 26
4669 20
4670 47
4671 18
4672 43
4673 15
4674 19
4675 33
4676 33
4677 54
4678 28
4679 30
4680 46
4681 24
4682 24
4683 33
4684 29
4685 31
4686 19
4687 31
4688 35
4689 33
4690 57
4691 14
4692 66
4693 27
4694 29
4695 34
4696 21
4697 38
4698 34
4699 39
4700 29
4701 53
4702 39
4703 28
4704 41
4705 21
4706 53
4707 29
4708 21
4709 30
4710 21
4711 28
4712 46
4713 24
4714 38
4715 32
4716 32
4717 46
4718 25
4719 43
4720 24
4721 51
4722 34
4723 28
4724 35
4725 26
4726 52
4727 20
4728 52
4729 27
4730 32
4731 59
4732 32
4733 31
4734 49
4735 21
4736 37
4737 20
4738 45
4739 19
4740 48
4741 15
4742 34
4743 38
4744 20
4745 46
4746 30
4747 19
4748 44
4749 25
4750 22
4751 49
4752 14
4753 39
4754 25
4755 19
4756 25
4757 15
4758 27
4759 27
4760 19
4761 44
4762 18
4763 60
4764 19
4765 17
4766 36
4767 20
4768 18
4769 30
4770 16
4771 36
4772 26
4773 23
4774 43
4775 16
4776 24
4777 49
4778 24
4779 60
4780 19
4781 28
4782 39
4783 26
4784 22
4785 34
4786 24
4787 17
4788 34
4789 48
4790 18
4791 44
4792 23
4793 20
4794 50
4795 16
4796 24
4797 26
4798 18
4799 45
4800 27
4801 19
4802 45
4803 34
4804 17
4805 20
4806 16
4807 41
4808 21
4809 23
4810 26
4811 16
4812 16
4813 27
4814 19
4815 42
4816 25
4817 32
4818 59
4819 35
4820 18
4821 21
4822 36
4823 20
4824 30
4825 26
4826 28
4827 32
4828 16
4829 22
4830 27
4831 14
4832 30
4833 29
4834 21
4835 42
4836 30
4837 17
4838 53
4839 18
4840 16
4841 37
4842 19
4843 29
4844 15
4845 45
4846 24
4847 18
4848 36
4849 13
4850 22
4851 41
4852 17
4853 16
4854 26
4855 16
4856 23
4857 27
4858 17
4859 38
4860 33
4861 64
4862 32
4863 46
4864 39
4865 40
4866 32
4867 36
4868 27
4869 37
4870 28
4871 31
4872 21
4873 47
4874 21
4875 28
4876 44
4877 25
4878 58
4879 31
4880 25
4881 47
4882 27
4883 17
4884 38
4885 40
4886 27
4887 54
4888 32
4889 25
4890 42
4891 22
4892 46
4893 34
4894 31
4895 47
4896 41
4897 32
4898 41
4899 37
4900 26
4901 27
4902 47
4903 20
4904 32
4905 39
4906 27
4907 59
4908 28
4909 58
4910 23
4911 34
4912 21
4913 44
4914 31
4915 21
4916 27
4917 44
4918 57
4919 16
4920 18
4921 64
4922 25
4923 20
4924 30
4925 16
4926 50
4927 19
4928 28
4929 24
4930 18
4931 30
4932 18
4933 57
4934 35
4935 27
4936 48
4937 23
4938 25
4939 37
4940 24
4941 20
4942 45
4943 19
4944 21
4945 23
4946 14
4947 28
4948 30
4949 19
4950 54
4951 16
4952 27
4953 46
4954 33
4955 21
4956 38
4957 15
4958 30
4959 25
4960 20
4961 43
4962 14
4963 26
4964 34
4965 20
4966 40
4967 24
4968 15
4969 25
4970 15
4971 21
4972 25
4973 16
4974 37
4975 32
4976 14
4977 26
4978 34
4979 15
4980 19
4981 39
4982 21
4983 34
4984 19
4985 29
4986 27
4987 46
4988 15
4989 59
4990 35
4991 14
4992 23
4993 30
4994 17
4995 17
4996 53
4997 17
4998 26
4999 37
5000 17
5001 40
5002 23
5003 22
5004 34
5005 17
5006 54
5007 37
5008 18
5009 22
5010 40
5011 20
5012 32
5013 26
5014 20
5015 38
5016 18
5017 19
5018 33
5019 30
5020 16
5021 24
5022 34
5023 23
5024 19
5025 33
5026 26
5027 21
5028 46
5029 36
5030 18
5031 19
5032 30
5033 24
5034 35
5035 37
5036 18
5037 49
5038 21
5039 38
5040 19
5041 46
5042 15
5043 19
5044 34
5045 22
5046 20
5047 38
5048 14
5049 41
5050 25
5051 17
5052 20
5053 55
5054 21
5055 22
5056 42
5057 25
5058 17
5059 34
5060 23
5061 23
5062 22
5063 37
5064 14
5065 51
5066 25
5067 18
5068 27
5069 21
5070 57
5071 15
5072 29
5073 25
5074 22
5075 47
5076 20
5077 20
5078 30
5079 21
5080 37
5081 16
5082 30
5083 32
5084 18
5085 35
5086 18
5087 22
5088 31
5089 17
5090 53
5091 31
5092 14
5093 37
5094 26
5095 22
5096 58
5097 25
5098 25
5099 47
5100 17
5101 23
5102 50
5103 18
5104 22
5105 54
5106 23
5107 23
5108 39
5109 15
5110 28
5111 19
5112 18
5113 54
5114 23
5115 22
5116 32
5117 18
5118 42
5119 26
5120 24
5121 51
5122 22
5123 14
5124 54
5125 24
5126 22
5127 30
5128 14
5129 36
5130 20
5131 18
5132 16
5133 29
5134 22
5135 42
5136 21
5137 28
5138 39
5139 15
5140 41
5141 24
5142 18
5143 42
5144 19
5145 21
5146 42
5147 18
5148 27
5149 32
5150 18
5151 56
5152 15
5153 16
5154 29
5155 29
5156 25
5157 20
5158 40
5159 15
5160 40
5161 21
5162 20
5163 34
5164 27
5165 24
5166 19
5167 21
5168 28
5169 24
5170 24
5171 21
5172 45
5173 55
5174 25
5175 46
5176 21
5177 19
5178 28
5179 23
5180 19
5181 38
5182 21
5183 19
5184 24
5185 17
5186 19
5187 35
5188 21
5189 17
5190 55
5191 20
5192 50
5193 16
5194 47
5195 30
5196 15
5197 26
5198 33
5199 21
5200 19
5201 47
5202 22
5203 19
5204 52
5205 23
5206 17
5207 58
5208 16
5209 20
5210 37
5211 14
5212 24
5213 30
5214 19
5215 53
5216 27
5217 18
5218 25
5219 19
5220 19
5221 37
5222 18
5223 17
5224 46
5225 31
5226 14
5227 32
5228 19
5229 34
5230 27
5231 21
5232 27
5233 33
5234 18
5235 26
5236 27
5237 25
5238 39
5239 16
5240 21
5241 26
5242 20
5243 22
5244 16
5245 50
5246 23
5247 18
5248 42
5249 14
5250 35
5251 19
5252 28
5253 31
5254 22
5255 23
5256 37
5257 16
5258 24
5259 24
5260 19
5261 41
5262 14
5263 30
5264 41
5265 18
5266 30
5267 24
5268 13
5269 20
5270 33
5271 18
5272 38
5273 15
5274 20
5275 21
5276 16
5277 28
5278 26
5279 16
5280 35
5281 19
5282 22
5283 27
5284 26
5285 13
5286 19
5287 28
5288 26
5289 19
5290 47
5291 21
5292 34
5293 22
5294 21
5295 29
5296 17
5297 18
5298 25
5299 14
5300 27
5301 38
5302 20
5303 43
5304 21
5305 19
5306 41
5307 31
5308 24
5309 37
5310 15
5311 17
5312 47
5313 23
5314 18
5315 41
5316 15
5317 17
5318 41
5319 28
5320 19
5321 32
5322 42
5323 20
5324 18
5325 63
5326 31
5327 19
5328 35
5329 17
5330 51
5331 24
5332 20
5333 41
5334 22
5335 19
5336 25
5337 22
5338 40
5339 29
5340 23
5341 25
5342 24
5343 56
5344 41
5345 22
5346 65
5347 20
5348 33
5349 35
5350 30
5351 24
5352 24
5353 50
5354 28
5355 23
5356 68
5357 45
5358 29
5359 56
5360 35
5361 19
5362 43
5363 24
5364 24
5365 23
5366 23
5367 22
5368 34
5369 22
5370 21
5371 47
5372 15
5373 18
5374 26
5375 17
5376 19
5377 49
5378 13
5379 23
5380 27
5381 14
5382 21
5383 37
5384 17
5385 21
5386 32
5387 26
5388 21
5389 25
5390 25
5391 30
5392 27
5393 15
5394 30
5395 25
5396 18
5397 39
5398 26
5399 16
5400 19
5401 36
5402 23
5403 57
5404 29
5405 34
5406 23
5407 16
5408 51
5409 27
5410 16
5411 33
5412 28
5413 17
5414 33
5415 26
5416 34
5417 22
5418 15
5419 48
5420 43
5421 21
5422 35
5423 17
5424 45
5425 26
5426 23
5427 36
5428 18
5429 16
5430 44
5431 15
5432 21
5433 27
5434 17
5435 24
5436 34
5437 14
5438 43
5439 34
5440 23
5441 33
5442 18
5443 23
5444 23
5445 20
5446 54
5447 22
5448 21
5449 34
5450 15
5451 20
5452 35
5453 19
5454 19
5455 34
5456 20
5457 27
5458 22
5459 18
5460 24
5461 36
5462 22
5463 37
5464 23
5465 23
5466 48
5467 33
5468 57
5469 35
5470 42
5471 45
5472 20
5473 47
5474 32
5475 14
5476 23
5477 30
5478 17
5479 18
5480 27
5481 20
5482 18
5483 37
5484 21
5485 27
5486 40
5487 14
5488 34
5489 29
5490 15
5491 28
5492 24
5493 20
5494 58
5495 21
5496 24
5497 29
5498 13
5499 20
5500 30
5501 15
5502 44
5503 14
5504 50
5505 31
5506 20
5507 43
5508 27
5509 18
5510 37
5511 27
5512 17
5513 39
5514 25
5515 60
5516 16
5517 49
5518 22
5519 23
5520 40
5521 16
5522 21
5523 33
5524 19
5525 43
5526 19
5527 49
5528 24
5529 17
5530 43
5531 27
5532 19
5533 40
5534 30
5535 25
5536 38
5537 23
5538 37
5539 25
5540 21
5541 32
5542 15
5543 32
5544 29
5545 18
5546 38
5547 25
5548 27
5549 25
5550 21
5551 35
5552 18
5553 20
5554 47
5555 21
5556 24
5557 21
5558 20
5559 22
5560 24
5561 30
5562 16
5563 54
5564 25
5565 27
5566 28
5567 21
5568 30
5569 21
5570 31
5571 17
5572 30
5573 25
5574 18
5575 46
5576 19
5577 21
5578 34
5579 13
5580 22
5581 28
5582 18
5583 30
5584 23
5585 16
5586 16
5587 45
5588 22
5589 20
5590 52
5591 19
5592 19
5593 42
5594 29
5595 17
5596 35
5597 17
5598 17
5599 50
5600 16
5601 15
5602 41
5603 17
5604 27
5605 29
5606 19
5607 18
5608 52
5609 34
5610 15
5611 25
5612 36
5613 16
5614 20
5615 44
5616 15
5617 20
5618 43
5619 13
5620 23
5621 43
5622 16
5623 48
5624 19
5625 20
5626 39
5627 14
5628 30
5629 36
5630 17
5631 42
5632 18
5633 22
5634 47
5635 18
5636 44
5637 18
5638 32
5639 23
5640 27
5641 30
5642 30
5643 53
5644 25
5645 53
5646 28
5647 34
5648 18
5649 36
5650 37
5651 29
5652 37
5653 29
5654 18
5655 32
5656 15
5657 53
5658 29
5659 18
5660 30
5661 23
5662 31
5663 14
5664 30
5665 24
5666 27
5667 56
5668 26
5669 35
5670 25
5671 26
5672 40
5673 30
5674 59
5675 34
5676 19
5677 38
5678 27
5679 30
5680 67
5681 30
5682 29
5683 58
5684 41
5685 32
5686 52
5687 25
5688 28
5689 25
5690 32
5691 48
5692 19
5693 28
5694 18
5695 16
5696 33
5697 39
5698 23
5699 44
5700 19
5701 26
5702 48
5703 14
5704 16
5705 43
5706 30
5707 16
5708 22
5709 47
5710 14
5711 16
5712 37
5713 25
5714 24
5715 35
5716 18
5717 43
5718 19
5719 34
5720 21
5721 20
5722 43
5723 23
5724 42
5725 26
5726 21
5727 44
5728 14
5729 33
5730 34
5731 14
5732 29
5733 46
5734 17
5735 23
5736 25
5737 22
5738 30
5739 21
5740 19
5741 28
5742 18
5743 45
5744 24
5745 26
5746 43
5747 15
5748 19
5749 23
5750 19
5751 26
5752 16
5753 22
5754 33
5755 18
5756 21
5757 31
5758 18
5759 45
5760 16
5761 33
5762 26
5763 24
5764 45
5765 30
5766 47
5767 20
5768 29
5769 44
5770 15
5771 30
5772 28
5773 20
5774 74
5775 49
5776 19
5777 31
5778 33
5779 21
5780 26
5781 23
5782 31
5783 24
5784 34
5785 15
5786 44
5787 25
5788 20
5789 53
5790 19
5791 22
5792 29
5793 16
5794 30
5795 28
5796 30
5797 60
5798 20
5799 63
5800 34
5801 36
5802 34
5803 38
5804 35
5805 55
5806 33
5807 45
5808 24
5809 45
5810 37
5811 28
5812 39
5813 19
5814 41
5815 32
5816 19
5817 24
5818 42
5819 14
5820 49
5821 33
5822 33
5823 30
5824 21
5825 54
5826 27
5827 23
5828 42
5829 19
5830 33
5831 32
5832 18
5833 32
5834 34
5835 22
5836 42
5837 20
5838 23
5839 41
5840 26
5841 22
5842 47
5843 23
5844 21
5845 55
5846 23
5847 26
5848 32
5849 14
5850 19
5851 41
5852 21
5853 21
5854 33
5855 20
5856 29
5857 47
5858 39
5859 24
5860 70
5861 28
5862 49
5863 36
5864 28
5865 39
5866 21
5867 28
5868 36
5869 13
5870 20
5871 52
5872 21
5873 33
5874 42
5875 20
5876 31
5877 59
5878 26
5879 32
5880 65
5881 41
5882 30
5883 42
5884 31
5885 36
5886 24
5887 60
5888 13
5889 81
5890 32
5891 28
5892 54
5893 18
5894 52
5895 21
5896 22
5897 36
5898 13
5899 20
5900 21
5901 21
5902 55
5903 20
5904 17
5905 43
5906 14
5907 56
5908 18
5909 21
5910 47
5911 16
5912 38
5913 26
5914 30
5915 22
5916 18
5917 40
5918 18
5919 21
5920 34
5921 23
5922 45
5923 22
5924 15
5925 24
5926 36
5927 19
5928 24
5929 30
5930 32
5931 22
5932 32
5933 23
5934 21
5935 32
5936 21
5937 17
5938 43
5939 22
5940 18
5941 42
5942 42
5943 14
5944 20
5945 50
5946 18
5947 20
5948 30
5949 37
5950 15
5951 21
5952 43
5953 28
5954 28
5955 47
5956 31
5957 27
5958 35
5959 34
5960 59
5961 20
5962 35
5963 41
5964 14
5965 22
5966 33
5967 19
5968 22
5969 32
5970 18
5971 35
5972 38
5973 20
5974 41
5975 18
5976 26
5977 28
5978 28
5979 21
5980 32
5981 15
5982 29
5983 28
5984 22
5985 35
5986 16
5987 25
5988 27
5989 17
5990 23
5991 38
5992 24
5993 26
5994 54
5995 19
5996 22
5997 53
5998 26
5999 21
6000 28
6001 20
6002 51
6003 22
6004 21
6005 43
6006 15
6007 30
6008 25
6009 17
6010 43
6011 18
6012 43
6013 27
6014 19
6015 38
6016 32
6017 26
6018 26
6019 17
6020 37
6021 15
6022 32
6023 24
6024 20
6025 25
6026 14
6027 31
6028 22
6029 44
6030 25
6031 19
6032 34
6033 19
6034 25
6035 37
6036 20
6037 24
6038 24
6039 17
6040 29
6041 21
6042 21
6043 38
6044 16
6045 24
6046 20
6047 21
6048 34
6049 20
6050 41
6051 16
6052 28
6053 32
6054 16
6055 25
6056 29
6057 14
6058 38
6059 28
6060 22
6061 43
6062 21
6063 23
6064 28
6065 17
6066 20
6067 37
6068 22
6069 29
6070 21
6071 43
6072 25
6073 24
6074 55
6075 21
6076 32
6077 44
6078 30
6079 27
6080 32
6081 30
6082 43
6083 31
6084 35
6085 43
6086 20
6087 20
6088 48
6089 23
6090 47
6091 16
6092 32
6093 29
6094 20
6095 57
6096 19
6097 22
6098 36
6099 17
6100 31
6101 23
6102 14
6103 22
6104 37
6105 21
6106 19
6107 44
6108 22
6109 14
6110 34
6111 45
6112 16
6113 22
6114 33
6115 26
6116 18
6117 70
6118 34
6119 37
6120 38
6121 27
6122 54
6123 39
6124 27
6125 27
6126 39
6127 31
6128 23
6129 53
6130 30
6131 21
6132 31
6133 24
6134 22
6135 30
6136 17
6137 20
6138 48
6139 14
6140 28
6141 16
6142 19
6143 29
6144 20
6145 25
6146 25
6147 19
6148 37
6149 22
6150 26
6151 41
6152 16
6153 25
6154 24
6155 29
6156 51
6157 23
6158 39
6159 20
6160 51
6161 21
6162 38
6163 31
6164 17
6165 20
6166 36
6167 19
6168 22
6169 44
6170 14
6171 50
6172 23
6173 21
6174 35
6175 16
6176 21
6177 41
6178 15
6179 51
6180 18
6181 23
6182 50
6183 23
6184 15
6185 47
6186 37
6187 18
6188 53
6189 20
6190 16
6191 40
6192 25
6193 22
6194 24
6195 19
6196 54
6197 31
6198 21
6199 27
6200 21
6201 25
6202 35
6203 19
6204 20
6205 51
6206 24
6207 24
6208 26
6209 15
6210 22
6211 41
6212 15
6213 33
6214 24
6215 17
6216 43
6217 18
6218 20
6219 38
6220 16
6221 32
6222 41
6223 20
6224 27
6225 38
6226 28
6227 43
6228 26
6229 24
6230 19
6231 19
6232 40
6233 27
6234 30
6235 23
6236 41
6237 22
6238 53
6239 33
6240 33
6241 49
6242 40
6243 48
6244 22
6245 61
6246 34
6247 15
6248 48
6249 29
6250 63
6251 21
6252 52
6253 21
6254 21
6255 32
6256 15
6257 30
6258 29
6259 20
6260 53
6261 22
6262 19
6263 45
6264 32
6265 14
6266 41
6267 25
6268 20
6269 37
6270 16
6271 38
6272 26
6273 16
6274 32
6275 35
6276 24
6277 35
6278 39
6279 23
6280 56
6281 23
6282 20
6283 24
6284 18
6285 35
6286 27
6287 17
6288 31
6289 40
6290 16
6291 20
6292 39
6293 31
6294 17
6295 43
6296 26
6297 20
6298 21
6299 15
6300 42
6301 19
6302 30
6303 32
6304 19
6305 35
6306 22
6307 20
6308 31
6309 19
6310 29
6311 32
6312 18
6313 51
6314 24
6315 20
6316 44
6317 24
6318 18
6319 50
6320 23
6321 16
6322 31
6323 26
6324 21
6325 28
6326 18
6327 26
6328 19
6329 38
6330 18
6331 38
6332 20
6333 49
6334 22
6335 31
6336 23
6337 18
6338 52
6339 17
6340 21
6341 43
6342 16
6343 31
6344 36
6345 20
6346 44
6347 21
6348 35
6349 41
6350 36
6351 27
6352 49
6353 29
6354 29
6355 39
6356 17
6357 64
6358 27
6359 23
6360 29
6361 17
6362 18
6363 29
6364 27
6365 26
6366 45
6367 19
6368 27
6369 25
6370 16
6371 29
6372 34
6373 20
6374 29
6375 18
6376 24
6377 37
6378 25
6379 25
6380 36
6381 15
6382 18
6383 36
6384 22
6385 18
6386 37
6387 24
6388 26
6389 25
6390 25
6391 32
6392 14
6393 27
6394 25
6395 19
6396 26
6397 24
6398 60
6399 39
6400 19
6401 35
6402 16
6403 49
6404 24
6405 21
6406 41
6407 19
6408 19
6409 50
6410 25
6411 20
6412 54
6413 19
6414 24
6415 30
6416 18
6417 40
6418 23
6419 15
6420 19
6421 47
6422 18
6423 19
6424 50
6425 26
6426 27
6427 39
6428 29
6429 14
6430 30
6431 33
6432 22
6433 60
6434 22
6435 20
6436 45
6437 18
6438 17
6439 38
6440 23
6441 58
6442 31
6443 19
6444 40
6445 21
6446 18
6447 24
6448 14
6449 27
6450 44
6451 17
6452 18
6453 30
6454 15
6455 34
6456 30
6457 14
6458 47
6459 15
6460 25
6461 33
6462 12
6463 30
6464 35
6465 15
6466 38
6467 36
6468 21
6469 26
6470 14
6471 29
6472 23
6473 20
6474 40
6475 25
6476 23
6477 35
6478 24
6479 32
6480 18
6481 37
6482 17
6483 60
6484 17
6485 41
6486 19
6487 28
6488 33
6489 14
6490 31
6491 40
6492 22
6493 37
6494 22
6495 25
6496 23
6497 16
6498 25
6499 18
6500 44
6501 38
6502 14
6503 19
6504 30
6505 20
6506 21
6507 44
6508 29
6509 19
6510 30
6511 15
6512 29
6513 25
6514 17
6515 20
6516 30
6517 19
6518 18
6519 19
6520 17
6521 52
6522 27
6523 32
6524 31
6525 23
6526 21
6527 19
6528 31
6529 16
6530 42
6531 26
6532 23
6533 40
6534 35
6535 28
6536 23
6537 46
6538 14
6539 31
6540 30
6541 21
6542 35
6543 23
6544 18
6545 31
6546 24
6547 17
6548 48
6549 22
6550 14
6551 23
6552 24
6553 21
6554 34
6555 15
6556 17
6557 39
6558 20
6559 21
6560 30
6561 22
6562 19
6563 42
6564 23
6565 17
6566 25
6567 19
6568 41
6569 22
6570 18
6571 44
6572 19
6573 20
6574 45
6575 27
6576 18
6577 45
6578 15
6579 30
6580 25
6581 18
6582 29
6583 21
6584 30
6585 15
6586 26
6587 20
6588 20
6589 37
6590 18
6591 14
6592 24
6593 42
6594 20
6595 21
6596 43
6597 32
6598 20
6599 36
6600 33
6601 16
6602 32
6603 22
6604 20
6605 55
6606 16
6607 20
6608 43
6609 31
6610 23
6611 36
6612 17
6613 26
6614 32
6615 21
6616 35
6617 14
6618 23
6619 22
6620 14
6621 73
6622 29
6623 21
6624 28
6625 21
6626 25
6627 29
6628 20
6629 45
6630 23
6631 15
6632 23
6633 27
6634 21
6635 19
6636 34
6637 28
6638 19
6639 46
6640 24
6641 15
6642 19
6643 26
6644 18
6645 34
6646 19
6647 18
6648 42
6649 24
6650 19
6651 59
6652 14
6653 17
6654 45
6655 16
6656 50
6657 23
6658 19
6659 50
6660 17
6661 25
6662 46
6663 14
6664 20
6665 40
6666 24
6667 18
6668 72
6669 26
6670 22
6671 56
6672 28
6673 17
6674 36
6675 17
6676 42
6677 32
6678 19
6679 41
6680 24
6681 23
6682 29
6683 22
6684 29
6685 20
6686 19
6687 21
6688 20
6689 51
6690 35
6691 20
6692 40
6693 25
6694 14
6695 20
6696 40
6697 15
6698 28
6699 28
6700 22
6701 33
6702 26
6703 30
6704 31
6705 28
6706 37
6707 28
6708 47
6709 26
6710 48
6711 30
6712 41
6713 16
6714 26
6715 29
6716 20
6717 31
6718 16
6719 22
6720 29
6721 16
6722 16
6723 32
6724 14
6725 22
6726 29
6727 19
6728 28
6729 36
6730 17
6731 40
6732 20
6733 22
6734 30
6735 18
6736 23
6737 38
6738 14
6739 34
6740 36
6741 19
6742 31
6743 23
6744 20
6745 26
6746 19
6747 20
6748 30
6749 19
6750 44
6751 24
6752 25
6753 41
6754 29
6755 13
6756 17
6757 42
6758 19
6759 37
6760 32
6761 19
6762 59
6763 41
6764 20
6765 31
6766 20
6767 40
6768 18
6769 17
6770 43
6771 20
6772 20
6773 37
6774 14
6775 20
6776 43
6777 16
6778 24
6779 38
6780 23
6781 44
6782 18
6783 23
6784 63
6785 24
6786 17
6787 42
6788 36
6789 17
6790 31
6791 30
6792 23
6793 20
6794 39
6795 17
6796 27
6797 35
6798 19
6799 46
6800 27
6801 26
6802 42
6803 22
6804 21
6805 29
6806 21
6807 23
6808 37
6809 19
6810 39
6811 14
6812 53
6813 16
6814 27
6815 18
6816 31
6817 49
6818 32
6819 24
6820 59
6821 40
6822 21
6823 28
6824 18
6825 20
6826 30
6827 17
6828 39
6829 17
6830 16
6831 33
6832 17
6833 18
6834 34
6835 15
6836 27
6837 47
6838 21
6839 14
6840 48
6841 31
6842 20
6843 42
6844 19
6845 18
6846 38
6847 18
6848 19
6849 39
6850 21
6851 22
6852 47
6853 21
6854 23
6855 27
6856 13
6857 26
6858 27
6859 17
6860 55
6861 22
6862 17
6863 42
6864 21
6865 31
6866 34
6867 18
6868 37
6869 19
6870 27
6871 19
6872 29
6873 30
6874 17
6875 30
6876 35
6877 24
6878 29
6879 30
6880 15
6881 25
6882 38
6883 13
6884 19
6885 57
6886 25
6887 23
6888 45
6889 14
6890 25
6891 31
6892 18
6893 32
6894 20
6895 22
6896 37
6897 16
6898 30
6899 35
6900 19
6901 66
6902 20
6903 24
6904 37
6905 24
6906 40
6907 27
6908 21
6909 31
6910 15
6911 18
6912 37
6913 21
6914 25
6915 34
6916 21
6917 33
6918 46
6919 14
6920 20
6921 50
6922 24
6923 20
6924 37
6925 21
6926 19
6927 43
6928 19
6929 50
6930 40
6931 56
6932 32
6933 47
6934 31
6935 29
6936 37
6937 31
6938 38
6939 46
6940 29
6941 41
6942 24
6943 44
6944 29
6945 43
6946 20
6947 53
6948 23
6949 39
6950 25
6951 21
6952 47
6953 17
6954 35
6955 41
6956 17
6957 36
6958 20
6959 26
6960 46
6961 14
6962 15
6963 23
6964 15
6965 41
6966 26
6967 24
6968 30
6969 16
6970 44
6971 24
6972 18
6973 42
6974 14
6975 21
6976 50
6977 16
6978 28
6979 27
6980 22
6981 42
6982 17
6983 26
6984 20
6985 28
6986 27
6987 20
6988 42
6989 16
6990 22
6991 40
6992 22
6993 21
6994 51
6995 26
6996 20
6997 27
6998 20
6999 31
7000 16
7001 37
7002 15
7003 27
7004 48
7005 20
7006 18
7007 42
7008 15
7009 41
7010 32
7011 26
7012 42
7013 21
7014 20
7015 47
7016 20
7017 55
7018 19
7019 24
7020 26
7021 20
7022 26
7023 18
7024 33
7025 30
7026 13
7027 22
7028 35
7029 14
7030 19
7031 48
7032 19
7033 22
7034 31
7035 25
7036 20
7037 41
7038 37
7039 14
7040 19
7041 29
7042 16
7043 24
7044 22
7045 19
7046 24
7047 19
7048 36
7049 24
7050 23
7051 33
7052 23
7053 37
7054 24
7055 30
7056 51
7057 39
7058 27
7059 50
7060 18
7061 44
7062 32
7063 18
7064 49
7065 22
7066 50
7067 25
7068 15
7069 33
7070 31
7071 17
7072 23
7073 27
7074 15
7075 30
7076 26
7077 16
7078 43
7079 22
7080 21
7081 29
7082 14
7083 32
7084 36
7085 14
7086 22
7087 40
7088 21
7089 45
7090 38
7091 14
7092 22
7093 44
7094 18
7095 18
7096 38
7097 26
7098 30
7099 40
7100 21
7101 19
7102 29
7103 35
7104 19
7105 40
7106 25
7107 34
7108 23
7109 20
7110 32
7111 35
7112 29
7113 36
7114 23
7115 33
7116 17
7117 40
7118 17
7119 22
7120 35
7121 16
7122 24
7123 30
7124 15
7125 30
7126 26
7127 18
7128 56
7129 16
7130 25
7131 42
7132 22
7133 22
7134 37
7135 26
7136 34
7137 40
7138 21
7139 42
7140 30
7141 32
7142 54
7143 23
7144 39
7145 44
7146 26
7147 35
7148 28
7149 53
7150 26
7151 23
7152 30
7153 26
7154 61
7155 33
7156 27
7157 64
7158 28
7159 20
7160 29
7161 21
7162 62
7163 29
7164 22
7165 47
7166 22
7167 56
7168 41
7169 29
7170 29
7171 20
7172 18
7173 43
7174 54
7175 15
7176 44
7177 25
7178 22
7179 39
7180 28
7181 19
7182 44
7183 30
7184 19
7185 36
7186 21
7187 22
7188 33
7189 20
7190 57
7191 24
7192 22
7193 29
7194 26
7195 32
7196 17
7197 23
7198 29
7199 15
7200 21
7201 39
7202 16
7203 31
7204 31
7205 20
7206 52
7207 19
7208 21
7209 29
7210 32
7211 18
7212 50
7213 15
7214 24
7215 22
7216 24
7217 47
7218 26
7219 27
7220 43
7221 25
7222 20
7223 85
7224 33
7225 49
7226 29
7227 56
7228 23
7229 64
7230 21
7231 54
7232 18
7233 47
7234 19
7235 40
7236 35
7237 17
7238 52
7239 19
7240 22
7241 19
7242 20
7243 21
7244 30
7245 18
7246 22
7247 31
7248 21
7249 51
7250 16
7251 47
7252 25
7253 25
7254 43
7255 21
7256 18
7257 37
7258 33
7259 17
7260 27
7261 48
7262 15
7263 26
7264 31
7265 19
7266 48
7267 32
7268 16
7269 27
7270 15
7271 22
7272 41
7273 21
7274 32
7275 21
7276 21
7277 31
7278 16
7279 41
7280 23
7281 19
7282 43
7283 16
7284 21
7285 29
7286 20
7287 47
7288 41
7289 24
7290 40
7291 31
7292 21
7293 37
7294 48
7295 29
7296 20
7297 60
7298 28
7299 27
7300 62
7301 30
7302 25
7303 67
7304 26
7305 30
7306 50
7307 18
7308 50
7309 39
7310 25
7311 34
7312 22
7313 42
7314 15
7315 51
7316 22
7317 22
7318 41
7319 14
7320 23
7321 29
7322 21
7323 44
7324 21
7325 25
7326 37
7327 16
7328 30
7329 42
7330 17
7331 52
7332 21
7333 20
7334 34
7335 15
7336 38
7337 29
7338 20
7339 43
7340 33
7341 21
7342 52
7343 27
7344 19
7345 42
7346 18
7347 16
7348 30
7349 17
7350 33
7351 26
7352 21
7353 33
7354 32
7355 18
7356 35
7357 34
7358 14
7359 14
7360 40
7361 15
7362 30
7363 36
7364 21
7365 36
7366 31
7367 20
7368 24
7369 42
7370 22
7371 32
7372 21
7373 33
7374 25
7375 18
7376 52
7377 28
7378 20
7379 29
7380 25
7381 19
7382 38
7383 27
7384 26
7385 25
7386 17
7387 30
7388 26
7389 17
7390 19
7391 38
7392 22
7393 20
7394 48
7395 24
7396 15
7397 29
7398 25
7399 25
7400 25
7401 26
7402 19
7403 36
7404 20
7405 40
7406 26
7407 21
7408 19
7409 34
7410 25
7411 52
7412 17
7413 61
7414 24
7415 28
7416 39
7417 26
7418 39
7419 19
7420 44
7421 21
7422 23
7423 30
7424 16
7425 28
7426 40
7427 19
7428 55
7429 20
7430 18
7431 41
7432 17
7433 37
7434 20
7435 34
7436 23
7437 24
7438 24
7439 16
7440 35
7441 19
7442 19
7443 31
7444 19
7445 20
7446 31
7447 23
7448 37
7449 16
7450 22
7451 27
7452 24
7453 41
7454 31
7455 15
7456 21
7457 34
7458 13
7459 22
7460 25
7461 19
7462 20
7463 29
7464 22
7465 31
7466 43
7467 20
7468 46
7469 35
7470 31
7471 58
7472 27
7473 39
7474 23
7475 41
7476 24
7477 46
7478 25
7479 37
7480 25
7481 50
7482 34
7483 15
7484 25
7485 35
7486 15
7487 23
7488 31
7489 20
7490 43
7491 29
7492 21
7493 65
7494 38
7495 16
7496 40
7497 33
7498 23
7499 47
7500 16
7501 50
7502 15
7503 25
7504 33
7505 29
7506 33
7507 39
7508 25
7509 38
7510 35
7511 34
7512 21
7513 30
7514 21
7515 30
7516 21
7517 28
7518 32
7519 21
7520 28
7521 23
7522 26
7523 43
7524 24
7525 42
7526 17
7527 41
7528 20
7529 19
7530 29
7531 20
7532 29
7533 15
7534 22
7535 29
7536 23
7537 54
7538 21
7539 18
7540 32
7541 19
7542 49
7543 21
7544 25
7545 28
7546 15
7547 31
7548 27
7549 20
7550 47
7551 15
7552 19
7553 24
7554 19
7555 49
7556 16
7557 45
7558 21
7559 25
7560 33
7561 35
7562 23
7563 54
7564 25
7565 18
7566 36
7567 15
7568 26
7569 23
7570 20
7571 29
7572 20
7573 31
7574 26
7575 13
7576 27
7577 21
7578 27
7579 37
7580 39
7581 29
7582 64
7583 29
7584 40
7585 26
7586 46
7587 19
7588 56
7589 28
7590 31
7591 58
7592 20
7593 48
7594 28
7595 32
7596 29
7597 20
7598 25
7599 17
7600 26
7601 31
7602 20
7603 21
7604 33
7605 44
7606 16
7607 24
7608 38
7609 15
7610 31
7611 23
7612 21
7613 34
7614 19
7615 33
7616 19
7617 41
7618 23
7619 19
7620 40
7621 26
7622 20
7623 49
7624 33
7625 14
7626 21
7627 25
7628 16
7629 22
7630 49
7631 21
7632 20
7633 51
7634 21
7635 19
7636 44
7637 36
7638 20
7639 50
7640 29
7641 26
7642 63
7643 36
7644 49
7645 34
7646 25
7647 40
7648 17
7649 51
7650 33
7651 21
7652 38
7653 52
7654 17
7655 57
7656 38
7657 25
7658 59
7659 34
7660 30
7661 20
7662 40
7663 22
7664 19
7665 67
7666 27
7667 26
7668 38
7669 22
7670 16
7671 42
7672 26
7673 24
7674 25
7675 18
7676 23
7677 13
7678 21
7679 28
7680 15
7681 25
7682 24
7683 18
7684 31
7685 15
7686 26
7687 25
7688 14
7689 23
7690 18
7691 57
7692 15
7693 34
7694 27
7695 20
7696 36
7697 18
7698 26
7699 45
7700 14
7701 33
7702 31
7703 16
7704 43
7705 28
7706 16
7707 21
7708 38
7709 14
7710 23
7711 37
7712 21
7713 20
7714 33
7715 17
7716 17
7717 30
7718 21
7719 34
7720 27
7721 16
7722 50
7723 32
7724 22
7725 46
7726 16
7727 20
7728 50
7729 19
7730 19
7731 45
7732 27
7733 20
7734 47
7735 29
7736 14
7737 21
7738 42
7739 15
7740 27
7741 29
7742 15
7743 20
7744 27
7745 24
7746 35
7747 16
7748 55
7749 16
7750 23
7751 43
7752 20
7753 15
7754 28
7755 42
7756 25
7757 19
7758 36
7759 26
7760 24
7761 33
7762 16
7763 36
7764 29
7765 20
7766 28
7767 19
7768 44
7769 26
7770 15
7771 40
7772 29
7773 19
7774 34
7775 20
7776 32
7777 49
7778 37
7779 23
7780 33
7781 38
7782 37
7783 26
7784 50
7785 12
7786 25
7787 27
7788 21
7789 24
7790 29
7791 43
7792 20
7793 38
7794 27
7795 25
7796 58
7797 28
7798 20
7799 46
7800 22
7801 20
7802 42
7803 23
7804 20
7805 28
7806 17
7807 35
7808 28
7809 23
7810 50
7811 28
7812 18
7813 49
7814 28
7815 21
7816 23
7817 16
7818 37
7819 20
7820 27
7821 54
7822 15
7823 43
7824 21
7825 18
7826 43
7827 30
7828 18
7829 53
7830 21
7831 15
7832 29
7833 45
7834 17
7835 50
7836 19
7837 35
7838 27
7839 14
7840 21
7841 37
7842 15
7843 29
7844 22
7845 19
7846 40
7847 23
7848 23
7849 26
7850 19
7851 27
7852 41
7853 16
7854 21
7855 26
7856 16
7857 51
7858 16
7859 25
7860 27
7861 34
7862 20
7863 29
7864 19
7865 30
7866 13
7867 21
7868 44
7869 17
7870 27
7871 37
7872 14
7873 25
7874 25
7875 21
7876 40
7877 14
7878 22
7879 47
7880 18
7881 23
7882 33
7883 19
7884 32
7885 28
7886 19
7887 37
7888 27
7889 21
7890 43
7891 23
7892 24
7893 38
7894 31
7895 34
7896 40
7897 19
7898 33
7899 34
7900 26
7901 41
7902 13
7903 41
7904 28
7905 20
7906 68
7907 33
7908 24
7909 60
7910 33
7911 28
7912 57
7913 40
7914 17
7915 32
7916 28
7917 21
7918 27
7919 14
7920 34
7921 30
7922 20
7923 32
7924 16
7925 36
7926 29
7927 29
7928 23
7929 20
7930 33
7931 19
7932 37
7933 45
7934 16
7935 22
7936 30
7937 20
7938 28
7939 27
7940 17
7941 24
7942 26
7943 16
7944 29
7945 28
7946 19
7947 17
7948 27
7949 24
7950 24
7951 20
7952 27
7953 16
7954 31
7955 41
7956 25
7957 33
7958 20
7959 47
7960 14
7961 17
7962 40
7963 14
7964 39
7965 25
7966 21
7967 32
7968 17
7969 24
7970 30
7971 18
7972 35
7973 18
7974 20
7975 28
7976 21
7977 16
7978 38
7979 18
7980 25
7981 22
7982 18
7983 26
7984 21
7985 25
7986 40
7987 19
7988 16
7989 34
7990 21
7991 40
7992 21
7993 55
7994 30
7995 20
7996 33
7997 22
7998 22
7999 24
8000 22
8001 19
8002 42
8003 20
8004 18
8005 41
8006 15
8007 20
8008 39
8009 15
8010 34
8011 33
8012 24
8013 33
8014 15
8015 19
8016 41
8017 24
8018 44
8019 26
8020 19
8021 32
8022 15
8023 21
8024 34
8025 18
8026 55
8027 23
8028 21
8029 36
8030 40
8031 14
8032 23
8033 42
8034 17
8035 25
8036 23
8037 22
8038 34
8039 16
8040 22
8041 38
8042 15
8043 38
8044 27
8045 20
8046 36
8047 18
8048 18
8049 37
8050 34
8051 26
8052 28
8053 16
8054 38
8055 22
8056 35
8057 23
8058 19
8059 33
8060 30
8061 21
8062 32
8063 15
8064 21
8065 30
8066 27
8067 20
8068 33
8069 28
8070 15
8071 36
8072 19
8073 21
8074 35
8075 15
8076 30
8077 19
8078 17
8079 33
8080 30
8081 21
8082 23
8083 55
8084 34
8085 45
8086 34
8087 31
8088 23
8089 44
8090 20
8091 59
8092 22
8093 28
8094 25
8095 25
8096 32
8097 25
8098 26
8099 14
8100 26
8101 33
8102 22
8103 39
8104 19
8105 27
8106 41
8107 25
8108 23
8109 28
8110 17
8111 25
8112 36
8113 19
8114 37
8115 15
8116 36
8117 16
8118 50
8119 15
8120 28
8121 25
8122 18
8123 55
8124 24
8125 20
8126 33
8127 20
8128 35
8129 18
8130 17
8131 33
8132 25
8133 20
8134 31
8135 18
8136 38
8137 18
8138 48
8139 22
8140 18
8141 25
8142 15
8143 38
8144 23
8145 17
8146 28
8147 30
8148 13
8149 25
8150 44
8151 23
8152 21
8153 41
8154 24
8155 20
8156 40
8157 31
8158 14
8159 25
8160 36
8161 17
8162 22
8163 33
8164 21
8165 21
8166 27
8167 17
8168 47
8169 21
8170 19
8171 22
8172 56
8173 25
8174 48
8175 33
8176 27
8177 63
8178 29
8179 31
8180 24
8181 22
8182 54
8183 21
8184 41
8185 20
8186 27
8187 30
8188 35
8189 22
8190 28
8191 33
8192 27
8193 37
8194 24
8195 36
8196 32
8197 25
8198 55
8199 25
8200 29
8201 52
8202 32
8203 40
8204 26
8205 20
8206 33
8207 22
8208 22
8209 18
8210 49
8211 31
8212 24
8213 38
8214 33
8215 31
8216 24
8217 30
8218 20
8219 34
8220 22
8221 29
8222 23
8223 38
8224 22
8225 15
8226 41
8227 51
8228 20
8229 31
8230 25
8231 37
8232 40
8233 29
8234 40
8235 36
8236 32
8237 28
8238 37
8239 17
8240 76
8241 28
8242 36
8243 23
8244 40
8245 31
8246 22
8247 51
8248 17
8249 29
8250 35
8251 22
8252 34
8253 17
8254 45
8255 32
8256 28
8257 74
8258 22
8259 17
8260 47
8261 22
8262 26
8263 16
8264 26
8265 32
8266 21
8267 38
8268 31
8269 17
8270 36
8271 16
8272 25
8273 25
8274 14
8275 24
8276 31
8277 19
8278 42
8279 17
8280 22
8281 42
8282 22
8283 22
8284 34
8285 31
8286 21
8287 53
8288 24
8289 25
8290 22
8291 21
8292 54
8293 17
8294 27
8295 27
8296 20
8297 38
8298 20
8299 16
8300 31
8301 25
8302 18
8303 34
8304 19
8305 54
8306 20
8307 30
8308 26
8309 29
8310 35
8311 20
8312 19
8313 29
8314 21
8315 35
8316 14
8317 32
8318 45
8319 13
8320 19
8321 30
8322 26
8323 32
8324 15
8325 23
8326 33
8327 21
8328 19
8329 59
8330 24
8331 19
8332 22
8333 17
8334 22
8335 56
8336 18
8337 17
8338 36
8339 19
8340 45
8341 34
8342 14
8343 31
8344 20
8345 23
8346 20
8347 58
8348 15
8349 34
8350 27
8351 19
8352 34
8353 18
8354 25
8355 43
8356 17
8357 49
8358 27
8359 18
8360 34
8361 28
8362 51
8363 16
8364 24
8365 22
8366 24
8367 31
8368 20
8369 27
8370 39
8371 19
8372 44
8373 20
8374 45
8375 16
8376 38
8377 23
8378 43
8379 18
8380 22
8381 29
8382 16
8383 22
8384 29
8385 19
8386 45
8387 27
8388 24
8389 32
8390 18
8391 23
8392 28
8393 27
8394 33
8395 28
8396 22
8397 32
8398 34
8399 24
8400 26
8401 19
8402 25
8403 43
8404 21
8405 21
8406 45
8407 16
8408 45
8409 38
8410 20
8411 36
8412 21
8413 19
8414 20
8415 18
8416 43
8417 30
8418 16
8419 31
8420 27
8421 19
8422 43
8423 22
8424 18
8425 49
8426 28
8427 17
8428 45
8429 31
8430 20
8431 40
8432 26
8433 21
8434 39
8435 14
8436 21
8437 30
8438 18
8439 23
8440 40
8441 23
8442 27
8443 26
8444 25
8445 33
8446 15
8447 41
8448 18
8449 36
8450 16
8451 28
8452 31
8453 20
8454 40
8455 21
8456 20
8457 35
8458 12
8459 24
8460 32
8461 24
8462 33
8463 24
8464 17
8465 20
8466 27
8467 19
8468 42
8469 17
8470 26
8471 36
8472 23
8473 24
8474 33
8475 17
8476 25
8477 24
8478 28
8479 43
8480 27
8481 22
8482 27
8483 14
8484 49
8485 20
8486 19
8487 63
8488 15
8489 16
8490 38
8491 19
8492 38
8493 46
8494 15
8495 24
8496 38
8497 17
8498 18
8499 50
8500 16
8501 41
8502 19
8503 15
8504 59
8505 20
8506 33
8507 36
8508 17
8509 21
8510 32
8511 23
8512 36
8513 29
8514 22
8515 27
8516 15
8517 24
8518 32
8519 18
8520 42
8521 33
8522 17
8523 37
8524 17
8525 21
8526 49
8527 15
8528 25
8529 39
8530 20
8531 52
8532 29
8533 17
8534 42
8535 15
8536 20
8537 50
8538 20
8539 24
8540 34
8541 21
8542 45
8543 33
8544 26
8545 49
8546 15
8547 24
8548 30
8549 33
8550 33
8551 38
8552 13
8553 19
8554 38
8555 21
8556 20
8557 48
8558 22
8559 17
8560 45
8561 18
8562 14
8563 31
8564 18
8565 17
8566 32
8567 17
8568 21
8569 25
8570 16
8571 32
8572 30
8573 14
8574 23
8575 51
8576 28
8577 24
8578 34
8579 18
8580 21
8581 39
8582 30
8583 33
8584 45
8585 22
8586 48
8587 33
8588 13
8589 26
8590 37
8591 23
8592 46
8593 17
8594 46
8595 23
8596 30
8597 32
8598 17
8599 46
8600 18
8601 35
8602 26
8603 17
8604 33
8605 19
8606 43
8607 20
8608 31
8609 31
8610 21
8611 42
8612 14
8613 40
8614 25
8615 20
8616 36
8617 36
8618 19
8619 58
8620 25
8621 25
8622 62
8623 26
8624 20
8625 41
8626 21
8627 19
8628 52
8629 16
8630 45
8631 31
8632 13
8633 19
8634 20
8635 22
8636 49
8637 26
8638 18
8639 35
8640 15
8641 32
8642 28
8643 19
8644 42
8645 22
8646 27
8647 31
8648 22
8649 21
8650 22
8651 35
8652 20
8653 31
8654 15
8655 33
8656 32
8657 21
8658 41
8659 26
8660 44
8661 14
8662 29
8663 29
8664 14
8665 48
8666 20
8667 14
8668 48
8669 30
8670 17
8671 30
8672 14
8673 21
8674 28
8675 25
8676 45
8677 26
8678 15
8679 18
8680 18
8681 21
8682 23
8683 39
8684 19
8685 29
8686 47
8687 48
8688 35
8689 35
8690 22
8691 46
8692 32
8693 46
8694 28
8695 24
8696 45
8697 26
8698 31
8699 37
8700 17
8701 39
8702 15
8703 50
8704 30
8705 16
8706 45
8707 27
8708 14
8709 50
8710 29
8711 19
8712 35
8713 28
8714 13
8715 33
8716 27
8717 15
8718 28
8719 22
8720 18
8721 50
8722 16
8723 17
8724 34
8725 13
8726 20
8727 50
8728 20
8729 29
8730 48
8731 24
8732 30
8733 28
8734 14
8735 33
8736 15
8737 24
8738 32
8739 22
8740 29
8741 26
8742 21
8743 55
8744 21
8745 42
8746 19
8747 15
8748 45
8749 40
8750 19
8751 29
8752 25
8753 28
8754 16
8755 30
8756 32
8757 20
8758 52
8759 30
8760 25
8761 35
8762 19
8763 26
8764 34
8765 15
8766 54
8767 24
8768 18
8769 48
8770 25
8771 19
8772 40
8773 26
8774 37
8775 42
8776 34
8777 29
8778 48
8779 16
8780 35
8781 21
8782 26
8783 27
8784 21
8785 22
8786 37
8787 14
8788 49
8789 28
8790 21
8791 38
8792 33
8793 55
8794 46
8795 26
8796 56
8797 19
8798 27
8799 34
8800 32
8801 19
8802 54
8803 24
8804 53
8805 40
8806 23
8807 37
8808 34
8809 29
8810 22
8811 29
8812 32
8813 41
8814 27
8815 38
8816 35
8817 30
8818 47
8819 19
8820 26
8821 34
8822 19
8823 64
8824 36
8825 30
8826 48
8827 23
8828 57
8829 18
8830 46
8831 39
8832 30
8833 46
8834 44
8835 25
8836 65
8837 30
8838 39
8839 18
8840 35
8841 17
8842 28
8843 23
8844 21
8845 20
8846 23
8847 40
8848 18
8849 22
8850 53
8851 29
8852 15
8853 20
8854 40
8855 21
8856 21
8857 35
8858 26
8859 24
8860 47
8861 15
8862 50
8863 23
8864 22
8865 40
8866 17
8867 40
8868 23
8869 16
8870 45
8871 25
8872 24
8873 63
8874 20
8875 22
8876 52
8877 30
8878 17
8879 21
8880 36
8881 19
8882 24
8883 32
8884 25
8885 19
8886 31
8887 33
8888 15
8889 21
8890 35
8891 15
8892 78
8893 35
8894 16
8895 37
8896 24
8897 55
8898 44
8899 21
8900 53
8901 29
8902 38
8903 23
8904 33
8905 29
8906 24
8907 50
8908 30
8909 22
8910 24
8911 15
8912 26
8913 26
8914 16
8915 19
8916 47
8917 19
8918 66
8919 29
8920 19
8921 28
8922 17
8923 53
8924 19
8925 25
8926 45
8927 14
8928 39
8929 13
8930 33
8931 30
8932 20
8933 41
8934 28
8935 21
8936 28
8937 15
8938 25
8939 21
8940 13
8941 21
8942 36
8943 21
8944 20
8945 30
8946 14
8947 41
8948 21
8949 19
8950 39
8951 20
8952 24
8953 27
8954 16
8955 42
8956 26
8957 16
8958 27
8959 34
8960 15
8961 44
8962 29
8963 23
8964 34
8965 27
8966 31
8967 51
8968 39
8969 30
8970 39
8971 25
8972 42
8973 31
8974 23
8975 34
8976 35
8977 23
8978 19
8979 35
8980 20
8981 42
8982 34
8983 15
8984 29
8985 18
8986 27
8987 42
8988 24
8989 21
8990 43
8991 16
8992 24
8993 45
8994 17
8995 24
8996 29
8997 19
8998 44
8999 16
9000 36
9001 23
9002 18
9003 35
9004 21
9005 19
9006 46
9007 21
9008 20
9009 39
9010 42
9011 23
9012 20
9013 29
9014 18
9015 28
9016 23
9017 44
9018 18
9019 20
9020 31
9021 22
9022 22
9023 54
9024 21
9025 29
9026 37
9027 21
9028 20
9029 39
9030 23
9031 21
9032 58
9033 20
9034 16
9035 37
9036 18
9037 36
9038 34
9039 27
9040 32
9041 15
9042 21
9043 38
9044 22
9045 20
9046 28
9047 21
9048 40
9049 28
9050 23
9051 45
9052 16
9053 19
9054 26
9055 20
9056 53
9057 24
9058 18
9059 37
9060 14
9061 22
9062 29
9063 15
9064 22
9065 21
9066 21
9067 28
9068 32
9069 21
9070 49
9071 15
9072 33
9073 40
9074 19
9075 50
9076 18
9077 21
9078 48
9079 21
9080 33
9081 48
9082 24
9083 41
9084 35
9085 23
9086 32
9087 24
9088 51
9089 33
9090 23
9091 50
9092 23
9093 40
9094 45
9095 23
9096 54
9097 15
9098 28
9099 22
9100 19
9101 49
9102 32
9103 22
9104 44
9105 23
9106 27
9107 46
9108 23
9109 22
9110 35
9111 15
9112 35
9113 21
9114 14
9115 25
9116 39
9117 22
9118 28
9119 15
9120 21
9121 27
9122 15
9123 38
9124 22
9125 19
9126 33
9127 16
9128 45
9129 14
9130 29
9131 50
9132 23
9133 18
9134 45
9135 28
9136 37
9137 14
9138 32
9139 32
9140 20
9141 21
9142 21
9143 33
9144 22
9145 43
9146 36
9147 17
9148 38
9149 21
9150 22
9151 37
9152 22
9153 21
9154 15
9155 29
9156 33
9157 18
9158 28
9159 26
9160 14
9161 40
9162 22
9163 16
9164 31
9165 16
9166 25
9167 32
9168 14
9169 20
9170 43
9171 17
9172 25
9173 35
9174 15
9175 21
9176 26
9177 21
9178 34
9179 27
9180 24
9181 17
9182 21
9183 57
9184 24
9185 17
9186 39
9187 26
9188 18
9189 17
9190 29
9191 20
9192 52
9193 24
9194 24
9195 45
9196 26
9197 23
9198 26
9199 14
9200 24
9201 24
9202 20
9203 50
9204 21
9205 18
9206 43
9207 20
9208 19
9209 35
9210 29
9211 21
9212 46
9213 49
9214 39
9215 45
9216 27
9217 45
9218 19
9219 36
9220 33
9221 27
9222 57
9223 20
9224 31
9225 38
9226 21
9227 27
9228 24
9229 29
9230 25
9231 42
9232 27
9233 30
9234 51
9235 28
9236 39
9237 24
9238 23
9239 33
9240 30
9241 34
9242 16
9243 48
9244 20
9245 20
9246 43
9247 18
9248 17
9249 46
9250 25
9251 29
9252 45
9253 21
9254 17
9255 47
9256 25
9257 22
9258 59
9259 24
9260 39
9261 36
9262 14
9263 19
9264 34
9265 43
9266 28
9267 32
9268 14
9269 22
9270 24
9271 25
9272 43
9273 19
9274 30
9275 15
9276 21
9277 42
9278 14
9279 22
9280 23
9281 21
9282 43
9283 23
9284 27
9285 35
9286 14
9287 27
9288 38
9289 25
9290 49
9291 23
9292 21
9293 35
9294 21
9295 25
9296 29
9297 16
9298 20
9299 22
9300 15
9301 22
9302 32
9303 19
9304 46
9305 17
9306 28
9307 30
9308 21
9309 32
9310 24
9311 22
9312 24
9313 21
9314 36
9315 24
9316 23
9317 51
9318 24
9319 20
9320 32
9321 30
9322 21
9323 39
9324 29
9325 28
9326 27
9327 23
9328 31
9329 21
9330 30
9331 17
9332 54
9333 26
9334 25
9335 35
9336 19
9337 49
9338 29
9339 18
9340 42
9341 22
9342 16
9343 21
9344 35
9345 17
9346 44
9347 25
9348 22
9349 56
9350 22
9351 18
9352 43
9353 26
9354 15
9355 22
9356 20
9357 18
9358 20
9359 38
9360 27
9361 20
9362 26
9363 15
9364 32
9365 32
9366 15
9367 34
9368 30
9369 18
9370 18
9371 30
9372 15
9373 23
9374 29
9375 15
9376 22
9377 31
9378 17
9379 39
9380 27
9381 19
9382 30
9383 22
9384 30
9385 20
9386 25
9387 24
9388 16
9389 53
9390 16
9391 45
9392 23
9393 22
9394 28
9395 32
9396 23
9397 30
9398 24
9399 38
9400 32
9401 63
9402 22
9403 47
9404 31
9405 18
9406 28
9407 17
9408 46
9409 25
9410 24
9411 25
9412 24
9413 52
9414 20
9415 25
9416 42
9417 27
9418 41
9419 15
9420 38
9421 31
9422 20
9423 30
9424 30
9425 18
9426 27
9427 17
9428 33
9429 28
9430 20
9431 28
9432 30
9433 54
9434 18
9435 13
9436 23
9437 21
9438 22
9439 20
9440 31
9441 33
9442 19
9443 45
9444 20
9445 22
9446 42
9447 20
9448 20
9449 25
9450 18
9451 27
9452 32
9453 16
9454 20
9455 33
9456 21
9457 46
9458 35
9459 22
9460 52
9461 14
9462 24
9463 29
9464 21
9465 39
9466 50
9467 16
9468 24
9469 46
9470 17
9471 26
9472 23
9473 31
9474 36
9475 37
9476 21
9477 45
9478 32
9479 74
9480 23
9481 40
9482 38
9483 26
9484 34
9485 26
9486 32
9487 34
9488 18
9489 61
9490 33
9491 32
9492 32
9493 12
9494 18
9495 72
9496 23
9497 23
9498 50
9499 29
9500 16
9501 64
9502 30
9503 51
9504 36
9505 20
9506 35
9507 16
9508 31
9509 33
9510 22
9511 40
9512 20
9513 40
9514 40
9515 15
9516 15
9517 30
9518 14
9519 19
9520 26
9521 18
9522 44
9523 21
9524 17
9525 34
9526 31
9527 19
9528 31
9529 20
9530 48
9531 24
9532 22
9533 50
9534 22
9535 18
9536 50
9537 18
9538 22
9539 37
9540 16
9541 47
9542 32
9543 25
9544 61
9545 24
9546 19
9547 52
9548 28
9549 15
9550 21
9551 45
9552 16
9553 44
9554 35
9555 17
9556 38
9557 15
9558 24
9559 32
9560 22
9561 21
9562 31
9563 20
9564 37
9565 22
9566 16
9567 24
9568 27
9569 27
9570 17
9571 15
9572 41
9573 19
9574 42
9575 31
9576 22
9577 45
9578 30
9579 17
9580 24
9581 28
9582 26
9583 47
9584 18
9585 23
9586 27
9587 19
9588 21
9589 37
9590 20
9591 15
9592 28
9593 27
9594 20
9595 18
9596 31
9597 31
9598 20
9599 43
9600 28
9601 14
9602 26
9603 38
9604 13
9605 15
9606 28
9607 27
9608 21
9609 42
9610 32
9611 31
9612 40
9613 25
9614 15
9615 19
9616 32
9617 22
9618 23
9619 29
9620 18
9621 49
9622 22
9623 22
9624 52
9625 15
9626 23
9627 31
9628 24
9629 29
9630 26
9631 20
9632 51
9633 18
9634 52
9635 30
9636 22
9637 28
9638 15
9639 28
9640 22
9641 21
9642 45
9643 23
9644 23
9645 29
9646 15
9647 29
9648 21
9649 30
9650 22
9651 35
9652 14
9653 22
9654 28
9655 16
9656 21
9657 31
9658 32
9659 30
9660 25
9661 18
9662 41
9663 30
9664 24
9665 39
9666 16
9667 42
9668 22
9669 29
9670 20
9671 22
9672 23
9673 25
9674 47
9675 17
9676 47
9677 18
9678 21
9679 45
9680 17
9681 20
9682 26
9683 24
9684 24
9685 44
9686 18
9687 22
9688 23
9689 18
9690 30
9691 25
9692 15
9693 52
9694 18
9695 20
9696 33
9697 17
9698 33
9699 23
9700 28
9701 19
9702 28
9703 19
9704 18
9705 41
9706 15
9707 20
9708 32
9709 24
9710 26
9711 45
9712 20
9713 17
9714 38
9715 32
9716 16
9717 20
9718 42
9719 18
9720 28
9721 21
9722 29
9723 40
9724 21
9725 19
9726 45
9727 32
9728 21
9729 22
9730 21
9731 13
9732 26
9733 28
9734 14
9735 20
9736 33
9737 19
9738 19
9739 38
9740 17
9741 26
9742 32
9743 13
9744 18
9745 23
9746 18
9747 35
9748 26
9749 19
9750 27
9751 27
9752 40
9753 13
9754 22
9755 34
9756 15
9757 35
9758 32
9759 20
9760 30
9761 16
9762 36
9763 21
9764 23
9765 28
9766 14
9767 48
9768 24
9769 23
9770 30
9771 15
9772 23
9773 24
9774 22
9775 49
9776 23
9777 21
9778 41
9779 19
9780 22
9781 31
9782 21
9783 54
9784 20
9785 14
9786 23
9787 31
9788 13
9789 35
9790 28
9791 18
9792 42
9793 20
9794 18
9795 52
9796 15
9797 26
9798 30
9799 19
9800 42
9801 22
9802 18
9803 42
9804 21
9805 19
9806 40
9807 20
9808 25
9809 25
9810 17
9811 37
9812 23
9813 65
9814 26
9815 24
9816 39
9817 22
9818 19
9819 48
9820 16
9821 20
9822 24
9823 21
9824 44
9825 16
9826 24
9827 24
9828 20
9829 32
9830 25
9831 32
9832 20
9833 35
9834 27
9835 19
9836 41
9837 35
9838 20
9839 38
9840 22
9841 17
9842 44
9843 24
9844 17
9845 39
9846 21
9847 20
9848 31
9849 23
9850 25
9851 30
9852 26
9853 20
9854 32
9855 16
9856 17
9857 25
9858 23
9859 44
9860 15
9861 21
9862 33
9863 18
9864 60
9865 19
9866 24
9867 38
9868 22
9869 17
9870 41
9871 17
9872 44
9873 37
9874 22
9875 25
9876 35
9877 32
9878 45
9879 31
9880 41
9881 30
9882 57
9883 29
9884 37
9885 38
9886 25
9887 44
9888 22
9889 31
9890 32
9891 31
9892 62
9893 32
9894 26
9895 44
9896 14
9897 37
9898 39
9899 23
9900 37
9901 16
9902 44
9903 22
9904 18
9905 35
9906 25
9907 60
9908 22
9909 39
9910 21
9911 26
9912 28
9913 21
9914 53
9915 33
9916 30
9917 29
9918 24
9919 49
9920 26
9921 20
9922 24
9923 16
9924 35
9925 26
9926 44
9927 25
9928 48
9929 28
9930 47
9931 19
9932 52
9933 32
9934 21
9935 33
9936 27
9937 49
9938 18
9939 19
9940 42
9941 40
9942 68
9943 33
9944 30
9945 53
9946 19
9947 36
9948 17
9949 49
9950 38
9951 19
9952 21
9953 13
9954 29
9955 37
9956 27
9957 51
9958 31
9959 34
9960 56
9961 33
9962 23
9963 45
9964 28
9965 42
9966 47
9967 35
9968 39
9969 36
9970 27
9971 34
9972 27
9973 28
9974 24
9975 32
9976 15
9977 54
9978 16
9979 28
9980 16
9981 40
9982 19
9983 45
9984 40
9985 21
9986 36
9987 21
9988 22
9989 30
9990 22
9991 20
9992 32
9993 17
9994 21
9995 41
9996 26
9997 53
9998 30
9999 32
# sum: 29
# min: 12
# max: 139
# err cnt: 0
