1846 1
1849 2
1850 1
1851 1
1852 4
1853 3
1854 1
1856 1
1857 8
1858 4
1859 3
1870 1
1871 3
1872 3
1873 4
1874 3
1875 9
1876 6
1877 12
1878 16
1879 12
1880 15
1881 14
1882 11
1883 17
1884 22
1885 22
1886 19
1887 24
1888 33
1889 31
1890 21
1891 19
1892 20
1893 21
1894 12
1895 30
1896 18
1897 18
1898 25
1899 14
1900 17
1901 10
1902 15
1903 18
1904 12
1905 10
1906 11
1907 14
1908 10
1909 14
1910 10
1911 8
1912 9
1913 14
1914 8
1915 9
1916 10
1917 6
1918 12
1919 10
1920 17
1921 10
1922 10
1923 6
1924 9
1925 10
1926 10
1927 20
1928 13
1929 12
1930 14
1931 11
1932 10
1933 15
1934 19
1935 19
1936 12
1937 12
1938 19
1939 16
1940 13
1941 14
1942 17
1943 8
1944 15
1945 13
1946 6
1947 8
1948 10
1949 12
1950 8
1951 8
1952 15
1953 6
1954 11
1955 9
1956 6
1957 7
1958 13
1959 11
1960 13
1961 8
1962 2
1963 10
1964 12
1965 6
1966 6
1967 6
1968 3
1969 4
1970 8
1971 12
1972 10
1973 9
1974 6
1975 9
1976 11
1977 7
1978 15
1979 6
1980 8
1981 8
1982 5
1983 7
1984 7
1985 7
1986 6
1987 4
1988 4
1989 4
1990 11
1991 3
1992 6
1993 5
1994 9
1995 4
1996 7
1997 7
1998 11
1999 5
2000 4
2001 4
2002 7
2003 10
2004 8
2005 10
2006 5
2007 17
2008 14
2009 11
2010 14
2011 10
2012 16
2013 13
2014 24
2015 29
2016 36
2017 38
2018 41
2019 56
2020 36
2021 53
2022 78
2023 78
2024 93
2025 97
2026 120
2027 105
2028 125
2029 153
2030 140
2031 149
2032 147
2033 119
2034 131
2035 148
2036 147
2037 101
2038 125
2039 119
2040 135
2041 113
2042 93
2043 104
2044 97
2045 85
2046 105
2047 101
2048 88
2049 81
2050 74
2051 74
2052 48
2053 67
2054 58
2055 54
2056 36
2057 60
2058 56
2059 56
2060 55
2061 51
2062 52
2063 44
2064 63
2065 60
2066 49
2067 44
2068 67
2069 74
2070 68
2071 72
2072 60
2073 76
2074 49
2075 73
2076 65
2077 46
2078 82
2079 59
2080 73
2081 61
2082 56
2083 51
2084 67
2085 48
2086 44
2087 65
2088 63
2089 44
2090 57
2091 43
2092 47
2093 36
2094 33
2095 33
2096 40
2097 35
2098 36
2099 26
2100 31
2101 38
2102 22
2103 28
2104 33
2105 25
2106 31
2107 26
2108 24
2109 23
2110 14
2111 21
2112 25
2113 8
2114 13
2115 20
2116 21
2117 20
2118 25
2119 20
2120 23
2121 17
2122 15
2123 24
2124 25
2125 18
2126 19
2127 19
2128 13
2129 24
2130 21
2131 15
2132 13
2133 14
2134 15
2135 14
2136 12
2137 15
2138 12
2139 11
2140 8
2141 10
2142 7
2143 12
2144 6
2145 15
2146 8
2147 10
2148 13
2149 6
2150 4
2151 2
2152 6
2153 7
2154 8
2155 7
2156 6
2157 10
2158 2
2159 5
2160 2
2161 2
2162 6
2163 9
2164 3
2165 5
2166 7
2167 3
2168 6
2169 7
2170 5
2171 3
2172 6
2173 1
2174 4
2175 5
2176 2
2177 6
2178 7
2179 3
2180 13
2181 3
2182 7
2183 9
2184 7
2185 12
2186 14
2187 9
2188 9
2189 16
2190 23
2191 14
2192 17
2193 22
2194 24
2195 22
2196 16
2197 22
2198 23
2199 16
2200 17
2201 23
2202 23
2203 11
2204 19
2205 9
2206 14
2207 6
2208 19
2209 18
2210 18
2211 6
2212 15
2213 6
2214 13
2215 16
2216 9
2217 14
2218 12
2219 13
2220 11
2221 10
2222 11
2223 9
2224 7
2225 10
2226 2
2227 6
2228 8
2229 9
2230 8
2231 6
2232 10
2233 12
2234 14
2235 10
2236 4
2237 13
2238 12
2239 8
2240 14
2241 11
2242 9
2243 15
2244 8
2245 6
2246 13
2247 13
2248 11
2249 8
2250 10
2251 9
2252 6
2253 4
2254 9
2255 8
2256 6
2257 6
2258 7
2259 4
2260 8
2261 6
2262 6
2263 6
2264 5
2265 2
2266 1
2267 2
2268 2
2269 4
2271 3
2272 6
2273 3
2274 1
2275 5
2276 6
2277 1
2278 3
2279 2
2281 4
2282 3
2284 3
2285 3
2286 3
2287 4
2288 2
2289 4
2291 3
2292 2
2294 1
2295 1
2296 1
2297 2
2298 2
2299 1
2300 2
2301 2
2302 1
2303 2
2304 1
2305 2
2306 1
2308 1
2309 2
2310 2
2313 1
2314 1
2315 1
2319 1
2321 1
2323 1
2340 1
