1961 1
1972 2
1984 3
1985 4
1990 5
1995 6
1999 7
2000 8
2001 11
2004 13
2005 14
2006 15
2008 16
2011 18
2014 19
2015 20
2016 21
2018 22
2021 23
2022 24
2023 25
2024 27
2025 31
2026 34
2027 39
2028 41
2030 45
2031 46
2032 47
2033 53
2034 54
2035 58
2036 64
2037 70
2038 76
2039 77
2040 81
2041 85
2042 88
2043 93
2044 98
2045 101
2046 106
2047 110
2048 117
2049 124
2050 134
2051 142
2052 149
2053 151
2054 156
2055 163
2056 175
2057 184
2058 188
2059 199
2060 207
2061 214
2062 219
2063 233
2064 247
2065 254
2066 261
2067 280
2068 288
2069 306
2070 311
2071 322
2072 335
2073 351
2074 363
2075 372
2076 387
2077 397
2078 409
2079 421
2080 432
2081 450
2082 472
2083 487
2084 500
2085 519
2086 537
2087 557
2088 576
2089 594
2090 608
2091 628
2092 653
2093 679
2094 700
2095 718
2096 750
2097 771
2098 784
2099 807
2100 828
2101 843
2102 859
2103 876
2104 899
2105 923
2106 947
2107 972
2108 1000
2109 1019
2110 1040
2111 1054
2112 1079
2113 1112
2114 1127
2115 1148
2116 1174
2117 1193
2118 1220
2119 1245
2120 1273
2121 1293
2122 1314
2123 1333
2124 1347
2125 1368
2126 1395
2127 1413
2128 1432
2129 1453
2130 1473
2131 1497
2132 1517
2133 1543
2134 1562
2135 1577
2136 1595
2137 1623
2138 1649
2139 1666
2140 1681
2141 1700
2142 1726
2143 1745
2144 1770
2145 1801
2146 1820
2147 1837
2148 1868
2149 1898
2150 1915
2151 1941
2152 1962
2153 1977
2154 1996
2155 2013
2156 2041
2157 2066
2158 2089
2159 2121
2160 2147
2161 2164
2162 2185
2163 2212
2164 2237
2165 2255
2166 2275
2167 2303
2168 2330
2169 2351
2170 2373
2171 2391
2172 2407
2173 2424
2174 2441
2175 2465
2176 2493
2177 2518
2178 2552
2179 2581
2180 2596
2181 2620
2182 2643
2183 2653
2184 2680
2185 2697
2186 2712
2187 2726
2188 2740
2189 2762
2190 2786
2191 2798
2192 2821
2193 2849
2194 2867
2195 2881
2196 2902
2197 2920
2198 2942
2199 2967
2200 2983
2201 3004
2202 3023
2203 3042
2204 3068
2205 3082
2206 3098
2207 3121
2208 3146
2209 3164
2210 3177
2211 3196
2212 3211
2213 3238
2214 3254
2215 3275
2216 3301
2217 3319
2218 3334
2219 3358
2220 3376
2221 3400
2222 3409
2223 3436
2224 3458
2225 3478
2226 3496
2227 3524
2228 3547
2229 3567
2230 3592
2231 3613
2232 3641
2233 3657
2234 3675
2235 3689
2236 3712
2237 3733
2238 3748
2239 3764
2240 3787
2241 3799
2242 3820
2243 3835
2244 3860
2245 3881
2246 3904
2247 3925
2248 3947
2249 3967
2250 3990
2251 4020
2252 4042
2253 4066
2254 4082
2255 4104
2256 4127
2257 4150
2258 4169
2259 4192
2260 4214
2261 4237
2262 4251
2263 4270
2264 4290
2265 4310
2266 4339
2267 4358
2268 4389
2269 4413
2270 4431
2271 4471
2272 4496
2273 4523
2274 4554
2275 4580
2276 4601
2277 4623
2278 4645
2279 4677
2280 4706
2281 4736
2282 4760
2283 4791
2284 4816
2285 4845
2286 4871
2287 4895
2288 4922
2289 4947
2290 4971
2291 5001
2292 5028
2293 5056
2294 5088
2295 5118
2296 5147
2297 5174
2298 5207
2299 5239
2300 5275
2301 5304
2302 5327
2303 5371
2304 5401
2305 5428
2306 5467
2307 5500
2308 5525
2309 5565
2310 5598
2311 5635
2312 5674
2313 5706
2314 5736
2315 5773
2316 5802
2317 5835
2318 5867
2319 5896
2320 5934
2321 5960
2322 5999
2323 6029
2324 6054
2325 6084
2326 6123
2327 6167
2328 6197
2329 6237
2330 6279
2331 6320
2332 6354
2333 6393
2334 6428
2335 6468
2336 6504
2337 6532
2338 6569
2339 6592
2340 6619
2341 6661
2342 6695
2343 6717
2344 6757
2345 6789
2346 6822
2347 6852
2348 6888
2349 6924
2350 6958
2351 6982
2352 7018
2353 7053
2354 7085
2355 7113
2356 7143
2357 7175
2358 7206
2359 7248
2360 7292
2361 7311
2362 7339
2363 7376
2364 7411
2365 7444
2366 7473
2367 7507
2368 7548
2369 7579
2370 7613
2371 7647
2372 7681
2373 7711
2374 7738
2375 7777
2376 7803
2377 7831
2378 7866
2379 7896
2380 7925
2381 7964
2382 7994
2383 8025
2384 8068
2385 8095
2386 8131
2387 8163
2388 8201
2389 8242
2390 8276
2391 8312
2392 8342
2393 8370
2394 8400
2395 8440
2396 8463
2397 8497
2398 8532
2399 8566
2400 8597
2401 8622
2402 8646
2403 8661
2404 8686
2405 8720
2406 8749
2407 8779
2408 8808
2409 8835
2410 8863
2411 8888
2412 8910
2413 8932
2414 8957
2415 8983
2416 9005
2417 9031
2418 9060
2419 9085
2420 9110
2421 9136
2422 9162
2423 9181
2424 9209
2425 9229
2426 9247
2427 9269
2428 9297
2429 9311
2430 9334
2431 9355
2432 9368
2433 9394
2434 9413
2435 9435
2436 9453
2437 9469
2438 9488
2439 9499
2440 9513
2441 9531
2442 9547
2443 9567
2444 9580
2445 9597
2446 9612
2447 9624
2448 9634
2449 9651
2450 9665
2451 9677
2452 9689
2453 9701
2454 9711
2455 9729
2456 9741
2457 9752
2458 9770
2459 9784
2460 9794
2461 9802
2462 9809
2463 9818
2464 9834
2465 9843
2466 9857
2467 9864
2468 9870
2469 9875
2470 9880
2471 9884
2472 9889
2473 9894
2474 9896
2475 9908
2476 9918
2477 9923
2478 9929
2479 9933
2480 9936
2481 9941
2482 9943
2483 9947
2484 9949
2485 9954
2486 9955
2487 9958
2488 9960
2489 9963
2490 9964
2491 9967
2492 9968
2493 9970
2494 9971
2495 9972
2496 9973
2497 9976
2498 9978
2499 9981
2502 9983
2503 9984
2504 9985
2506 9986
2508 9989
2509 9990
2510 9991
2511 9992
2513 9993
2518 9994
2519 9995
2524 9996
2529 9997
2533 9998
2546 9999
2919 10000
