4067 3
4068 11
4069 10
4070 13
4071 39
4072 79
4073 58
4074 27
4075 8
4076 8
4077 4
4081 1
4083 1
4086 1
4088 2
4090 1
4091 2
4093 2
4094 1
4095 1
4097 2
4098 1
4103 2
4107 1
4113 1
4118 3
4120 5
4121 5
4122 12
4123 19
4124 17
4125 7
4126 3
4127 11
4128 9
4129 5
4130 5
4131 4
4132 1
4133 1
4134 8
4135 13
4136 4
4137 7
4138 3
4139 2
4140 2
4141 6
4142 4
4143 1
4145 1
4146 1
4147 1
4148 1
4149 3
4153 3
4156 1
4157 2
4165 1
4166 1
4167 1
4169 5
4171 3
4172 3
4173 3
4174 7
4175 7
4176 3
4177 3
4178 2
4179 2
4180 8
4181 6
4182 6
4183 5
4184 3
4185 3
4186 2
4187 3
4189 1
4198 1
4206 1
4209 1
4211 2
4215 1
4219 1
4222 3
4223 2
4224 5
4225 4
4226 2
4227 1
4230 1
4231 3
4232 3
4234 2
4235 2
4236 1
4237 2
4238 1
4239 2
4241 1
4242 1
4247 1
4248 1
4249 1
4250 1
4252 1
4254 1
4256 1
4258 1
4261 1
4266 1
4272 1
4274 2
4276 2
4277 1
4280 1
4281 1
4284 1
4286 4
4288 1
4294 1
4296 2
4302 3
4303 1
4306 1
4310 1
4311 1
4312 1
4313 2
4318 2
4319 1
4343 1
4359 1
4360 1
4361 1
4362 1
4364 1
4366 2
4367 1
4369 1
4374 2
4375 1
4376 1
4382 2
4387 1
4388 1
4390 1
4394 2
4395 1
4399 1
4405 1
4406 1
4412 1
4413 1
4414 1
4416 1
4418 1
4419 1
4423 1
4431 2
4434 1
4440 1
4443 1
4447 1
4449 1
4451 1
4455 1
4460 1
4466 1
4467 1
4468 2
4469 1
4476 1
4478 1
4480 1
4483 1
4498 1
4499 1
4500 1
4502 1
4503 1
4506 1
4507 1
4508 1
4509 1
4510 2
4513 1
4515 1
4518 2
4521 1
4523 3
4524 1
4525 2
4526 4
4527 2
4528 3
4529 3
4530 4
4531 4
4532 1
4533 3
4534 6
4535 5
4536 3
4537 3
4538 4
4539 4
4540 4
4541 5
4542 7
4543 10
4544 9
4545 6
4546 9
4547 6
4548 7
4549 10
4550 7
4551 7
4552 6
4553 8
4554 8
4555 6
4556 9
4557 9
4558 8
4559 8
4560 6
4561 4
4562 12
4563 3
4564 2
4565 5
4566 5
4567 4
4568 8
4569 5
4570 6
4571 4
4572 8
4573 5
4574 4
4575 3
4576 2
4577 2
4578 3
4579 2
4580 4
4581 3
4582 7
4583 4
4584 3
4585 1
4586 1
4587 2
4588 2
4589 2
4590 1
4591 1
4593 3
4594 2
4595 4
4596 3
4597 4
4598 2
4599 2
4600 2
4601 3
4602 5
4603 3
4604 6
4605 2
4606 5
4607 4
4608 3
4609 2
4610 4
4611 7
4612 3
4613 4
4614 1
4615 2
4616 2
4617 1
4618 2
4619 3
4620 1
4621 2
4622 2
4623 2
4624 4
4625 3
4627 5
4628 2
4629 6
4631 2
4633 3
4635 3
4636 2
4637 5
4638 1
4640 1
4643 1
4645 2
4646 1
4650 1
4651 2
4653 1
4658 1
4661 2
4663 2
4664 1
4665 1
4666 2
4667 1
4671 1
4674 1
4675 2
4678 1
4680 2
4681 1
4682 2
4683 3
4684 1
4685 5
4686 2
4687 2
4688 4
4689 3
4690 1
4692 2
4693 1
4694 2
4695 3
4696 6
4697 3
4698 4
4699 5
4700 9
4701 5
4702 9
4703 2
4704 9
4705 8
4706 3
4707 6
4708 7
4709 3
4710 7
4711 8
4712 5
4713 7
4714 6
4715 5
4716 3
4717 5
4718 1
4719 3
4720 4
4721 5
4722 3
4723 4
4724 2
4725 6
4726 6
4727 4
4728 7
4729 4
4730 6
4731 5
4732 1
4733 1
4734 3
4735 2
4736 2
4737 1
4739 1
4741 2
4742 1
4743 2
4745 4
4746 3
4748 1
4749 2
4750 1
4751 1
4752 3
4753 3
4754 5
4755 3
4756 4
4758 3
4759 3
4760 1
4761 2
4762 2
4763 5
4764 3
4765 3
4766 4
4767 3
4768 4
4769 4
4770 2
4771 4
4772 1
4773 3
4775 3
4776 3
4778 1
4779 4
4780 1
4781 2
4782 4
4783 1
4784 2
4785 2
4786 1
4787 2
4788 1
4789 5
4790 1
4791 3
4792 1
4793 1
4794 1
4796 3
4798 1
4799 1
4800 2
4801 2
4802 3
4803 5
4805 2
4806 1
4807 1
4808 3
4809 2
4812 1
4813 1
4814 1
4815 4
4819 1
4820 1
4822 1
4825 1
4827 2
4830 1
4831 1
4835 2
4838 1
4839 1
4840 1
4843 1
4845 1
4849 1
4850 2
4851 1
4852 2
4854 1
4855 2
4856 1
4859 3
4862 2
4863 1
4866 2
4869 1
4870 2
4871 1
4873 2
4875 1
4876 1
4877 1
4878 1
4879 3
4883 1
4884 2
4888 1
4891 1
4893 1
4895 2
4897 1
4899 1
4900 1
4905 1
4906 1
4908 1
4909 3
4910 1
4912 1
4914 2
4915 4
4916 2
4918 4
4919 3
4920 1
4921 1
4922 1
4923 4
4924 3
4925 1
4926 7
4927 6
4928 2
4930 3
4931 4
4932 7
4933 4
4934 5
4935 3
4936 5
4937 6
4938 1
4939 5
4940 2
4941 3
4942 4
4943 3
4944 5
4945 8
4946 4
4947 2
4948 6
4949 3
4950 6
4951 6
4952 5
4953 3
4954 6
4955 3
4956 3
4957 3
4958 6
4959 3
4960 3
4961 2
4962 5
4963 1
4964 2
4965 3
4966 5
4967 5
4968 2
4969 1
4970 3
4971 3
4972 2
4973 3
4974 2
4975 1
4976 4
4977 7
4978 2
4979 4
4981 5
4982 5
4983 1
4984 4
4985 1
4986 1
4987 2
4988 1
4989 5
4990 6
4991 1
4992 3
4993 2
4994 2
4995 3
4996 2
4997 4
4998 3
4999 1
5000 6
5001 3
5002 5
5003 1
5004 2
5009 2
5010 3
5011 1
5012 2
5013 1
5014 1
5015 2
5016 1
5018 3
5019 1
5021 1
5023 3
5024 2
5025 2
5027 2
5028 1
5029 3
5030 2
5031 3
5032 1
5033 1
5034 2
5035 1
5036 4
5037 2
5038 2
5039 2
5041 2
5042 4
5043 2
5045 2
5046 4
5047 4
5048 8
5049 2
5050 3
5051 1
5052 4
5053 2
5055 2
5059 4
5061 1
5062 1
5063 2
5064 1
5065 1
5066 2
5068 1
5069 1
5071 1
5074 3
5076 2
5079 1
5081 1
5082 1
5089 1
5092 1
5093 3
5095 1
5096 1
5097 1
5098 2
5102 1
5108 2
5111 2
5112 2
5113 1
5117 1
5119 1
5120 1
5122 1
5123 1
5124 1
5125 1
5126 1
5127 1
5134 1
5135 2
5138 1
5147 1
5149 1
5150 1
5152 1
5158 1
5164 3
5170 1
5179 1
5195 2
5208 1
5212 1
5213 1
5221 1
5229 1
5230 1
5234 1
5236 1
5238 1
5240 1
5243 1
5244 1
5246 1
5248 1
5249 1
5250 2
5255 1
5261 1
5270 1
5278 1
5279 2
5285 1
5286 1
5290 1
5295 2
5300 1
5304 1
5305 1
5307 2
5316 1
5318 1
5325 2
5328 2
5335 1
5337 1
5338 1
5350 1
5351 1
5357 1
5361 1
5377 2
5387 1
5404 1
5406 1
5408 2
5429 1
5481 1
5491 1
5492 1
5516 1
5523 1
5525 1
5556 1
5558 1
5567 1
5721 1
5722 1
5727 1
5729 1
5747 1
5761 1
5762 1
5771 1
5777 1
5780 1
5807 1
5822 1
5860 1
5864 1
5906 1
5920 1
5934 1
5946 1
5979 1
5985 1
5994 1
6039 1
6051 1
6057 1
6059 1
6065 1
6093 1
6103 1
6108 1
6146 1
6153 1
6163 1
6168 1
6197 1
6221 1
6258 1
6267 2
6291 1
6312 1
6325 1
6327 1
6431 1
6461 1
6508 1
6533 1
6584 1
6601 1
6668 1
6720 1
6733 1
6805 1
6815 1
6864 1
6871 1
6980 1
6981 1
6989 1
7047 1
7048 1
7054 1
7074 1
7081 1
7165 1
7184 1
7187 1
7206 1
7215 1
7332 1
7362 1
7375 1
7436 1
7447 1
7453 1
7573 1
7596 2
7678 1
7681 1
7685 1
7690 1
7695 1
7775 1
7782 1
7813 1
7821 1
7868 1
7886 1
7958 1
8019 1
8039 1
8079 1
8081 1
8094 1
8106 1
8111 1
8125 1
8133 1
8137 1
8144 1
8155 1
8181 1
8199 1
8208 1
8209 1
8210 1
8211 1
8212 2
8214 1
8220 2
8229 1
8230 1
8233 1
8243 1
8244 1
8245 1
8246 1
8251 2
8259 2
8260 1
8262 1
8264 3
8265 2
8267 1
8268 3
8269 2
8270 1
8271 3
8273 1
8274 1
8275 2
8276 2
8277 2
8278 2
8280 4
8281 2
8282 2
8283 2
8284 4
8285 1
8286 3
8287 1
8288 2
8289 3
8290 1
8291 7
8292 2
8293 2
8294 2
8295 2
8296 5
8297 2
8299 6
8300 3
8301 2
8302 3
8303 5
8304 2
8305 3
8306 7
8307 5
8308 9
8309 3
8310 8
8311 1
8312 2
8313 4
8314 6
8315 5
8316 8
8317 7
8318 6
8319 3
8320 6
8321 6
8322 6
8323 7
8324 9
8325 5
8326 7
8327 4
8328 9
8329 6
8330 7
8331 5
8332 9
8333 8
8334 4
8335 10
8336 6
8337 4
8338 9
8339 6
8340 11
8341 9
8342 6
8343 6
8344 7
8345 11
8346 6
8347 6
8348 5
8349 8
8350 5
8351 2
8352 3
8353 6
8354 7
8355 4
8356 4
8357 3
8358 3
8359 4
8360 5
8361 6
8362 6
8363 7
8364 8
8365 4
8366 5
8367 4
8368 6
8369 3
8370 11
8371 3
8372 8
8373 3
8374 7
8375 4
8376 7
8377 5
8378 6
8380 3
8381 6
8382 3
8383 5
8384 2
8385 3
8386 4
8387 1
8388 2
8389 1
8390 3
8391 3
8393 2
8394 3
8395 3
8397 1
8398 3
8399 3
8400 3
8401 6
8402 3
8403 1
8404 2
8405 4
8406 3
8407 3
8408 1
8409 1
8411 2
8413 2
8414 1
8415 3
8416 1
8418 1
8419 3
8421 3
8422 2
8424 2
8425 3
8426 3
8428 2
8429 3
8431 1
8432 5
8433 1
8434 5
8436 1
8438 1
8439 2
8441 1
8442 2
8444 1
8445 1
8446 2
8447 4
8450 3
8451 1
8452 1
8454 2
8455 1
8456 3
8457 3
8462 2
8463 1
8464 1
8465 2
8467 1
8468 2
8469 1
8470 3
8471 2
8472 2
8474 1
8475 5
8476 1
8477 1
8478 2
8480 1
8481 2
8483 2
8485 1
8486 2
8488 1
8489 1
8490 2
8491 1
8492 1
8493 3
8495 4
8496 1
8497 1
8498 2
8500 1
8501 2
8503 1
8505 3
8506 2
8509 2
8511 1
8512 1
8513 4
8514 1
8515 2
8516 6
8517 4
8518 2
8519 1
8520 1
8521 1
8523 1
8524 2
8525 1
8526 1
8527 2
8528 3
8529 5
8530 2
8533 1
8534 1
8536 1
8538 3
8539 2
8540 4
8541 3
8542 1
8543 2
8544 3
8545 4
8546 3
8547 2
8548 1
8549 1
8550 2
8551 5
8552 2
8553 3
8554 2
8555 2
8556 1
8557 2
8558 3
8559 3
8560 3
8561 1
8562 1
8563 3
8564 1
8565 4
8566 2
8567 2
8569 2
8570 2
8571 1
8572 2
8574 4
8575 2
8576 2
8577 3
8578 2
8579 2
8580 3
8581 2
8582 4
8583 2
8585 1
8586 3
8589 1
8590 1
8592 1
8593 3
8595 3
8597 1
8598 1
8599 4
8600 3
8601 1
8602 1
8603 1
8604 1
8605 1
8606 1
8607 5
8608 3
8609 2
8610 2
8611 3
8612 2
8613 2
8614 1
8615 1
8616 3
8617 5
8618 3
8619 1
8620 1
8621 5
8622 6
8623 3
8624 3
8625 3
8626 3
8627 5
8628 5
8629 7
8630 2
8631 3
8632 3
8633 3
8634 6
8635 4
8636 4
8637 3
8638 1
8639 2
8640 3
8641 3
8642 1
8643 1
8644 4
8645 3
8646 1
8647 2
8649 6
8650 2
8651 5
8652 5
8653 9
8654 5
8655 4
8656 4
8657 3
8658 2
8659 6
8660 2
8661 3
8662 5
8663 4
8664 4
8665 3
8666 6
8667 10
8668 6
8669 2
8670 8
8671 1
8672 5
8673 5
8674 3
8675 5
8676 7
8677 5
8678 8
8679 7
8680 2
8681 3
8682 3
8683 4
8684 6
8685 5
8686 2
8687 6
8688 8
8689 2
8690 1
8691 12
8692 9
8693 4
8694 2
8695 6
8696 6
8697 10
8698 3
8699 7
8700 13
8701 10
8702 5
8703 9
8704 11
8705 10
8706 8
8707 5
8708 10
8709 5
8710 6
8711 7
8712 10
8713 8
8714 5
8715 8
8716 12
8717 9
8718 5
8719 4
8720 12
8721 8
8722 7
8723 6
8724 12
8725 7
8726 7
8727 6
8728 10
8729 8
8730 3
8731 8
8732 7
8733 9
8734 7
8735 4
8736 8
8737 6
8738 13
8739 11
8740 14
8741 12
8742 6
8743 11
8744 4
8745 11
8746 6
8747 7
8748 13
8749 10
8750 15
8751 10
8752 13
8753 12
8754 11
8755 10
8756 11
8757 13
8758 14
8759 14
8760 10
8761 11
8762 16
8763 13
8764 11
8765 17
8766 22
8767 14
8768 13
8769 7
8770 18
8771 15
8772 19
8773 18
8774 17
8775 19
8776 28
8777 21
8778 14
8779 15
8780 12
8781 18
8782 11
8783 21
8784 15
8785 10
8786 16
8787 23
8788 15
8789 24
8790 15
8791 22
8792 21
8793 15
8794 21
8795 20
8796 20
8797 11
8798 14
8799 16
8800 12
8801 21
8802 17
8803 14
8804 16
8805 20
8806 16
8807 24
8808 14
8809 16
8810 24
8811 17
8812 17
8813 12
8814 16
8815 16
8816 23
8817 22
8818 24
8819 9
8820 18
8821 20
8822 17
8823 19
8824 17
8825 11
8826 17
8827 13
8828 18
8829 19
8830 18
8831 18
8832 17
8833 10
8834 14
8835 23
8836 27
8837 14
8838 15
8839 22
8840 20
8841 16
8842 11
8843 13
8844 18
8845 12
8846 13
8847 10
8848 19
8849 13
8850 15
8851 21
8852 7
8853 9
8854 11
8855 6
8856 8
8857 7
8858 6
8859 12
8860 15
8861 20
8862 10
8863 16
8864 15
8865 12
8866 12
8867 8
8868 16
8869 10
8870 13
8871 8
8872 12
8873 12
8874 9
8875 11
8876 5
8877 4
8878 10
8879 8
8880 7
8881 5
8882 9
8883 14
8884 9
8885 9
8886 6
8887 10
8888 13
8889 13
8890 6
8891 15
8892 9
8893 12
8894 14
8895 11
8896 14
8897 16
8898 3
8899 9
8900 7
8901 7
8902 9
8903 10
8904 10
8905 9
8906 12
8907 6
8908 7
8909 8
8910 4
8911 7
8912 9
8913 8
8914 17
8915 9
8916 12
8917 8
8918 12
8919 12
8920 11
8921 11
8922 7
8923 8
8924 8
8925 10
8926 11
8927 12
8928 6
8929 6
8930 6
8931 7
8932 10
8933 7
8934 8
8935 7
8936 12
8937 9
8938 10
8939 11
8940 13
8941 10
8942 6
8943 12
8944 8
8945 8
8946 9
8947 4
8948 10
8949 9
8950 13
8951 6
8952 6
8953 11
8954 7
8955 12
8956 4
8957 12
8958 16
8959 13
8960 8
8961 18
8962 9
8963 11
8964 15
8965 18
8966 11
8967 11
8968 12
8969 9
8970 11
8971 5
8972 14
8973 12
8974 11
8975 11
8976 15
8977 12
8978 19
8979 14
8980 13
8981 10
8982 9
8983 9
8984 15
8985 15
8986 15
8987 16
8988 10
8989 11
8990 17
8991 10
8992 10
8993 19
8994 12
8995 9
8996 9
8997 17
8998 12
8999 16
9000 12
9001 11
9002 14
9003 13
9004 14
9010 1
9012 6
9013 19
9014 13
9015 13
9016 17
9017 11
9018 15
9019 16
9020 12
9021 14
9022 12
9023 10
9024 14
9025 11
9026 6
9027 11
9028 12
9029 13
9030 12
9031 16
9032 9
9033 8
9034 17
9035 13
9036 9
9037 9
9038 20
9039 14
9040 14
9041 12
9042 9
9043 18
9044 17
9045 13
9046 14
9047 9
9048 15
9049 9
9050 10
9051 7
9052 10
9053 10
9054 11
9055 12
9056 11
9057 16
9058 10
9059 19
9060 14
9061 9
9062 7
9063 13
9064 12
9065 10
9066 15
9067 10
9068 14
9069 8
9070 11
9071 15
9072 9
9073 4
9074 10
9075 10
9076 14
9077 12
9078 9
9079 20
9080 8
9081 12
9082 9
9083 11
9084 15
9085 16
9086 15
9087 8
9088 9
9089 13
9090 12
9091 15
9092 11
9093 10
9094 8
9095 7
9096 12
9097 13
9098 17
9099 7
9100 13
9101 10
9102 6
9103 13
9104 8
9105 11
9106 11
9107 14
9108 8
9109 14
9110 13
9111 7
9112 8
9113 8
9114 10
9115 9
9116 12
9117 4
9118 7
9119 11
9120 5
9121 7
9122 2
9123 9
9124 7
9125 10
9126 7
9127 7
9128 7
9129 11
9130 6
9131 6
9132 4
9133 4
9134 5
9135 7
9136 4
9137 4
9138 9
9139 7
9140 5
9141 10
9142 5
9143 8
9144 7
9145 4
9146 6
9147 8
9148 11
9149 7
9150 5
9151 3
9152 6
9153 3
9154 5
9155 4
9156 8
9157 8
9158 8
9159 3
9160 6
9161 5
9162 4
9163 3
9164 7
9165 6
9166 6
9167 4
9168 3
9169 6
9170 4
9171 4
9172 3
9173 5
9174 3
9175 3
9176 4
9177 8
9178 3
9179 3
9180 5
9181 2
9182 2
9183 3
9184 4
9185 5
9186 7
9187 4
9188 2
9189 1
9190 7
9191 3
9192 5
9193 6
9194 6
9195 3
9196 5
9197 8
9198 6
9199 4
9200 5
9201 5
9202 6
9203 4
9204 7
9205 3
9206 1
9207 1
9208 6
9209 4
9210 6
9211 2
9212 2
9213 4
9214 9
9215 2
9216 3
9217 4
9218 4
9220 2
9221 3
9222 3
9223 3
9224 2
9225 3
9226 5
9227 1
9228 3
9229 1
9230 5
9231 4
9232 6
9233 5
9234 5
9235 3
9236 5
9237 1
9238 5
9239 3
9240 1
9241 3
9242 5
9243 4
9244 5
9245 2
9246 3
9247 1
9248 2
9249 3
9250 3
9251 3
9252 1
9253 5
9254 5
9255 6
9256 2
9257 2
9258 4
9259 2
9260 1
9261 1
9262 2
9263 1
9264 1
9265 2
9266 6
9267 1
9268 3
9269 2
9270 5
9271 2
9272 1
9273 6
9274 6
9275 4
9276 7
9277 1
9278 4
9280 2
9281 3
9282 1
9283 3
9284 4
9285 2
9286 1
9287 5
9288 1
9289 2
9290 3
9291 3
9292 2
9293 1
9294 1
9295 5
9296 1
9297 2
9299 3
9300 4
9301 1
9303 1
9304 3
9305 1
9306 1
9307 1
9308 2
9309 1
9310 2
9311 1
9312 2
9313 2
9314 2
9315 2
9316 1
9317 3
9319 4
9320 2
9321 5
9322 1
9323 2
9324 4
9325 2
9326 3
9327 2
9328 4
9329 3
9330 1
9331 4
9332 2
9333 2
9334 1
9336 2
9337 4
9338 2
9339 3
9340 3
9341 2
9343 1
9344 2
9345 3
9346 3
9347 1
9349 2
9350 1
9351 1
9352 2
9353 3
9354 1
9355 2
9356 2
9357 1
9358 1
9359 4
9360 2
9361 6
9362 1
9364 1
9366 5
9367 3
9368 3
9369 3
9370 2
9371 2
9372 3
9373 1
9374 2
9375 2
9376 2
9377 2
9378 2
9379 2
9383 3
9384 1
9385 4
9386 1
9387 2
9388 1
9389 2
9390 2
9391 3
9392 2
9393 2
9394 2
9396 4
9397 3
9398 1
9400 1
9401 2
9402 2
9403 2
9404 2
9405 1
9406 6
9407 2
9408 1
9409 1
9410 1
9411 4
9413 1
9414 1
9415 1
9416 2
9417 2
9418 3
9419 1
9420 3
9421 3
9422 3
9423 2
9424 2
9425 3
9426 3
9427 3
9430 2
9431 1
9432 4
9433 3
9435 2
9438 1
9439 1
9441 1
9442 2
9443 1
9444 4
9445 2
9446 2
9447 3
9448 1
9449 1
9452 1
9455 1
9456 1
9457 2
9458 1
9460 2
9461 1
9462 2
9463 3
9464 1
9465 3
9466 2
9467 1
9468 1
9469 4
9470 5
9471 1
9472 3
9474 2
9476 1
9477 2
9478 2
9479 3
9480 1
9481 1
9482 2
9483 1
9485 1
9487 2
9489 1
9491 1
9492 1
9493 2
9500 1
9502 2
9503 1
9504 1
9505 2
9507 2
9508 1
9509 1
9510 1
9511 1
9515 2
9516 2
9517 3
9518 3
9521 1
9522 2
9523 1
9524 1
9525 1
9526 3
9527 3
9528 1
9529 4
9530 1
9532 1
9533 1
9536 1
9541 2
9542 1
9543 1
9544 1
9548 2
9550 1
9551 1
9552 3
9553 2
9555 1
9556 2
9558 2
9559 2
9560 2
9561 1
9563 1
9565 3
9566 1
9567 2
9568 1
9569 1
9570 2
9572 1
9574 1
9575 1
9578 1
9580 2
9582 1
9583 1
9584 1
9586 1
9587 1
9588 1
9589 2
9590 1
9591 2
9595 1
9596 2
9598 1
9599 3
9600 2
9601 3
9604 1
9606 2
9608 1
9610 2
9611 1
9612 1
9614 1
9615 1
9616 1
9617 1
9618 3
9622 1
9623 1
9624 2
9626 1
9627 1
9628 3
9629 1
9633 1
9634 2
9640 1
9642 2
9643 2
9644 2
9645 1
9649 1
9650 2
9653 3
9654 1
9662 1
9663 3
9664 1
9667 1
9668 1
9670 2
9672 1
9673 3
9674 2
9675 1
9680 1
9682 1
9684 2
9685 1
9688 3
9690 1
9691 1
9692 1
9693 2
9694 1
9695 1
9696 1
9700 1
9701 2
9702 1
9703 1
9705 1
9707 1
9709 1
9711 2
9712 3
9713 1
9714 2
9715 2
9717 2
9719 2
9720 1
9721 2
9722 2
9723 1
9725 2
9726 3
9729 1
9732 2
9735 1
9736 2
9737 1
9739 1
9741 1
9743 1
9745 1
9746 2
9747 2
9748 1
9751 1
9752 1
9753 1
9755 1
9756 1
9760 1
9761 4
9762 3
9763 1
9764 1
9767 1
9770 2
9772 2
9774 3
9775 1
9776 3
9778 1
9780 1
9781 1
9782 1
9783 1
9785 1
9787 2
9789 1
9790 1
9791 1
9792 2
9795 2
9796 2
9800 1
9801 1
9803 1
9805 1
9806 1
9807 1
9808 1
9810 1
9815 1
9817 2
9820 2
9821 1
9822 3
9825 2
9827 1
9829 1
9830 1
9831 2
9832 1
9835 2
9838 1
9840 1
9842 2
9843 4
9847 2
9848 3
9850 2
9852 3
9853 1
9854 1
9855 1
9856 1
9860 1
9862 2
9863 1
9864 2
9865 2
9866 1
9869 1
9870 1
9871 3
9872 3
9874 2
9877 1
9878 1
9883 1
9884 1
9886 1
9887 1
9888 2
9889 1
9890 1
9893 1
9894 1
9896 2
9897 1
9899 1
9902 2
9903 2
9906 1
9907 1
9909 1
9911 1
9912 1
9913 1
9914 3
9915 2
9916 1
9919 1
9920 1
9923 3
9926 1
9927 4
9929 3
9930 1
9932 3
9933 1
9934 3
9935 1
9937 1
9938 2
9942 2
9943 3
9944 2
9945 3
9947 1
9948 1
9949 2
9954 1
9956 1
9962 1
9963 1
9964 1
9965 2
9969 2
9971 2
9974 2
9975 1
9976 1
9977 1
9978 1
9979 2
9982 1
9984 1
9986 2
9987 2
9988 1
9989 3
9992 1
9994 2
9995 1
9996 1
9997 1
9999 1
