0 1579
1 1464
2 1476
3 1390
4 1439
5 1476
6 1479
7 1400
8 1451
9 1481
10 1442
11 1403
12 1445
13 1446
14 1457
15 1388
16 1471
17 1446
18 1428
19 1431
20 1455
21 1466
22 1446
23 1424
24 1480
25 1431
26 1406
27 1377
28 1442
29 1435
30 1390
31 1385
32 1452
33 1431
34 1466
35 1487
36 1455
37 1427
38 1471
39 1426
40 1432
41 1445
42 1402
43 1402
44 1478
45 1456
46 1437
47 1432
48 1511
49 1485
50 1409
51 1354
52 1487
53 1456
54 1421
55 1429
56 1461
57 1446
58 1420
59 1422
60 1459
61 1502
62 1444
63 1407
64 1455
65 1435
66 1464
67 1433
68 1447
69 1440
70 1404
71 1420
72 1437
73 1482
74 1428
75 1376
76 1419
77 1448
78 1409
79 1385
80 1434
81 1443
82 1463
83 1456
84 1458
85 1497
86 1448
87 1387
88 1480
89 1490
90 1463
91 1460
92 1470
93 1447
94 1420
95 1382
96 1427
97 1492
98 1489
99 1430
100 1449
101 1500
102 1385
103 1389
104 1442
105 1460
106 1415
107 1390
108 1426
109 1427
110 1414
111 1419
112 1447
113 1429
114 1426
115 1396
116 1439
117 1428
118 1459
119 1390
120 1451
121 1446
122 1410
123 1398
124 1495
125 1475
126 1422
127 1437
128 1468
129 1451
130 1441
131 1372
132 1485
133 1460
134 1444
135 1398
136 1443
137 1443
138 1411
139 1396
140 1443
141 1448
142 1407
143 1374
144 1432
145 1444
146 1419
147 1389
148 1446
149 1439
150 1429
151 1414
152 1478
153 1479
154 1443
155 1372
156 1471
157 1480
158 1427
159 1380
160 1445
161 1489
162 1416
163 1373
164 1445
165 1477
166 1452
167 1422
168 1470
169 1478
170 1404
171 1389
172 1451
173 1437
174 1429
175 1428
176 1495
177 1472
178 1466
179 1436
180 1529
181 1467
182 1411
183 1405
184 1444
185 1445
186 1420
187 1382
188 1439
189 1451
190 1436
191 1399
192 1480
193 1452
194 1442
195 1380
196 1467
197 1456
198 1411
199 1396
200 1412
201 1425
202 1405
203 1418
204 1452
205 1452
206 1404
207 1387
208 1471
209 1485
210 1463
211 1430
212 1433
213 1428
214 1462
215 1412
216 1454
217 1418
218 1432
219 1449
220 1448
221 1445
222 1422
223 1392
224 1448
225 1446
226 1419
227 1389
228 1443
229 1462
230 1411
231 1376
232 1417
233 1441
234 1411
235 1383
236 1458
237 1429
238 1410
239 1434
240 1456
241 1444
242 1445
243 1415
244 1473
245 1469
246 1420
247 1428
248 1439
249 1494
250 1416
251 1432
252 1461
253 1440
254 1385
255 1435
256 1500
257 1459
258 1419
259 1376
260 1444
261 1434
262 1408
263 1379
264 1497
265 1483
266 1395
267 1385
268 1455
269 1468
270 1452
271 1404
272 1522
273 1512
274 1454
275 1375
276 1472
277 1491
278 1461
279 1429
280 1463
281 1433
282 1415
283 1388
284 1476
285 1468
286 1416
287 1398
288 1444
289 1454
290 1471
291 1408
292 1428
293 1436
294 1449
295 1406
296 1514
297 1490
298 1482
299 1456
300 1457
301 1466
302 1418
303 1384
304 1441
305 1446
306 1408
307 1391
308 1452
309 1460
310 1433
311 1387
312 1440
313 1432
314 1399
315 1382
316 1443
317 1433
318 1494
319 1419
320 1452
321 1421
322 1450
323 1398
324 1493
325 1499
326 1452
327 1398
328 1442
329 1449
330 1420
331 1404
332 1440
333 1433
334 1415
335 1399
336 1450
337 1420
338 1414
339 1439
340 1460
341 1451
342 1428
343 1384
344 1461
345 1436
346 1461
347 1441
348 1525
349 1456
350 1409
351 1388
352 1453
353 1444
354 1394
355 1399
356 1444
357 1452
358 1414
359 1404
360 1500
361 1482
362 1442
363 1421
364 1468
365 1448
366 1411
367 1451
368 1490
369 1443
370 1423
371 1409
372 1421
373 1425
374 1412
375 1390
376 1442
377 1416
378 1428
379 1391
380 1457
381 1449
382 1439
383 1408
384 1474
385 1507
386 1413
387 1431
388 1479
389 1437
390 1419
391 1391
392 1461
393 1447
394 1461
395 1397
396 1452
397 1456
398 1439
399 1380
400 1461
401 1456
402 1392
403 1431
404 1513
405 1512
406 1421
407 1395
408 1462
409 1454
410 1413
411 1395
412 1485
413 1474
414 1464
415 1452
416 1476
417 1422
418 1416
419 1379
420 1465
421 1422
422 1413
423 1420
424 1439
425 1440
426 1411
427 1405
428 1453
429 1447
430 1433
431 1458
432 1544
433 1479
434 1400
435 1379
436 1487
437 1433
438 1416
439 1381
440 1489
441 1507
442 1405
443 1390
444 1494
445 1453
446 1410
447 1380
448 1458
449 1443
450 1422
451 1404
452 1506
453 1467
454 1435
455 1390
456 1464
457 1446
458 1420
459 1383
460 1457
461 1438
462 1422
463 1386
464 1466
465 1450
466 1404
467 1388
468 1437
469 1481
470 1422
471 1378
472 1437
473 1417
474 1467
475 1454
476 1465
477 1441
478 1421
479 1412
480 1465
481 1454
482 1432
483 1396
484 1447
485 1444
486 1408
487 1395
488 1476
489 1442
490 1412
491 1391
492 1490
493 1467
494 1440
495 1409
496 1453
497 1445
498 1418
499 1375
500 1439
501 1424
502 1419
503 1391
504 1487
505 1461
506 1479
507 1421
508 1505
509 1511
510 1426
511 1381
512 1446
513 1447
514 1473
515 1473
516 1520
517 1467
518 1412
519 1432
520 1477
521 1427
522 1409
523 1414
524 1454
525 1447
526 1405
527 1383
528 1440
529 1444
530 1487
531 1411
532 1502
533 1507
534 1479
535 1398
536 1444
537 1430
538 1404
539 1386
540 1466
541 1455
542 1407
543 1391
544 1451
545 1441
546 1399
547 1393
548 1466
549 1442
550 1403
551 1397
552 1489
553 1488
554 1402
555 1425
556 1473
557 1420
558 1425
559 1361
560 1454
561 1438
562 1414
563 1368
564 1442
565 1445
566 1482
567 1440
568 1463
569 1464
570 1399
571 1385
572 1438
573 1439
574 1423
575 1437
576 1464
577 1467
578 1422
579 1378
580 1426
581 1433
582 1414
583 1381
584 1496
585 1450
586 1411
587 1386
588 1452
589 1444
590 1395
591 1411
592 1490
593 1473
594 1407
595 1382
596 1445
597 1413
598 1413
599 1383
600 1435
601 1425
602 1417
603 1388
604 1437
605 1423
606 1400
607 1409
608 1431
609 1440
610 1411
611 1395
612 1495
613 1473
614 1436
615 1421
616 1507
617 1488
618 1425
619 1407
620 1456
621 1434
622 1424
623 1379
624 1465
625 1442
626 1442
627 1381
628 1505
629 1472
630 1411
631 1427
632 1466
633 1435
634 1410
635 1416
636 1436
637 1439
638 1503
639 1469
640 1497
641 1462
642 1415
643 1375
644 1460
645 1430
646 1421
647 1390
648 1460
649 1440
650 1411
651 1444
652 1480
653 1456
654 1404
655 1398
656 1455
657 1422
658 1417
659 1382
660 1437
661 1441
662 1405
663 1408
664 1449
665 1450
666 1447
667 1383
668 1443
669 1445
670 1395
671 1401
672 1484
673 1470
674 1426
675 1412
676 1448
677 1433
678 1415
679 1380
680 1456
681 1464
682 1405
683 1434
684 1480
685 1480
686 1437
687 1404
688 1475
689 1431
690 1416
691 1375
692 1484
693 1455
694 1422
695 1374
696 1464
697 1448
698 1414
699 1411
700 1467
701 1446
702 1412
703 1387
704 1448
705 1455
706 1469
707 1394
708 1458
709 1442
710 1400
711 1384
712 1464
713 1433
714 1414
715 1392
716 1444
717 1455
718 1410
719 1410
720 1503
721 1534
722 1459
723 1395
724 1450
725 1425
726 1390
727 1389
728 1443
729 1443
730 1498
731 1420
732 1515
733 1505
734 1450
735 1384
736 1441
737 1443
738 1404
739 1405
740 1458
741 1458
742 1415
743 1401
744 1438
745 1485
746 1415
747 1405
748 1448
749 1437
750 1417
751 1414
752 1462
753 1473
754 1449
755 1414
756 1443
757 1447
758 1403
759 1375
760 1440
761 1467
762 1417
763 1385
764 1446
765 1440
766 1422
767 1390
768 1479
769 1440
770 1412
771 1381
772 1485
773 1480
774 1390
775 1401
776 1448
777 1430
778 1433
779 1403
780 1433
781 1430
782 1395
783 1399
784 1447
785 1452
786 1418
787 1388
788 1447
789 1429
790 1413
791 1411
792 1448
793 1430
794 1398
795 1409
796 1486
797 1481
798 1458
799 1468
800 1475
801 1445
802 1396
803 1364
804 1455
805 1433
806 1435
807 1380
808 1446
809 1424
810 1474
811 1457
812 1509
813 1518
814 1478
815 1452
816 1483
817 1434
818 1395
819 1416
820 1469
821 1471
822 1495
823 1421
824 1499
825 1477
826 1429
827 1387
828 1432
829 1451
830 1447
831 1408
832 1452
833 1439
834 1406
835 1403
836 1436
837 1447
838 1455
839 1404
840 1512
841 1476
842 1420
843 1420
844 1466
845 1428
846 1415
847 1385
848 1532
849 1446
850 1411
851 1392
852 1433
853 1439
854 1415
855 1395
856 1439
857 1494
858 1457
859 1391
860 1423
861 1427
862 1427
863 1372
864 1436
865 1517
866 1437
867 1425
868 1465
869 1408
870 1478
871 1442
872 1467
873 1453
874 1463
875 1466
876 1476
877 1443
878 1420
879 1390
880 1451
881 1438
882 1424
883 1392
884 1441
885 1433
886 1420
887 1405
888 1441
889 1426
890 1399
891 1371
892 1431
893 1437
894 1427
895 1390
896 1498
897 1523
898 1440
899 1394
900 1495
901 1456
902 1428
903 1386
904 1447
905 1433
906 1451
907 1413
908 1451
909 1428
910 1443
911 1411
912 1508
913 1522
914 1397
915 1399
916 1442
917 1431
918 1409
919 1392
920 1452
921 1445
922 1434
923 1403
924 1453
925 1406
926 1413
927 1396
928 1440
929 1454
930 1450
931 1427
932 1457
933 1491
934 1466
935 1441
936 1450
937 1449
938 1419
939 1389
940 1436
941 1476
942 1419
943 1381
944 1513
945 1505
946 1413
947 1378
948 1451
949 1451
950 1430
951 1406
952 1485
953 1518
954 1431
955 1392
956 1461
957 1432
958 1406
959 1454
960 1450
961 1470
962 1415
963 1458
964 1455
965 1428
966 1451
967 1468
968 1520
969 1510
970 1479
971 1467
972 1507
973 1469
974 1479
975 1419
976 1456
977 1442
978 1429
979 1388
980 1440
981 1432
982 1423
983 1392
984 1439
985 1445
986 1403
987 1418
988 1464
989 1428
990 1420
991 1443
992 1518
993 1517
994 1460
995 1460
996 1456
997 1441
998 1403
999 1389
1000 1447
1001 1438
1002 1404
1003 1366
1004 1459
1005 1451
1006 1423
1007 1363
1008 1447
1009 1441
1010 1433
1011 1382
1012 1437
1013 1450
1014 1400
1015 1386
1016 1458
1017 1474
1018 1441
1019 1380
1020 1434
1021 1424
1022 1416
1023 1374
1024 1491
1025 1530
1026 1457
1027 1374
1028 1470
1029 1482
1030 1416
1031 1390
1032 1459
1033 1451
1034 1421
1035 1376
1036 1444
1037 1460
1038 1395
1039 1430
1040 1518
1041 1460
1042 1415
1043 1403
1044 1461
1045 1439
1046 1415
1047 1380
1048 1434
1049 1495
1050 1420
1051 1376
1052 1447
1053 1449
1054 1438
1055 1408
1056 1447
1057 1437
1058 1400
1059 1418
1060 1441
1061 1448
1062 1412
1063 1427
1064 1458
1065 1456
1066 1417
1067 1388
1068 1445
1069 1428
1070 1414
1071 1381
1072 1457
1073 1444
1074 1433
1075 1381
1076 1436
1077 1492
1078 1484
1079 1437
1080 1475
1081 1459
1082 1439
1083 1383
1084 1447
1085 1471
1086 1423
1087 1387
1088 1496
1089 1461
1090 1459
1091 1398
1092 1446
1093 1464
1094 1459
1095 1470
1096 1518
1097 1512
1098 1468
1099 1391
1100 1469
1101 1445
1102 1417
1103 1389
1104 1456
1105 1438
1106 1397
1107 1406
1108 1434
1109 1442
1110 1432
1111 1390
1112 1523
1113 1463
1114 1426
1115 1399
1116 1445
1117 1439
1118 1415
1119 1378
1120 1465
1121 1451
1122 1407
1123 1391
1124 1440
1125 1434
1126 1419
1127 1440
1128 1473
1129 1484
1130 1469
1131 1418
1132 1421
1133 1511
1134 1441
1135 1424
1136 1512
1137 1494
1138 1457
1139 1492
1140 1470
1141 1431
1142 1411
1143 1389
1144 1491
1145 1451
1146 1483
1147 1451
1148 1514
1149 1486
1150 1441
1151 1373
1152 1476
1153 1439
1154 1431
1155 1410
1156 1438
1157 1476
1158 1446
1159 1386
1160 1507
1161 1469
1162 1405
1163 1383
1164 1493
1165 1468
1166 1415
1167 1385
1168 1449
1169 1427
1170 1490
1171 1458
1172 1479
1173 1480
1174 1430
1175 1405
1176 1451
1177 1481
1178 1449
1179 1470
1180 1482
1181 1434
1182 1410
1183 1401
1184 1460
1185 1500
1186 1413
1187 1398
1188 1460
1189 1453
1190 1414
1191 1379
1192 1432
1193 1432
1194 1410
1195 1368
1196 1467
1197 1445
1198 1448
1199 1407
1200 1447
1201 1448
1202 1413
1203 1388
1204 1461
1205 1431
1206 1416
1207 1382
1208 1500
1209 1467
1210 1425
1211 1382
1212 1456
1213 1432
1214 1401
1215 1371
1216 1479
1217 1474
1218 1422
1219 1402
1220 1477
1221 1505
1222 1463
1223 1431
1224 1460
1225 1426
1226 1484
1227 1421
1228 1508
1229 1456
1230 1410
1231 1386
1232 1435
1233 1452
1234 1451
1235 1450
1236 1458
1237 1439
1238 1422
1239 1383
1240 1450
1241 1433
1242 1414
1243 1380
1244 1442
1245 1446
1246 1397
1247 1408
1248 1453
1249 1454
1250 1461
1251 1430
1252 1523
1253 1465
1254 1456
1255 1443
1256 1438
1257 1431
1258 1425
1259 1388
1260 1431
1261 1429
1262 1412
1263 1378
1264 1441
1265 1424
1266 1407
1267 1387
1268 1437
1269 1440
1270 1458
1271 1426
1272 1459
1273 1434
1274 1442
1275 1396
1276 1444
1277 1426
1278 1418
1279 1398
1280 1445
1281 1475
1282 1410
1283 1377
1284 1449
1285 1431
1286 1403
1287 1385
1288 1439
1289 1438
1290 1431
1291 1426
1292 1446
1293 1462
1294 1411
1295 1380
1296 1439
1297 1471
1298 1494
1299 1415
1300 1481
1301 1515
1302 1412
1303 1436
1304 1489
1305 1492
1306 1491
1307 1465
1308 1501
1309 1464
1310 1432
1311 1417
1312 1458
1313 1424
1314 1405
1315 1358
1316 1460
1317 1433
1318 1420
1319 1391
1320 1513
1321 1510
1322 1452
1323 1389
1324 1513
1325 1456
1326 1419
1327 1389
1328 1432
1329 1429
1330 1410
1331 1423
1332 1451
1333 1449
1334 1477
1335 1410
1336 1421
1337 1425
1338 1412
1339 1373
1340 1451
1341 1433
1342 1401
1343 1391
1344 1471
1345 1494
1346 1432
1347 1390
1348 1440
1349 1485
1350 1445
1351 1453
1352 1474
1353 1435
1354 1456
1355 1379
1356 1448
1357 1434
1358 1412
1359 1420
1360 1455
1361 1440
1362 1421
1363 1389
1364 1458
1365 1438
1366 1425
1367 1404
1368 1457
1369 1447
1370 1421
1371 1387
1372 1465
1373 1495
1374 1456
1375 1443
1376 1464
1377 1466
1378 1426
1379 1398
1380 1512
1381 1475
1382 1421
1383 1389
1384 1440
1385 1445
1386 1419
1387 1380
1388 1453
1389 1446
1390 1420
1391 1395
1392 1425
1393 1438
1394 1419
1395 1397
1396 1454
1397 1441
1398 1407
1399 1400
1400 1454
1401 1445
1402 1480
1403 1425
1404 1455
1405 1437
1406 1487
1407 1465
1408 1464
1409 1439
1410 1413
1411 1383
1412 1482
1413 1503
1414 1450
1415 1416
1416 1458
1417 1492
1418 1471
1419 1423
1420 1459
1421 1432
1422 1478
1423 1438
1424 1443
1425 1463
1426 1425
1427 1417
1428 1457
1429 1439
1430 1408
1431 1405
1432 1479
1433 1466
1434 1433
1435 1421
1436 1444
1437 1456
1438 1404
1439 1435
1440 1456
1441 1469
1442 1465
1443 1444
1444 1483
1445 1459
1446 1405
1447 1395
1448 1456
1449 1431
1450 1405
1451 1386
1452 1443
1453 1417
1454 1418
1455 1372
1456 1451
1457 1451
1458 1429
1459 1380
1460 1448
1461 1444
1462 1400
1463 1377
1464 1436
1465 1433
1466 1411
1467 1414
1468 1440
1469 1432
1470 1409
1471 1419
1472 1473
1473 1462
1474 1409
1475 1384
1476 1445
1477 1447
1478 1424
1479 1387
1480 1447
1481 1438
1482 1403
1483 1392
1484 1434
1485 1427
1486 1418
1487 1378
1488 1416
1489 1444
1490 1410
1491 1394
1492 1487
1493 1481
1494 1414
1495 1382
1496 1442
1497 1444
1498 1412
1499 1387
1500 1449
1501 1433
1502 1420
1503 1400
1504 1441
1505 1454
1506 1424
1507 1375
1508 1450
1509 1443
1510 1423
1511 1389
1512 1448
1513 1437
1514 1407
1515 1402
1516 1454
1517 1444
1518 1440
1519 1403
1520 1470
1521 1480
1522 1455
1523 1433
1524 1525
1525 1484
1526 1468
1527 1416
1528 1477
1529 1437
1530 1418
1531 1390
1532 1456
1533 1443
1534 1457
1535 1414
1536 1453
1537 1441
1538 1446
1539 1372
1540 1441
1541 1453
1542 1405
1543 1394
1544 1457
1545 1434
1546 1418
1547 1401
1548 1443
1549 1448
1550 1426
1551 1382
1552 1449
1553 1419
1554 1429
1555 1378
1556 1455
1557 1491
1558 1441
1559 1396
1560 1481
1561 1488
1562 1401
1563 1374
1564 1435
1565 1448
1566 1420
1567 1377
1568 1459
1569 1449
1570 1402
1571 1374
1572 1450
1573 1434
1574 1459
1575 1432
1576 1503
1577 1501
1578 1429
1579 1404
1580 1438
1581 1442
1582 1496
1583 1419
1584 1514
1585 1524
1586 1488
1587 1431
1588 1448
1589 1443
1590 1431
1591 1404
1592 1454
1593 1427
1594 1411
1595 1402
1596 1449
1597 1448
1598 1402
1599 1395
1600 1450
1601 1445
1602 1423
1603 1373
1604 1428
1605 1429
1606 1409
1607 1384
1608 1443
1609 1448
1610 1420
1611 1399
1612 1486
1613 1472
1614 1464
1615 1408
1616 1435
1617 1444
1618 1434
1619 1362
1620 1501
1621 1473
1622 1459
1623 1423
1624 1460
1625 1489
1626 1425
1627 1397
1628 1444
1629 1449
1630 1394
1631 1449
1632 1447
1633 1449
1634 1488
1635 1460
1636 1435
1637 1426
1638 1465
1639 1459
1640 1464
1641 1425
1642 1420
1643 1386
1644 1460
1645 1453
1646 1401
1647 1389
1648 1449
1649 1435
1650 1398
1651 1375
1652 1448
1653 1436
1654 1390
1655 1421
1656 1473
1657 1437
1658 1413
1659 1416
1660 1456
1661 1407
1662 1451
1663 1419
1664 1477
1665 1442
1666 1408
1667 1392
1668 1414
1669 1430
1670 1392
1671 1370
1672 1436
1673 1459
1674 1461
1675 1383
1676 1451
1677 1476
1678 1413
1679 1413
1680 1484
1681 1502
1682 1474
1683 1418
1684 1502
1685 1460
1686 1467
1687 1425
1688 1517
1689 1463
1690 1414
1691 1396
1692 1426
1693 1436
1694 1451
1695 1435
1696 1441
1697 1453
1698 1414
1699 1387
1700 1504
1701 1454
1702 1418
1703 1385
1704 1456
1705 1476
1706 1432
1707 1388
1708 1440
1709 1435
1710 1476
1711 1422
1712 1460
1713 1449
1714 1413
1715 1393
1716 1468
1717 1438
1718 1430
1719 1402
1720 1465
1721 1432
1722 1474
1723 1466
1724 1445
1725 1432
1726 1405
1727 1419
1728 1477
1729 1435
1730 1420
1731 1385
1732 1449
1733 1444
1734 1408
1735 1404
1736 1460
1737 1438
1738 1396
1739 1400
1740 1453
1741 1450
1742 1450
1743 1429
1744 1518
1745 1435
1746 1462
1747 1448
1748 1454
1749 1484
1750 1465
1751 1409
1752 1448
1753 1440
1754 1418
1755 1388
1756 1451
1757 1457
1758 1411
1759 1400
1760 1444
1761 1429
1762 1455
1763 1419
1764 1471
1765 1492
1766 1445
1767 1444
1768 1467
1769 1475
1770 1413
1771 1366
1772 1456
1773 1436
1774 1403
1775 1388
1776 1447
1777 1435
1778 1409
1779 1411
1780 1457
1781 1423
1782 1404
1783 1384
1784 1501
1785 1479
1786 1413
1787 1441
1788 1486
1789 1488
1790 1421
1791 1395
1792 1502
1793 1478
1794 1440
1795 1425
1796 1488
1797 1442
1798 1481
1799 1453
1800 1452
1801 1427
1802 1418
1803 1376
1804 1453
1805 1423
1806 1434
1807 1441
1808 1500
1809 1471
1810 1417
1811 1430
1812 1514
1813 1463
1814 1431
1815 1390
1816 1446
1817 1425
1818 1446
1819 1443
1820 1480
1821 1485
1822 1449
1823 1410
1824 1497
1825 1492
1826 1408
1827 1384
1828 1444
1829 1440
1830 1422
1831 1381
1832 1499
1833 1452
1834 1412
1835 1449
1836 1490
1837 1446
1838 1423
1839 1398
1840 1450
1841 1434
1842 1428
1843 1378
1844 1497
1845 1482
1846 1410
1847 1404
1848 1458
1849 1420
1850 1418
1851 1381
1852 1457
1853 1442
1854 1417
1855 1383
1856 1438
1857 1431
1858 1404
1859 1383
1860 1441
1861 1454
1862 1439
1863 1437
1864 1479
1865 1446
1866 1465
1867 1467
1868 1461
1869 1426
1870 1426
1871 1388
1872 1457
1873 1449
1874 1418
1875 1379
1876 1493
1877 1465
1878 1430
1879 1368
1880 1441
1881 1447
1882 1401
1883 1380
1884 1452
1885 1481
1886 1480
1887 1413
1888 1441
1889 1422
1890 1451
1891 1412
1892 1437
1893 1425
1894 1479
1895 1416
1896 1452
1897 1428
1898 1428
1899 1386
1900 1499
1901 1493
1902 1404
1903 1418
1904 1511
1905 1518
1906 1489
1907 1423
1908 1451
1909 1445
1910 1411
1911 1381
1912 1464
1913 1430
1914 1422
1915 1387
1916 1482
1917 1496
1918 1404
1919 1378
1920 1449
1921 1435
1922 1419
1923 1380
1924 1438
1925 1424
1926 1407
1927 1400
1928 1445
1929 1426
1930 1381
1931 1444
1932 1452
1933 1486
1934 1444
1935 1434
1936 1466
1937 1476
1938 1455
1939 1413
1940 1442
1941 1477
1942 1506
1943 1412
1944 1443
1945 1488
1946 1420
1947 1420
1948 1456
1949 1441
1950 1486
1951 1412
1952 1517
1953 1452
1954 1422
1955 1383
1956 1429
1957 1456
1958 1395
1959 1372
1960 1441
1961 1446
1962 1427
1963 1370
1964 1457
1965 1449
1966 1415
1967 1409
1968 1436
1969 1419
1970 1408
1971 1398
1972 1434
1973 1444
1974 1417
1975 1377
1976 1428
1977 1486
1978 1466
1979 1456
1980 1479
1981 1441
1982 1409
1983 1386
1984 1435
1985 1458
1986 1440
1987 1396
1988 1451
1989 1443
1990 1417
1991 1388
1992 1496
1993 1497
1994 1467
1995 1413
1996 1469
1997 1495
1998 1450
1999 1380
2000 1465
2001 1438
2002 1418
2003 1397
2004 1444
2005 1490
2006 1442
2007 1379
2008 1457
2009 1482
2010 1453
2011 1403
2012 1503
2013 1458
2014 1426
2015 1397
2016 1466
2017 1452
2018 1410
2019 1399
2020 1452
2021 1424
2022 1423
2023 1411
2024 1437
2025 1492
2026 1453
2027 1396
2028 1445
2029 1426
2030 1389
2031 1388
2032 1431
2033 1442
2034 1399
2035 1434
2036 1473
2037 1432
2038 1419
2039 1393
2040 1459
2041 1440
2042 1449
2043 1443
2044 1459
2045 1441
2046 1493
2047 1424
2048 1444
2049 1434
2050 1423
2051 1409
2052 1481
2053 1428
2054 1412
2055 1382
2056 1432
2057 1447
2058 1413
2059 1384
2060 1442
2061 1409
2062 1424
2063 1412
2064 1436
2065 1435
2066 1404
2067 1393
2068 1428
2069 1431
2070 1400
2071 1433
2072 1498
2073 1486
2074 1433
2075 1397
2076 1442
2077 1410
2078 1448
2079 1445
2080 1461
2081 1461
2082 1455
2083 1419
2084 1431
2085 1422
2086 1415
2087 1393
2088 1489
2089 1471
2090 1407
2091 1429
2092 1511
2093 1464
2094 1410
2095 1433
2096 1528
2097 1502
2098 1468
2099 1450
2100 1527
2101 1541
2102 1404
2103 1428
2104 1462
2105 1424
2106 1408
2107 1383
2108 1437
2109 1440
2110 1460
2111 1459
2112 1519
2113 1461
2114 1446
2115 1405
2116 1454
2117 1471
2118 1407
2119 1389
2120 1469
2121 1435
2122 1443
2123 1437
2124 1474
2125 1442
2126 1426
2127 1386
2128 1463
2129 1434
2130 1428
2131 1393
2132 1492
2133 1444
2134 1458
2135 1416
2136 1443
2137 1459
2138 1438
2139 1405
2140 1436
2141 1428
2142 1422
2143 1392
2144 1456
2145 1430
2146 1406
2147 1390
2148 1455
2149 1432
2150 1403
2151 1393
2152 1431
2153 1451
2154 1418
2155 1418
2156 1471
2157 1479
2158 1441
2159 1447
2160 1482
2161 1471
2162 1405
2163 1396
2164 1449
2165 1443
2166 1417
2167 1400
2168 1491
2169 1448
2170 1395
2171 1390
2172 1442
2173 1466
2174 1481
2175 1415
2176 1502
2177 1480
2178 1388
2179 1383
2180 1449
2181 1429
2182 1417
2183 1375
2184 1488
2185 1455
2186 1425
2187 1381
2188 1460
2189 1427
2190 1422
2191 1398
2192 1454
2193 1496
2194 1404
2195 1394
2196 1432
2197 1507
2198 1465
2199 1463
2200 1452
2201 1467
2202 1403
2203 1399
2204 1479
2205 1453
2206 1414
2207 1382
2208 1490
2209 1469
2210 1399
2211 1428
2212 1474
2213 1434
2214 1417
2215 1381
2216 1443
2217 1445
2218 1406
2219 1404
2220 1461
2221 1451
2222 1443
2223 1414
2224 1484
2225 1430
2226 1420
2227 1394
2228 1480
2229 1452
2230 1445
2231 1427
2232 1437
2233 1459
2234 1414
2235 1381
2236 1445
2237 1452
2238 1398
2239 1383
2240 1452
2241 1456
2242 1400
2243 1382
2244 1441
2245 1442
2246 1455
2247 1408
2248 1452
2249 1494
2250 1447
2251 1383
2252 1447
2253 1414
2254 1428
2255 1421
2256 1513
2257 1472
2258 1405
2259 1454
2260 1474
2261 1477
2262 1471
2263 1431
2264 1450
2265 1439
2266 1426
2267 1402
2268 1465
2269 1410
2270 1413
2271 1375
2272 1476
2273 1517
2274 1443
2275 1423
2276 1443
2277 1431
2278 1421
2279 1422
2280 1438
2281 1421
2282 1413
2283 1375
2284 1450
2285 1501
2286 1413
2287 1388
2288 1440
2289 1447
2290 1404
2291 1367
2292 1442
2293 1442
2294 1480
2295 1443
2296 1495
2297 1510
2298 1410
2299 1405
2300 1443
2301 1443
2302 1410
2303 1385
2304 1447
2305 1461
2306 1417
2307 1383
2308 1475
2309 1427
2310 1457
2311 1456
2312 1507
2313 1453
2314 1447
2315 1400
2316 1452
2317 1510
2318 1444
2319 1379
2320 1446
2321 1449
2322 1425
2323 1405
2324 1446
2325 1427
2326 1458
2327 1387
2328 1475
2329 1432
2330 1404
2331 1403
2332 1446
2333 1435
2334 1428
2335 1387
2336 1446
2337 1431
2338 1394
2339 1385
2340 1450
2341 1444
2342 1411
2343 1363
2344 1448
2345 1440
2346 1425
2347 1373
2348 1455
2349 1484
2350 1405
2351 1396
2352 1498
2353 1419
2354 1410
2355 1386
2356 1450
2357 1437
2358 1395
2359 1389
2360 1448
2361 1447
2362 1465
2363 1429
2364 1446
2365 1439
2366 1430
2367 1396
2368 1416
2369 1482
2370 1434
2371 1384
2372 1535
2373 1464
2374 1414
2375 1390
2376 1421
2377 1422
2378 1426
2379 1391
2380 1466
2381 1432
2382 1406
2383 1392
2384 1460
2385 1409
2386 1423
2387 1381
2388 1511
2389 1513
2390 1441
2391 1456
2392 1447
2393 1433
2394 1416
2395 1377
2396 1451
2397 1430
2398 1416
2399 1418
2400 1451
2401 1448
2402 1448
2403 1405
2404 1479
2405 1436
2406 1408
2407 1388
2408 1441
2409 1441
2410 1430
2411 1405
2412 1450
2413 1416
2414 1415
2415 1375
2416 1461
2417 1442
2418 1429
2419 1438
2420 1455
2421 1440
2422 1411
2423 1444
2424 1458
2425 1482
2426 1453
2427 1429
2428 1434
2429 1442
2430 1405
2431 1393
2432 1457
2433 1487
2434 1417
2435 1383
2436 1467
2437 1447
2438 1420
2439 1382
2440 1440
2441 1434
2442 1421
2443 1385
2444 1435
2445 1445
2446 1399
2447 1383
2448 1436
2449 1438
2450 1406
2451 1391
2452 1432
2453 1441
2454 1406
2455 1405
2456 1451
2457 1407
2458 1416
2459 1422
2460 1513
2461 1509
2462 1440
2463 1426
2464 1524
2465 1471
2466 1431
2467 1379
2468 1446
2469 1457
2470 1413
2471 1380
2472 1464
2473 1445
2474 1480
2475 1461
2476 1475
2477 1491
2478 1433
2479 1430
2480 1520
2481 1466
2482 1460
2483 1460
2484 1492
2485 1445
2486 1415
2487 1387
2488 1502
2489 1441
2490 1458
2491 1467
2492 1462
2493 1446
2494 1399
2495 1375
2496 1434
2497 1464
2498 1427
2499 1410
2500 1517
2501 1481
2502 1414
2503 1382
2504 1478
2505 1467
2506 1411
2507 1391
2508 1434
2509 1428
2510 1416
2511 1396
2512 1426
2513 1427
2514 1473
2515 1455
2516 1507
2517 1517
2518 1483
2519 1455
2520 1514
2521 1503
2522 1441
2523 1381
2524 1442
2525 1423
2526 1414
2527 1393
2528 1463
2529 1442
2530 1453
2531 1424
2532 1516
2533 1480
2534 1407
2535 1445
2536 1451
2537 1434
2538 1405
2539 1375
2540 1444
2541 1427
2542 1407
2543 1388
2544 1441
2545 1450
2546 1418
2547 1386
2548 1441
2549 1423
2550 1418
2551 1373
2552 1416
2553 1440
2554 1421
2555 1375
2556 1423
2557 1422
2558 1414
2559 1377
2560 1450
2561 1435
2562 1407
2563 1386
2564 1435
2565 1444
2566 1423
2567 1418
2568 1446
2569 1443
2570 1428
2571 1381
2572 1442
2573 1443
2574 1402
2575 1395
2576 1439
2577 1422
2578 1417
2579 1431
2580 1463
2581 1430
2582 1433
2583 1376
2584 1457
2585 1453
2586 1402
2587 1377
2588 1426
2589 1499
2590 1422
2591 1391
2592 1453
2593 1418
2594 1461
2595 1424
2596 1479
2597 1463
2598 1414
2599 1384
2600 1441
2601 1437
2602 1451
2603 1412
2604 1447
2605 1462
2606 1405
2607 1376
2608 1454
2609 1435
2610 1414
2611 1388
2612 1466
2613 1426
2614 1409
2615 1378
2616 1483
2617 1436
2618 1429
2619 1374
2620 1445
2621 1454
2622 1397
2623 1379
2624 1439
2625 1446
2626 1439
2627 1383
2628 1492
2629 1454
2630 1384
2631 1393
2632 1494
2633 1440
2634 1419
2635 1413
2636 1442
2637 1439
2638 1417
2639 1393
2640 1464
2641 1434
2642 1419
2643 1374
2644 1503
2645 1514
2646 1415
2647 1381
2648 1453
2649 1462
2650 1429
2651 1377
2652 1440
2653 1434
2654 1416
2655 1387
2656 1438
2657 1443
2658 1419
2659 1387
2660 1446
2661 1435
2662 1421
2663 1383
2664 1443
2665 1443
2666 1409
2667 1399
2668 1501
2669 1462
2670 1465
2671 1460
2672 1472
2673 1477
2674 1464
2675 1458
2676 1502
2677 1449
2678 1438
2679 1392
2680 1453
2681 1436
2682 1415
2683 1388
2684 1471
2685 1438
2686 1454
2687 1389
2688 1478
2689 1490
2690 1422
2691 1393
2692 1463
2693 1481
2694 1410
2695 1410
2696 1476
2697 1418
2698 1444
2699 1415
2700 1470
2701 1454
2702 1414
2703 1388
2704 1444
2705 1444
2706 1407
2707 1401
2708 1439
2709 1449
2710 1433
2711 1438
2712 1499
2713 1517
2714 1444
2715 1458
2716 1507
2717 1455
2718 1405
2719 1377
2720 1447
2721 1461
2722 1406
2723 1377
2724 1437
2725 1489
2726 1420
2727 1403
2728 1439
2729 1427
2730 1407
2731 1371
2732 1469
2733 1444
2734 1441
2735 1402
2736 1473
2737 1512
2738 1425
2739 1387
2740 1444
2741 1429
2742 1409
2743 1386
2744 1442
2745 1455
2746 1388
2747 1372
2748 1453
2749 1439
2750 1421
2751 1384
2752 1442
2753 1457
2754 1399
2755 1403
2756 1457
2757 1426
2758 1490
2759 1452
2760 1463
2761 1438
2762 1404
2763 1360
2764 1449
2765 1435
2766 1437
2767 1378
2768 1432
2769 1451
2770 1408
2771 1386
2772 1445
2773 1430
2774 1408
2775 1390
2776 1443
2777 1435
2778 1415
2779 1373
2780 1441
2781 1420
2782 1415
2783 1372
2784 1477
2785 1434
2786 1493
2787 1463
2788 1430
2789 1456
2790 1420
2791 1380
2792 1447
2793 1432
2794 1426
2795 1398
2796 1466
2797 1476
2798 1412
2799 1452
2800 1472
2801 1437
2802 1455
2803 1458
2804 1497
2805 1506
2806 1476
2807 1424
2808 1428
2809 1433
2810 1415
2811 1375
2812 1440
2813 1437
2814 1438
2815 1380
2816 1448
2817 1443
2818 1425
2819 1401
2820 1436
2821 1420
2822 1408
2823 1445
2824 1530
2825 1506
2826 1478
2827 1418
2828 1441
2829 1431
2830 1407
2831 1383
2832 1432
2833 1440
2834 1437
2835 1390
2836 1468
2837 1499
2838 1399
2839 1392
2840 1437
2841 1432
2842 1406
2843 1385
2844 1453
2845 1448
2846 1416
2847 1380
2848 1453
2849 1443
2850 1423
2851 1384
2852 1435
2853 1443
2854 1421
2855 1371
2856 1485
2857 1496
2858 1426
2859 1398
2860 1448
2861 1437
2862 1462
2863 1433
2864 1471
2865 1441
2866 1417
2867 1382
2868 1436
2869 1432
2870 1406
2871 1401
2872 1443
2873 1429
2874 1472
2875 1451
2876 1514
2877 1476
2878 1481
2879 1412
2880 1433
2881 1475
2882 1398
2883 1375
2884 1466
2885 1429
2886 1428
2887 1383
2888 1447
2889 1433
2890 1413
2891 1382
2892 1448
2893 1441
2894 1395
2895 1407
2896 1464
2897 1438
2898 1468
2899 1462
2900 1450
2901 1423
2902 1422
2903 1428
2904 1482
2905 1446
2906 1410
2907 1386
2908 1447
2909 1432
2910 1424
2911 1374
2912 1437
2913 1450
2914 1418
2915 1388
2916 1440
2917 1443
2918 1423
2919 1419
2920 1459
2921 1453
2922 1445
2923 1386
2924 1499
2925 1473
2926 1422
2927 1388
2928 1441
2929 1417
2930 1408
2931 1398
2932 1456
2933 1447
2934 1410
2935 1380
2936 1436
2937 1490
2938 1469
2939 1452
2940 1461
2941 1460
2942 1390
2943 1382
2944 1444
2945 1442
2946 1403
2947 1380
2948 1444
2949 1456
2950 1500
2951 1406
2952 1455
2953 1425
2954 1415
2955 1394
2956 1448
2957 1433
2958 1395
2959 1388
2960 1470
2961 1444
2962 1442
2963 1417
2964 1459
2965 1450
2966 1429
2967 1390
2968 1450
2969 1432
2970 1405
2971 1375
2972 1455
2973 1429
2974 1387
2975 1393
2976 1451
2977 1430
2978 1418
2979 1374
2980 1454
2981 1450
2982 1412
2983 1377
2984 1457
2985 1467
2986 1413
2987 1379
2988 1446
2989 1464
2990 1414
2991 1429
2992 1444
2993 1430
2994 1425
2995 1395
2996 1445
2997 1408
2998 1426
2999 1368
3000 1478
3001 1428
3002 1414
3003 1387
3004 1446
3005 1525
3006 1430
3007 1521
3008 1487
3009 1477
3010 1430
3011 1392
3012 1448
3013 1443
3014 1430
3015 1412
3016 1481
3017 1444
3018 1427
3019 1388
3020 1533
3021 1488
3022 1427
3023 1411
3024 1539
3025 1503
3026 1447
3027 1452
3028 1467
3029 1478
3030 1496
3031 1463
3032 1482
3033 1442
3034 1413
3035 1415
3036 1441
3037 1430
3038 1428
3039 1380
3040 1439
3041 1442
3042 1435
3043 1383
3044 1432
3045 1432
3046 1429
3047 1375
3048 1429
3049 1451
3050 1452
3051 1433
3052 1462
3053 1446
3054 1441
3055 1416
3056 1453
3057 1464
3058 1452
3059 1391
3060 1447
3061 1445
3062 1391
3063 1386
3064 1433
3065 1431
3066 1414
3067 1380
3068 1439
3069 1492
3070 1446
3071 1410
3072 1449
3073 1461
3074 1423
3075 1405
3076 1451
3077 1440
3078 1396
3079 1378
3080 1449
3081 1472
3082 1414
3083 1387
3084 1457
3085 1439
3086 1423
3087 1391
3088 1469
3089 1441
3090 1415
3091 1382
3092 1431
3093 1430
3094 1416
3095 1410
3096 1458
3097 1450
3098 1429
3099 1377
3100 1446
3101 1479
3102 1427
3103 1382
3104 1446
3105 1440
3106 1430
3107 1409
3108 1449
3109 1449
3110 1411
3111 1414
3112 1458
3113 1446
3114 1480
3115 1484
3116 1471
3117 1466
3118 1437
3119 1427
3120 1480
3121 1437
3122 1410
3123 1380
3124 1456
3125 1458
3126 1428
3127 1462
3128 1481
3129 1434
3130 1432
3131 1412
3132 1455
3133 1448
3134 1425
3135 1407
3136 1468
3137 1454
3138 1462
3139 1429
3140 1432
3141 1433
3142 1458
3143 1429
3144 1445
3145 1450
3146 1422
3147 1375
3148 1523
3149 1464
3150 1400
3151 1370
3152 1479
3153 1449
3154 1430
3155 1385
3156 1517
3157 1489
3158 1416
3159 1402
3160 1446
3161 1494
3162 1465
3163 1411
3164 1476
3165 1458
3166 1424
3167 1391
3168 1443
3169 1496
3170 1407
3171 1386
3172 1448
3173 1459
3174 1407
3175 1396
3176 1442
3177 1461
3178 1415
3179 1409
3180 1497
3181 1470
3182 1482
3183 1467
3184 1492
3185 1486
3186 1418
3187 1376
3188 1460
3189 1448
3190 1408
3191 1385
3192 1435
3193 1441
3194 1415
3195 1392
3196 1452
3197 1426
3198 1422
3199 1421
3200 1475
3201 1485
3202 1433
3203 1394
3204 1461
3205 1408
3206 1432
3207 1405
3208 1455
3209 1506
3210 1463
3211 1463
3212 1477
3213 1437
3214 1426
3215 1388
3216 1450
3217 1436
3218 1426
3219 1408
3220 1445
3221 1458
3222 1415
3223 1438
3224 1483
3225 1437
3226 1459
3227 1425
3228 1489
3229 1521
3230 1506
3231 1436
3232 1462
3233 1454
3234 1500
3235 1412
3236 1450
3237 1459
3238 1420
3239 1395
3240 1444
3241 1440
3242 1431
3243 1389
3244 1448
3245 1460
3246 1430
3247 1391
3248 1442
3249 1450
3250 1405
3251 1373
3252 1502
3253 1477
3254 1425
3255 1408
3256 1455
3257 1490
3258 1460
3259 1463
3260 1471
3261 1487
3262 1437
3263 1374
3264 1492
3265 1451
3266 1422
3267 1419
3268 1452
3269 1444
3270 1440
3271 1445
3272 1475
3273 1445
3274 1411
3275 1383
3276 1450
3277 1438
3278 1445
3279 1399
3280 1452
3281 1436
3282 1485
3283 1444
3284 1467
3285 1446
3286 1405
3287 1442
3288 1524
3289 1466
3290 1427
3291 1378
3292 1460
3293 1447
3294 1417
3295 1378
3296 1445
3297 1436
3298 1441
3299 1402
3300 1443
3301 1440
3302 1440
3303 1416
3304 1449
3305 1442
3306 1412
3307 1424
3308 1460
3309 1466
3310 1433
3311 1399
3312 1437
3313 1495
3314 1485
3315 1420
3316 1492
3317 1527
3318 1468
3319 1438
3320 1465
3321 1452
3322 1410
3323 1406
3324 1497
3325 1505
3326 1413
3327 1454
3328 1451
3329 1442
3330 1426
3331 1384
3332 1422
3333 1439
3334 1503
3335 1420
3336 1454
3337 1435
3338 1423
3339 1404
3340 1451
3341 1445
3342 1474
3343 1461
3344 1457
3345 1431
3346 1419
3347 1397
3348 1459
3349 1476
3350 1443
3351 1389
3352 1512
3353 1522
3354 1487
3355 1426
3356 1447
3357 1460
3358 1491
3359 1440
3360 1451
3361 1447
3362 1479
3363 1476
3364 1481
3365 1505
3366 1445
3367 1374
3368 1449
3369 1491
3370 1407
3371 1385
3372 1459
3373 1446
3374 1459
3375 1390
3376 1453
3377 1451
3378 1429
3379 1401
3380 1454
3381 1430
3382 1422
3383 1417
3384 1465
3385 1432
3386 1409
3387 1383
3388 1542
3389 1506
3390 1405
3391 1397
3392 1456
3393 1436
3394 1425
3395 1395
3396 1494
3397 1468
3398 1419
3399 1438
3400 1484
3401 1437
3402 1433
3403 1393
3404 1434
3405 1503
3406 1485
3407 1427
3408 1506
3409 1469
3410 1483
3411 1431
3412 1454
3413 1443
3414 1415
3415 1387
3416 1469
3417 1437
3418 1415
3419 1386
3420 1455
3421 1447
3422 1482
3423 1423
3424 1448
3425 1427
3426 1444
3427 1474
3428 1486
3429 1489
3430 1447
3431 1399
3432 1433
3433 1461
3434 1421
3435 1402
3436 1442
3437 1426
3438 1428
3439 1399
3440 1449
3441 1441
3442 1418
3443 1386
3444 1448
3445 1442
3446 1418
3447 1444
3448 1455
3449 1436
3450 1418
3451 1415
3452 1462
3453 1448
3454 1425
3455 1391
3456 1482
3457 1476
3458 1438
3459 1429
3460 1483
3461 1424
3462 1493
3463 1450
3464 1467
3465 1433
3466 1457
3467 1471
3468 1468
3469 1498
3470 1404
3471 1389
3472 1519
3473 1501
3474 1450
3475 1387
3476 1465
3477 1429
3478 1409
3479 1411
3480 1452
3481 1454
3482 1426
3483 1402
3484 1446
3485 1432
3486 1408
3487 1399
3488 1445
3489 1442
3490 1409
3491 1386
3492 1506
3493 1524
3494 1438
3495 1458
3496 1475
3497 1453
3498 1447
3499 1421
3500 1454
3501 1442
3502 1407
3503 1387
3504 1458
3505 1416
3506 1417
3507 1378
3508 1433
3509 1426
3510 1415
3511 1392
3512 1450
3513 1436
3514 1419
3515 1391
3516 1441
3517 1441
3518 1459
3519 1450
3520 1488
3521 1435
3522 1456
3523 1389
3524 1423
3525 1497
3526 1439
3527 1420
3528 1458
3529 1435
3530 1408
3531 1405
3532 1543
3533 1518
3534 1488
3535 1466
3536 1474
3537 1455
3538 1428
3539 1399
3540 1488
3541 1501
3542 1472
3543 1482
3544 1469
3545 1467
3546 1395
3547 1411
3548 1429
3549 1434
3550 1416
3551 1402
3552 1458
3553 1460
3554 1432
3555 1417
3556 1451
3557 1456
3558 1420
3559 1399
3560 1454
3561 1420
3562 1441
3563 1484
3564 1478
3565 1448
3566 1470
3567 1441
3568 1528
3569 1480
3570 1435
3571 1410
3572 1451
3573 1448
3574 1460
3575 1407
3576 1496
3577 1447
3578 1456
3579 1394
3580 1524
3581 1477
3582 1479
3583 1447
3584 1464
3585 1449
3586 1386
3587 1382
3588 1442
3589 1453
3590 1433
3591 1411
3592 1467
3593 1443
3594 1414
3595 1378
3596 1507
3597 1461
3598 1455
3599 1445
3600 1472
3601 1452
3602 1411
3603 1403
3604 1461
3605 1430
3606 1402
3607 1386
3608 1459
3609 1443
3610 1437
3611 1408
3612 1457
3613 1458
3614 1419
3615 1415
3616 1447
3617 1485
3618 1484
3619 1429
3620 1517
3621 1453
3622 1432
3623 1401
3624 1454
3625 1442
3626 1471
3627 1484
3628 1529
3629 1491
3630 1394
3631 1391
3632 1465
3633 1467
3634 1430
3635 1401
3636 1471
3637 1452
3638 1497
3639 1412
3640 1462
3641 1427
3642 1414
3643 1423
3644 1510
3645 1507
3646 1466
3647 1460
3648 1545
3649 1514
3650 1481
3651 1477
3652 1490
3653 1444
3654 1425
3655 1397
3656 1451
3657 1443
3658 1423
3659 1404
3660 1489
3661 1458
3662 1428
3663 1438
3664 1478
3665 1434
3666 1425
3667 1395
3668 1460
3669 1430
3670 1417
3671 1417
3672 1467
3673 1434
3674 1396
3675 1398
3676 1456
3677 1441
3678 1418
3679 1394
3680 1457
3681 1435
3682 1431
3683 1374
3684 1469
3685 1462
3686 1453
3687 1431
3688 1463
3689 1437
3690 1414
3691 1408
3692 1450
3693 1411
3694 1406
3695 1425
3696 1464
3697 1433
3698 1390
3699 1410
3700 1442
3701 1424
3702 1510
3703 1419
3704 1451
3705 1431
3706 1427
3707 1435
3708 1538
3709 1468
3710 1426
3711 1436
3712 1489
3713 1467
3714 1428
3715 1390
3716 1446
3717 1445
3718 1441
3719 1398
3720 1447
3721 1433
3722 1413
3723 1382
3724 1461
3725 1507
3726 1445
3727 1389
3728 1459
3729 1455
3730 1417
3731 1370
3732 1442
3733 1430
3734 1422
3735 1385
3736 1441
3737 1495
3738 1460
3739 1450
3740 1483
3741 1497
3742 1412
3743 1380
3744 1428
3745 1455
3746 1411
3747 1390
3748 1431
3749 1442
3750 1408
3751 1397
3752 1485
3753 1513
3754 1419
3755 1375
3756 1508
3757 1529
3758 1435
3759 1445
3760 1529
3761 1509
3762 1452
3763 1456
3764 1488
3765 1443
3766 1416
3767 1455
3768 1483
3769 1438
3770 1417
3771 1441
3772 1497
3773 1439
3774 1433
3775 1380
3776 1455
3777 1418
3778 1394
3779 1399
3780 1459
3781 1444
3782 1465
3783 1387
3784 1445
3785 1440
3786 1416
3787 1410
3788 1462
3789 1426
3790 1440
3791 1403
3792 1485
3793 1440
3794 1424
3795 1388
3796 1463
3797 1442
3798 1418
3799 1438
3800 1461
3801 1432
3802 1423
3803 1388
3804 1451
3805 1460
3806 1411
3807 1392
3808 1446
3809 1461
3810 1445
3811 1468
3812 1467
3813 1443
3814 1455
3815 1435
3816 1459
3817 1465
3818 1423
3819 1377
3820 1455
3821 1431
3822 1405
3823 1415
3824 1447
3825 1488
3826 1430
3827 1381
3828 1463
3829 1430
3830 1416
3831 1415
3832 1443
3833 1473
3834 1433
3835 1456
3836 1460
3837 1474
3838 1448
3839 1442
3840 1468
3841 1438
3842 1469
3843 1418
3844 1484
3845 1510
3846 1423
3847 1392
3848 1454
3849 1451
3850 1409
3851 1398
3852 1470
3853 1433
3854 1460
3855 1419
3856 1431
3857 1460
3858 1449
3859 1375
3860 1437
3861 1414
3862 1416
3863 1387
3864 1450
3865 1430
3866 1418
3867 1403
3868 1461
3869 1443
3870 1423
3871 1410
3872 1462
3873 1460
3874 1401
3875 1386
3876 1462
3877 1454
3878 1418
3879 1408
3880 1506
3881 1461
3882 1423
3883 1405
3884 1469
3885 1449
3886 1410
3887 1391
3888 1443
3889 1454
3890 1404
3891 1382
3892 1452
3893 1447
3894 1428
3895 1400
3896 1459
3897 1461
3898 1420
3899 1386
3900 1458
3901 1416
3902 1477
3903 1432
3904 1461
3905 1452
3906 1402
3907 1379
3908 1515
3909 1472
3910 1466
3911 1398
3912 1461
3913 1443
3914 1439
3915 1389
3916 1441
3917 1446
3918 1409
3919 1416
3920 1452
3921 1429
3922 1421
3923 1392
3924 1463
3925 1438
3926 1391
3927 1403
3928 1472
3929 1437
3930 1429
3931 1426
3932 1474
3933 1455
3934 1402
3935 1424
3936 1477
3937 1436
3938 1411
3939 1406
3940 1469
3941 1452
3942 1419
3943 1389
3944 1462
3945 1454
3946 1488
3947 1455
3948 1463
3949 1485
3950 1435
3951 1409
3952 1496
3953 1489
3954 1406
3955 1399
3956 1486
3957 1497
3958 1462
3959 1423
3960 1473
3961 1443
3962 1407
3963 1384
3964 1449
3965 1453
3966 1415
3967 1402
3968 1449
3969 1428
3970 1412
3971 1402
3972 1469
3973 1483
3974 1412
3975 1384
3976 1459
3977 1489
3978 1395
3979 1379
3980 1450
3981 1442
3982 1423
3983 1392
3984 1459
3985 1449
3986 1394
3987 1381
3988 1505
3989 1492
3990 1444
3991 1455
3992 1477
3993 1444
3994 1408
3995 1396
3996 1487
3997 1474
3998 1469
3999 1479
4000 1482
4001 1457
4002 1413
4003 1404
4004 1477
4005 1434
4006 1429
4007 1416
4008 1444
4009 1447
4010 1435
4011 1389
4012 1452
4013 1454
4014 1420
4015 1392
4016 1451
4017 1466
4018 1415
4019 1411
4020 1485
4021 1466
4022 1428
4023 1388
4024 1506
4025 1483
4026 1402
4027 1386
4028 1467
4029 1451
4030 1465
4031 1473
4032 1460
4033 1438
4034 1421
4035 1395
4036 1522
4037 1458
4038 1415
4039 1388
4040 1497
4041 1518
4042 1424
4043 1407
4044 1456
4045 1490
4046 1441
4047 1387
4048 1451
4049 1461
4050 1405
4051 1394
4052 1422
4053 1447
4054 1399
4055 1467
4056 1473
4057 1449
4058 1478
4059 1423
4060 1454
4061 1446
4062 1418
4063 1395
4064 1452
4065 1436
4066 1407
4067 1396
4068 1443
4069 1459
4070 1437
4071 1450
4072 1518
4073 1523
4074 1491
4075 1481
4076 1477
4077 1466
4078 1414
4079 1410
4080 1424
4081 1454
4082 1415
4083 1371
4084 1461
4085 1442
4086 1414
4087 1384
4088 1454
4089 1444
4090 1424
4091 1455
4092 1482
4093 1445
4094 1432
4095 1383
4096 1450
4097 1450
4098 1436
4099 1404
4100 1457
4101 1431
4102 1418
4103 1402
4104 1458
4105 1464
4106 1446
4107 1397
4108 1501
4109 1508
4110 1484
4111 1405
4112 1459
4113 1446
4114 1405
4115 1405
4116 1455
4117 1522
4118 1510
4119 1416
4120 1438
4121 1453
4122 1397
4123 1402
4124 1457
4125 1452
4126 1418
4127 1409
4128 1494
4129 1468
4130 1419
4131 1454
4132 1471
4133 1453
4134 1433
4135 1386
4136 1454
4137 1447
4138 1470
4139 1423
4140 1454
4141 1449
4142 1414
4143 1429
4144 1463
4145 1443
4146 1413
4147 1421
4148 1518
4149 1473
4150 1421
4151 1435
4152 1484
4153 1441
4154 1419
4155 1407
4156 1456
4157 1438
4158 1439
4159 1392
4160 1440
4161 1444
4162 1409
4163 1388
4164 1456
4165 1451
4166 1460
4167 1442
4168 1467
4169 1481
4170 1496
4171 1472
4172 1472
4173 1432
4174 1470
4175 1490
4176 1525
4177 1511
4178 1490
4179 1418
4180 1507
4181 1465
4182 1414
4183 1405
4184 1453
4185 1453
4186 1412
4187 1453
4188 1469
4189 1515
4190 1448
4191 1393
4192 1503
4193 1453
4194 1448
4195 1404
4196 1426
4197 1435
4198 1423
4199 1409
4200 1457
4201 1444
4202 1487
4203 1436
4204 1528
4205 1473
4206 1431
4207 1410
4208 1486
4209 1442
4210 1405
4211 1397
4212 1503
4213 1469
4214 1419
4215 1395
4216 1451
4217 1453
4218 1472
4219 1441
4220 1455
4221 1453
4222 1430
4223 1442
4224 1445
4225 1431
4226 1417
4227 1424
4228 1443
4229 1439
4230 1418
4231 1399
4232 1500
4233 1504
4234 1417
4235 1442
4236 1512
4237 1481
4238 1413
4239 1454
4240 1494
4241 1461
4242 1414
4243 1396
4244 1449
4245 1447
4246 1415
4247 1408
4248 1527
4249 1437
4250 1411
4251 1384
4252 1455
4253 1422
4254 1407
4255 1393
4256 1446
4257 1439
4258 1435
4259 1389
4260 1443
4261 1447
4262 1405
4263 1395
4264 1464
4265 1444
4266 1410
4267 1399
4268 1528
4269 1500
4270 1434
4271 1453
4272 1530
4273 1478
4274 1472
4275 1460
4276 1480
4277 1439
4278 1425
4279 1381
4280 1463
4281 1436
4282 1407
4283 1436
4284 1504
4285 1512
4286 1415
4287 1398
4288 1456
4289 1457
4290 1415
4291 1424
4292 1476
4293 1518
4294 1427
4295 1404
4296 1439
4297 1439
4298 1427
4299 1384
4300 1464
4301 1443
4302 1412
4303 1393
4304 1454
4305 1449
4306 1382
4307 1369
4308 1494
4309 1486
4310 1429
4311 1383
4312 1445
4313 1429
4314 1401
4315 1360
4316 1438
4317 1447
4318 1425
4319 1384
4320 1462
4321 1471
4322 1416
4323 1354
4324 1468
4325 1421
4326 1439
4327 1393
4328 1448
4329 1436
4330 1484
4331 1483
4332 1486
4333 1474
4334 1441
4335 1388
4336 1456
4337 1492
4338 1481
4339 1423
4340 1441
4341 1435
4342 1414
4343 1382
4344 1452
4345 1465
4346 1427
4347 1398
4348 1432
4349 1439
4350 1446
4351 1432
4352 1466
4353 1479
4354 1428
4355 1388
4356 1459
4357 1437
4358 1423
4359 1412
4360 1463
4361 1438
4362 1433
4363 1396
4364 1479
4365 1444
4366 1419
4367 1400
4368 1443
4369 1471
4370 1432
4371 1395
4372 1477
4373 1441
4374 1402
4375 1433
4376 1526
4377 1519
4378 1417
4379 1394
4380 1447
4381 1436
4382 1426
4383 1382
4384 1470
4385 1440
4386 1413
4387 1409
4388 1446
4389 1445
4390 1411
4391 1419
4392 1450
4393 1439
4394 1430
4395 1409
4396 1456
4397 1450
4398 1425
4399 1402
4400 1454
4401 1427
4402 1419
4403 1469
4404 1459
4405 1413
4406 1425
4407 1395
4408 1449
4409 1497
4410 1491
4411 1459
4412 1468
4413 1452
4414 1427
4415 1396
4416 1427
4417 1441
4418 1407
4419 1366
4420 1465
4421 1433
4422 1414
4423 1396
4424 1452
4425 1434
4426 1429
4427 1389
4428 1494
4429 1478
4430 1409
4431 1378
4432 1466
4433 1459
4434 1411
4435 1433
4436 1514
4437 1463
4438 1438
4439 1410
4440 1457
4441 1445
4442 1416
4443 1407
4444 1454
4445 1445
4446 1396
4447 1397
4448 1513
4449 1513
4450 1408
4451 1379
4452 1443
4453 1478
4454 1447
4455 1479
4456 1459
4457 1455
4458 1407
4459 1403
4460 1449
4461 1491
4462 1504
4463 1468
4464 1468
4465 1482
4466 1475
4467 1405
4468 1476
4469 1465
4470 1420
4471 1388
4472 1507
4473 1496
4474 1413
4475 1390
4476 1448
4477 1438
4478 1482
4479 1418
4480 1454
4481 1452
4482 1429
4483 1443
4484 1480
4485 1432
4486 1411
4487 1388
4488 1461
4489 1465
4490 1462
4491 1381
4492 1447
4493 1448
4494 1493
4495 1454
4496 1445
4497 1490
4498 1438
4499 1451
4500 1510
4501 1474
4502 1414
4503 1412
4504 1453
4505 1435
4506 1420
4507 1393
4508 1505
4509 1486
4510 1410
4511 1437
4512 1508
4513 1451
4514 1426
4515 1382
4516 1460
4517 1441
4518 1491
4519 1481
4520 1525
4521 1483
4522 1416
4523 1392
4524 1450
4525 1442
4526 1422
4527 1396
4528 1458
4529 1457
4530 1412
4531 1403
4532 1457
4533 1431
4534 1450
4535 1432
4536 1464
4537 1431
4538 1416
4539 1383
4540 1455
4541 1438
4542 1413
4543 1408
4544 1509
4545 1573
4546 1457
4547 1436
4548 1521
4549 1466
4550 1484
4551 1409
4552 1448
4553 1450
4554 1483
4555 1460
4556 1478
4557 1436
4558 1414
4559 1407
4560 1508
4561 1508
4562 1482
4563 1435
4564 1454
4565 1452
4566 1411
4567 1466
4568 1483
4569 1440
4570 1412
4571 1448
4572 1460
4573 1452
4574 1500
4575 1446
4576 1461
4577 1435
4578 1422
4579 1383
4580 1488
4581 1452
4582 1455
4583 1459
4584 1459
4585 1510
4586 1407
4587 1383
4588 1469
4589 1448
4590 1486
4591 1466
4592 1458
4593 1434
4594 1434
4595 1374
4596 1435
4597 1495
4598 1472
4599 1469
4600 1475
4601 1441
4602 1425
4603 1385
4604 1460
4605 1448
4606 1395
4607 1390
4608 1495
4609 1497
4610 1463
4611 1451
4612 1431
4613 1446
4614 1415
4615 1446
4616 1468
4617 1432
4618 1408
4619 1427
4620 1467
4621 1468
4622 1416
4623 1402
4624 1450
4625 1442
4626 1417
4627 1447
4628 1476
4629 1429
4630 1476
4631 1409
4632 1525
4633 1481
4634 1416
4635 1396
4636 1437
4637 1452
4638 1439
4639 1427
4640 1429
4641 1423
4642 1420
4643 1388
4644 1448
4645 1453
4646 1412
4647 1413
4648 1463
4649 1460
4650 1480
4651 1482
4652 1446
4653 1499
4654 1456
4655 1427
4656 1471
4657 1469
4658 1452
4659 1414
4660 1466
4661 1443
4662 1430
4663 1402
4664 1478
4665 1301
4666 1394
4667 1412
4668 1452
4669 1440
4670 1474
4671 1410
4672 1454
4673 1453
4674 1449
4675 1422
4676 1521
4677 1460
4678 1484
4679 1424
4680 1443
4681 1447
4682 1487
4683 1463
4684 1493
4685 1452
4686 1413
4687 1391
4688 1495
4689 1463
4690 1479
4691 1444
4692 1469
4693 1432
4694 1413
4695 1397
4696 1456
4697 1436
4698 1419
4699 1382
4700 1446
4701 1450
4702 1408
4703 1414
4704 1503
4705 1464
4706 1423
4707 1385
4708 1456
4709 1458
4710 1456
4711 1395
4712 1449
4713 1432
4714 1429
4715 1386
4716 1454
4717 1444
4718 1412
4719 1411
4720 1450
4721 1465
4722 1413
4723 1399
4724 1439
4725 1437
4726 1428
4727 1391
4728 1474
4729 1440
4730 1422
4731 1419
4732 1487
4733 1478
4734 1414
4735 1403
4736 1437
4737 1440
4738 1424
4739 1392
4740 1493
4741 1458
4742 1419
4743 1385
4744 1439
4745 1434
4746 1397
4747 1427
4748 1465
4749 1435
4750 1422
4751 1394
4752 1438
4753 1432
4754 1422
4755 1397
4756 1452
4757 1491
4758 1498
4759 1431
4760 1452
4761 1437
4762 1419
4763 1392
4764 1508
4765 1488
4766 1405
4767 1397
4768 1465
4769 1478
4770 1456
4771 1446
4772 1456
4773 1441
4774 1421
4775 1392
4776 1444
4777 1447
4778 1428
4779 1383
4780 1465
4781 1490
4782 1459
4783 1422
4784 1463
4785 1459
4786 1461
4787 1416
4788 1485
4789 1455
4790 1435
4791 1442
4792 1483
4793 1455
4794 1459
4795 1420
4796 1457
4797 1454
4798 1431
4799 1396
4800 1466
4801 1440
4802 1416
4803 1404
4804 1460
4805 1488
4806 1462
4807 1437
4808 1497
4809 1464
4810 1413
4811 1425
4812 1473
4813 1442
4814 1400
4815 1417
4816 1458
4817 1439
4818 1418
4819 1385
4820 1442
4821 1435
4822 1452
4823 1400
4824 1434
4825 1435
4826 1399
4827 1402
4828 1453
4829 1442
4830 1436
4831 1401
4832 1460
4833 1439
4834 1467
4835 1420
4836 1435
4837 1482
4838 1403
4839 1437
4840 1458
4841 1420
4842 1461
4843 1418
4844 1437
4845 1433
4846 1418
4847 1380
4848 1443
4849 1428
4850 1426
4851 1395
4852 1428
4853 1436
4854 1414
4855 1379
4856 1460
4857 1473
4858 1432
4859 1402
4860 1496
4861 1486
4862 1464
4863 1390
4864 1445
4865 1443
4866 1449
4867 1404
4868 1456
4869 1436
4870 1418
4871 1391
4872 1476
4873 1433
4874 1412
4875 1399
4876 1486
4877 1447
4878 1419
4879 1387
4880 1451
4881 1450
4882 1420
4883 1375
4884 1467
4885 1454
4886 1427
4887 1402
4888 1496
4889 1428
4890 1426
4891 1408
4892 1479
4893 1453
4894 1420
4895 1402
4896 1505
4897 1490
4898 1430
4899 1429
4900 1462
4901 1457
4902 1411
4903 1380
4904 1448
4905 1491
4906 1484
4907 1485
4908 1545
4909 1490
4910 1412
4911 1395
4912 1480
4913 1440
4914 1417
4915 1400
4916 1471
4917 1430
4918 1422
4919 1403
4920 1482
4921 1425
4922 1420
4923 1382
4924 1435
4925 1457
4926 1409
4927 1396
4928 1448
4929 1439
4930 1451
4931 1440
4932 1457
4933 1427
4934 1398
4935 1399
4936 1441
4937 1421
4938 1432
4939 1402
4940 1466
4941 1432
4942 1427
4943 1403
4944 1454
4945 1420
4946 1474
4947 1413
4948 1427
4949 1449
4950 1485
4951 1473
4952 1487
4953 1486
4954 1407
4955 1399
4956 1486
4957 1469
4958 1426
4959 1400
4960 1451
4961 1463
4962 1431
4963 1378
4964 1512
4965 1503
4966 1438
4967 1428
4968 1472
4969 1440
4970 1444
4971 1440
4972 1450
4973 1447
4974 1432
4975 1398
4976 1499
4977 1509
4978 1478
4979 1413
4980 1484
4981 1468
4982 1474
4983 1415
4984 1452
4985 1488
4986 1438
4987 1420
4988 1448
4989 1457
4990 1433
4991 1396
4992 1495
4993 1502
4994 1464
4995 1461
4996 1459
4997 1475
4998 1421
4999 1394
5000 1428
5001 1482
5002 1484
5003 1431
5004 1472
5005 1433
5006 1435
5007 1390
5008 1457
5009 1430
5010 1421
5011 1387
5012 1436
5013 1430
5014 1443
5015 1411
5016 1457
5017 1434
5018 1443
5019 1476
5020 1496
5021 1444
5022 1479
5023 1430
5024 1440
5025 1457
5026 1455
5027 1468
5028 1472
5029 1456
5030 1461
5031 1411
5032 1450
5033 1429
5034 1423
5035 1391
5036 1455
5037 1438
5038 1422
5039 1377
5040 1455
5041 1427
5042 1412
5043 1455
5044 1478
5045 1451
5046 1419
5047 1428
5048 1460
5049 1450
5050 1412
5051 1372
5052 1451
5053 1426
5054 1407
5055 1417
5056 1446
5057 1446
5058 1431
5059 1419
5060 1454
5061 1434
5062 1408
5063 1392
5064 1448
5065 1440
5066 1409
5067 1424
5068 1496
5069 1492
5070 1407
5071 1394
5072 1488
5073 1458
5074 1418
5075 1408
5076 1486
5077 1489
5078 1475
5079 1479
5080 1460
5081 1431
5082 1455
5083 1462
5084 1525
5085 1520
5086 1441
5087 1402
5088 1499
5089 1464
5090 1424
5091 1394
5092 1488
5093 1520
5094 1500
5095 1490
5096 1481
5097 1446
5098 1445
5099 1390
5100 1423
5101 1445
5102 1419
5103 1389
5104 1433
5105 1433
5106 1422
5107 1391
5108 1450
5109 1427
5110 1433
5111 1395
5112 1446
5113 1437
5114 1477
5115 1433
5116 1449
5117 1439
5118 1461
5119 1418
5120 1510
5121 1456
5122 1435
5123 1389
5124 1472
5125 1432
5126 1444
5127 1417
5128 1430
5129 1429
5130 1418
5131 1397
5132 1455
5133 1513
5134 1494
5135 1449
5136 1459
5137 1441
5138 1397
5139 1387
5140 1448
5141 1509
5142 1443
5143 1408
5144 1439
5145 1512
5146 1499
5147 1423
5148 1467
5149 1437
5150 1425
5151 1411
5152 1456
5153 1430
5154 1412
5155 1384
5156 1441
5157 1440
5158 1465
5159 1412
5160 1442
5161 1464
5162 1433
5163 1414
5164 1452
5165 1501
5166 1403
5167 1404
5168 1438
5169 1426
5170 1422
5171 1393
5172 1444
5173 1443
5174 1435
5175 1403
5176 1482
5177 1424
5178 1394
5179 1405
5180 1436
5181 1435
5182 1431
5183 1429
5184 1482
5185 1450
5186 1423
5187 1403
5188 1439
5189 1445
5190 1462
5191 1475
5192 1493
5193 1437
5194 1434
5195 1392
5196 1448
5197 1443
5198 1493
5199 1435
5200 1450
5201 1441
5202 1412
5203 1399
5204 1442
5205 1437
5206 1480
5207 1489
5208 1471
5209 1446
5210 1408
5211 1401
5212 1440
5213 1439
5214 1432
5215 1404
5216 1485
5217 1474
5218 1425
5219 1413
5220 1435
5221 1455
5222 1445
5223 1394
5224 1462
5225 1437
5226 1420
5227 1392
5228 1431
5229 1449
5230 1429
5231 1383
5232 1446
5233 1446
5234 1418
5235 1392
5236 1431
5237 1423
5238 1408
5239 1398
5240 1443
5241 1455
5242 1422
5243 1399
5244 1448
5245 1484
5246 1420
5247 1387
5248 1433
5249 1445
5250 1419
5251 1412
5252 1446
5253 1441
5254 1413
5255 1416
5256 1478
5257 1481
5258 1412
5259 1400
5260 1454
5261 1454
5262 1412
5263 1376
5264 1445
5265 1417
5266 1403
5267 1404
5268 1456
5269 1455
5270 1424
5271 1381
5272 1499
5273 1490
5274 1412
5275 1411
5276 1423
5277 1445
5278 1415
5279 1396
5280 1473
5281 1495
5282 1437
5283 1385
5284 1506
5285 1461
5286 1431
5287 1407
5288 1426
5289 1459
5290 1428
5291 1405
5292 1426
5293 1453
5294 1419
5295 1381
5296 1461
5297 1409
5298 1409
5299 1440
5300 1481
5301 1478
5302 1429
5303 1385
5304 1505
5305 1475
5306 1439
5307 1429
5308 1474
5309 1479
5310 1502
5311 1474
5312 1450
5313 1447
5314 1411
5315 1411
5316 1450
5317 1429
5318 1425
5319 1402
5320 1435
5321 1454
5322 1430
5323 1388
5324 1445
5325 1478
5326 1413
5327 1456
5328 1471
5329 1485
5330 1426
5331 1439
5332 1508
5333 1474
5334 1425
5335 1403
5336 1456
5337 1408
5338 1428
5339 1399
5340 1450
5341 1443
5342 1423
5343 1385
5344 1453
5345 1434
5346 1430
5347 1388
5348 1474
5349 1442
5350 1430
5351 1413
5352 1451
5353 1445
5354 1416
5355 1383
5356 1423
5357 1445
5358 1412
5359 1386
5360 1460
5361 1417
5362 1436
5363 1440
5364 1514
5365 1504
5366 1458
5367 1469
5368 1468
5369 1456
5370 1425
5371 1407
5372 1488
5373 1496
5374 1475
5375 1429
5376 1471
5377 1420
5378 1397
5379 1396
5380 1479
5381 1453
5382 1410
5383 1376
5384 1444
5385 1502
5386 1415
5387 1388
5388 1489
5389 1503
5390 1484
5391 1430
5392 1447
5393 1473
5394 1486
5395 1457
5396 1504
5397 1503
5398 1464
5399 1415
5400 1499
5401 1465
5402 1412
5403 1448
5404 1482
5405 1457
5406 1420
5407 1391
5408 1448
5409 1492
5410 1474
5411 1442
5412 1450
5413 1435
5414 1440
5415 1414
5416 1457
5417 1486
5418 1426
5419 1385
5420 1452
5421 1483
5422 1463
5423 1411
5424 1446
5425 1459
5426 1417
5427 1448
5428 1501
5429 1467
5430 1427
5431 1403
5432 1519
5433 1478
5434 1421
5435 1392
5436 1450
5437 1449
5438 1423
5439 1447
5440 1471
5441 1433
5442 1414
5443 1385
5444 1476
5445 1442
5446 1425
5447 1396
5448 1443
5449 1454
5450 1453
5451 1410
5452 1491
5453 1520
5454 1417
5455 1393
5456 1490
5457 1449
5458 1406
5459 1392
5460 1456
5461 1427
5462 1419
5463 1421
5464 1449
5465 1455
5466 1421
5467 1388
5468 1452
5469 1448
5470 1417
5471 1410
5472 1447
5473 1461
5474 1447
5475 1413
5476 1461
5477 1431
5478 1445
5479 1442
5480 1447
5481 1448
5482 1484
5483 1478
5484 1466
5485 1435
5486 1429
5487 1446
5488 1508
5489 1471
5490 1395
5491 1407
5492 1494
5493 1469
5494 1425
5495 1390
5496 1454
5497 1455
5498 1440
5499 1448
5500 1522
5501 1480
5502 1475
5503 1422
5504 1457
5505 1452
5506 1406
5507 1406
5508 1442
5509 1442
5510 1404
5511 1389
5512 1460
5513 1445
5514 1418
5515 1410
5516 1448
5517 1429
5518 1439
5519 1415
5520 1457
5521 1443
5522 1425
5523 1400
5524 1470
5525 1431
5526 1413
5527 1415
5528 1461
5529 1486
5530 1439
5531 1392
5532 1454
5533 1452
5534 1417
5535 1411
5536 1461
5537 1427
5538 1411
5539 1390
5540 1461
5541 1434
5542 1429
5543 1450
5544 1467
5545 1440
5546 1421
5547 1391
5548 1460
5549 1444
5550 1430
5551 1426
5552 1509
5553 1445
5554 1422
5555 1460
5556 1496
5557 1441
5558 1430
5559 1417
5560 1478
5561 1440
5562 1408
5563 1436
5564 1493
5565 1493
5566 1489
5567 1477
5568 1496
5569 1441
5570 1415
5571 1395
5572 1496
5573 1453
5574 1417
5575 1410
5576 1479
5577 1450
5578 1405
5579 1410
5580 1467
5581 1450
5582 1413
5583 1390
5584 1461
5585 1469
5586 1437
5587 1412
5588 1482
5589 1449
5590 1401
5591 1405
5592 1434
5593 1442
5594 1417
5595 1410
5596 1431
5597 1449
5598 1429
5599 1373
5600 1448
5601 1435
5602 1424
5603 1397
5604 1448
5605 1426
5606 1422
5607 1388
5608 1474
5609 1467
5610 1416
5611 1419
5612 1425
5613 1452
5614 1426
5615 1381
5616 1491
5617 1460
5618 1414
5619 1391
5620 1477
5621 1435
5622 1413
5623 1380
5624 1480
5625 1490
5626 1419
5627 1416
5628 1439
5629 1418
5630 1423
5631 1398
5632 1467
5633 1441
5634 1473
5635 1423
5636 1511
5637 1461
5638 1455
5639 1416
5640 1454
5641 1440
5642 1414
5643 1396
5644 1450
5645 1453
5646 1435
5647 1384
5648 1453
5649 1451
5650 1415
5651 1404
5652 1446
5653 1430
5654 1410
5655 1376
5656 1457
5657 1494
5658 1450
5659 1386
5660 1459
5661 1449
5662 1424
5663 1386
5664 1432
5665 1488
5666 1441
5667 1394
5668 1463
5669 1467
5670 1393
5671 1416
5672 1461
5673 1441
5674 1404
5675 1387
5676 1447
5677 1443
5678 1424
5679 1374
5680 1448
5681 1441
5682 1426
5683 1400
5684 1448
5685 1445
5686 1424
5687 1413
5688 1453
5689 1451
5690 1430
5691 1386
5692 1460
5693 1478
5694 1420
5695 1454
5696 1450
5697 1447
5698 1478
5699 1425
5700 1443
5701 1448
5702 1445
5703 1465
5704 1484
5705 1495
5706 1468
5707 1470
5708 1453
5709 1439
5710 1482
5711 1487
5712 1521
5713 1479
5714 1435
5715 1392
5716 1464
5717 1441
5718 1415
5719 1387
5720 1454
5721 1452
5722 1478
5723 1404
5724 1466
5725 1440
5726 1413
5727 1407
5728 1461
5729 1445
5730 1429
5731 1440
5732 1481
5733 1454
5734 1468
5735 1459
5736 1490
5737 1487
5738 1439
5739 1470
5740 1448
5741 1458
5742 1385
5743 1400
5744 1516
5745 1501
5746 1475
5747 1490
5748 1459
5749 1437
5750 1467
5751 1424
5752 1450
5753 1458
5754 1414
5755 1387
5756 1460
5757 1451
5758 1430
5759 1403
5760 1454
5761 1438
5762 1426
5763 1381
5764 1466
5765 1477
5766 1460
5767 1380
5768 1453
5769 1434
5770 1409
5771 1409
5772 1446
5773 1455
5774 1414
5775 1396
5776 1465
5777 1457
5778 1396
5779 1403
5780 1455
5781 1453
5782 1497
5783 1443
5784 1514
5785 1476
5786 1410
5787 1425
5788 1500
5789 1476
5790 1414
5791 1408
5792 1460
5793 1452
5794 1427
5795 1391
5796 1461
5797 1458
5798 1406
5799 1415
5800 1503
5801 1484
5802 1491
5803 1449
5804 1469
5805 1443
5806 1397
5807 1380
5808 1451
5809 1500
5810 1414
5811 1401
5812 1471
5813 1446
5814 1421
5815 1375
5816 1473
5817 1450
5818 1411
5819 1398
5820 1465
5821 1420
5822 1434
5823 1379
5824 1449
5825 1431
5826 1393
5827 1398
5828 1440
5829 1441
5830 1425
5831 1377
5832 1468
5833 1479
5834 1469
5835 1420
5836 1460
5837 1433
5838 1470
5839 1398
5840 1454
5841 1447
5842 1406
5843 1394
5844 1440
5845 1431
5846 1404
5847 1392
5848 1463
5849 1446
5850 1414
5851 1415
5852 1460
5853 1485
5854 1430
5855 1371
5856 1460
5857 1460
5858 1470
5859 1482
5860 1474
5861 1443
5862 1410
5863 1396
5864 1506
5865 1468
5866 1480
5867 1410
5868 1488
5869 1450
5870 1392
5871 1393
5872 1445
5873 1464
5874 1461
5875 1447
5876 1465
5877 1431
5878 1430
5879 1440
5880 1477
5881 1474
5882 1496
5883 1464
5884 1529
5885 1483
5886 1430
5887 1381
5888 1458
5889 1433
5890 1420
5891 1405
5892 1474
5893 1486
5894 1430
5895 1436
5896 1456
5897 1444
5898 1441
5899 1441
5900 1467
5901 1451
5902 1424
5903 1405
5904 1443
5905 1417
5906 1420
5907 1405
5908 1435
5909 1428
5910 1393
5911 1438
5912 1478
5913 1442
5914 1472
5915 1419
5916 1456
5917 1432
5918 1402
5919 1375
5920 1450
5921 1439
5922 1468
5923 1452
5924 1514
5925 1502
5926 1415
5927 1424
5928 1448
5929 1454
5930 1413
5931 1383
5932 1450
5933 1464
5934 1467
5935 1420
5936 1508
5937 1483
5938 1419
5939 1387
5940 1428
5941 1433
5942 1411
5943 1380
5944 1500
5945 1454
5946 1424
5947 1389
5948 1455
5949 1439
5950 1429
5951 1379
5952 1453
5953 1428
5954 1414
5955 1373
5956 1460
5957 1498
5958 1428
5959 1395
5960 1497
5961 1519
5962 1405
5963 1422
5964 1515
5965 1459
5966 1412
5967 1404
5968 1475
5969 1423
5970 1386
5971 1403
5972 1426
5973 1448
5974 1413
5975 1440
5976 1453
5977 1459
5978 1402
5979 1413
5980 1442
5981 1458
5982 1408
5983 1396
5984 1436
5985 1442
5986 1400
5987 1388
5988 1469
5989 1452
5990 1398
5991 1399
5992 1423
5993 1426
5994 1424
5995 1389
5996 1513
5997 1468
5998 1417
5999 1396
6000 1435
6001 1466
6002 1397
6003 1402
6004 1461
6005 1447
6006 1454
6007 1413
6008 1445
6009 1443
6010 1458
6011 1478
6012 1456
6013 1427
6014 1413
6015 1384
6016 1462
6017 1430
6018 1406
6019 1398
6020 1444
6021 1443
6022 1431
6023 1388
6024 1433
6025 1438
6026 1453
6027 1429
6028 1457
6029 1457
6030 1476
6031 1404
6032 1458
6033 1488
6034 1416
6035 1442
6036 1509
6037 1510
6038 1421
6039 1403
6040 1466
6041 1437
6042 1418
6043 1402
6044 1449
6045 1465
6046 1428
6047 1390
6048 1531
6049 1483
6050 1447
6051 1402
6052 1449
6053 1478
6054 1414
6055 1420
6056 1473
6057 1455
6058 1407
6059 1395
6060 1452
6061 1441
6062 1405
6063 1385
6064 1444
6065 1458
6066 1419
6067 1400
6068 1445
6069 1426
6070 1412
6071 1404
6072 1461
6073 1446
6074 1402
6075 1400
6076 1437
6077 1441
6078 1408
6079 1390
6080 1428
6081 1458
6082 1487
6083 1425
6084 1453
6085 1443
6086 1423
6087 1454
6088 1436
6089 1444
6090 1467
6091 1410
6092 1456
6093 1487
6094 1432
6095 1389
6096 1462
6097 1434
6098 1435
6099 1404
6100 1451
6101 1453
6102 1415
6103 1401
6104 1453
6105 1441
6106 1416
6107 1409
6108 1435
6109 1456
6110 1417
6111 1402
6112 1445
6113 1450
6114 1440
6115 1385
6116 1439
6117 1434
6118 1420
6119 1370
6120 1459
6121 1495
6122 1448
6123 1395
6124 1501
6125 1510
6126 1435
6127 1393
6128 1456
6129 1458
6130 1423
6131 1417
6132 1478
6133 1478
6134 1480
6135 1425
6136 1435
6137 1441
6138 1423
6139 1382
6140 1448
6141 1434
6142 1410
6143 1433
6144 1446
6145 1467
6146 1451
6147 1453
6148 1492
6149 1500
6150 1432
6151 1434
6152 1465
6153 1461
6154 1419
6155 1410
6156 1452
6157 1430
6158 1425
6159 1412
6160 1451
6161 1486
6162 1464
6163 1448
6164 1527
6165 1478
6166 1466
6167 1415
6168 1497
6169 1510
6170 1466
6171 1405
6172 1457
6173 1432
6174 1411
6175 1399
6176 1457
6177 1468
6178 1425
6179 1457
6180 1479
6181 1458
6182 1428
6183 1390
6184 1444
6185 1449
6186 1473
6187 1413
6188 1472
6189 1452
6190 1428
6191 1411
6192 1469
6193 1436
6194 1442
6195 1420
6196 1434
6197 1396
6198 1420
6199 1386
6200 1444
6201 1450
6202 1407
6203 1386
6204 1451
6205 1437
6206 1414
6207 1408
6208 1452
6209 1459
6210 1444
6211 1413
6212 1447
6213 1434
6214 1403
6215 1407
6216 1450
6217 1449
6218 1427
6219 1392
6220 1441
6221 1444
6222 1472
6223 1446
6224 1500
6225 1493
6226 1394
6227 1395
6228 1418
6229 1445
6230 1435
6231 1414
6232 1444
6233 1460
6234 1460
6235 1405
6236 1437
6237 1444
6238 1489
6239 1436
6240 1465
6241 1447
6242 1411
6243 1402
6244 1496
6245 1485
6246 1505
6247 1430
6248 1471
6249 1442
6250 1504
6251 1452
6252 1429
6253 1448
6254 1461
6255 1413
6256 1436
6257 1454
6258 1446
6259 1396
6260 1456
6261 1457
6262 1462
6263 1435
6264 1459
6265 1490
6266 1430
6267 1408
6268 1441
6269 1432
6270 1409
6271 1395
6272 1429
6273 1420
6274 1424
6275 1389
6276 1494
6277 1497
6278 1400
6279 1405
6280 1482
6281 1456
6282 1435
6283 1383
6284 1467
6285 1442
6286 1420
6287 1393
6288 1441
6289 1453
6290 1491
6291 1424
6292 1431
6293 1445
6294 1497
6295 1439
6296 1468
6297 1390
6298 1392
6299 1418
6300 1457
6301 1455
6302 1425
6303 1401
6304 1439
6305 1448
6306 1432
6307 1403
6308 1460
6309 1453
6310 1419
6311 1402
6312 1427
6313 1449
6314 1434
6315 1386
6316 1422
6317 1454
6318 1447
6319 1453
6320 1451
6321 1473
6322 1437
6323 1388
6324 1448
6325 1452
6326 1415
6327 1394
6328 1450
6329 1438
6330 1412
6331 1353
6332 1450
6333 1499
6334 1458
6335 1411
6336 1445
6337 1411
6338 1443
6339 1429
6340 1504
6341 1503
6342 1428
6343 1412
6344 1475
6345 1468
6346 1464
6347 1455
6348 1510
6349 1510
6350 1481
6351 1428
6352 1507
6353 1445
6354 1468
6355 1396
6356 1508
6357 1512
6358 1448
6359 1460
6360 1488
6361 1437
6362 1407
6363 1387
6364 1494
6365 1474
6366 1390
6367 1387
6368 1534
6369 1537
6370 1500
6371 1466
6372 1503
6373 1446
6374 1423
6375 1416
6376 1473
6377 1469
6378 1407
6379 1411
6380 1501
6381 1516
6382 1432
6383 1414
6384 1446
6385 1451
6386 1433
6387 1401
6388 1458
6389 1441
6390 1473
6391 1394
6392 1493
6393 1450
6394 1407
6395 1427
6396 1450
6397 1453
6398 1401
6399 1398
6400 1558
6401 1495
6402 1469
6403 1467
6404 1473
6405 1434
6406 1410
6407 1383
6408 1457
6409 1460
6410 1395
6411 1389
6412 1454
6413 1433
6414 1431
6415 1386
6416 1464
6417 1424
6418 1405
6419 1391
6420 1466
6421 1486
6422 1404
6423 1452
6424 1474
6425 1455
6426 1433
6427 1375
6428 1501
6429 1513
6430 1410
6431 1391
6432 1467
6433 1487
6434 1464
6435 1404
6436 1518
6437 1457
6438 1404
6439 1392
6440 1446
6441 1443
6442 1421
6443 1450
6444 1467
6445 1443
6446 1496
6447 1474
6448 1471
6449 1442
6450 1411
6451 1412
6452 1446
6453 1443
6454 1417
6455 1395
6456 1472
6457 1452
6458 1418
6459 1419
6460 1480
6461 1510
6462 1427
6463 1405
6464 1449
6465 1441
6466 1405
6467 1410
6468 1444
6469 1453
6470 1419
6471 1404
6472 1500
6473 1501
6474 1399
6475 1378
6476 1465
6477 1442
6478 1414
6479 1390
6480 1462
6481 1446
6482 1421
6483 1378
6484 1443
6485 1454
6486 1488
6487 1409
6488 1443
6489 1424
6490 1407
6491 1363
6492 1457
6493 1457
6494 1423
6495 1390
6496 1443
6497 1467
6498 1457
6499 1383
6500 1454
6501 1458
6502 1428
6503 1386
6504 1515
6505 1480
6506 1438
6507 1396
6508 1448
6509 1413
6510 1498
6511 1431
6512 1434
6513 1443
6514 1410
6515 1399
6516 1437
6517 1486
6518 1396
6519 1385
6520 1524
6521 1514
6522 1421
6523 1401
6524 1445
6525 1432
6526 1418
6527 1404
6528 1457
6529 1444
6530 1426
6531 1392
6532 1467
6533 1489
6534 1429
6535 1404
6536 1441
6537 1447
6538 1513
6539 1460
6540 1463
6541 1460
6542 1468
6543 1435
6544 1490
6545 1479
6546 1403
6547 1421
6548 1468
6549 1446
6550 1437
6551 1376
6552 1444
6553 1457
6554 1436
6555 1404
6556 1453
6557 1457
6558 1420
6559 1378
6560 1451
6561 1442
6562 1430
6563 1446
6564 1473
6565 1461
6566 1455
6567 1425
6568 1461
6569 1434
6570 1434
6571 1382
6572 1510
6573 1496
6574 1430
6575 1402
6576 1437
6577 1432
6578 1409
6579 1393
6580 1432
6581 1427
6582 1417
6583 1394
6584 1457
6585 1414
6586 1409
6587 1384
6588 1454
6589 1454
6590 1417
6591 1406
6592 1433
6593 1450
6594 1431
6595 1406
6596 1456
6597 1455
6598 1433
6599 1456
6600 1443
6601 1468
6602 1456
6603 1450
6604 1463
6605 1441
6606 1418
6607 1405
6608 1464
6609 1435
6610 1430
6611 1429
6612 1451
6613 1468
6614 1420
6615 1423
6616 1473
6617 1431
6618 1404
6619 1409
6620 1455
6621 1436
6622 1419
6623 1392
6624 1471
6625 1444
6626 1464
6627 1455
6628 1470
6629 1441
6630 1431
6631 1400
6632 1447
6633 1449
6634 1438
6635 1399
6636 1438
6637 1462
6638 1414
6639 1417
6640 1445
6641 1442
6642 1453
6643 1390
6644 1448
6645 1439
6646 1461
6647 1440
6648 1450
6649 1472
6650 1436
6651 1388
6652 1451
6653 1447
6654 1428
6655 1397
6656 1507
6657 1523
6658 1406
6659 1415
6660 1488
6661 1443
6662 1425
6663 1431
6664 1529
6665 1503
6666 1407
6667 1394
6668 1461
6669 1440
6670 1443
6671 1462
6672 1485
6673 1453
6674 1411
6675 1383
6676 1510
6677 1457
6678 1424
6679 1384
6680 1430
6681 1443
6682 1387
6683 1400
6684 1491
6685 1456
6686 1413
6687 1384
6688 1462
6689 1432
6690 1406
6691 1399
6692 1435
6693 1421
6694 1408
6695 1398
6696 1447
6697 1438
6698 1425
6699 1403
6700 1456
6701 1438
6702 1469
6703 1496
6704 1464
6705 1480
6706 1405
6707 1382
6708 1440
6709 1440
6710 1454
6711 1421
6712 1452
6713 1435
6714 1410
6715 1388
6716 1487
6717 1509
6718 1450
6719 1415
6720 1471
6721 1516
6722 1437
6723 1429
6724 1450
6725 1431
6726 1419
6727 1415
6728 1458
6729 1441
6730 1431
6731 1414
6732 1439
6733 1426
6734 1422
6735 1411
6736 1439
6737 1513
6738 1414
6739 1414
6740 1439
6741 1461
6742 1445
6743 1409
6744 1473
6745 1516
6746 1456
6747 1431
6748 1433
6749 1436
6750 1433
6751 1392
6752 1466
6753 1443
6754 1418
6755 1383
6756 1465
6757 1440
6758 1415
6759 1396
6760 1457
6761 1424
6762 1410
6763 1386
6764 1442
6765 1435
6766 1404
6767 1385
6768 1480
6769 1446
6770 1428
6771 1384
6772 1447
6773 1467
6774 1422
6775 1378
6776 1456
6777 1434
6778 1423
6779 1376
6780 1435
6781 1449
6782 1412
6783 1391
6784 1456
6785 1446
6786 1409
6787 1405
6788 1439
6789 1446
6790 1432
6791 1411
6792 1454
6793 1449
6794 1422
6795 1404
6796 1463
6797 1437
6798 1426
6799 1421
6800 1435
6801 1448
6802 1421
6803 1386
6804 1460
6805 1428
6806 1470
6807 1468
6808 1467
6809 1427
6810 1483
6811 1408
6812 1509
6813 1519
6814 1415
6815 1373
6816 1438
6817 1442
6818 1423
6819 1415
6820 1477
6821 1454
6822 1430
6823 1404
6824 1470
6825 1464
6826 1455
6827 1412
6828 1433
6829 1441
6830 1429
6831 1397
6832 1454
6833 1428
6834 1430
6835 1416
6836 1523
6837 1516
6838 1439
6839 1426
6840 1482
6841 1439
6842 1469
6843 1456
6844 1454
6845 1435
6846 1404
6847 1388
6848 1447
6849 1444
6850 1413
6851 1433
6852 1484
6853 1453
6854 1438
6855 1436
6856 1472
6857 1440
6858 1482
6859 1425
6860 1459
6861 1452
6862 1407
6863 1373
6864 1465
6865 1429
6866 1457
6867 1404
6868 1520
6869 1532
6870 1476
6871 1452
6872 1488
6873 1441
6874 1424
6875 1409
6876 1451
6877 1473
6878 1459
6879 1432
6880 1491
6881 1446
6882 1419
6883 1410
6884 1451
6885 1456
6886 1484
6887 1416
6888 1515
6889 1499
6890 1409
6891 1388
6892 1537
6893 1474
6894 1420
6895 1417
6896 1466
6897 1448
6898 1419
6899 1404
6900 1525
6901 1508
6902 1486
6903 1449
6904 1543
6905 1516
6906 1427
6907 1436
6908 1504
6909 1434
6910 1431
6911 1391
6912 1478
6913 1429
6914 1425
6915 1401
6916 1502
6917 1459
6918 1425
6919 1392
6920 1481
6921 1448
6922 1432
6923 1444
6924 1507
6925 1440
6926 1406
6927 1380
6928 1444
6929 1434
6930 1438
6931 1395
6932 1459
6933 1459
6934 1420
6935 1406
6936 1449
6937 1433
6938 1414
6939 1399
6940 1426
6941 1503
6942 1445
6943 1417
6944 1488
6945 1503
6946 1498
6947 1427
6948 1525
6949 1494
6950 1414
6951 1385
6952 1473
6953 1423
6954 1396
6955 1403
6956 1467
6957 1431
6958 1424
6959 1379
6960 1455
6961 1436
6962 1400
6963 1391
6964 1484
6965 1442
6966 1464
6967 1481
6968 1509
6969 1521
6970 1413
6971 1432
6972 1444
6973 1439
6974 1440
6975 1403
6976 1436
6977 1434
6978 1407
6979 1385
6980 1449
6981 1439
6982 1453
6983 1416
6984 1512
6985 1459
6986 1465
6987 1408
6988 1480
6989 1521
6990 1418
6991 1376
6992 1493
6993 1463
6994 1412
6995 1425
6996 1529
6997 1466
6998 1420
6999 1389
7000 1507
7001 1533
7002 1433
7003 1382
7004 1494
7005 1447
7006 1422
7007 1389
7008 1513
7009 1472
7010 1407
7011 1427
7012 1462
7013 1477
7014 1407
7015 1456
7016 1510
7017 1491
7018 1399
7019 1455
7020 1457
7021 1466
7022 1461
7023 1430
7024 1435
7025 1455
7026 1411
7027 1378
7028 1441
7029 1449
7030 1458
7031 1430
7032 1506
7033 1482
7034 1443
7035 1416
7036 1454
7037 1431
7038 1405
7039 1401
7040 1458
7041 1456
7042 1431
7043 1405
7044 1449
7045 1452
7046 1431
7047 1372
7048 1443
7049 1415
7050 1436
7051 1402
7052 1450
7053 1441
7054 1429
7055 1392
7056 1437
7057 1452
7058 1432
7059 1410
7060 1466
7061 1447
7062 1423
7063 1398
7064 1446
7065 1444
7066 1438
7067 1393
7068 1463
7069 1484
7070 1434
7071 1408
7072 1463
7073 1485
7074 1438
7075 1385
7076 1477
7077 1469
7078 1463
7079 1472
7080 1485
7081 1487
7082 1406
7083 1396
7084 1468
7085 1461
7086 1416
7087 1392
7088 1463
7089 1441
7090 1419
7091 1444
7092 1461
7093 1434
7094 1428
7095 1400
7096 1437
7097 1441
7098 1436
7099 1372
7100 1454
7101 1480
7102 1468
7103 1391
7104 1457
7105 1475
7106 1418
7107 1399
7108 1445
7109 1451
7110 1428
7111 1397
7112 1449
7113 1457
7114 1429
7115 1443
7116 1484
7117 1500
7118 1496
7119 1460
7120 1502
7121 1506
7122 1430
7123 1430
7124 1509
7125 1469
7126 1393
7127 1388
7128 1463
7129 1447
7130 1411
7131 1390
7132 1456
7133 1495
7134 1436
7135 1455
7136 1461
7137 1443
7138 1417
7139 1397
7140 1452
7141 1442
7142 1492
7143 1446
7144 1463
7145 1486
7146 1429
7147 1386
7148 1453
7149 1447
7150 1417
7151 1389
7152 1449
7153 1441
7154 1412
7155 1394
7156 1452
7157 1502
7158 1455
7159 1440
7160 1496
7161 1459
7162 1464
7163 1395
7164 1466
7165 1429
7166 1421
7167 1385
7168 1436
7169 1453
7170 1495
7171 1447
7172 1452
7173 1434
7174 1417
7175 1407
7176 1447
7177 1427
7178 1471
7179 1430
7180 1478
7181 1446
7182 1399
7183 1385
7184 1453
7185 1480
7186 1416
7187 1388
7188 1470
7189 1459
7190 1417
7191 1389
7192 1451
7193 1433
7194 1434
7195 1395
7196 1497
7197 1466
7198 1453
7199 1384
7200 1489
7201 1469
7202 1504
7203 1464
7204 1463
7205 1487
7206 1415
7207 1378
7208 1489
7209 1451
7210 1449
7211 1435
7212 1459
7213 1453
7214 1417
7215 1395
7216 1446
7217 1453
7218 1437
7219 1406
7220 1461
7221 1433
7222 1469
7223 1412
7224 1499
7225 1459
7226 1440
7227 1449
7228 1469
7229 1451
7230 1426
7231 1392
7232 1432
7233 1441
7234 1401
7235 1395
7236 1454
7237 1434
7238 1454
7239 1429
7240 1461
7241 1454
7242 1426
7243 1389
7244 1431
7245 1428
7246 1410
7247 1383
7248 1436
7249 1429
7250 1414
7251 1375
7252 1453
7253 1439
7254 1432
7255 1398
7256 1447
7257 1441
7258 1407
7259 1374
7260 1471
7261 1459
7262 1481
7263 1433
7264 1488
7265 1511
7266 1403
7267 1368
7268 1444
7269 1498
7270 1460
7271 1386
7272 1440
7273 1435
7274 1433
7275 1391
7276 1470
7277 1445
7278 1411
7279 1395
7280 1460
7281 1473
7282 1433
7283 1371
7284 1440
7285 1450
7286 1411
7287 1380
7288 1458
7289 1455
7290 1410
7291 1398
7292 1450
7293 1446
7294 1508
7295 1425
7296 1458
7297 1463
7298 1399
7299 1439
7300 1464
7301 1442
7302 1420
7303 1389
7304 1418
7305 1441
7306 1416
7307 1406
7308 1428
7309 1456
7310 1455
7311 1418
7312 1444
7313 1439
7314 1425
7315 1385
7316 1438
7317 1430
7318 1415
7319 1381
7320 1464
7321 1454
7322 1419
7323 1381
7324 1430
7325 1438
7326 1405
7327 1403
7328 1456
7329 1450
7330 1406
7331 1415
7332 1447
7333 1450
7334 1414
7335 1410
7336 1434
7337 1487
7338 1406
7339 1407
7340 1436
7341 1461
7342 1431
7343 1380
7344 1447
7345 1447
7346 1485
7347 1426
7348 1459
7349 1457
7350 1402
7351 1401
7352 1454
7353 1444
7354 1406
7355 1417
7356 1428
7357 1431
7358 1418
7359 1384
7360 1461
7361 1446
7362 1435
7363 1404
7364 1436
7365 1474
7366 1505
7367 1441
7368 1453
7369 1434
7370 1472
7371 1430
7372 1434
7373 1464
7374 1416
7375 1408
7376 1469
7377 1472
7378 1454
7379 1393
7380 1441
7381 1417
7382 1408
7383 1392
7384 1443
7385 1430
7386 1504
7387 1409
7388 1493
7389 1427
7390 1408
7391 1385
7392 1440
7393 1454
7394 1422
7395 1395
7396 1519
7397 1487
7398 1428
7399 1420
7400 1426
7401 1465
7402 1440
7403 1394
7404 1451
7405 1433
7406 1415
7407 1411
7408 1448
7409 1432
7410 1400
7411 1443
7412 1523
7413 1460
7414 1424
7415 1382
7416 1441
7417 1482
7418 1427
7419 1399
7420 1443
7421 1436
7422 1428
7423 1424
7424 1462
7425 1430
7426 1474
7427 1476
7428 1472
7429 1419
7430 1419
7431 1409
7432 1491
7433 1469
7434 1450
7435 1407
7436 1476
7437 1419
7438 1431
7439 1403
7440 1477
7441 1482
7442 1443
7443 1413
7444 1431
7445 1421
7446 1433
7447 1428
7448 1472
7449 1466
7450 1429
7451 1388
7452 1472
7453 1490
7454 1429
7455 1377
7456 1452
7457 1432
7458 1433
7459 1390
7460 1435
7461 1440
7462 1424
7463 1399
7464 1454
7465 1442
7466 1408
7467 1398
7468 1457
7469 1439
7470 1501
7471 1417
7472 1442
7473 1463
7474 1415
7475 1398
7476 1453
7477 1450
7478 1414
7479 1401
7480 1460
7481 1435
7482 1426
7483 1374
7484 1510
7485 1506
7486 1409
7487 1411
7488 1443
7489 1433
7490 1444
7491 1447
7492 1472
7493 1473
7494 1428
7495 1374
7496 1445
7497 1439
7498 1421
7499 1419
7500 1452
7501 1446
7502 1427
7503 1369
7504 1452
7505 1447
7506 1400
7507 1410
7508 1442
7509 1460
7510 1409
7511 1394
7512 1450
7513 1454
7514 1411
7515 1396
7516 1451
7517 1438
7518 1434
7519 1391
7520 1451
7521 1452
7522 1417
7523 1380
7524 1455
7525 1445
7526 1498
7527 1410
7528 1440
7529 1445
7530 1412
7531 1382
7532 1454
7533 1416
7534 1416
7535 1388
7536 1459
7537 1489
7538 1413
7539 1416
7540 1473
7541 1440
7542 1416
7543 1444
7544 1515
7545 1442
7546 1423
7547 1421
7548 1475
7549 1447
7550 1410
7551 1427
7552 1480
7553 1419
7554 1469
7555 1451
7556 1505
7557 1491
7558 1448
7559 1428
7560 1469
7561 1454
7562 1414
7563 1416
7564 1456
7565 1437
7566 1441
7567 1394
7568 1497
7569 1467
7570 1464
7571 1454
7572 1465
7573 1486
7574 1480
7575 1424
7576 1440
7577 1446
7578 1506
7579 1423
7580 1443
7581 1420
7582 1411
7583 1399
7584 1446
7585 1455
7586 1467
7587 1468
7588 1523
7589 1505
7590 1433
7591 1380
7592 1451
7593 1442
7594 1423
7595 1374
7596 1447
7597 1414
7598 1448
7599 1469
7600 1457
7601 1503
7602 1432
7603 1385
7604 1454
7605 1434
7606 1442
7607 1406
7608 1449
7609 1463
7610 1483
7611 1423
7612 1446
7613 1455
7614 1455
7615 1418
7616 1499
7617 1516
7618 1439
7619 1385
7620 1466
7621 1445
7622 1443
7623 1403
7624 1459
7625 1495
7626 1412
7627 1388
7628 1440
7629 1441
7630 1428
7631 1409
7632 1443
7633 1455
7634 1467
7635 1480
7636 1446
7637 1437
7638 1415
7639 1379
7640 1494
7641 1468
7642 1406
7643 1389
7644 1448
7645 1449
7646 1402
7647 1388
7648 1479
7649 1436
7650 1413
7651 1382
7652 1440
7653 1456
7654 1425
7655 1381
7656 1494
7657 1517
7658 1425
7659 1396
7660 1456
7661 1451
7662 1412
7663 1382
7664 1436
7665 1440
7666 1431
7667 1399
7668 1464
7669 1433
7670 1442
7671 1385
7672 1444
7673 1443
7674 1445
7675 1428
7676 1456
7677 1460
7678 1426
7679 1392
7680 1496
7681 1448
7682 1415
7683 1383
7684 1456
7685 1427
7686 1422
7687 1393
7688 1466
7689 1464
7690 1459
7691 1406
7692 1513
7693 1473
7694 1418
7695 1399
7696 1456
7697 1488
7698 1467
7699 1429
7700 1449
7701 1440
7702 1418
7703 1400
7704 1465
7705 1432
7706 1407
7707 1371
7708 1447
7709 1438
7710 1455
7711 1462
7712 1467
7713 1443
7714 1423
7715 1377
7716 1444
7717 1438
7718 1411
7719 1389
7720 1446
7721 1452
7722 1420
7723 1394
7724 1479
7725 1505
7726 1466
7727 1405
7728 1442
7729 1453
7730 1438
7731 1381
7732 1498
7733 1490
7734 1471
7735 1416
7736 1464
7737 1473
7738 1499
7739 1470
7740 1472
7741 1457
7742 1433
7743 1408
7744 1509
7745 1477
7746 1462
7747 1455
7748 1448
7749 1458
7750 1420
7751 1378
7752 1501
7753 1456
7754 1415
7755 1377
7756 1443
7757 1442
7758 1408
7759 1382
7760 1442
7761 1443
7762 1427
7763 1368
7764 1447
7765 1453
7766 1412
7767 1384
7768 1444
7769 1460
7770 1428
7771 1365
7772 1510
7773 1458
7774 1499
7775 1462
7776 1477
7777 1429
7778 1459
7779 1418
7780 1444
7781 1434
7782 1405
7783 1385
7784 1449
7785 1428
7786 1420
7787 1389
7788 1421
7789 1458
7790 1398
7791 1373
7792 1452
7793 1431
7794 1407
7795 1404
7796 1460
7797 1454
7798 1474
7799 1421
7800 1458
7801 1439
7802 1428
7803 1387
7804 1449
7805 1479
7806 1477
7807 1428
7808 1466
7809 1437
7810 1410
7811 1400
7812 1447
7813 1449
7814 1412
7815 1372
7816 1504
7817 1458
7818 1424
7819 1383
7820 1435
7821 1414
7822 1422
7823 1432
7824 1476
7825 1446
7826 1458
7827 1381
7828 1437
7829 1448
7830 1436
7831 1388
7832 1456
7833 1461
7834 1420
7835 1396
7836 1445
7837 1440
7838 1431
7839 1369
7840 1482
7841 1471
7842 1424
7843 1368
7844 1422
7845 1429
7846 1398
7847 1388
7848 1434
7849 1437
7850 1421
7851 1442
7852 1536
7853 1462
7854 1424
7855 1404
7856 1507
7857 1472
7858 1472
7859 1435
7860 1449
7861 1456
7862 1407
7863 1400
7864 1508
7865 1482
7866 1447
7867 1462
7868 1442
7869 1455
7870 1414
7871 1433
7872 1463
7873 1441
7874 1421
7875 1367
7876 1462
7877 1466
7878 1420
7879 1392
7880 1455
7881 1478
7882 1487
7883 1412
7884 1449
7885 1456
7886 1428
7887 1408
7888 1490
7889 1463
7890 1418
7891 1389
7892 1447
7893 1429
7894 1459
7895 1406
7896 1452
7897 1420
7898 1433
7899 1374
7900 1479
7901 1439
7902 1432
7903 1402
7904 1425
7905 1447
7906 1457
7907 1410
7908 1445
7909 1443
7910 1464
7911 1414
7912 1439
7913 1436
7914 1426
7915 1402
7916 1473
7917 1485
7918 1409
7919 1393
7920 1488
7921 1522
7922 1441
7923 1402
7924 1449
7925 1449
7926 1418
7927 1382
7928 1440
7929 1440
7930 1428
7931 1382
7932 1435
7933 1438
7934 1417
7935 1393
7936 1457
7937 1441
7938 1451
7939 1411
7940 1465
7941 1432
7942 1418
7943 1429
7944 1473
7945 1427
7946 1432
7947 1394
7948 1485
7949 1460
7950 1446
7951 1445
7952 1508
7953 1466
7954 1426
7955 1433
7956 1478
7957 1451
7958 1402
7959 1389
7960 1446
7961 1461
7962 1429
7963 1453
7964 1503
7965 1459
7966 1409
7967 1400
7968 1459
7969 1457
7970 1468
7971 1428
7972 1497
7973 1522
7974 1454
7975 1408
7976 1474
7977 1450
7978 1407
7979 1419
7980 1464
7981 1462
7982 1466
7983 1423
7984 1456
7985 1479
7986 1501
7987 1412
7988 1448
7989 1446
7990 1421
7991 1403
7992 1459
7993 1489
7994 1494
7995 1411
7996 1435
7997 1443
7998 1404
7999 1301
8000 1455
8001 1463
8002 1470
8003 1410
8004 1464
8005 1440
8006 1427
8007 1415
8008 1466
8009 1453
8010 1425
8011 1397
8012 1423
8013 1474
8014 1405
8015 1445
8016 1464
8017 1442
8018 1493
8019 1453
8020 1480
8021 1450
8022 1414
8023 1400
8024 1502
8025 1499
8026 1410
8027 1436
8028 1514
8029 1487
8030 1420
8031 1410
8032 1462
8033 1479
8034 1423
8035 1403
8036 1473
8037 1477
8038 1430
8039 1392
8040 1434
8041 1436
8042 1426
8043 1402
8044 1454
8045 1461
8046 1408
8047 1385
8048 1446
8049 1437
8050 1432
8051 1394
8052 1489
8053 1461
8054 1480
8055 1452
8056 1432
8057 1415
8058 1407
8059 1375
8060 1453
8061 1435
8062 1449
8063 1387
8064 1442
8065 1470
8066 1411
8067 1455
8068 1493
8069 1430
8070 1398
8071 1408
8072 1464
8073 1421
8074 1400
8075 1415
8076 1452
8077 1434
8078 1405
8079 1413
8080 1448
8081 1431
8082 1438
8083 1395
8084 1510
8085 1468
8086 1454
8087 1467
8088 1471
8089 1439
8090 1420
8091 1398
8092 1503
8093 1470
8094 1421
8095 1372
8096 1461
8097 1471
8098 1475
8099 1421
8100 1459
8101 1442
8102 1430
8103 1397
8104 1464
8105 1457
8106 1403
8107 1390
8108 1446
8109 1459
8110 1410
8111 1410
8112 1448
8113 1475
8114 1463
8115 1458
8116 1457
8117 1442
8118 1439
8119 1471
8120 1475
8121 1441
8122 1430
8123 1372
8124 1449
8125 1441
8126 1454
8127 1417
8128 1438
8129 1448
8130 1415
8131 1381
8132 1427
8133 1444
8134 1432
8135 1411
8136 1455
8137 1441
8138 1423
8139 1417
8140 1458
8141 1430
8142 1414
8143 1415
8144 1448
8145 1444
8146 1471
8147 1477
8148 1480
8149 1454
8150 1416
8151 1371
8152 1492
8153 1518
8154 1475
8155 1457
8156 1486
8157 1462
8158 1437
8159 1410
8160 1463
8161 1444
8162 1457
8163 1408
8164 1460
8165 1439
8166 1414
8167 1390
8168 1464
8169 1450
8170 1420
8171 1408
8172 1435
8173 1456
8174 1413
8175 1385
8176 1456
8177 1445
8178 1429
8179 1422
8180 1467
8181 1454
8182 1414
8183 1419
8184 1454
8185 1496
8186 1451
8187 1447
8188 1508
8189 1449
8190 1478
8191 1452
8192 1478
8193 1485
8194 1497
8195 1450
8196 1479
8197 1431
8198 1474
8199 1460
8200 1492
8201 1463
8202 1414
8203 1406
8204 1524
8205 1480
8206 1455
8207 1482
8208 1450
8209 1436
8210 1436
8211 1407
8212 1480
8213 1484
8214 1421
8215 1393
8216 1496
8217 1437
8218 1430
8219 1394
8220 1471
8221 1446
8222 1428
8223 1392
8224 1486
8225 1446
8226 1405
8227 1389
8228 1497
8229 1497
8230 1451
8231 1381
8232 1458
8233 1444
8234 1398
8235 1373
8236 1479
8237 1436
8238 1412
8239 1411
8240 1478
8241 1446
8242 1416
8243 1409
8244 1493
8245 1430
8246 1437
8247 1418
8248 1444
8249 1440
8250 1395
8251 1398
8252 1445
8253 1417
8254 1452
8255 1355
8256 1493
8257 1424
8258 1427
8259 1374
8260 1431
8261 1425
8262 1460
8263 1396
8264 1490
8265 1455
8266 1495
8267 1442
8268 1443
8269 1430
8270 1411
8271 1420
8272 1450
8273 1463
8274 1458
8275 1381
8276 1449
8277 1444
8278 1463
8279 1443
8280 1487
8281 1450
8282 1404
8283 1384
8284 1458
8285 1483
8286 1462
8287 1396
8288 1468
8289 1498
8290 1447
8291 1410
8292 1457
8293 1450
8294 1412
8295 1387
8296 1457
8297 1443
8298 1430
8299 1383
8300 1445
8301 1462
8302 1463
8303 1449
8304 1472
8305 1432
8306 1403
8307 1401
8308 1446
8309 1449
8310 1416
8311 1394
8312 1472
8313 1504
8314 1434
8315 1400
8316 1486
8317 1478
8318 1419
8319 1424
8320 1484
8321 1428
8322 1418
8323 1430
8324 1459
8325 1472
8326 1454
8327 1396
8328 1444
8329 1439
8330 1424
8331 1385
8332 1442
8333 1450
8334 1464
8335 1489
8336 1475
8337 1433
8338 1419
8339 1405
8340 1460
8341 1521
8342 1488
8343 1464
8344 1465
8345 1425
8346 1398
8347 1383
8348 1453
8349 1438
8350 1397
8351 1417
8352 1444
8353 1466
8354 1479
8355 1482
8356 1455
8357 1442
8358 1418
8359 1411
8360 1441
8361 1500
8362 1453
8363 1455
8364 1445
8365 1455
8366 1500
8367 1463
8368 1458
8369 1451
8370 1421
8371 1409
8372 1431
8373 1495
8374 1447
8375 1460
8376 1524
8377 1497
8378 1423
8379 1446
8380 1521
8381 1465
8382 1445
8383 1402
8384 1463
8385 1425
8386 1419
8387 1389
8388 1486
8389 1495
8390 1422
8391 1395
8392 1429
8393 1450
8394 1495
8395 1426
8396 1447
8397 1452
8398 1398
8399 1376
8400 1454
8401 1463
8402 1415
8403 1375
8404 1461
8405 1441
8406 1409
8407 1404
8408 1431
8409 1479
8410 1448
8411 1392
8412 1475
8413 1442
8414 1389
8415 1409
8416 1441
8417 1430
8418 1415
8419 1390
8420 1449
8421 1471
8422 1425
8423 1380
8424 1440
8425 1438
8426 1409
8427 1368
8428 1493
8429 1467
8430 1461
8431 1458
8432 1486
8433 1452
8434 1434
8435 1417
8436 1461
8437 1492
8438 1468
8439 1471
8440 1460
8441 1451
8442 1418
8443 1406
8444 1441
8445 1447
8446 1450
8447 1405
8448 1485
8449 1516
8450 1469
8451 1435
8452 1496
8453 1492
8454 1454
8455 1414
8456 1449
8457 1440
8458 1420
8459 1438
8460 1492
8461 1472
8462 1407
8463 1447
8464 1451
8465 1490
8466 1396
8467 1387
8468 1461
8469 1450
8470 1453
8471 1402
8472 1455
8473 1494
8474 1456
8475 1425
8476 1446
8477 1451
8478 1423
8479 1378
8480 1450
8481 1425
8482 1498
8483 1430
8484 1465
8485 1452
8486 1425
8487 1380
8488 1442
8489 1430
8490 1476
8491 1434
8492 1444
8493 1461
8494 1406
8495 1410
8496 1481
8497 1426
8498 1430
8499 1406
8500 1489
8501 1511
8502 1436
8503 1382
8504 1451
8505 1451
8506 1427
8507 1393
8508 1455
8509 1420
8510 1423
8511 1396
8512 1413
8513 1434
8514 1434
8515 1424
8516 1464
8517 1434
8518 1419
8519 1381
8520 1517
8521 1487
8522 1411
8523 1378
8524 1448
8525 1464
8526 1443
8527 1414
8528 1464
8529 1468
8530 1423
8531 1419
8532 1433
8533 1423
8534 1408
8535 1393
8536 1433
8537 1441
8538 1433
8539 1448
8540 1503
8541 1500
8542 1434
8543 1397
8544 1434
8545 1439
8546 1421
8547 1403
8548 1450
8549 1439
8550 1419
8551 1399
8552 1489
8553 1478
8554 1406
8555 1391
8556 1438
8557 1495
8558 1481
8559 1425
8560 1441
8561 1461
8562 1445
8563 1387
8564 1454
8565 1460
8566 1497
8567 1412
8568 1441
8569 1444
8570 1434
8571 1389
8572 1446
8573 1487
8574 1426
8575 1434
8576 1488
8577 1462
8578 1444
8579 1425
8580 1458
8581 1437
8582 1429
8583 1413
8584 1445
8585 1432
8586 1430
8587 1387
8588 1436
8589 1449
8590 1453
8591 1392
8592 1447
8593 1460
8594 1488
8595 1414
8596 1444
8597 1450
8598 1462
8599 1414
8600 1441
8601 1425
8602 1421
8603 1404
8604 1429
8605 1447
8606 1431
8607 1414
8608 1452
8609 1452
8610 1413
8611 1381
8612 1490
8613 1516
8614 1438
8615 1395
8616 1465
8617 1436
8618 1447
8619 1423
8620 1463
8621 1462
8622 1446
8623 1448
8624 1492
8625 1437
8626 1410
8627 1378
8628 1454
8629 1434
8630 1418
8631 1410
8632 1449
8633 1434
8634 1473
8635 1381
8636 1490
8637 1461
8638 1417
8639 1449
8640 1459
8641 1424
8642 1437
8643 1380
8644 1446
8645 1443
8646 1414
8647 1401
8648 1486
8649 1493
8650 1420
8651 1421
8652 1466
8653 1463
8654 1447
8655 1419
8656 1463
8657 1454
8658 1422
8659 1380
8660 1451
8661 1433
8662 1417
8663 1389
8664 1456
8665 1494
8666 1439
8667 1404
8668 1446
8669 1427
8670 1493
8671 1469
8672 1456
8673 1446
8674 1402
8675 1395
8676 1447
8677 1432
8678 1418
8679 1400
8680 1449
8681 1441
8682 1405
8683 1434
8684 1471
8685 1451
8686 1471
8687 1428
8688 1441
8689 1463
8690 1461
8691 1432
8692 1458
8693 1434
8694 1426
8695 1410
8696 1452
8697 1460
8698 1427
8699 1402
8700 1463
8701 1499
8702 1460
8703 1388
8704 1507
8705 1513
8706 1414
8707 1429
8708 1500
8709 1471
8710 1432
8711 1377
8712 1456
8713 1433
8714 1426
8715 1407
8716 1462
8717 1437
8718 1419
8719 1389
8720 1455
8721 1485
8722 1455
8723 1408
8724 1439
8725 1439
8726 1411
8727 1410
8728 1498
8729 1509
8730 1486
8731 1473
8732 1459
8733 1447
8734 1419
8735 1379
8736 1460
8737 1473
8738 1423
8739 1395
8740 1433
8741 1453
8742 1410
8743 1392
8744 1462
8745 1496
8746 1461
8747 1417
8748 1450
8749 1429
8750 1410
8751 1395
8752 1459
8753 1435
8754 1419
8755 1386
8756 1443
8757 1439
8758 1414
8759 1387
8760 1453
8761 1437
8762 1419
8763 1380
8764 1438
8765 1443
8766 1408
8767 1407
8768 1448
8769 1431
8770 1405
8771 1415
8772 1441
8773 1463
8774 1442
8775 1384
8776 1463
8777 1444
8778 1422
8779 1434
8780 1484
8781 1496
8782 1399
8783 1390
8784 1450
8785 1447
8786 1424
8787 1387
8788 1448
8789 1433
8790 1422
8791 1408
8792 1517
8793 1452
8794 1428
8795 1374
8796 1443
8797 1450
8798 1434
8799 1384
8800 1443
8801 1446
8802 1468
8803 1424
8804 1440
8805 1458
8806 1424
8807 1388
8808 1434
8809 1428
8810 1453
8811 1459
8812 1446
8813 1439
8814 1417
8815 1405
8816 1449
8817 1445
8818 1409
8819 1386
8820 1449
8821 1430
8822 1446
8823 1479
8824 1445
8825 1478
8826 1504
8827 1437
8828 1436
8829 1445
8830 1395
8831 1381
8832 1467
8833 1468
8834 1402
8835 1388
8836 1444
8837 1446
8838 1420
8839 1400
8840 1445
8841 1427
8842 1404
8843 1403
8844 1486
8845 1446
8846 1407
8847 1375
8848 1451
8849 1444
8850 1419
8851 1382
8852 1445
8853 1428
8854 1424
8855 1470
8856 1470
8857 1464
8858 1415
8859 1394
8860 1438
8861 1456
8862 1471
8863 1405
8864 1453
8865 1481
8866 1416
8867 1371
8868 1495
8869 1440
8870 1479
8871 1433
8872 1450
8873 1445
8874 1401
8875 1398
8876 1456
8877 1457
8878 1413
8879 1420
8880 1473
8881 1436
8882 1427
8883 1416
8884 1455
8885 1448
8886 1429
8887 1391
8888 1483
8889 1447
8890 1427
8891 1420
8892 1460
8893 1454
8894 1400
8895 1414
8896 1511
8897 1461
8898 1427
8899 1389
8900 1456
8901 1444
8902 1417
8903 1396
8904 1432
8905 1446
8906 1419
8907 1384
8908 1458
8909 1438
8910 1427
8911 1394
8912 1446
8913 1441
8914 1426
8915 1424
8916 1507
8917 1499
8918 1496
8919 1456
8920 1478
8921 1476
8922 1433
8923 1383
8924 1437
8925 1420
8926 1409
8927 1435
8928 1490
8929 1423
8930 1420
8931 1386
8932 1464
8933 1435
8934 1405
8935 1390
8936 1451
8937 1504
8938 1418
8939 1380
8940 1450
8941 1438
8942 1428
8943 1404
8944 1448
8945 1436
8946 1417
8947 1378
8948 1505
8949 1514
8950 1493
8951 1422
8952 1490
8953 1440
8954 1415
8955 1432
8956 1464
8957 1491
8958 1483
8959 1448
8960 1450
8961 1465
8962 1418
8963 1378
8964 1388
8965 1435
8966 1419
8967 1408
8968 1474
8969 1495
8970 1460
8971 1376
8972 1460
8973 1449
8974 1465
8975 1437
8976 1442
8977 1460
8978 1410
8979 1438
8980 1477
8981 1440
8982 1402
8983 1391
8984 1447
8985 1435
8986 1424
8987 1404
8988 1454
8989 1487
8990 1466
8991 1449
8992 1521
8993 1506
8994 1428
8995 1392
8996 1415
8997 1453
8998 1417
8999 1434
9000 1483
9001 1482
9002 1453
9003 1419
9004 1450
9005 1447
9006 1420
9007 1408
9008 1459
9009 1443
9010 1430
9011 1385
9012 1493
9013 1484
9014 1481
9015 1423
9016 1451
9017 1452
9018 1477
9019 1411
9020 1447
9021 1444
9022 1406
9023 1381
9024 1451
9025 1477
9026 1474
9027 1412
9028 1455
9029 1431
9030 1476
9031 1409
9032 1448
9033 1426
9034 1399
9035 1450
9036 1457
9037 1432
9038 1438
9039 1387
9040 1511
9041 1485
9042 1480
9043 1481
9044 1507
9045 1471
9046 1450
9047 1432
9048 1532
9049 1466
9050 1484
9051 1458
9052 1448
9053 1455
9054 1447
9055 1438
9056 1491
9057 1465
9058 1412
9059 1392
9060 1449
9061 1422
9062 1453
9063 1423
9064 1462
9065 1450
9066 1414
9067 1402
9068 1419
9069 1433
9070 1403
9071 1378
9072 1428
9073 1457
9074 1426
9075 1401
9076 1441
9077 1459
9078 1425
9079 1387
9080 1504
9081 1451
9082 1421
9083 1406
9084 1441
9085 1491
9086 1414
9087 1410
9088 1499
9089 1499
9090 1427
9091 1376
9092 1488
9093 1470
9094 1405
9095 1367
9096 1451
9097 1474
9098 1416
9099 1408
9100 1438
9101 1502
9102 1442
9103 1396
9104 1500
9105 1473
9106 1445
9107 1431
9108 1459
9109 1464
9110 1418
9111 1435
9112 1452
9113 1436
9114 1437
9115 1446
9116 1466
9117 1476
9118 1447
9119 1432
9120 1456
9121 1444
9122 1418
9123 1404
9124 1441
9125 1457
9126 1415
9127 1390
9128 1487
9129 1515
9130 1481
9131 1426
9132 1484
9133 1519
9134 1459
9135 1375
9136 1518
9137 1455
9138 1421
9139 1382
9140 1432
9141 1416
9142 1414
9143 1402
9144 1447
9145 1424
9146 1484
9147 1441
9148 1440
9149 1434
9150 1420
9151 1382
9152 1486
9153 1454
9154 1412
9155 1382
9156 1453
9157 1450
9158 1426
9159 1406
9160 1444
9161 1477
9162 1463
9163 1396
9164 1448
9165 1441
9166 1424
9167 1449
9168 1454
9169 1461
9170 1477
9171 1459
9172 1501
9173 1483
9174 1424
9175 1418
9176 1489
9177 1482
9178 1510
9179 1410
9180 1525
9181 1517
9182 1476
9183 1458
9184 1456
9185 1484
9186 1416
9187 1446
9188 1526
9189 1457
9190 1462
9191 1411
9192 1453
9193 1454
9194 1417
9195 1379
9196 1427
9197 1423
9198 1426
9199 1382
9200 1450
9201 1441
9202 1423
9203 1378
9204 1444
9205 1468
9206 1451
9207 1378
9208 1448
9209 1461
9210 1456
9211 1441
9212 1504
9213 1459
9214 1420
9215 1391
9216 1510
9217 1468
9218 1485
9219 1421
9220 1519
9221 1464
9222 1459
9223 1460
9224 1466
9225 1440
9226 1438
9227 1368
9228 1442
9229 1440
9230 1418
9231 1438
9232 1497
9233 1432
9234 1408
9235 1395
9236 1441
9237 1448
9238 1424
9239 1389
9240 1493
9241 1482
9242 1409
9243 1402
9244 1439
9245 1480
9246 1502
9247 1429
9248 1439
9249 1459
9250 1405
9251 1403
9252 1439
9253 1443
9254 1399
9255 1384
9256 1449
9257 1445
9258 1437
9259 1386
9260 1429
9261 1482
9262 1452
9263 1465
9264 1485
9265 1452
9266 1460
9267 1412
9268 1506
9269 1467
9270 1416
9271 1393
9272 1447
9273 1451
9274 1430
9275 1381
9276 1437
9277 1461
9278 1446
9279 1388
9280 1467
9281 1440
9282 1432
9283 1387
9284 1444
9285 1520
9286 1503
9287 1445
9288 1459
9289 1476
9290 1456
9291 1437
9292 1436
9293 1446
9294 1405
9295 1425
9296 1462
9297 1419
9298 1431
9299 1386
9300 1485
9301 1455
9302 1446
9303 1420
9304 1441
9305 1466
9306 1425
9307 1385
9308 1446
9309 1488
9310 1428
9311 1390
9312 1453
9313 1485
9314 1415
9315 1375
9316 1455
9317 1438
9318 1435
9319 1440
9320 1526
9321 1482
9322 1421
9323 1431
9324 1483
9325 1473
9326 1426
9327 1371
9328 1445
9329 1455
9330 1441
9331 1468
9332 1439
9333 1458
9334 1417
9335 1413
9336 1478
9337 1454
9338 1422
9339 1394
9340 1459
9341 1444
9342 1388
9343 1417
9344 1451
9345 1454
9346 1425
9347 1393
9348 1458
9349 1443
9350 1430
9351 1403
9352 1451
9353 1433
9354 1426
9355 1420
9356 1449
9357 1435
9358 1385
9359 1457
9360 1487
9361 1479
9362 1402
9363 1430
9364 1434
9365 1465
9366 1406
9367 1461
9368 1485
9369 1459
9370 1420
9371 1401
9372 1448
9373 1440
9374 1429
9375 1389
9376 1433
9377 1437
9378 1409
9379 1387
9380 1451
9381 1428
9382 1430
9383 1412
9384 1447
9385 1451
9386 1426
9387 1363
9388 1445
9389 1488
9390 1450
9391 1376
9392 1431
9393 1444
9394 1416
9395 1409
9396 1456
9397 1449
9398 1410
9399 1421
9400 1450
9401 1462
9402 1422
9403 1393
9404 1443
9405 1443
9406 1419
9407 1384
9408 1460
9409 1419
9410 1409
9411 1377
9412 1451
9413 1455
9414 1425
9415 1378
9416 1501
9417 1472
9418 1418
9419 1419
9420 1499
9421 1504
9422 1420
9423 1402
9424 1493
9425 1473
9426 1425
9427 1395
9428 1450
9429 1425
9430 1464
9431 1450
9432 1459
9433 1449
9434 1428
9435 1403
9436 1426
9437 1430
9438 1398
9439 1399
9440 1456
9441 1442
9442 1441
9443 1385
9444 1497
9445 1506
9446 1488
9447 1460
9448 1533
9449 1491
9450 1452
9451 1449
9452 1468
9453 1470
9454 1394
9455 1423
9456 1509
9457 1484
9458 1411
9459 1397
9460 1436
9461 1434
9462 1405
9463 1372
9464 1503
9465 1471
9466 1424
9467 1385
9468 1449
9469 1471
9470 1483
9471 1453
9472 1500
9473 1489
9474 1437
9475 1440
9476 1501
9477 1511
9478 1405
9479 1403
9480 1464
9481 1471
9482 1487
9483 1401
9484 1440
9485 1443
9486 1398
9487 1379
9488 1439
9489 1422
9490 1441
9491 1404
9492 1449
9493 1448
9494 1422
9495 1438
9496 1476
9497 1468
9498 1406
9499 1392
9500 1489
9501 1475
9502 1415
9503 1380
9504 1452
9505 1433
9506 1410
9507 1371
9508 1454
9509 1419
9510 1412
9511 1379
9512 1446
9513 1428
9514 1407
9515 1401
9516 1451
9517 1482
9518 1409
9519 1381
9520 1443
9521 1454
9522 1421
9523 1410
9524 1466
9525 1450
9526 1437
9527 1376
9528 1438
9529 1444
9530 1423
9531 1402
9532 1445
9533 1438
9534 1426
9535 1393
9536 1446
9537 1436
9538 1439
9539 1386
9540 1498
9541 1470
9542 1441
9543 1402
9544 1462
9545 1432
9546 1442
9547 1383
9548 1464
9549 1438
9550 1414
9551 1377
9552 1467
9553 1451
9554 1390
9555 1399
9556 1440
9557 1441
9558 1429
9559 1412
9560 1446
9561 1437
9562 1435
9563 1379
9564 1449
9565 1452
9566 1417
9567 1426
9568 1513
9569 1488
9570 1483
9571 1421
9572 1447
9573 1464
9574 1431
9575 1395
9576 1452
9577 1480
9578 1443
9579 1405
9580 1459
9581 1447
9582 1421
9583 1445
9584 1461
9585 1449
9586 1429
9587 1400
9588 1452
9589 1455
9590 1485
9591 1465
9592 1468
9593 1430
9594 1448
9595 1412
9596 1504
9597 1462
9598 1423
9599 1399
9600 1452
9601 1459
9602 1437
9603 1397
9604 1478
9605 1431
9606 1422
9607 1404
9608 1437
9609 1432
9610 1410
9611 1406
9612 1469
9613 1440
9614 1423
9615 1443
9616 1461
9617 1442
9618 1421
9619 1400
9620 1428
9621 1455
9622 1404
9623 1375
9624 1458
9625 1448
9626 1465
9627 1408
9628 1491
9629 1474
9630 1471
9631 1463
9632 1487
9633 1434
9634 1429
9635 1396
9636 1458
9637 1430
9638 1406
9639 1400
9640 1505
9641 1452
9642 1499
9643 1425
9644 1466
9645 1478
9646 1467
9647 1424
9648 1450
9649 1475
9650 1405
9651 1388
9652 1449
9653 1438
9654 1423
9655 1393
9656 1452
9657 1436
9658 1423
9659 1441
9660 1564
9661 1507
9662 1401
9663 1399
9664 1474
9665 1295
9666 1277
9667 1332
9668 1508
9669 1503
9670 1508
9671 1431
9672 1459
9673 1448
9674 1414
9675 1384
9676 1458
9677 1447
9678 1395
9679 1407
9680 1468
9681 1434
9682 1438
9683 1379
9684 1445
9685 1438
9686 1483
9687 1461
9688 1546
9689 1469
9690 1420
9691 1387
9692 1459
9693 1462
9694 1464
9695 1413
9696 1461
9697 1426
9698 1416
9699 1383
9700 1481
9701 1474
9702 1412
9703 1381
9704 1435
9705 1434
9706 1425
9707 1368
9708 1465
9709 1456
9710 1410
9711 1372
9712 1476
9713 1493
9714 1418
9715 1387
9716 1441
9717 1416
9718 1409
9719 1385
9720 1459
9721 1429
9722 1411
9723 1409
9724 1460
9725 1455
9726 1420
9727 1428
9728 1471
9729 1493
9730 1496
9731 1500
9732 1473
9733 1470
9734 1471
9735 1421
9736 1444
9737 1476
9738 1418
9739 1412
9740 1445
9741 1436
9742 1410
9743 1470
9744 1468
9745 1462
9746 1445
9747 1440
9748 1506
9749 1530
9750 1455
9751 1451
9752 1472
9753 1482
9754 1417
9755 1402
9756 1509
9757 1483
9758 1413
9759 1400
9760 1461
9761 1451
9762 1413
9763 1406
9764 1445
9765 1457
9766 1410
9767 1453
9768 1479
9769 1437
9770 1409
9771 1386
9772 1446
9773 1447
9774 1477
9775 1461
9776 1441
9777 1446
9778 1419
9779 1391
9780 1439
9781 1443
9782 1418
9783 1376
9784 1432
9785 1438
9786 1422
9787 1404
9788 1478
9789 1481
9790 1401
9791 1398
9792 1443
9793 1454
9794 1417
9795 1397
9796 1447
9797 1454
9798 1427
9799 1378
9800 1480
9801 1446
9802 1406
9803 1388
9804 1455
9805 1413
9806 1422
9807 1373
9808 1468
9809 1425
9810 1411
9811 1384
9812 1449
9813 1441
9814 1459
9815 1453
9816 1479
9817 1434
9818 1393
9819 1396
9820 1417
9821 1448
9822 1414
9823 1443
9824 1505
9825 1515
9826 1438
9827 1451
9828 1492
9829 1459
9830 1410
9831 1398
9832 1453
9833 1443
9834 1427
9835 1403
9836 1443
9837 1433
9838 1416
9839 1410
9840 1488
9841 1483
9842 1445
9843 1389
9844 1451
9845 1448
9846 1444
9847 1382
9848 1496
9849 1502
9850 1464
9851 1391
9852 1445
9853 1459
9854 1471
9855 1428
9856 1452
9857 1452
9858 1413
9859 1386
9860 1443
9861 1439
9862 1420
9863 1382
9864 1478
9865 1490
9866 1458
9867 1463
9868 1518
9869 1469
9870 1477
9871 1463
9872 1470
9873 1471
9874 1441
9875 1397
9876 1460
9877 1441
9878 1415
9879 1419
9880 1484
9881 1445
9882 1472
9883 1455
9884 1473
9885 1450
9886 1420
9887 1376
9888 1454
9889 1447
9890 1476
9891 1474
9892 1464
9893 1423
9894 1410
9895 1388
9896 1461
9897 1446
9898 1413
9899 1401
9900 1448
9901 1440
9902 1421
9903 1402
9904 1451
9905 1427
9906 1415
9907 1406
9908 1450
9909 1425
9910 1457
9911 1433
9912 1498
9913 1511
9914 1477
9915 1420
9916 1415
9917 1407
9918 1414
9919 1447
9920 1430
9921 1441
9922 1421
9923 1412
9924 1468
9925 1477
9926 1458
9927 1470
9928 1437
9929 1427
9930 1415
9931 1401
9932 1450
9933 1435
9934 1419
9935 1387
9936 1463
9937 1430
9938 1423
9939 1379
9940 1433
9941 1402
9942 1411
9943 1404
9944 1466
9945 1432
9946 1394
9947 1395
9948 1450
9949 1431
9950 1422
9951 1394
9952 1437
9953 1435
9954 1467
9955 1457
9956 1463
9957 1415
9958 1408
9959 1392
9960 1429
9961 1428
9962 1444
9963 1396
9964 1451
9965 1470
9966 1425
9967 1437
9968 1494
9969 1429
9970 1409
9971 1382
9972 1468
9973 1451
9974 1444
9975 1410
9976 1451
9977 1476
9978 1420
9979 1444
9980 1505
9981 1466
9982 1452
9983 1443
9984 1463
9985 1448
9986 1415
9987 1391
9988 1433
9989 1452
9990 1419
9991 1380
9992 1440
9993 1433
9994 1430
9995 1405
9996 1437
9997 1439
9998 1413
9999 1438
# sum: 1439
# min: 1277
# max: 1579
# err cnt: 0
