0 50
1 67
2 31
3 33
4 18
5 24
6 51
7 40
8 32
9 47
10 45
11 39
12 22
13 54
14 32
15 76
16 41
17 35
18 41
19 42
20 44
21 18
22 68
23 20
24 44
25 36
26 38
27 76
28 32
29 47
30 40
31 33
32 71
33 51
34 21
35 68
36 26
37 69
38 35
39 65
40 50
41 33
42 70
43 33
44 35
45 51
46 28
47 28
48 44
49 42
50 63
51 33
52 66
53 18
54 80
55 39
56 64
57 44
58 35
59 70
60 43
61 25
62 66
63 42
64 72
65 33
66 60
67 40
68 68
69 35
70 33
71 46
72 30
73 71
74 35
75 33
76 73
77 50
78 21
79 45
80 19
81 63
82 42
83 27
84 43
85 44
86 39
87 48
88 28
89 73
90 29
91 36
92 38
93 34
94 56
95 35
96 22
97 70
98 43
99 27
100 50
101 35
102 99
103 22
104 57
105 32
106 78
107 39
108 63
109 26
110 60
111 25
112 78
113 33
114 66
115 38
116 71
117 27
118 77
119 35
120 35
121 57
122 30
123 73
124 45
125 29
126 61
127 34
128 26
129 73
130 45
131 22
132 45
133 39
134 67
135 35
136 42
137 45
138 51
139 51
140 30
141 73
142 34
143 33
144 47
145 29
146 64
147 39
148 67
149 41
150 35
151 63
152 23
153 39
154 49
155 29
156 74
157 33
158 45
159 35
160 24
161 65
162 39
163 33
164 63
165 16
166 42
167 46
168 26
169 68
170 29
171 56
172 23
173 47
174 43
175 51
176 20
177 73
178 27
179 55
180 61
181 37
182 56
183 26
184 38
185 42
186 35
187 61
188 22
189 39
190 48
191 15
192 44
193 54
194 16
195 67
196 27
197 25
198 78
199 28
200 20
201 73
202 43
203 25
204 43
205 39
206 62
207 38
208 40
209 58
210 42
211 30
212 72
213 37
214 41
215 39
216 32
217 49
218 31
219 76
220 43
221 37
222 48
223 39
224 67
225 36
226 53
227 33
228 63
229 31
230 92
231 29
232 55
233 53
234 31
235 99
236 33
237 29
238 52
239 21
240 48
241 49
242 38
243 62
244 37
245 38
246 57
247 25
248 65
249 37
250 23
251 46
252 37
253 75
254 23
255 44
256 67
257 37
258 46
259 61
260 39
261 61
262 23
263 58
264 31
265 35
266 73
267 20
268 74
269 52
270 34
271 66
272 30
273 44
274 55
275 31
276 71
277 48
278 18
279 69
280 32
281 19
282 60
283 31
284 31
285 57
286 35
287 35
288 75
289 26
290 56
291 26
292 31
293 50
294 15
295 64
296 40
297 30
298 59
299 23
300 27
301 49
302 33
303 49
304 37
305 36
306 89
307 23
308 65
309 58
310 37
311 58
312 25
313 54
314 27
315 68
316 29
317 39
318 45
319 43
320 81
321 28
322 25
323 62
324 40
325 69
326 26
327 51
328 62
329 15
330 38
331 50
332 14
333 57
334 31
335 30
336 83
337 43
338 31
339 59
340 23
341 27
342 35
343 28
344 72
345 47
346 32
347 71
348 31
349 36
350 52
351 36
352 72
353 45
354 25
355 46
356 34
357 72
358 17
359 67
360 46
361 39
362 70
363 33
364 80
365 38
366 43
367 38
368 37
369 56
370 21
371 49
372 39
373 60
374 38
375 64
376 36
377 21
378 50
379 15
380 40
381 66
382 34
383 81
384 37
385 57
386 37
387 53
388 31
389 73
390 38
391 32
392 58
393 23
394 55
395 30
396 37
397 61
398 36
399 91
400 36
401 81
402 33
403 90
404 22
405 51
406 36
407 73
408 38
409 25
410 54
411 27
412 62
413 27
414 64
415 38
416 26
417 57
418 25
419 37
420 54
421 28
422 38
423 47
424 35
425 34
426 38
427 43
428 27
429 59
430 33
431 31
432 71
433 27
434 39
435 45
436 29
437 71
438 38
439 37
440 42
441 38
442 41
443 29
444 60
445 30
446 35
447 56
448 17
449 51
450 41
451 30
452 55
453 16
454 25
455 62
456 36
457 34
458 80
459 31
460 28
461 75
462 37
463 38
464 72
465 20
466 29
467 67
468 23
469 69
470 50
471 16
472 76
473 40
474 32
475 84
476 34
477 59
478 30
479 36
480 50
481 29
482 71
483 26
484 70
485 20
486 72
487 29
488 33
489 62
490 26
491 44
492 52
493 29
494 48
495 28
496 54
497 21
498 59
499 43
500 28
501 74
502 27
503 35
504 71
505 36
506 32
507 54
508 23
509 63
510 32
511 72
512 21
513 80
514 36
515 31
516 52
517 22
518 55
519 43
520 27
521 59
522 21
523 79
524 34
525 37
526 60
527 22
528 35
529 55
530 25
531 51
532 28
533 58
534 41
535 23
536 63
537 41
538 31
539 92
540 35
541 33
542 80
543 41
544 30
545 67
546 32
547 30
548 51
549 21
550 50
551 41
552 25
553 65
554 40
555 28
556 93
557 41
558 28
559 74
560 39
561 28
562 51
563 24
564 64
565 20
566 35
567 46
568 31
569 58
570 23
571 51
572 55
573 21
574 35
575 50
576 28
577 76
578 39
579 30
580 65
581 24
582 32
583 53
584 24
585 33
586 55
587 31
588 30
589 62
590 30
591 33
592 53
593 21
594 61
595 19
596 46
597 32
598 38
599 48
600 31
601 50
602 32
603 50
604 29
605 75
606 40
607 29
608 81
609 31
610 28
611 53
612 52
613 29
614 37
615 64
616 19
617 32
618 35
619 28
620 46
621 42
622 31
623 70
624 29
625 29
626 64
627 28
628 36
629 49
630 24
631 64
632 37
633 28
634 45
635 37
636 32
637 88
638 28
639 30
640 48
641 21
642 50
643 37
644 32
645 62
646 19
647 32
648 48
649 28
650 57
651 34
652 29
653 66
654 19
655 42
656 33
657 37
658 34
659 29
660 63
661 21
662 64
663 29
664 32
665 32
666 30
667 52
668 29
669 70
670 21
671 83
672 27
673 31
674 80
675 50
676 22
677 35
678 74
679 32
680 43
681 38
682 23
683 42
684 61
685 26
686 52
687 45
688 29
689 77
690 38
691 29
692 61
693 22
694 30
695 55
696 21
697 39
698 58
699 37
700 61
701 20
702 68
703 39
704 30
705 56
706 20
707 31
708 47
709 28
710 81
711 31
712 27
713 50
714 20
715 53
716 45
717 31
718 94
719 29
720 45
721 53
722 26
723 64
724 19
725 47
726 34
727 31
728 60
729 32
730 57
731 41
732 33
733 33
734 27
735 21
736 56
737 37
738 28
739 33
740 26
741 61
742 23
743 69
744 32
745 32
746 72
747 28
748 32
749 58
750 22
751 40
752 43
753 31
754 54
755 31
756 51
757 24
758 59
759 24
760 59
761 37
762 24
763 59
764 28
765 75
766 20
767 55
768 21
769 43
770 33
771 66
772 33
773 31
774 56
775 21
776 62
777 46
778 32
779 71
780 32
781 27
782 54
783 48
784 36
785 68
786 27
787 35
788 55
789 21
790 51
791 36
792 28
793 61
794 41
795 25
796 70
797 40
798 28
799 71
800 22
801 29
802 57
803 36
804 30
805 56
806 20
807 41
808 39
809 28
810 65
811 32
812 29
813 71
814 22
815 38
816 46
817 28
818 65
819 42
820 22
821 78
822 53
823 22
824 60
825 35
826 25
827 57
828 26
829 70
830 22
831 71
832 20
833 62
834 26
835 26
836 59
837 34
838 31
839 90
840 31
841 34
842 50
843 21
844 47
845 45
846 21
847 61
848 42
849 26
850 73
851 33
852 31
853 62
854 32
855 65
856 40
857 24
858 55
859 32
860 35
861 63
862 28
863 37
864 56
865 20
866 44
867 50
868 29
869 80
870 36
871 37
872 37
873 33
874 40
875 28
876 77
877 37
878 25
879 43
880 33
881 63
882 19
883 46
884 40
885 29
886 61
887 36
888 34
889 61
890 20
891 40
892 47
893 29
894 61
895 42
896 33
897 82
898 21
899 33
900 57
901 22
902 59
903 39
904 29
905 55
906 32
907 67
908 23
909 59
910 40
911 24
912 80
913 27
914 35
915 51
916 19
917 36
918 41
919 21
920 69
921 42
922 33
923 74
924 45
925 20
926 71
927 32
928 31
929 47
930 29
931 64
932 20
933 74
934 27
935 36
936 40
937 30
938 64
939 23
940 35
941 65
942 31
943 56
944 25
945 36
946 51
947 19
948 74
949 35
950 30
951 65
952 21
953 74
954 30
955 55
956 39
957 28
958 71
959 29
960 30
961 52
962 22
963 36
964 67
965 32
966 39
967 55
968 21
969 39
970 53
971 24
972 28
973 51
974 19
975 78
976 25
977 28
978 95
979 33
980 28
981 59
982 22
983 44
984 47
985 27
986 73
987 39
988 30
989 35
990 52
991 18
992 33
993 58
994 40
995 23
996 76
997 30
998 27
999 64
1000 31
1001 30
1002 56
1003 20
1004 41
1005 49
1006 30
1007 69
1008 36
1009 27
1010 69
1011 33
1012 33
1013 66
1014 25
1015 125
1016 27
1017 52
1018 32
1019 35
1020 43
1021 31
1022 68
1023 25
1024 61
1025 20
1026 65
1027 33
1028 27
1029 74
1030 31
1031 33
1032 51
1033 33
1034 68
1035 32
1036 27
1037 34
1038 33
1039 47
1040 26
1041 53
1042 52
1043 20
1044 49
1045 31
1046 26
1047 58
1048 32
1049 32
1050 49
1051 19
1052 38
1053 62
1054 23
1055 42
1056 50
1057 31
1058 52
1059 27
1060 50
1061 27
1062 76
1063 35
1064 28
1065 62
1066 18
1067 42
1068 40
1069 34
1070 69
1071 21
1072 75
1073 24
1074 37
1075 53
1076 31
1077 31
1078 59
1079 21
1080 27
1081 54
1082 23
1083 34
1084 44
1085 23
1086 61
1087 40
1088 28
1089 64
1090 41
1091 29
1092 44
1093 32
1094 47
1095 30
1096 48
1097 29
1098 40
1099 52
1100 20
1101 46
1102 52
1103 30
1104 71
1105 34
1106 22
1107 42
1108 32
1109 48
1110 27
1111 59
1112 27
1113 33
1114 50
1115 21
1116 32
1117 83
1118 33
1119 18
1120 70
1121 41
1122 29
1123 87
1124 33
1125 36
1126 54
1127 33
1128 62
1129 19
1130 84
1131 51
1132 27
1133 52
1134 50
1135 22
1136 56
1137 35
1138 27
1139 81
1140 45
1141 23
1142 79
1143 35
1144 28
1145 61
1146 23
1147 66
1148 29
1149 39
1150 33
1151 31
1152 61
1153 24
1154 55
1155 46
1156 20
1157 49
1158 37
1159 36
1160 36
1161 27
1162 49
1163 21
1164 77
1165 46
1166 21
1167 50
1168 31
1169 46
1170 36
1171 33
1172 51
1173 17
1174 46
1175 45
1176 30
1177 67
1178 30
1179 35
1180 54
1181 21
1182 27
1183 59
1184 27
1185 64
1186 40
1187 32
1188 45
1189 29
1190 73
1191 34
1192 32
1193 71
1194 46
1195 17
1196 31
1197 62
1198 32
1199 29
1200 57
1201 20
1202 32
1203 64
1204 36
1205 28
1206 49
1207 45
1208 27
1209 77
1210 31
1211 30
1212 55
1213 24
1214 71
1215 38
1216 29
1217 95
1218 32
1219 29
1220 46
1221 25
1222 61
1223 46
1224 31
1225 92
1226 35
1227 33
1228 43
1229 28
1230 58
1231 25
1232 58
1233 39
1234 32
1235 60
1236 32
1237 33
1238 62
1239 18
1240 42
1241 40
1242 30
1243 59
1244 36
1245 29
1246 62
1247 17
1248 31
1249 49
1250 20
1251 70
1252 39
1253 32
1254 71
1255 36
1256 28
1257 57
1258 32
1259 33
1260 48
1261 22
1262 62
1263 45
1264 21
1265 35
1266 66
1267 33
1268 29
1269 47
1270 53
1271 20
1272 30
1273 65
1274 32
1275 27
1276 40
1277 28
1278 53
1279 30
1280 65
1281 22
1282 80
1283 22
1284 49
1285 33
1286 33
1287 53
1288 20
1289 55
1290 43
1291 25
1292 69
1293 35
1294 31
1295 48
1296 23
1297 40
1298 41
1299 32
1300 60
1301 46
1302 26
1303 70
1304 21
1305 76
1306 46
1307 30
1308 59
1309 50
1310 30
1311 49
1312 45
1313 28
1314 63
1315 24
1316 42
1317 35
1318 34
1319 42
1320 34
1321 67
1322 32
1323 33
1324 78
1325 32
1326 36
1327 61
1328 30
1329 34
1330 54
1331 29
1332 33
1333 74
1334 44
1335 17
1336 44
1337 28
1338 35
1339 33
1340 28
1341 59
1342 29
1343 22
1344 40
1345 30
1346 50
1347 29
1348 75
1349 36
1350 30
1351 48
1352 22
1353 55
1354 42
1355 31
1356 66
1357 30
1358 32
1359 50
1360 21
1361 66
1362 33
1363 32
1364 59
1365 18
1366 55
1367 43
1368 29
1369 72
1370 21
1371 70
1372 23
1373 61
1374 28
1375 49
1376 31
1377 27
1378 39
1379 53
1380 35
1381 42
1382 86
1383 35
1384 60
1385 29
1386 32
1387 30
1388 32
1389 49
1390 32
1391 56
1392 19
1393 82
1394 33
1395 43
1396 83
1397 39
1398 28
1399 65
1400 34
1401 32
1402 53
1403 21
1404 68
1405 32
1406 72
1407 37
1408 29
1409 76
1410 39
1411 28
1412 67
1413 22
1414 32
1415 50
1416 21
1417 61
1418 20
1419 69
1420 30
1421 33
1422 50
1423 28
1424 66
1425 20
1426 62
1427 18
1428 89
1429 23
1430 46
1431 45
1432 20
1433 29
1434 56
1435 21
1436 80
1437 41
1438 29
1439 60
1440 30
1441 38
1442 59
1443 24
1444 74
1445 23
1446 49
1447 28
1448 34
1449 51
1450 28
1451 69
1452 36
1453 31
1454 70
1455 34
1456 35
1457 55
1458 20
1459 53
1460 44
1461 30
1462 68
1463 27
1464 31
1465 45
1466 21
1467 80
1468 30
1469 33
1470 37
1471 35
1472 57
1473 18
1474 67
1475 30
1476 42
1477 37
1478 30
1479 59
1480 20
1481 34
1482 75
1483 34
1484 31
1485 64
1486 20
1487 43
1488 49
1489 19
1490 31
1491 55
1492 21
1493 57
1494 37
1495 33
1496 74
1497 23
1498 38
1499 50
1500 30
1501 65
1502 21
1503 47
1504 35
1505 35
1506 33
1507 32
1508 55
1509 29
1510 32
1511 50
1512 24
1513 66
1514 19
1515 38
1516 59
1517 26
1518 41
1519 42
1520 30
1521 57
1522 27
1523 67
1524 36
1525 32
1526 40
1527 30
1528 33
1529 31
1530 71
1531 27
1532 32
1533 71
1534 38
1535 30
1536 68
1537 25
1538 37
1539 50
1540 20
1541 64
1542 49
1543 28
1544 56
1545 31
1546 64
1547 22
1548 67
1549 20
1550 45
1551 48
1552 34
1553 65
1554 29
1555 33
1556 59
1557 23
1558 39
1559 45
1560 28
1561 34
1562 39
1563 32
1564 56
1565 23
1566 63
1567 40
1568 28
1569 50
1570 26
1571 50
1572 29
1573 66
1574 22
1575 47
1576 52
1577 25
1578 77
1579 40
1580 30
1581 59
1582 20
1583 35
1584 68
1585 27
1586 33
1587 34
1588 31
1589 32
1590 25
1591 64
1592 32
1593 31
1594 55
1595 24
1596 47
1597 50
1598 20
1599 34
1600 47
1601 30
1602 83
1603 36
1604 32
1605 67
1606 18
1607 36
1608 41
1609 30
1610 75
1611 33
1612 29
1613 57
1614 18
1615 33
1616 72
1617 21
1618 34
1619 53
1620 20
1621 80
1622 45
1623 28
1624 67
1625 28
1626 33
1627 38
1628 23
1629 69
1630 34
1631 30
1632 68
1633 31
1634 29
1635 50
1636 22
1637 48
1638 33
1639 25
1640 67
1641 22
1642 72
1643 21
1644 70
1645 31
1646 54
1647 39
1648 28
1649 90
1650 20
1651 39
1652 37
1653 31
1654 44
1655 28
1656 66
1657 17
1658 66
1659 21
1660 58
1661 37
1662 27
1663 58
1664 30
1665 28
1666 54
1667 20
1668 20
1669 33
1670 32
1671 39
1672 31
1673 47
1674 30
1675 70
1676 28
1677 42
1678 47
1679 34
1680 42
1681 25
1682 64
1683 21
1684 34
1685 41
1686 32
1687 64
1688 41
1689 32
1690 74
1691 33
1692 29
1693 66
1694 41
1695 31
1696 75
1697 35
1698 34
1699 31
1700 31
1701 60
1702 23
1703 43
1704 42
1705 30
1706 69
1707 17
1708 32
1709 57
1710 29
1711 33
1712 60
1713 22
1714 37
1715 53
1716 23
1717 30
1718 40
1719 31
1720 74
1721 31
1722 80
1723 34
1724 30
1725 52
1726 21
1727 34
1728 31
1729 23
1730 59
1731 36
1732 34
1733 63
1734 33
1735 54
1736 30
1737 41
1738 44
1739 24
1740 46
1741 32
1742 45
1743 30
1744 52
1745 25
1746 77
1747 36
1748 32
1749 67
1750 21
1751 50
1752 58
1753 23
1754 30
1755 45
1756 28
1757 66
1758 35
1759 26
1760 60
1761 20
1762 40
1763 35
1764 29
1765 73
1766 34
1767 29
1768 50
1769 18
1770 33
1771 53
1772 19
1773 73
1774 21
1775 39
1776 60
1777 33
1778 22
1779 48
1780 24
1781 60
1782 27
1783 49
1784 47
1785 33
1786 36
1787 31
1788 34
1789 27
1790 62
1791 29
1792 33
1793 57
1794 19
1795 62
1796 44
1797 29
1798 61
1799 36
1800 31
1801 83
1802 50
1803 19
1804 37
1805 74
1806 25
1807 21
1808 58
1809 32
1810 46
1811 25
1812 51
1813 29
1814 74
1815 33
1816 34
1817 45
1818 21
1819 71
1820 19
1821 59
1822 37
1823 35
1824 58
1825 19
1826 74
1827 36
1828 37
1829 56
1830 21
1831 36
1832 52
1833 25
1834 67
1835 32
1836 30
1837 65
1838 31
1839 39
1840 46
1841 32
1842 74
1843 29
1844 29
1845 51
1846 19
1847 45
1848 38
1849 38
1850 54
1851 24
1852 33
1853 64
1854 35
1855 19
1856 55
1857 35
1858 63
1859 22
1860 67
1861 31
1862 33
1863 40
1864 30
1865 48
1866 30
1867 59
1868 25
1869 70
1870 27
1871 30
1872 52
1873 20
1874 66
1875 36
1876 30
1877 67
1878 29
1879 31
1880 58
1881 18
1882 46
1883 46
1884 35
1885 71
1886 17
1887 64
1888 31
1889 31
1890 49
1891 28
1892 107
1893 33
1894 33
1895 48
1896 22
1897 58
1898 22
1899 61
1900 29
1901 42
1902 55
1903 20
1904 56
1905 43
1906 29
1907 63
1908 26
1909 30
1910 53
1911 21
1912 30
1913 49
1914 20
1915 62
1916 32
1917 28
1918 50
1919 43
1920 24
1921 40
1922 44
1923 31
1924 50
1925 30
1926 65
1927 34
1928 39
1929 46
1930 19
1931 67
1932 40
1933 27
1934 67
1935 35
1936 30
1937 56
1938 32
1939 31
1940 85
1941 29
1942 22
1943 87
1944 32
1945 30
1946 59
1947 30
1948 49
1949 28
1950 53
1951 18
1952 73
1953 35
1954 28
1955 62
1956 26
1957 35
1958 39
1959 32
1960 68
1961 32
1962 34
1963 74
1964 31
1965 35
1966 37
1967 31
1968 76
1969 41
1970 24
1971 59
1972 18
1973 88
1974 36
1975 27
1976 71
1977 37
1978 27
1979 74
1980 36
1981 34
1982 57
1983 22
1984 51
1985 27
1986 33
1987 36
1988 33
1989 70
1990 28
1991 53
1992 22
1993 63
1994 29
1995 34
1996 71
1997 37
1998 31
1999 54
2000 25
2001 39
2002 41
2003 33
2004 68
2005 40
2006 31
2007 55
2008 19
2009 40
2010 47
2011 22
2012 81
2013 37
2014 34
2015 57
2016 21
2017 42
2018 47
2019 29
2020 69
2021 35
2022 30
2023 55
2024 28
2025 33
2026 53
2027 21
2028 65
2029 38
2030 28
2031 40
2032 34
2033 30
2034 61
2035 49
2036 25
2037 53
2038 50
2039 22
2040 75
2041 35
2042 27
2043 64
2044 20
2045 31
2046 46
2047 27
2048 76
2049 41
2050 28
2051 61
2052 44
2053 29
2054 76
2055 38
2056 29
2057 68
2058 20
2059 35
2060 47
2061 28
2062 49
2063 33
2064 52
2065 15
2066 29
2067 70
2068 31
2069 29
2070 72
2071 45
2072 29
2073 64
2074 37
2075 29
2076 49
2077 24
2078 39
2079 50
2080 27
2081 76
2082 39
2083 26
2084 71
2085 25
2086 33
2087 51
2088 23
2089 37
2090 46
2091 21
2092 32
2093 46
2094 27
2095 46
2096 43
2097 32
2098 71
2099 28
2100 34
2101 70
2102 25
2103 35
2104 54
2105 24
2106 46
2107 42
2108 29
2109 70
2110 24
2111 32
2112 67
2113 25
2114 38
2115 47
2116 20
2117 37
2118 59
2119 30
2120 68
2121 32
2122 25
2123 60
2124 20
2125 80
2126 51
2127 20
2128 37
2129 82
2130 48
2131 32
2132 58
2133 19
2134 63
2135 21
2136 40
2137 39
2138 21
2139 56
2140 21
2141 70
2142 19
2143 62
2144 40
2145 27
2146 85
2147 43
2148 27
2149 55
2150 43
2151 30
2152 74
2153 20
2154 37
2155 50
2156 29
2157 69
2158 39
2159 31
2160 37
2161 34
2162 44
2163 28
2164 65
2165 24
2166 31
2167 56
2168 20
2169 58
2170 22
2171 74
2172 33
2173 35
2174 38
2175 32
2176 43
2177 31
2178 68
2179 28
2180 26
2181 73
2182 33
2183 30
2184 53
2185 20
2186 42
2187 60
2188 23
2189 38
2190 66
2191 21
2192 59
2193 35
2194 37
2195 38
2196 25
2197 46
2198 19
2199 31
2200 46
2201 33
2202 29
2203 50
2204 22
2205 80
2206 35
2207 37
2208 39
2209 31
2210 58
2211 19
2212 67
2213 38
2214 30
2215 67
2216 24
2217 44
2218 52
2219 21
2220 76
2221 41
2222 27
2223 55
2224 32
2225 28
2226 77
2227 42
2228 28
2229 76
2230 20
2231 38
2232 46
2233 32
2234 41
2235 43
2236 22
2237 31
2238 35
2239 33
2240 47
2241 29
2242 66
2243 29
2244 34
2245 37
2246 33
2247 38
2248 22
2249 61
2250 46
2251 27
2252 69
2253 45
2254 31
2255 48
2256 27
2257 66
2258 42
2259 21
2260 51
2261 30
2262 33
2263 35
2264 32
2265 72
2266 42
2267 26
2268 76
2269 31
2270 32
2271 51
2272 27
2273 50
2274 26
2275 70
2276 38
2277 29
2278 67
2279 39
2280 24
2281 40
2282 32
2283 55
2284 26
2285 63
2286 23
2287 84
2288 43
2289 22
2290 48
2291 52
2292 21
2293 69
2294 39
2295 27
2296 60
2297 20
2298 36
2299 43
2300 29
2301 75
2302 50
2303 21
2304 61
2305 49
2306 24
2307 38
2308 37
2309 27
2310 44
2311 24
2312 66
2313 32
2314 27
2315 68
2316 29
2317 35
2318 56
2319 22
2320 47
2321 41
2322 20
2323 41
2324 49
2325 27
2326 64
2327 37
2328 31
2329 57
2330 20
2331 35
2332 53
2333 20
2334 50
2335 39
2336 28
2337 65
2338 35
2339 32
2340 53
2341 25
2342 60
2343 33
2344 30
2345 45
2346 32
2347 53
2348 22
2349 61
2350 40
2351 27
2352 48
2353 60
2354 31
2355 33
2356 66
2357 37
2358 25
2359 79
2360 37
2361 31
2362 78
2363 44
2364 20
2365 72
2366 24
2367 76
2368 35
2369 33
2370 91
2371 19
2372 66
2373 23
2374 40
2375 31
2376 31
2377 54
2378 21
2379 71
2380 26
2381 76
2382 40
2383 20
2384 42
2385 42
2386 28
2387 83
2388 41
2389 28
2390 66
2391 29
2392 31
2393 60
2394 22
2395 73
2396 57
2397 30
2398 68
2399 21
2400 44
2401 33
2402 31
2403 59
2404 21
2405 69
2406 38
2407 27
2408 66
2409 29
2410 28
2411 61
2412 31
2413 30
2414 67
2415 46
2416 20
2417 39
2418 40
2419 19
2420 51
2421 41
2422 18
2423 38
2424 53
2425 29
2426 37
2427 49
2428 21
2429 69
2430 48
2431 22
2432 36
2433 53
2434 41
2435 33
2436 62
2437 30
2438 32
2439 57
2440 24
2441 77
2442 42
2443 30
2444 65
2445 41
2446 28
2447 76
2448 20
2449 32
2450 43
2451 28
2452 63
2453 21
2454 80
2455 20
2456 32
2457 69
2458 37
2459 31
2460 43
2461 30
2462 36
2463 20
2464 57
2465 45
2466 23
2467 53
2468 52
2469 20
2470 46
2471 31
2472 30
2473 57
2474 22
2475 37
2476 47
2477 22
2478 64
2479 38
2480 35
2481 65
2482 31
2483 34
2484 52
2485 29
2486 60
2487 30
2488 33
2489 53
2490 18
2491 40
2492 64
2493 20
2494 55
2495 37
2496 28
2497 63
2498 30
2499 29
2500 54
2501 18
2502 39
2503 41
2504 19
2505 35
2506 42
2507 27
2508 69
2509 30
2510 44
2511 56
2512 33
2513 22
2514 60
2515 19
2516 39
2517 52
2518 21
2519 69
2520 31
2521 27
2522 53
2523 42
2524 28
2525 66
2526 29
2527 30
2528 69
2529 46
2530 26
2531 64
2532 23
2533 69
2534 22
2535 64
2536 27
2537 70
2538 29
2539 37
2540 29
2541 51
2542 22
2543 63
2544 27
2545 33
2546 66
2547 24
2548 33
2549 49
2550 23
2551 69
2552 36
2553 31
2554 71
2555 31
2556 32
2557 70
2558 33
2559 33
2560 52
2561 18
2562 52
2563 41
2564 32
2565 67
2566 44
2567 18
2568 75
2569 32
2570 29
2571 55
2572 28
2573 58
2574 21
2575 34
2576 50
2577 26
2578 54
2579 45
2580 26
2581 55
2582 30
2583 68
2584 21
2585 36
2586 52
2587 32
2588 77
2589 32
2590 25
2591 61
2592 40
2593 62
2594 33
2595 50
2596 26
2597 41
2598 44
2599 27
2600 72
2601 42
2602 29
2603 64
2604 31
2605 37
2606 36
2607 32
2608 44
2609 31
2610 51
2611 21
2612 70
2613 50
2614 31
2615 45
2616 28
2617 48
2618 20
2619 33
2620 46
2621 24
2622 52
2623 41
2624 32
2625 64
2626 35
2627 34
2628 49
2629 20
2630 61
2631 45
2632 29
2633 64
2634 29
2635 30
2636 66
2637 42
2638 27
2639 74
2640 28
2641 29
2642 49
2643 21
2644 52
2645 45
2646 22
2647 35
2648 51
2649 21
2650 55
2651 45
2652 34
2653 59
2654 34
2655 29
2656 63
2657 21
2658 54
2659 53
2660 25
2661 39
2662 40
2663 26
2664 46
2665 25
2666 54
2667 40
2668 25
2669 72
2670 32
2671 33
2672 60
2673 29
2674 29
2675 69
2676 34
2677 31
2678 46
2679 42
2680 28
2681 63
2682 34
2683 31
2684 62
2685 29
2686 31
2687 53
2688 19
2689 45
2690 42
2691 29
2692 75
2693 40
2694 24
2695 77
2696 29
2697 25
2698 53
2699 32
2700 30
2701 70
2702 24
2703 33
2704 60
2705 22
2706 38
2707 61
2708 35
2709 31
2710 57
2711 21
2712 44
2713 54
2714 21
2715 72
2716 24
2717 35
2718 26
2719 29
2720 62
2721 32
2722 31
2723 44
2724 27
2725 54
2726 19
2727 33
2728 69
2729 32
2730 59
2731 26
2732 77
2733 28
2734 46
2735 36
2736 29
2737 46
2738 24
2739 70
2740 31
2741 28
2742 51
2743 19
2744 37
2745 38
2746 20
2747 34
2748 57
2749 34
2750 30
2751 73
2752 33
2753 26
2754 63
2755 25
2756 32
2757 48
2758 21
2759 33
2760 55
2761 30
2762 30
2763 62
2764 36
2765 27
2766 76
2767 33
2768 29
2769 48
2770 31
2771 63
2772 25
2773 71
2774 22
2775 46
2776 32
2777 28
2778 56
2779 18
2780 43
2781 48
2782 19
2783 54
2784 58
2785 30
2786 72
2787 42
2788 31
2789 37
2790 27
2791 37
2792 30
2793 36
2794 61
2795 48
2796 22
2797 53
2798 51
2799 23
2800 39
2801 46
2802 21
2803 73
2804 51
2805 20
2806 37
2807 36
2808 33
2809 48
2810 31
2811 70
2812 23
2813 29
2814 59
2815 21
2816 36
2817 51
2818 21
2819 34
2820 59
2821 22
2822 39
2823 58
2824 32
2825 73
2826 34
2827 30
2828 48
2829 21
2830 40
2831 50
2832 31
2833 24
2834 56
2835 21
2836 47
2837 31
2838 38
2839 39
2840 34
2841 70
2842 39
2843 33
2844 71
2845 17
2846 38
2847 51
2848 27
2849 77
2850 35
2851 31
2852 40
2853 32
2854 47
2855 26
2856 73
2857 36
2858 34
2859 60
2860 19
2861 73
2862 20
2863 56
2864 37
2865 33
2866 77
2867 23
2868 56
2869 55
2870 27
2871 63
2872 38
2873 36
2874 40
2875 30
2876 53
2877 35
2878 64
2879 21
2880 68
2881 27
2882 75
2883 35
2884 20
2885 34
2886 36
2887 23
2888 39
2889 52
2890 25
2891 40
2892 49
2893 17
2894 56
2895 35
2896 33
2897 28
2898 17
2899 36
2900 42
2901 20
2902 63
2903 45
2904 29
2905 71
2906 38
2907 35
2908 65
2909 16
2910 39
2911 40
2912 23
2913 75
2914 37
2915 37
2916 64
2917 28
2918 32
2919 50
2920 20
2921 48
2922 43
2923 25
2924 68
2925 34
2926 31
2927 64
2928 17
2929 77
2930 26
2931 68
2932 33
2933 30
2934 67
2935 29
2936 31
2937 54
2938 21
2939 50
2940 36
2941 33
2942 67
2943 17
2944 44
2945 37
2946 18
2947 40
2948 53
2949 24
2950 53
2951 32
2952 24
2953 52
2954 30
2955 60
2956 25
2957 33
2958 76
2959 28
2960 37
2961 51
2962 30
2963 60
2964 20
2965 64
2966 45
2967 21
2968 32
2969 47
2970 30
2971 66
2972 38
2973 33
2974 69
2975 31
2976 34
2977 57
2978 21
2979 56
2980 41
2981 29
2982 47
2983 29
2984 42
2985 18
2986 54
2987 25
2988 28
2989 48
2990 20
2991 70
2992 32
2993 29
2994 59
2995 19
2996 72
2997 18
2998 46
2999 31
3000 32
3001 39
3002 31
3003 53
3004 20
3005 40
3006 25
3007 34
3008 25
3009 34
3010 42
3011 18
3012 80
3013 50
3014 20
3015 35
3016 37
3017 24
3018 63
3019 26
3020 26
3021 66
3022 23
3023 64
3024 22
3025 46
3026 34
3027 30
3028 60
3029 19
3030 35
3031 46
3032 30
3033 67
3034 32
3035 30
3036 64
3037 36
3038 25
3039 74
3040 29
3041 34
3042 69
3043 19
3044 51
3045 39
3046 30
3047 61
3048 31
3049 33
3050 49
3051 19
3052 77
3053 45
3054 19
3055 35
3056 70
3057 36
3058 28
3059 81
3060 30
3061 15
3062 37
3063 26
3064 64
3065 16
3066 50
3067 31
3068 33
3069 36
3070 32
3071 65
3072 21
3073 75
3074 27
3075 67
3076 32
3077 25
3078 50
3079 17
3080 37
3081 57
3082 24
3083 56
3084 39
3085 29
3086 68
3087 32
3088 32
3089 37
3090 37
3091 32
3092 75
3093 29
3094 32
3095 72
3096 20
3097 46
3098 44
3099 31
3100 78
3101 34
3102 20
3103 52
3104 41
3105 30
3106 59
3107 30
3108 33
3109 60
3110 20
3111 36
3112 52
3113 29
3114 67
3115 33
3116 33
3117 50
3118 23
3119 74
3120 34
3121 31
3122 72
3123 28
3124 67
3125 18
3126 58
3127 26
3128 28
3129 65
3130 22
3131 52
3132 42
3133 26
3134 70
3135 33
3136 30
3137 45
3138 28
3139 54
3140 16
3141 36
3142 58
3143 39
3144 29
3145 65
3146 39
3147 29
3148 56
3149 26
3150 40
3151 26
3152 33
3153 45
3154 27
3155 64
3156 35
3157 29
3158 61
3159 19
3160 34
3161 44
3162 33
3163 69
3164 37
3165 33
3166 58
3167 23
3168 31
3169 39
3170 25
3171 67
3172 34
3173 36
3174 45
3175 20
3176 66
3177 30
3178 28
3179 69
3180 16
3181 36
3182 47
3183 24
3184 61
3185 27
3186 22
3187 57
3188 28
3189 30
3190 38
3191 21
3192 75
3193 21
3194 45
3195 46
3196 25
3197 66
3198 33
3199 32
3200 46
3201 21
3202 66
3203 34
3204 27
3205 68
3206 31
3207 29
3208 71
3209 22
3210 55
3211 49
3212 24
3213 34
3214 74
3215 41
3216 30
3217 39
3218 28
3219 35
3220 31
3221 31
3222 53
3223 19
3224 38
3225 53
3226 25
3227 60
3228 34
3229 29
3230 61
3231 20
3232 38
3233 43
3234 24
3235 71
3236 28
3237 29
3238 38
3239 19
3240 34
3241 48
3242 21
3243 44
3244 20
3245 19
3246 40
3247 48
3248 22
3249 70
3250 34
3251 33
3252 36
3253 33
3254 49
3255 43
3256 71
3257 23
3258 54
3259 44
3260 29
3261 61
3262 26
3263 58
3264 22
3265 70
3266 35
3267 26
3268 52
3269 26
3270 58
3271 25
3272 62
3273 42
3274 32
3275 61
3276 23
3277 34
3278 48
3279 25
3280 65
3281 36
3282 32
3283 69
3284 27
3285 25
3286 71
3287 47
3288 38
3289 53
3290 22
3291 35
3292 50
3293 27
3294 72
3295 21
3296 35
3297 53
3298 23
3299 44
3300 40
3301 24
3302 69
3303 36
3304 22
3305 46
3306 48
3307 19
3308 30
3309 58
3310 19
3311 40
3312 50
3313 33
3314 54
3315 33
3316 51
3317 21
3318 65
3319 34
3320 17
3321 35
3322 43
3323 30
3324 70
3325 22
3326 62
3327 23
3328 37
3329 40
3330 29
3331 55
3332 21
3333 33
3334 43
3335 18
3336 37
3337 28
3338 53
3339 31
3340 43
3341 37
3342 33
3343 31
3344 48
3345 32
3346 64
3347 22
3348 40
3349 51
3350 28
3351 74
3352 18
3353 45
3354 22
3355 60
3356 35
3357 30
3358 69
3359 22
3360 37
3361 52
3362 30
3363 75
3364 40
3365 31
3366 53
3367 27
3368 26
3369 44
3370 22
3371 69
3372 36
3373 30
3374 55
3375 20
3376 51
3377 37
3378 20
3379 57
3380 29
3381 70
3382 20
3383 55
3384 36
3385 25
3386 53
3387 27
3388 69
3389 20
3390 31
3391 58
3392 31
3393 36
3394 60
3395 25
3396 79
3397 31
3398 35
3399 31
3400 35
3401 44
3402 24
3403 52
3404 21
3405 62
3406 39
3407 28
3408 68
3409 31
3410 33
3411 54
3412 26
3413 66
3414 32
3415 26
3416 56
3417 19
3418 37
3419 50
3420 32
3421 76
3422 34
3423 30
3424 51
3425 43
3426 25
3427 49
3428 33
3429 30
3430 71
3431 31
3432 37
3433 53
3434 18
3435 35
3436 50
3437 28
3438 31
3439 60
3440 20
3441 36
3442 46
3443 30
3444 60
3445 55
3446 24
3447 76
3448 32
3449 33
3450 30
3451 25
3452 47
3453 61
3454 41
3455 63
3456 26
3457 66
3458 28
3459 52
3460 33
3461 68
3462 32
3463 35
3464 37
3465 27
3466 34
3467 29
3468 63
3469 43
3470 26
3471 48
3472 30
3473 30
3474 33
3475 33
3476 57
3477 28
3478 67
3479 21
3480 75
3481 36
3482 28
3483 60
3484 19
3485 36
3486 40
3487 32
3488 51
3489 28
3490 73
3491 27
3492 34
3493 51
3494 22
3495 58
3496 37
3497 28
3498 78
3499 32
3500 33
3501 71
3502 38
3503 36
3504 46
3505 21
3506 86
3507 43
3508 30
3509 43
3510 30
3511 61
3512 20
3513 37
3514 53
3515 25
3516 72
3517 30
3518 30
3519 72
3520 30
3521 40
3522 54
3523 30
3524 75
3525 38
3526 37
3527 66
3528 19
3529 68
3530 45
3531 27
3532 62
3533 31
3534 33
3535 68
3536 35
3537 23
3538 63
3539 41
3540 23
3541 46
3542 42
3543 23
3544 68
3545 40
3546 29
3547 64
3548 21
3549 51
3550 39
3551 29
3552 65
3553 31
3554 32
3555 70
3556 30
3557 29
3558 50
3559 28
3560 53
3561 20
3562 46
3563 38
3564 29
3565 65
3566 29
3567 29
3568 61
3569 21
3570 35
3571 44
3572 28
3573 85
3574 30
3575 52
3576 30
3577 31
3578 48
3579 29
3580 72
3581 36
3582 31
3583 54
3584 22
3585 35
3586 74
3587 35
3588 29
3589 44
3590 57
3591 21
3592 36
3593 38
3594 27
3595 78
3596 27
3597 29
3598 51
3599 51
3600 19
3601 34
3602 33
3603 27
3604 57
3605 21
3606 70
3607 36
3608 30
3609 58
3610 20
3611 28
3612 72
3613 38
3614 30
3615 80
3616 42
3617 24
3618 39
3619 38
3620 31
3621 73
3622 34
3623 27
3624 66
3625 33
3626 30
3627 72
3628 21
3629 24
3630 43
3631 21
3632 46
3633 41
3634 23
3635 64
3636 20
3637 65
3638 29
3639 68
3640 35
3641 24
3642 47
3643 36
3644 76
3645 36
3646 30
3647 66
3648 26
3649 38
3650 51
3651 26
3652 67
3653 40
3654 28
3655 55
3656 34
3657 28
3658 79
3659 44
3660 20
3661 34
3662 68
3663 23
3664 39
3665 32
3666 29
3667 46
3668 28
3669 66
3670 29
3671 36
3672 47
3673 22
3674 64
3675 34
3676 30
3677 57
3678 21
3679 35
3680 64
3681 37
3682 27
3683 67
3684 32
3685 32
3686 56
3687 20
3688 82
3689 42
3690 30
3691 68
3692 23
3693 41
3694 54
3695 24
3696 60
3697 21
3698 56
3699 20
3700 63
3701 28
3702 51
3703 47
3704 38
3705 80
3706 53
3707 41
3708 45
3709 34
3710 69
3711 51
3712 38
3713 54
3714 38
3715 71
3716 45
3717 79
3718 31
3719 53
3720 32
3721 67
3722 47
3723 21
3724 42
3725 21
3726 41
3727 28
3728 46
3729 22
3730 69
3731 36
3732 89
3733 23
3734 65
3735 36
3736 79
3737 51
3738 26
3739 32
3740 61
3741 38
3742 82
3743 22
3744 46
3745 37
3746 45
3747 42
3748 74
3749 39
3750 37
3751 43
3752 35
3753 70
3754 26
3755 46
3756 60
3757 37
3758 46
3759 37
3760 52
3761 22
3762 61
3763 24
3764 35
3765 48
3766 22
3767 90
3768 46
3769 29
3770 57
3771 29
3772 70
3773 42
3774 33
3775 50
3776 24
3777 49
3778 37
3779 30
3780 68
3781 37
3782 26
3783 41
3784 51
3785 28
3786 62
3787 25
3788 54
3789 35
3790 42
3791 42
3792 32
3793 71
3794 36
3795 36
3796 56
3797 22
3798 40
3799 40
3800 33
3801 67
3802 30
3803 30
3804 52
3805 21
3806 69
3807 46
3808 24
3809 39
3810 48
3811 20
3812 29
3813 73
3814 38
3815 31
3816 44
3817 33
3818 55
3819 27
3820 36
3821 46
3822 18
3823 33
3824 66
3825 37
3826 29
3827 49
3828 34
3829 33
3830 55
3831 19
3832 64
3833 23
3834 30
3835 35
3836 33
3837 76
3838 22
3839 33
3840 66
3841 30
3842 54
3843 29
3844 55
3845 21
3846 75
3847 20
3848 47
3849 33
3850 24
3851 52
3852 32
3853 61
3854 21
3855 62
3856 20
3857 56
3858 53
3859 19
3860 36
3861 52
3862 21
3863 72
3864 28
3865 36
3866 39
3867 25
3868 34
3869 32
3870 59
3871 20
3872 56
3873 21
3874 74
3875 36
3876 27
3877 62
3878 21
3879 28
3880 69
3881 41
3882 27
3883 61
3884 30
3885 30
3886 51
3887 17
3888 44
3889 48
3890 34
3891 37
3892 36
3893 39
3894 37
3895 30
3896 29
3897 69
3898 24
3899 49
3900 31
3901 44
3902 31
3903 73
3904 36
3905 31
3906 67
3907 44
3908 30
3909 67
3910 37
3911 29
3912 70
3913 29
3914 33
3915 80
3916 46
3917 27
3918 50
3919 43
3920 29
3921 69
3922 34
3923 34
3924 52
3925 27
3926 34
3927 65
3928 45
3929 30
3930 68
3931 43
3932 29
3933 74
3934 33
3935 34
3936 62
3937 22
3938 69
3939 22
3940 59
3941 27
3942 67
3943 33
3944 24
3945 47
3946 34
3947 30
3948 61
3949 23
3950 65
3951 21
3952 67
3953 40
3954 29
3955 51
3956 42
3957 30
3958 85
3959 39
3960 33
3961 66
3962 33
3963 32
3964 48
3965 20
3966 60
3967 43
3968 28
3969 71
3970 32
3971 33
3972 51
3973 36
3974 53
3975 39
3976 31
3977 56
3978 23
3979 58
3980 46
3981 26
3982 80
3983 33
3984 36
3985 53
3986 22
3987 59
3988 42
3989 31
3990 71
3991 45
3992 61
3993 44
3994 69
3995 27
3996 49
3997 31
3998 61
3999 19
4000 34
4001 60
4002 33
4003 33
4004 56
4005 23
4006 39
4007 51
4008 30
4009 32
4010 60
4011 19
4012 55
4013 46
4014 21
4015 30
4016 47
4017 30
4018 32
4019 50
4020 21
4021 38
4022 59
4023 31
4024 29
4025 64
4026 38
4027 33
4028 61
4029 23
4030 40
4031 43
4032 27
4033 68
4034 18
4035 50
4036 27
4037 33
4038 57
4039 23
4040 32
4041 63
4042 18
4043 36
4044 46
4045 28
4046 79
4047 40
4048 29
4049 59
4050 28
4051 36
4052 65
4053 42
4054 20
4055 36
4056 43
4057 25
4058 74
4059 21
4060 65
4061 19
4062 65
4063 28
4064 43
4065 20
4066 63
4067 26
4068 60
4069 22
4070 61
4071 37
4072 34
4073 53
4074 34
4075 62
4076 21
4077 66
4078 43
4079 19
4080 39
4081 62
4082 36
4083 30
4084 74
4085 28
4086 33
4087 51
4088 19
4089 46
4090 37
4091 24
4092 60
4093 34
4094 24
4095 62
4096 21
4097 42
4098 30
4099 33
4100 39
4101 28
4102 29
4103 41
4104 20
4105 32
4106 72
4107 30
4108 36
4109 53
4110 18
4111 35
4112 52
4113 30
4114 65
4115 19
4116 52
4117 29
4118 37
4119 56
4120 22
4121 65
4122 25
4123 31
4124 68
4125 27
4126 31
4127 54
4128 21
4129 52
4130 39
4131 33
4132 76
4133 37
4134 23
4135 73
4136 37
4137 21
4138 33
4139 50
4140 23
4141 32
4142 66
4143 39
4144 29
4145 58
4146 19
4147 32
4148 43
4149 28
4150 78
4151 38
4152 32
4153 67
4154 34
4155 48
4156 29
4157 34
4158 51
4159 22
4160 50
4161 20
4162 52
4163 20
4164 53
4165 42
4166 27
4167 76
4168 33
4169 30
4170 61
4171 23
4172 29
4173 67
4174 38
4175 31
4176 70
4177 31
4178 31
4179 57
4180 18
4181 43
4182 31
4183 33
4184 37
4185 30
4186 57
4187 27
4188 52
4189 30
4190 27
4191 71
4192 35
4193 46
4194 32
4195 41
4196 47
4197 20
4198 68
4199 27
4200 16
4201 49
4202 50
4203 27
4204 98
4205 36
4206 24
4207 67
4208 34
4209 27
4210 77
4211 29
4212 27
4213 70
4214 23
4215 43
4216 44
4217 32
4218 68
4219 22
4220 66
4221 34
4222 32
4223 47
4224 20
4225 56
4226 35
4227 32
4228 66
4229 31
4230 34
4231 57
4232 17
4233 31
4234 62
4235 27
4236 33
4237 61
4238 20
4239 38
4240 49
4241 23
4242 67
4243 42
4244 18
4245 54
4246 44
4247 27
4248 74
4249 36
4250 29
4251 83
4252 35
4253 29
4254 54
4255 18
4256 34
4257 54
4258 26
4259 63
4260 53
4261 21
4262 31
4263 52
4264 19
4265 41
4266 54
4267 20
4268 31
4269 67
4270 32
4271 35
4272 44
4273 22
4274 31
4275 65
4276 26
4277 34
4278 55
4279 19
4280 30
4281 58
4282 35
4283 24
4284 75
4285 46
4286 24
4287 75
4288 32
4289 24
4290 80
4291 41
4292 18
4293 67
4294 32
4295 28
4296 63
4297 21
4298 46
4299 56
4300 20
4301 63
4302 32
4303 34
4304 46
4305 44
4306 24
4307 71
4308 36
4309 30
4310 54
4311 28
4312 56
4313 23
4314 38
4315 45
4316 33
4317 74
4318 35
4319 36
4320 70
4321 32
4322 21
4323 52
4324 45
4325 23
4326 32
4327 52
4328 19
4329 67
4330 35
4331 22
4332 48
4333 51
4334 31
4335 86
4336 36
4337 35
4338 50
4339 22
4340 40
4341 51
4342 28
4343 57
4344 34
4345 28
4346 43
4347 30
4348 73
4349 31
4350 21
4351 69
4352 39
4353 33
4354 59
4355 22
4356 37
4357 36
4358 29
4359 42
4360 25
4361 60
4362 47
4363 26
4364 55
4365 38
4366 30
4367 46
4368 32
4369 57
4370 23
4371 35
4372 76
4373 32
4374 32
4375 63
4376 22
4377 37
4378 40
4379 28
4380 77
4381 44
4382 20
4383 55
4384 43
4385 32
4386 65
4387 32
4388 32
4389 52
4390 21
4391 76
4392 41
4393 29
4394 63
4395 33
4396 31
4397 69
4398 54
4399 19
4400 38
4401 36
4402 25
4403 67
4404 30
4405 28
4406 53
4407 22
4408 36
4409 33
4410 28
4411 72
4412 48
4413 18
4414 39
4415 49
4416 20
4417 37
4418 36
4419 30
4420 37
4421 31
4422 57
4423 27
4424 32
4425 43
4426 20
4427 75
4428 40
4429 30
4430 64
4431 19
4432 37
4433 67
4434 26
4435 57
4436 20
4437 76
4438 33
4439 32
4440 69
4441 20
4442 36
4443 43
4444 17
4445 35
4446 59
4447 19
4448 37
4449 48
4450 36
4451 67
4452 20
4453 56
4454 23
4455 28
4456 71
4457 41
4458 26
4459 51
4460 30
4461 58
4462 26
4463 93
4464 23
4465 32
4466 63
4467 35
4468 31
4469 56
4470 42
4471 32
4472 64
4473 30
4474 32
4475 43
4476 22
4477 49
4478 46
4479 29
4480 72
4481 29
4482 28
4483 52
4484 16
4485 34
4486 70
4487 29
4488 34
4489 58
4490 19
4491 66
4492 55
4493 20
4494 39
4495 46
4496 30
4497 84
4498 32
4499 30
4500 68
4501 26
4502 44
4503 49
4504 30
4505 63
4506 31
4507 31
4508 54
4509 22
4510 59
4511 33
4512 19
4513 76
4514 33
4515 35
4516 44
4517 27
4518 61
4519 33
4520 31
4521 71
4522 37
4523 23
4524 61
4525 20
4526 29
4527 60
4528 28
4529 33
4530 62
4531 20
4532 37
4533 50
4534 20
4535 56
4536 39
4537 35
4538 76
4539 40
4540 30
4541 38
4542 35
4543 29
4544 65
4545 32
4546 31
4547 52
4548 19
4549 52
4550 45
4551 28
4552 71
4553 30
4554 36
4555 50
4556 21
4557 56
4558 37
4559 29
4560 76
4561 32
4562 39
4563 32
4564 36
4565 47
4566 30
4567 69
4568 34
4569 29
4570 61
4571 20
4572 60
4573 44
4574 26
4575 73
4576 39
4577 24
4578 40
4579 47
4580 26
4581 65
4582 28
4583 28
4584 72
4585 24
4586 30
4587 50
4588 32
4589 53
4590 45
4591 22
4592 33
4593 38
4594 33
4595 47
4596 19
4597 32
4598 69
4599 34
4600 29
4601 42
4602 37
4603 31
4604 65
4605 26
4606 34
4607 58
4608 22
4609 35
4610 40
4611 20
4612 67
4613 19
4614 41
4615 35
4616 28
4617 82
4618 39
4619 31
4620 56
4621 29
4622 52
4623 22
4624 42
4625 41
4626 23
4627 48
4628 32
4629 34
4630 53
4631 19
4632 76
4633 34
4634 29
4635 72
4636 29
4637 32
4638 55
4639 23
4640 70
4641 22
4642 72
4643 45
4644 21
4645 37
4646 54
4647 21
4648 33
4649 62
4650 34
4651 36
4652 51
4653 25
4654 58
4655 40
4656 33
4657 73
4658 48
4659 23
4660 48
4661 23
4662 55
4663 25
4664 71
4665 35
4666 25
4667 77
4668 32
4669 42
4670 68
4671 26
4672 30
4673 55
4674 28
4675 20
4676 66
4677 32
4678 32
4679 72
4680 32
4681 39
4682 48
4683 19
4684 43
4685 63
4686 28
4687 37
4688 60
4689 19
4690 62
4691 37
4692 24
4693 49
4694 28
4695 59
4696 23
4697 75
4698 33
4699 27
4700 74
4701 41
4702 22
4703 73
4704 37
4705 30
4706 51
4707 27
4708 74
4709 19
4710 31
4711 67
4712 35
4713 32
4714 69
4715 22
4716 38
4717 55
4718 26
4719 27
4720 78
4721 43
4722 22
4723 33
4724 48
4725 28
4726 74
4727 33
4728 26
4729 67
4730 20
4731 58
4732 43
4733 24
4734 40
4735 65
4736 30
4737 38
4738 55
4739 16
4740 45
4741 55
4742 28
4743 34
4744 41
4745 27
4746 62
4747 30
4748 33
4749 64
4750 21
4751 30
4752 54
4753 30
4754 65
4755 31
4756 37
4757 54
4758 26
4759 58
4760 22
4761 40
4762 49
4763 31
4764 75
4765 40
4766 29
4767 61
4768 20
4769 36
4770 55
4771 21
4772 36
4773 38
4774 19
4775 50
4776 39
4777 28
4778 53
4779 31
4780 67
4781 28
4782 28
4783 84
4784 37
4785 31
4786 56
4787 42
4788 31
4789 65
4790 23
4791 43
4792 22
4793 59
4794 31
4795 40
4796 37
4797 28
4798 62
4799 18
4800 38
4801 48
4802 26
4803 61
4804 18
4805 67
4806 34
4807 36
4808 31
4809 33
4810 52
4811 18
4812 30
4813 50
4814 21
4815 56
4816 38
4817 30
4818 55
4819 23
4820 34
4821 48
4822 19
4823 67
4824 46
4825 20
4826 41
4827 46
4828 32
4829 82
4830 33
4831 45
4832 31
4833 31
4834 39
4835 31
4836 48
4837 29
4838 69
4839 21
4840 69
4841 55
4842 20
4843 33
4844 41
4845 22
4846 47
4847 45
4848 30
4849 67
4850 29
4851 36
4852 75
4853 39
4854 23
4855 63
4856 35
4857 32
4858 84
4859 40
4860 24
4861 76
4862 41
4863 19
4864 49
4865 35
4866 26
4867 40
4868 28
4869 51
4870 63
4871 23
4872 46
4873 28
4874 34
4875 42
4876 34
4877 68
4878 30
4879 33
4880 58
4881 22
4882 33
4883 48
4884 34
4885 62
4886 21
4887 66
4888 32
4889 30
4890 51
4891 24
4892 61
4893 20
4894 60
4895 38
4896 32
4897 71
4898 21
4899 55
4900 46
4901 29
4902 73
4903 27
4904 31
4905 70
4906 45
4907 29
4908 88
4909 21
4910 75
4911 29
4912 34
4913 39
4914 28
4915 57
4916 18
4917 58
4918 44
4919 30
4920 67
4921 41
4922 28
4923 82
4924 34
4925 33
4926 55
4927 22
4928 36
4929 58
4930 23
4931 30
4932 66
4933 27
4934 21
4935 66
4936 17
4937 49
4938 35
4939 19
4940 43
4941 55
4942 19
4943 36
4944 44
4945 22
4946 63
4947 32
4948 31
4949 54
4950 24
4951 41
4952 47
4953 26
4954 79
4955 38
4956 29
4957 61
4958 19
4959 36
4960 52
4961 37
4962 27
4963 67
4964 37
4965 25
4966 56
4967 50
4968 19
4969 39
4970 53
4971 23
4972 51
4973 53
4974 26
4975 30
4976 71
4977 38
4978 28
4979 67
4980 30
4981 45
4982 57
4983 19
4984 51
4985 39
4986 29
4987 66
4988 30
4989 30
4990 53
4991 22
4992 71
4993 50
4994 22
4995 37
4996 56
4997 20
4998 67
4999 43
5000 18
5001 25
5002 27
5003 41
5004 39
5005 30
5006 75
5007 33
5008 39
5009 56
5010 20
5011 36
5012 39
5013 26
5014 70
5015 36
5016 63
5017 22
5018 71
5019 37
5020 35
5021 52
5022 23
5023 49
5024 60
5025 21
5026 43
5027 43
5028 30
5029 69
5030 33
5031 32
5032 54
5033 20
5034 72
5035 38
5036 35
5037 50
5038 30
5039 64
5040 20
5041 57
5042 34
5043 33
5044 64
5045 29
5046 37
5047 61
5048 31
5049 29
5050 77
5051 36
5052 25
5053 64
5054 31
5055 39
5056 68
5057 34
5058 30
5059 44
5060 34
5061 31
5062 56
5063 26
5064 51
5065 27
5066 61
5067 21
5068 78
5069 23
5070 41
5071 52
5072 17
5073 46
5074 30
5075 49
5076 27
5077 57
5078 26
5079 76
5080 22
5081 68
5082 34
5083 29
5084 55
5085 29
5086 40
5087 45
5088 30
5089 61
5090 31
5091 57
5092 26
5093 69
5094 43
5095 23
5096 62
5097 40
5098 29
5099 71
5100 34
5101 34
5102 39
5103 28
5104 50
5105 25
5106 48
5107 32
5108 62
5109 19
5110 62
5111 25
5112 28
5113 49
5114 21
5115 49
5116 27
5117 30
5118 44
5119 26
5120 60
5121 19
5122 41
5123 50
5124 28
5125 71
5126 42
5127 29
5128 52
5129 23
5130 61
5131 45
5132 31
5133 74
5134 38
5135 36
5136 55
5137 21
5138 59
5139 42
5140 31
5141 69
5142 32
5143 27
5144 63
5145 20
5146 45
5147 46
5148 28
5149 62
5150 29
5151 31
5152 71
5153 41
5154 30
5155 72
5156 31
5157 31
5158 74
5159 50
5160 25
5161 40
5162 58
5163 22
5164 51
5165 33
5166 28
5167 57
5168 21
5169 32
5170 45
5171 21
5172 33
5173 60
5174 22
5175 63
5176 43
5177 30
5178 68
5179 34
5180 37
5181 60
5182 24
5183 36
5184 55
5185 19
5186 41
5187 36
5188 30
5189 75
5190 34
5191 29
5192 68
5193 52
5194 19
5195 68
5196 43
5197 26
5198 52
5199 26
5200 59
5201 30
5202 38
5203 49
5204 21
5205 46
5206 44
5207 29
5208 63
5209 29
5210 27
5211 67
5212 17
5213 38
5214 41
5215 33
5216 46
5217 32
5218 66
5219 21
5220 39
5221 46
5222 23
5223 45
5224 40
5225 32
5226 65
5227 24
5228 50
5229 50
5230 34
5231 30
5232 38
5233 26
5234 67
5235 47
5236 20
5237 27
5238 44
5239 19
5240 77
5241 41
5242 31
5243 46
5244 28
5245 21
5246 74
5247 36
5248 29
5249 36
5250 29
5251 62
5252 38
5253 28
5254 82
5255 44
5256 33
5257 64
5258 36
5259 29
5260 66
5261 23
5262 34
5263 48
5264 20
5265 54
5266 46
5267 25
5268 80
5269 55
5270 24
5271 27
5272 43
5273 28
5274 68
5275 30
5276 52
5277 46
5278 38
5279 43
5280 30
5281 52
5282 23
5283 60
5284 45
5285 33
5286 66
5287 35
5288 29
5289 64
5290 21
5291 43
5292 41
5293 28
5294 94
5295 33
5296 31
5297 53
5298 29
5299 28
5300 52
5301 20
5302 35
5303 66
5304 29
5305 30
5306 49
5307 19
5308 45
5309 31
5310 40
5311 47
5312 37
5313 74
5314 26
5315 37
5316 41
5317 31
5318 48
5319 29
5320 48
5321 23
5322 69
5323 33
5324 34
5325 42
5326 27
5327 30
5328 91
5329 33
5330 30
5331 73
5332 34
5333 29
5334 58
5335 19
5336 56
5337 44
5338 24
5339 60
5340 25
5341 71
5342 37
5343 33
5344 60
5345 23
5346 34
5347 59
5348 37
5349 31
5350 64
5351 19
5352 35
5353 41
5354 24
5355 70
5356 44
5357 26
5358 70
5359 50
5360 27
5361 70
5362 36
5363 27
5364 60
5365 18
5366 55
5367 34
5368 34
5369 24
5370 32
5371 76
5372 39
5373 35
5374 53
5375 33
5376 55
5377 23
5378 40
5379 35
5380 31
5381 44
5382 33
5383 56
5384 22
5385 56
5386 22
5387 36
5388 52
5389 20
5390 59
5391 40
5392 29
5393 64
5394 18
5395 75
5396 48
5397 26
5398 67
5399 28
5400 28
5401 46
5402 19
5403 66
5404 25
5405 46
5406 28
5407 28
5408 52
5409 27
5410 79
5411 36
5412 27
5413 69
5414 31
5415 24
5416 69
5417 21
5418 39
5419 43
5420 23
5421 45
5422 65
5423 34
5424 30
5425 73
5426 41
5427 31
5428 62
5429 21
5430 35
5431 71
5432 34
5433 27
5434 61
5435 53
5436 19
5437 79
5438 37
5439 32
5440 61
5441 17
5442 32
5443 42
5444 20
5445 75
5446 29
5447 28
5448 46
5449 22
5450 46
5451 24
5452 34
5453 44
5454 30
5455 69
5456 31
5457 31
5458 62
5459 16
5460 43
5461 30
5462 36
5463 46
5464 29
5465 74
5466 35
5467 33
5468 77
5469 37
5470 33
5471 48
5472 26
5473 61
5474 25
5475 35
5476 43
5477 31
5478 97
5479 46
5480 23
5481 44
5482 35
5483 45
5484 33
5485 56
5486 33
5487 55
5488 21
5489 37
5490 60
5491 31
5492 62
5493 34
5494 35
5495 58
5496 17
5497 31
5498 72
5499 36
5500 36
5501 66
5502 23
5503 33
5504 39
5505 26
5506 38
5507 73
5508 30
5509 37
5510 23
5511 29
5512 57
5513 25
5514 60
5515 27
5516 30
5517 41
5518 31
5519 46
5520 27
5521 63
5522 22
5523 40
5524 48
5525 28
5526 83
5527 36
5528 29
5529 63
5530 22
5531 31
5532 50
5533 21
5534 71
5535 23
5536 47
5537 37
5538 32
5539 40
5540 32
5541 63
5542 31
5543 25
5544 68
5545 33
5546 34
5547 54
5548 20
5549 41
5550 43
5551 27
5552 74
5553 28
5554 32
5555 70
5556 39
5557 31
5558 50
5559 50
5560 20
5561 46
5562 50
5563 26
5564 79
5565 31
5566 29
5567 62
5568 22
5569 39
5570 33
5571 27
5572 67
5573 33
5574 31
5575 54
5576 37
5577 30
5578 70
5579 34
5580 30
5581 52
5582 19
5583 61
5584 33
5585 29
5586 61
5587 26
5588 30
5589 53
5590 21
5591 49
5592 24
5593 37
5594 37
5595 30
5596 51
5597 22
5598 56
5599 38
5600 26
5601 60
5602 25
5603 34
5604 29
5605 21
5606 35
5607 69
5608 31
5609 30
5610 62
5611 20
5612 38
5613 44
5614 23
5615 53
5616 20
5617 71
5618 30
5619 38
5620 30
5621 37
5622 47
5623 23
5624 40
5625 45
5626 28
5627 63
5628 20
5629 41
5630 39
5631 33
5632 45
5633 28
5634 52
5635 30
5636 79
5637 34
5638 29
5639 68
5640 32
5641 31
5642 54
5643 19
5644 30
5645 36
5646 33
5647 39
5648 33
5649 53
5650 19
5651 36
5652 48
5653 24
5654 73
5655 30
5656 38
5657 37
5658 33
5659 60
5660 21
5661 41
5662 34
5663 28
5664 73
5665 32
5666 31
5667 60
5668 40
5669 36
5670 47
5671 22
5672 62
5673 53
5674 23
5675 31
5676 36
5677 29
5678 40
5679 35
5680 70
5681 36
5682 28
5683 63
5684 48
5685 34
5686 70
5687 18
5688 37
5689 52
5690 18
5691 41
5692 49
5693 29
5694 76
5695 30
5696 33
5697 50
5698 19
5699 44
5700 56
5701 37
5702 28
5703 70
5704 44
5705 25
5706 36
5707 38
5708 27
5709 66
5710 29
5711 34
5712 38
5713 34
5714 47
5715 27
5716 65
5717 21
5718 41
5719 45
5720 26
5721 80
5722 31
5723 32
5724 61
5725 22
5726 52
5727 34
5728 20
5729 30
5730 36
5731 69
5732 17
5733 63
5734 22
5735 57
5736 24
5737 74
5738 32
5739 39
5740 41
5741 28
5742 41
5743 29
5744 56
5745 29
5746 68
5747 21
5748 51
5749 54
5750 28
5751 72
5752 37
5753 25
5754 51
5755 22
5756 35
5757 53
5758 24
5759 58
5760 42
5761 28
5762 81
5763 35
5764 33
5765 53
5766 21
5767 37
5768 46
5769 26
5770 71
5771 22
5772 48
5773 29
5774 32
5775 59
5776 19
5777 52
5778 50
5779 30
5780 83
5781 35
5782 33
5783 61
5784 25
5785 37
5786 53
5787 27
5788 80
5789 33
5790 29
5791 36
5792 32
5793 40
5794 22
5795 30
5796 65
5797 20
5798 57
5799 42
5800 28
5801 49
5802 53
5803 24
5804 71
5805 33
5806 48
5807 36
5808 31
5809 37
5810 25
5811 38
5812 17
5813 31
5814 45
5815 30
5816 69
5817 41
5818 29
5819 65
5820 20
5821 41
5822 49
5823 22
5824 56
5825 40
5826 32
5827 68
5828 31
5829 32
5830 47
5831 30
5832 46
5833 66
5834 29
5835 43
5836 42
5837 27
5838 73
5839 34
5840 32
5841 51
5842 22
5843 33
5844 67
5845 20
5846 52
5847 42
5848 18
5849 43
5850 57
5851 21
5852 35
5853 44
5854 24
5855 65
5856 40
5857 30
5858 68
5859 21
5860 49
5861 41
5862 29
5863 73
5864 37
5865 33
5866 60
5867 18
5868 84
5869 38
5870 62
5871 34
5872 39
5873 35
5874 30
5875 47
5876 29
5877 98
5878 29
5879 33
5880 68
5881 25
5882 41
5883 47
5884 24
5885 67
5886 23
5887 53
5888 30
5889 37
5890 38
5891 33
5892 47
5893 22
5894 58
5895 41
5896 29
5897 62
5898 32
5899 35
5900 41
5901 21
5902 59
5903 44
5904 31
5905 65
5906 31
5907 31
5908 52
5909 29
5910 64
5911 21
5912 52
5913 52
5914 25
5915 35
5916 37
5917 32
5918 33
5919 28
5920 74
5921 33
5922 29
5923 68
5924 52
5925 26
5926 33
5927 54
5928 37
5929 30
5930 69
5931 30
5932 31
5933 66
5934 38
5935 31
5936 68
5937 20
5938 40
5939 59
5940 19
5941 18
5942 73
5943 33
5944 31
5945 46
5946 38
5947 31
5948 73
5949 32
5950 32
5951 39
5952 35
5953 48
5954 20
5955 36
5956 43
5957 18
5958 33
5959 45
5960 21
5961 51
5962 33
5963 31
5964 60
5965 22
5966 32
5967 45
5968 28
5969 76
5970 22
5971 52
5972 30
5973 25
5974 75
5975 43
5976 25
5977 54
5978 24
5979 70
5980 21
5981 34
5982 40
5983 31
5984 60
5985 31
5986 36
5987 54
5988 26
5989 57
5990 31
5991 31
5992 67
5993 36
5994 28
5995 71
5996 59
5997 21
5998 38
5999 43
6000 21
6001 59
6002 21
6003 57
6004 48
6005 34
6006 34
6007 49
6008 33
6009 57
6010 21
6011 79
6012 31
6013 48
6014 40
6015 30
6016 49
6017 30
6018 51
6019 31
6020 54
6021 20
6022 59
6023 20
6024 33
6025 68
6026 31
6027 31
6028 49
6029 20
6030 57
6031 45
6032 30
6033 65
6034 30
6035 35
6036 48
6037 29
6038 54
6039 37
6040 31
6041 60
6042 23
6043 38
6044 68
6045 30
6046 34
6047 81
6048 51
6049 19
6050 50
6051 48
6052 32
6053 49
6054 23
6055 66
6056 18
6057 40
6058 48
6059 15
6060 34
6061 52
6062 25
6063 69
6064 35
6065 35
6066 57
6067 23
6068 71
6069 21
6070 54
6071 29
6072 27
6073 65
6074 26
6075 39
6076 59
6077 19
6078 42
6079 39
6080 28
6081 71
6082 40
6083 32
6084 61
6085 20
6086 45
6087 43
6088 30
6089 67
6090 33
6091 31
6092 60
6093 28
6094 36
6095 44
6096 22
6097 68
6098 30
6099 33
6100 56
6101 29
6102 77
6103 28
6104 29
6105 61
6106 34
6107 32
6108 52
6109 42
6110 21
6111 63
6112 46
6113 28
6114 69
6115 34
6116 28
6117 91
6118 39
6119 31
6120 65
6121 24
6122 34
6123 72
6124 28
6125 31
6126 52
6127 22
6128 54
6129 42
6130 25
6131 50
6132 24
6133 91
6134 26
6135 33
6136 49
6137 30
6138 76
6139 27
6140 27
6141 64
6142 19
6143 44
6144 47
6145 31
6146 76
6147 36
6148 39
6149 40
6150 29
6151 45
6152 29
6153 69
6154 37
6155 33
6156 64
6157 29
6158 34
6159 69
6160 36
6161 31
6162 58
6163 23
6164 35
6165 28
6166 32
6167 33
6168 29
6169 54
6170 18
6171 62
6172 42
6173 30
6174 57
6175 27
6176 29
6177 72
6178 40
6179 31
6180 62
6181 20
6182 33
6183 40
6184 31
6185 63
6186 28
6187 28
6188 50
6189 18
6190 37
6191 46
6192 20
6193 55
6194 41
6195 28
6196 66
6197 20
6198 52
6199 32
6200 39
6201 43
6202 29
6203 73
6204 26
6205 31
6206 64
6207 42
6208 19
6209 66
6210 32
6211 32
6212 60
6213 35
6214 18
6215 60
6216 19
6217 40
6218 48
6219 20
6220 67
6221 37
6222 25
6223 42
6224 30
6225 48
6226 27
6227 79
6228 37
6229 30
6230 51
6231 18
6232 76
6233 33
6234 27
6235 80
6236 36
6237 29
6238 49
6239 39
6240 29
6241 87
6242 23
6243 58
6244 19
6245 78
6246 21
6247 33
6248 48
6249 19
6250 33
6251 52
6252 29
6253 36
6254 46
6255 31
6256 75
6257 46
6258 19
6259 56
6260 47
6261 28
6262 62
6263 29
6264 49
6265 39
6266 32
6267 30
6268 80
6269 25
6270 39
6271 44
6272 31
6273 48
6274 30
6275 61
6276 18
6277 34
6278 63
6279 23
6280 74
6281 39
6282 28
6283 49
6284 30
6285 67
6286 17
6287 53
6288 41
6289 28
6290 69
6291 32
6292 31
6293 52
6294 19
6295 35
6296 55
6297 19
6298 53
6299 48
6300 19
6301 34
6302 59
6303 30
6304 37
6305 46
6306 29
6307 72
6308 34
6309 26
6310 56
6311 30
6312 30
6313 57
6314 21
6315 54
6316 40
6317 21
6318 30
6319 35
6320 18
6321 30
6322 55
6323 30
6324 61
6325 24
6326 63
6327 29
6328 35
6329 36
6330 35
6331 64
6332 18
6333 57
6334 33
6335 43
6336 36
6337 33
6338 46
6339 24
6340 67
6341 23
6342 66
6343 30
6344 29
6345 64
6346 41
6347 26
6348 51
6349 21
6350 40
6351 44
6352 22
6353 63
6354 37
6355 27
6356 41
6357 31
6358 25
6359 68
6360 25
6361 38
6362 61
6363 23
6364 71
6365 41
6366 28
6367 77
6368 35
6369 23
6370 47
6371 33
6372 48
6373 27
6374 29
6375 34
6376 22
6377 59
6378 23
6379 67
6380 26
6381 40
6382 38
6383 47
6384 63
6385 29
6386 32
6387 71
6388 27
6389 28
6390 45
6391 29
6392 51
6393 20
6394 61
6395 38
6396 35
6397 49
6398 20
6399 73
6400 31
6401 31
6402 71
6403 24
6404 31
6405 64
6406 37
6407 31
6408 74
6409 27
6410 32
6411 52
6412 19
6413 49
6414 38
6415 37
6416 39
6417 32
6418 54
6419 25
6420 52
6421 50
6422 19
6423 33
6424 38
6425 27
6426 81
6427 35
6428 31
6429 70
6430 38
6431 32
6432 64
6433 50
6434 22
6435 52
6436 43
6437 30
6438 82
6439 39
6440 28
6441 64
6442 21
6443 65
6444 34
6445 51
6446 24
6447 35
6448 35
6449 43
6450 35
6451 58
6452 20
6453 53
6454 42
6455 24
6456 74
6457 27
6458 36
6459 42
6460 29
6461 53
6462 21
6463 35
6464 45
6465 29
6466 72
6467 37
6468 36
6469 47
6470 32
6471 40
6472 35
6473 61
6474 29
6475 79
6476 36
6477 29
6478 62
6479 30
6480 30
6481 41
6482 33
6483 51
6484 22
6485 72
6486 30
6487 32
6488 62
6489 19
6490 55
6491 56
6492 18
6493 34
6494 36
6495 19
6496 39
6497 49
6498 23
6499 37
6500 60
6501 34
6502 33
6503 70
6504 49
6505 31
6506 48
6507 34
6508 60
6509 23
6510 60
6511 21
6512 29
6513 46
6514 21
6515 55
6516 40
6517 29
6518 57
6519 31
6520 32
6521 66
6522 33
6523 36
6524 50
6525 30
6526 71
6527 36
6528 35
6529 67
6530 43
6531 17
6532 56
6533 39
6534 56
6535 48
6536 55
6537 22
6538 54
6539 33
6540 49
6541 35
6542 75
6543 24
6544 21
6545 67
6546 34
6547 27
6548 65
6549 27
6550 23
6551 64
6552 29
6553 27
6554 61
6555 23
6556 69
6557 22
6558 63
6559 41
6560 19
6561 35
6562 46
6563 20
6564 58
6565 32
6566 31
6567 72
6568 28
6569 31
6570 54
6571 25
6572 31
6573 50
6574 28
6575 32
6576 66
6577 40
6578 32
6579 60
6580 50
6581 19
6582 61
6583 47
6584 29
6585 65
6586 25
6587 40
6588 50
6589 20
6590 64
6591 47
6592 34
6593 68
6594 38
6595 33
6596 66
6597 33
6598 37
6599 52
6600 18
6601 54
6602 49
6603 46
6604 37
6605 35
6606 43
6607 33
6608 20
6609 70
6610 20
6611 40
6612 32
6613 58
6614 33
6615 36
6616 39
6617 31
6618 66
6619 24
6620 65
6621 30
6622 43
6623 55
6624 18
6625 36
6626 55
6627 21
6628 72
6629 39
6630 33
6631 58
6632 28
6633 36
6634 50
6635 21
6636 53
6637 41
6638 27
6639 68
6640 33
6641 31
6642 51
6643 19
6644 32
6645 50
6646 20
6647 33
6648 68
6649 36
6650 27
6651 51
6652 47
6653 21
6654 63
6655 21
6656 50
6657 34
6658 35
6659 34
6660 24
6661 62
6662 46
6663 29
6664 66
6665 20
6666 62
6667 34
6668 22
6669 18
6670 36
6671 31
6672 73
6673 23
6674 38
6675 47
6676 25
6677 74
6678 31
6679 29
6680 69
6681 19
6682 36
6683 45
6684 27
6685 73
6686 34
6687 30
6688 57
6689 21
6690 61
6691 45
6692 30
6693 64
6694 30
6695 32
6696 57
6697 22
6698 31
6699 67
6700 29
6701 38
6702 49
6703 27
6704 71
6705 28
6706 28
6707 49
6708 19
6709 72
6710 40
6711 29
6712 68
6713 29
6714 37
6715 32
6716 34
6717 38
6718 20
6719 35
6720 48
6721 25
6722 47
6723 32
6724 54
6725 41
6726 25
6727 72
6728 33
6729 32
6730 43
6731 19
6732 34
6733 53
6734 35
6735 33
6736 67
6737 33
6738 32
6739 36
6740 40
6741 43
6742 27
6743 77
6744 25
6745 30
6746 56
6747 21
6748 55
6749 53
6750 28
6751 54
6752 51
6753 20
6754 24
6755 49
6756 37
6757 28
6758 59
6759 30
6760 38
6761 54
6762 26
6763 94
6764 35
6765 46
6766 36
6767 33
6768 43
6769 29
6770 52
6771 27
6772 77
6773 32
6774 34
6775 51
6776 18
6777 53
6778 42
6779 28
6780 94
6781 22
6782 28
6783 64
6784 40
6785 29
6786 62
6787 21
6788 44
6789 27
6790 36
6791 36
6792 26
6793 36
6794 41
6795 21
6796 68
6797 42
6798 31
6799 67
6800 28
6801 34
6802 68
6803 33
6804 31
6805 71
6806 25
6807 38
6808 58
6809 18
6810 33
6811 52
6812 21
6813 35
6814 54
6815 23
6816 86
6817 37
6818 27
6819 66
6820 39
6821 23
6822 57
6823 52
6824 25
6825 38
6826 48
6827 29
6828 74
6829 35
6830 34
6831 72
6832 18
6833 45
6834 37
6835 32
6836 72
6837 30
6838 33
6839 55
6840 27
6841 34
6842 64
6843 38
6844 31
6845 70
6846 55
6847 21
6848 31
6849 69
6850 37
6851 27
6852 82
6853 36
6854 33
6855 51
6856 19
6857 59
6858 35
6859 28
6860 63
6861 32
6862 38
6863 59
6864 21
6865 36
6866 58
6867 19
6868 56
6869 44
6870 31
6871 49
6872 26
6873 63
6874 34
6875 33
6876 56
6877 21
6878 52
6879 43
6880 35
6881 65
6882 40
6883 64
6884 23
6885 63
6886 22
6887 70
6888 18
6889 52
6890 37
6891 30
6892 65
6893 26
6894 37
6895 53
6896 22
6897 35
6898 60
6899 31
6900 37
6901 44
6902 20
6903 79
6904 40
6905 27
6906 68
6907 43
6908 26
6909 77
6910 59
6911 23
6912 33
6913 44
6914 23
6915 40
6916 34
6917 33
6918 42
6919 29
6920 62
6921 24
6922 40
6923 31
6924 29
6925 54
6926 21
6927 47
6928 24
6929 34
6930 57
6931 26
6932 75
6933 49
6934 27
6935 38
6936 48
6937 21
6938 65
6939 38
6940 30
6941 64
6942 21
6943 38
6944 41
6945 33
6946 72
6947 39
6948 31
6949 60
6950 33
6951 35
6952 47
6953 25
6954 54
6955 45
6956 22
6957 59
6958 21
6959 62
6960 29
6961 50
6962 28
6963 40
6964 27
6965 70
6966 34
6967 33
6968 63
6969 18
6970 58
6971 32
6972 35
6973 30
6974 32
6975 69
6976 30
6977 35
6978 47
6979 21
6980 79
6981 37
6982 19
6983 39
6984 55
6985 28
6986 22
6987 67
6988 28
6989 32
6990 51
6991 18
6992 77
6993 32
6994 24
6995 70
6996 31
6997 32
6998 57
6999 40
7000 31
7001 63
7002 37
7003 22
7004 75
7005 31
7006 61
7007 36
7008 32
7009 63
7010 43
7011 36
7012 52
7013 24
7014 87
7015 43
7016 18
7017 57
7018 52
7019 29
7020 69
7021 37
7022 28
7023 89
7024 47
7025 29
7026 67
7027 31
7028 34
7029 46
7030 19
7031 58
7032 47
7033 32
7034 52
7035 28
7036 61
7037 20
7038 51
7039 63
7040 27
7041 29
7042 63
7043 33
7044 28
7045 72
7046 40
7047 31
7048 51
7049 21
7050 85
7051 45
7052 30
7053 71
7054 31
7055 37
7056 43
7057 28
7058 47
7059 20
7060 30
7061 49
7062 24
7063 78
7064 40
7065 32
7066 51
7067 27
7068 51
7069 22
7070 53
7071 34
7072 30
7073 51
7074 28
7075 55
7076 20
7077 76
7078 42
7079 32
7080 64
7081 22
7082 53
7083 37
7084 36
7085 37
7086 32
7087 48
7088 23
7089 63
7090 49
7091 21
7092 30
7093 68
7094 30
7095 36
7096 65
7097 21
7098 36
7099 47
7100 29
7101 68
7102 39
7103 30
7104 52
7105 39
7106 29
7107 72
7108 22
7109 32
7110 50
7111 18
7112 40
7113 42
7114 31
7115 59
7116 34
7117 32
7118 54
7119 21
7120 78
7121 36
7122 30
7123 54
7124 18
7125 67
7126 48
7127 29
7128 65
7129 32
7130 28
7131 53
7132 21
7133 45
7134 44
7135 32
7136 85
7137 52
7138 30
7139 71
7140 20
7141 79
7142 21
7143 63
7144 36
7145 45
7146 33
7147 33
7148 66
7149 28
7150 35
7151 52
7152 21
7153 41
7154 57
7155 29
7156 30
7157 76
7158 45
7159 30
7160 66
7161 55
7162 21
7163 51
7164 34
7165 35
7166 70
7167 36
7168 29
7169 76
7170 29
7171 37
7172 57
7173 28
7174 73
7175 36
7176 29
7177 63
7178 20
7179 36
7180 51
7181 27
7182 72
7183 38
7184 29
7185 42
7186 47
7187 17
7188 35
7189 48
7190 29
7191 48
7192 28
7193 78
7194 31
7195 29
7196 52
7197 31
7198 62
7199 31
7200 63
7201 21
7202 72
7203 39
7204 25
7205 59
7206 30
7207 29
7208 56
7209 20
7210 42
7211 39
7212 30
7213 67
7214 39
7215 28
7216 55
7217 23
7218 37
7219 46
7220 24
7221 71
7222 40
7223 28
7224 50
7225 26
7226 31
7227 58
7228 19
7229 69
7230 39
7231 33
7232 58
7233 30
7234 68
7235 46
7236 23
7237 50
7238 48
7239 25
7240 65
7241 20
7242 64
7243 23
7244 30
7245 47
7246 21
7247 61
7248 58
7249 24
7250 28
7251 66
7252 32
7253 22
7254 54
7255 31
7256 68
7257 22
7258 37
7259 45
7260 30
7261 33
7262 47
7263 18
7264 31
7265 67
7266 35
7267 38
7268 41
7269 26
7270 57
7271 21
7272 54
7273 38
7274 29
7275 59
7276 29
7277 29
7278 54
7279 20
7280 32
7281 51
7282 20
7283 56
7284 53
7285 21
7286 38
7287 37
7288 31
7289 51
7290 32
7291 60
7292 50
7293 19
7294 29
7295 71
7296 40
7297 30
7298 66
7299 29
7300 35
7301 66
7302 19
7303 53
7304 41
7305 30
7306 99
7307 22
7308 75
7309 26
7310 33
7311 56
7312 32
7313 20
7314 58
7315 20
7316 69
7317 44
7318 23
7319 33
7320 67
7321 37
7322 29
7323 60
7324 19
7325 53
7326 41
7327 31
7328 68
7329 37
7330 27
7331 58
7332 26
7333 36
7334 51
7335 22
7336 40
7337 38
7338 24
7339 75
7340 32
7341 31
7342 89
7343 24
7344 28
7345 47
7346 33
7347 32
7348 46
7349 30
7350 57
7351 29
7352 60
7353 23
7354 72
7355 37
7356 30
7357 52
7358 19
7359 42
7360 42
7361 34
7362 76
7363 39
7364 32
7365 47
7366 26
7367 70
7368 36
7369 32
7370 48
7371 26
7372 68
7373 56
7374 29
7375 79
7376 40
7377 29
7378 64
7379 22
7380 65
7381 61
7382 23
7383 34
7384 60
7385 32
7386 30
7387 68
7388 40
7389 29
7390 49
7391 25
7392 37
7393 42
7394 34
7395 44
7396 37
7397 33
7398 51
7399 21
7400 41
7401 36
7402 31
7403 68
7404 34
7405 34
7406 52
7407 27
7408 79
7409 45
7410 22
7411 56
7412 48
7413 30
7414 71
7415 19
7416 46
7417 44
7418 36
7419 75
7420 34
7421 33
7422 75
7423 35
7424 27
7425 67
7426 21
7427 64
7428 19
7429 46
7430 52
7431 29
7432 69
7433 25
7434 60
7435 35
7436 31
7437 46
7438 21
7439 42
7440 51
7441 31
7442 67
7443 29
7444 32
7445 56
7446 20
7447 46
7448 44
7449 29
7450 67
7451 30
7452 35
7453 55
7454 31
7455 33
7456 21
7457 36
7458 58
7459 30
7460 75
7461 22
7462 67
7463 57
7464 20
7465 32
7466 66
7467 35
7468 34
7469 60
7470 28
7471 67
7472 24
7473 54
7474 38
7475 28
7476 45
7477 19
7478 37
7479 45
7480 27
7481 64
7482 30
7483 30
7484 63
7485 20
7486 38
7487 51
7488 31
7489 76
7490 35
7491 28
7492 73
7493 31
7494 37
7495 52
7496 21
7497 51
7498 25
7499 28
7500 75
7501 32
7502 37
7503 48
7504 24
7505 76
7506 34
7507 31
7508 85
7509 21
7510 34
7511 57
7512 35
7513 31
7514 60
7515 19
7516 63
7517 27
7518 41
7519 35
7520 32
7521 44
7522 53
7523 31
7524 63
7525 37
7526 35
7527 54
7528 21
7529 80
7530 27
7531 64
7532 31
7533 33
7534 39
7535 33
7536 43
7537 32
7538 52
7539 30
7540 72
7541 35
7542 30
7543 65
7544 31
7545 21
7546 71
7547 33
7548 28
7549 43
7550 25
7551 65
7552 19
7553 61
7554 55
7555 15
7556 34
7557 54
7558 28
7559 77
7560 34
7561 28
7562 50
7563 21
7564 38
7565 47
7566 28
7567 50
7568 36
7569 35
7570 72
7571 43
7572 33
7573 74
7574 51
7575 28
7576 42
7577 47
7578 23
7579 57
7580 36
7581 32
7582 74
7583 20
7584 58
7585 24
7586 34
7587 50
7588 26
7589 70
7590 35
7591 40
7592 52
7593 33
7594 81
7595 40
7596 25
7597 41
7598 64
7599 20
7600 33
7601 55
7602 21
7603 73
7604 47
7605 20
7606 50
7607 41
7608 31
7609 41
7610 31
7611 76
7612 34
7613 31
7614 64
7615 19
7616 54
7617 52
7618 28
7619 96
7620 39
7621 30
7622 62
7623 34
7624 32
7625 65
7626 37
7627 28
7628 84
7629 55
7630 19
7631 70
7632 22
7633 33
7634 58
7635 35
7636 26
7637 67
7638 21
7639 39
7640 40
7641 30
7642 71
7643 29
7644 32
7645 68
7646 29
7647 30
7648 32
7649 36
7650 32
7651 27
7652 79
7653 39
7654 29
7655 71
7656 30
7657 33
7658 60
7659 31
7660 35
7661 55
7662 20
7663 59
7664 58
7665 23
7666 31
7667 40
7668 22
7669 42
7670 53
7671 28
7672 70
7673 26
7674 28
7675 68
7676 34
7677 28
7678 59
7679 38
7680 32
7681 56
7682 22
7683 36
7684 39
7685 29
7686 70
7687 33
7688 33
7689 57
7690 23
7691 47
7692 43
7693 29
7694 45
7695 40
7696 32
7697 77
7698 34
7699 29
7700 89
7701 21
7702 37
7703 47
7704 31
7705 77
7706 35
7707 35
7708 57
7709 21
7710 47
7711 29
7712 23
7713 70
7714 54
7715 17
7716 39
7717 58
7718 22
7719 29
7720 61
7721 30
7722 32
7723 68
7724 22
7725 39
7726 45
7727 27
7728 61
7729 23
7730 32
7731 42
7732 30
7733 70
7734 36
7735 29
7736 56
7737 22
7738 66
7739 42
7740 32
7741 73
7742 32
7743 34
7744 51
7745 34
7746 47
7747 31
7748 38
7749 35
7750 31
7751 68
7752 21
7753 65
7754 27
7755 70
7756 32
7757 38
7758 39
7759 26
7760 59
7761 21
7762 45
7763 55
7764 27
7765 71
7766 33
7767 29
7768 61
7769 20
7770 34
7771 42
7772 29
7773 48
7774 41
7775 21
7776 36
7777 57
7778 33
7779 36
7780 55
7781 21
7782 59
7783 19
7784 74
7785 31
7786 37
7787 47
7788 27
7789 83
7790 29
7791 33
7792 70
7793 30
7794 33
7795 52
7796 20
7797 41
7798 33
7799 33
7800 52
7801 29
7802 48
7803 25
7804 68
7805 40
7806 34
7807 68
7808 28
7809 35
7810 60
7811 28
7812 34
7813 65
7814 27
7815 50
7816 47
7817 24
7818 77
7819 29
7820 31
7821 57
7822 19
7823 34
7824 66
7825 33
7826 39
7827 56
7828 19
7829 67
7830 50
7831 21
7832 31
7833 57
7834 27
7835 78
7836 38
7837 28
7838 51
7839 53
7840 19
7841 36
7842 60
7843 20
7844 63
7845 42
7846 30
7847 51
7848 19
7849 51
7850 45
7851 20
7852 36
7853 51
7854 22
7855 76
7856 36
7857 34
7858 71
7859 24
7860 49
7861 43
7862 35
7863 53
7864 32
7865 33
7866 50
7867 31
7868 60
7869 23
7870 62
7871 19
7872 92
7873 33
7874 41
7875 31
7876 35
7877 34
7878 28
7879 67
7880 29
7881 32
7882 65
7883 34
7884 33
7885 70
7886 32
7887 35
7888 67
7889 36
7890 33
7891 52
7892 28
7893 52
7894 29
7895 62
7896 21
7897 68
7898 30
7899 33
7900 46
7901 26
7902 59
7903 23
7904 58
7905 33
7906 30
7907 61
7908 33
7909 36
7910 70
7911 23
7912 59
7913 38
7914 31
7915 66
7916 36
7917 38
7918 73
7919 38
7920 26
7921 76
7922 42
7923 30
7924 54
7925 21
7926 29
7927 46
7928 17
7929 30
7930 54
7931 20
7932 52
7933 41
7934 27
7935 64
7936 51
7937 22
7938 75
7939 32
7940 33
7941 42
7942 31
7943 48
7944 29
7945 62
7946 20
7947 79
7948 45
7949 21
7950 59
7951 43
7952 31
7953 63
7954 29
7955 67
7956 20
7957 73
7958 45
7959 21
7960 37
7961 46
7962 28
7963 92
7964 39
7965 34
7966 61
7967 19
7968 46
7969 38
7970 28
7971 64
7972 35
7973 31
7974 52
7975 24
7976 40
7977 47
7978 27
7979 53
7980 28
7981 56
7982 24
7983 53
7984 37
7985 32
7986 36
7987 29
7988 46
7989 29
7990 65
7991 22
7992 36
7993 61
7994 31
7995 31
7996 71
7997 43
7998 29
7999 67
8000 61
8001 18
8002 30
8003 71
8004 38
8005 31
8006 61
8007 30
8008 30
8009 63
8010 20
8011 56
8012 32
8013 43
8014 36
8015 29
8016 80
8017 42
8018 27
8019 65
8020 30
8021 33
8022 61
8023 21
8024 58
8025 40
8026 24
8027 36
8028 57
8029 23
8030 70
8031 33
8032 34
8033 70
8034 25
8035 33
8036 57
8037 31
8038 71
8039 31
8040 31
8041 64
8042 20
8043 35
8044 52
8045 29
8046 71
8047 21
8048 70
8049 24
8050 33
8051 47
8052 24
8053 58
8054 33
8055 29
8056 49
8057 30
8058 45
8059 22
8060 65
8061 46
8062 28
8063 65
8064 28
8065 36
8066 57
8067 42
8068 30
8069 76
8070 45
8071 25
8072 56
8073 18
8074 60
8075 26
8076 40
8077 50
8078 27
8079 59
8080 34
8081 32
8082 55
8083 20
8084 47
8085 28
8086 29
8087 56
8088 24
8089 58
8090 31
8091 39
8092 44
8093 30
8094 77
8095 30
8096 31
8097 70
8098 48
8099 28
8100 71
8101 21
8102 69
8103 25
8104 30
8105 60
8106 20
8107 28
8108 88
8109 32
8110 30
8111 50
8112 29
8113 64
8114 20
8115 61
8116 20
8117 59
8118 44
8119 36
8120 65
8121 40
8122 21
8123 48
8124 39
8125 30
8126 54
8127 34
8128 26
8129 79
8130 40
8131 27
8132 66
8133 41
8134 41
8135 40
8136 36
8137 47
8138 30
8139 61
8140 31
8141 48
8142 41
8143 31
8144 48
8145 31
8146 44
8147 27
8148 72
8149 33
8150 34
8151 35
8152 28
8153 60
8154 29
8155 31
8156 53
8157 26
8158 66
8159 22
8160 68
8161 19
8162 46
8163 27
8164 43
8165 44
8166 24
8167 73
8168 26
8169 31
8170 43
8171 31
8172 53
8173 31
8174 80
8175 29
8176 32
8177 59
8178 27
8179 39
8180 37
8181 21
8182 35
8183 46
8184 30
8185 60
8186 19
8187 45
8188 48
8189 19
8190 33
8191 55
8192 18
8193 53
8194 57
8195 17
8196 30
8197 50
8198 18
8199 57
8200 51
8201 26
8202 66
8203 28
8204 30
8205 65
8206 39
8207 18
8208 29
8209 56
8210 20
8211 32
8212 64
8213 21
8214 73
8215 29
8216 25
8217 52
8218 25
8219 63
8220 20
8221 80
8222 34
8223 28
8224 64
8225 29
8226 31
8227 57
8228 23
8229 41
8230 38
8231 30
8232 80
8233 31
8234 33
8235 70
8236 38
8237 31
8238 79
8239 28
8240 35
8241 37
8242 71
8243 19
8244 69
8245 20
8246 72
8247 29
8248 37
8249 60
8250 20
8251 64
8252 19
8253 67
8254 36
8255 26
8256 43
8257 45
8258 29
8259 64
8260 29
8261 33
8262 63
8263 38
8264 32
8265 52
8266 22
8267 45
8268 29
8269 36
8270 33
8271 30
8272 44
8273 46
8274 18
8275 63
8276 42
8277 24
8278 77
8279 40
8280 19
8281 23
8282 46
8283 30
8284 74
8285 34
8286 31
8287 53
8288 32
8289 32
8290 75
8291 46
8292 19
8293 35
8294 53
8295 26
8296 68
8297 20
8298 55
8299 38
8300 30
8301 80
8302 35
8303 28
8304 69
8305 31
8306 34
8307 53
8308 20
8309 37
8310 53
8311 17
8312 36
8313 62
8314 33
8315 32
8316 52
8317 23
8318 72
8319 39
8320 23
8321 65
8322 38
8323 27
8324 63
8325 35
8326 29
8327 54
8328 20
8329 29
8330 47
8331 27
8332 57
8333 52
8334 20
8335 85
8336 28
8337 40
8338 21
8339 37
8340 44
8341 30
8342 63
8343 27
8344 43
8345 21
8346 76
8347 16
8348 46
8349 33
8350 31
8351 74
8352 31
8353 39
8354 50
8355 17
8356 35
8357 64
8358 17
8359 62
8360 42
8361 30
8362 69
8363 32
8364 32
8365 38
8366 32
8367 38
8368 31
8369 43
8370 17
8371 46
8372 45
8373 28
8374 86
8375 29
8376 33
8377 57
8378 19
8379 101
8380 46
8381 43
8382 44
8383 33
8384 47
8385 29
8386 62
8387 42
8388 27
8389 41
8390 41
8391 24
8392 33
8393 40
8394 29
8395 27
8396 36
8397 33
8398 60
8399 22
8400 36
8401 47
8402 22
8403 70
8404 39
8405 38
8406 52
8407 24
8408 61
8409 22
8410 33
8411 50
8412 22
8413 69
8414 30
8415 63
8416 42
8417 37
8418 34
8419 38
8420 45
8421 32
8422 49
8423 34
8424 52
8425 21
8426 36
8427 67
8428 29
8429 33
8430 69
8431 38
8432 30
8433 39
8434 52
8435 20
8436 83
8437 21
8438 72
8439 32
8440 40
8441 33
8442 27
8443 51
8444 23
8445 35
8446 36
8447 35
8448 51
8449 29
8450 63
8451 44
8452 28
8453 61
8454 48
8455 20
8456 30
8457 70
8458 35
8459 30
8460 74
8461 20
8462 46
8463 47
8464 33
8465 53
8466 36
8467 65
8468 24
8469 32
8470 45
8471 30
8472 77
8473 31
8474 27
8475 59
8476 22
8477 38
8478 51
8479 29
8480 52
8481 52
8482 18
8483 48
8484 35
8485 63
8486 45
8487 28
8488 67
8489 28
8490 33
8491 46
8492 19
8493 37
8494 63
8495 34
8496 32
8497 40
8498 31
8499 48
8500 18
8501 72
8502 41
8503 27
8504 53
8505 33
8506 39
8507 20
8508 44
8509 44
8510 27
8511 74
8512 32
8513 30
8514 56
8515 19
8516 33
8517 41
8518 21
8519 34
8520 33
8521 23
8522 44
8523 43
8524 21
8525 32
8526 50
8527 21
8528 32
8529 50
8530 20
8531 30
8532 62
8533 37
8534 30
8535 64
8536 40
8537 25
8538 78
8539 29
8540 32
8541 45
8542 23
8543 71
8544 35
8545 39
8546 33
8547 34
8548 50
8549 36
8550 32
8551 71
8552 31
8553 33
8554 42
8555 21
8556 42
8557 39
8558 29
8559 76
8560 33
8561 33
8562 36
8563 26
8564 50
8565 20
8566 60
8567 33
8568 27
8569 79
8570 40
8571 34
8572 75
8573 26
8574 39
8575 38
8576 28
8577 39
8578 21
8579 42
8580 54
8581 32
8582 74
8583 44
8584 28
8585 65
8586 18
8587 47
8588 37
8589 31
8590 68
8591 27
8592 27
8593 51
8594 22
8595 54
8596 43
8597 28
8598 66
8599 28
8600 30
8601 66
8602 26
8603 32
8604 48
8605 20
8606 49
8607 47
8608 32
8609 73
8610 31
8611 33
8612 68
8613 45
8614 31
8615 77
8616 38
8617 30
8618 53
8619 29
8620 86
8621 29
8622 44
8623 36
8624 32
8625 69
8626 32
8627 28
8628 62
8629 37
8630 28
8631 60
8632 24
8633 59
8634 20
8635 55
8636 31
8637 35
8638 37
8639 29
8640 62
8641 24
8642 68
8643 32
8644 56
8645 31
8646 28
8647 64
8648 31
8649 79
8650 33
8651 35
8652 42
8653 30
8654 52
8655 24
8656 71
8657 38
8658 30
8659 63
8660 21
8661 32
8662 55
8663 20
8664 37
8665 49
8666 29
8667 83
8668 40
8669 32
8670 41
8671 48
8672 25
8673 29
8674 72
8675 40
8676 30
8677 49
8678 31
8679 57
8680 43
8681 21
8682 27
8683 67
8684 37
8685 30
8686 78
8687 43
8688 26
8689 67
8690 38
8691 28
8692 54
8693 34
8694 69
8695 22
8696 32
8697 62
8698 32
8699 33
8700 61
8701 20
8702 60
8703 47
8704 38
8705 77
8706 34
8707 32
8708 53
8709 25
8710 76
8711 32
8712 46
8713 34
8714 31
8715 50
8716 22
8717 68
8718 30
8719 36
8720 64
8721 36
8722 32
8723 68
8724 30
8725 36
8726 63
8727 22
8728 55
8729 47
8730 31
8731 80
8732 30
8733 32
8734 58
8735 22
8736 49
8737 51
8738 31
8739 85
8740 46
8741 27
8742 66
8743 36
8744 37
8745 56
8746 28
8747 57
8748 32
8749 66
8750 21
8751 61
8752 31
8753 36
8754 51
8755 26
8756 54
8757 28
8758 66
8759 23
8760 73
8761 19
8762 72
8763 49
8764 21
8765 43
8766 41
8767 27
8768 98
8769 36
8770 36
8771 59
8772 28
8773 39
8774 56
8775 30
8776 62
8777 37
8778 30
8779 70
8780 40
8781 33
8782 76
8783 31
8784 37
8785 44
8786 28
8787 66
8788 34
8789 28
8790 60
8791 24
8792 33
8793 58
8794 23
8795 73
8796 28
8797 43
8798 31
8799 37
8800 33
8801 27
8802 70
8803 28
8804 29
8805 65
8806 33
8807 30
8808 71
8809 19
8810 52
8811 51
8812 15
8813 72
8814 29
8815 34
8816 39
8817 30
8818 44
8819 45
8820 29
8821 74
8822 34
8823 37
8824 38
8825 30
8826 41
8827 27
8828 68
8829 33
8830 31
8831 49
8832 26
8833 56
8834 35
8835 25
8836 60
8837 40
8838 28
8839 50
8840 23
8841 38
8842 40
8843 30
8844 67
8845 46
8846 19
8847 38
8848 38
8849 28
8850 68
8851 19
8852 54
8853 34
8854 31
8855 60
8856 20
8857 52
8858 54
8859 31
8860 31
8861 73
8862 34
8863 26
8864 32
8865 51
8866 20
8867 38
8868 36
8869 28
8870 39
8871 29
8872 73
8873 28
8874 29
8875 68
8876 44
8877 28
8878 68
8879 33
8880 31
8881 53
8882 28
8883 55
8884 30
8885 66
8886 34
8887 32
8888 65
8889 30
8890 33
8891 63
8892 26
8893 48
8894 47
8895 31
8896 48
8897 29
8898 62
8899 19
8900 68
8901 20
8902 59
8903 42
8904 30
8905 80
8906 45
8907 22
8908 38
8909 69
8910 35
8911 33
8912 67
8913 26
8914 36
8915 46
8916 38
8917 27
8918 72
8919 29
8920 33
8921 49
8922 24
8923 67
8924 33
8925 33
8926 68
8927 22
8928 42
8929 29
8930 50
8931 36
8932 30
8933 56
8934 35
8935 75
8936 35
8937 24
8938 55
8939 31
8940 58
8941 24
8942 31
8943 64
8944 45
8945 21
8946 38
8947 71
8948 30
8949 32
8950 52
8951 29
8952 64
8953 20
8954 66
8955 28
8956 35
8957 57
8958 33
8959 53
8960 29
8961 48
8962 22
8963 63
8964 27
8965 37
8966 51
8967 21
8968 41
8969 46
8970 30
8971 71
8972 31
8973 34
8974 53
8975 33
8976 69
8977 22
8978 76
8979 33
8980 29
8981 46
8982 22
8983 39
8984 29
8985 32
8986 69
8987 28
8988 50
8989 53
8990 33
8991 42
8992 28
8993 57
8994 29
8995 44
8996 18
8997 55
8998 36
8999 29
9000 68
9001 28
9002 36
9003 47
9004 20
9005 54
9006 42
9007 19
9008 30
9009 62
9010 19
9011 52
9012 36
9013 19
9014 33
9015 85
9016 31
9017 32
9018 72
9019 22
9020 39
9021 42
9022 25
9023 68
9024 29
9025 31
9026 64
9027 20
9028 35
9029 49
9030 26
9031 59
9032 43
9033 20
9034 40
9035 52
9036 26
9037 56
9038 30
9039 64
9040 29
9041 36
9042 46
9043 21
9044 64
9045 39
9046 29
9047 60
9048 19
9049 55
9050 40
9051 29
9052 72
9053 30
9054 30
9055 56
9056 21
9057 58
9058 45
9059 28
9060 56
9061 69
9062 39
9063 53
9064 34
9065 71
9066 20
9067 69
9068 32
9069 43
9070 44
9071 31
9072 69
9073 35
9074 35
9075 58
9076 29
9077 58
9078 22
9079 61
9080 45
9081 33
9082 64
9083 33
9084 32
9085 56
9086 22
9087 57
9088 34
9089 30
9090 48
9091 28
9092 77
9093 19
9094 46
9095 28
9096 33
9097 49
9098 26
9099 62
9100 21
9101 62
9102 47
9103 33
9104 82
9105 31
9106 33
9107 46
9108 20
9109 67
9110 31
9111 36
9112 93
9113 31
9114 35
9115 54
9116 22
9117 72
9118 32
9119 28
9120 59
9121 23
9122 33
9123 52
9124 27
9125 80
9126 22
9127 36
9128 46
9129 24
9130 67
9131 33
9132 29
9133 53
9134 33
9135 34
9136 51
9137 30
9138 57
9139 29
9140 48
9141 35
9142 32
9143 61
9144 41
9145 29
9146 66
9147 29
9148 33
9149 57
9150 29
9151 66
9152 36
9153 34
9154 76
9155 49
9156 25
9157 67
9158 19
9159 70
9160 30
9161 34
9162 58
9163 42
9164 30
9165 69
9166 28
9167 33
9168 51
9169 27
9170 82
9171 37
9172 33
9173 67
9174 24
9175 34
9176 52
9177 21
9178 74
9179 29
9180 28
9181 68
9182 20
9183 44
9184 39
9185 28
9186 67
9187 32
9188 31
9189 60
9190 21
9191 36
9192 65
9193 27
9194 33
9195 42
9196 33
9197 50
9198 21
9199 69
9200 40
9201 29
9202 75
9203 32
9204 27
9205 73
9206 34
9207 29
9208 64
9209 40
9210 32
9211 67
9212 32
9213 32
9214 80
9215 48
9216 23
9217 36
9218 39
9219 30
9220 46
9221 30
9222 70
9223 31
9224 43
9225 49
9226 33
9227 34
9228 23
9229 61
9230 22
9231 59
9232 49
9233 30
9234 76
9235 37
9236 27
9237 68
9238 27
9239 32
9240 57
9241 27
9242 34
9243 61
9244 36
9245 28
9246 75
9247 35
9248 34
9249 65
9250 22
9251 42
9252 66
9253 28
9254 32
9255 72
9256 30
9257 18
9258 71
9259 56
9260 25
9261 40
9262 37
9263 22
9264 38
9265 26
9266 37
9267 48
9268 21
9269 76
9270 21
9271 60
9272 55
9273 18
9274 34
9275 43
9276 28
9277 75
9278 23
9279 68
9280 35
9281 27
9282 69
9283 31
9284 35
9285 58
9286 31
9287 29
9288 60
9289 32
9290 34
9291 44
9292 23
9293 79
9294 31
9295 32
9296 67
9297 18
9298 55
9299 56
9300 30
9301 36
9302 72
9303 35
9304 38
9305 71
9306 29
9307 36
9308 56
9309 18
9310 37
9311 44
9312 30
9313 75
9314 36
9315 31
9316 51
9317 20
9318 36
9319 40
9320 31
9321 36
9322 30
9323 57
9324 45
9325 22
9326 68
9327 36
9328 23
9329 63
9330 26
9331 29
9332 57
9333 21
9334 31
9335 30
9336 19
9337 43
9338 56
9339 28
9340 56
9341 21
9342 82
9343 55
9344 19
9345 40
9346 69
9347 27
9348 32
9349 67
9350 20
9351 37
9352 58
9353 22
9354 34
9355 34
9356 27
9357 34
9358 58
9359 21
9360 47
9361 48
9362 31
9363 65
9364 28
9365 31
9366 57
9367 21
9368 36
9369 30
9370 17
9371 30
9372 48
9373 25
9374 64
9375 41
9376 25
9377 58
9378 28
9379 27
9380 65
9381 37
9382 24
9383 64
9384 44
9385 27
9386 64
9387 17
9388 35
9389 41
9390 20
9391 35
9392 39
9393 22
9394 37
9395 46
9396 40
9397 50
9398 31
9399 70
9400 26
9401 69
9402 19
9403 36
9404 53
9405 26
9406 67
9407 43
9408 29
9409 48
9410 19
9411 31
9412 51
9413 20
9414 68
9415 32
9416 30
9417 62
9418 22
9419 34
9420 48
9421 25
9422 74
9423 40
9424 27
9425 64
9426 34
9427 31
9428 53
9429 22
9430 40
9431 43
9432 31
9433 75
9434 33
9435 36
9436 47
9437 20
9438 44
9439 45
9440 27
9441 73
9442 38
9443 30
9444 56
9445 24
9446 37
9447 32
9448 36
9449 38
9450 24
9451 75
9452 28
9453 32
9454 60
9455 21
9456 40
9457 55
9458 22
9459 25
9460 58
9461 29
9462 57
9463 25
9464 58
9465 49
9466 21
9467 67
9468 32
9469 31
9470 37
9471 32
9472 77
9473 29
9474 32
9475 53
9476 24
9477 39
9478 46
9479 23
9480 74
9481 40
9482 35
9483 67
9484 32
9485 30
9486 66
9487 24
9488 53
9489 37
9490 31
9491 56
9492 27
9493 60
9494 20
9495 33
9496 38
9497 31
9498 69
9499 33
9500 34
9501 59
9502 31
9503 29
9504 54
9505 20
9506 33
9507 45
9508 24
9509 53
9510 36
9511 31
9512 64
9513 18
9514 40
9515 64
9516 32
9517 32
9518 54
9519 18
9520 63
9521 36
9522 32
9523 66
9524 22
9525 65
9526 20
9527 86
9528 34
9529 20
9530 37
9531 46
9532 31
9533 64
9534 33
9535 30
9536 51
9537 19
9538 41
9539 43
9540 26
9541 71
9542 36
9543 19
9544 47
9545 30
9546 59
9547 22
9548 64
9549 19
9550 76
9551 37
9552 31
9553 62
9554 34
9555 31
9556 44
9557 31
9558 80
9559 34
9560 25
9561 65
9562 30
9563 31
9564 38
9565 29
9566 34
9567 53
9568 21
9569 62
9570 23
9571 67
9572 32
9573 34
9574 50
9575 20
9576 40
9577 40
9578 33
9579 40
9580 29
9581 57
9582 29
9583 59
9584 31
9585 53
9586 22
9587 101
9588 30
9589 35
9590 36
9591 34
9592 49
9593 28
9594 67
9595 33
9596 33
9597 48
9598 47
9599 29
9600 56
9601 32
9602 78
9603 42
9604 25
9605 55
9606 38
9607 30
9608 56
9609 20
9610 57
9611 32
9612 42
9613 33
9614 27
9615 39
9616 28
9617 68
9618 34
9619 32
9620 57
9621 22
9622 38
9623 48
9624 25
9625 69
9626 30
9627 33
9628 48
9629 20
9630 32
9631 55
9632 23
9633 27
9634 69
9635 33
9636 26
9637 62
9638 20
9639 86
9640 21
9641 70
9642 28
9643 31
9644 60
9645 19
9646 55
9647 30
9648 38
9649 53
9650 19
9651 25
9652 49
9653 21
9654 62
9655 37
9656 34
9657 63
9658 31
9659 31
9660 53
9661 18
9662 30
9663 38
9664 30
9665 67
9666 31
9667 33
9668 55
9669 19
9670 29
9671 72
9672 21
9673 36
9674 38
9675 32
9676 62
9677 22
9678 33
9679 56
9680 27
9681 44
9682 26
9683 57
9684 26
9685 44
9686 56
9687 33
9688 22
9689 56
9690 30
9691 34
9692 46
9693 23
9694 62
9695 32
9696 32
9697 80
9698 46
9699 21
9700 30
9701 66
9702 37
9703 25
9704 78
9705 32
9706 35
9707 57
9708 31
9709 32
9710 67
9711 31
9712 34
9713 37
9714 25
9715 46
9716 28
9717 71
9718 27
9719 33
9720 51
9721 30
9722 77
9723 24
9724 62
9725 51
9726 32
9727 48
9728 33
9729 70
9730 38
9731 48
9732 30
9733 30
9734 36
9735 38
9736 21
9737 25
9738 61
9739 41
9740 27
9741 40
9742 80
9743 24
9744 66
9745 20
9746 72
9747 18
9748 36
9749 47
9750 21
9751 49
9752 37
9753 32
9754 69
9755 35
9756 31
9757 64
9758 29
9759 37
9760 50
9761 19
9762 65
9763 45
9764 30
9765 42
9766 44
9767 18
9768 61
9769 48
9770 29
9771 60
9772 32
9773 58
9774 40
9775 30
9776 34
9777 26
9778 37
9779 58
9780 21
9781 31
9782 48
9783 22
9784 44
9785 35
9786 25
9787 72
9788 23
9789 75
9790 32
9791 31
9792 76
9793 51
9794 31
9795 51
9796 21
9797 76
9798 26
9799 30
9800 49
9801 18
9802 36
9803 38
9804 24
9805 75
9806 38
9807 24
9808 65
9809 20
9810 71
9811 52
9812 22
9813 26
9814 54
9815 24
9816 34
9817 46
9818 29
9819 70
9820 41
9821 28
9822 68
9823 31
9824 28
9825 68
9826 22
9827 33
9828 49
9829 22
9830 55
9831 36
9832 30
9833 85
9834 27
9835 35
9836 62
9837 23
9838 37
9839 46
9840 25
9841 58
9842 20
9843 66
9844 27
9845 31
9846 63
9847 35
9848 25
9849 46
9850 46
9851 19
9852 60
9853 46
9854 30
9855 75
9856 49
9857 23
9858 75
9859 39
9860 22
9861 51
9862 27
9863 59
9864 24
9865 72
9866 20
9867 66
9868 29
9869 31
9870 50
9871 33
9872 65
9873 38
9874 34
9875 54
9876 22
9877 71
9878 42
9879 30
9880 75
9881 29
9882 33
9883 54
9884 26
9885 63
9886 22
9887 45
9888 23
9889 64
9890 41
9891 34
9892 67
9893 17
9894 40
9895 50
9896 22
9897 81
9898 33
9899 31
9900 81
9901 30
9902 40
9903 43
9904 29
9905 77
9906 32
9907 29
9908 41
9909 39
9910 26
9911 59
9912 43
9913 26
9914 90
9915 37
9916 26
9917 70
9918 42
9919 29
9920 48
9921 26
9922 76
9923 34
9924 27
9925 36
9926 34
9927 40
9928 31
9929 30
9930 45
9931 22
9932 61
9933 35
9934 29
9935 84
9936 37
9937 41
9938 50
9939 21
9940 59
9941 27
9942 69
9943 50
9944 19
9945 32
9946 54
9947 30
9948 79
9949 34
9950 35
9951 79
9952 22
9953 56
9954 51
9955 28
9956 67
9957 40
9958 31
9959 78
9960 32
9961 52
9962 38
9963 43
9964 37
9965 33
9966 47
9967 30
9968 64
9969 22
9970 72
9971 31
9972 36
9973 48
9974 21
9975 67
9976 26
9977 60
9978 27
9979 64
9980 20
9981 83
9982 32
9983 42
9984 36
9985 33
9986 48
9987 21
9988 34
9989 61
9990 28
9991 32
9992 47
9993 19
9994 34
9995 61
9996 18
9997 67
9998 31
9999 81
# sum: 41
# min: 14
# max: 125
# err cnt: 0
