2849 1
2850 4
2851 16
2852 39
2853 108
2854 239
2855 502
2856 936
2857 1546
2858 2435
2859 3525
2860 4674
2861 5805
2862 6825
2863 7797
2864 8470
2865 8873
2866 9132
2867 9319
2868 9426
2869 9537
2870 9616
2871 9689
2872 9736
2873 9778
2874 9811
2875 9840
2876 9852
2877 9860
2878 9872
2879 9881
2880 9891
2881 9896
2882 9902
2883 9907
2884 9911
2885 9916
2886 9918
2887 9921
2888 9922
2889 9927
2890 9930
2892 9932
2893 9934
2894 9938
2895 9940
2896 9944
2897 9946
2898 9947
2900 9950
2901 9951
2902 9952
2903 9955
2904 9957
2906 9958
2907 9959
2908 9961
2909 9962
2910 9963
2911 9964
2914 9965
2916 9967
2917 9969
2918 9971
2919 9975
2920 9976
2921 9978
2922 9980
2923 9982
2924 9985
2925 9987
2927 9989
2928 9990
2930 9991
2932 9992
2945 9993
6956 9994
6994 9995
6996 9996
7011 9997
7015 9998
7102 9999
7103 10000
