0 45
1 28
2 25
3 25
4 32
5 27
6 25
7 25
8 32
9 27
10 25
11 25
12 32
13 26
14 25
15 25
16 32
17 26
18 25
19 25
20 32
21 27
22 25
23 25
24 32
25 27
26 25
27 25
28 32
29 27
30 24
31 24
32 31
33 26
34 24
35 24
36 31
37 26
38 24
39 24
40 32
41 26
42 24
43 24
44 31
45 26
46 24
47 31
48 33
49 27
50 26
51 25
52 32
53 27
54 25
55 25
56 32
57 27
58 25
59 25
60 32
61 27
62 25
63 25
64 32
65 27
66 25
67 25
68 33
69 27
70 25
71 25
72 32
73 27
74 25
75 25
76 32
77 27
78 25
79 25
80 32
81 27
82 25
83 25
84 32
85 27
86 25
87 25
88 32
89 27
90 25
91 25
92 32
93 27
94 23
95 21
96 25
97 28
98 27
99 33
100 27
101 25
102 24
103 32
104 26
105 25
106 25
107 32
108 26
109 25
110 25
111 32
112 26
113 25
114 25
115 32
116 27
117 25
118 25
119 31
120 27
121 25
122 25
123 31
124 27
125 25
126 25
127 32
128 26
129 25
130 25
131 32
132 27
133 25
134 25
135 32
136 27
137 24
138 25
139 32
140 26
141 25
142 25
143 32
144 26
145 25
146 25
147 32
148 26
149 25
150 25
151 32
152 27
153 25
154 25
155 32
156 27
157 25
158 25
159 32
160 27
161 25
162 25
163 32
164 27
165 25
166 25
167 21
168 26
169 24
170 28
171 31
172 27
173 25
174 25
175 32
176 27
177 25
178 25
179 32
180 27
181 25
182 25
183 32
184 26
185 25
186 25
187 32
188 27
189 25
190 25
191 32
192 26
193 25
194 25
195 32
196 27
197 25
198 25
199 32
200 27
201 25
202 25
203 32
204 26
205 25
206 25
207 32
208 27
209 25
210 25
211 32
212 26
213 25
214 25
215 32
216 26
217 25
218 25
219 32
220 26
221 27
222 25
223 32
224 26
225 24
226 25
227 32
228 26
229 25
230 25
231 32
232 27
233 25
234 24
235 32
236 26
237 27
238 24
239 31
240 27
241 25
242 25
243 32
244 26
245 25
246 25
247 32
248 26
249 25
250 25
251 32
252 26
253 25
254 25
255 32
256 26
257 25
258 25
259 32
260 26
261 25
262 25
263 32
264 26
265 25
266 24
267 32
268 26
269 25
270 25
271 32
272 26
273 25
274 25
275 32
276 26
277 25
278 25
279 32
280 26
281 25
282 25
283 32
284 26
285 25
286 25
287 32
288 26
289 25
290 25
291 32
292 26
293 25
294 25
295 32
296 26
297 25
298 25
299 32
300 26
301 25
302 25
303 31
304 27
305 25
306 27
307 32
308 26
309 25
310 25
311 32
312 26
313 25
314 24
315 32
316 26
317 25
318 25
319 32
320 26
321 25
322 25
323 31
324 26
325 25
326 25
327 22
328 26
329 25
330 25
331 32
332 26
333 25
334 25
335 32
336 26
337 25
338 24
339 31
340 26
341 24
342 25
343 31
344 26
345 25
346 25
347 32
348 27
349 25
350 24
351 32
352 27
353 25
354 25
355 32
356 26
357 25
358 25
359 32
360 26
361 25
362 25
363 32
364 26
365 25
366 25
367 32
368 27
369 25
370 25
371 32
372 26
373 25
374 25
375 20
376 27
377 25
378 25
379 32
380 31
381 25
382 25
383 32
384 26
385 24
386 25
387 32
388 26
389 25
390 25
391 22
392 27
393 25
394 25
395 32
396 26
397 25
398 25
399 32
400 27
401 25
402 25
403 32
404 27
405 25
406 25
407 32
408 26
409 25
410 25
411 32
412 27
413 27
414 24
415 31
416 26
417 25
418 25
419 32
420 27
421 26
422 25
423 32
424 27
425 25
426 25
427 31
428 26
429 25
430 25
431 31
432 26
433 25
434 26
435 32
436 27
437 25
438 25
439 32
440 27
441 25
442 25
443 32
444 26
445 26
446 25
447 31
448 27
449 24
450 24
451 31
452 26
453 25
454 24
455 32
456 26
457 24
458 25
459 31
460 26
461 25
462 24
463 31
464 26
465 25
466 24
467 31
468 26
469 25
470 24
471 31
472 26
473 25
474 24
475 31
476 26
477 24
478 24
479 31
480 26
481 24
482 24
483 31
484 26
485 25
486 24
487 31
488 26
489 24
490 25
491 31
492 26
493 24
494 24
495 31
496 26
497 24
498 24
499 32
500 26
501 24
502 25
503 33
504 27
505 25
506 25
507 32
508 27
509 25
510 25
511 32
512 26
513 25
514 26
515 32
516 27
517 25
518 25
519 32
520 26
521 25
522 25
523 32
524 26
525 25
526 25
527 32
528 26
529 25
530 25
531 32
532 27
533 25
534 25
535 32
536 26
537 25
538 25
539 32
540 26
541 25
542 24
543 32
544 26
545 25
546 25
547 32
548 26
549 25
550 25
551 32
552 26
553 25
554 25
555 32
556 27
557 24
558 25
559 32
560 26
561 25
562 26
563 32
564 27
565 25
566 25
567 32
568 26
569 25
570 25
571 32
572 26
573 25
574 25
575 32
576 26
577 25
578 25
579 32
580 26
581 25
582 25
583 20
584 27
585 25
586 24
587 32
588 26
589 25
590 25
591 32
592 27
593 25
594 25
595 32
596 26
597 25
598 25
599 32
600 26
601 25
602 25
603 32
604 26
605 25
606 25
607 32
608 26
609 25
610 25
611 32
612 27
613 25
614 25
615 32
616 27
617 25
618 25
619 32
620 27
621 25
622 25
623 31
624 26
625 25
626 25
627 32
628 27
629 25
630 25
631 32
632 26
633 25
634 25
635 32
636 26
637 25
638 25
639 32
640 26
641 25
642 25
643 31
644 26
645 25
646 25
647 32
648 27
649 25
650 25
651 32
652 26
653 26
654 25
655 31
656 27
657 24
658 24
659 31
660 26
661 24
662 24
663 32
664 26
665 24
666 24
667 32
668 26
669 25
670 24
671 31
672 26
673 24
674 25
675 31
676 26
677 24
678 24
679 32
680 27
681 25
682 24
683 31
684 26
685 24
686 24
687 31
688 26
689 25
690 24
691 31
692 27
693 24
694 24
695 31
696 26
697 25
698 24
699 31
700 26
701 24
702 24
703 31
704 27
705 24
706 24
707 32
708 26
709 25
710 24
711 22
712 26
713 24
714 31
715 32
716 26
717 24
718 25
719 32
720 26
721 24
722 26
723 32
724 26
725 25
726 25
727 32
728 27
729 25
730 25
731 32
732 26
733 25
734 25
735 32
736 27
737 25
738 25
739 32
740 27
741 25
742 25
743 32
744 26
745 25
746 25
747 31
748 27
749 24
750 25
751 32
752 27
753 25
754 25
755 32
756 26
757 25
758 25
759 31
760 26
761 25
762 25
763 32
764 26
765 25
766 24
767 32
768 26
769 25
770 25
771 32
772 26
773 25
774 25
775 32
776 27
777 25
778 25
779 32
780 27
781 25
782 25
783 32
784 26
785 25
786 25
787 32
788 26
789 25
790 25
791 20
792 27
793 25
794 24
795 31
796 26
797 24
798 25
799 31
800 26
801 24
802 24
803 31
804 26
805 24
806 23
807 25
808 18
809 24
810 34
811 27
812 25
813 25
814 32
815 26
816 25
817 25
818 32
819 26
820 24
821 25
822 31
823 26
824 25
825 25
826 32
827 27
828 25
829 24
830 32
831 26
832 25
833 24
834 31
835 27
836 26
837 25
838 32
839 27
840 25
841 25
842 32
843 27
844 25
845 25
846 32
847 27
848 25
849 25
850 32
851 27
852 25
853 25
854 32
855 27
856 25
857 25
858 32
859 26
860 25
861 27
862 32
863 26
864 25
865 25
866 32
867 27
868 25
869 25
870 32
871 27
872 25
873 25
874 32
875 27
876 25
877 25
878 32
879 27
880 25
881 25
882 32
883 27
884 25
885 25
886 32
887 27
888 25
889 25
890 32
891 27
892 25
893 25
894 32
895 27
896 25
897 25
898 31
899 26
900 25
901 25
902 32
903 25
904 26
905 25
906 32
907 26
908 25
909 25
910 32
911 27
912 25
913 25
914 32
915 27
916 25
917 25
918 32
919 27
920 25
921 25
922 31
923 27
924 25
925 25
926 32
927 27
928 25
929 25
930 27
931 25
932 25
933 32
934 27
935 25
936 25
937 32
938 27
939 25
940 25
941 32
942 27
943 25
944 25
945 32
946 27
947 25
948 25
949 32
950 27
951 25
952 25
953 32
954 27
955 25
956 25
957 32
958 27
959 25
960 25
961 32
962 27
963 25
964 25
965 32
966 27
967 23
968 26
969 32
970 27
971 25
972 25
973 32
974 27
975 25
976 25
977 32
978 27
979 25
980 24
981 32
982 27
983 25
984 25
985 32
986 27
987 25
988 25
989 32
990 27
991 25
992 25
993 32
994 27
995 25
996 25
997 32
998 27
999 17
1000 27
1001 31
1002 26
1003 25
1004 25
1005 32
1006 26
1007 24
1008 25
1009 32
1010 27
1011 24
1012 24
1013 31
1014 27
1015 25
1016 25
1017 32
1018 26
1019 25
1020 25
1021 31
1022 26
1023 24
1024 25
1025 31
1026 27
1027 25
1028 24
1029 31
1030 26
1031 25
1032 25
1033 31
1034 26
1035 24
1036 25
1037 32
1038 27
1039 24
1040 25
1041 32
1042 26
1043 25
1044 24
1045 32
1046 26
1047 31
1048 25
1049 32
1050 27
1051 25
1052 25
1053 25
1054 25
1055 25
1056 32
1057 27
1058 25
1059 24
1060 31
1061 26
1062 25
1063 25
1064 32
1065 27
1066 25
1067 25
1068 33
1069 26
1070 25
1071 25
1072 32
1073 27
1074 28
1075 25
1076 33
1077 27
1078 24
1079 25
1080 32
1081 26
1082 25
1083 25
1084 31
1085 27
1086 25
1087 25
1088 32
1089 26
1090 25
1091 25
1092 32
1093 26
1094 25
1095 22
1096 33
1097 26
1098 25
1099 25
1100 32
1101 26
1102 25
1103 25
1104 32
1105 27
1106 25
1107 25
1108 31
1109 26
1110 25
1111 25
1112 32
1113 27
1114 25
1115 25
1116 31
1117 27
1118 25
1119 25
1120 32
1121 27
1122 25
1123 25
1124 32
1125 27
1126 25
1127 25
1128 32
1129 27
1130 25
1131 25
1132 32
1133 27
1134 25
1135 25
1136 32
1137 27
1138 26
1139 25
1140 31
1141 26
1142 24
1143 24
1144 31
1145 26
1146 24
1147 24
1148 32
1149 26
1150 24
1151 24
1152 32
1153 26
1154 24
1155 24
1156 31
1157 26
1158 24
1159 24
1160 31
1161 26
1162 24
1163 24
1164 31
1165 26
1166 24
1167 24
1168 32
1169 25
1170 25
1171 25
1172 32
1173 27
1174 25
1175 25
1176 32
1177 27
1178 25
1179 25
1180 32
1181 27
1182 24
1183 25
1184 32
1185 27
1186 25
1187 25
1188 32
1189 26
1190 25
1191 25
1192 32
1193 26
1194 25
1195 24
1196 32
1197 27
1198 25
1199 24
1200 32
1201 27
1202 25
1203 25
1204 32
1205 26
1206 25
1207 18
1208 33
1209 27
1210 25
1211 25
1212 31
1213 26
1214 25
1215 25
1216 32
1217 26
1218 25
1219 25
1220 32
1221 27
1222 25
1223 22
1224 33
1225 26
1226 25
1227 25
1228 32
1229 26
1230 24
1231 25
1232 32
1233 26
1234 25
1235 25
1236 32
1237 26
1238 25
1239 25
1240 32
1241 26
1242 25
1243 25
1244 32
1245 27
1246 25
1247 25
1248 32
1249 26
1250 25
1251 25
1252 32
1253 26
1254 25
1255 25
1256 32
1257 26
1258 25
1259 25
1260 31
1261 27
1262 25
1263 25
1264 32
1265 27
1266 25
1267 25
1268 32
1269 26
1270 25
1271 25
1272 32
1273 27
1274 25
1275 25
1276 32
1277 27
1278 24
1279 25
1280 32
1281 26
1282 25
1283 25
1284 32
1285 26
1286 25
1287 25
1288 32
1289 27
1290 25
1291 25
1292 32
1293 27
1294 25
1295 25
1296 32
1297 26
1298 25
1299 25
1300 32
1301 26
1302 25
1303 25
1304 32
1305 26
1306 24
1307 25
1308 32
1309 27
1310 25
1311 25
1312 32
1313 26
1314 25
1315 25
1316 32
1317 27
1318 25
1319 25
1320 32
1321 26
1322 25
1323 25
1324 32
1325 26
1326 25
1327 25
1328 32
1329 27
1330 25
1331 25
1332 32
1333 26
1334 25
1335 24
1336 32
1337 27
1338 25
1339 25
1340 32
1341 27
1342 25
1343 25
1344 32
1345 26
1346 26
1347 25
1348 31
1349 26
1350 24
1351 24
1352 31
1353 27
1354 24
1355 24
1356 31
1357 27
1358 24
1359 25
1360 31
1361 26
1362 24
1363 25
1364 31
1365 24
1366 25
1367 24
1368 31
1369 26
1370 25
1371 24
1372 31
1373 27
1374 24
1375 24
1376 32
1377 26
1378 25
1379 24
1380 31
1381 29
1382 26
1383 25
1384 33
1385 27
1386 24
1387 24
1388 32
1389 27
1390 25
1391 25
1392 32
1393 27
1394 26
1395 25
1396 32
1397 26
1398 24
1399 24
1400 32
1401 27
1402 24
1403 24
1404 32
1405 27
1406 24
1407 24
1408 32
1409 27
1410 24
1411 24
1412 32
1413 27
1414 24
1415 22
1416 35
1417 29
1418 24
1419 24
1420 32
1421 27
1422 24
1423 24
1424 31
1425 26
1426 24
1427 24
1428 31
1429 26
1430 24
1431 24
1432 31
1433 26
1434 24
1435 24
1436 31
1437 26
1438 24
1439 24
1440 31
1441 26
1442 24
1443 24
1444 31
1445 26
1446 24
1447 24
1448 31
1449 26
1450 25
1451 24
1452 31
1453 26
1454 24
1455 24
1456 31
1457 27
1458 24
1459 24
1460 31
1461 26
1462 24
1463 24
1464 31
1465 26
1466 24
1467 24
1468 31
1469 26
1470 24
1471 24
1472 31
1473 26
1474 24
1475 24
1476 31
1477 26
1478 24
1479 24
1480 31
1481 26
1482 24
1483 24
1484 31
1485 26
1486 24
1487 24
1488 32
1489 26
1490 24
1491 24
1492 31
1493 26
1494 24
1495 24
1496 31
1497 26
1498 24
1499 24
1500 32
1501 26
1502 24
1503 25
1504 32
1505 35
1506 27
1507 24
1508 32
1509 26
1510 24
1511 24
1512 32
1513 26
1514 24
1515 24
1516 32
1517 26
1518 24
1519 21
1520 32
1521 26
1522 24
1523 24
1524 31
1525 26
1526 24
1527 24
1528 31
1529 26
1530 24
1531 24
1532 31
1533 26
1534 24
1535 24
1536 31
1537 26
1538 24
1539 24
1540 31
1541 26
1542 24
1543 24
1544 31
1545 26
1546 24
1547 24
1548 31
1549 26
1550 24
1551 24
1552 31
1553 26
1554 26
1555 24
1556 31
1557 26
1558 24
1559 24
1560 31
1561 26
1562 24
1563 24
1564 31
1565 26
1566 24
1567 24
1568 31
1569 26
1570 24
1571 24
1572 31
1573 26
1574 24
1575 24
1576 31
1577 26
1578 24
1579 24
1580 31
1581 26
1582 24
1583 24
1584 31
1585 26
1586 25
1587 24
1588 32
1589 27
1590 24
1591 24
1592 31
1593 26
1594 24
1595 24
1596 31
1597 26
1598 24
1599 24
1600 31
1601 26
1602 24
1603 24
1604 31
1605 26
1606 24
1607 22
1608 33
1609 26
1610 24
1611 24
1612 31
1613 26
1614 24
1615 24
1616 31
1617 26
1618 24
1619 23
1620 26
1621 25
1622 24
1623 22
1624 32
1625 26
1626 24
1627 24
1628 32
1629 27
1630 25
1631 24
1632 32
1633 27
1634 24
1635 24
1636 32
1637 27
1638 24
1639 24
1640 32
1641 26
1642 24
1643 24
1644 32
1645 26
1646 24
1647 24
1648 32
1649 27
1650 27
1651 24
1652 32
1653 27
1654 25
1655 25
1656 32
1657 27
1658 24
1659 24
1660 32
1661 27
1662 24
1663 24
1664 32
1665 26
1666 24
1667 25
1668 32
1669 27
1670 25
1671 25
1672 32
1673 26
1674 25
1675 25
1676 32
1677 27
1678 25
1679 24
1680 32
1681 27
1682 24
1683 24
1684 32
1685 26
1686 25
1687 24
1688 32
1689 27
1690 24
1691 25
1692 32
1693 27
1694 24
1695 24
1696 32
1697 27
1698 24
1699 24
1700 31
1701 27
1702 24
1703 24
1704 32
1705 27
1706 24
1707 25
1708 32
1709 26
1710 24
1711 24
1712 32
1713 27
1714 25
1715 25
1716 32
1717 26
1718 25
1719 24
1720 32
1721 26
1722 24
1723 25
1724 31
1725 26
1726 24
1727 25
1728 32
1729 26
1730 24
1731 24
1732 31
1733 27
1734 25
1735 22
1736 33
1737 26
1738 25
1739 24
1740 32
1741 26
1742 24
1743 24
1744 32
1745 26
1746 24
1747 24
1748 31
1749 26
1750 24
1751 24
1752 31
1753 26
1754 25
1755 24
1756 32
1757 26
1758 24
1759 24
1760 31
1761 26
1762 24
1763 24
1764 31
1765 26
1766 24
1767 24
1768 31
1769 26
1770 24
1771 24
1772 31
1773 26
1774 24
1775 23
1776 31
1777 26
1778 25
1779 24
1780 31
1781 26
1782 24
1783 24
1784 31
1785 26
1786 24
1787 24
1788 31
1789 26
1790 24
1791 24
1792 31
1793 26
1794 24
1795 24
1796 31
1797 26
1798 24
1799 24
1800 31
1801 26
1802 24
1803 24
1804 31
1805 26
1806 24
1807 24
1808 31
1809 26
1810 24
1811 24
1812 31
1813 26
1814 24
1815 24
1816 31
1817 26
1818 24
1819 24
1820 31
1821 26
1822 24
1823 24
1824 31
1825 26
1826 24
1827 24
1828 31
1829 26
1830 24
1831 22
1832 32
1833 26
1834 24
1835 24
1836 31
1837 24
1838 24
1839 32
1840 30
1841 26
1842 18
1843 34
1844 27
1845 25
1846 25
1847 32
1848 27
1849 25
1850 25
1851 32
1852 27
1853 25
1854 25
1855 32
1856 26
1857 25
1858 25
1859 32
1860 26
1861 25
1862 25
1863 32
1864 27
1865 25
1866 25
1867 31
1868 27
1869 25
1870 25
1871 32
1872 27
1873 25
1874 25
1875 32
1876 26
1877 25
1878 25
1879 32
1880 26
1881 24
1882 25
1883 32
1884 27
1885 25
1886 25
1887 32
1888 26
1889 25
1890 25
1891 32
1892 26
1893 25
1894 25
1895 32
1896 27
1897 25
1898 25
1899 32
1900 26
1901 26
1902 24
1903 31
1904 27
1905 25
1906 25
1907 32
1908 26
1909 24
1910 24
1911 32
1912 26
1913 25
1914 25
1915 32
1916 26
1917 25
1918 25
1919 32
1920 26
1921 25
1922 25
1923 32
1924 26
1925 25
1926 24
1927 20
1928 27
1929 25
1930 25
1931 32
1932 27
1933 25
1934 25
1935 32
1936 27
1937 25
1938 25
1939 32
1940 27
1941 25
1942 25
1943 32
1944 26
1945 25
1946 25
1947 31
1948 27
1949 25
1950 25
1951 32
1952 27
1953 25
1954 25
1955 32
1956 27
1957 25
1958 25
1959 32
1960 27
1961 25
1962 25
1963 32
1964 27
1965 25
1966 25
1967 32
1968 26
1969 25
1970 26
1971 32
1972 26
1973 25
1974 25
1975 32
1976 26
1977 25
1978 25
1979 32
1980 26
1981 25
1982 25
1983 32
1984 26
1985 25
1986 25
1987 32
1988 27
1989 25
1990 25
1991 32
1992 26
1993 25
1994 25
1995 31
1996 27
1997 25
1998 25
1999 32
2000 26
2001 25
2002 25
2003 32
2004 26
2005 25
2006 25
2007 32
2008 26
2009 25
2010 25
2011 32
2012 27
2013 25
2014 25
2015 32
2016 27
2017 25
2018 25
2019 32
2020 26
2021 25
2022 25
2023 32
2024 27
2025 25
2026 25
2027 32
2028 27
2029 25
2030 25
2031 32
2032 26
2033 25
2034 25
2035 32
2036 27
2037 25
2038 25
2039 20
2040 26
2041 25
2042 24
2043 31
2044 26
2045 24
2046 24
2047 31
2048 25
2049 25
2050 25
2051 32
2052 26
2053 25
2054 25
2055 32
2056 27
2057 24
2058 25
2059 32
2060 26
2061 25
2062 25
2063 32
2064 27
2065 25
2066 25
2067 31
2068 27
2069 25
2070 25
2071 32
2072 27
2073 25
2074 25
2075 32
2076 27
2077 25
2078 25
2079 32
2080 26
2081 25
2082 25
2083 32
2084 26
2085 25
2086 25
2087 32
2088 27
2089 25
2090 25
2091 32
2092 26
2093 25
2094 25
2095 32
2096 26
2097 25
2098 25
2099 32
2100 27
2101 25
2102 25
2103 32
2104 26
2105 25
2106 24
2107 32
2108 26
2109 26
2110 25
2111 32
2112 27
2113 25
2114 25
2115 32
2116 26
2117 25
2118 25
2119 32
2120 27
2121 25
2122 25
2123 32
2124 27
2125 24
2126 25
2127 31
2128 26
2129 25
2130 25
2131 32
2132 26
2133 24
2134 25
2135 32
2136 26
2137 25
2138 25
2139 31
2140 27
2141 25
2142 25
2143 32
2144 26
2145 25
2146 25
2147 32
2148 27
2149 25
2150 25
2151 32
2152 26
2153 25
2154 24
2155 31
2156 26
2157 25
2158 25
2159 32
2160 26
2161 25
2162 25
2163 32
2164 27
2165 25
2166 25
2167 32
2168 26
2169 23
2170 25
2171 23
2172 24
2173 25
2174 21
2175 21
2176 20
2177 19
2178 21
2179 28
2180 25
2181 33
2182 27
2183 25
2184 25
2185 32
2186 27
2187 25
2188 25
2189 32
2190 27
2191 25
2192 25
2193 32
2194 27
2195 25
2196 25
2197 32
2198 27
2199 25
2200 25
2201 32
2202 27
2203 25
2204 25
2205 26
2206 25
2207 25
2208 32
2209 27
2210 25
2211 25
2212 32
2213 26
2214 25
2215 25
2216 32
2217 27
2218 25
2219 25
2220 32
2221 27
2222 25
2223 25
2224 31
2225 27
2226 25
2227 25
2228 32
2229 27
2230 25
2231 25
2232 32
2233 26
2234 25
2235 25
2236 32
2237 27
2238 25
2239 25
2240 32
2241 26
2242 25
2243 25
2244 32
2245 27
2246 25
2247 18
2248 34
2249 27
2250 25
2251 25
2252 32
2253 26
2254 25
2255 25
2256 32
2257 27
2258 25
2259 25
2260 32
2261 27
2262 25
2263 25
2264 32
2265 27
2266 25
2267 25
2268 31
2269 31
2270 21
2271 28
2272 24
2273 21
2274 21
2275 28
2276 27
2277 25
2278 25
2279 32
2280 27
2281 24
2282 24
2283 32
2284 27
2285 25
2286 24
2287 32
2288 26
2289 25
2290 26
2291 32
2292 27
2293 24
2294 24
2295 32
2296 27
2297 25
2298 25
2299 32
2300 27
2301 25
2302 25
2303 32
2304 27
2305 24
2306 24
2307 32
2308 27
2309 24
2310 25
2311 21
2312 27
2313 24
2314 24
2315 32
2316 27
2317 25
2318 24
2319 32
2320 26
2321 24
2322 24
2323 32
2324 26
2325 24
2326 24
2327 32
2328 27
2329 25
2330 24
2331 32
2332 27
2333 24
2334 25
2335 32
2336 26
2337 24
2338 24
2339 32
2340 27
2341 24
2342 24
2343 32
2344 26
2345 24
2346 25
2347 32
2348 27
2349 25
2350 24
2351 32
2352 27
2353 24
2354 25
2355 32
2356 27
2357 25
2358 25
2359 32
2360 27
2361 24
2362 24
2363 32
2364 27
2365 25
2366 24
2367 32
2368 27
2369 25
2370 24
2371 32
2372 27
2373 25
2374 24
2375 32
2376 27
2377 25
2378 24
2379 32
2380 27
2381 25
2382 24
2383 32
2384 27
2385 24
2386 25
2387 32
2388 26
2389 25
2390 24
2391 31
2392 27
2393 25
2394 24
2395 32
2396 27
2397 24
2398 24
2399 31
2400 27
2401 26
2402 25
2403 32
2404 27
2405 25
2406 25
2407 32
2408 27
2409 25
2410 25
2411 32
2412 27
2413 24
2414 25
2415 32
2416 27
2417 24
2418 27
2419 32
2420 26
2421 24
2422 24
2423 32
2424 26
2425 24
2426 24
2427 32
2428 27
2429 25
2430 24
2431 32
2432 27
2433 24
2434 24
2435 32
2436 26
2437 24
2438 24
2439 19
2440 27
2441 25
2442 24
2443 32
2444 27
2445 24
2446 24
2447 32
2448 26
2449 24
2450 24
2451 31
2452 26
2453 24
2454 24
2455 22
2456 25
2457 24
2458 24
2459 32
2460 26
2461 24
2462 24
2463 32
2464 26
2465 24
2466 25
2467 31
2468 26
2469 24
2470 25
2471 31
2472 26
2473 25
2474 24
2475 32
2476 26
2477 25
2478 24
2479 32
2480 26
2481 24
2482 24
2483 32
2484 26
2485 25
2486 25
2487 32
2488 26
2489 24
2490 24
2491 32
2492 26
2493 24
2494 24
2495 32
2496 27
2497 25
2498 24
2499 31
2500 26
2501 24
2502 24
2503 23
2504 25
2505 24
2506 24
2507 32
2508 26
2509 23
2510 24
2511 31
2512 26
2513 24
2514 24
2515 31
2516 26
2517 24
2518 24
2519 31
2520 26
2521 24
2522 24
2523 28
2524 24
2525 25
2526 32
2527 26
2528 24
2529 24
2530 31
2531 26
2532 24
2533 24
2534 31
2535 26
2536 24
2537 24
2538 31
2539 26
2540 24
2541 24
2542 31
2543 26
2544 24
2545 24
2546 24
2547 24
2548 24
2549 31
2550 26
2551 24
2552 24
2553 31
2554 26
2555 24
2556 24
2557 31
2558 26
2559 24
2560 24
2561 31
2562 26
2563 24
2564 24
2565 31
2566 26
2567 24
2568 24
2569 31
2570 26
2571 24
2572 24
2573 31
2574 26
2575 24
2576 24
2577 32
2578 26
2579 24
2580 24
2581 31
2582 26
2583 24
2584 24
2585 31
2586 26
2587 24
2588 24
2589 31
2590 26
2591 24
2592 24
2593 31
2594 26
2595 23
2596 24
2597 31
2598 26
2599 24
2600 24
2601 31
2602 26
2603 24
2604 24
2605 31
2606 26
2607 24
2608 24
2609 31
2610 25
2611 24
2612 24
2613 31
2614 26
2615 24
2616 24
2617 31
2618 26
2619 24
2620 24
2621 31
2622 26
2623 24
2624 24
2625 31
2626 26
2627 24
2628 24
2629 31
2630 26
2631 24
2632 24
2633 31
2634 26
2635 24
2636 24
2637 31
2638 26
2639 24
2640 24
2641 31
2642 26
2643 24
2644 24
2645 31
2646 26
2647 24
2648 24
2649 31
2650 26
2651 24
2652 24
2653 31
2654 26
2655 24
2656 24
2657 31
2658 26
2659 24
2660 24
2661 31
2662 26
2663 22
2664 24
2665 31
2666 26
2667 24
2668 24
2669 31
2670 26
2671 24
2672 24
2673 31
2674 26
2675 24
2676 24
2677 31
2678 26
2679 24
2680 24
2681 31
2682 26
2683 24
2684 24
2685 31
2686 26
2687 24
2688 24
2689 31
2690 26
2691 24
2692 24
2693 31
2694 26
2695 24
2696 24
2697 31
2698 26
2699 24
2700 24
2701 31
2702 26
2703 24
2704 25
2705 31
2706 26
2707 24
2708 23
2709 31
2710 26
2711 24
2712 24
2713 31
2714 26
2715 24
2716 24
2717 25
2718 24
2719 24
2720 31
2721 26
2722 24
2723 24
2724 31
2725 26
2726 24
2727 24
2728 31
2729 26
2730 24
2731 24
2732 31
2733 26
2734 25
2735 24
2736 31
2737 26
2738 24
2739 24
2740 31
2741 26
2742 24
2743 24
2744 32
2745 26
2746 24
2747 24
2748 31
2749 26
2750 24
2751 24
2752 31
2753 26
2754 24
2755 24
2756 31
2757 26
2758 24
2759 22
2760 33
2761 26
2762 24
2763 24
2764 31
2765 26
2766 24
2767 24
2768 31
2769 26
2770 24
2771 23
2772 31
2773 26
2774 24
2775 27
2776 32
2777 26
2778 24
2779 24
2780 31
2781 26
2782 24
2783 23
2784 31
2785 26
2786 24
2787 24
2788 31
2789 26
2790 24
2791 24
2792 31
2793 26
2794 23
2795 24
2796 31
2797 26
2798 24
2799 24
2800 31
2801 26
2802 24
2803 24
2804 31
2805 26
2806 24
2807 24
2808 31
2809 26
2810 24
2811 24
2812 31
2813 26
2814 24
2815 24
2816 31
2817 26
2818 24
2819 24
2820 31
2821 26
2822 24
2823 24
2824 31
2825 26
2826 24
2827 24
2828 31
2829 26
2830 24
2831 23
2832 31
2833 26
2834 24
2835 24
2836 34
2837 25
2838 25
2839 24
2840 32
2841 26
2842 24
2843 24
2844 31
2845 27
2846 25
2847 24
2848 32
2849 26
2850 24
2851 24
2852 32
2853 26
2854 24
2855 24
2856 32
2857 26
2858 24
2859 25
2860 32
2861 27
2862 25
2863 25
2864 32
2865 27
2866 25
2867 25
2868 32
2869 27
2870 24
2871 22
2872 32
2873 26
2874 25
2875 24
2876 32
2877 26
2878 24
2879 24
2880 32
2881 26
2882 24
2883 24
2884 32
2885 27
2886 26
2887 25
2888 32
2889 26
2890 24
2891 24
2892 32
2893 26
2894 24
2895 24
2896 32
2897 26
2898 24
2899 24
2900 32
2901 26
2902 24
2903 24
2904 32
2905 26
2906 24
2907 24
2908 31
2909 27
2910 25
2911 25
2912 32
2913 26
2914 25
2915 24
2916 32
2917 26
2918 24
2919 24
2920 31
2921 26
2922 24
2923 24
2924 32
2925 27
2926 24
2927 24
2928 32
2929 26
2930 24
2931 24
2932 32
2933 27
2934 24
2935 24
2936 32
2937 27
2938 25
2939 24
2940 32
2941 27
2942 24
2943 24
2944 32
2945 26
2946 24
2947 24
2948 32
2949 26
2950 24
2951 19
2952 35
2953 27
2954 25
2955 24
2956 31
2957 27
2958 25
2959 24
2960 31
2961 26
2962 25
2963 24
2964 32
2965 26
2966 25
2967 24
2968 32
2969 27
2970 24
2971 25
2972 31
2973 26
2974 25
2975 24
2976 32
2977 27
2978 25
2979 24
2980 31
2981 27
2982 25
2983 24
2984 31
2985 26
2986 24
2987 24
2988 31
2989 27
2990 24
2991 24
2992 32
2993 26
2994 24
2995 24
2996 32
2997 27
2998 24
2999 24
3000 32
3001 27
3002 24
3003 24
3004 31
3005 27
3006 24
3007 24
3008 31
3009 26
3010 24
3011 25
3012 32
3013 27
3014 24
3015 22
3016 32
3017 26
3018 24
3019 24
3020 32
3021 27
3022 24
3023 24
3024 32
3025 27
3026 27
3027 24
3028 32
3029 26
3030 25
3031 25
3032 32
3033 27
3034 24
3035 24
3036 32
3037 26
3038 24
3039 25
3040 32
3041 27
3042 24
3043 24
3044 31
3045 26
3046 24
3047 25
3048 32
3049 26
3050 25
3051 24
3052 32
3053 27
3054 24
3055 24
3056 32
3057 26
3058 24
3059 25
3060 32
3061 26
3062 24
3063 24
3064 32
3065 26
3066 24
3067 25
3068 32
3069 26
3070 24
3071 24
3072 32
3073 27
3074 24
3075 24
3076 32
3077 26
3078 24
3079 22
3080 32
3081 27
3082 24
3083 24
3084 32
3085 26
3086 24
3087 24
3088 32
3089 27
3090 24
3091 24
3092 32
3093 27
3094 24
3095 24
3096 32
3097 27
3098 24
3099 24
3100 32
3101 27
3102 25
3103 24
3104 32
3105 27
3106 24
3107 24
3108 32
3109 27
3110 24
3111 24
3112 31
3113 26
3114 25
3115 24
3116 32
3117 27
3118 25
3119 24
3120 32
3121 26
3122 27
3123 25
3124 32
3125 27
3126 24
3127 25
3128 31
3129 26
3130 24
3131 25
3132 32
3133 26
3134 24
3135 24
3136 32
3137 27
3138 25
3139 25
3140 32
3141 27
3142 24
3143 25
3144 32
3145 26
3146 24
3147 24
3148 32
3149 27
3150 25
3151 24
3152 32
3153 27
3154 25
3155 24
3156 32
3157 27
3158 24
3159 25
3160 32
3161 27
3162 24
3163 25
3164 32
3165 27
3166 24
3167 24
3168 31
3169 24
3170 24
3171 24
3172 31
3173 26
3174 24
3175 24
3176 31
3177 26
3178 24
3179 24
3180 31
3181 26
3182 24
3183 24
3184 31
3185 26
3186 24
3187 24
3188 31
3189 26
3190 24
3191 23
3192 31
3193 26
3194 24
3195 24
3196 31
3197 26
3198 24
3199 24
3200 31
3201 26
3202 24
3203 24
3204 31
3205 26
3206 24
3207 22
3208 32
3209 26
3210 24
3211 24
3212 31
3213 26
3214 24
3215 24
3216 31
3217 26
3218 25
3219 24
3220 31
3221 26
3222 24
3223 24
3224 31
3225 26
3226 24
3227 24
3228 31
3229 26
3230 25
3231 24
3232 31
3233 26
3234 24
3235 24
3236 31
3237 26
3238 24
3239 24
3240 31
3241 26
3242 24
3243 24
3244 31
3245 26
3246 24
3247 24
3248 31
3249 26
3250 24
3251 24
3252 31
3253 26
3254 24
3255 24
3256 31
3257 26
3258 24
3259 24
3260 31
3261 26
3262 24
3263 24
3264 31
3265 26
3266 24
3267 24
3268 31
3269 26
3270 24
3271 24
3272 31
3273 26
3274 24
3275 24
3276 31
3277 26
3278 24
3279 24
3280 32
3281 26
3282 26
3283 25
3284 32
3285 27
3286 25
3287 22
3288 33
3289 26
3290 24
3291 24
3292 31
3293 26
3294 24
3295 24
3296 32
3297 27
3298 25
3299 24
3300 32
3301 27
3302 25
3303 24
3304 32
3305 26
3306 24
3307 24
3308 32
3309 27
3310 24
3311 24
3312 31
3313 27
3314 24
3315 24
3316 31
3317 26
3318 24
3319 25
3320 32
3321 26
3322 24
3323 24
3324 32
3325 27
3326 24
3327 24
3328 32
3329 27
3330 24
3331 24
3332 32
3333 27
3334 24
3335 25
3336 32
3337 27
3338 24
3339 24
3340 32
3341 26
3342 24
3343 24
3344 32
3345 27
3346 24
3347 24
3348 32
3349 26
3350 24
3351 24
3352 32
3353 27
3354 24
3355 24
3356 32
3357 27
3358 24
3359 24
3360 32
3361 27
3362 25
3363 24
3364 31
3365 27
3366 24
3367 24
3368 32
3369 26
3370 24
3371 25
3372 32
3373 26
3374 24
3375 24
3376 32
3377 26
3378 26
3379 24
3380 31
3381 26
3382 24
3383 24
3384 31
3385 26
3386 24
3387 24
3388 31
3389 26
3390 24
3391 24
3392 31
3393 26
3394 24
3395 23
3396 31
3397 26
3398 24
3399 24
3400 31
3401 26
3402 24
3403 24
3404 31
3405 26
3406 24
3407 24
3408 31
3409 26
3410 24
3411 24
3412 31
3413 26
3414 24
3415 24
3416 31
3417 26
3418 24
3419 24
3420 31
3421 26
3422 24
3423 24
3424 31
3425 26
3426 24
3427 24
3428 31
3429 26
3430 24
3431 24
3432 31
3433 26
3434 24
3435 24
3436 31
3437 26
3438 24
3439 24
3440 31
3441 26
3442 26
3443 24
3444 31
3445 26
3446 24
3447 24
3448 31
3449 26
3450 24
3451 24
3452 31
3453 26
3454 24
3455 24
3456 31
3457 26
3458 24
3459 24
3460 31
3461 26
3462 24
3463 22
3464 32
3465 26
3466 24
3467 23
3468 31
3469 26
3470 24
3471 24
3472 31
3473 26
3474 24
3475 24
3476 31
3477 26
3478 24
3479 24
3480 31
3481 26
3482 24
3483 24
3484 31
3485 26
3486 24
3487 24
3488 31
3489 26
3490 24
3491 24
3492 31
3493 26
3494 24
3495 21
3496 31
3497 26
3498 24
3499 24
3500 31
3501 26
3502 23
3503 24
3504 31
3505 26
3506 24
3507 24
3508 31
3509 26
3510 24
3511 24
3512 31
3513 26
3514 24
3515 24
3516 31
3517 26
3518 24
3519 24
3520 31
3521 26
3522 24
3523 24
3524 31
3525 26
3526 24
3527 22
3528 32
3529 26
3530 24
3531 24
3532 31
3533 27
3534 24
3535 24
3536 31
3537 26
3538 24
3539 24
3540 31
3541 26
3542 24
3543 24
3544 31
3545 26
3546 24
3547 24
3548 31
3549 26
3550 24
3551 24
3552 31
3553 26
3554 24
3555 24
3556 31
3557 26
3558 24
3559 24
3560 31
3561 26
3562 24
3563 24
3564 31
3565 27
3566 24
3567 24
3568 31
3569 26
3570 24
3571 24
3572 31
3573 26
3574 24
3575 24
3576 31
3577 26
3578 24
3579 24
3580 31
3581 26
3582 24
3583 24
3584 31
3585 26
3586 24
3587 24
3588 31
3589 26
3590 24
3591 24
3592 31
3593 26
3594 24
3595 24
3596 31
3597 26
3598 24
3599 24
3600 31
3601 26
3602 24
3603 24
3604 31
3605 26
3606 24
3607 24
3608 31
3609 26
3610 24
3611 24
3612 31
3613 26
3614 24
3615 24
3616 31
3617 26
3618 24
3619 24
3620 31
3621 26
3622 24
3623 24
3624 31
3625 26
3626 24
3627 24
3628 31
3629 26
3630 24
3631 24
3632 31
3633 26
3634 25
3635 24
3636 31
3637 26
3638 24
3639 24
3640 31
3641 26
3642 24
3643 24
3644 31
3645 26
3646 24
3647 24
3648 31
3649 26
3650 24
3651 24
3652 31
3653 26
3654 24
3655 22
3656 32
3657 26
3658 24
3659 24
3660 31
3661 26
3662 24
3663 24
3664 31
3665 26
3666 24
3667 24
3668 26
3669 24
3670 31
3671 26
3672 22
3673 28
3674 25
3675 25
3676 32
3677 28
3678 25
3679 25
3680 32
3681 27
3682 25
3683 25
3684 32
3685 27
3686 25
3687 25
3688 32
3689 27
3690 25
3691 25
3692 32
3693 27
3694 25
3695 24
3696 32
3697 27
3698 25
3699 25
3700 31
3701 27
3702 25
3703 39
3704 24
3705 26
3706 25
3707 32
3708 26
3709 24
3710 24
3711 31
3712 26
3713 24
3714 30
3715 33
3716 27
3717 25
3718 25
3719 32
3720 24
3721 22
3722 26
3723 25
3724 25
3725 25
3726 32
3727 26
3728 25
3729 25
3730 32
3731 27
3732 25
3733 25
3734 33
3735 26
3736 25
3737 25
3738 32
3739 27
3740 25
3741 27
3742 32
3743 27
3744 25
3745 25
3746 32
3747 27
3748 25
3749 25
3750 32
3751 27
3752 25
3753 22
3754 22
3755 23
3756 23
3757 33
3758 27
3759 25
3760 25
3761 32
3762 27
3763 25
3764 25
3765 31
3766 27
3767 25
3768 25
3769 32
3770 26
3771 25
3772 25
3773 27
3774 25
3775 25
3776 32
3777 27
3778 25
3779 25
3780 32
3781 27
3782 25
3783 22
3784 33
3785 27
3786 25
3787 25
3788 32
3789 27
3790 25
3791 25
3792 32
3793 27
3794 25
3795 25
3796 32
3797 27
3798 25
3799 25
3800 32
3801 27
3802 25
3803 25
3804 32
3805 29
3806 25
3807 25
3808 32
3809 26
3810 25
3811 25
3812 32
3813 27
3814 25
3815 25
3816 32
3817 27
3818 25
3819 25
3820 32
3821 27
3822 25
3823 25
3824 32
3825 26
3826 25
3827 25
3828 32
3829 27
3830 25
3831 25
3832 32
3833 27
3834 25
3835 25
3836 34
3837 27
3838 25
3839 25
3840 32
3841 27
3842 26
3843 25
3844 32
3845 27
3846 25
3847 22
3848 33
3849 27
3850 25
3851 25
3852 32
3853 27
3854 25
3855 25
3856 32
3857 27
3858 25
3859 25
3860 32
3861 27
3862 25
3863 25
3864 32
3865 27
3866 25
3867 25
3868 32
3869 27
3870 25
3871 25
3872 32
3873 27
3874 25
3875 25
3876 32
3877 27
3878 25
3879 25
3880 32
3881 27
3882 25
3883 25
3884 32
3885 27
3886 25
3887 25
3888 32
3889 27
3890 25
3891 25
3892 32
3893 27
3894 25
3895 25
3896 32
3897 26
3898 25
3899 25
3900 32
3901 27
3902 25
3903 25
3904 32
3905 27
3906 25
3907 25
3908 32
3909 26
3910 25
3911 18
3912 33
3913 27
3914 25
3915 25
3916 32
3917 27
3918 25
3919 25
3920 32
3921 27
3922 25
3923 25
3924 32
3925 27
3926 25
3927 25
3928 32
3929 26
3930 25
3931 25
3932 32
3933 27
3934 25
3935 25
3936 32
3937 27
3938 25
3939 25
3940 32
3941 27
3942 25
3943 25
3944 32
3945 27
3946 25
3947 25
3948 32
3949 26
3950 25
3951 25
3952 32
3953 27
3954 25
3955 25
3956 32
3957 27
3958 25
3959 25
3960 31
3961 26
3962 25
3963 25
3964 32
3965 27
3966 25
3967 25
3968 32
3969 26
3970 25
3971 25
3972 32
3973 27
3974 25
3975 17
3976 34
3977 27
3978 25
3979 25
3980 32
3981 27
3982 25
3983 25
3984 31
3985 26
3986 24
3987 25
3988 31
3989 27
3990 24
3991 24
3992 32
3993 27
3994 25
3995 24
3996 31
3997 27
3998 25
3999 24
4000 31
4001 26
4002 24
4003 25
4004 31
4005 26
4006 24
4007 25
4008 31
4009 26
4010 24
4011 24
4012 32
4013 26
4014 25
4015 24
4016 31
4017 26
4018 25
4019 25
4020 32
4021 26
4022 24
4023 24
4024 31
4025 26
4026 25
4027 25
4028 31
4029 26
4030 25
4031 24
4032 31
4033 26
4034 24
4035 25
4036 32
4037 26
4038 24
4039 22
4040 32
4041 26
4042 24
4043 25
4044 31
4045 26
4046 24
4047 30
4048 33
4049 27
4050 26
4051 25
4052 32
4053 26
4054 25
4055 25
4056 32
4057 27
4058 25
4059 25
4060 32
4061 27
4062 25
4063 25
4064 32
4065 27
4066 25
4067 25
4068 32
4069 27
4070 25
4071 25
4072 32
4073 27
4074 25
4075 25
4076 32
4077 26
4078 25
4079 25
4080 32
4081 27
4082 25
4083 24
4084 32
4085 27
4086 25
4087 25
4088 32
4089 26
4090 25
4091 25
4092 32
4093 27
4094 25
4095 25
4096 32
4097 26
4098 25
4099 25
4100 32
4101 27
4102 25
4103 25
4104 32
4105 27
4106 25
4107 25
4108 32
4109 27
4110 25
4111 25
4112 32
4113 27
4114 25
4115 25
4116 32
4117 27
4118 25
4119 17
4120 33
4121 26
4122 24
4123 24
4124 31
4125 26
4126 24
4127 24
4128 31
4129 26
4130 24
4131 24
4132 31
4133 26
4134 24
4135 24
4136 31
4137 26
4138 24
4139 24
4140 31
4141 26
4142 24
4143 24
4144 31
4145 26
4146 25
4147 24
4148 31
4149 26
4150 24
4151 24
4152 31
4153 26
4154 25
4155 24
4156 31
4157 26
4158 24
4159 24
4160 31
4161 26
4162 24
4163 24
4164 31
4165 26
4166 25
4167 24
4168 31
4169 24
4170 25
4171 23
4172 33
4173 27
4174 25
4175 25
4176 32
4177 27
4178 25
4179 25
4180 32
4181 27
4182 25
4183 25
4184 32
4185 26
4186 25
4187 25
4188 32
4189 27
4190 25
4191 25
4192 32
4193 27
4194 25
4195 25
4196 32
4197 27
4198 25
4199 25
4200 32
4201 27
4202 25
4203 25
4204 32
4205 26
4206 25
4207 25
4208 32
4209 27
4210 25
4211 25
4212 32
4213 27
4214 25
4215 25
4216 32
4217 27
4218 25
4219 24
4220 32
4221 26
4222 25
4223 25
4224 32
4225 27
4226 25
4227 25
4228 32
4229 26
4230 25
4231 25
4232 32
4233 27
4234 25
4235 25
4236 32
4237 26
4238 25
4239 25
4240 32
4241 27
4242 25
4243 25
4244 32
4245 27
4246 25
4247 25
4248 32
4249 27
4250 25
4251 25
4252 32
4253 26
4254 25
4255 25
4256 32
4257 27
4258 26
4259 25
4260 32
4261 27
4262 25
4263 25
4264 32
4265 27
4266 25
4267 25
4268 32
4269 26
4270 25
4271 25
4272 32
4273 27
4274 25
4275 25
4276 32
4277 27
4278 25
4279 25
4280 32
4281 26
4282 25
4283 25
4284 32
4285 27
4286 25
4287 25
4288 32
4289 27
4290 25
4291 25
4292 32
4293 27
4294 25
4295 25
4296 32
4297 27
4298 25
4299 25
4300 32
4301 27
4302 25
4303 25
4304 32
4305 26
4306 25
4307 25
4308 32
4309 27
4310 25
4311 25
4312 32
4313 27
4314 25
4315 25
4316 32
4317 28
4318 25
4319 25
4320 32
4321 27
4322 25
4323 25
4324 32
4325 26
4326 25
4327 18
4328 34
4329 27
4330 25
4331 25
4332 31
4333 26
4334 24
4335 24
4336 31
4337 26
4338 25
4339 24
4340 31
4341 27
4342 24
4343 25
4344 32
4345 26
4346 24
4347 24
4348 31
4349 26
4350 25
4351 24
4352 31
4353 26
4354 24
4355 25
4356 31
4357 26
4358 25
4359 22
4360 32
4361 26
4362 25
4363 24
4364 32
4365 27
4366 25
4367 25
4368 31
4369 26
4370 25
4371 25
4372 32
4373 26
4374 25
4375 24
4376 32
4377 26
4378 25
4379 25
4380 31
4381 30
4382 25
4383 25
4384 32
4385 27
4386 25
4387 25
4388 32
4389 27
4390 25
4391 25
4392 32
4393 27
4394 25
4395 25
4396 32
4397 26
4398 25
4399 25
4400 32
4401 27
4402 26
4403 25
4404 32
4405 27
4406 25
4407 25
4408 32
4409 27
4410 25
4411 25
4412 32
4413 27
4414 25
4415 25
4416 32
4417 27
4418 25
4419 25
4420 32
4421 26
4422 25
4423 17
4424 33
4425 27
4426 25
4427 25
4428 32
4429 27
4430 25
4431 25
4432 32
4433 27
4434 25
4435 25
4436 32
4437 27
4438 25
4439 25
4440 32
4441 26
4442 25
4443 25
4444 32
4445 27
4446 25
4447 25
4448 32
4449 27
4450 25
4451 25
4452 32
4453 27
4454 25
4455 25
4456 32
4457 26
4458 25
4459 25
4460 32
4461 27
4462 25
4463 25
4464 32
4465 26
4466 27
4467 25
4468 32
4469 27
4470 25
4471 25
4472 32
4473 27
4474 25
4475 25
4476 32
4477 27
4478 25
4479 25
4480 32
4481 27
4482 25
4483 25
4484 32
4485 27
4486 25
4487 17
4488 35
4489 27
4490 25
4491 25
4492 32
4493 27
4494 24
4495 24
4496 32
4497 26
4498 24
4499 24
4500 31
4501 26
4502 24
4503 26
4504 33
4505 27
4506 25
4507 25
4508 32
4509 27
4510 25
4511 25
4512 32
4513 27
4514 25
4515 25
4516 32
4517 26
4518 25
4519 25
4520 32
4521 27
4522 25
4523 25
4524 32
4525 26
4526 25
4527 25
4528 32
4529 26
4530 25
4531 25
4532 32
4533 26
4534 25
4535 18
4536 33
4537 27
4538 25
4539 25
4540 32
4541 26
4542 25
4543 25
4544 32
4545 27
4546 25
4547 25
4548 32
4549 27
4550 25
4551 22
4552 33
4553 27
4554 25
4555 25
4556 32
4557 26
4558 25
4559 25
4560 32
4561 27
4562 25
4563 25
4564 32
4565 27
4566 25
4567 25
4568 32
4569 27
4570 25
4571 25
4572 32
4573 26
4574 25
4575 25
4576 32
4577 27
4578 25
4579 25
4580 32
4581 26
4582 24
4583 25
4584 32
4585 26
4586 25
4587 25
4588 32
4589 26
4590 25
4591 25
4592 32
4593 27
4594 25
4595 25
4596 32
4597 27
4598 25
4599 25
4600 32
4601 26
4602 25
4603 25
4604 32
4605 26
4606 25
4607 25
4608 32
4609 27
4610 25
4611 25
4612 32
4613 26
4614 25
4615 25
4616 32
4617 26
4618 25
4619 25
4620 32
4621 27
4622 25
4623 25
4624 32
4625 27
4626 25
4627 25
4628 32
4629 26
4630 25
4631 25
4632 32
4633 26
4634 25
4635 25
4636 32
4637 27
4638 25
4639 25
4640 32
4641 26
4642 25
4643 25
4644 32
4645 27
4646 25
4647 25
4648 32
4649 27
4650 25
4651 25
4652 32
4653 26
4654 25
4655 25
4656 32
4657 26
4658 26
4659 25
4660 32
4661 27
4662 25
4663 25
4664 32
4665 27
4666 25
4667 25
4668 32
4669 27
4670 25
4671 25
4672 32
4673 27
4674 26
4675 24
4676 31
4677 26
4678 25
4679 25
4680 31
4681 26
4682 25
4683 24
4684 31
4685 26
4686 24
4687 25
4688 31
4689 27
4690 25
4691 25
4692 25
4693 24
4694 25
4695 25
4696 32
4697 26
4698 25
4699 25
4700 32
4701 26
4702 24
4703 24
4704 31
4705 26
4706 24
4707 24
4708 32
4709 26
4710 25
4711 25
4712 31
4713 26
4714 30
4715 25
4716 32
4717 27
4718 25
4719 25
4720 32
4721 27
4722 25
4723 25
4724 32
4725 26
4726 25
4727 25
4728 32
4729 27
4730 25
4731 25
4732 32
4733 27
4734 25
4735 25
4736 32
4737 27
4738 25
4739 25
4740 32
4741 26
4742 25
4743 17
4744 33
4745 27
4746 25
4747 25
4748 32
4749 27
4750 25
4751 25
4752 32
4753 26
4754 25
4755 25
4756 32
4757 27
4758 25
4759 25
4760 32
4761 27
4762 25
4763 25
4764 32
4765 27
4766 25
4767 25
4768 32
4769 27
4770 25
4771 25
4772 32
4773 27
4774 25
4775 25
4776 32
4777 26
4778 25
4779 25
4780 32
4781 26
4782 25
4783 25
4784 32
4785 27
4786 25
4787 25
4788 32
4789 27
4790 25
4791 25
4792 32
4793 27
4794 25
4795 25
4796 32
4797 27
4798 25
4799 25
4800 32
4801 27
4802 25
4803 25
4804 32
4805 27
4806 25
4807 22
4808 33
4809 27
4810 25
4811 25
4812 32
4813 26
4814 25
4815 24
4816 31
4817 26
4818 25
4819 24
4820 32
4821 26
4822 24
4823 24
4824 31
4825 27
4826 24
4827 24
4828 31
4829 26
4830 25
4831 25
4832 32
4833 26
4834 24
4835 24
4836 32
4837 27
4838 25
4839 25
4840 32
4841 27
4842 25
4843 25
4844 32
4845 26
4846 25
4847 24
4848 32
4849 26
4850 25
4851 25
4852 32
4853 26
4854 25
4855 25
4856 32
4857 27
4858 25
4859 25
4860 32
4861 26
4862 25
4863 25
4864 32
4865 26
4866 25
4867 25
4868 32
4869 27
4870 25
4871 22
4872 23
4873 24
4874 23
4875 23
4876 27
4877 26
4878 25
4879 26
4880 25
4881 25
4882 27
4883 25
4884 25
4885 32
4886 27
4887 25
4888 25
4889 32
4890 27
4891 25
4892 25
4893 32
4894 26
4895 25
4896 25
4897 32
4898 27
4899 25
4900 25
4901 32
4902 27
4903 24
4904 25
4905 32
4906 26
4907 25
4908 25
4909 32
4910 27
4911 25
4912 25
4913 32
4914 27
4915 25
4916 25
4917 32
4918 27
4919 25
4920 25
4921 32
4922 27
4923 25
4924 25
4925 32
4926 27
4927 25
4928 25
4929 32
4930 27
4931 25
4932 25
4933 32
4934 27
4935 25
4936 25
4937 32
4938 27
4939 24
4940 25
4941 32
4942 27
4943 25
4944 25
4945 32
4946 27
4947 25
4948 25
4949 32
4950 27
4951 18
4952 26
4953 32
4954 27
4955 25
4956 25
4957 32
4958 27
4959 25
4960 25
4961 32
4962 27
4963 25
4964 25
4965 32
4966 27
4967 25
4968 25
4969 32
4970 27
4971 25
4972 25
4973 32
4974 27
4975 25
4976 25
4977 32
4978 26
4979 25
4980 25
4981 32
4982 27
4983 25
4984 25
4985 32
4986 27
4987 25
4988 25
4989 32
4990 27
4991 25
4992 25
4993 32
4994 27
4995 25
4996 25
4997 32
4998 27
4999 17
5000 27
5001 32
5002 27
5003 25
5004 25
5005 32
5006 27
5007 25
5008 24
5009 32
5010 27
5011 25
5012 25
5013 32
5014 26
5015 25
5016 25
5017 32
5018 26
5019 25
5020 25
5021 25
5022 24
5023 23
5024 22
5025 19
5026 19
5027 22
5028 28
5029 25
5030 25
5031 32
5032 26
5033 25
5034 24
5035 31
5036 26
5037 25
5038 24
5039 32
5040 26
5041 25
5042 25
5043 31
5044 26
5045 25
5046 24
5047 32
5048 25
5049 25
5050 25
5051 32
5052 27
5053 25
5054 25
5055 32
5056 27
5057 25
5058 25
5059 32
5060 27
5061 25
5062 25
5063 32
5064 26
5065 25
5066 25
5067 32
5068 27
5069 25
5070 25
5071 32
5072 27
5073 25
5074 25
5075 32
5076 27
5077 25
5078 25
5079 32
5080 27
5081 25
5082 25
5083 32
5084 27
5085 27
5086 25
5087 32
5088 27
5089 25
5090 26
5091 32
5092 27
5093 25
5094 25
5095 32
5096 27
5097 25
5098 25
5099 32
5100 27
5101 25
5102 25
5103 32
5104 26
5105 25
5106 27
5107 32
5108 27
5109 25
5110 25
5111 32
5112 27
5113 25
5114 25
5115 32
5116 27
5117 25
5118 25
5119 32
5120 26
5121 25
5122 25
5123 32
5124 27
5125 25
5126 25
5127 32
5128 27
5129 25
5130 25
5131 32
5132 26
5133 25
5134 25
5135 32
5136 27
5137 25
5138 25
5139 32
5140 27
5141 25
5142 25
5143 32
5144 27
5145 25
5146 25
5147 32
5148 27
5149 26
5150 25
5151 32
5152 26
5153 25
5154 25
5155 32
5156 27
5157 25
5158 25
5159 20
5160 27
5161 24
5162 25
5163 31
5164 27
5165 25
5166 25
5167 31
5168 27
5169 23
5170 28
5171 32
5172 27
5173 25
5174 25
5175 32
5176 27
5177 25
5178 25
5179 32
5180 27
5181 25
5182 25
5183 32
5184 26
5185 25
5186 25
5187 32
5188 27
5189 25
5190 25
5191 32
5192 26
5193 25
5194 25
5195 32
5196 26
5197 25
5198 25
5199 32
5200 27
5201 25
5202 25
5203 32
5204 27
5205 25
5206 25
5207 32
5208 27
5209 25
5210 25
5211 32
5212 26
5213 25
5214 25
5215 32
5216 27
5217 25
5218 25
5219 32
5220 26
5221 25
5222 25
5223 32
5224 27
5225 25
5226 25
5227 32
5228 26
5229 26
5230 25
5231 32
5232 26
5233 25
5234 27
5235 32
5236 27
5237 25
5238 25
5239 32
5240 27
5241 25
5242 25
5243 32
5244 26
5245 25
5246 25
5247 32
5248 26
5249 25
5250 25
5251 32
5252 26
5253 25
5254 25
5255 32
5256 27
5257 25
5258 25
5259 32
5260 26
5261 25
5262 25
5263 32
5264 27
5265 25
5266 25
5267 32
5268 26
5269 25
5270 25
5271 32
5272 27
5273 25
5274 25
5275 32
5276 26
5277 25
5278 25
5279 32
5280 27
5281 25
5282 25
5283 32
5284 26
5285 25
5286 25
5287 32
5288 26
5289 25
5290 25
5291 32
5292 26
5293 25
5294 25
5295 32
5296 27
5297 25
5298 26
5299 32
5300 27
5301 25
5302 25
5303 32
5304 26
5305 25
5306 25
5307 32
5308 27
5309 25
5310 25
5311 32
5312 27
5313 25
5314 25
5315 32
5316 27
5317 25
5318 25
5319 32
5320 27
5321 25
5322 25
5323 32
5324 26
5325 25
5326 25
5327 32
5328 27
5329 25
5330 25
5331 32
5332 27
5333 25
5334 25
5335 32
5336 26
5337 25
5338 25
5339 32
5340 27
5341 26
5342 25
5343 32
5344 26
5345 25
5346 25
5347 32
5348 27
5349 25
5350 25
5351 32
5352 26
5353 25
5354 25
5355 32
5356 26
5357 25
5358 25
5359 32
5360 26
5361 24
5362 25
5363 32
5364 26
5365 25
5366 25
5367 20
5368 27
5369 25
5370 25
5371 31
5372 26
5373 24
5374 24
5375 31
5376 27
5377 25
5378 24
5379 32
5380 26
5381 30
5382 25
5383 22
5384 25
5385 25
5386 25
5387 33
5388 27
5389 25
5390 25
5391 32
5392 26
5393 25
5394 25
5395 32
5396 27
5397 25
5398 25
5399 32
5400 27
5401 26
5402 25
5403 32
5404 26
5405 25
5406 25
5407 32
5408 27
5409 25
5410 25
5411 32
5412 26
5413 25
5414 25
5415 32
5416 27
5417 25
5418 25
5419 32
5420 27
5421 25
5422 25
5423 32
5424 27
5425 25
5426 25
5427 32
5428 27
5429 25
5430 25
5431 32
5432 27
5433 25
5434 25
5435 32
5436 26
5437 26
5438 24
5439 31
5440 26
5441 25
5442 24
5443 31
5444 26
5445 24
5446 25
5447 31
5448 26
5449 24
5450 24
5451 31
5452 26
5453 24
5454 24
5455 31
5456 26
5457 24
5458 24
5459 31
5460 26
5461 24
5462 24
5463 31
5464 26
5465 24
5466 24
5467 31
5468 26
5469 24
5470 24
5471 31
5472 26
5473 24
5474 24
5475 31
5476 26
5477 24
5478 24
5479 31
5480 26
5481 24
5482 24
5483 31
5484 26
5485 24
5486 24
5487 31
5488 26
5489 24
5490 25
5491 31
5492 26
5493 24
5494 24
5495 31
5496 26
5497 24
5498 24
5499 31
5500 26
5501 24
5502 24
5503 32
5504 26
5505 25
5506 24
5507 17
5508 20
5509 19
5510 24
5511 28
5512 25
5513 25
5514 33
5515 27
5516 25
5517 25
5518 32
5519 26
5520 24
5521 25
5522 32
5523 26
5524 25
5525 25
5526 32
5527 27
5528 25
5529 25
5530 32
5531 27
5532 26
5533 25
5534 32
5535 27
5536 25
5537 25
5538 32
5539 26
5540 25
5541 25
5542 32
5543 26
5544 25
5545 25
5546 32
5547 27
5548 25
5549 25
5550 32
5551 27
5552 25
5553 25
5554 32
5555 27
5556 25
5557 25
5558 32
5559 27
5560 25
5561 25
5562 32
5563 27
5564 25
5565 25
5566 32
5567 27
5568 25
5569 25
5570 32
5571 27
5572 25
5573 25
5574 32
5575 19
5576 27
5577 25
5578 32
5579 27
5580 25
5581 25
5582 32
5583 27
5584 25
5585 25
5586 32
5587 27
5588 25
5589 25
5590 32
5591 27
5592 25
5593 25
5594 32
5595 26
5596 25
5597 25
5598 32
5599 27
5600 25
5601 25
5602 32
5603 27
5604 25
5605 25
5606 32
5607 27
5608 25
5609 25
5610 32
5611 27
5612 25
5613 25
5614 32
5615 27
5616 25
5617 25
5618 32
5619 27
5620 25
5621 25
5622 32
5623 26
5624 25
5625 25
5626 32
5627 27
5628 25
5629 25
5630 31
5631 27
5632 25
5633 24
5634 32
5635 27
5636 25
5637 25
5638 32
5639 24
5640 26
5641 25
5642 32
5643 27
5644 25
5645 26
5646 31
5647 27
5648 25
5649 25
5650 32
5651 26
5652 24
5653 25
5654 32
5655 26
5656 25
5657 25
5658 32
5659 26
5660 25
5661 24
5662 31
5663 26
5664 25
5665 24
5666 32
5667 26
5668 25
5669 25
5670 31
5671 27
5672 25
5673 25
5674 31
5675 26
5676 25
5677 25
5678 32
5679 26
5680 25
5681 25
5682 26
5683 25
5684 25
5685 32
5686 26
5687 24
5688 24
5689 32
5690 26
5691 24
5692 25
5693 32
5694 26
5695 25
5696 24
5697 32
5698 26
5699 24
5700 25
5701 31
5702 26
5703 22
5704 25
5705 32
5706 26
5707 25
5708 25
5709 32
5710 26
5711 25
5712 25
5713 32
5714 31
5715 25
5716 25
5717 32
5718 27
5719 25
5720 25
5721 32
5722 27
5723 25
5724 25
5725 32
5726 26
5727 25
5728 25
5729 31
5730 27
5731 25
5732 25
5733 32
5734 27
5735 25
5736 25
5737 32
5738 27
5739 25
5740 25
5741 32
5742 26
5743 25
5744 25
5745 32
5746 26
5747 25
5748 25
5749 32
5750 26
5751 25
5752 25
5753 32
5754 27
5755 25
5756 25
5757 32
5758 27
5759 25
5760 25
5761 32
5762 27
5763 25
5764 25
5765 32
5766 27
5767 18
5768 27
5769 32
5770 27
5771 25
5772 25
5773 32
5774 26
5775 25
5776 25
5777 32
5778 27
5779 25
5780 25
5781 32
5782 27
5783 17
5784 26
5785 31
5786 26
5787 25
5788 25
5789 32
5790 26
5791 24
5792 25
5793 31
5794 26
5795 24
5796 24
5797 31
5798 26
5799 24
5800 24
5801 32
5802 26
5803 25
5804 24
5805 32
5806 26
5807 24
5808 25
5809 31
5810 26
5811 24
5812 24
5813 32
5814 26
5815 24
5816 25
5817 32
5818 26
5819 24
5820 24
5821 31
5822 26
5823 24
5824 24
5825 31
5826 26
5827 25
5828 24
5829 31
5830 26
5831 22
5832 26
5833 32
5834 26
5835 25
5836 25
5837 32
5838 27
5839 25
5840 25
5841 32
5842 26
5843 25
5844 25
5845 32
5846 26
5847 25
5848 25
5849 32
5850 27
5851 25
5852 25
5853 28
5854 25
5855 25
5856 33
5857 27
5858 25
5859 25
5860 32
5861 26
5862 25
5863 25
5864 32
5865 26
5866 25
5867 25
5868 32
5869 27
5870 25
5871 25
5872 32
5873 27
5874 27
5875 25
5876 32
5877 27
5878 25
5879 25
5880 32
5881 26
5882 25
5883 25
5884 32
5885 26
5886 25
5887 25
5888 32
5889 26
5890 25
5891 25
5892 32
5893 26
5894 25
5895 25
5896 32
5897 27
5898 25
5899 25
5900 32
5901 27
5902 25
5903 25
5904 32
5905 27
5906 25
5907 25
5908 32
5909 27
5910 25
5911 25
5912 32
5913 27
5914 25
5915 25
5916 32
5917 26
5918 25
5919 25
5920 32
5921 27
5922 27
5923 25
5924 32
5925 26
5926 25
5927 25
5928 32
5929 27
5930 25
5931 25
5932 32
5933 27
5934 25
5935 25
5936 32
5937 26
5938 25
5939 25
5940 32
5941 27
5942 25
5943 25
5944 32
5945 27
5946 25
5947 25
5948 32
5949 26
5950 25
5951 25
5952 32
5953 26
5954 25
5955 25
5956 32
5957 27
5958 25
5959 25
5960 31
5961 26
5962 25
5963 25
5964 32
5965 26
5966 25
5967 25
5968 32
5969 27
5970 25
5971 25
5972 32
5973 27
5974 25
5975 25
5976 32
5977 26
5978 25
5979 25
5980 32
5981 26
5982 25
5983 25
5984 32
5985 27
5986 25
5987 25
5988 32
5989 27
5990 25
5991 18
5992 33
5993 26
5994 25
5995 25
5996 32
5997 26
5998 25
5999 25
6000 32
6001 27
6002 25
6003 25
6004 32
6005 27
6006 25
6007 24
6008 32
6009 27
6010 25
6011 25
6012 32
6013 27
6014 25
6015 25
6016 32
6017 27
6018 25
6019 25
6020 32
6021 26
6022 25
6023 17
6024 33
6025 26
6026 24
6027 25
6028 31
6029 26
6030 24
6031 24
6032 32
6033 26
6034 24
6035 24
6036 31
6037 26
6038 25
6039 24
6040 25
6041 25
6042 25
6043 25
6044 32
6045 26
6046 24
6047 28
6048 33
6049 27
6050 25
6051 25
6052 32
6053 27
6054 25
6055 25
6056 32
6057 27
6058 25
6059 25
6060 32
6061 26
6062 25
6063 25
6064 31
6065 26
6066 25
6067 25
6068 33
6069 27
6070 25
6071 25
6072 32
6073 26
6074 25
6075 25
6076 32
6077 27
6078 25
6079 25
6080 32
6081 27
6082 25
6083 25
6084 32
6085 26
6086 25
6087 25
6088 32
6089 27
6090 25
6091 25
6092 32
6093 27
6094 25
6095 25
6096 32
6097 27
6098 25
6099 25
6100 32
6101 26
6102 25
6103 25
6104 32
6105 27
6106 25
6107 25
6108 32
6109 27
6110 25
6111 24
6112 32
6113 27
6114 25
6115 25
6116 32
6117 27
6118 25
6119 25
6120 32
6121 26
6122 25
6123 25
6124 32
6125 27
6126 25
6127 25
6128 32
6129 26
6130 26
6131 25
6132 32
6133 27
6134 25
6135 24
6136 31
6137 26
6138 25
6139 25
6140 32
6141 26
6142 25
6143 24
6144 32
6145 26
6146 25
6147 25
6148 31
6149 26
6150 25
6151 25
6152 32
6153 26
6154 25
6155 25
6156 31
6157 26
6158 24
6159 24
6160 32
6161 26
6162 24
6163 24
6164 31
6165 26
6166 25
6167 24
6168 32
6169 25
6170 25
6171 25
6172 32
6173 27
6174 25
6175 25
6176 32
6177 27
6178 25
6179 25
6180 31
6181 26
6182 25
6183 25
6184 32
6185 27
6186 25
6187 25
6188 32
6189 26
6190 25
6191 25
6192 32
6193 26
6194 25
6195 25
6196 32
6197 27
6198 25
6199 17
6200 33
6201 26
6202 25
6203 25
6204 32
6205 26
6206 25
6207 25
6208 32
6209 26
6210 25
6211 25
6212 32
6213 27
6214 25
6215 25
6216 31
6217 27
6218 25
6219 25
6220 32
6221 27
6222 25
6223 25
6224 32
6225 26
6226 25
6227 25
6228 32
6229 26
6230 25
6231 25
6232 32
6233 27
6234 25
6235 25
6236 32
6237 26
6238 25
6239 24
6240 31
6241 26
6242 25
6243 25
6244 32
6245 26
6246 25
6247 25
6248 32
6249 27
6250 25
6251 25
6252 32
6253 27
6254 25
6255 25
6256 32
6257 27
6258 25
6259 25
6260 32
6261 27
6262 25
6263 25
6264 32
6265 27
6266 25
6267 25
6268 32
6269 27
6270 25
6271 25
6272 31
6273 27
6274 25
6275 25
6276 32
6277 27
6278 25
6279 25
6280 32
6281 27
6282 25
6283 25
6284 32
6285 27
6286 25
6287 25
6288 32
6289 27
6290 25
6291 25
6292 32
6293 27
6294 25
6295 25
6296 32
6297 27
6298 25
6299 25
6300 32
6301 27
6302 25
6303 25
6304 32
6305 26
6306 25
6307 25
6308 32
6309 26
6310 25
6311 25
6312 32
6313 27
6314 25
6315 25
6316 32
6317 27
6318 25
6319 25
6320 32
6321 27
6322 27
6323 25
6324 32
6325 27
6326 25
6327 25
6328 32
6329 27
6330 25
6331 25
6332 32
6333 27
6334 25
6335 25
6336 32
6337 27
6338 26
6339 25
6340 31
6341 26
6342 24
6343 22
6344 32
6345 26
6346 24
6347 24
6348 31
6349 26
6350 24
6351 24
6352 31
6353 26
6354 25
6355 25
6356 32
6357 26
6358 25
6359 25
6360 31
6361 26
6362 24
6363 24
6364 32
6365 27
6366 25
6367 24
6368 31
6369 26
6370 24
6371 24
6372 31
6373 26
6374 25
6375 24
6376 31
6377 26
6378 24
6379 25
6380 31
6381 31
6382 25
6383 25
6384 32
6385 27
6386 25
6387 25
6388 32
6389 27
6390 25
6391 25
6392 32
6393 27
6394 25
6395 25
6396 32
6397 27
6398 25
6399 25
6400 32
6401 27
6402 25
6403 25
6404 32
6405 26
6406 25
6407 17
6408 34
6409 27
6410 25
6411 25
6412 32
6413 26
6414 25
6415 25
6416 32
6417 27
6418 25
6419 25
6420 32
6421 26
6422 25
6423 25
6424 32
6425 26
6426 25
6427 25
6428 32
6429 27
6430 25
6431 25
6432 32
6433 27
6434 25
6435 25
6436 32
6437 26
6438 25
6439 25
6440 32
6441 27
6442 25
6443 25
6444 32
6445 27
6446 25
6447 25
6448 32
6449 27
6450 25
6451 24
6452 32
6453 26
6454 25
6455 25
6456 32
6457 27
6458 25
6459 25
6460 32
6461 27
6462 25
6463 25
6464 32
6465 26
6466 25
6467 24
6468 32
6469 27
6470 25
6471 25
6472 32
6473 27
6474 25
6475 25
6476 32
6477 26
6478 25
6479 24
6480 31
6481 26
6482 24
6483 25
6484 32
6485 26
6486 24
6487 24
6488 31
6489 26
6490 25
6491 24
6492 31
6493 26
6494 24
6495 25
6496 31
6497 26
6498 25
6499 24
6500 32
6501 26
6502 24
6503 25
6504 32
6505 27
6506 25
6507 24
6508 32
6509 27
6510 25
6511 25
6512 32
6513 27
6514 26
6515 25
6516 32
6517 27
6518 25
6519 25
6520 32
6521 26
6522 25
6523 25
6524 32
6525 27
6526 25
6527 25
6528 32
6529 26
6530 25
6531 25
6532 32
6533 27
6534 25
6535 22
6536 35
6537 27
6538 25
6539 25
6540 32
6541 27
6542 25
6543 25
6544 31
6545 27
6546 26
6547 25
6548 32
6549 26
6550 25
6551 25
6552 32
6553 26
6554 25
6555 25
6556 32
6557 27
6558 25
6559 25
6560 32
6561 27
6562 25
6563 25
6564 32
6565 26
6566 25
6567 25
6568 32
6569 27
6570 25
6571 25
6572 32
6573 26
6574 25
6575 25
6576 32
6577 26
6578 25
6579 24
6580 32
6581 26
6582 25
6583 25
6584 32
6585 26
6586 25
6587 24
6588 32
6589 26
6590 25
6591 25
6592 32
6593 27
6594 25
6595 25
6596 32
6597 27
6598 25
6599 25
6600 32
6601 26
6602 25
6603 24
6604 32
6605 26
6606 25
6607 25
6608 32
6609 27
6610 25
6611 24
6612 32
6613 26
6614 25
6615 17
6616 33
6617 26
6618 25
6619 26
6620 32
6621 27
6622 25
6623 25
6624 32
6625 26
6626 25
6627 25
6628 32
6629 27
6630 25
6631 25
6632 32
6633 27
6634 25
6635 25
6636 32
6637 26
6638 25
6639 25
6640 32
6641 27
6642 25
6643 25
6644 32
6645 26
6646 25
6647 25
6648 32
6649 26
6650 25
6651 25
6652 32
6653 27
6654 25
6655 25
6656 32
6657 27
6658 25
6659 25
6660 32
6661 27
6662 25
6663 25
6664 32
6665 27
6666 25
6667 25
6668 32
6669 27
6670 25
6671 25
6672 32
6673 27
6674 25
6675 25
6676 32
6677 27
6678 25
6679 25
6680 32
6681 26
6682 25
6683 25
6684 32
6685 26
6686 25
6687 24
6688 31
6689 26
6690 25
6691 25
6692 31
6693 26
6694 24
6695 25
6696 32
6697 27
6698 25
6699 25
6700 31
6701 26
6702 25
6703 24
6704 31
6705 26
6706 26
6707 25
6708 32
6709 27
6710 24
6711 24
6712 31
6713 27
6714 30
6715 25
6716 33
6717 27
6718 25
6719 25
6720 32
6721 27
6722 25
6723 25
6724 32
6725 26
6726 25
6727 22
6728 33
6729 27
6730 25
6731 25
6732 32
6733 27
6734 26
6735 25
6736 32
6737 26
6738 25
6739 25
6740 25
6741 25
6742 25
6743 25
6744 32
6745 27
6746 25
6747 25
6748 32
6749 26
6750 25
6751 25
6752 32
6753 27
6754 27
6755 25
6756 32
6757 26
6758 25
6759 25
6760 32
6761 26
6762 25
6763 25
6764 32
6765 27
6766 25
6767 25
6768 32
6769 27
6770 25
6771 25
6772 32
6773 27
6774 25
6775 25
6776 32
6777 27
6778 25
6779 25
6780 32
6781 26
6782 25
6783 25
6784 32
6785 27
6786 25
6787 25
6788 32
6789 27
6790 25
6791 25
6792 32
6793 26
6794 25
6795 25
6796 32
6797 27
6798 25
6799 25
6800 32
6801 27
6802 25
6803 25
6804 32
6805 26
6806 25
6807 25
6808 32
6809 27
6810 25
6811 25
6812 32
6813 27
6814 25
6815 25
6816 32
6817 27
6818 25
6819 25
6820 32
6821 26
6822 25
6823 17
6824 32
6825 26
6826 24
6827 24
6828 31
6829 26
6830 24
6831 24
6832 31
6833 26
6834 24
6835 24
6836 30
6837 24
6838 26
6839 25
6840 32
6841 27
6842 25
6843 25
6844 32
6845 27
6846 25
6847 25
6848 32
6849 27
6850 25
6851 25
6852 32
6853 27
6854 25
6855 22
6856 33
6857 26
6858 25
6859 25
6860 32
6861 27
6862 25
6863 25
6864 32
6865 27
6866 25
6867 25
6868 32
6869 27
6870 25
6871 25
6872 32
6873 27
6874 25
6875 25
6876 32
6877 27
6878 25
6879 25
6880 32
6881 27
6882 25
6883 25
6884 32
6885 27
6886 25
6887 25
6888 32
6889 27
6890 25
6891 25
6892 32
6893 26
6894 25
6895 25
6896 31
6897 27
6898 25
6899 25
6900 32
6901 27
6902 25
6903 25
6904 32
6905 27
6906 25
6907 25
6908 32
6909 27
6910 25
6911 25
6912 32
6913 27
6914 25
6915 25
6916 31
6917 27
6918 25
6919 25
6920 32
6921 27
6922 25
6923 25
6924 32
6925 27
6926 25
6927 25
6928 32
6929 27
6930 25
6931 25
6932 32
6933 27
6934 25
6935 25
6936 32
6937 27
6938 25
6939 25
6940 32
6941 27
6942 25
6943 25
6944 32
6945 27
6946 25
6947 25
6948 32
6949 27
6950 25
6951 25
6952 32
6953 27
6954 25
6955 25
6956 32
6957 27
6958 25
6959 25
6960 32
6961 27
6962 26
6963 25
6964 31
6965 26
6966 25
6967 25
6968 32
6969 27
6970 25
6971 25
6972 32
6973 26
6974 25
6975 25
6976 32
6977 27
6978 25
6979 25
6980 32
6981 27
6982 25
6983 17
6984 33
6985 26
6986 25
6987 25
6988 32
6989 27
6990 25
6991 25
6992 32
6993 27
6994 25
6995 25
6996 32
6997 27
6998 25
6999 25
7000 32
7001 27
7002 25
7003 25
7004 32
7005 27
7006 25
7007 25
7008 32
7009 27
7010 25
7011 25
7012 32
7013 27
7014 25
7015 25
7016 31
7017 27
7018 25
7019 25
7020 32
7021 27
7022 25
7023 25
7024 32
7025 27
7026 25
7027 25
7028 32
7029 27
7030 25
7031 17
7032 34
7033 27
7034 25
7035 25
7036 32
7037 27
7038 25
7039 25
7040 32
7041 27
7042 25
7043 25
7044 32
7045 27
7046 25
7047 17
7048 38
7049 27
7050 25
7051 25
7052 31
7053 26
7054 24
7055 25
7056 32
7057 27
7058 25
7059 25
7060 32
7061 27
7062 25
7063 25
7064 32
7065 27
7066 25
7067 25
7068 32
7069 27
7070 25
7071 25
7072 32
7073 27
7074 25
7075 25
7076 32
7077 26
7078 25
7079 24
7080 32
7081 27
7082 25
7083 25
7084 32
7085 27
7086 25
7087 24
7088 32
7089 27
7090 26
7091 25
7092 32
7093 26
7094 25
7095 25
7096 32
7097 27
7098 25
7099 25
7100 32
7101 26
7102 25
7103 25
7104 31
7105 26
7106 24
7107 25
7108 32
7109 27
7110 24
7111 25
7112 31
7113 26
7114 25
7115 24
7116 31
7117 26
7118 24
7119 24
7120 31
7121 26
7122 24
7123 24
7124 31
7125 26
7126 24
7127 24
7128 31
7129 26
7130 24
7131 25
7132 31
7133 26
7134 25
7135 24
7136 32
7137 26
7138 24
7139 24
7140 31
7141 26
7142 24
7143 25
7144 31
7145 26
7146 25
7147 24
7148 32
7149 26
7150 25
7151 25
7152 32
7153 26
7154 24
7155 24
7156 31
7157 26
7158 25
7159 25
7160 31
7161 26
7162 25
7163 24
7164 31
7165 26
7166 24
7167 24
7168 31
7169 26
7170 26
7171 25
7172 32
7173 27
7174 25
7175 25
7176 32
7177 27
7178 25
7179 25
7180 32
7181 27
7182 25
7183 25
7184 32
7185 27
7186 25
7187 25
7188 32
7189 27
7190 25
7191 25
7192 32
7193 27
7194 25
7195 25
7196 32
7197 28
7198 24
7199 25
7200 32
7201 27
7202 25
7203 25
7204 32
7205 27
7206 25
7207 25
7208 32
7209 27
7210 25
7211 25
7212 32
7213 27
7214 25
7215 25
7216 32
7217 27
7218 27
7219 25
7220 32
7221 26
7222 25
7223 25
7224 32
7225 26
7226 25
7227 25
7228 32
7229 27
7230 25
7231 25
7232 32
7233 26
7234 25
7235 25
7236 32
7237 27
7238 25
7239 17
7240 33
7241 27
7242 25
7243 25
7244 32
7245 27
7246 25
7247 25
7248 32
7249 27
7250 25
7251 24
7252 32
7253 26
7254 25
7255 25
7256 32
7257 26
7258 25
7259 25
7260 32
7261 27
7262 25
7263 25
7264 32
7265 27
7266 25
7267 25
7268 32
7269 27
7270 25
7271 25
7272 32
7273 27
7274 25
7275 25
7276 32
7277 26
7278 25
7279 25
7280 32
7281 27
7282 25
7283 24
7284 32
7285 27
7286 25
7287 25
7288 32
7289 27
7290 25
7291 25
7292 32
7293 26
7294 25
7295 25
7296 32
7297 27
7298 25
7299 25
7300 32
7301 26
7302 25
7303 22
7304 32
7305 27
7306 25
7307 25
7308 31
7309 26
7310 25
7311 25
7312 32
7313 26
7314 25
7315 25
7316 32
7317 27
7318 25
7319 25
7320 32
7321 27
7322 25
7323 25
7324 32
7325 27
7326 25
7327 25
7328 31
7329 27
7330 25
7331 25
7332 32
7333 26
7334 25
7335 25
7336 32
7337 27
7338 25
7339 25
7340 32
7341 27
7342 25
7343 25
7344 32
7345 26
7346 25
7347 25
7348 32
7349 27
7350 25
7351 25
7352 32
7353 27
7354 25
7355 25
7356 31
7357 27
7358 25
7359 25
7360 32
7361 26
7362 25
7363 25
7364 32
7365 27
7366 25
7367 25
7368 32
7369 27
7370 25
7371 25
7372 32
7373 27
7374 25
7375 25
7376 32
7377 26
7378 26
7379 24
7380 32
7381 30
7382 25
7383 25
7384 32
7385 27
7386 25
7387 25
7388 32
7389 28
7390 25
7391 25
7392 32
7393 27
7394 25
7395 25
7396 32
7397 27
7398 25
7399 25
7400 32
7401 27
7402 25
7403 25
7404 32
7405 27
7406 25
7407 25
7408 32
7409 26
7410 25
7411 25
7412 32
7413 26
7414 25
7415 25
7416 32
7417 27
7418 25
7419 25
7420 32
7421 27
7422 25
7423 25
7424 32
7425 27
7426 25
7427 25
7428 32
7429 27
7430 25
7431 25
7432 32
7433 26
7434 25
7435 25
7436 32
7437 25
7438 22
7439 24
7440 23
7441 26
7442 25
7443 25
7444 32
7445 27
7446 25
7447 18
7448 33
7449 26
7450 25
7451 25
7452 31
7453 26
7454 25
7455 25
7456 31
7457 26
7458 25
7459 24
7460 32
7461 26
7462 25
7463 25
7464 32
7465 26
7466 24
7467 24
7468 31
7469 27
7470 25
7471 22
7472 22
7473 26
7474 25
7475 32
7476 26
7477 25
7478 25
7479 31
7480 27
7481 25
7482 24
7483 32
7484 26
7485 25
7486 24
7487 31
7488 24
7489 21
7490 26
7491 25
7492 24
7493 24
7494 32
7495 26
7496 25
7497 25
7498 31
7499 26
7500 25
7501 24
7502 31
7503 27
7504 25
7505 25
7506 32
7507 26
7508 25
7509 25
7510 32
7511 27
7512 25
7513 25
7514 32
7515 27
7516 25
7517 27
7518 32
7519 27
7520 25
7521 23
7522 23
7523 27
7524 26
7525 32
7526 27
7527 25
7528 25
7529 32
7530 27
7531 25
7532 25
7533 32
7534 27
7535 25
7536 25
7537 32
7538 28
7539 25
7540 25
7541 32
7542 27
7543 25
7544 25
7545 32
7546 27
7547 25
7548 25
7549 32
7550 27
7551 25
7552 25
7553 32
7554 27
7555 25
7556 25
7557 32
7558 27
7559 25
7560 25
7561 32
7562 27
7563 25
7564 25
7565 32
7566 27
7567 25
7568 25
7569 32
7570 27
7571 25
7572 25
7573 32
7574 27
7575 25
7576 25
7577 32
7578 26
7579 25
7580 25
7581 32
7582 27
7583 25
7584 25
7585 32
7586 27
7587 25
7588 25
7589 32
7590 27
7591 25
7592 25
7593 32
7594 27
7595 25
7596 25
7597 32
7598 27
7599 25
7600 25
7601 32
7602 27
7603 25
7604 25
7605 32
7606 27
7607 25
7608 25
7609 32
7610 27
7611 25
7612 25
7613 32
7614 27
7615 25
7616 25
7617 32
7618 27
7619 25
7620 25
7621 32
7622 27
7623 25
7624 24
7625 32
7626 26
7627 25
7628 25
7629 32
7630 27
7631 25
7632 25
7633 32
7634 26
7635 25
7636 25
7637 32
7638 27
7639 25
7640 25
7641 32
7642 27
7643 25
7644 25
7645 27
7646 25
7647 25
7648 32
7649 27
7650 25
7651 25
7652 32
7653 27
7654 25
7655 18
7656 32
7657 26
7658 24
7659 24
7660 31
7661 26
7662 24
7663 24
7664 31
7665 26
7666 24
7667 24
7668 31
7669 26
7670 24
7671 24
7672 31
7673 26
7674 24
7675 24
7676 31
7677 26
7678 24
7679 24
7680 31
7681 26
7682 24
7683 24
7684 31
7685 26
7686 24
7687 22
7688 32
7689 26
7690 25
7691 24
7692 31
7693 26
7694 24
7695 24
7696 31
7697 26
7698 24
7699 24
7700 32
7701 26
7702 24
7703 24
7704 31
7705 27
7706 24
7707 24
7708 31
7709 26
7710 24
7711 24
7712 31
7713 26
7714 30
7715 25
7716 32
7717 27
7718 25
7719 25
7720 32
7721 27
7722 25
7723 25
7724 32
7725 26
7726 24
7727 25
7728 32
7729 26
7730 34
7731 25
7732 32
7733 27
7734 25
7735 25
7736 32
7737 26
7738 25
7739 25
7740 31
7741 27
7742 24
7743 24
7744 32
7745 27
7746 24
7747 29
7748 33
7749 27
7750 25
7751 18
7752 34
7753 27
7754 25
7755 25
7756 32
7757 27
7758 25
7759 25
7760 32
7761 27
7762 25
7763 25
7764 25
7765 25
7766 25
7767 25
7768 32
7769 27
7770 25
7771 25
7772 32
7773 28
7774 25
7775 25
7776 32
7777 27
7778 25
7779 25
7780 32
7781 27
7782 25
7783 25
7784 32
7785 27
7786 25
7787 25
7788 32
7789 27
7790 25
7791 25
7792 32
7793 27
7794 26
7795 24
7796 31
7797 26
7798 24
7799 24
7800 31
7801 26
7802 25
7803 25
7804 31
7805 26
7806 24
7807 24
7808 31
7809 26
7810 24
7811 24
7812 31
7813 26
7814 24
7815 24
7816 31
7817 26
7818 24
7819 24
7820 31
7821 26
7822 24
7823 24
7824 31
7825 26
7826 25
7827 24
7828 31
7829 26
7830 24
7831 24
7832 31
7833 26
7834 24
7835 24
7836 33
7837 27
7838 25
7839 25
7840 32
7841 27
7842 25
7843 24
7844 32
7845 27
7846 25
7847 25
7848 32
7849 27
7850 25
7851 25
7852 32
7853 27
7854 25
7855 25
7856 32
7857 27
7858 25
7859 25
7860 32
7861 27
7862 25
7863 17
7864 33
7865 26
7866 25
7867 25
7868 32
7869 27
7870 25
7871 24
7872 32
7873 27
7874 25
7875 25
7876 32
7877 27
7878 25
7879 17
7880 34
7881 27
7882 25
7883 25
7884 32
7885 27
7886 25
7887 25
7888 32
7889 26
7890 25
7891 25
7892 32
7893 27
7894 25
7895 25
7896 32
7897 27
7898 25
7899 25
7900 32
7901 28
7902 25
7903 25
7904 32
7905 27
7906 25
7907 25
7908 32
7909 27
7910 25
7911 24
7912 32
7913 26
7914 25
7915 25
7916 32
7917 27
7918 25
7919 25
7920 31
7921 27
7922 25
7923 25
7924 32
7925 26
7926 25
7927 25
7928 32
7929 26
7930 25
7931 25
7932 32
7933 27
7934 25
7935 25
7936 32
7937 27
7938 25
7939 25
7940 32
7941 27
7942 25
7943 25
7944 32
7945 26
7946 25
7947 25
7948 32
7949 27
7950 25
7951 25
7952 32
7953 27
7954 25
7955 25
7956 32
7957 27
7958 25
7959 25
7960 32
7961 27
7962 25
7963 25
7964 32
7965 27
7966 25
7967 25
7968 32
7969 26
7970 25
7971 25
7972 32
7973 26
7974 25
7975 25
7976 32
7977 27
7978 25
7979 25
7980 32
7981 26
7982 25
7983 25
7984 32
7985 27
7986 25
7987 25
7988 32
7989 26
7990 25
7991 25
7992 32
7993 27
7994 25
7995 25
7996 32
7997 26
7998 25
7999 24
8000 32
8001 27
8002 26
8003 25
8004 32
8005 26
8006 24
8007 24
8008 31
8009 27
8010 24
8011 24
8012 32
8013 26
8014 24
8015 25
8016 32
8017 26
8018 24
8019 24
8020 31
8021 26
8022 25
8023 25
8024 31
8025 26
8026 24
8027 25
8028 31
8029 26
8030 24
8031 24
8032 31
8033 26
8034 24
8035 24
8036 31
8037 26
8038 24
8039 25
8040 31
8041 26
8042 24
8043 25
8044 32
8045 26
8046 24
8047 24
8048 38
8049 27
8050 25
8051 25
8052 32
8053 27
8054 25
8055 25
8056 32
8057 27
8058 25
8059 25
8060 32
8061 27
8062 25
8063 25
8064 32
8065 27
8066 25
8067 25
8068 33
8069 27
8070 25
8071 18
8072 34
8073 27
8074 25
8075 25
8076 32
8077 27
8078 25
8079 25
8080 32
8081 27
8082 25
8083 25
8084 32
8085 27
8086 25
8087 25
8088 32
8089 26
8090 25
8091 25
8092 32
8093 27
8094 25
8095 25
8096 32
8097 27
8098 25
8099 25
8100 32
8101 26
8102 25
8103 25
8104 32
8105 27
8106 25
8107 25
8108 32
8109 27
8110 25
8111 25
8112 32
8113 27
8114 25
8115 25
8116 32
8117 27
8118 25
8119 25
8120 32
8121 27
8122 25
8123 25
8124 32
8125 26
8126 25
8127 25
8128 32
8129 27
8130 25
8131 25
8132 32
8133 27
8134 25
8135 25
8136 32
8137 27
8138 25
8139 25
8140 32
8141 26
8142 24
8143 24
8144 31
8145 26
8146 24
8147 24
8148 31
8149 26
8150 24
8151 24
8152 31
8153 26
8154 24
8155 24
8156 31
8157 26
8158 24
8159 24
8160 31
8161 26
8162 24
8163 24
8164 31
8165 26
8166 24
8167 24
8168 31
8169 24
8170 27
8171 23
8172 32
8173 27
8174 25
8175 25
8176 32
8177 27
8178 25
8179 25
8180 32
8181 27
8182 25
8183 25
8184 32
8185 27
8186 25
8187 25
8188 32
8189 27
8190 25
8191 25
8192 32
8193 27
8194 25
8195 25
8196 32
8197 27
8198 25
8199 22
8200 33
8201 27
8202 24
8203 25
8204 32
8205 26
8206 25
8207 25
8208 32
8209 27
8210 26
8211 25
8212 32
8213 27
8214 25
8215 25
8216 32
8217 27
8218 25
8219 25
8220 32
8221 27
8222 25
8223 25
8224 32
8225 26
8226 25
8227 25
8228 32
8229 26
8230 25
8231 25
8232 32
8233 26
8234 25
8235 25
8236 32
8237 26
8238 25
8239 25
8240 32
8241 27
8242 25
8243 25
8244 32
8245 27
8246 25
8247 25
8248 32
8249 27
8250 25
8251 25
8252 32
8253 27
8254 25
8255 25
8256 32
8257 26
8258 25
8259 25
8260 32
8261 27
8262 25
8263 25
8264 32
8265 27
8266 25
8267 25
8268 32
8269 26
8270 25
8271 25
8272 32
8273 27
8274 25
8275 25
8276 32
8277 27
8278 25
8279 17
8280 33
8281 27
8282 25
8283 25
8284 32
8285 27
8286 25
8287 25
8288 32
8289 27
8290 25
8291 25
8292 32
8293 27
8294 25
8295 25
8296 32
8297 27
8298 25
8299 25
8300 32
8301 27
8302 25
8303 25
8304 32
8305 27
8306 27
8307 25
8308 32
8309 26
8310 25
8311 25
8312 32
8313 27
8314 25
8315 25
8316 32
8317 26
8318 25
8319 25
8320 32
8321 27
8322 25
8323 25
8324 32
8325 27
8326 25
8327 25
8328 32
8329 27
8330 25
8331 25
8332 32
8333 26
8334 25
8335 25
8336 32
8337 26
8338 25
8339 25
8340 32
8341 27
8342 25
8343 25
8344 32
8345 27
8346 25
8347 25
8348 32
8349 27
8350 25
8351 24
8352 31
8353 26
8354 25
8355 25
8356 31
8357 26
8358 25
8359 24
8360 31
8361 26
8362 24
8363 24
8364 32
8365 26
8366 25
8367 24
8368 31
8369 26
8370 25
8371 25
8372 32
8373 26
8374 25
8375 24
8376 31
8377 26
8378 24
8379 24
8380 32
8381 31
8382 25
8383 25
8384 32
8385 27
8386 25
8387 25
8388 32
8389 27
8390 25
8391 25
8392 32
8393 27
8394 25
8395 25
8396 32
8397 27
8398 25
8399 25
8400 32
8401 27
8402 25
8403 25
8404 32
8405 26
8406 25
8407 25
8408 32
8409 27
8410 25
8411 25
8412 32
8413 27
8414 25
8415 25
8416 32
8417 27
8418 26
8419 25
8420 32
8421 26
8422 25
8423 25
8424 32
8425 27
8426 25
8427 25
8428 32
8429 27
8430 25
8431 25
8432 32
8433 26
8434 27
8435 25
8436 32
8437 26
8438 25
8439 25
8440 31
8441 27
8442 25
8443 25
8444 32
8445 26
8446 25
8447 24
8448 31
8449 27
8450 25
8451 25
8452 32
8453 26
8454 24
8455 25
8456 32
8457 26
8458 25
8459 25
8460 32
8461 27
8462 25
8463 25
8464 32
8465 26
8466 25
8467 25
8468 32
8469 27
8470 25
8471 25
8472 32
8473 27
8474 25
8475 25
8476 32
8477 26
8478 25
8479 25
8480 32
8481 26
8482 25
8483 25
8484 32
8485 27
8486 25
8487 17
8488 32
8489 26
8490 25
8491 24
8492 32
8493 26
8494 24
8495 25
8496 31
8497 26
8498 24
8499 24
8500 31
8501 26
8502 24
8503 25
8504 32
8505 27
8506 25
8507 25
8508 32
8509 27
8510 25
8511 25
8512 32
8513 26
8514 25
8515 24
8516 32
8517 26
8518 25
8519 24
8520 32
8521 27
8522 25
8523 25
8524 32
8525 26
8526 25
8527 25
8528 32
8529 27
8530 25
8531 25
8532 32
8533 27
8534 25
8535 24
8536 32
8537 27
8538 25
8539 24
8540 32
8541 26
8542 25
8543 25
8544 32
8545 27
8546 25
8547 25
8548 31
8549 27
8550 25
8551 25
8552 32
8553 27
8554 25
8555 25
8556 32
8557 26
8558 25
8559 25
8560 32
8561 26
8562 27
8563 25
8564 32
8565 27
8566 25
8567 25
8568 32
8569 26
8570 25
8571 25
8572 32
8573 27
8574 25
8575 25
8576 32
8577 26
8578 25
8579 25
8580 32
8581 27
8582 25
8583 17
8584 35
8585 27
8586 25
8587 25
8588 32
8589 27
8590 25
8591 25
8592 32
8593 27
8594 25
8595 25
8596 32
8597 27
8598 25
8599 25
8600 32
8601 27
8602 25
8603 25
8604 32
8605 26
8606 25
8607 25
8608 32
8609 27
8610 25
8611 25
8612 32
8613 27
8614 25
8615 25
8616 32
8617 27
8618 25
8619 25
8620 32
8621 27
8622 25
8623 25
8624 32
8625 27
8626 26
8627 25
8628 32
8629 27
8630 25
8631 25
8632 32
8633 27
8634 25
8635 25
8636 32
8637 27
8638 25
8639 25
8640 32
8641 27
8642 25
8643 25
8644 32
8645 26
8646 25
8647 25
8648 31
8649 27
8650 25
8651 25
8652 32
8653 27
8654 25
8655 25
8656 32
8657 27
8658 25
8659 25
8660 32
8661 27
8662 25
8663 25
8664 32
8665 26
8666 25
8667 25
8668 32
8669 26
8670 25
8671 25
8672 32
8673 27
8674 25
8675 25
8676 32
8677 27
8678 25
8679 25
8680 32
8681 27
8682 25
8683 25
8684 32
8685 27
8686 25
8687 25
8688 32
8689 27
8690 25
8691 25
8692 32
8693 27
8694 25
8695 18
8696 33
8697 26
8698 25
8699 24
8700 32
8701 26
8702 24
8703 25
8704 31
8705 26
8706 24
8707 24
8708 31
8709 27
8710 24
8711 24
8712 32
8713 26
8714 30
8715 25
8716 32
8717 26
8718 25
8719 25
8720 32
8721 27
8722 25
8723 25
8724 32
8725 26
8726 25
8727 25
8728 32
8729 26
8730 25
8731 25
8732 32
8733 27
8734 26
8735 25
8736 32
8737 27
8738 25
8739 25
8740 32
8741 27
8742 25
8743 25
8744 32
8745 27
8746 25
8747 25
8748 32
8749 26
8750 25
8751 25
8752 32
8753 27
8754 26
8755 25
8756 32
8757 26
8758 25
8759 24
8760 32
8761 27
8762 24
8763 25
8764 32
8765 26
8766 25
8767 25
8768 32
8769 27
8770 25
8771 25
8772 32
8773 26
8774 25
8775 25
8776 32
8777 27
8778 25
8779 25
8780 32
8781 27
8782 25
8783 25
8784 32
8785 26
8786 25
8787 25
8788 25
8789 25
8790 25
8791 25
8792 32
8793 26
8794 25
8795 25
8796 32
8797 27
8798 25
8799 25
8800 32
8801 27
8802 25
8803 25
8804 32
8805 27
8806 25
8807 25
8808 32
8809 26
8810 25
8811 25
8812 32
8813 27
8814 25
8815 25
8816 32
8817 26
8818 25
8819 25
8820 32
8821 27
8822 25
8823 25
8824 32
8825 27
8826 25
8827 25
8828 32
8829 27
8830 25
8831 25
8832 31
8833 27
8834 26
8835 24
8836 32
8837 27
8838 23
8839 24
8840 17
8841 17
8842 17
8843 25
8844 27
8845 25
8846 25
8847 32
8848 27
8849 25
8850 25
8851 32
8852 27
8853 25
8854 25
8855 32
8856 26
8857 25
8858 25
8859 32
8860 27
8861 25
8862 25
8863 32
8864 27
8865 25
8866 25
8867 32
8868 26
8869 25
8870 25
8871 32
8872 26
8873 25
8874 25
8875 32
8876 27
8877 25
8878 25
8879 32
8880 27
8881 25
8882 25
8883 32
8884 26
8885 25
8886 25
8887 32
8888 27
8889 25
8890 25
8891 32
8892 27
8893 25
8894 25
8895 32
8896 27
8897 25
8898 25
8899 32
8900 26
8901 25
8902 25
8903 20
8904 27
8905 25
8906 25
8907 32
8908 26
8909 25
8910 25
8911 32
8912 27
8913 25
8914 25
8915 32
8916 26
8917 25
8918 25
8919 32
8920 27
8921 25
8922 25
8923 32
8924 26
8925 25
8926 25
8927 32
8928 27
8929 25
8930 25
8931 32
8932 26
8933 25
8934 25
8935 32
8936 27
8937 25
8938 25
8939 32
8940 27
8941 25
8942 25
8943 32
8944 27
8945 25
8946 25
8947 32
8948 27
8949 25
8950 25
8951 32
8952 27
8953 25
8954 25
8955 32
8956 27
8957 25
8958 25
8959 32
8960 26
8961 25
8962 25
8963 32
8964 27
8965 25
8966 25
8967 32
8968 27
8969 25
8970 25
8971 32
8972 26
8973 26
8974 25
8975 32
8976 27
8977 25
8978 25
8979 32
8980 26
8981 25
8982 25
8983 32
8984 27
8985 25
8986 25
8987 32
8988 27
8989 27
8990 25
8991 32
8992 26
8993 25
8994 25
8995 32
8996 26
8997 25
8998 25
8999 32
9000 27
9001 25
9002 25
9003 31
9004 27
9005 25
9006 24
9007 32
9008 26
9009 25
9010 25
9011 32
9012 27
9013 25
9014 25
9015 32
9016 26
9017 25
9018 25
9019 32
9020 26
9021 25
9022 25
9023 32
9024 27
9025 25
9026 25
9027 32
9028 27
9029 25
9030 25
9031 23
9032 26
9033 25
9034 25
9035 32
9036 27
9037 25
9038 25
9039 32
9040 27
9041 25
9042 26
9043 31
9044 27
9045 24
9046 24
9047 31
9048 30
9049 25
9050 25
9051 32
9052 27
9053 25
9054 25
9055 31
9056 26
9057 25
9058 25
9059 32
9060 27
9061 25
9062 25
9063 32
9064 27
9065 25
9066 25
9067 32
9068 27
9069 25
9070 25
9071 32
9072 27
9073 25
9074 27
9075 32
9076 27
9077 25
9078 25
9079 32
9080 27
9081 25
9082 25
9083 32
9084 27
9085 25
9086 25
9087 32
9088 27
9089 25
9090 25
9091 32
9092 26
9093 25
9094 25
9095 17
9096 27
9097 25
9098 25
9099 32
9100 27
9101 25
9102 25
9103 32
9104 27
9105 25
9106 25
9107 32
9108 27
9109 25
9110 25
9111 20
9112 26
9113 25
9114 24
9115 32
9116 26
9117 25
9118 25
9119 32
9120 26
9121 24
9122 24
9123 31
9124 26
9125 25
9126 25
9127 31
9128 26
9129 24
9130 25
9131 31
9132 26
9133 25
9134 25
9135 32
9136 26
9137 24
9138 25
9139 31
9140 26
9141 24
9142 25
9143 32
9144 26
9145 25
9146 25
9147 31
9148 26
9149 25
9150 24
9151 31
9152 26
9153 25
9154 25
9155 31
9156 26
9157 25
9158 24
9159 32
9160 26
9161 25
9162 25
9163 31
9164 26
9165 24
9166 24
9167 31
9168 26
9169 24
9170 25
9171 32
9172 27
9173 25
9174 25
9175 32
9176 27
9177 25
9178 25
9179 32
9180 27
9181 26
9182 25
9183 32
9184 27
9185 25
9186 25
9187 32
9188 26
9189 25
9190 25
9191 32
9192 26
9193 25
9194 25
9195 32
9196 27
9197 25
9198 25
9199 32
9200 27
9201 25
9202 25
9203 32
9204 27
9205 25
9206 25
9207 32
9208 27
9209 25
9210 25
9211 32
9212 27
9213 25
9214 25
9215 32
9216 26
9217 25
9218 25
9219 32
9220 27
9221 25
9222 24
9223 19
9224 27
9225 25
9226 25
9227 32
9228 27
9229 25
9230 25
9231 32
9232 27
9233 25
9234 25
9235 32
9236 27
9237 25
9238 25
9239 32
9240 27
9241 25
9242 25
9243 32
9244 27
9245 26
9246 25
9247 32
9248 27
9249 25
9250 26
9251 32
9252 27
9253 24
9254 25
9255 32
9256 27
9257 25
9258 25
9259 32
9260 27
9261 25
9262 25
9263 32
9264 27
9265 25
9266 27
9267 33
9268 27
9269 25
9270 25
9271 32
9272 27
9273 25
9274 25
9275 32
9276 27
9277 25
9278 25
9279 32
9280 27
9281 25
9282 25
9283 32
9284 27
9285 25
9286 25
9287 32
9288 26
9289 25
9290 25
9291 32
9292 27
9293 25
9294 25
9295 32
9296 27
9297 25
9298 25
9299 32
9300 27
9301 25
9302 25
9303 32
9304 26
9305 25
9306 25
9307 32
9308 27
9309 25
9310 25
9311 32
9312 27
9313 25
9314 25
9315 32
9316 27
9317 25
9318 25
9319 20
9320 27
9321 25
9322 25
9323 31
9324 26
9325 25
9326 24
9327 32
9328 26
9329 24
9330 24
9331 32
9332 26
9333 25
9334 25
9335 31
9336 26
9337 25
9338 25
9339 32
9340 26
9341 25
9342 24
9343 32
9344 26
9345 25
9346 25
9347 31
9348 26
9349 24
9350 25
9351 31
9352 26
9353 24
9354 24
9355 31
9356 26
9357 25
9358 25
9359 31
9360 26
9361 25
9362 25
9363 31
9364 26
9365 25
9366 24
9367 31
9368 26
9369 25
9370 24
9371 31
9372 27
9373 25
9374 24
9375 31
9376 26
9377 25
9378 25
9379 31
9380 27
9381 30
9382 25
9383 32
9384 27
9385 25
9386 25
9387 32
9388 26
9389 26
9390 25
9391 32
9392 27
9393 25
9394 25
9395 32
9396 26
9397 25
9398 25
9399 32
9400 27
9401 25
9402 25
9403 32
9404 27
9405 25
9406 25
9407 32
9408 27
9409 25
9410 25
9411 31
9412 26
9413 25
9414 25
9415 32
9416 26
9417 25
9418 25
9419 32
9420 27
9421 25
9422 25
9423 32
9424 26
9425 25
9426 25
9427 32
9428 27
9429 25
9430 25
9431 32
9432 26
9433 25
9434 25
9435 32
9436 26
9437 25
9438 25
9439 32
9440 26
9441 25
9442 25
9443 32
9444 26
9445 25
9446 25
9447 32
9448 26
9449 25
9450 25
9451 32
9452 26
9453 25
9454 25
9455 32
9456 27
9457 25
9458 25
9459 31
9460 26
9461 24
9462 25
9463 31
9464 26
9465 24
9466 24
9467 31
9468 26
9469 24
9470 24
9471 31
9472 26
9473 24
9474 24
9475 31
9476 26
9477 24
9478 24
9479 31
9480 26
9481 24
9482 24
9483 31
9484 26
9485 24
9486 24
9487 31
9488 26
9489 25
9490 24
9491 31
9492 26
9493 24
9494 24
9495 31
9496 26
9497 24
9498 24
9499 31
9500 26
9501 24
9502 24
9503 32
9504 26
9505 26
9506 24
9507 32
9508 27
9509 25
9510 25
9511 32
9512 27
9513 25
9514 25
9515 32
9516 27
9517 25
9518 25
9519 32
9520 27
9521 25
9522 25
9523 32
9524 26
9525 25
9526 25
9527 20
9528 27
9529 25
9530 25
9531 32
9532 27
9533 25
9534 25
9535 32
9536 27
9537 25
9538 25
9539 32
9540 27
9541 25
9542 25
9543 23
9544 26
9545 25
9546 25
9547 32
9548 27
9549 25
9550 25
9551 32
9552 27
9553 25
9554 25
9555 32
9556 27
9557 25
9558 25
9559 32
9560 27
9561 25
9562 25
9563 32
9564 27
9565 25
9566 25
9567 32
9568 27
9569 25
9570 25
9571 32
9572 27
9573 25
9574 25
9575 32
9576 26
9577 25
9578 25
9579 32
9580 26
9581 25
9582 25
9583 32
9584 27
9585 25
9586 26
9587 32
9588 27
9589 25
9590 25
9591 32
9592 27
9593 25
9594 25
9595 32
9596 27
9597 26
9598 25
9599 32
9600 26
9601 25
9602 25
9603 32
9604 26
9605 25
9606 25
9607 22
9608 26
9609 25
9610 25
9611 19
9612 19
9613 19
9614 19
9615 17
9616 19
9617 14
9618 21
9619 21
9620 21
9621 21
9622 19
9623 19
9624 19
9625 24
9626 24
9627 22
9628 21
9629 28
9630 28
9631 25
9632 25
9633 32
9634 27
9635 25
9636 25
9637 32
9638 27
9639 25
9640 25
9641 32
9642 27
9643 25
9644 25
9645 32
9646 27
9647 25
9648 25
9649 32
9650 27
9651 25
9652 25
9653 32
9654 27
9655 25
9656 25
9657 32
9658 26
9659 25
9660 25
9661 32
9662 26
9663 25
9664 25
9665 32
9666 26
9667 25
9668 24
9669 31
9670 26
9671 25
9672 25
9673 31
9674 26
9675 24
9676 24
9677 25
9678 24
9679 24
9680 32
9681 26
9682 24
9683 25
9684 31
9685 26
9686 24
9687 25
9688 32
9689 26
9690 25
9691 24
9692 31
9693 26
9694 24
9695 24
9696 31
9697 26
9698 24
9699 25
9700 31
9701 26
9702 25
9703 24
9704 31
9705 26
9706 24
9707 25
9708 31
9709 26
9710 24
9711 22
9712 32
9713 26
9714 29
9715 25
9716 32
9717 27
9718 25
9719 25
9720 32
9721 27
9722 25
9723 25
9724 32
9725 26
9726 25
9727 24
9728 32
9729 27
9730 25
9731 25
9732 32
9733 26
9734 26
9735 17
9736 34
9737 27
9738 25
9739 25
9740 32
9741 27
9742 25
9743 25
9744 32
9745 27
9746 25
9747 25
9748 32
9749 27
9750 25
9751 25
9752 32
9753 27
9754 25
9755 25
9756 32
9757 27
9758 25
9759 25
9760 32
9761 26
9762 25
9763 25
9764 32
9765 27
9766 25
9767 25
9768 32
9769 26
9770 25
9771 25
9772 32
9773 27
9774 25
9775 25
9776 32
9777 27
9778 27
9779 25
9780 32
9781 26
9782 25
9783 25
9784 32
9785 27
9786 25
9787 25
9788 32
9789 26
9790 25
9791 25
9792 32
9793 27
9794 25
9795 25
9796 32
9797 27
9798 25
9799 22
9800 32
9801 27
9802 25
9803 25
9804 32
9805 26
9806 24
9807 25
9808 31
9809 26
9810 24
9811 25
9812 31
9813 26
9814 25
9815 22
9816 32
9817 27
9818 24
9819 24
9820 31
9821 26
9822 24
9823 24
9824 31
9825 26
9826 25
9827 25
9828 32
9829 26
9830 24
9831 24
9832 31
9833 26
9834 25
9835 25
9836 25
9837 25
9838 25
9839 32
9840 27
9841 25
9842 25
9843 31
9844 27
9845 25
9846 25
9847 32
9848 27
9849 25
9850 25
9851 32
9852 27
9853 25
9854 25
9855 32
9856 26
9857 25
9858 25
9859 32
9860 26
9861 25
9862 25
9863 32
9864 27
9865 25
9866 25
9867 32
9868 26
9869 25
9870 25
9871 32
9872 27
9873 25
9874 26
9875 31
9876 27
9877 25
9878 25
9879 32
9880 27
9881 25
9882 25
9883 32
9884 27
9885 27
9886 25
9887 32
9888 26
9889 25
9890 25
9891 32
9892 27
9893 25
9894 25
9895 32
9896 26
9897 25
9898 25
9899 32
9900 27
9901 25
9902 25
9903 32
9904 27
9905 25
9906 25
9907 32
9908 27
9909 25
9910 25
9911 32
9912 27
9913 25
9914 25
9915 32
9916 27
9917 25
9918 25
9919 32
9920 27
9921 25
9922 25
9923 32
9924 27
9925 25
9926 25
9927 22
9928 26
9929 25
9930 25
9931 32
9932 27
9933 25
9934 25
9935 32
9936 27
9937 25
9938 25
9939 32
9940 27
9941 25
9942 25
9943 19
9944 27
9945 25
9946 25
9947 32
9948 27
9949 28
9950 25
9951 32
9952 27
9953 25
9954 25
9955 32
9956 27
9957 25
9958 25
9959 32
9960 27
9961 25
9962 25
9963 32
9964 26
9965 25
9966 25
9967 32
9968 27
9969 25
9970 24
9971 32
9972 27
9973 25
9974 25
9975 32
9976 26
9977 25
9978 25
9979 32
9980 26
9981 25
9982 25
9983 32
9984 27
9985 25
9986 25
9987 31
9988 27
9989 25
9990 25
9991 32
9992 26
9993 25
9994 25
9995 32
9996 27
9997 25
9998 25
9999 32
# sum: 27
# min: 14
# max: 45
# err cnt: 0
