5172 1
5173 2
5202 3
5206 4
5228 5
5229 7
5235 8
5238 9
5239 10
5266 11
5288 12
5345 13
5347 14
5348 15
5355 16
5358 19
5359 20
5361 30
5362 37
5363 45
5364 69
5365 87
5366 102
5367 123
5368 162
5369 198
5370 247
5371 303
5372 353
5373 419
5374 495
5375 562
5376 632
5377 698
5378 788
5379 860
5380 938
5381 1027
5382 1104
5383 1177
5384 1243
5385 1307
5386 1376
5387 1438
5388 1498
5389 1548
5390 1589
5391 1620
5392 1643
5393 1667
5394 1700
5395 1722
5396 1741
5397 1765
5398 1785
5399 1796
5400 1808
5401 1823
5402 1830
5403 1845
5404 1857
5405 1868
5406 1875
5407 1888
5408 1896
5409 1905
5410 1909
5411 1917
5412 1927
5413 1937
5414 1941
5415 1950
5416 1959
5417 1966
5418 1969
5419 1973
5420 1985
5421 1999
5422 2007
5423 2021
5424 2032
5425 2047
5426 2060
5427 2076
5428 2095
5429 2117
5430 2135
5431 2164
5432 2187
5433 2212
5434 2243
5435 2277
5436 2311
5437 2349
5438 2401
5439 2488
5440 2541
5441 2628
5442 2713
5443 2821
5444 2951
5445 3056
5446 3160
5447 3256
5448 3354
5449 3446
5450 3536
5451 3620
5452 3696
5453 3762
5454 3825
5455 3890
5456 3943
5457 3982
5458 4019
5459 4057
5460 4079
5461 4110
5462 4137
5463 4157
5464 4182
5465 4199
5466 4215
5467 4236
5468 4248
5469 4261
5470 4277
5471 4289
5472 4299
5473 4313
5474 4322
5475 4335
5476 4340
5477 4352
5478 4367
5479 4376
5480 4388
5481 4408
5482 4426
5483 4443
5484 4470
5485 4491
5486 4520
5487 4554
5488 4591
5489 4620
5490 4654
5491 4680
5492 4709
5493 4742
5494 4771
5495 4800
5496 4823
5497 4845
5498 4871
5499 4891
5500 4903
5501 4921
5502 4941
5503 4949
5504 4965
5505 4975
5506 4982
5507 4993
5508 5001
5509 5007
5510 5012
5511 5018
5513 5020
5514 5022
5515 5027
5516 5028
5517 5033
5519 5036
5520 5038
5521 5041
5522 5045
5523 5047
5524 5049
5525 5055
5526 5063
5527 5071
5528 5078
5529 5085
5530 5091
5531 5105
5532 5120
5533 5135
5534 5146
5535 5167
5536 5187
5537 5201
5538 5228
5539 5245
5540 5265
5541 5278
5542 5307
5543 5342
5544 5360
5545 5376
5546 5399
5547 5421
5548 5431
5549 5451
5550 5465
5551 5480
5552 5489
5553 5501
5554 5511
5555 5523
5556 5532
5557 5540
5558 5551
5559 5564
5560 5584
5561 5608
5562 5630
5563 5656
5564 5695
5565 5737
5566 5784
5567 5836
5568 5902
5569 5970
5570 6051
5571 6129
5572 6203
5573 6278
5574 6349
5575 6431
5576 6502
5577 6564
5578 6635
5579 6705
5580 6770
5581 6816
5582 6857
5583 6908
5584 6952
5585 6990
5586 7037
5587 7073
5588 7108
5589 7152
5590 7190
5591 7212
5592 7239
5593 7265
5594 7298
5595 7329
5596 7359
5597 7386
5598 7413
5599 7443
5600 7457
5601 7486
5602 7522
5603 7550
5604 7581
5605 7610
5606 7636
5607 7660
5608 7692
5609 7718
5610 7735
5611 7765
5612 7789
5613 7802
5614 7815
5615 7837
5616 7857
5617 7866
5618 7886
5619 7905
5620 7925
5621 7937
5622 7951
5623 7964
5624 7978
5625 7993
5626 8007
5627 8024
5628 8041
5629 8056
5630 8071
5631 8081
5632 8099
5633 8120
5634 8138
5635 8152
5636 8169
5637 8189
5638 8203
5639 8216
5640 8230
5641 8240
5642 8257
5643 8262
5644 8274
5645 8286
5646 8291
5647 8301
5648 8307
5649 8312
5650 8317
5651 8324
5652 8333
5653 8345
5654 8351
5655 8356
5656 8365
5657 8372
5658 8386
5659 8400
5660 8416
5661 8433
5662 8445
5663 8465
5664 8488
5665 8511
5666 8537
5667 8566
5668 8586
5669 8607
5670 8622
5671 8641
5672 8658
5673 8677
5674 8690
5675 8704
5676 8714
5677 8727
5678 8733
5679 8737
5680 8745
5681 8749
5682 8756
5683 8762
5684 8766
5685 8771
5686 8777
5687 8784
5688 8790
5689 8797
5690 8805
5691 8809
5692 8815
5693 8819
5694 8832
5695 8841
5696 8847
5697 8854
5698 8865
5699 8872
5700 8879
5701 8885
5702 8893
5703 8902
5704 8910
5705 8923
5706 8937
5707 8951
5708 8963
5709 8974
5710 8988
5711 9014
5712 9033
5713 9052
5714 9078
5715 9107
5716 9132
5717 9155
5718 9182
5719 9206
5720 9228
5721 9247
5722 9276
5723 9292
5724 9323
5725 9344
5726 9358
5727 9368
5728 9383
5729 9398
5730 9407
5731 9423
5732 9430
5733 9442
5734 9451
5735 9455
5736 9459
5737 9462
5738 9471
5739 9476
5740 9483
5741 9489
5742 9492
5743 9495
5744 9498
5745 9503
5746 9509
5747 9514
5748 9518
5749 9525
5750 9527
5751 9530
5752 9533
5753 9537
5754 9540
5755 9545
5756 9547
5757 9550
5758 9552
5759 9558
5760 9563
5761 9564
5762 9566
5763 9571
5764 9575
5765 9580
5766 9588
5767 9597
5768 9602
5769 9610
5770 9614
5771 9623
5772 9631
5773 9642
5774 9663
5775 9677
5776 9694
5777 9723
5778 9739
5779 9755
5780 9768
5781 9780
5782 9788
5783 9808
5784 9822
5785 9831
5786 9841
5787 9850
5788 9853
5789 9859
5790 9861
5791 9872
5792 9873
5793 9877
5794 9881
5795 9886
5796 9890
5797 9893
5798 9900
5799 9903
5800 9907
5801 9912
5802 9914
5803 9918
5804 9923
5805 9930
5806 9932
5807 9933
5808 9934
5809 9937
5810 9938
5811 9941
5812 9942
5813 9946
5814 9948
5815 9949
5816 9954
5817 9955
5818 9957
5819 9958
5820 9959
5822 9960
5823 9962
5825 9963
5826 9964
5827 9966
5828 9968
5829 9970
5830 9971
5831 9972
5832 9974
5833 9975
5834 9976
5836 9977
5837 9980
5838 9983
5839 9984
5840 9987
5841 9988
5842 9989
5843 9990
5846 9991
5849 9992
5850 9993
5851 9994
5852 9995
5858 9996
5870 9997
5872 9998
5914 9999
5973 10000
