1275 91
1276 359
1277 3000
1278 91
1279 66
1280 7
1281 3
1282 1
1284 20
1285 258
1286 2439
1287 140
1288 56
1289 317
1290 20
1291 8
1292 7
1293 3
1294 7
1295 7
1296 45
1297 66
1298 15
1299 7
1300 2
1301 3
1302 1
1303 2
1304 2
1305 1
1306 2
1307 2
1308 2
1309 5
1310 1
1311 11
1312 248
1313 10
1314 7
1315 1
1316 1
1317 4
1320 1
1321 2
1324 1
1325 1
1327 1
1328 1
1329 1
1332 1
1339 2
1341 1
1342 2
1343 3
1344 292
1345 100
1346 243
1347 979
1348 37
1349 143
1350 29
1351 172
1352 6
1353 1
1354 5
1355 115
1356 451
1357 36
1358 5
1359 3
1360 4
1361 3
1362 1
1363 1
1364 2
1366 2
1367 1
1369 1
1370 2
1376 1
1378 1
1379 1
1384 1
1395 1
1408 1
1410 1
1415 1
1420 1
1422 1
1459 1
