0 1180
1 31
2 45
3 61
4 52
5 65
6 32
7 67
8 45
9 55
10 42
11 39
12 46
13 54
14 29
15 64
16 27
17 64
18 47
19 58
20 60
21 46
22 61
23 31
24 52
25 49
26 54
27 38
28 51
29 54
30 54
31 46
32 30
33 55
34 43
35 44
36 56
37 26
38 51
39 54
40 40
41 56
42 25
43 47
44 59
45 35
46 102
47 21
48 46
49 43
50 33
51 61
52 31
53 49
54 99
55 36
56 100
57 46
58 107
59 37
60 43
61 55
62 31
63 69
64 38
65 44
66 52
67 42
68 47
69 40
70 52
71 40
72 69
73 29
74 55
75 54
76 65
77 36
78 62
79 48
80 63
81 38
82 34
83 52
84 39
85 41
86 67
87 59
88 35
89 109
90 28
91 51
92 41
93 45
94 102
95 35
96 47
97 53
98 25
99 53
100 34
101 56
102 35
103 50
104 26
105 93
106 36
107 40
108 98
109 41
110 42
111 59
112 27
113 39
114 52
115 26
116 99
117 30
118 31
119 65
120 40
121 38
122 57
123 40
124 60
125 42
126 70
127 25
128 46
129 40
130 37
131 41
132 38
133 51
134 39
135 42
136 98
137 40
138 33
139 98
140 36
141 36
142 55
143 33
144 70
145 31
146 34
147 95
148 41
149 37
150 50
151 25
152 95
153 32
154 39
155 95
156 24
157 38
158 40
159 28
160 44
161 44
162 25
163 105
164 30
165 38
166 53
167 25
168 104
169 44
170 35
171 47
172 33
173 59
174 51
175 24
176 34
177 47
178 28
179 47
180 38
181 35
182 56
183 24
184 101
185 25
186 43
187 65
188 27
189 43
190 41
191 43
192 29
193 35
194 55
195 38
196 98
197 28
198 99
199 25
200 42
201 50
202 38
203 107
204 42
205 40
206 107
207 50
208 39
209 39
210 27
211 95
212 25
213 35
214 56
215 42
216 38
217 63
218 38
219 34
220 95
221 26
222 45
223 53
224 29
225 41
226 48
227 36
228 40
229 24
230 58
231 29
232 37
233 60
234 21
235 44
236 42
237 26
238 52
239 34
240 50
241 23
242 40
243 60
244 27
245 61
246 29
247 109
248 42
249 40
250 108
251 23
252 48
253 32
254 65
255 32
256 55
257 48
258 37
259 57
260 27
261 56
262 54
263 23
264 46
265 51
266 26
267 66
268 33
269 36
270 91
271 32
272 36
273 69
274 42
275 37
276 53
277 33
278 102
279 37
280 42
281 70
282 32
283 63
284 31
285 51
286 43
287 40
288 34
289 62
290 28
291 68
292 38
293 33
294 48
295 44
296 106
297 47
298 42
299 62
300 39
301 57
302 35
303 46
304 40
305 58
306 29
307 58
308 33
309 106
310 28
311 67
312 49
313 47
314 66
315 33
316 52
317 40
318 43
319 96
320 27
321 68
322 27
323 66
324 22
325 40
326 70
327 49
328 102
329 38
330 55
331 49
332 54
333 47
334 56
335 38
336 104
337 39
338 96
339 30
340 62
341 96
342 38
343 52
344 45
345 94
346 29
347 69
348 42
349 39
350 59
351 51
352 36
353 64
354 43
355 44
356 40
357 43
358 98
359 45
360 35
361 46
362 25
363 109
364 31
365 47
366 40
367 41
368 43
369 33
370 38
371 52
372 60
373 48
374 38
375 63
376 34
377 93
378 26
379 100
380 51
381 46
382 37
383 41
384 101
385 39
386 40
387 51
388 34
389 64
390 36
391 62
392 35
393 115
394 41
395 47
396 51
397 45
398 55
399 61
400 48
401 43
402 34
403 44
404 54
405 31
406 66
407 48
408 96
409 29
410 62
411 32
412 99
413 25
414 48
415 46
416 46
417 53
418 26
419 70
420 33
421 33
422 54
423 31
424 110
425 34
426 44
427 52
428 33
429 98
430 34
431 50
432 63
433 31
434 60
435 58
436 42
437 40
438 40
439 53
440 35
441 56
442 36
443 45
444 109
445 33
446 26
447 31
448 24
449 51
450 22
451 44
452 67
453 27
454 33
455 39
456 46
457 44
458 58
459 34
460 45
461 46
462 40
463 103
464 32
465 41
466 45
467 29
468 59
469 49
470 26
471 51
472 100
473 33
474 46
475 99
476 29
477 63
478 32
479 66
480 33
481 41
482 49
483 30
484 66
485 33
486 100
487 35
488 43
489 46
490 43
491 104
492 26
493 42
494 56
495 43
496 49
497 45
498 31
499 40
500 60
501 56
502 51
503 45
504 38
505 64
506 53
507 34
508 51
509 30
510 60
511 62
512 37
513 99
514 39
515 47
516 103
517 36
518 49
519 55
520 41
521 40
522 67
523 46
524 42
525 58
526 25
527 55
528 32
529 66
530 34
531 40
532 63
533 40
534 42
535 59
536 25
537 50
538 47
539 32
540 96
541 37
542 37
543 68
544 28
545 95
546 30
547 95
548 37
549 37
550 49
551 30
552 35
553 63
554 28
555 102
556 22
557 66
558 31
559 39
560 48
561 25
562 38
563 52
564 26
565 52
566 35
567 37
568 65
569 53
570 39
571 54
572 35
573 96
574 35
575 57
576 39
577 38
578 58
579 26
580 60
581 42
582 33
583 43
584 28
585 98
586 31
587 42
588 47
589 34
590 93
591 36
592 39
593 56
594 26
595 45
596 52
597 23
598 38
599 62
600 28
601 50
602 45
603 34
604 101
605 24
606 100
607 28
608 107
609 39
610 36
611 44
612 38
613 98
614 39
615 40
616 59
617 35
618 102
619 47
620 25
621 54
622 33
623 40
624 47
625 27
626 42
627 57
628 27
629 54
630 40
631 37
632 68
633 23
634 43
635 36
636 39
637 55
638 38
639 60
640 53
641 49
642 43
643 32
644 44
645 26
646 63
647 32
648 38
649 45
650 37
651 38
652 34
653 68
654 20
655 63
656 44
657 33
658 57
659 28
660 60
661 40
662 38
663 101
664 47
665 31
666 53
667 54
668 25
669 39
670 48
671 23
672 67
673 41
674 39
675 53
676 29
677 95
678 33
679 47
680 35
681 43
682 34
683 35
684 106
685 43
686 41
687 56
688 28
689 93
690 31
691 38
692 50
693 37
694 101
695 26
696 42
697 66
698 44
699 46
700 36
701 48
702 33
703 56
704 35
705 64
706 37
707 27
708 46
709 44
710 34
711 60
712 26
713 46
714 48
715 26
716 69
717 26
718 102
719 41
720 38
721 98
722 28
723 34
724 46
725 39
726 57
727 29
728 61
729 23
730 38
731 69
732 29
733 101
734 26
735 62
736 31
737 56
738 35
739 40
740 37
741 39
742 100
743 38
744 39
745 95
746 39
747 36
748 56
749 21
750 47
751 53
752 21
753 95
754 36
755 35
756 67
757 37
758 25
759 68
760 24
761 39
762 50
763 37
764 97
765 23
766 41
767 40
768 42
769 96
770 39
771 39
772 90
773 37
774 41
775 58
776 40
777 69
778 31
779 98
780 34
781 46
782 41
783 33
784 51
785 45
786 50
787 28
788 37
789 56
790 22
791 55
792 33
793 36
794 51
795 45
796 62
797 24
798 41
799 52
800 34
801 60
802 33
803 105
804 52
805 38
806 96
807 31
808 46
809 54
810 37
811 47
812 42
813 67
814 47
815 61
816 46
817 49
818 50
819 93
820 34
821 66
822 31
823 103
824 21
825 60
826 37
827 37
828 52
829 28
830 63
831 61
832 40
833 55
834 29
835 50
836 30
837 103
838 53
839 38
840 62
841 39
842 45
843 68
844 43
845 37
846 46
847 51
848 64
849 61
850 41
851 38
852 37
853 57
854 28
855 106
856 38
857 48
858 64
859 36
860 69
861 28
862 58
863 33
864 63
865 41
866 28
867 59
868 46
869 47
870 49
871 48
872 29
873 54
874 52
875 40
876 97
877 41
878 41
879 44
880 50
881 66
882 63
883 65
884 44
885 37
886 56
887 41
888 57
889 36
890 101
891 32
892 48
893 34
894 41
895 103
896 39
897 35
898 99
899 44
900 30
901 99
902 40
903 39
904 49
905 35
906 56
907 39
908 64
909 26
910 46
911 50
912 34
913 63
914 34
915 45
916 53
917 24
918 41
919 47
920 27
921 32
922 56
923 33
924 103
925 44
926 31
927 48
928 33
929 95
930 25
931 38
932 63
933 31
934 38
935 55
936 26
937 99
938 43
939 38
940 101
941 34
942 36
943 56
944 26
945 95
946 40
947 43
948 54
949 37
950 104
951 36
952 35
953 94
954 38
955 37
956 96
957 42
958 37
959 57
960 22
961 45
962 48
963 23
964 39
965 59
966 37
967 34
968 56
969 40
970 37
971 46
972 39
973 62
974 41
975 65
976 38
977 37
978 97
979 44
980 39
981 95
982 43
983 33
984 39
985 27
986 103
987 49
988 38
989 53
990 37
991 36
992 30
993 93
994 30
995 32
996 58
997 32
998 37
999 60
1000 38
1001 38
1002 66
1003 23
1004 57
1005 40
1006 37
1007 51
1008 26
1009 94
1010 42
1011 32
1012 49
1013 24
1014 69
1015 39
1016 39
1017 68
1018 25
1019 42
1020 43
1021 25
1022 92
1023 35
1024 32
1025 98
1026 40
1027 35
1028 47
1029 19
1030 34
1031 58
1032 20
1033 41
1034 37
1035 49
1036 43
1037 41
1038 106
1039 45
1040 36
1041 52
1042 23
1043 98
1044 36
1045 32
1046 49
1047 28
1048 94
1049 39
1050 38
1051 48
1052 38
1053 46
1054 35
1055 101
1056 34
1057 38
1058 69
1059 33
1060 41
1061 43
1062 37
1063 98
1064 24
1065 48
1066 46
1067 38
1068 64
1069 27
1070 59
1071 37
1072 37
1073 51
1074 35
1075 38
1076 48
1077 41
1078 54
1079 61
1080 40
1081 101
1082 35
1083 43
1084 58
1085 31
1086 101
1087 38
1088 32
1089 45
1090 34
1091 99
1092 38
1093 43
1094 38
1095 39
1096 63
1097 26
1098 55
1099 46
1100 39
1101 63
1102 42
1103 59
1104 52
1105 50
1106 34
1107 55
1108 49
1109 53
1110 32
1111 105
1112 39
1113 42
1114 44
1115 43
1116 63
1117 33
1118 42
1119 30
1120 108
1121 39
1122 44
1123 69
1124 25
1125 43
1126 25
1127 36
1128 55
1129 41
1130 52
1131 46
1132 54
1133 40
1134 55
1135 29
1136 56
1137 33
1138 100
1139 21
1140 45
1141 63
1142 52
1143 62
1144 41
1145 68
1146 41
1147 56
1148 44
1149 66
1150 38
1151 56
1152 38
1153 95
1154 59
1155 42
1156 55
1157 28
1158 68
1159 38
1160 43
1161 66
1162 37
1163 65
1164 32
1165 48
1166 92
1167 37
1168 63
1169 37
1170 94
1171 43
1172 43
1173 47
1174 31
1175 62
1176 27
1177 69
1178 48
1179 39
1180 105
1181 58
1182 35
1183 105
1184 39
1185 44
1186 60
1187 42
1188 31
1189 50
1190 31
1191 69
1192 36
1193 40
1194 62
1195 30
1196 46
1197 62
1198 31
1199 64
1200 37
1201 26
1202 66
1203 41
1204 39
1205 57
1206 27
1207 68
1208 55
1209 32
1210 46
1211 15
1212 41
1213 65
1214 21
1215 45
1216 55
1217 19
1218 55
1219 43
1220 35
1221 62
1222 46
1223 48
1224 32
1225 39
1226 44
1227 44
1228 40
1229 48
1230 63
1231 41
1232 52
1233 30
1234 59
1235 42
1236 63
1237 55
1238 41
1239 60
1240 33
1241 66
1242 24
1243 104
1244 35
1245 69
1246 29
1247 66
1248 19
1249 98
1250 32
1251 52
1252 22
1253 101
1254 49
1255 99
1256 38
1257 32
1258 69
1259 38
1260 55
1261 41
1262 45
1263 61
1264 40
1265 47
1266 45
1267 47
1268 41
1269 49
1270 40
1271 62
1272 32
1273 43
1274 40
1275 59
1276 32
1277 47
1278 57
1279 26
1280 63
1281 40
1282 42
1283 36
1284 40
1285 53
1286 35
1287 107
1288 34
1289 67
1290 31
1291 102
1292 47
1293 38
1294 48
1295 31
1296 102
1297 36
1298 42
1299 40
1300 43
1301 107
1302 38
1303 41
1304 38
1305 35
1306 59
1307 47
1308 20
1309 64
1310 34
1311 101
1312 31
1313 46
1314 113
1315 35
1316 44
1317 41
1318 48
1319 61
1320 36
1321 106
1322 38
1323 47
1324 13
1325 10
1326 54
1327 99
1328 25
1329 62
1330 37
1331 25
1332 62
1333 54
1334 26
1335 44
1336 56
1337 40
1338 94
1339 19
1340 42
1341 37
1342 37
1343 60
1344 23
1345 58
1346 42
1347 36
1348 41
1349 25
1350 61
1351 24
1352 45
1353 57
1354 39
1355 67
1356 28
1357 98
1358 27
1359 97
1360 42
1361 42
1362 45
1363 36
1364 50
1365 36
1366 92
1367 38
1368 41
1369 56
1370 38
1371 106
1372 43
1373 41
1374 49
1375 33
1376 90
1377 22
1378 41
1379 42
1380 37
1381 64
1382 23
1383 56
1384 36
1385 35
1386 67
1387 31
1388 39
1389 93
1390 37
1391 37
1392 69
1393 34
1394 36
1395 60
1396 20
1397 40
1398 56
1399 25
1400 44
1401 42
1402 31
1403 91
1404 25
1405 36
1406 45
1407 35
1408 98
1409 34
1410 40
1411 70
1412 38
1413 39
1414 57
1415 24
1416 47
1417 33
1418 40
1419 50
1420 32
1421 55
1422 30
1423 46
1424 40
1425 36
1426 38
1427 32
1428 67
1429 41
1430 36
1431 60
1432 36
1433 53
1434 41
1435 69
1436 35
1437 47
1438 36
1439 38
1440 45
1441 36
1442 54
1443 25
1444 97
1445 39
1446 19
1447 95
1448 43
1449 36
1450 54
1451 30
1452 91
1453 41
1454 37
1455 45
1456 36
1457 47
1458 30
1459 58
1460 61
1461 38
1462 117
1463 20
1464 46
1465 44
1466 29
1467 97
1468 38
1469 34
1470 60
1471 31
1472 110
1473 33
1474 43
1475 40
1476 38
1477 52
1478 41
1479 38
1480 39
1481 52
1482 39
1483 45
1484 29
1485 69
1486 31
1487 38
1488 52
1489 38
1490 98
1491 35
1492 40
1493 103
1494 42
1495 39
1496 70
1497 41
1498 40
1499 56
1500 24
1501 95
1502 37
1503 36
1504 52
1505 36
1506 48
1507 23
1508 62
1509 43
1510 33
1511 70
1512 49
1513 31
1514 52
1515 52
1516 25
1517 41
1518 55
1519 26
1520 98
1521 40
1522 41
1523 44
1524 27
1525 95
1526 42
1527 39
1528 47
1529 36
1530 65
1531 39
1532 44
1533 35
1534 48
1535 40
1536 25
1537 96
1538 35
1539 42
1540 39
1541 40
1542 97
1543 48
1544 36
1545 96
1546 29
1547 33
1548 46
1549 23
1550 41
1551 57
1552 22
1553 42
1554 41
1555 24
1556 67
1557 38
1558 31
1559 55
1560 29
1561 57
1562 52
1563 35
1564 102
1565 35
1566 36
1567 59
1568 29
1569 45
1570 31
1571 36
1572 52
1573 21
1574 39
1575 54
1576 24
1577 95
1578 41
1579 32
1580 97
1581 34
1582 38
1583 100
1584 46
1585 29
1586 62
1587 27
1588 67
1589 40
1590 27
1591 65
1592 48
1593 37
1594 89
1595 25
1596 95
1597 33
1598 37
1599 62
1600 38
1601 35
1602 91
1603 35
1604 33
1605 97
1606 39
1607 48
1608 47
1609 31
1610 63
1611 31
1612 58
1613 41
1614 48
1615 35
1616 36
1617 56
1618 37
1619 67
1620 24
1621 39
1622 38
1623 37
1624 64
1625 25
1626 47
1627 36
1628 37
1629 69
1630 36
1631 40
1632 52
1633 28
1634 40
1635 47
1636 36
1637 92
1638 35
1639 39
1640 52
1641 33
1642 98
1643 35
1644 39
1645 45
1646 31
1647 95
1648 21
1649 44
1650 48
1651 40
1652 68
1653 20
1654 63
1655 38
1656 38
1657 91
1658 36
1659 28
1660 56
1661 35
1662 41
1663 34
1664 64
1665 24
1666 101
1667 48
1668 37
1669 54
1670 22
1671 50
1672 47
1673 41
1674 95
1675 42
1676 36
1677 62
1678 23
1679 55
1680 34
1681 33
1682 62
1683 23
1684 65
1685 41
1686 43
1687 62
1688 29
1689 38
1690 66
1691 38
1692 37
1693 64
1694 21
1695 62
1696 33
1697 38
1698 57
1699 24
1700 100
1701 35
1702 47
1703 37
1704 39
1705 96
1706 38
1707 36
1708 66
1709 23
1710 40
1711 67
1712 30
1713 36
1714 60
1715 28
1716 99
1717 43
1718 34
1719 91
1720 21
1721 39
1722 39
1723 28
1724 58
1725 47
1726 31
1727 56
1728 49
1729 31
1730 93
1731 52
1732 27
1733 64
1734 51
1735 22
1736 53
1737 52
1738 34
1739 100
1740 23
1741 41
1742 47
1743 31
1744 58
1745 31
1746 35
1747 50
1748 40
1749 94
1750 39
1751 36
1752 49
1753 31
1754 96
1755 34
1756 35
1757 53
1758 36
1759 96
1760 36
1761 34
1762 51
1763 36
1764 70
1765 43
1766 37
1767 52
1768 31
1769 92
1770 38
1771 39
1772 48
1773 29
1774 105
1775 36
1776 56
1777 34
1778 32
1779 59
1780 29
1781 109
1782 64
1783 41
1784 47
1785 41
1786 53
1787 19
1788 56
1789 49
1790 50
1791 31
1792 63
1793 48
1794 106
1795 33
1796 41
1797 43
1798 39
1799 68
1800 36
1801 46
1802 44
1803 40
1804 112
1805 41
1806 46
1807 54
1808 25
1809 40
1810 58
1811 26
1812 46
1813 43
1814 40
1815 46
1816 30
1817 57
1818 37
1819 38
1820 41
1821 35
1822 46
1823 25
1824 51
1825 44
1826 28
1827 104
1828 47
1829 42
1830 40
1831 37
1832 48
1833 36
1834 67
1835 42
1836 35
1837 69
1838 25
1839 102
1840 27
1841 93
1842 26
1843 40
1844 54
1845 21
1846 41
1847 104
1848 28
1849 107
1850 28
1851 58
1852 38
1853 42
1854 48
1855 29
1856 42
1857 56
1858 26
1859 100
1860 34
1861 39
1862 50
1863 27
1864 96
1865 43
1866 39
1867 60
1868 22
1869 44
1870 45
1871 27
1872 38
1873 52
1874 27
1875 34
1876 42
1877 39
1878 59
1879 27
1880 61
1881 44
1882 39
1883 96
1884 46
1885 36
1886 51
1887 35
1888 62
1889 27
1890 99
1891 21
1892 96
1893 35
1894 41
1895 37
1896 25
1897 41
1898 55
1899 37
1900 56
1901 35
1902 66
1903 24
1904 68
1905 44
1906 42
1907 51
1908 38
1909 48
1910 39
1911 105
1912 36
1913 43
1914 53
1915 37
1916 99
1917 27
1918 95
1919 23
1920 41
1921 60
1922 27
1923 45
1924 59
1925 37
1926 42
1927 53
1928 41
1929 54
1930 39
1931 58
1932 35
1933 52
1934 43
1935 53
1936 52
1937 100
1938 15
1939 34
1940 45
1941 29
1942 48
1943 50
1944 45
1945 94
1946 28
1947 65
1948 20
1949 101
1950 39
1951 42
1952 66
1953 28
1954 54
1955 67
1956 31
1957 60
1958 63
1959 39
1960 68
1961 24
1962 97
1963 21
1964 37
1965 38
1966 30
1967 70
1968 47
1969 29
1970 101
1971 32
1972 41
1973 98
1974 28
1975 68
1976 38
1977 50
1978 70
1979 33
1980 65
1981 31
1982 65
1983 30
1984 98
1985 30
1986 47
1987 34
1988 61
1989 36
1990 40
1991 101
1992 38
1993 37
1994 69
1995 34
1996 65
1997 46
1998 40
1999 48
2000 33
2001 90
2002 54
2003 30
2004 112
2005 33
2006 39
2007 59
2008 33
2009 70
2010 30
2011 44
2012 33
2013 42
2014 57
2015 40
2016 47
2017 18
2018 35
2019 54
2020 37
2021 38
2022 121
2023 54
2024 38
2025 98
2026 37
2027 37
2028 55
2029 37
2030 108
2031 42
2032 48
2033 103
2034 27
2035 45
2036 50
2037 44
2038 54
2039 30
2040 45
2041 31
2042 56
2043 51
2044 30
2045 61
2046 27
2047 65
2048 58
2049 32
2050 43
2051 30
2052 44
2053 106
2054 49
2055 42
2056 58
2057 28
2058 108
2059 66
2060 33
2061 69
2062 59
2063 32
2064 59
2065 48
2066 40
2067 65
2068 53
2069 39
2070 104
2071 48
2072 46
2073 52
2074 41
2075 57
2076 41
2077 60
2078 40
2079 56
2080 33
2081 39
2082 43
2083 94
2084 38
2085 40
2086 59
2087 32
2088 102
2089 28
2090 105
2091 31
2092 68
2093 51
2094 56
2095 45
2096 41
2097 47
2098 28
2099 64
2100 31
2101 59
2102 37
2103 99
2104 30
2105 104
2106 34
2107 45
2108 28
2109 47
2110 47
2111 34
2112 57
2113 34
2114 41
2115 41
2116 43
2117 89
2118 38
2119 58
2120 41
2121 57
2122 50
2123 105
2124 47
2125 66
2126 52
2127 38
2128 56
2129 32
2130 38
2131 44
2132 37
2133 62
2134 47
2135 65
2136 48
2137 68
2138 40
2139 50
2140 64
2141 33
2142 56
2143 47
2144 34
2145 59
2146 49
2147 66
2148 39
2149 57
2150 44
2151 102
2152 35
2153 38
2154 56
2155 34
2156 45
2157 63
2158 41
2159 102
2160 53
2161 45
2162 52
2163 32
2164 58
2165 59
2166 33
2167 97
2168 29
2169 43
2170 36
2171 33
2172 48
2173 103
2174 34
2175 41
2176 46
2177 44
2178 57
2179 35
2180 65
2181 25
2182 37
2183 55
2184 27
2185 88
2186 54
2187 42
2188 47
2189 43
2190 107
2191 45
2192 42
2193 44
2194 43
2195 61
2196 38
2197 101
2198 28
2199 47
2200 46
2201 33
2202 38
2203 27
2204 43
2205 45
2206 106
2207 27
2208 41
2209 59
2210 39
2211 101
2212 45
2213 49
2214 65
2215 38
2216 101
2217 30
2218 33
2219 50
2220 42
2221 67
2222 39
2223 53
2224 30
2225 108
2226 44
2227 36
2228 49
2229 46
2230 47
2231 56
2232 24
2233 100
2234 33
2235 33
2236 55
2237 29
2238 91
2239 33
2240 39
2241 47
2242 35
2243 58
2244 39
2245 26
2246 63
2247 22
2248 39
2249 38
2250 38
2251 49
2252 41
2253 51
2254 31
2255 56
2256 45
2257 41
2258 54
2259 27
2260 104
2261 29
2262 70
2263 22
2264 44
2265 39
2266 32
2267 67
2268 26
2269 41
2270 53
2271 24
2272 31
2273 69
2274 46
2275 32
2276 96
2277 35
2278 35
2279 92
2280 32
2281 38
2282 55
2283 36
2284 60
2285 39
2286 58
2287 34
2288 61
2289 29
2290 66
2291 29
2292 42
2293 57
2294 30
2295 47
2296 29
2297 37
2298 54
2299 23
2300 99
2301 46
2302 36
2303 49
2304 44
2305 55
2306 49
2307 97
2308 38
2309 44
2310 34
2311 28
2312 90
2313 40
2314 33
2315 41
2316 32
2317 37
2318 24
2319 39
2320 50
2321 37
2322 99
2323 38
2324 39
2325 50
2326 33
2327 47
2328 33
2329 41
2330 56
2331 26
2332 38
2333 48
2334 42
2335 98
2336 34
2337 39
2338 50
2339 36
2340 101
2341 29
2342 47
2343 43
2344 42
2345 48
2346 41
2347 41
2348 25
2349 67
2350 27
2351 49
2352 53
2353 28
2354 42
2355 63
2356 23
2357 42
2358 60
2359 44
2360 33
2361 45
2362 37
2363 43
2364 29
2365 62
2366 25
2367 94
2368 34
2369 36
2370 56
2371 27
2372 45
2373 53
2374 27
2375 94
2376 27
2377 99
2378 36
2379 31
2380 94
2381 38
2382 32
2383 109
2384 47
2385 40
2386 42
2387 41
2388 45
2389 50
2390 20
2391 64
2392 39
2393 39
2394 59
2395 47
2396 66
2397 45
2398 48
2399 42
2400 45
2401 40
2402 24
2403 63
2404 57
2405 28
2406 103
2407 36
2408 47
2409 53
2410 32
2411 49
2412 41
2413 43
2414 66
2415 33
2416 65
2417 47
2418 101
2419 57
2420 38
2421 33
2422 51
2423 57
2424 35
2425 48
2426 55
2427 34
2428 56
2429 29
2430 49
2431 67
2432 34
2433 106
2434 42
2435 44
2436 41
2437 39
2438 41
2439 43
2440 24
2441 46
2442 63
2443 63
2444 68
2445 45
2446 38
2447 108
2448 48
2449 49
2450 101
2451 41
2452 40
2453 63
2454 60
2455 32
2456 103
2457 34
2458 46
2459 57
2460 31
2461 40
2462 69
2463 44
2464 35
2465 58
2466 39
2467 100
2468 52
2469 43
2470 45
2471 24
2472 99
2473 30
2474 100
2475 26
2476 56
2477 30
2478 27
2479 63
2480 51
2481 48
2482 33
2483 50
2484 49
2485 67
2486 38
2487 108
2488 37
2489 45
2490 38
2491 41
2492 52
2493 28
2494 37
2495 47
2496 25
2497 60
2498 46
2499 41
2500 96
2501 25
2502 50
2503 43
2504 37
2505 68
2506 23
2507 42
2508 46
2509 21
2510 54
2511 33
2512 56
2513 29
2514 35
2515 62
2516 41
2517 43
2518 44
2519 38
2520 59
2521 34
2522 100
2523 25
2524 65
2525 49
2526 36
2527 52
2528 36
2529 55
2530 30
2531 49
2532 54
2533 38
2534 62
2535 19
2536 96
2537 37
2538 38
2539 62
2540 35
2541 65
2542 35
2543 40
2544 62
2545 20
2546 37
2547 58
2548 41
2549 39
2550 45
2551 33
2552 53
2553 41
2554 60
2555 27
2556 53
2557 34
2558 44
2559 40
2560 37
2561 51
2562 27
2563 48
2564 26
2565 56
2566 42
2567 38
2568 62
2569 34
2570 98
2571 26
2572 95
2573 27
2574 66
2575 41
2576 49
2577 44
2578 37
2579 93
2580 40
2581 34
2582 94
2583 23
2584 56
2585 46
2586 38
2587 106
2588 44
2589 38
2590 100
2591 23
2592 57
2593 45
2594 36
2595 41
2596 40
2597 96
2598 37
2599 27
2600 100
2601 38
2602 36
2603 59
2604 23
2605 36
2606 55
2607 33
2608 38
2609 96
2610 36
2611 37
2612 50
2613 26
2614 103
2615 37
2616 34
2617 63
2618 37
2619 34
2620 60
2621 36
2622 60
2623 19
2624 62
2625 40
2626 37
2627 38
2628 35
2629 68
2630 40
2631 35
2632 39
2633 25
2634 99
2635 43
2636 35
2637 93
2638 36
2639 32
2640 57
2641 24
2642 64
2643 34
2644 42
2645 66
2646 25
2647 56
2648 39
2649 42
2650 59
2651 39
2652 67
2653 38
2654 40
2655 62
2656 39
2657 63
2658 29
2659 98
2660 25
2661 52
2662 42
2663 37
2664 52
2665 34
2666 51
2667 34
2668 56
2669 39
2670 65
2671 33
2672 37
2673 64
2674 22
2675 46
2676 55
2677 35
2678 67
2679 29
2680 42
2681 52
2682 41
2683 69
2684 43
2685 40
2686 53
2687 32
2688 108
2689 49
2690 30
2691 56
2692 27
2693 35
2694 51
2695 29
2696 53
2697 33
2698 100
2699 25
2700 43
2701 48
2702 35
2703 58
2704 37
2705 40
2706 67
2707 31
2708 38
2709 58
2710 26
2711 103
2712 48
2713 26
2714 98
2715 42
2716 39
2717 59
2718 23
2719 48
2720 41
2721 39
2722 61
2723 28
2724 57
2725 24
2726 57
2727 47
2728 45
2729 54
2730 32
2731 91
2732 37
2733 37
2734 49
2735 30
2736 92
2737 37
2738 34
2739 53
2740 35
2741 91
2742 37
2743 36
2744 62
2745 39
2746 40
2747 46
2748 34
2749 63
2750 33
2751 38
2752 47
2753 31
2754 98
2755 46
2756 40
2757 67
2758 39
2759 37
2760 59
2761 28
2762 45
2763 36
2764 36
2765 99
2766 44
2767 28
2768 99
2769 37
2770 35
2771 54
2772 27
2773 61
2774 33
2775 37
2776 47
2777 27
2778 70
2779 46
2780 39
2781 55
2782 35
2783 38
2784 59
2785 32
2786 39
2787 55
2788 33
2789 98
2790 36
2791 38
2792 52
2793 30
2794 107
2795 35
2796 34
2797 108
2798 42
2799 42
2800 58
2801 28
2802 98
2803 45
2804 37
2805 102
2806 40
2807 59
2808 46
2809 33
2810 51
2811 30
2812 101
2813 42
2814 40
2815 60
2816 42
2817 44
2818 67
2819 29
2820 70
2821 22
2822 65
2823 31
2824 42
2825 70
2826 30
2827 41
2828 54
2829 37
2830 54
2831 40
2832 39
2833 50
2834 36
2835 93
2836 36
2837 38
2838 96
2839 29
2840 102
2841 22
2842 44
2843 53
2844 24
2845 31
2846 60
2847 27
2848 108
2849 44
2850 92
2851 21
2852 65
2853 44
2854 47
2855 105
2856 52
2857 50
2858 94
2859 20
2860 102
2861 37
2862 43
2863 61
2864 26
2865 34
2866 115
2867 44
2868 45
2869 102
2870 25
2871 27
2872 105
2873 50
2874 22
2875 63
2876 58
2877 39
2878 68
2879 28
2880 49
2881 64
2882 38
2883 99
2884 33
2885 61
2886 31
2887 26
2888 65
2889 36
2890 47
2891 93
2892 22
2893 70
2894 32
2895 61
2896 21
2897 62
2898 52
2899 41
2900 39
2901 47
2902 59
2903 22
2904 38
2905 58
2906 42
2907 39
2908 52
2909 42
2910 59
2911 33
2912 93
2913 32
2914 69
2915 43
2916 48
2917 53
2918 43
2919 33
2920 99
2921 33
2922 47
2923 34
2924 38
2925 46
2926 50
2927 97
2928 40
2929 44
2930 52
2931 45
2932 69
2933 35
2934 107
2935 43
2936 48
2937 57
2938 42
2939 103
2940 55
2941 37
2942 60
2943 34
2944 102
2945 49
2946 35
2947 64
2948 30
2949 47
2950 40
2951 43
2952 62
2953 29
2954 53
2955 35
2956 47
2957 101
2958 40
2959 35
2960 34
2961 39
2962 109
2963 28
2964 41
2965 66
2966 47
2967 50
2968 58
2969 38
2970 101
2971 38
2972 40
2973 46
2974 32
2975 94
2976 25
2977 37
2978 47
2979 36
2980 70
2981 35
2982 39
2983 43
2984 37
2985 68
2986 24
2987 35
2988 45
2989 36
2990 31
2991 22
2992 48
2993 27
2994 53
2995 39
2996 53
2997 32
2998 69
2999 26
3000 102
3001 27
3002 101
3003 44
3004 36
3005 56
3006 39
3007 100
3008 39
3009 40
3010 42
3011 37
3012 69
3013 25
3014 95
3015 47
3016 37
3017 98
3018 39
3019 32
3020 42
3021 39
3022 59
3023 36
3024 103
3025 50
3026 39
3027 53
3028 31
3029 96
3030 48
3031 40
3032 52
3033 25
3034 54
3035 42
3036 34
3037 95
3038 34
3039 34
3040 58
3041 31
3042 100
3043 39
3044 38
3045 41
3046 39
3047 40
3048 41
3049 45
3050 34
3051 65
3052 27
3053 38
3054 98
3055 37
3056 39
3057 95
3058 43
3059 57
3060 39
3061 33
3062 56
3063 25
3064 32
3065 48
3066 38
3067 65
3068 27
3069 98
3070 24
3071 64
3072 46
3073 46
3074 40
3075 46
3076 42
3077 55
3078 27
3079 97
3080 43
3081 36
3082 50
3083 25
3084 37
3085 65
3086 45
3087 36
3088 93
3089 34
3090 33
3091 98
3092 35
3093 37
3094 52
3095 23
3096 56
3097 40
3098 99
3099 26
3100 66
3101 25
3102 98
3103 38
3104 37
3105 55
3106 27
3107 51
3108 46
3109 39
3110 97
3111 30
3112 43
3113 52
3114 26
3115 101
3116 41
3117 33
3118 100
3119 39
3120 36
3121 50
3122 26
3123 51
3124 44
3125 38
3126 99
3127 37
3128 27
3129 67
3130 42
3131 64
3132 36
3133 96
3134 25
3135 96
3136 36
3137 34
3138 41
3139 36
3140 64
3141 28
3142 97
3143 38
3144 40
3145 54
3146 25
3147 46
3148 49
3149 39
3150 69
3151 38
3152 37
3153 48
3154 25
3155 100
3156 32
3157 36
3158 57
3159 25
3160 98
3161 33
3162 43
3163 64
3164 24
3165 95
3166 43
3167 36
3168 92
3169 24
3170 91
3171 41
3172 41
3173 66
3174 24
3175 45
3176 49
3177 35
3178 46
3179 39
3180 53
3181 38
3182 53
3183 22
3184 37
3185 47
3186 21
3187 41
3188 38
3189 36
3190 68
3191 23
3192 62
3193 41
3194 26
3195 111
3196 34
3197 43
3198 60
3199 21
3200 94
3201 41
3202 37
3203 68
3204 24
3205 37
3206 52
3207 37
3208 70
3209 22
3210 46
3211 41
3212 40
3213 62
3214 22
3215 37
3216 62
3217 27
3218 38
3219 53
3220 29
3221 36
3222 56
3223 29
3224 41
3225 42
3226 37
3227 65
3228 26
3229 100
3230 35
3231 41
3232 88
3233 27
3234 106
3235 40
3236 30
3237 45
3238 26
3239 99
3240 34
3241 47
3242 38
3243 49
3244 46
3245 40
3246 56
3247 34
3248 38
3249 63
3250 40
3251 45
3252 53
3253 28
3254 66
3255 65
3256 31
3257 102
3258 24
3259 100
3260 33
3261 30
3262 95
3263 41
3264 28
3265 64
3266 28
3267 36
3268 65
3269 32
3270 31
3271 57
3272 28
3273 49
3274 36
3275 37
3276 102
3277 22
3278 43
3279 54
3280 32
3281 57
3282 56
3283 31
3284 67
3285 25
3286 92
3287 44
3288 35
3289 51
3290 36
3291 104
3292 42
3293 41
3294 98
3295 28
3296 45
3297 44
3298 32
3299 92
3300 22
3301 43
3302 51
3303 38
3304 96
3305 32
3306 36
3307 38
3308 27
3309 41
3310 52
3311 26
3312 46
3313 55
3314 25
3315 69
3316 39
3317 45
3318 59
3319 40
3320 33
3321 23
3322 107
3323 45
3324 34
3325 102
3326 52
3327 34
3328 96
3329 35
3330 39
3331 68
3332 36
3333 51
3334 49
3335 67
3336 39
3337 45
3338 47
3339 67
3340 33
3341 54
3342 55
3343 33
3344 34
3345 49
3346 60
3347 30
3348 42
3349 52
3350 33
3351 102
3352 25
3353 109
3354 50
3355 61
3356 50
3357 47
3358 45
3359 58
3360 38
3361 64
3362 35
3363 43
3364 43
3365 37
3366 69
3367 53
3368 38
3369 66
3370 34
3371 101
3372 40
3373 50
3374 67
3375 18
3376 98
3377 53
3378 50
3379 61
3380 37
3381 98
3382 49
3383 41
3384 58
3385 47
3386 105
3387 29
3388 43
3389 97
3390 38
3391 102
3392 26
3393 90
3394 54
3395 42
3396 65
3397 43
3398 102
3399 40
3400 50
3401 28
3402 51
3403 63
3404 41
3405 70
3406 45
3407 46
3408 57
3409 30
3410 67
3411 37
3412 39
3413 29
3414 58
3415 47
3416 35
3417 96
3418 36
3419 33
3420 51
3421 32
3422 104
3423 47
3424 46
3425 66
3426 33
3427 63
3428 22
3429 29
3430 39
3431 39
3432 60
3433 47
3434 20
3435 58
3436 58
3437 40
3438 66
3439 28
3440 59
3441 53
3442 31
3443 69
3444 55
3445 35
3446 99
3447 33
3448 49
3449 104
3450 44
3451 44
3452 69
3453 37
3454 106
3455 20
3456 107
3457 31
3458 65
3459 43
3460 25
3461 57
3462 56
3463 40
3464 94
3465 38
3466 39
3467 64
3468 38
3469 37
3470 58
3471 31
3472 92
3473 41
3474 39
3475 55
3476 27
3477 42
3478 52
3479 39
3480 110
3481 40
3482 37
3483 40
3484 36
3485 39
3486 27
3487 33
3488 55
3489 37
3490 33
3491 97
3492 29
3493 34
3494 52
3495 29
3496 64
3497 53
3498 33
3499 64
3500 50
3501 31
3502 47
3503 24
3504 67
3505 38
3506 45
3507 43
3508 38
3509 96
3510 40
3511 44
3512 50
3513 28
3514 67
3515 31
3516 40
3517 49
3518 25
3519 37
3520 36
3521 39
3522 38
3523 38
3524 70
3525 26
3526 47
3527 55
3528 38
3529 69
3530 41
3531 32
3532 93
3533 44
3534 41
3535 57
3536 27
3537 38
3538 70
3539 24
3540 46
3541 36
3542 38
3543 100
3544 21
3545 40
3546 45
3547 40
3548 94
3549 25
3550 47
3551 41
3552 39
3553 58
3554 26
3555 50
3556 41
3557 26
3558 66
3559 43
3560 40
3561 92
3562 33
3563 40
3564 96
3565 26
3566 34
3567 98
3568 45
3569 33
3570 103
3571 36
3572 32
3573 48
3574 31
3575 69
3576 43
3577 32
3578 61
3579 26
3580 60
3581 44
3582 38
3583 62
3584 22
3585 42
3586 69
3587 23
3588 69
3589 23
3590 95
3591 36
3592 40
3593 33
3594 38
3595 65
3596 31
3597 36
3598 101
3599 34
3600 37
3601 59
3602 23
3603 51
3604 49
3605 39
3606 53
3607 25
3608 39
3609 47
3610 47
3611 95
3612 22
3613 37
3614 41
3615 27
3616 99
3617 32
3618 35
3619 61
3620 25
3621 93
3622 37
3623 26
3624 65
3625 23
3626 39
3627 68
3628 27
3629 67
3630 25
3631 99
3632 43
3633 39
3634 52
3635 34
3636 96
3637 38
3638 40
3639 98
3640 44
3641 33
3642 60
3643 51
3644 27
3645 69
3646 49
3647 25
3648 62
3649 52
3650 30
3651 70
3652 58
3653 43
3654 31
3655 46
3656 49
3657 45
3658 62
3659 49
3660 105
3661 22
3662 48
3663 57
3664 52
3665 104
3666 44
3667 39
3668 101
3669 29
3670 59
3671 59
3672 36
3673 98
3674 56
3675 52
3676 41
3677 36
3678 51
3679 28
3680 54
3681 26
3682 63
3683 52
3684 39
3685 60
3686 25
3687 61
3688 54
3689 36
3690 103
3691 33
3692 97
3693 53
3694 57
3695 44
3696 43
3697 53
3698 22
3699 49
3700 104
3701 28
3702 38
3703 53
3704 30
3705 57
3706 28
3707 107
3708 51
3709 29
3710 38
3711 43
3712 37
3713 97
3714 27
3715 45
3716 59
3717 20
3718 41
3719 52
3720 35
3721 101
3722 36
3723 38
3724 63
3725 26
3726 55
3727 43
3728 34
3729 60
3730 26
3731 70
3732 54
3733 27
3734 64
3735 43
3736 38
3737 59
3738 29
3739 36
3740 67
3741 18
3742 59
3743 54
3744 38
3745 98
3746 28
3747 60
3748 41
3749 68
3750 25
3751 62
3752 26
3753 98
3754 39
3755 36
3756 49
3757 25
3758 100
3759 38
3760 41
3761 40
3762 28
3763 41
3764 58
3765 28
3766 95
3767 47
3768 38
3769 53
3770 34
3771 39
3772 60
3773 27
3774 98
3775 41
3776 42
3777 43
3778 33
3779 106
3780 36
3781 41
3782 45
3783 34
3784 103
3785 40
3786 27
3787 106
3788 39
3789 41
3790 42
3791 42
3792 53
3793 36
3794 68
3795 33
3796 45
3797 38
3798 37
3799 94
3800 21
3801 42
3802 55
3803 38
3804 97
3805 38
3806 36
3807 48
3808 38
3809 64
3810 26
3811 110
3812 24
3813 50
3814 52
3815 38
3816 97
3817 40
3818 37
3819 46
3820 27
3821 42
3822 35
3823 23
3824 61
3825 39
3826 39
3827 65
3828 23
3829 41
3830 39
3831 32
3832 43
3833 25
3834 50
3835 46
3836 36
3837 64
3838 26
3839 44
3840 63
3841 24
3842 35
3843 54
3844 44
3845 39
3846 68
3847 27
3848 48
3849 58
3850 33
3851 59
3852 38
3853 102
3854 36
3855 68
3856 32
3857 98
3858 44
3859 39
3860 42
3861 38
3862 103
3863 26
3864 54
3865 49
3866 59
3867 59
3868 38
3869 55
3870 38
3871 104
3872 48
3873 44
3874 57
3875 25
3876 68
3877 33
3878 43
3879 97
3880 28
3881 68
3882 40
3883 43
3884 52
3885 33
3886 41
3887 46
3888 100
3889 31
3890 95
3891 31
3892 65
3893 50
3894 32
3895 105
3896 58
3897 37
3898 93
3899 36
3900 32
3901 98
3902 29
3903 59
3904 50
3905 39
3906 58
3907 38
3908 68
3909 31
3910 63
3911 33
3912 59
3913 41
3914 40
3915 49
3916 35
3917 101
3918 54
3919 36
3920 54
3921 39
3922 56
3923 31
3924 106
3925 40
3926 48
3927 107
3928 55
3929 98
3930 30
3931 99
3932 21
3933 70
3934 31
3935 45
3936 99
3937 30
3938 94
3939 36
3940 45
3941 48
3942 19
3943 103
3944 41
3945 34
3946 61
3947 36
3948 42
3949 61
3950 29
3951 54
3952 61
3953 38
3954 47
3955 48
3956 94
3957 29
3958 106
3959 38
3960 43
3961 60
3962 33
3963 100
3964 36
3965 40
3966 56
3967 29
3968 66
3969 29
3970 62
3971 32
3972 36
3973 41
3974 30
3975 99
3976 33
3977 41
3978 51
3979 55
3980 50
3981 42
3982 40
3983 52
3984 25
3985 53
3986 40
3987 42
3988 55
3989 27
3990 87
3991 53
3992 36
3993 58
3994 25
3995 99
3996 40
3997 36
3998 58
3999 25
4000 50
4001 47
4002 39
4003 96
4004 29
4005 43
4006 50
4007 35
4008 67
4009 23
4010 43
4011 61
4012 37
4013 65
4014 24
4015 105
4016 26
4017 57
4018 28
4019 39
4020 48
4021 40
4022 67
4023 25
4024 50
4025 54
4026 34
4027 96
4028 24
4029 39
4030 95
4031 35
4032 39
4033 35
4034 39
4035 40
4036 22
4037 48
4038 49
4039 34
4040 70
4041 32
4042 37
4043 64
4044 35
4045 37
4046 57
4047 25
4048 93
4049 41
4050 38
4051 43
4052 39
4053 61
4054 24
4055 94
4056 35
4057 37
4058 59
4059 35
4060 105
4061 23
4062 61
4063 34
4064 42
4065 45
4066 34
4067 69
4068 38
4069 21
4070 48
4071 59
4072 24
4073 93
4074 21
4075 96
4076 39
4077 35
4078 48
4079 33
4080 55
4081 54
4082 20
4083 50
4084 34
4085 63
4086 24
4087 32
4088 62
4089 38
4090 93
4091 34
4092 68
4093 33
4094 101
4095 51
4096 100
4097 49
4098 58
4099 51
4100 49
4101 107
4102 46
4103 35
4104 49
4105 23
4106 35
4107 52
4108 49
4109 33
4110 102
4111 38
4112 48
4113 104
4114 38
4115 35
4116 70
4117 45
4118 43
4119 62
4120 45
4121 69
4122 40
4123 111
4124 27
4125 39
4126 26
4127 44
4128 64
4129 25
4130 46
4131 51
4132 41
4133 39
4134 37
4135 53
4136 56
4137 54
4138 55
4139 44
4140 70
4141 38
4142 60
4143 38
4144 37
4145 94
4146 34
4147 63
4148 35
4149 107
4150 31
4151 99
4152 41
4153 51
4154 67
4155 36
4156 101
4157 30
4158 69
4159 52
4160 39
4161 64
4162 32
4163 48
4164 96
4165 38
4166 50
4167 61
4168 28
4169 96
4170 28
4171 41
4172 100
4173 34
4174 52
4175 60
4176 28
4177 61
4178 65
4179 41
4180 50
4181 26
4182 24
4183 64
4184 22
4185 43
4186 59
4187 32
4188 58
4189 46
4190 63
4191 43
4192 44
4193 109
4194 26
4195 108
4196 40
4197 41
4198 52
4199 27
4200 47
4201 30
4202 52
4203 33
4204 66
4205 54
4206 27
4207 122
4208 66
4209 36
4210 43
4211 32
4212 92
4213 43
4214 65
4215 40
4216 56
4217 35
4218 65
4219 36
4220 61
4221 25
4222 110
4223 49
4224 45
4225 63
4226 24
4227 106
4228 43
4229 41
4230 54
4231 46
4232 109
4233 28
4234 49
4235 67
4236 39
4237 115
4238 43
4239 49
4240 59
4241 35
4242 30
4243 104
4244 31
4245 46
4246 41
4247 26
4248 48
4249 58
4250 30
4251 106
4252 32
4253 46
4254 69
4255 50
4256 99
4257 25
4258 43
4259 38
4260 66
4261 46
4262 40
4263 62
4264 31
4265 52
4266 37
4267 108
4268 24
4269 39
4270 69
4271 32
4272 116
4273 26
4274 45
4275 46
4276 33
4277 39
4278 51
4279 39
4280 57
4281 55
4282 37
4283 100
4284 25
4285 43
4286 56
4287 33
4288 43
4289 51
4290 32
4291 52
4292 38
4293 46
4294 68
4295 23
4296 37
4297 40
4298 37
4299 63
4300 34
4301 36
4302 99
4303 37
4304 109
4305 51
4306 35
4307 51
4308 55
4309 37
4310 103
4311 52
4312 59
4313 45
4314 40
4315 61
4316 26
4317 105
4318 39
4319 40
4320 60
4321 30
4322 99
4323 40
4324 39
4325 40
4326 38
4327 40
4328 33
4329 98
4330 40
4331 43
4332 44
4333 29
4334 98
4335 38
4336 28
4337 39
4338 35
4339 35
4340 96
4341 30
4342 61
4343 33
4344 45
4345 53
4346 35
4347 57
4348 27
4349 93
4350 48
4351 38
4352 51
4353 29
4354 97
4355 45
4356 40
4357 48
4358 26
4359 95
4360 30
4361 42
4362 69
4363 34
4364 45
4365 51
4366 34
4367 97
4368 35
4369 36
4370 50
4371 24
4372 56
4373 45
4374 24
4375 95
4376 29
4377 101
4378 40
4379 39
4380 100
4381 33
4382 39
4383 51
4384 27
4385 105
4386 45
4387 37
4388 55
4389 27
4390 50
4391 42
4392 26
4393 50
4394 61
4395 29
4396 42
4397 51
4398 25
4399 45
4400 63
4401 24
4402 48
4403 50
4404 41
4405 67
4406 27
4407 48
4408 50
4409 39
4410 57
4411 25
4412 38
4413 34
4414 31
4415 94
4416 22
4417 42
4418 54
4419 39
4420 96
4421 36
4422 39
4423 51
4424 39
4425 96
4426 26
4427 37
4428 48
4429 41
4430 98
4431 33
4432 37
4433 69
4434 32
4435 43
4436 98
4437 48
4438 36
4439 97
4440 45
4441 26
4442 46
4443 58
4444 25
4445 55
4446 56
4447 23
4448 35
4449 56
4450 31
4451 94
4452 37
4453 34
4454 49
4455 28
4456 96
4457 35
4458 45
4459 66
4460 28
4461 39
4462 54
4463 37
4464 111
4465 47
4466 43
4467 47
4468 35
4469 43
4470 36
4471 64
4472 27
4473 104
4474 51
4475 29
4476 99
4477 34
4478 52
4479 47
4480 49
4481 46
4482 40
4483 37
4484 33
4485 65
4486 44
4487 47
4488 48
4489 40
4490 55
4491 31
4492 38
4493 45
4494 38
4495 51
4496 33
4497 52
4498 62
4499 22
4500 59
4501 56
4502 40
4503 100
4504 47
4505 32
4506 69
4507 29
4508 99
4509 24
4510 107
4511 29
4512 62
4513 28
4514 51
4515 35
4516 48
4517 68
4518 46
4519 37
4520 53
4521 44
4522 39
4523 30
4524 65
4525 48
4526 45
4527 56
4528 37
4529 69
4530 30
4531 58
4532 53
4533 43
4534 69
4535 25
4536 50
4537 34
4538 49
4539 67
4540 52
4541 43
4542 65
4543 39
4544 69
4545 42
4546 33
4547 69
4548 47
4549 46
4550 55
4551 37
4552 31
4553 35
4554 67
4555 58
4556 34
4557 61
4558 25
4559 109
4560 29
4561 67
4562 46
4563 45
4564 98
4565 54
4566 53
4567 64
4568 37
4569 57
4570 25
4571 41
4572 55
4573 32
4574 99
4575 58
4576 38
4577 55
4578 38
4579 68
4580 37
4581 60
4582 60
4583 46
4584 112
4585 35
4586 42
4587 31
4588 39
4589 40
4590 37
4591 60
4592 34
4593 45
4594 105
4595 55
4596 98
4597 45
4598 61
4599 43
4600 44
4601 53
4602 36
4603 66
4604 27
4605 94
4606 24
4607 40
4608 68
4609 35
4610 26
4611 46
4612 41
4613 47
4614 40
4615 42
4616 36
4617 53
4618 32
4619 60
4620 27
4621 102
4622 40
4623 69
4624 39
4625 37
4626 95
4627 46
4628 29
4629 48
4630 52
4631 65
4632 37
4633 68
4634 36
4635 97
4636 35
4637 95
4638 42
4639 61
4640 25
4641 44
4642 35
4643 42
4644 46
4645 28
4646 58
4647 54
4648 29
4649 96
4650 22
4651 49
4652 38
4653 40
4654 36
4655 27
4656 53
4657 24
4658 26
4659 57
4660 37
4661 44
4662 47
4663 31
4664 62
4665 48
4666 36
4667 109
4668 33
4669 68
4670 38
4671 55
4672 34
4673 57
4674 51
4675 37
4676 51
4677 31
4678 101
4679 44
4680 36
4681 103
4682 31
4683 52
4684 20
4685 106
4686 41
4687 41
4688 69
4689 47
4690 48
4691 60
4692 41
4693 39
4694 29
4695 44
4696 31
4697 51
4698 41
4699 27
4700 62
4701 61
4702 40
4703 96
4704 20
4705 42
4706 103
4707 49
4708 48
4709 57
4710 33
4711 63
4712 42
4713 38
4714 49
4715 25
4716 102
4717 32
4718 33
4719 97
4720 40
4721 36
4722 47
4723 39
4724 48
4725 30
4726 96
4727 26
4728 95
4729 42
4730 36
4731 42
4732 36
4733 61
4734 33
4735 37
4736 54
4737 24
4738 45
4739 52
4740 35
4741 90
4742 42
4743 39
4744 105
4745 47
4746 42
4747 98
4748 50
4749 43
4750 65
4751 48
4752 28
4753 98
4754 46
4755 34
4756 48
4757 30
4758 102
4759 33
4760 33
4761 104
4762 39
4763 30
4764 92
4765 46
4766 36
4767 67
4768 26
4769 55
4770 39
4771 40
4772 44
4773 37
4774 62
4775 22
4776 47
4777 56
4778 23
4779 42
4780 57
4781 44
4782 96
4783 33
4784 37
4785 50
4786 23
4787 34
4788 61
4789 20
4790 40
4791 48
4792 30
4793 96
4794 48
4795 43
4796 63
4797 50
4798 24
4799 38
4800 49
4801 24
4802 54
4803 55
4804 25
4805 35
4806 65
4807 22
4808 27
4809 93
4810 25
4811 48
4812 31
4813 37
4814 59
4815 28
4816 59
4817 41
4818 39
4819 64
4820 25
4821 63
4822 42
4823 40
4824 93
4825 35
4826 40
4827 49
4828 43
4829 103
4830 35
4831 39
4832 95
4833 35
4834 36
4835 65
4836 30
4837 96
4838 38
4839 40
4840 50
4841 36
4842 104
4843 52
4844 40
4845 64
4846 37
4847 51
4848 33
4849 25
4850 40
4851 47
4852 28
4853 68
4854 45
4855 43
4856 104
4857 30
4858 64
4859 44
4860 50
4861 98
4862 69
4863 60
4864 39
4865 44
4866 103
4867 29
4868 39
4869 34
4870 50
4871 102
4872 30
4873 54
4874 41
4875 38
4876 61
4877 33
4878 44
4879 42
4880 48
4881 103
4882 47
4883 47
4884 46
4885 38
4886 69
4887 22
4888 33
4889 52
4890 28
4891 59
4892 35
4893 57
4894 24
4895 93
4896 26
4897 37
4898 60
4899 41
4900 41
4901 64
4902 24
4903 94
4904 41
4905 37
4906 64
4907 26
4908 49
4909 35
4910 37
4911 101
4912 41
4913 33
4914 93
4915 38
4916 39
4917 96
4918 30
4919 68
4920 38
4921 35
4922 51
4923 26
4924 51
4925 54
4926 28
4927 48
4928 48
4929 40
4930 68
4931 23
4932 44
4933 43
4934 36
4935 57
4936 30
4937 95
4938 45
4939 39
4940 58
4941 26
4942 103
4943 34
4944 35
4945 48
4946 37
4947 96
4948 26
4949 34
4950 95
4951 25
4952 99
4953 24
4954 41
4955 54
4956 24
4957 41
4958 44
4959 36
4960 58
4961 34
4962 42
4963 47
4964 35
4965 94
4966 50
4967 35
4968 99
4969 24
4970 96
4971 32
4972 34
4973 86
4974 35
4975 101
4976 33
4977 40
4978 35
4979 50
4980 53
4981 49
4982 53
4983 49
4984 66
4985 35
4986 96
4987 19
4988 49
4989 21
4990 106
4991 40
4992 36
4993 101
4994 40
4995 45
4996 70
4997 39
4998 52
4999 29
5000 38
5001 56
5002 23
5003 51
5004 31
5005 96
5006 35
5007 66
5008 38
5009 53
5010 32
5011 68
5012 42
5013 46
5014 46
5015 49
5016 63
5017 31
5018 48
5019 46
5020 28
5021 31
5022 49
5023 37
5024 100
5025 34
5026 41
5027 69
5028 39
5029 70
5030 33
5031 68
5032 34
5033 69
5034 38
5035 101
5036 32
5037 59
5038 35
5039 50
5040 69
5041 39
5042 60
5043 31
5044 47
5045 32
5046 70
5047 39
5048 42
5049 42
5050 37
5051 93
5052 30
5053 93
5054 30
5055 99
5056 47
5057 44
5058 49
5059 31
5060 97
5061 42
5062 37
5063 46
5064 31
5065 109
5066 38
5067 60
5068 68
5069 39
5070 68
5071 37
5072 40
5073 53
5074 30
5075 69
5076 52
5077 30
5078 54
5079 25
5080 51
5081 36
5082 34
5083 57
5084 32
5085 40
5086 66
5087 31
5088 103
5089 28
5090 47
5091 41
5092 56
5093 60
5094 40
5095 67
5096 28
5097 43
5098 63
5099 38
5100 46
5101 56
5102 35
5103 108
5104 18
5105 56
5106 43
5107 43
5108 56
5109 41
5110 59
5111 42
5112 64
5113 49
5114 66
5115 31
5116 62
5117 14
5118 101
5119 40
5120 20
5121 63
5122 34
5123 44
5124 29
5125 40
5126 67
5127 26
5128 46
5129 35
5130 47
5131 54
5132 52
5133 44
5134 40
5135 101
5136 45
5137 106
5138 38
5139 46
5140 46
5141 45
5142 109
5143 33
5144 105
5145 29
5146 101
5147 36
5148 41
5149 65
5150 31
5151 67
5152 25
5153 93
5154 60
5155 37
5156 107
5157 22
5158 48
5159 68
5160 51
5161 40
5162 104
5163 42
5164 43
5165 53
5166 30
5167 69
5168 34
5169 42
5170 28
5171 101
5172 50
5173 38
5174 41
5175 32
5176 100
5177 39
5178 45
5179 58
5180 32
5181 51
5182 46
5183 51
5184 29
5185 101
5186 35
5187 48
5188 60
5189 36
5190 51
5191 44
5192 48
5193 36
5194 47
5195 99
5196 34
5197 55
5198 63
5199 31
5200 108
5201 53
5202 38
5203 109
5204 51
5205 36
5206 59
5207 38
5208 49
5209 95
5210 41
5211 49
5212 38
5213 43
5214 61
5215 47
5216 42
5217 51
5218 65
5219 26
5220 58
5221 51
5222 23
5223 46
5224 57
5225 26
5226 43
5227 66
5228 34
5229 55
5230 34
5231 101
5232 34
5233 57
5234 53
5235 43
5236 106
5237 30
5238 54
5239 40
5240 37
5241 103
5242 34
5243 63
5244 26
5245 55
5246 30
5247 26
5248 70
5249 43
5250 47
5251 112
5252 44
5253 20
5254 68
5255 37
5256 42
5257 40
5258 31
5259 109
5260 49
5261 39
5262 70
5263 23
5264 44
5265 100
5266 36
5267 108
5268 30
5269 62
5270 55
5271 35
5272 63
5273 60
5274 30
5275 40
5276 59
5277 35
5278 58
5279 58
5280 36
5281 60
5282 37
5283 60
5284 36
5285 46
5286 89
5287 34
5288 94
5289 28
5290 66
5291 41
5292 47
5293 53
5294 43
5295 49
5296 53
5297 30
5298 101
5299 53
5300 98
5301 56
5302 50
5303 19
5304 104
5305 23
5306 43
5307 43
5308 47
5309 102
5310 28
5311 50
5312 31
5313 51
5314 46
5315 36
5316 111
5317 35
5318 52
5319 52
5320 46
5321 109
5322 30
5323 69
5324 27
5325 106
5326 38
5327 45
5328 50
5329 32
5330 65
5331 34
5332 42
5333 60
5334 33
5335 44
5336 46
5337 39
5338 58
5339 28
5340 42
5341 43
5342 24
5343 37
5344 64
5345 37
5346 52
5347 41
5348 40
5349 104
5350 27
5351 95
5352 37
5353 97
5354 28
5355 58
5356 32
5357 115
5358 26
5359 96
5360 60
5361 36
5362 98
5363 46
5364 67
5365 53
5366 37
5367 67
5368 42
5369 98
5370 41
5371 47
5372 62
5373 45
5374 45
5375 53
5376 25
5377 40
5378 44
5379 24
5380 94
5381 25
5382 97
5383 38
5384 35
5385 64
5386 26
5387 105
5388 35
5389 40
5390 54
5391 33
5392 55
5393 35
5394 36
5395 92
5396 36
5397 34
5398 51
5399 27
5400 45
5401 52
5402 27
5403 43
5404 65
5405 25
5406 42
5407 29
5408 38
5409 44
5410 39
5411 68
5412 28
5413 61
5414 35
5415 40
5416 42
5417 39
5418 96
5419 39
5420 40
5421 69
5422 24
5423 45
5424 44
5425 36
5426 67
5427 21
5428 94
5429 46
5430 37
5431 68
5432 22
5433 48
5434 40
5435 41
5436 37
5437 49
5438 113
5439 45
5440 36
5441 46
5442 42
5443 50
5444 49
5445 67
5446 37
5447 46
5448 38
5449 69
5450 30
5451 67
5452 35
5453 51
5454 52
5455 38
5456 47
5457 41
5458 61
5459 46
5460 49
5461 69
5462 26
5463 60
5464 48
5465 45
5466 112
5467 41
5468 48
5469 103
5470 40
5471 46
5472 50
5473 47
5474 62
5475 16
5476 67
5477 54
5478 28
5479 97
5480 59
5481 24
5482 43
5483 49
5484 36
5485 93
5486 35
5487 42
5488 51
5489 42
5490 63
5491 46
5492 48
5493 46
5494 33
5495 59
5496 27
5497 62
5498 49
5499 32
5500 109
5501 47
5502 44
5503 49
5504 50
5505 62
5506 49
5507 68
5508 35
5509 102
5510 34
5511 47
5512 65
5513 32
5514 53
5515 34
5516 42
5517 96
5518 32
5519 60
5520 28
5521 58
5522 29
5523 51
5524 59
5525 28
5526 38
5527 40
5528 20
5529 101
5530 37
5531 33
5532 68
5533 61
5534 34
5535 102
5536 39
5537 45
5538 51
5539 56
5540 48
5541 47
5542 29
5543 95
5544 42
5545 47
5546 41
5547 40
5548 38
5549 39
5550 91
5551 27
5552 93
5553 40
5554 39
5555 69
5556 49
5557 28
5558 58
5559 27
5560 106
5561 24
5562 96
5563 33
5564 38
5565 47
5566 37
5567 41
5568 43
5569 38
5570 61
5571 32
5572 61
5573 29
5574 47
5575 42
5576 36
5577 94
5578 34
5579 39
5580 49
5581 39
5582 93
5583 32
5584 33
5585 41
5586 40
5587 101
5588 45
5589 40
5590 54
5591 34
5592 64
5593 25
5594 39
5595 42
5596 40
5597 101
5598 27
5599 38
5600 66
5601 25
5602 39
5603 53
5604 41
5605 65
5606 40
5607 58
5608 22
5609 46
5610 48
5611 37
5612 68
5613 30
5614 50
5615 42
5616 35
5617 97
5618 24
5619 51
5620 29
5621 60
5622 38
5623 35
5624 55
5625 26
5626 38
5627 60
5628 24
5629 60
5630 37
5631 37
5632 68
5633 19
5634 64
5635 46
5636 39
5637 98
5638 24
5639 98
5640 23
5641 97
5642 43
5643 58
5644 33
5645 42
5646 60
5647 26
5648 35
5649 55
5650 25
5651 107
5652 37
5653 37
5654 52
5655 29
5656 96
5657 26
5658 103
5659 22
5660 48
5661 49
5662 28
5663 69
5664 51
5665 32
5666 67
5667 42
5668 43
5669 57
5670 25
5671 68
5672 30
5673 37
5674 42
5675 40
5676 48
5677 37
5678 53
5679 23
5680 52
5681 54
5682 25
5683 97
5684 38
5685 41
5686 50
5687 36
5688 69
5689 39
5690 93
5691 24
5692 51
5693 51
5694 31
5695 45
5696 67
5697 21
5698 43
5699 47
5700 32
5701 69
5702 32
5703 100
5704 29
5705 100
5706 38
5707 43
5708 52
5709 27
5710 58
5711 43
5712 50
5713 20
5714 99
5715 41
5716 39
5717 94
5718 46
5719 23
5720 62
5721 50
5722 26
5723 39
5724 58
5725 21
5726 56
5727 33
5728 33
5729 64
5730 25
5731 92
5732 24
5733 100
5734 22
5735 102
5736 42
5737 41
5738 65
5739 22
5740 33
5741 44
5742 32
5743 37
5744 58
5745 26
5746 101
5747 39
5748 36
5749 55
5750 27
5751 66
5752 38
5753 36
5754 61
5755 27
5756 56
5757 39
5758 26
5759 49
5760 49
5761 39
5762 100
5763 39
5764 33
5765 104
5766 32
5767 40
5768 58
5769 27
5770 118
5771 30
5772 94
5773 27
5774 64
5775 44
5776 29
5777 55
5778 40
5779 35
5780 56
5781 26
5782 99
5783 43
5784 40
5785 53
5786 26
5787 94
5788 42
5789 33
5790 51
5791 24
5792 49
5793 51
5794 33
5795 56
5796 37
5797 39
5798 52
5799 32
5800 102
5801 37
5802 38
5803 39
5804 20
5805 43
5806 55
5807 27
5808 41
5809 65
5810 23
5811 53
5812 43
5813 37
5814 68
5815 24
5816 91
5817 43
5818 52
5819 70
5820 30
5821 65
5822 42
5823 50
5824 47
5825 33
5826 39
5827 39
5828 30
5829 47
5830 39
5831 26
5832 60
5833 44
5834 24
5835 56
5836 37
5837 51
5838 25
5839 100
5840 37
5841 37
5842 43
5843 35
5844 46
5845 22
5846 64
5847 45
5848 21
5849 53
5850 53
5851 23
5852 63
5853 38
5854 34
5855 94
5856 23
5857 36
5858 57
5859 39
5860 107
5861 41
5862 37
5863 65
5864 24
5865 64
5866 43
5867 32
5868 57
5869 25
5870 93
5871 43
5872 38
5873 50
5874 30
5875 100
5876 36
5877 41
5878 48
5879 27
5880 98
5881 35
5882 34
5883 109
5884 36
5885 28
5886 64
5887 25
5888 42
5889 48
5890 36
5891 95
5892 43
5893 38
5894 50
5895 37
5896 49
5897 32
5898 58
5899 26
5900 69
5901 33
5902 31
5903 97
5904 31
5905 58
5906 41
5907 40
5908 40
5909 42
5910 46
5911 30
5912 94
5913 49
5914 26
5915 40
5916 57
5917 24
5918 44
5919 59
5920 42
5921 40
5922 46
5923 25
5924 110
5925 37
5926 34
5927 53
5928 26
5929 91
5930 29
5931 98
5932 44
5933 43
5934 32
5935 43
5936 41
5937 36
5938 92
5939 23
5940 97
5941 39
5942 36
5943 60
5944 22
5945 60
5946 35
5947 50
5948 36
5949 46
5950 42
5951 39
5952 56
5953 28
5954 52
5955 54
5956 26
5957 33
5958 67
5959 24
5960 47
5961 56
5962 39
5963 93
5964 36
5965 50
5966 42
5967 25
5968 68
5969 44
5970 32
5971 89
5972 26
5973 32
5974 52
5975 33
5976 98
5977 39
5978 38
5979 68
5980 26
5981 46
5982 37
5983 38
5984 51
5985 31
5986 60
5987 22
5988 37
5989 54
5990 46
5991 102
5992 38
5993 53
5994 43
5995 103
5996 29
5997 42
5998 44
5999 30
6000 64
6001 41
6002 29
6003 38
6004 33
6005 38
6006 50
6007 31
6008 41
6009 56
6010 53
6011 100
6012 40
6013 45
6014 63
6015 36
6016 104
6017 27
6018 61
6019 49
6020 49
6021 109
6022 32
6023 41
6024 36
6025 48
6026 102
6027 28
6028 57
6029 98
6030 51
6031 38
6032 111
6033 42
6034 47
6035 58
6036 40
6037 55
6038 32
6039 103
6040 29
6041 64
6042 33
6043 49
6044 96
6045 26
6046 58
6047 49
6048 93
6049 23
6050 97
6051 39
6052 39
6053 38
6054 29
6055 104
6056 33
6057 36
6058 51
6059 27
6060 103
6061 38
6062 43
6063 53
6064 34
6065 90
6066 27
6067 45
6068 55
6069 21
6070 38
6071 56
6072 23
6073 40
6074 40
6075 36
6076 42
6077 39
6078 50
6079 39
6080 56
6081 41
6082 68
6083 37
6084 40
6085 49
6086 25
6087 68
6088 39
6089 32
6090 68
6091 33
6092 39
6093 55
6094 36
6095 100
6096 34
6097 37
6098 57
6099 26
6100 93
6101 40
6102 26
6103 59
6104 42
6105 36
6106 101
6107 28
6108 44
6109 54
6110 38
6111 64
6112 44
6113 34
6114 96
6115 34
6116 37
6117 55
6118 33
6119 67
6120 43
6121 36
6122 61
6123 24
6124 100
6125 37
6126 33
6127 60
6128 18
6129 54
6130 54
6131 37
6132 41
6133 58
6134 30
6135 37
6136 97
6137 36
6138 38
6139 60
6140 31
6141 92
6142 39
6143 38
6144 53
6145 19
6146 47
6147 53
6148 21
6149 66
6150 42
6151 33
6152 63
6153 36
6154 35
6155 64
6156 26
6157 43
6158 56
6159 36
6160 69
6161 42
6162 42
6163 54
6164 28
6165 62
6166 50
6167 25
6168 37
6169 45
6170 36
6171 94
6172 25
6173 39
6174 52
6175 33
6176 97
6177 38
6178 41
6179 54
6180 27
6181 105
6182 38
6183 34
6184 69
6185 38
6186 38
6187 64
6188 25
6189 45
6190 59
6191 24
6192 40
6193 52
6194 34
6195 113
6196 51
6197 32
6198 57
6199 39
6200 113
6201 32
6202 97
6203 32
6204 66
6205 40
6206 61
6207 40
6208 51
6209 50
6210 38
6211 64
6212 25
6213 102
6214 32
6215 50
6216 25
6217 52
6218 38
6219 44
6220 62
6221 46
6222 55
6223 39
6224 52
6225 32
6226 56
6227 27
6228 45
6229 101
6230 34
6231 106
6232 22
6233 69
6234 57
6235 99
6236 47
6237 40
6238 61
6239 24
6240 102
6241 24
6242 101
6243 35
6244 34
6245 95
6246 41
6247 35
6248 61
6249 28
6250 97
6251 39
6252 40
6253 50
6254 41
6255 52
6256 42
6257 62
6258 39
6259 35
6260 50
6261 27
6262 96
6263 37
6264 39
6265 61
6266 29
6267 50
6268 31
6269 25
6270 53
6271 39
6272 59
6273 25
6274 95
6275 39
6276 38
6277 57
6278 24
6279 62
6280 40
6281 38
6282 54
6283 26
6284 102
6285 39
6286 40
6287 56
6288 38
6289 39
6290 54
6291 27
6292 106
6293 37
6294 43
6295 40
6296 35
6297 95
6298 39
6299 40
6300 100
6301 36
6302 27
6303 96
6304 23
6305 51
6306 47
6307 41
6308 56
6309 39
6310 20
6311 66
6312 32
6313 39
6314 47
6315 35
6316 97
6317 31
6318 35
6319 97
6320 37
6321 36
6322 61
6323 30
6324 18
6325 45
6326 42
6327 44
6328 36
6329 70
6330 31
6331 94
6332 41
6333 38
6334 57
6335 42
6336 96
6337 21
6338 43
6339 50
6340 40
6341 66
6342 35
6343 41
6344 44
6345 36
6346 103
6347 36
6348 57
6349 37
6350 46
6351 41
6352 100
6353 37
6354 64
6355 31
6356 59
6357 68
6358 41
6359 62
6360 50
6361 59
6362 64
6363 41
6364 103
6365 22
6366 46
6367 55
6368 35
6369 106
6370 33
6371 51
6372 64
6373 39
6374 64
6375 43
6376 59
6377 35
6378 64
6379 40
6380 42
6381 52
6382 35
6383 56
6384 33
6385 69
6386 49
6387 62
6388 34
6389 99
6390 30
6391 101
6392 40
6393 49
6394 58
6395 38
6396 63
6397 26
6398 43
6399 62
6400 21
6401 52
6402 57
6403 25
6404 52
6405 52
6406 38
6407 102
6408 31
6409 52
6410 38
6411 34
6412 54
6413 22
6414 51
6415 44
6416 34
6417 59
6418 45
6419 47
6420 55
6421 39
6422 107
6423 46
6424 40
6425 34
6426 45
6427 54
6428 50
6429 50
6430 27
6431 67
6432 41
6433 63
6434 39
6435 36
6436 57
6437 28
6438 46
6439 63
6440 37
6441 98
6442 34
6443 50
6444 51
6445 37
6446 49
6447 35
6448 104
6449 37
6450 42
6451 100
6452 35
6453 110
6454 53
6455 95
6456 25
6457 54
6458 24
6459 67
6460 35
6461 45
6462 33
6463 97
6464 97
6465 48
6466 47
6467 62
6468 24
6469 54
6470 39
6471 47
6472 63
6473 49
6474 111
6475 46
6476 47
6477 40
6478 55
6479 49
6480 31
6481 60
6482 40
6483 112
6484 46
6485 41
6486 47
6487 24
6488 100
6489 33
6490 38
6491 99
6492 37
6493 41
6494 99
6495 44
6496 41
6497 69
6498 34
6499 98
6500 35
6501 62
6502 26
6503 41
6504 38
6505 47
6506 52
6507 101
6508 31
6509 53
6510 43
6511 50
6512 46
6513 49
6514 96
6515 36
6516 100
6517 33
6518 102
6519 32
6520 48
6521 104
6522 32
6523 96
6524 28
6525 51
6526 39
6527 35
6528 46
6529 33
6530 98
6531 37
6532 33
6533 35
6534 24
6535 37
6536 67
6537 38
6538 37
6539 60
6540 25
6541 95
6542 41
6543 38
6544 92
6545 36
6546 34
6547 104
6548 33
6549 28
6550 43
6551 36
6552 40
6553 39
6554 64
6555 25
6556 65
6557 46
6558 38
6559 54
6560 28
6561 99
6562 33
6563 38
6564 55
6565 31
6566 114
6567 31
6568 96
6569 31
6570 102
6571 23
6572 95
6573 27
6574 100
6575 30
6576 100
6577 29
6578 102
6579 41
6580 96
6581 38
6582 66
6583 48
6584 38
6585 56
6586 26
6587 60
6588 32
6589 34
6590 52
6591 37
6592 39
6593 63
6594 27
6595 86
6596 52
6597 36
6598 64
6599 21
6600 66
6601 24
6602 95
6603 35
6604 46
6605 58
6606 19
6607 43
6608 64
6609 25
6610 59
6611 43
6612 26
6613 63
6614 36
6615 37
6616 101
6617 33
6618 39
6619 52
6620 21
6621 69
6622 67
6623 26
6624 51
6625 51
6626 26
6627 67
6628 37
6629 38
6630 56
6631 26
6632 99
6633 40
6634 38
6635 63
6636 24
6637 66
6638 49
6639 36
6640 92
6641 47
6642 41
6643 102
6644 25
6645 52
6646 43
6647 43
6648 67
6649 23
6650 50
6651 48
6652 28
6653 32
6654 55
6655 27
6656 98
6657 36
6658 40
6659 36
6660 40
6661 50
6662 35
6663 67
6664 35
6665 41
6666 60
6667 30
6668 91
6669 28
6670 100
6671 42
6672 40
6673 53
6674 25
6675 39
6676 51
6677 23
6678 47
6679 41
6680 40
6681 95
6682 25
6683 43
6684 51
6685 39
6686 102
6687 30
6688 39
6689 66
6690 47
6691 40
6692 101
6693 47
6694 38
6695 100
6696 47
6697 37
6698 95
6699 38
6700 43
6701 38
6702 36
6703 45
6704 26
6705 64
6706 41
6707 28
6708 68
6709 41
6710 39
6711 97
6712 51
6713 24
6714 40
6715 57
6716 26
6717 36
6718 62
6719 37
6720 38
6721 58
6722 35
6723 32
6724 39
6725 39
6726 41
6727 34
6728 49
6729 35
6730 53
6731 37
6732 48
6733 38
6734 37
6735 53
6736 33
6737 67
6738 24
6739 50
6740 42
6741 36
6742 62
6743 24
6744 96
6745 41
6746 40
6747 48
6748 24
6749 67
6750 29
6751 70
6752 51
6753 37
6754 51
6755 50
6756 40
6757 38
6758 39
6759 96
6760 27
6761 60
6762 45
6763 38
6764 68
6765 24
6766 95
6767 58
6768 38
6769 59
6770 27
6771 42
6772 60
6773 41
6774 50
6775 31
6776 49
6777 60
6778 33
6779 56
6780 64
6781 33
6782 61
6783 42
6784 68
6785 46
6786 102
6787 37
6788 45
6789 52
6790 38
6791 68
6792 22
6793 100
6794 41
6795 40
6796 51
6797 44
6798 43
6799 34
6800 46
6801 27
6802 119
6803 41
6804 45
6805 67
6806 40
6807 42
6808 100
6809 21
6810 67
6811 34
6812 52
6813 104
6814 37
6815 37
6816 54
6817 30
6818 64
6819 45
6820 50
6821 66
6822 24
6823 70
6824 32
6825 32
6826 34
6827 48
6828 98
6829 45
6830 41
6831 56
6832 26
6833 101
6834 31
6835 47
6836 59
6837 26
6838 33
6839 60
6840 30
6841 51
6842 45
6843 40
6844 69
6845 36
6846 46
6847 59
6848 35
6849 101
6850 68
6851 60
6852 33
6853 102
6854 30
6855 61
6856 45
6857 65
6858 46
6859 45
6860 36
6861 29
6862 36
6863 42
6864 63
6865 27
6866 48
6867 26
6868 49
6869 36
6870 34
6871 49
6872 26
6873 43
6874 47
6875 40
6876 46
6877 56
6878 31
6879 68
6880 30
6881 64
6882 42
6883 96
6884 69
6885 38
6886 102
6887 19
6888 34
6889 40
6890 33
6891 111
6892 44
6893 36
6894 53
6895 31
6896 38
6897 27
6898 67
6899 37
6900 51
6901 63
6902 60
6903 103
6904 37
6905 45
6906 88
6907 40
6908 47
6909 46
6910 39
6911 52
6912 44
6913 59
6914 43
6915 42
6916 39
6917 49
6918 42
6919 65
6920 36
6921 100
6922 26
6923 59
6924 28
6925 33
6926 100
6927 42
6928 20
6929 60
6930 60
6931 31
6932 41
6933 60
6934 33
6935 59
6936 27
6937 105
6938 21
6939 64
6940 57
6941 39
6942 69
6943 29
6944 65
6945 17
6946 100
6947 39
6948 26
6949 41
6950 44
6951 103
6952 23
6953 56
6954 58
6955 34
6956 65
6957 39
6958 46
6959 60
6960 40
6961 34
6962 32
6963 47
6964 65
6965 50
6966 40
6967 47
6968 28
6969 57
6970 32
6971 100
6972 29
6973 46
6974 63
6975 48
6976 68
6977 58
6978 40
6979 97
6980 36
6981 40
6982 53
6983 33
6984 54
6985 39
6986 64
6987 40
6988 100
6989 48
6990 25
6991 96
6992 29
6993 98
6994 29
6995 47
6996 41
6997 45
6998 55
6999 24
7000 47
7001 45
7002 37
7003 68
7004 23
7005 33
7006 49
7007 26
7008 95
7009 40
7010 32
7011 60
7012 62
7013 25
7014 54
7015 38
7016 34
7017 100
7018 25
7019 42
7020 44
7021 36
7022 97
7023 27
7024 35
7025 54
7026 32
7027 70
7028 46
7029 50
7030 48
7031 39
7032 61
7033 34
7034 103
7035 36
7036 37
7037 56
7038 27
7039 53
7040 46
7041 39
7042 99
7043 25
7044 41
7045 45
7046 37
7047 48
7048 36
7049 53
7050 40
7051 53
7052 34
7053 61
7054 44
7055 39
7056 57
7057 36
7058 53
7059 35
7060 97
7061 42
7062 36
7063 46
7064 39
7065 38
7066 24
7067 49
7068 50
7069 36
7070 51
7071 27
7072 58
7073 22
7074 68
7075 35
7076 33
7077 68
7078 39
7079 27
7080 53
7081 29
7082 102
7083 37
7084 41
7085 55
7086 31
7087 37
7088 60
7089 29
7090 102
7091 37
7092 41
7093 97
7094 36
7095 37
7096 99
7097 27
7098 63
7099 41
7100 34
7101 68
7102 42
7103 39
7104 47
7105 36
7106 97
7107 44
7108 24
7109 39
7110 43
7111 37
7112 58
7113 28
7114 68
7115 34
7116 41
7117 99
7118 46
7119 37
7120 47
7121 59
7122 23
7123 47
7124 51
7125 47
7126 64
7127 31
7128 103
7129 29
7130 62
7131 49
7132 32
7133 53
7134 29
7135 51
7136 34
7137 40
7138 40
7139 47
7140 45
7141 33
7142 51
7143 24
7144 100
7145 42
7146 40
7147 53
7148 31
7149 103
7150 40
7151 35
7152 57
7153 29
7154 100
7155 33
7156 19
7157 105
7158 25
7159 54
7160 35
7161 40
7162 55
7163 28
7164 46
7165 36
7166 26
7167 64
7168 38
7169 37
7170 51
7171 22
7172 41
7173 38
7174 36
7175 47
7176 33
7177 50
7178 39
7179 62
7180 40
7181 54
7182 33
7183 40
7184 64
7185 26
7186 102
7187 36
7188 40
7189 52
7190 34
7191 63
7192 53
7193 31
7194 64
7195 25
7196 98
7197 26
7198 95
7199 26
7200 101
7201 39
7202 42
7203 42
7204 32
7205 53
7206 38
7207 48
7208 25
7209 47
7210 63
7211 28
7212 45
7213 37
7214 37
7215 100
7216 47
7217 26
7218 65
7219 37
7220 38
7221 61
7222 32
7223 94
7224 44
7225 35
7226 49
7227 35
7228 68
7229 46
7230 30
7231 96
7232 40
7233 28
7234 52
7235 32
7236 38
7237 62
7238 27
7239 99
7240 41
7241 42
7242 60
7243 19
7244 70
7245 53
7246 26
7247 52
7248 50
7249 37
7250 95
7251 38
7252 36
7253 68
7254 27
7255 95
7256 45
7257 35
7258 98
7259 34
7260 36
7261 65
7262 40
7263 37
7264 110
7265 56
7266 30
7267 57
7268 37
7269 55
7270 28
7271 102
7272 44
7273 42
7274 66
7275 50
7276 32
7277 67
7278 35
7279 39
7280 31
7281 36
7282 96
7283 40
7284 36
7285 49
7286 37
7287 53
7288 36
7289 53
7290 38
7291 53
7292 31
7293 43
7294 57
7295 25
7296 37
7297 62
7298 26
7299 46
7300 50
7301 40
7302 94
7303 46
7304 26
7305 99
7306 45
7307 37
7308 54
7309 23
7310 47
7311 53
7312 21
7313 70
7314 33
7315 36
7316 40
7317 39
7318 47
7319 39
7320 47
7321 38
7322 54
7323 37
7324 89
7325 21
7326 104
7327 42
7328 25
7329 70
7330 25
7331 103
7332 29
7333 67
7334 23
7335 67
7336 35
7337 46
7338 33
7339 42
7340 55
7341 27
7342 100
7343 26
7344 93
7345 40
7346 37
7347 48
7348 37
7349 98
7350 23
7351 44
7352 41
7353 34
7354 92
7355 25
7356 38
7357 66
7358 38
7359 42
7360 103
7361 44
7362 26
7363 96
7364 38
7365 38
7366 70
7367 32
7368 40
7369 64
7370 23
7371 46
7372 50
7373 26
7374 55
7375 54
7376 36
7377 69
7378 29
7379 60
7380 39
7381 39
7382 41
7383 29
7384 49
7385 36
7386 40
7387 90
7388 22
7389 62
7390 54
7391 27
7392 48
7393 46
7394 38
7395 63
7396 24
7397 64
7398 49
7399 44
7400 39
7401 33
7402 48
7403 40
7404 67
7405 25
7406 63
7407 43
7408 38
7409 61
7410 21
7411 95
7412 37
7413 38
7414 101
7415 39
7416 35
7417 99
7418 28
7419 40
7420 46
7421 39
7422 92
7423 23
7424 44
7425 86
7426 44
7427 70
7428 45
7429 30
7430 69
7431 46
7432 36
7433 56
7434 25
7435 52
7436 38
7437 39
7438 66
7439 23
7440 102
7441 40
7442 42
7443 53
7444 44
7445 70
7446 28
7447 107
7448 36
7449 36
7450 46
7451 37
7452 96
7453 32
7454 49
7455 34
7456 51
7457 33
7458 34
7459 97
7460 35
7461 65
7462 36
7463 70
7464 26
7465 67
7466 37
7467 38
7468 106
7469 35
7470 43
7471 98
7472 37
7473 45
7474 109
7475 29
7476 90
7477 113
7478 45
7479 51
7480 38
7481 98
7482 28
7483 61
7484 49
7485 51
7486 97
7487 37
7488 100
7489 39
7490 59
7491 43
7492 56
7493 22
7494 59
7495 33
7496 45
7497 46
7498 25
7499 112
7500 34
7501 46
7502 43
7503 31
7504 46
7505 32
7506 69
7507 38
7508 33
7509 98
7510 42
7511 41
7512 67
7513 28
7514 67
7515 45
7516 36
7517 60
7518 35
7519 38
7520 94
7521 45
7522 106
7523 34
7524 55
7525 53
7526 45
7527 104
7528 48
7529 46
7530 51
7531 28
7532 35
7533 54
7534 48
7535 103
7536 31
7537 43
7538 39
7539 42
7540 48
7541 37
7542 110
7543 38
7544 44
7545 66
7546 41
7547 51
7548 41
7549 66
7550 29
7551 37
7552 69
7553 51
7554 35
7555 95
7556 40
7557 64
7558 36
7559 44
7560 103
7561 47
7562 64
7563 37
7564 45
7565 35
7566 38
7567 53
7568 28
7569 59
7570 51
7571 35
7572 55
7573 37
7574 58
7575 34
7576 41
7577 52
7578 24
7579 68
7580 25
7581 61
7582 22
7583 32
7584 65
7585 27
7586 91
7587 37
7588 56
7589 46
7590 36
7591 63
7592 40
7593 40
7594 45
7595 38
7596 53
7597 30
7598 61
7599 33
7600 40
7601 41
7602 38
7603 67
7604 31
7605 60
7606 44
7607 42
7608 106
7609 39
7610 47
7611 64
7612 48
7613 114
7614 33
7615 54
7616 38
7617 49
7618 30
7619 33
7620 51
7621 30
7622 67
7623 38
7624 39
7625 96
7626 41
7627 40
7628 58
7629 35
7630 110
7631 26
7632 33
7633 54
7634 41
7635 45
7636 42
7637 60
7638 47
7639 98
7640 39
7641 59
7642 53
7643 49
7644 42
7645 49
7646 56
7647 38
7648 48
7649 95
7650 38
7651 65
7652 43
7653 47
7654 45
7655 57
7656 48
7657 110
7658 31
7659 67
7660 37
7661 49
7662 67
7663 38
7664 56
7665 35
7666 55
7667 25
7668 54
7669 45
7670 41
7671 58
7672 29
7673 40
7674 52
7675 43
7676 107
7677 37
7678 49
7679 58
7680 41
7681 107
7682 30
7683 63
7684 58
7685 45
7686 66
7687 51
7688 39
7689 43
7690 27
7691 102
7692 40
7693 38
7694 108
7695 44
7696 23
7697 105
7698 44
7699 24
7700 47
7701 52
7702 55
7703 100
7704 27
7705 102
7706 44
7707 55
7708 59
7709 41
7710 63
7711 45
7712 37
7713 46
7714 45
7715 109
7716 45
7717 44
7718 57
7719 48
7720 62
7721 57
7722 58
7723 44
7724 46
7725 63
7726 36
7727 62
7728 14
7729 36
7730 47
7731 43
7732 65
7733 52
7734 110
7735 50
7736 47
7737 69
7738 32
7739 64
7740 36
7741 50
7742 43
7743 56
7744 18
7745 66
7746 46
7747 40
7748 68
7749 33
7750 41
7751 99
7752 27
7753 67
7754 60
7755 36
7756 47
7757 26
7758 39
7759 64
7760 29
7761 69
7762 29
7763 112
7764 39
7765 98
7766 37
7767 42
7768 44
7769 43
7770 27
7771 95
7772 40
7773 67
7774 37
7775 42
7776 53
7777 49
7778 34
7779 70
7780 26
7781 51
7782 53
7783 42
7784 96
7785 43
7786 106
7787 37
7788 44
7789 64
7790 31
7791 108
7792 39
7793 43
7794 64
7795 29
7796 105
7797 43
7798 49
7799 66
7800 37
7801 109
7802 36
7803 40
7804 98
7805 40
7806 51
7807 44
7808 38
7809 52
7810 36
7811 57
7812 28
7813 97
7814 35
7815 31
7816 54
7817 31
7818 101
7819 29
7820 64
7821 55
7822 47
7823 102
7824 28
7825 44
7826 48
7827 48
7828 110
7829 30
7830 66
7831 48
7832 56
7833 59
7834 41
7835 58
7836 31
7837 59
7838 43
7839 33
7840 97
7841 42
7842 41
7843 52
7844 32
7845 66
7846 29
7847 51
7848 50
7849 40
7850 97
7851 45
7852 45
7853 66
7854 36
7855 66
7856 31
7857 61
7858 45
7859 44
7860 105
7861 29
7862 96
7863 57
7864 36
7865 102
7866 28
7867 41
7868 55
7869 16
7870 54
7871 49
7872 49
7873 61
7874 38
7875 22
7876 57
7877 29
7878 47
7879 33
7880 46
7881 109
7882 34
7883 66
7884 47
7885 36
7886 57
7887 43
7888 101
7889 27
7890 53
7891 40
7892 30
7893 65
7894 41
7895 100
7896 52
7897 42
7898 51
7899 27
7900 51
7901 28
7902 66
7903 26
7904 56
7905 22
7906 46
7907 62
7908 22
7909 49
7910 51
7911 37
7912 65
7913 34
7914 98
7915 20
7916 103
7917 44
7918 40
7919 101
7920 41
7921 29
7922 98
7923 49
7924 39
7925 67
7926 31
7927 95
7928 37
7929 34
7930 49
7931 34
7932 38
7933 36
7934 100
7935 45
7936 39
7937 59
7938 28
7939 44
7940 35
7941 35
7942 48
7943 38
7944 63
7945 39
7946 65
7947 33
7948 40
7949 69
7950 29
7951 43
7952 35
7953 34
7954 91
7955 25
7956 40
7957 49
7958 39
7959 69
7960 25
7961 43
7962 47
7963 40
7964 53
7965 44
7966 31
7967 96
7968 38
7969 36
7970 56
7971 23
7972 36
7973 65
7974 42
7975 38
7976 98
7977 37
7978 38
7979 54
7980 23
7981 44
7982 42
7983 40
7984 63
7985 26
7986 36
7987 47
7988 36
7989 107
7990 27
7991 25
7992 23
7993 38
7994 24
7995 68
7996 27
7997 60
7998 28
7999 87
8000 39
8001 38
8002 105
8003 45
8004 34
8005 65
8006 28
8007 50
8008 40
8009 38
8010 69
8011 30
8012 52
8013 43
8014 38
8015 46
8016 29
8017 61
8018 35
8019 69
8020 25
8021 49
8022 50
8023 24
8024 51
8025 42
8026 39
8027 42
8028 39
8029 96
8030 24
8031 37
8032 42
8033 35
8034 58
8035 25
8036 95
8037 43
8038 38
8039 54
8040 36
8041 100
8042 37
8043 38
8044 48
8045 42
8046 41
8047 32
8048 41
8049 36
8050 94
8051 39
8052 44
8053 40
8054 34
8055 63
8056 34
8057 26
8058 54
8059 34
8060 100
8061 35
8062 45
8063 41
8064 33
8065 52
8066 36
8067 52
8068 28
8069 98
8070 42
8071 42
8072 44
8073 33
8074 94
8075 22
8076 61
8077 29
8078 101
8079 37
8080 23
8081 68
8082 26
8083 41
8084 39
8085 40
8086 55
8087 29
8088 108
8089 49
8090 35
8091 68
8092 45
8093 35
8094 99
8095 43
8096 41
8097 47
8098 35
8099 95
8100 47
8101 42
8102 65
8103 24
8104 42
8105 42
8106 37
8107 65
8108 24
8109 96
8110 59
8111 34
8112 44
8113 47
8114 51
8115 33
8116 57
8117 38
8118 107
8119 48
8120 42
8121 50
8122 41
8123 61
8124 38
8125 55
8126 45
8127 57
8128 44
8129 45
8130 41
8131 104
8132 46
8133 64
8134 28
8135 63
8136 31
8137 96
8138 41
8139 45
8140 52
8141 23
8142 38
8143 47
8144 25
8145 101
8146 36
8147 46
8148 108
8149 38
8150 39
8151 68
8152 20
8153 67
8154 31
8155 104
8156 40
8157 38
8158 49
8159 39
8160 95
8161 35
8162 57
8163 35
8164 48
8165 45
8166 41
8167 55
8168 48
8169 107
8170 44
8171 40
8172 38
8173 32
8174 106
8175 32
8176 48
8177 53
8178 33
8179 107
8180 30
8181 36
8182 45
8183 36
8184 95
8185 26
8186 43
8187 43
8188 37
8189 101
8190 55
8191 37
8192 50
8193 39
8194 65
8195 48
8196 110
8197 40
8198 41
8199 100
8200 34
8201 47
8202 68
8203 66
8204 38
8205 93
8206 40
8207 47
8208 102
8209 38
8210 47
8211 98
8212 44
8213 103
8214 36
8215 69
8216 49
8217 49
8218 42
8219 25
8220 42
8221 45
8222 48
8223 60
8224 29
8225 68
8226 38
8227 60
8228 23
8229 69
8230 62
8231 34
8232 61
8233 46
8234 43
8235 69
8236 30
8237 97
8238 62
8239 41
8240 99
8241 31
8242 58
8243 44
8244 44
8245 39
8246 44
8247 68
8248 32
8249 69
8250 34
8251 50
8252 53
8253 52
8254 107
8255 36
8256 63
8257 31
8258 117
8259 27
8260 45
8261 104
8262 47
8263 39
8264 50
8265 33
8266 25
8267 53
8268 99
8269 34
8270 45
8271 106
8272 25
8273 45
8274 46
8275 21
8276 44
8277 52
8278 29
8279 43
8280 34
8281 52
8282 86
8283 47
8284 61
8285 31
8286 66
8287 33
8288 34
8289 40
8290 32
8291 63
8292 57
8293 34
8294 95
8295 40
8296 52
8297 39
8298 41
8299 70
8300 42
8301 49
8302 47
8303 54
8304 47
8305 39
8306 47
8307 52
8308 39
8309 102
8310 24
8311 40
8312 49
8313 49
8314 101
8315 32
8316 66
8317 57
8318 36
8319 66
8320 30
8321 68
8322 28
8323 50
8324 98
8325 50
8326 46
8327 107
8328 28
8329 64
8330 33
8331 99
8332 38
8333 46
8334 59
8335 32
8336 62
8337 29
8338 39
8339 48
8340 24
8341 41
8342 38
8343 39
8344 64
8345 55
8346 37
8347 108
8348 39
8349 48
8350 106
8351 22
8352 48
8353 101
8354 25
8355 58
8356 40
8357 47
8358 101
8359 25
8360 62
8361 62
8362 39
8363 60
8364 31
8365 107
8366 44
8367 31
8368 52
8369 39
8370 35
8371 63
8372 40
8373 18
8374 57
8375 30
8376 60
8377 31
8378 44
8379 64
8380 36
8381 38
8382 51
8383 37
8384 64
8385 34
8386 48
8387 36
8388 50
8389 64
8390 27
8391 61
8392 45
8393 25
8394 40
8395 50
8396 32
8397 62
8398 45
8399 30
8400 59
8401 47
8402 32
8403 102
8404 28
8405 36
8406 29
8407 37
8408 105
8409 29
8410 66
8411 46
8412 34
8413 102
8414 33
8415 59
8416 57
8417 40
8418 65
8419 25
8420 45
8421 57
8422 46
8423 96
8424 57
8425 31
8426 56
8427 27
8428 51
8429 44
8430 104
8431 23
8432 50
8433 36
8434 54
8435 41
8436 44
8437 50
8438 38
8439 59
8440 24
8441 35
8442 57
8443 49
8444 53
8445 98
8446 41
8447 56
8448 33
8449 45
8450 102
8451 31
8452 31
8453 105
8454 29
8455 56
8456 28
8457 40
8458 63
8459 23
8460 62
8461 64
8462 50
8463 52
8464 44
8465 35
8466 57
8467 20
8468 26
8469 117
8470 47
8471 49
8472 102
8473 41
8474 64
8475 48
8476 36
8477 49
8478 34
8479 65
8480 28
8481 49
8482 41
8483 45
8484 54
8485 22
8486 60
8487 41
8488 23
8489 64
8490 26
8491 37
8492 55
8493 29
8494 70
8495 59
8496 35
8497 101
8498 33
8499 70
8500 37
8501 57
8502 99
8503 36
8504 50
8505 67
8506 37
8507 24
8508 63
8509 50
8510 58
8511 50
8512 38
8513 64
8514 34
8515 39
8516 67
8517 36
8518 40
8519 67
8520 25
8521 59
8522 38
8523 38
8524 90
8525 36
8526 29
8527 55
8528 38
8529 98
8530 23
8531 40
8532 59
8533 24
8534 33
8535 70
8536 34
8537 40
8538 93
8539 37
8540 26
8541 91
8542 22
8543 44
8544 56
8545 38
8546 62
8547 22
8548 42
8549 42
8550 22
8551 97
8552 31
8553 37
8554 98
8555 44
8556 36
8557 61
8558 39
8559 21
8560 68
8561 36
8562 40
8563 50
8564 32
8565 98
8566 37
8567 40
8568 43
8569 38
8570 91
8571 40
8572 34
8573 60
8574 42
8575 61
8576 37
8577 58
8578 24
8579 100
8580 30
8581 55
8582 38
8583 38
8584 50
8585 27
8586 57
8587 46
8588 35
8589 55
8590 28
8591 94
8592 29
8593 36
8594 51
8595 29
8596 48
8597 45
8598 36
8599 95
8600 23
8601 42
8602 59
8603 22
8604 39
8605 48
8606 29
8607 38
8608 50
8609 29
8610 98
8611 43
8612 38
8613 86
8614 17
8615 44
8616 52
8617 23
8618 41
8619 51
8620 37
8621 58
8622 35
8623 66
8624 29
8625 109
8626 48
8627 53
8628 53
8629 40
8630 97
8631 44
8632 57
8633 48
8634 46
8635 35
8636 55
8637 25
8638 61
8639 56
8640 34
8641 100
8642 63
8643 35
8644 98
8645 64
8646 29
8647 43
8648 52
8649 32
8650 64
8651 57
8652 38
8653 98
8654 33
8655 55
8656 49
8657 51
8658 50
8659 48
8660 60
8661 39
8662 54
8663 21
8664 44
8665 46
8666 101
8667 43
8668 37
8669 53
8670 40
8671 56
8672 33
8673 59
8674 18
8675 34
8676 59
8677 24
8678 45
8679 38
8680 30
8681 42
8682 45
8683 40
8684 41
8685 39
8686 44
8687 36
8688 51
8689 103
8690 25
8691 44
8692 92
8693 42
8694 43
8695 52
8696 46
8697 103
8698 39
8699 33
8700 38
8701 24
8702 113
8703 25
8704 40
8705 92
8706 31
8707 103
8708 43
8709 45
8710 103
8711 38
8712 38
8713 63
8714 31
8715 39
8716 69
8717 36
8718 43
8719 102
8720 24
8721 34
8722 36
8723 33
8724 66
8725 42
8726 49
8727 102
8728 38
8729 44
8730 68
8731 27
8732 64
8733 46
8734 40
8735 63
8736 39
8737 50
8738 35
8739 38
8740 45
8741 60
8742 28
8743 65
8744 27
8745 101
8746 27
8747 38
8748 32
8749 47
8750 95
8751 38
8752 44
8753 104
8754 28
8755 41
8756 102
8757 41
8758 61
8759 63
8760 35
8761 64
8762 41
8763 28
8764 111
8765 64
8766 26
8767 61
8768 56
8769 27
8770 65
8771 30
8772 69
8773 39
8774 40
8775 52
8776 45
8777 100
8778 54
8779 37
8780 63
8781 27
8782 47
8783 46
8784 27
8785 96
8786 40
8787 23
8788 46
8789 46
8790 59
8791 49
8792 106
8793 27
8794 66
8795 40
8796 39
8797 56
8798 43
8799 68
8800 45
8801 40
8802 42
8803 23
8804 47
8805 48
8806 33
8807 53
8808 45
8809 24
8810 43
8811 56
8812 23
8813 41
8814 55
8815 25
8816 52
8817 63
8818 27
8819 47
8820 65
8821 39
8822 109
8823 30
8824 49
8825 100
8826 23
8827 36
8828 50
8829 21
8830 100
8831 61
8832 39
8833 102
8834 49
8835 40
8836 111
8837 32
8838 40
8839 64
8840 37
8841 104
8842 31
8843 57
8844 61
8845 37
8846 98
8847 27
8848 104
8849 38
8850 62
8851 25
8852 45
8853 69
8854 36
8855 99
8856 52
8857 40
8858 35
8859 37
8860 40
8861 39
8862 51
8863 33
8864 53
8865 56
8866 30
8867 99
8868 38
8869 104
8870 41
8871 102
8872 30
8873 53
8874 59
8875 41
8876 62
8877 38
8878 100
8879 37
8880 41
8881 49
8882 47
8883 59
8884 36
8885 62
8886 29
8887 101
8888 18
8889 105
8890 66
8891 37
8892 57
8893 67
8894 43
8895 39
8896 56
8897 28
8898 64
8899 58
8900 35
8901 65
8902 40
8903 43
8904 53
8905 24
8906 70
8907 33
8908 45
8909 100
8910 36
8911 36
8912 53
8913 42
8914 112
8915 56
8916 65
8917 41
8918 43
8919 30
8920 39
8921 38
8922 48
8923 56
8924 51
8925 69
8926 37
8927 42
8928 54
8929 50
8930 57
8931 35
8932 49
8933 41
8934 97
8935 29
8936 44
8937 38
8938 49
8939 98
8940 36
8941 44
8942 67
8943 28
8944 36
8945 38
8946 43
8947 42
8948 45
8949 34
8950 102
8951 36
8952 46
8953 102
8954 44
8955 40
8956 111
8957 45
8958 44
8959 49
8960 32
8961 66
8962 44
8963 43
8964 93
8965 39
8966 99
8967 16
8968 66
8969 41
8970 36
8971 118
8972 41
8973 46
8974 98
8975 37
8976 41
8977 48
8978 19
8979 67
8980 22
8981 54
8982 56
8983 39
8984 100
8985 37
8986 45
8987 37
8988 62
8989 39
8990 51
8991 86
8992 41
8993 58
8994 32
8995 103
8996 44
8997 56
8998 67
8999 33
9000 65
9001 47
9002 70
9003 37
9004 101
9005 50
9006 42
9007 47
9008 47
9009 61
9010 48
9011 111
9012 52
9013 47
9014 38
9015 44
9016 61
9017 37
9018 62
9019 55
9020 34
9021 69
9022 49
9023 38
9024 59
9025 34
9026 47
9027 99
9028 34
9029 42
9030 66
9031 42
9032 96
9033 29
9034 63
9035 60
9036 34
9037 99
9038 51
9039 33
9040 98
9041 40
9042 45
9043 63
9044 59
9045 98
9046 40
9047 56
9048 39
9049 48
9050 52
9051 40
9052 101
9053 26
9054 45
9055 68
9056 44
9057 43
9058 47
9059 38
9060 55
9061 33
9062 68
9063 39
9064 51
9065 26
9066 69
9067 43
9068 47
9069 60
9070 41
9071 63
9072 32
9073 51
9074 45
9075 43
9076 54
9077 43
9078 38
9079 49
9080 36
9081 39
9082 69
9083 38
9084 104
9085 41
9086 103
9087 29
9088 61
9089 32
9090 96
9091 56
9092 101
9093 25
9094 62
9095 40
9096 38
9097 60
9098 29
9099 98
9100 38
9101 37
9102 96
9103 37
9104 34
9105 51
9106 26
9107 63
9108 30
9109 48
9110 40
9111 38
9112 39
9113 29
9114 70
9115 35
9116 43
9117 55
9118 26
9119 97
9120 38
9121 39
9122 46
9123 33
9124 66
9125 22
9126 35
9127 44
9128 38
9129 119
9130 26
9131 38
9132 61
9133 27
9134 53
9135 47
9136 43
9137 35
9138 45
9139 33
9140 43
9141 43
9142 48
9143 60
9144 36
9145 54
9146 41
9147 45
9148 66
9149 32
9150 48
9151 48
9152 63
9153 53
9154 45
9155 27
9156 53
9157 31
9158 50
9159 51
9160 110
9161 43
9162 65
9163 25
9164 99
9165 31
9166 68
9167 28
9168 60
9169 38
9170 33
9171 54
9172 45
9173 56
9174 36
9175 65
9176 39
9177 51
9178 31
9179 62
9180 38
9181 50
9182 44
9183 66
9184 54
9185 52
9186 43
9187 61
9188 54
9189 45
9190 36
9191 98
9192 31
9193 96
9194 42
9195 68
9196 43
9197 66
9198 36
9199 47
9200 26
9201 29
9202 105
9203 37
9204 48
9205 66
9206 36
9207 68
9208 36
9209 46
9210 104
9211 52
9212 41
9213 57
9214 45
9215 68
9216 37
9217 70
9218 30
9219 99
9220 48
9221 107
9222 28
9223 41
9224 47
9225 37
9226 97
9227 35
9228 37
9229 57
9230 30
9231 99
9232 41
9233 41
9234 59
9235 33
9236 97
9237 37
9238 37
9239 48
9240 33
9241 110
9242 54
9243 106
9244 33
9245 56
9246 40
9247 43
9248 47
9249 35
9250 102
9251 39
9252 40
9253 57
9254 30
9255 99
9256 37
9257 43
9258 56
9259 36
9260 95
9261 39
9262 38
9263 34
9264 19
9265 96
9266 39
9267 37
9268 56
9269 34
9270 97
9271 33
9272 40
9273 67
9274 27
9275 42
9276 41
9277 42
9278 36
9279 46
9280 60
9281 51
9282 96
9283 30
9284 95
9285 22
9286 59
9287 29
9288 45
9289 35
9290 40
9291 89
9292 35
9293 99
9294 33
9295 38
9296 51
9297 42
9298 66
9299 33
9300 38
9301 67
9302 39
9303 40
9304 37
9305 44
9306 45
9307 26
9308 43
9309 40
9310 37
9311 56
9312 52
9313 52
9314 40
9315 106
9316 23
9317 33
9318 37
9319 32
9320 118
9321 48
9322 36
9323 100
9324 49
9325 41
9326 104
9327 34
9328 39
9329 42
9330 31
9331 109
9332 30
9333 41
9334 70
9335 26
9336 63
9337 51
9338 68
9339 17
9340 41
9341 41
9342 47
9343 40
9344 51
9345 95
9346 31
9347 60
9348 68
9349 48
9350 107
9351 52
9352 42
9353 39
9354 45
9355 46
9356 40
9357 44
9358 30
9359 58
9360 28
9361 47
9362 36
9363 41
9364 108
9365 41
9366 51
9367 64
9368 36
9369 68
9370 15
9371 67
9372 41
9373 41
9374 67
9375 39
9376 40
9377 106
9378 26
9379 47
9380 41
9381 41
9382 58
9383 41
9384 101
9385 46
9386 46
9387 39
9388 40
9389 60
9390 47
9391 39
9392 54
9393 36
9394 95
9395 39
9396 23
9397 66
9398 47
9399 96
9400 33
9401 99
9402 44
9403 43
9404 67
9405 33
9406 34
9407 27
9408 52
9409 65
9410 52
9411 38
9412 60
9413 37
9414 105
9415 30
9416 44
9417 53
9418 45
9419 100
9420 42
9421 39
9422 43
9423 43
9424 63
9425 45
9426 42
9427 55
9428 43
9429 53
9430 24
9431 40
9432 62
9433 38
9434 68
9435 20
9436 66
9437 30
9438 30
9439 35
9440 32
9441 61
9442 67
9443 57
9444 54
9445 39
9446 45
9447 47
9448 30
9449 97
9450 42
9451 52
9452 64
9453 38
9454 101
9455 40
9456 37
9457 32
9458 34
9459 99
9460 24
9461 40
9462 49
9463 38
9464 104
9465 33
9466 108
9467 41
9468 41
9469 45
9470 41
9471 102
9472 36
9473 43
9474 105
9475 41
9476 37
9477 59
9478 41
9479 36
9480 47
9481 30
9482 70
9483 34
9484 50
9485 23
9486 66
9487 46
9488 32
9489 106
9490 32
9491 36
9492 58
9493 39
9494 101
9495 60
9496 65
9497 52
9498 57
9499 40
9500 34
9501 56
9502 36
9503 93
9504 24
9505 41
9506 47
9507 41
9508 65
9509 30
9510 45
9511 44
9512 40
9513 61
9514 34
9515 100
9516 34
9517 65
9518 28
9519 56
9520 35
9521 37
9522 37
9523 39
9524 45
9525 39
9526 40
9527 26
9528 50
9529 37
9530 61
9531 24
9532 62
9533 39
9534 42
9535 49
9536 42
9537 41
9538 40
9539 51
9540 39
9541 41
9542 41
9543 95
9544 31
9545 44
9546 40
9547 37
9548 93
9549 30
9550 58
9551 34
9552 38
9553 52
9554 26
9555 95
9556 37
9557 38
9558 103
9559 40
9560 50
9561 50
9562 41
9563 66
9564 31
9565 46
9566 46
9567 43
9568 56
9569 37
9570 51
9571 36
9572 49
9573 35
9574 87
9575 36
9576 106
9577 38
9578 42
9579 48
9580 38
9581 60
9582 25
9583 52
9584 39
9585 38
9586 52
9587 41
9588 47
9589 41
9590 101
9591 25
9592 69
9593 39
9594 39
9595 60
9596 38
9597 60
9598 25
9599 94
9600 25
9601 104
9602 37
9603 39
9604 58
9605 38
9606 35
9607 109
9608 35
9609 33
9610 55
9611 42
9612 40
9613 68
9614 27
9615 41
9616 50
9617 36
9618 70
9619 47
9620 40
9621 92
9622 37
9623 36
9624 54
9625 38
9626 92
9627 37
9628 36
9629 47
9630 37
9631 61
9632 23
9633 66
9634 60
9635 27
9636 59
9637 42
9638 37
9639 51
9640 36
9641 58
9642 30
9643 48
9644 40
9645 69
9646 36
9647 38
9648 49
9649 34
9650 66
9651 23
9652 33
9653 44
9654 35
9655 65
9656 24
9657 18
9658 19
9659 108
9660 23
9661 54
9662 25
9663 46
9664 39
9665 96
9666 30
9667 65
9668 21
9669 45
9670 37
9671 41
9672 37
9673 28
9674 97
9675 34
9676 37
9677 51
9678 32
9679 97
9680 24
9681 45
9682 45
9683 38
9684 68
9685 22
9686 39
9687 44
9688 37
9689 64
9690 28
9691 46
9692 39
9693 33
9694 65
9695 24
9696 105
9697 40
9698 33
9699 52
9700 22
9701 95
9702 24
9703 104
9704 39
9705 35
9706 52
9707 32
9708 36
9709 58
9710 40
9711 53
9712 38
9713 64
9714 22
9715 62
9716 42
9717 39
9718 50
9719 25
9720 98
9721 39
9722 35
9723 32
9724 25
9725 54
9726 53
9727 29
9728 39
9729 53
9730 23
9731 91
9732 48
9733 30
9734 56
9735 31
9736 102
9737 39
9738 43
9739 52
9740 27
9741 57
9742 35
9743 41
9744 47
9745 35
9746 49
9747 34
9748 98
9749 38
9750 33
9751 53
9752 21
9753 30
9754 97
9755 30
9756 54
9757 47
9758 29
9759 47
9760 43
9761 34
9762 42
9763 51
9764 29
9765 40
9766 54
9767 25
9768 106
9769 38
9770 41
9771 55
9772 34
9773 96
9774 37
9775 38
9776 46
9777 37
9778 53
9779 46
9780 30
9781 56
9782 41
9783 35
9784 58
9785 37
9786 96
9787 40
9788 39
9789 53
9790 28
9791 107
9792 39
9793 35
9794 104
9795 27
9796 104
9797 26
9798 97
9799 33
9800 22
9801 64
9802 27
9803 96
9804 26
9805 39
9806 63
9807 24
9808 40
9809 93
9810 44
9811 38
9812 48
9813 31
9814 96
9815 32
9816 40
9817 57
9818 35
9819 102
9820 33
9821 42
9822 67
9823 39
9824 56
9825 26
9826 50
9827 35
9828 52
9829 24
9830 51
9831 44
9832 39
9833 94
9834 27
9835 49
9836 54
9837 25
9838 36
9839 41
9840 34
9841 95
9842 37
9843 38
9844 59
9845 48
9846 44
9847 61
9848 37
9849 63
9850 39
9851 58
9852 34
9853 95
9854 30
9855 64
9856 26
9857 40
9858 61
9859 20
9860 96
9861 39
9862 44
9863 44
9864 31
9865 47
9866 41
9867 51
9868 32
9869 42
9870 28
9871 64
9872 29
9873 42
9874 48
9875 39
9876 102
9877 33
9878 38
9879 56
9880 32
9881 101
9882 39
9883 35
9884 60
9885 35
9886 99
9887 37
9888 35
9889 47
9890 38
9891 65
9892 28
9893 96
9894 43
9895 36
9896 50
9897 35
9898 103
9899 44
9900 44
9901 46
9902 27
9903 65
9904 32
9905 107
9906 29
9907 50
9908 54
9909 49
9910 62
9911 62
9912 70
9913 56
9914 39
9915 40
9916 50
9917 98
9918 27
9919 42
9920 50
9921 44
9922 68
9923 36
9924 68
9925 37
9926 61
9927 25
9928 64
9929 34
9930 35
9931 67
9932 43
9933 27
9934 106
9935 31
9936 61
9937 38
9938 111
9939 21
9940 60
9941 40
9942 48
9943 97
9944 56
9945 38
9946 61
9947 30
9948 107
9949 27
9950 96
9951 21
9952 35
9953 54
9954 33
9955 96
9956 30
9957 41
9958 99
9959 29
9960 45
9961 40
9962 99
9963 25
9964 57
9965 24
9966 109
9967 37
9968 43
9969 60
9970 36
9971 66
9972 33
9973 57
9974 55
9975 40
9976 70
9977 24
9978 54
9979 60
9980 34
9981 66
9982 48
9983 40
9984 43
9985 41
9986 50
9987 42
9988 100
9989 37
9990 61
9991 39
9992 67
9993 38
9994 64
9995 49
9996 43
9997 57
9998 39
9999 107
# sum: 50
# min: 10
# max: 1180
# err cnt: 0
