0 4485
1 4369
2 4402
3 4396
4 4392
5 4377
6 4408
7 4415
8 4358
9 4408
10 4395
11 4392
12 4400
13 4410
14 4394
15 4366
16 4390
17 4363
18 4407
19 4369
20 4394
21 4406
22 4403
23 4415
24 4379
25 4394
26 4404
27 4410
28 4407
29 4405
30 4352
31 4372
32 4358
33 4409
34 4388
35 4414
36 4373
37 4489
38 4347
39 4394
40 4404
41 4410
42 4385
43 4414
44 4396
45 4358
46 4379
47 4396
48 4432
49 4408
50 4351
51 4370
52 4356
53 4402
54 4359
55 4367
56 4398
57 4402
58 4359
59 4392
60 4362
61 4400
62 4362
63 4394
64 4359
65 4399
66 4355
67 4413
68 4394
69 4392
70 4388
71 4375
72 4356
73 4472
74 4405
75 4400
76 4373
77 4397
78 4361
79 4402
80 4390
81 4369
82 4384
83 4394
84 4363
85 4365
86 4446
87 4395
88 4392
89 4400
90 4414
91 4359
92 4364
93 4366
94 4375
95 4363
96 4390
97 4451
98 4369
99 4379
100 4396
101 4369
102 4390
103 4397
104 4373
105 4414
106 4356
107 4391
108 4383
109 4363
110 4363
111 4393
112 4354
113 4396
114 4398
115 4360
116 4395
117 4401
118 4387
119 4369
120 4387
121 4402
122 4359
123 4426
124 4367
125 4414
126 4381
127 4363
128 4406
129 4396
130 4365
131 4397
132 4355
133 4378
134 4396
135 4394
136 4375
137 4414
138 4383
139 4450
140 4398
141 4364
142 4403
143 4388
144 4390
145 4421
146 4376
147 4334
148 4372
149 4402
150 4374
151 4374
152 4353
153 4362
154 4398
155 4412
156 4389
157 4364
158 4354
159 4398
160 4364
161 4399
162 4388
163 4363
164 4354
165 4397
166 4387
167 4418
168 4377
169 4395
170 4355
171 4409
172 4353
173 4377
174 4402
175 4377
176 4380
177 4396
178 4386
179 4372
180 4352
181 4380
182 4354
183 4403
184 4408
185 4364
186 4383
187 4402
188 4385
189 4401
190 4389
191 4359
192 4390
193 4404
194 4364
195 4400
196 4356
197 4400
198 4426
199 4405
200 4354
201 4397
202 4390
203 4420
204 4409
205 4397
206 4356
207 4413
208 4375
209 4396
210 4405
211 4416
212 4404
213 4387
214 4391
215 4408
216 4407
217 4414
218 4403
219 4416
220 4371
221 4415
222 4358
223 4414
224 4394
225 4390
226 4387
227 4366
228 4398
229 4367
230 4406
231 4414
232 4375
233 4368
234 4355
235 4414
236 4378
237 4366
238 4393
239 4413
240 4357
241 4402
242 4357
243 4409
244 4392
245 4417
246 4379
247 4414
248 4403
249 4378
250 4360
251 4377
252 4404
253 4405
254 4389
255 4396
256 4360
257 4366
258 4366
259 4400
260 4404
261 4413
262 4420
263 4410
264 4430
265 4416
266 4385
267 4414
268 4371
269 4408
270 4355
271 4365
272 4399
273 4387
274 4397
275 4402
276 4359
277 4395
278 4372
279 4401
280 4374
281 4367
282 4395
283 4396
284 4357
285 4408
286 4357
287 4425
288 4361
289 4415
290 4395
291 4447
292 4401
293 4413
294 4408
295 4414
296 4417
297 4400
298 4404
299 4416
300 4356
301 4373
302 4449
303 4414
304 4405
305 4378
306 4430
307 4368
308 4372
309 4360
310 4373
311 4415
312 4347
313 4393
314 4399
315 4404
316 4404
317 4373
318 4417
319 4396
320 4406
321 4371
322 4400
323 4414
324 4393
325 4392
326 4401
327 4415
328 4403
329 4408
330 4381
331 4364
332 4358
333 4407
334 4350
335 4414
336 4388
337 4364
338 4381
339 4368
340 4407
341 4412
342 4395
343 4411
344 4402
345 4414
346 4373
347 4373
348 4402
349 4415
350 4404
351 4400
352 4401
353 4413
354 4422
355 4375
356 4388
357 4406
358 4384
359 4403
360 4361
361 4373
362 4410
363 4407
364 4420
365 4406
366 4441
367 4413
368 4398
369 4402
370 4408
371 4407
372 4423
373 4362
374 4393
375 4377
376 4398
377 4444
378 4405
379 4377
380 4389
381 4394
382 4357
383 4415
384 4349
385 4411
386 4386
387 4414
388 4374
389 4394
390 4403
391 4364
392 4384
393 4401
394 4466
395 4361
396 4379
397 4391
398 4390
399 4415
400 4401
401 4380
402 4405
403 4413
404 4379
405 4391
406 4357
407 4414
408 4384
409 4399
410 4404
411 4413
412 4396
413 4395
414 4404
415 4415
416 4403
417 4367
418 4353
419 4366
420 4427
421 4363
422 4410
423 4373
424 4368
425 4389
426 4394
427 4366
428 4401
429 4414
430 4365
431 4411
432 4352
433 4389
434 4384
435 4397
436 4409
437 4417
438 4395
439 4365
440 4399
441 4416
442 4387
443 4413
444 4378
445 4410
446 4389
447 4413
448 4348
449 4364
450 4368
451 4372
452 4401
453 4415
454 4397
455 4393
456 4405
457 4420
458 4390
459 4397
460 4414
461 4409
462 4384
463 4415
464 4377
465 4392
466 4401
467 4413
468 4404
469 4399
470 4406
471 4412
472 4427
473 4393
474 4401
475 4366
476 4388
477 4405
478 4393
479 4481
480 4399
481 4414
482 4394
483 4366
484 4408
485 4366
486 4372
487 4371
488 4375
489 4374
490 4404
491 4365
492 4394
493 4364
494 4398
495 4377
496 4350
497 4398
498 4392
499 4415
500 4350
501 4397
502 4405
503 4411
504 4376
505 4396
506 4412
507 4412
508 4414
509 4393
510 4401
511 4365
512 4382
513 4419
514 4358
515 4415
516 4417
517 4366
518 4401
519 4408
520 4354
521 4371
522 4401
523 4369
524 4395
525 4397
526 4405
527 4382
528 4405
529 4376
530 4399
531 4408
532 4424
533 4355
534 4403
535 4406
536 4405
537 4407
538 4377
539 4402
540 4401
541 4414
542 4429
543 4375
544 4403
545 4366
546 4405
547 4469
548 4371
549 4399
550 4405
551 4408
552 4370
553 4379
554 4404
555 4416
556 4388
557 4392
558 4420
559 4410
560 4383
561 4410
562 4381
563 4413
564 4372
565 4399
566 4395
567 4413
568 4367
569 4399
570 4358
571 4414
572 4438
573 4394
574 4404
575 4414
576 4391
577 4392
578 4401
579 4420
580 4357
581 4372
582 4364
583 4426
584 4420
585 4368
586 4351
587 4412
588 4378
589 4403
590 4357
591 4365
592 4404
593 4415
594 4393
595 4368
596 4369
597 4407
598 4396
599 4398
600 4451
601 4364
602 4397
603 4376
604 4400
605 4401
606 4378
607 4407
608 4402
609 4411
610 4396
611 4393
612 4398
613 4390
614 4390
615 4363
616 4396
617 4403
618 4401
619 4413
620 4402
621 4459
622 4387
623 4393
624 4402
625 4415
626 4382
627 4394
628 4399
629 4391
630 4419
631 4414
632 4394
633 4415
634 4397
635 4398
636 4404
637 4410
638 4400
639 4414
640 4380
641 4362
642 4357
643 4408
644 4370
645 4391
646 4399
647 4377
648 4437
649 4415
650 4430
651 4366
652 4377
653 4414
654 4405
655 4357
656 4402
657 4414
658 4398
659 4380
660 4389
661 4415
662 4396
663 4394
664 4406
665 4378
666 4402
667 4414
668 4392
669 4370
670 4423
671 4413
672 4397
673 4365
674 4398
675 4447
676 4381
677 4397
678 4381
679 4414
680 4395
681 4409
682 4397
683 4382
684 4364
685 4374
686 4351
687 4392
688 4361
689 4415
690 4376
691 4393
692 4381
693 4413
694 4396
695 4397
696 4423
697 4413
698 4412
699 4357
700 4408
701 4413
702 4410
703 4405
704 4401
705 4392
706 4401
707 4412
708 4342
709 4395
710 4398
711 4414
712 4351
713 4413
714 4411
715 4414
716 4398
717 4447
718 4359
719 4400
720 4395
721 4443
722 4436
723 4404
724 4402
725 4396
726 4404
727 4415
728 4379
729 4425
730 4397
731 4371
732 4383
733 4400
734 4406
735 4414
736 4371
737 4435
738 4392
739 4412
740 4404
741 4479
742 4357
743 4416
744 4405
745 4371
746 4406
747 4414
748 4390
749 4401
750 4403
751 4407
752 4405
753 4411
754 4395
755 4393
756 4405
757 4410
758 4395
759 4398
760 4402
761 4359
762 4380
763 4421
764 4487
765 4415
766 4389
767 4378
768 4432
769 4416
770 4377
771 4434
772 4406
773 4381
774 4404
775 4413
776 4399
777 4394
778 4403
779 4414
780 4371
781 4416
782 4388
783 4410
784 4402
785 4415
786 4397
787 4403
788 4388
789 4404
790 4392
791 4408
792 4359
793 4392
794 4407
795 4414
796 4395
797 4431
798 4402
799 4413
800 4391
801 4371
802 4393
803 4413
804 4353
805 4410
806 4404
807 4413
808 4394
809 4412
810 4360
811 4415
812 4423
813 4449
814 4406
815 4409
816 4393
817 4373
818 4405
819 4412
820 4355
821 4371
822 4370
823 4412
824 4379
825 4406
826 4401
827 4417
828 4439
829 4447
830 4407
831 4416
832 4375
833 4381
834 4399
835 4410
836 4397
837 4409
838 4439
839 4414
840 4386
841 4399
842 4398
843 4414
844 4397
845 4369
846 4403
847 4413
848 4359
849 4362
850 4401
851 4382
852 4435
853 4401
854 4369
855 4351
856 4358
857 4416
858 4404
859 4385
860 4406
861 4409
862 4377
863 4369
864 4409
865 4423
866 4367
867 4391
868 4398
869 4417
870 4372
871 4372
872 4402
873 4407
874 4379
875 4357
876 4380
877 4415
878 4426
879 4396
880 4386
881 4362
882 4374
883 4368
884 4404
885 4408
886 4364
887 4372
888 4405
889 4413
890 4363
891 4414
892 4403
893 4414
894 4395
895 4396
896 4376
897 4410
898 4421
899 4414
900 4394
901 4416
902 4410
903 4364
904 4352
905 4401
906 4413
907 4412
908 4381
909 4414
910 4454
911 4414
912 4358
913 4384
914 4402
915 4412
916 4402
917 4404
918 4406
919 4396
920 4384
921 4414
922 4481
923 4382
924 4385
925 4384
926 4354
927 4432
928 4379
929 4397
930 4385
931 4370
932 4404
933 4376
934 4352
935 4391
936 4387
937 4411
938 4385
939 4364
940 4390
941 4417
942 4401
943 4402
944 4446
945 4397
946 4366
947 4401
948 4358
949 4360
950 4402
951 4358
952 4373
953 4403
954 4349
955 4356
956 4387
957 4378
958 4383
959 4412
960 4380
961 4400
962 4423
963 4413
964 4368
965 4372
966 4362
967 4374
968 4359
969 4363
970 4377
971 4395
972 4391
973 4401
974 4386
975 4370
976 4376
977 4396
978 4373
979 4366
980 4369
981 4359
982 4370
983 4415
984 4353
985 4402
986 4357
987 4390
988 4359
989 4359
990 4362
991 4389
992 4390
993 4405
994 4374
995 4366
996 4406
997 4395
998 4398
999 4416
# sum: 4393
# min: 4334
# max: 4489
# err cnt: 0
