0 27
1 23
2 19
3 19
4 19
5 29
6 32
7 26
8 35
9 26
10 15
11 17
12 130
13 17
14 22
15 15
16 13
17 12
18 24
19 19
20 76
21 14
22 20
23 21
24 16
25 18
26 16
27 30
28 13
29 17
30 13
31 17
32 25
33 16
34 12
35 14
36 127
37 19
38 18
39 13
40 18
41 12
42 12
43 13
44 12
45 12
46 17
47 13
48 12
49 54
50 21
51 47
52 22
53 27
54 21
55 50
56 21
57 16
58 16
59 25
60 18
61 18
62 13
63 17
64 243
65 17
66 18
67 16
68 22
69 15
70 18
71 232
72 18
73 17
74 15
75 13
76 12
77 38
78 16
79 23
80 14
81 19
82 20
83 17
84 18
85 16
86 44
87 14
88 17
89 201
90 18
91 13
92 12
93 21
94 17
95 13
96 16
97 184
98 18
99 18
100 20
101 17
102 218
103 20
104 32
105 19
106 14
107 14
108 14
109 14
110 21
111 25
112 18
113 14
114 14
115 15
116 14
117 19
118 14
119 19
120 23
121 20
122 347
123 18
124 145
125 19
126 22
127 16
128 21
129 14
130 29
131 17
132 14
133 13
134 38
135 14
136 16
137 14
138 18
139 252
140 18
141 18
142 19
143 15
144 14
145 14
146 14
147 15
148 20
149 14
150 24
151 19
152 16
153 21
154 16
155 16
156 16
157 27
158 18
159 23
160 88
161 22
162 18
163 20
164 20
165 16
166 55
167 18
168 17
169 13
170 17
171 43
172 14
173 19
174 12
175 13
176 12
177 19
178 13
179 17
180 23
181 24
182 36
183 15
184 19
185 14
186 18
187 65
188 16
189 20
190 14
191 15
192 15
193 95
194 13
195 33
196 18
197 78
198 14
199 17
200 12
201 16
202 41
203 17
204 17
205 12
206 17
207 12
208 12
209 12
210 27
211 18
212 19
213 38
214 18
215 15
216 14
217 14
218 19
219 15
220 14
221 19
222 188
223 21
224 22
225 19
226 67
227 19
228 19
229 14
230 19
231 15
232 23
233 16
234 17
235 13
236 18
237 226
238 19
239 173
240 18
241 18
242 13
243 16
244 17
245 16
246 93
247 13
248 12
249 12
250 12
251 13
252 17
253 295
254 21
255 106
256 15
257 19
258 14
259 19
260 259
261 21
262 258
263 20
264 87
265 18
266 17
267 13
268 11
269 11
270 15
271 12
272 11
273 17
274 20
275 20
276 34
277 18
278 21
279 15
280 18
281 14
282 18
283 147
284 20
285 63
286 13
287 14
288 12
289 12
290 16
291 50
292 17
293 19
294 14
295 13
296 12
297 12
298 97
299 13
300 12
301 16
302 13
303 17
304 69
305 19
306 20
307 15
308 14
309 14
310 14
311 20
312 14
313 19
314 22
315 20
316 14
317 18
318 56
319 19
320 18
321 20
322 16
323 36
324 24
325 13
326 13
327 13
328 17
329 23
330 17
331 20
332 17
333 44
334 21
335 17
336 278
337 18
338 20
339 19
340 31
341 18
342 14
343 14
344 48
345 20
346 20
347 20
348 16
349 185
350 17
351 25
352 15
353 18
354 15
355 17
356 19
357 15
358 12
359 12
360 13
361 15
362 49
363 14
364 11
365 12
366 15
367 17
368 18
369 14
370 156
371 21
372 197
373 21
374 34
375 19
376 20
377 14
378 22
379 15
380 14
381 13
382 13
383 20
384 245
385 20
386 56
387 18
388 22
389 16
390 19
391 210
392 17
393 167
394 18
395 36
396 17
397 13
398 12
399 35
400 16
401 17
402 15
403 16
404 18
405 22
406 18
407 13
408 18
409 21
410 17
411 17
412 12
413 12
414 12
415 22
416 17
417 17
418 28
419 17
420 67
421 13
422 17
423 118
424 17
425 12
426 13
427 13
428 12
429 12
430 18
431 13
432 19
433 12
434 19
435 13
436 14
437 15
438 20
439 252
440 20
441 40
442 18
443 44
444 18
445 24
446 19
447 21
448 15
449 16
450 278
451 17
452 12
453 13
454 12
455 91
456 14
457 19
458 15
459 18
460 208
461 20
462 320
463 19
464 53
465 20
466 78
467 14
468 78
469 14
470 12
471 12
472 237
473 18
474 13
475 14
476 19
477 20
478 20
479 51
480 19
481 26
482 18
483 24
484 39
485 19
486 46
487 20
488 15
489 187
490 14
491 12
492 11
493 11
494 15
495 55
496 15
497 13
498 15
499 15
500 14
501 21
502 14
503 15
504 19
505 260
506 20
507 41
508 19
509 19
510 21
511 20
512 14
513 14
514 14
515 22
516 19
517 89
518 16
519 23
520 22
521 18
522 15
523 18
524 79
525 21
526 109
527 23
528 19
529 12
530 11
531 12
532 17
533 15
534 15
535 12
536 15
537 11
538 16
539 17
540 15
541 18
542 21
543 19
544 258
545 21
546 14
547 14
548 17
549 17
550 32
551 16
552 16
553 19
554 17
555 246
556 16
557 65
558 16
559 18
560 12
561 19
562 12
563 13
564 12
565 29
566 16
567 18
568 13
569 16
570 14
571 16
572 14
573 18
574 14
575 18
576 14
577 18
578 19
579 19
580 17
581 12
582 12
583 13
584 49
585 14
586 19
587 14
588 26
589 14
590 18
591 46
592 17
593 16
594 274
595 17
596 61
597 19
598 13
599 14
600 12
601 17
602 17
603 18
604 13
605 18
606 49
607 19
608 21
609 13
610 17
611 14
612 19
613 20
614 16
615 13
616 12
617 111
618 18
619 35
620 18
621 14
622 14
623 60
624 39
625 18
626 18
627 19
628 48
629 21
630 24
631 14
632 18
633 12
634 12
635 13
636 25
637 16
638 17
639 14
640 20
641 18
642 34
643 16
644 21
645 19
646 68
647 16
648 20
649 22
650 20
651 30
652 17
653 12
654 12
655 24
656 16
657 123
658 18
659 32
660 13
661 16
662 13
663 17
664 32
665 17
666 35
667 16
668 17
669 12
670 13
671 13
672 249
673 17
674 12
675 14
676 12
677 16
678 17
679 13
680 14
681 17
682 16
683 138
684 21
685 16
686 25
687 23
688 149
689 23
690 124
691 19
692 17
693 13
694 18
695 139
696 19
697 12
698 12
699 13
700 18
701 113
702 18
703 18
704 13
705 18
706 35
707 16
708 15
709 17
710 18
711 17
712 21
713 13
714 12
715 13
716 17
717 19
718 17
719 104
720 26
721 24
722 18
723 18
724 196
725 18
726 137
727 17
728 19
729 16
730 12
731 13
732 29
733 17
734 19
735 144
736 18
737 44
738 13
739 16
740 13
741 16
742 12
743 13
744 12
745 12
746 21
747 14
748 225
749 18
750 13
751 14
752 16
753 17
754 22
755 18
756 19
757 18
758 20
759 266
760 21
761 176
762 21
763 51
764 16
765 20
766 14
767 18
768 12
769 12
770 12
771 23
772 14
773 18
774 32
775 17
776 31
777 13
778 16
779 225
780 18
781 19
782 16
783 32
784 17
785 13
786 12
787 14
788 16
789 19
790 13
791 26
792 238
793 20
794 73
795 19
796 20
797 18
798 38
799 18
800 19
801 14
802 15
803 14
804 57
805 14
806 17
807 13
808 16
809 12
810 17
811 21
812 14
813 13
814 12
815 40
816 14
817 18
818 13
819 18
820 13
821 12
822 19
823 14
824 52
825 18
826 18
827 15
828 18
829 14
830 19
831 297
832 27
833 19
834 14
835 18
836 179
837 17
838 13
839 14
840 12
841 16
842 56
843 18
844 18
845 14
846 18
847 15
848 17
849 231
850 19
851 39
852 18
853 17
854 13
855 13
856 12
857 19
858 13
859 17
860 12
861 16
862 19
863 14
864 19
865 13
866 17
867 110
868 19
869 63
870 17
871 14
872 12
873 19
874 14
875 15
876 18
877 14
878 13
879 15
880 14
881 14
882 81
883 28
884 55
885 22
886 19
887 15
888 20
889 14
890 19
891 254
892 17
893 24
894 20
895 12
896 11
897 11
898 11
899 16
900 25
901 14
902 15
903 15
904 17
905 19
906 20
907 38
908 17
909 19
910 23
911 19
912 102
913 19
914 79
915 16
916 11
917 11
918 11
919 17
920 15
921 15
922 14
923 15
924 19
925 15
926 300
927 16
928 20
929 14
930 18
931 146
932 18
933 13
934 18
935 13
936 19
937 13
938 17
939 34
940 18
941 38
942 13
943 16
944 20
945 17
946 13
947 14
948 12
949 12
950 93
951 18
952 155
953 18
954 20
955 15
956 15
957 19
958 39
959 19
960 257
961 21
962 22
963 19
964 30
965 19
966 17
967 150
968 19
969 73
970 14
971 13
972 13
973 12
974 17
975 14
976 19
977 223
978 22
979 67
980 20
981 21
982 16
983 19
984 273
985 17
986 32
987 15
988 11
989 11
990 11
991 16
992 17
993 13
994 16
995 16
996 25
997 18
998 19
999 243
1000 21
1001 24
1002 19
1003 36
1004 18
1005 19
1006 14
1007 14
1008 12
1009 166
1010 17
1011 34
1012 18
1013 17
1014 175
1015 17
1016 234
1017 18
1018 13
1019 13
1020 19
1021 16
1022 41
1023 13
1024 16
1025 21
1026 14
1027 16
1028 197
1029 21
1030 251
1031 21
1032 231
1033 20
1034 139
1035 29
1036 21
1037 20
1038 17
1039 17
1040 17
1041 16
1042 12
1043 13
1044 12
1045 33
1046 16
1047 18
1048 13
1049 16
1050 31
1051 16
1052 17
1053 20
1054 17
1055 128
1056 17
1057 17
1058 13
1059 13
1060 12
1061 17
1062 13
1063 17
1064 21
1065 16
1066 17
1067 14
1068 19
1069 21
1070 18
1071 250
1072 18
1073 19
1074 14
1075 15
1076 22
1077 22
1078 14
1079 13
1080 12
1081 12
1082 12
1083 17
1084 12
1085 17
1086 59
1087 14
1088 16
1089 22
1090 37
1091 19
1092 20
1093 109
1094 22
1095 22
1096 21
1097 52
1098 18
1099 14
1100 12
1101 12
1102 53
1103 16
1104 17
1105 24
1106 18
1107 20
1108 17
1109 17
1110 100
1111 20
1112 19
1113 13
1114 18
1115 14
1116 12
1117 19
1118 14
1119 16
1120 21
1121 219
1122 20
1123 15
1124 14
1125 14
1126 14
1127 42
1128 19
1129 23
1130 18
1131 17
1132 18
1133 17
1134 18
1135 24
1136 16
1137 20
1138 16
1139 14
1140 12
1141 18
1142 67
1143 18
1144 19
1145 15
1146 17
1147 13
1148 19
1149 15
1150 19
1151 180
1152 18
1153 20
1154 19
1155 19
1156 14
1157 14
1158 22
1159 18
1160 14
1161 16
1162 190
1163 15
1164 135
1165 19
1166 34
1167 17
1168 77
1169 18
1170 22
1171 17
1172 16
1173 12
1174 12
1175 13
1176 17
1177 153
1178 19
1179 18
1180 27
1181 19
1182 14
1183 19
1184 45
1185 20
1186 14
1187 15
1188 15
1189 20
1190 307
1191 16
1192 12
1193 12
1194 12
1195 38
1196 18
1197 18
1198 13
1199 17
1200 13
1201 18
1202 14
1203 17
1204 139
1205 18
1206 18
1207 21
1208 17
1209 21
1210 13
1211 232
1212 18
1213 81
1214 14
1215 17
1216 13
1217 16
1218 17
1219 16
1220 16
1221 13
1222 17
1223 144
1224 18
1225 12
1226 12
1227 13
1228 17
1229 20
1230 16
1231 16
1232 211
1233 18
1234 26
1235 16
1236 92
1237 13
1238 16
1239 100
1240 16
1241 12
1242 12
1243 20
1244 17
1245 119
1246 17
1247 19
1248 20
1249 17
1250 150
1251 19
1252 34
1253 18
1254 20
1255 18
1256 19
1257 14
1258 14
1259 15
1260 157
1261 21
1262 307
1263 18
1264 94
1265 21
1266 20
1267 15
1268 19
1269 304
1270 28
1271 262
1272 17
1273 17
1274 19
1275 17
1276 13
1277 12
1278 12
1279 17
1280 12
1281 14
1282 16
1283 25
1284 19
1285 18
1286 205
1287 21
1288 14
1289 14
1290 14
1291 16
1292 20
1293 19
1294 190
1295 21
1296 22
1297 21
1298 29
1299 15
1300 25
1301 15
1302 13
1303 13
1304 203
1305 19
1306 18
1307 15
1308 17
1309 200
1310 19
1311 20
1312 16
1313 19
1314 14
1315 19
1316 17
1317 19
1318 14
1319 14
1320 16
1321 26
1322 139
1323 16
1324 28
1325 16
1326 16
1327 13
1328 16
1329 25
1330 17
1331 43
1332 16
1333 12
1334 12
1335 13
1336 23
1337 13
1338 12
1339 13
1340 12
1341 12
1342 194
1343 25
1344 257
1345 24
1346 37
1347 22
1348 74
1349 18
1350 200
1351 21
1352 18
1353 13
1354 12
1355 13
1356 12
1357 12
1358 12
1359 13
1360 12
1361 12
1362 18
1363 14
1364 20
1365 18
1366 18
1367 20
1368 19
1369 19
1370 18
1371 25
1372 31
1373 24
1374 21
1375 22
1376 22
1377 21
1378 21
1379 24
1380 22
1381 21
1382 21
1383 22
1384 21
1385 21
1386 31
1387 22
1388 19
1389 18
1390 19
1391 97
1392 34
1393 56
1394 17
1395 16
1396 14
1397 22
1398 18
1399 15
1400 19
1401 14
1402 19
1403 26
1404 17
1405 13
1406 16
1407 44
1408 18
1409 17
1410 20
1411 18
1412 101
1413 16
1414 16
1415 15
1416 11
1417 11
1418 15
1419 14
1420 15
1421 11
1422 11
1423 18
1424 12
1425 18
1426 14
1427 172
1428 21
1429 57
1430 19
1431 20
1432 23
1433 27
1434 17
1435 18
1436 12
1437 12
1438 12
1439 28
1440 16
1441 18
1442 12
1443 26
1444 14
1445 20
1446 42
1447 21
1448 20
1449 55
1450 19
1451 15
1452 19
1453 14
1454 16
1455 14
1456 18
1457 16
1458 16
1459 14
1460 16
1461 12
1462 12
1463 13
1464 272
1465 16
1466 27
1467 19
1468 191
1469 21
1470 19
1471 16
1472 20
1473 14
1474 23
1475 16
1476 18
1477 185
1478 18
1479 53
1480 18
1481 62
1482 14
1483 17
1484 91
1485 17
1486 55
1487 18
1488 35
1489 18
1490 13
1491 14
1492 15
1493 18
1494 125
1495 18
1496 17
1497 143
1498 18
1499 18
1500 13
1501 18
1502 12
1503 18
1504 45
1505 17
1506 12
1507 14
1508 12
1509 16
1510 25
1511 18
1512 246
1513 17
1514 19
1515 16
1516 19
1517 143
1518 19
1519 21
1520 91
1521 15
1522 20
1523 14
1524 19
1525 23
1526 16
1527 30
1528 17
1529 29
1530 16
1531 21
1532 12
1533 12
1534 40
1535 26
1536 231
1537 19
1538 161
1539 21
1540 110
1541 21
1542 22
1543 19
1544 20
1545 14
1546 15
1547 14
1548 17
1549 12
1550 18
1551 14
1552 18
1553 22
1554 17
1555 19
1556 13
1557 17
1558 13
1559 17
1560 20
1561 17
1562 13
1563 13
1564 93
1565 17
1566 15
1567 15
1568 19
1569 14
1570 19
1571 16
1572 19
1573 15
1574 19
1575 200
1576 18
1577 20
1578 12
1579 12
1580 11
1581 237
1582 15
1583 13
1584 15
1585 126
1586 17
1587 41
1588 15
1589 19
1590 14
1591 20
1592 206
1593 21
1594 14
1595 14
1596 22
1597 16
1598 18
1599 14
1600 12
1601 12
1602 22
1603 17
1604 15
1605 16
1606 26
1607 17
1608 204
1609 20
1610 24
1611 19
1612 249
1613 21
1614 164
1615 21
1616 20
1617 14
1618 12
1619 13
1620 17
1621 12
1622 17
1623 135
1624 19
1625 69
1626 17
1627 18
1628 16
1629 19
1630 14
1631 18
1632 165
1633 20
1634 14
1635 15
1636 22
1637 19
1638 68
1639 17
1640 17
1641 13
1642 17
1643 13
1644 17
1645 13
1646 17
1647 21
1648 14
1649 19
1650 13
1651 13
1652 12
1653 40
1654 17
1655 16
1656 13
1657 17
1658 78
1659 18
1660 18
1661 17
1662 18
1663 160
1664 18
1665 35
1666 17
1667 19
1668 13
1669 81
1670 17
1671 17
1672 13
1673 17
1674 87
1675 19
1676 44
1677 20
1678 16
1679 15
1680 17
1681 19
1682 16
1683 13
1684 12
1685 13
1686 16
1687 210
1688 19
1689 21
1690 23
1691 18
1692 19
1693 21
1694 14
1695 15
1696 14
1697 104
1698 18
1699 24
1700 13
1701 18
1702 13
1703 13
1704 12
1705 56
1706 13
1707 17
1708 13
1709 18
1710 118
1711 18
1712 19
1713 19
1714 17
1715 89
1716 17
1717 14
1718 21
1719 13
1720 12
1721 12
1722 16
1723 14
1724 16
1725 33
1726 15
1727 19
1728 13
1729 18
1730 325
1731 19
1732 65
1733 15
1734 19
1735 15
1736 14
1737 14
1738 74
1739 21
1740 20
1741 14
1742 18
1743 13
1744 18
1745 100
1746 19
1747 90
1748 18
1749 19
1750 13
1751 85
1752 19
1753 18
1754 13
1755 12
1756 12
1757 19
1758 13
1759 26
1760 92
1761 19
1762 80
1763 19
1764 22
1765 16
1766 21
1767 16
1768 20
1769 228
1770 20
1771 13
1772 13
1773 20
1774 16
1775 14
1776 18
1777 15
1778 16
1779 36
1780 18
1781 25
1782 17
1783 18
1784 14
1785 14
1786 13
1787 79
1788 21
1789 14
1790 19
1791 15
1792 14
1793 14
1794 13
1795 23
1796 20
1797 18
1798 223
1799 20
1800 250
1801 20
1802 111
1803 19
1804 20
1805 14
1806 27
1807 17
1808 19
1809 14
1810 22
1811 16
1812 27
1813 16
1814 18
1815 14
1816 16
1817 41
1818 17
1819 80
1820 13
1821 16
1822 43
1823 19
1824 32
1825 18
1826 13
1827 14
1828 12
1829 17
1830 19
1831 18
1832 16
1833 19
1834 31
1835 15
1836 20
1837 110
1838 15
1839 15
1840 14
1841 18
1842 19
1843 41
1844 18
1845 27
1846 19
1847 13
1848 12
1849 12
1850 12
1851 21
1852 14
1853 15
1854 14
1855 14
1856 14
1857 14
1858 14
1859 19
1860 17
1861 23
1862 18
1863 24
1864 22
1865 21
1866 21
1867 25
1868 21
1869 21
1870 21
1871 29
1872 23
1873 21
1874 21
1875 24
1876 21
1877 21
1878 21
1879 24
1880 21
1881 28
1882 50
1883 28
1884 19
1885 36
1886 23
1887 88
1888 29
1889 188
1890 27
1891 99
1892 26
1893 28
1894 15
1895 16
1896 10
1897 13
1898 10
1899 10
1900 10
1901 10
1902 13
1903 16
1904 19
1905 14
1906 19
1907 15
1908 18
1909 14
1910 19
1911 20
1912 18
1913 17
1914 12
1915 17
1916 12
1917 12
1918 12
1919 13
1920 12
1921 12
1922 14
1923 22
1924 16
1925 32
1926 25
1927 18
1928 22
1929 17
1930 24
1931 18
1932 22
1933 16
1934 17
1935 22
1936 17
1937 20
1938 17
1939 13
1940 12
1941 15
1942 17
1943 103
1944 18
1945 18
1946 15
1947 19
1948 17
1949 18
1950 258
1951 22
1952 73
1953 14
1954 17
1955 14
1956 12
1957 12
1958 18
1959 31
1960 18
1961 18
1962 16
1963 17
1964 13
1965 16
1966 88
1967 17
1968 20
1969 13
1970 17
1971 13
1972 20
1973 14
1974 15
1975 14
1976 14
1977 14
1978 20
1979 19
1980 14
1981 19
1982 21
1983 19
1984 333
1985 21
1986 98
1987 24
1988 276
1989 24
1990 264
1991 24
1992 49
1993 18
1994 12
1995 11
1996 18
1997 66
1998 17
1999 15
2000 12
2001 15
2002 18
2003 16
2004 20
2005 22
2006 19
2007 48
2008 20
2009 21
2010 18
2011 21
2012 18
2013 15
2014 12
2015 29
2016 15
2017 11
2018 16
2019 67
2020 16
2021 15
2022 11
2023 15
2024 14
2025 18
2026 192
2027 19
2028 72
2029 19
2030 14
2031 15
2032 21
2033 19
2034 158
2035 18
2036 17
2037 13
2038 12
2039 13
2040 12
2041 18
2042 13
2043 56
2044 19
2045 15
2046 20
2047 16
2048 21
2049 110
2050 22
2051 15
2052 14
2053 22
2054 25
2055 19
2056 19
2057 14
2058 19
2059 15
2060 19
2061 32
2062 18
2063 24
2064 19
2065 16
2066 15
2067 18
2068 12
2069 12
2070 12
2071 18
2072 158
2073 18
2074 116
2075 20
2076 151
2077 20
2078 140
2079 21
2080 19
2081 14
2082 21
2083 15
2084 19
2085 13
2086 12
2087 13
2088 73
2089 13
2090 16
2091 138
2092 19
2093 18
2094 21
2095 19
2096 16
2097 14
2098 13
2099 15
2100 26
2101 20
2102 14
2103 19
2104 23
2105 20
2106 18
2107 16
2108 14
2109 14
2110 19
2111 271
2112 19
2113 58
2114 27
2115 20
2116 15
2117 21
2118 26
2119 20
2120 21
2121 19
2122 36
2123 16
2124 17
2125 16
2126 349
2127 19
2128 16
2129 220
2130 18
2131 18
2132 16
2133 16
2134 13
2135 17
2136 12
2137 16
2138 12
2139 16
2140 18
2141 16
2142 13
2143 14
2144 16
2145 16
2146 16
2147 130
2148 17
2149 22
2150 18
2151 82
2152 29
2153 18
2154 17
2155 15
2156 17
2157 34
2158 18
2159 14
2160 12
2161 66
2162 17
2163 17
2164 87
2165 18
2166 14
2167 14
2168 16
2169 14
2170 19
2171 15
2172 113
2173 20
2174 156
2175 21
2176 203
2177 21
2178 22
2179 19
2180 19
2181 21
2182 19
2183 15
2184 14
2185 22
2186 41
2187 19
2188 76
2189 15
2190 19
2191 140
2192 21
2193 37
2194 18
2195 49
2196 21
2197 18
2198 259
2199 19
2200 13
2201 12
2202 12
2203 22
2204 16
2205 17
2206 14
2207 20
2208 18
2209 20
2210 16
2211 18
2212 232
2213 19
2214 50
2215 20
2216 30
2217 17
2218 13
2219 14
2220 34
2221 16
2222 18
2223 16
2224 17
2225 12
2226 17
2227 18
2228 19
2229 23
2230 18
2231 18
2232 14
2233 18
2234 14
2235 15
2236 21
2237 19
2238 14
2239 18
2240 101
2241 18
2242 18
2243 14
2244 19
2245 138
2246 26
2247 26
2248 18
2249 17
2250 12
2251 13
2252 12
2253 12
2254 12
2255 13
2256 15
2257 18
2258 15
2259 67
2260 16
2261 22
2262 18
2263 59
2264 16
2265 134
2266 21
2267 30
2268 19
2269 18
2270 43
2271 21
2272 14
2273 14
2274 14
2275 23
2276 19
2277 57
2278 19
2279 19
2280 217
2281 19
2282 156
2283 19
2284 37
2285 16
2286 17
2287 250
2288 17
2289 13
2290 12
2291 20
2292 18
2293 41
2294 13
2295 36
2296 16
2297 41
2298 14
2299 20
2300 23
2301 18
2302 317
2303 19
2304 28
2305 19
2306 14
2307 23
2308 72
2309 21
2310 20
2311 18
2312 19
2313 14
2314 20
2315 15
2316 18
2317 34
2318 18
2319 17
2320 13
2321 17
2322 12
2323 13
2324 12
2325 16
2326 113
2327 16
2328 18
2329 16
2330 20
2331 15
2332 20
2333 106
2334 19
2335 22
2336 18
2337 19
2338 16
2339 13
2340 11
2341 18
2342 15
2343 81
2344 16
2345 16
2346 18
2347 16
2348 16
2349 14
2350 21
2351 24
2352 19
2353 180
2354 19
2355 14
2356 14
2357 14
2358 19
2359 23
2360 19
2361 30
2362 15
2363 21
2364 14
2365 14
2366 13
2367 191
2368 21
2369 34
2370 18
2371 15
2372 46
2373 21
2374 75
2375 15
2376 27
2377 20
2378 20
2379 16
2380 12
2381 12
2382 18
2383 13
2384 19
2385 13
2386 17
2387 64
2388 25
2389 20
2390 54
2391 19
2392 261
2393 20
2394 48
2395 20
2396 14
2397 14
2398 14
2399 20
2400 196
2401 21
2402 19
2403 19
2404 114
2405 19
2406 95
2407 16
2408 23
2409 18
2410 17
2411 67
2412 19
2413 13
2414 13
2415 12
2416 12
2417 18
2418 13
2419 14
2420 16
2421 14
2422 14
2423 15
2424 20
2425 14
2426 21
2427 15
2428 21
2429 21
2430 18
2431 15
2432 19
2433 23
2434 18
2435 76
2436 15
2437 13
2438 14
2439 173
2440 22
2441 75
2442 17
2443 21
2444 17
2445 18
2446 180
2447 18
2448 156
2449 18
2450 18
2451 13
2452 17
2453 13
2454 12
2455 13
2456 60
2457 17
2458 18
2459 14
2460 17
2461 16
2462 21
2463 15
2464 14
2465 38
2466 19
2467 256
2468 20
2469 144
2470 20
2471 122
2472 18
2473 12
2474 13
2475 196
2476 18
2477 18
2478 48
2479 16
2480 238
2481 17
2482 18
2483 16
2484 50
2485 41
2486 17
2487 136
2488 16
2489 12
2490 19
2491 13
2492 12
2493 12
2494 12
2495 17
2496 13
2497 16
2498 17
2499 13
2500 24
2501 14
2502 19
2503 239
2504 19
2505 31
2506 16
2507 20
2508 14
2509 14
2510 22
2511 48
2512 18
2513 19
2514 14
2515 17
2516 14
2517 18
2518 15
2519 20
2520 66
2521 15
2522 18
2523 13
2524 18
2525 13
2526 12
2527 12
2528 21
2529 20
2530 17
2531 17
2532 238
2533 19
2534 52
2535 19
2536 24
2537 19
2538 19
2539 51
2540 15
2541 20
2542 322
2543 15
2544 11
2545 11
2546 139
2547 17
2548 36
2549 15
2550 15
2551 16
2552 19
2553 14
2554 13
2555 14
2556 19
2557 17
2558 19
2559 17
2560 18
2561 186
2562 21
2563 15
2564 14
2565 14
2566 20
2567 23
2568 18
2569 262
2570 18
2571 235
2572 20
2573 20
2574 14
2575 51
2576 15
2577 19
2578 14
2579 19
2580 14
2581 23
2582 16
2583 144
2584 19
2585 18
2586 13
2587 18
2588 246
2589 18
2590 155
2591 24
2592 19
2593 13
2594 17
2595 20
2596 17
2597 13
2598 12
2599 14
2600 16
2601 124
2602 17
2603 21
2604 13
2605 12
2606 12
2607 19
2608 17
2609 194
2610 18
2611 19
2612 15
2613 16
2614 15
2615 18
2616 12
2617 12
2618 12
2619 17
2620 13
2621 16
2622 15
2623 16
2624 198
2625 19
2626 106
2627 19
2628 50
2629 21
2630 21
2631 266
2632 29
2633 16
2634 14
2635 13
2636 12
2637 130
2638 18
2639 85
2640 19
2641 18
2642 21
2643 17
2644 15
2645 18
2646 303
2647 19
2648 61
2649 18
2650 19
2651 16
2652 14
2653 15
2654 13
2655 15
2656 14
2657 14
2658 19
2659 15
2660 52
2661 18
2662 108
2663 20
2664 163
2665 21
2666 150
2667 21
2668 19
2669 14
2670 18
2671 16
2672 19
2673 23
2674 16
2675 14
2676 17
2677 13
2678 16
2679 202
2680 17
2681 16
2682 13
2683 25
2684 126
2685 16
2686 213
2687 18
2688 17
2689 16
2690 12
2691 13
2692 14
2693 16
2694 217
2695 19
2696 63
2697 16
2698 19
2699 229
2700 19
2701 25
2702 18
2703 19
2704 15
2705 17
2706 13
2707 13
2708 12
2709 12
2710 146
2711 17
2712 18
2713 13
2714 17
2715 15
2716 19
2717 39
2718 18
2719 15
2720 14
2721 30
2722 18
2723 267
2724 20
2725 68
2726 17
2727 13
2728 13
2729 12
2730 16
2731 161
2732 16
2733 36
2734 33
2735 16
2736 17
2737 18
2738 18
2739 18
2740 17
2741 18
2742 20
2743 18
2744 14
2745 15
2746 25
2747 17
2748 17
2749 12
2750 17
2751 13
2752 16
2753 21
2754 15
2755 19
2756 18
2757 22
2758 17
2759 18
2760 17
2761 13
2762 12
2763 13
2764 17
2765 62
2766 19
2767 21
2768 23
2769 19
2770 80
2771 21
2772 85
2773 14
2774 36
2775 17
2776 19
2777 18
2778 15
2779 167
2780 15
2781 11
2782 11
2783 12
2784 15
2785 11
2786 14
2787 240
2788 19
2789 62
2790 20
2791 60
2792 18
2793 20
2794 332
2795 24
2796 152
2797 17
2798 13
2799 13
2800 12
2801 16
2802 185
2803 19
2804 20
2805 17
2806 21
2807 23
2808 19
2809 173
2810 19
2811 15
2812 14
2813 25
2814 18
2815 32
2816 19
2817 13
2818 12
2819 90
2820 17
2821 13
2822 16
2823 13
2824 16
2825 260
2826 15
2827 21
2828 99
2829 22
2830 21
2831 113
2832 20
2833 15
2834 19
2835 15
2836 22
2837 16
2838 18
2839 185
2840 19
2841 21
2842 16
2843 37
2844 13
2845 16
2846 36
2847 17
2848 32
2849 16
2850 16
2851 12
2852 11
2853 11
2854 76
2855 15
2856 15
2857 12
2858 19
2859 282
2860 21
2861 158
2862 20
2863 142
2864 20
2865 20
2866 27
2867 20
2868 14
2869 12
2870 11
2871 40
2872 13
2873 16
2874 11
2875 12
2876 11
2877 18
2878 12
2879 43
2880 15
2881 14
2882 21
2883 15
2884 19
2885 14
2886 20
2887 284
2888 20
2889 46
2890 18
2891 14
2892 12
2893 12
2894 18
2895 13
2896 19
2897 178
2898 17
2899 19
2900 16
2901 19
2902 212
2903 19
2904 31
2905 21
2906 35
2907 16
2908 22
2909 16
2910 15
2911 17
2912 156
2913 16
2914 28
2915 16
2916 16
2917 17
2918 106
2919 19
2920 18
2921 31
2922 13
2923 16
2924 16
2925 70
2926 13
2927 16
2928 13
2929 13
2930 15
2931 15
2932 18
2933 152
2934 19
2935 20
2936 14
2937 19
2938 14
2939 18
2940 14
2941 18
2942 24
2943 18
2944 19
2945 14
2946 14
2947 14
2948 185
2949 20
2950 223
2951 20
2952 84
2953 19
2954 17
2955 136
2956 19
2957 17
2958 13
2959 19
2960 19
2961 17
2962 13
2963 14
2964 12
2965 12
2966 12
2967 17
2968 16
2969 21
2970 21
2971 23
2972 16
2973 22
2974 355
2975 22
2976 33
2977 21
2978 16
2979 23
2980 17
2981 15
2982 11
2983 12
2984 11
2985 20
2986 13
2987 16
2988 13
2989 16
2990 56
2991 16
2992 18
2993 14
2994 18
2995 14
2996 19
2997 14
2998 18
2999 24
3000 15
3001 14
3002 183
3003 18
3004 76
3005 13
3006 17
3007 19
3008 18
3009 19
3010 17
3011 16
3012 13
3013 16
3014 17
3015 16
3016 12
3017 12
3018 20
3019 15
3020 13
3021 15
3022 14
3023 23
3024 19
3025 118
3026 18
3027 50
3028 15
3029 19
3030 16
3031 17
3032 220
3033 17
3034 17
3035 14
3036 12
3037 12
3038 17
3039 21
3040 19
3041 13
3042 20
3043 15
3044 18
3045 19
3046 18
3047 19
3048 14
3049 18
3050 14
3051 19
3052 13
3053 12
3054 12
3055 17
3056 175
3057 14
3058 17
3059 13
3060 24
3061 14
3062 16
3063 17
3064 12
3065 16
3066 19
3067 17
3068 13
3069 12
3070 12
3071 14
3072 23
3073 19
3074 19
3075 23
3076 20
3077 36
3078 19
3079 72
3080 20
3081 19
3082 12
3083 15
3084 11
3085 11
3086 11
3087 18
3088 15
3089 11
3090 11
3091 13
3092 21
3093 19
3094 145
3095 18
3096 23
3097 16
3098 21
3099 101
3100 19
3101 157
3102 19
3103 18
3104 16
3105 17
3106 13
3107 13
3108 12
3109 60
3110 13
3111 126
3112 19
3113 23
3114 18
3115 24
3116 18
3117 19
3118 127
3119 20
3120 22
3121 27
3122 19
3123 14
3124 12
3125 12
3126 25
3127 16
3128 18
3129 16
3130 17
3131 20
3132 17
3133 35
3134 14
3135 19
3136 64
3137 18
3138 21
3139 13
3140 12
3141 12
3142 13
3143 19
3144 21
3145 17
3146 126
3147 16
3148 24
3149 28
3150 17
3151 97
3152 18
3153 22
3154 16
3155 18
3156 12
3157 12
3158 12
3159 17
3160 39
3161 16
3162 35
3163 16
3164 164
3165 19
3166 19
3167 37
3168 19
3169 208
3170 18
3171 147
3172 29
3173 16
3174 12
3175 148
3176 17
3177 17
3178 11
3179 17
3180 20
3181 15
3182 16
3183 14
3184 28
3185 17
3186 17
3187 13
3188 18
3189 12
3190 12
3191 13
3192 16
3193 24
3194 19
3195 22
3196 20
3197 47
3198 21
3199 20
3200 34
3201 19
3202 136
3203 21
3204 97
3205 13
3206 12
3207 13
3208 19
3209 17
3210 12
3211 13
3212 12
3213 20
3214 14
3215 18
3216 16
3217 16
3218 16
3219 16
3220 15
3221 16
3222 42
3223 28
3224 19
3225 21
3226 19
3227 20
3228 25
3229 26
3230 21
3231 35
3232 22
3233 33
3234 25
3235 16
3236 15
3237 16
3238 12
3239 14
3240 92
3241 19
3242 18
3243 13
3244 17
3245 63
3246 19
3247 66
3248 15
3249 18
3250 14
3251 18
3252 14
3253 18
3254 15
3255 14
3256 13
3257 16
3258 28
3259 16
3260 56
3261 13
3262 17
3263 31
3264 16
3265 20
3266 17
3267 21
3268 16
3269 16
3270 13
3271 14
3272 12
3273 48
3274 19
3275 22
3276 15
3277 18
3278 155
3279 21
3280 34
3281 21
3282 19
3283 15
3284 20
3285 13
3286 17
3287 13
3288 12
3289 12
3290 12
3291 17
3292 12
3293 16
3294 74
3295 19
3296 32
3297 15
3298 31
3299 16
3300 19
3301 14
3302 20
3303 36
3304 19
3305 14
3306 12
3307 12
3308 15
3309 15
3310 11
3311 15
3312 16
3313 14
3314 15
3315 137
3316 17
3317 18
3318 44
3319 119
3320 19
3321 18
3322 13
3323 13
3324 12
3325 17
3326 220
3327 20
3328 37
3329 18
3330 129
3331 19
3332 218
3333 22
3334 21
3335 16
3336 17
3337 12
3338 16
3339 12
3340 11
3341 205
3342 17
3343 37
3344 22
3345 19
3346 15
3347 14
3348 14
3349 14
3350 128
3351 20
3352 124
3353 18
3354 27
3355 16
3356 18
3357 19
3358 79
3359 20
3360 32
3361 17
3362 13
3363 14
3364 49
3365 19
3366 268
3367 18
3368 167
3369 19
3370 136
3371 20
3372 20
3373 23
3374 19
3375 85
3376 15
3377 16
3378 11
3379 11
3380 11
3381 158
3382 17
3383 60
3384 15
3385 84
3386 15
3387 20
3388 14
3389 14
3390 14
3391 20
3392 18
3393 19
3394 332
3395 27
3396 43
3397 16
3398 13
3399 14
3400 12
3401 17
3402 160
3403 19
3404 161
3405 26
3406 17
3407 19
3408 19
3409 14
3410 19
3411 15
3412 18
3413 173
3414 21
3415 15
3416 15
3417 23
3418 17
3419 13
3420 12
3421 12
3422 12
3423 13
3424 12
3425 12
3426 32
3427 21
3428 324
3429 23
3430 225
3431 24
3432 248
3433 19
3434 16
3435 23
3436 22
3437 16
3438 18
3439 12
3440 11
3441 11
3442 19
3443 13
3444 17
3445 98
3446 18
3447 16
3448 15
3449 19
3450 97
3451 22
3452 15
3453 14
3454 13
3455 180
3456 29
3457 23
3458 18
3459 20
3460 18
3461 18
3462 14
3463 15
3464 13
3465 149
3466 29
3467 20
3468 14
3469 21
3470 309
3471 20
3472 61
3473 15
3474 31
3475 16
3476 20
3477 56
3478 13
3479 17
3480 20
3481 16
3482 13
3483 13
3484 225
3485 17
3486 18
3487 14
3488 18
3489 60
3490 18
3491 23
3492 17
3493 21
3494 17
3495 18
3496 13
3497 18
3498 13
3499 13
3500 12
3501 17
3502 319
3503 17
3504 25
3505 14
3506 16
3507 241
3508 18
3509 214
3510 20
3511 21
3512 14
3513 20
3514 14
3515 15
3516 13
3517 14
3518 20
3519 286
3520 20
3521 33
3522 18
3523 19
3524 15
3525 19
3526 14
3527 22
3528 34
3529 44
3530 17
3531 19
3532 150
3533 18
3534 13
3535 13
3536 12
3537 25
3538 14
3539 19
3540 28
3541 18
3542 20
3543 15
3544 21
3545 23
3546 19
3547 15
3548 19
3549 75
3550 14
3551 13
3552 12
3553 30
3554 16
3555 19
3556 17
3557 54
3558 17
3559 17
3560 189
3561 16
3562 20
3563 17
3564 18
3565 13
3566 17
3567 13
3568 19
3569 14
3570 28
3571 19
3572 14
3573 14
3574 13
3575 15
3576 18
3577 14
3578 55
3579 20
3580 21
3581 18
3582 42
3583 18
3584 20
3585 23
3586 19
3587 261
3588 18
3589 16
3590 13
3591 13
3592 114
3593 18
3594 18
3595 20
3596 17
3597 18
3598 16
3599 14
3600 15
3601 14
3602 16
3603 21
3604 14
3605 163
3606 21
3607 15
3608 20
3609 37
3610 18
3611 14
3612 14
3613 13
3614 19
3615 14
3616 18
3617 17
3618 18
3619 20
3620 18
3621 17
3622 12
3623 17
3624 15
3625 16
3626 22
3627 14
3628 12
3629 20
3630 35
3631 19
3632 19
3633 14
3634 19
3635 260
3636 21
3637 66
3638 18
3639 28
3640 19
3641 19
3642 17
3643 18
3644 12
3645 12
3646 12
3647 21
3648 17
3649 17
3650 16
3651 19
3652 287
3653 18
3654 159
3655 18
3656 94
3657 19
3658 20
3659 21
3660 16
3661 12
3662 11
3663 32
3664 14
3665 16
3666 30
3667 16
3668 47
3669 12
3670 15
3671 15
3672 14
3673 14
3674 20
3675 19
3676 18
3677 14
3678 19
3679 15
3680 22
3681 13
3682 12
3683 14
3684 18
3685 49
3686 17
3687 18
3688 14
3689 17
3690 12
3691 16
3692 14
3693 18
3694 14
3695 20
3696 26
3697 19
3698 14
3699 15
3700 202
3701 20
3702 21
3703 32
3704 18
3705 18
3706 34
3707 17
3708 47
3709 17
3710 20
3711 17
3712 15
3713 199
3714 16
3715 12
3716 11
3717 11
3718 18
3719 15
3720 18
3721 13
3722 105
3723 19
3724 20
3725 237
3726 21
3727 20
3728 20
3729 19
3730 23
3731 21
3732 14
3733 17
3734 13
3735 14
3736 12
3737 45
3738 17
3739 19
3740 19
3741 16
3742 17
3743 17
3744 60
3745 13
3746 16
3747 185
3748 19
3749 32
3750 13
3751 13
3752 12
3753 57
3754 13
3755 17
3756 12
3757 17
3758 19
3759 17
3760 23
3761 25
3762 19
3763 290
3764 18
3765 197
3766 21
3767 14
3768 14
3769 14
3770 20
3771 15
3772 19
3773 27
3774 19
3775 20
3776 18
3777 19
3778 14
3779 19
3780 14
3781 19
3782 48
3783 16
3784 11
3785 11
3786 11
3787 16
3788 11
3789 15
3790 18
3791 17
3792 62
3793 19
3794 14
3795 15
3796 14
3797 60
3798 15
3799 14
3800 19
3801 22
3802 92
3803 15
3804 19
3805 14
3806 14
3807 15
3808 49
3809 19
3810 20
3811 15
3812 21
3813 14
3814 19
3815 137
3816 21
3817 23
3818 18
3819 20
3820 18
3821 18
3822 15
3823 12
3824 11
3825 203
3826 15
3827 27
3828 15
3829 16
3830 34
3831 16
3832 18
3833 15
3834 20
3835 23
3836 19
3837 17
3838 18
3839 15
3840 14
3841 14
3842 48
3843 19
3844 33
3845 19
3846 19
3847 273
3848 21
3849 35
3850 19
3851 158
3852 26
3853 20
3854 19
3855 17
3856 13
3857 12
3858 12
3859 18
3860 17
3861 19
3862 13
3863 17
3864 16
3865 19
3866 166
3867 22
3868 20
3869 14
3870 21
3871 16
3872 20
3873 16
3874 14
3875 13
3876 18
3877 22
3878 17
3879 20
3880 17
3881 39
3882 17
3883 18
3884 14
3885 19
3886 14
3887 18
3888 21
3889 18
3890 14
3891 15
3892 14
3893 21
3894 15
3895 26
3896 18
3897 65
3898 17
3899 21
3900 14
3901 21
3902 14
3903 29
3904 16
3905 19
3906 20
3907 18
3908 17
3909 13
3910 12
3911 13
3912 27
3913 13
3914 14
3915 16
3916 14
3917 19
3918 294
3919 19
3920 26
3921 20
3922 23
3923 20
3924 20
3925 38
3926 18
3927 68
3928 18
3929 14
3930 13
3931 15
3932 14
3933 58
3934 16
3935 20
3936 308
3937 19
3938 108
3939 21
3940 126
3941 21
3942 21
3943 15
3944 21
3945 15
3946 17
3947 13
3948 12
3949 12
3950 38
3951 19
3952 32
3953 17
3954 16
3955 43
3956 19
3957 19
3958 14
3959 21
3960 14
3961 20
3962 338
3963 18
3964 22
3965 15
3966 13
3967 18
3968 20
3969 17
3970 202
3971 19
3972 13
3973 13
3974 13
3975 14
3976 15
3977 104
3978 21
3979 24
3980 19
3981 216
3982 20
3983 94
3984 21
3985 145
3986 18
3987 29
3988 16
3989 20
3990 20
3991 17
3992 13
3993 12
3994 12
3995 63
3996 15
3997 31
3998 18
3999 44
4000 25
4001 19
4002 14
4003 15
4004 14
4005 15
4006 20
4007 15
4008 48
4009 20
4010 14
4011 21
4012 255
4013 20
4014 14
4015 22
4016 28
4017 18
4018 12
4019 18
4020 205
4021 18
4022 28
4023 14
4024 16
4025 21
4026 17
4027 165
4028 18
4029 17
4030 13
4031 13
4032 12
4033 17
4034 20
4035 24
4036 17
4037 17
4038 21
4039 17
4040 19
4041 13
4042 17
4043 122
4044 17
4045 26
4046 13
4047 13
4048 12
4049 200
4050 16
4051 33
4052 17
4053 27
4054 16
4055 26
4056 21
4057 20
4058 197
4059 19
4060 51
4061 16
4062 21
4063 15
4064 13
4065 13
4066 179
4067 21
4068 39
4069 20
4070 44
4071 21
4072 73
4073 19
4074 91
4075 16
4076 19
4077 182
4078 18
4079 141
4080 19
4081 13
4082 12
4083 14
4084 12
4085 12
4086 84
4087 19
4088 23
4089 18
4090 19
4091 29
4092 19
4093 17
4094 18
4095 20
4096 17
4097 18
4098 280
4099 16
4100 12
4101 12
4102 13
4103 17
4104 12
4105 12
4106 20
4107 44
4108 20
4109 20
4110 259
4111 21
4112 28
4113 20
4114 73
4115 19
4116 153
4117 20
4118 27
4119 15
4120 11
4121 11
4122 28
4123 17
4124 16
4125 12
4126 15
4127 147
4128 19
4129 19
4130 17
4131 19
4132 17
4133 18
4134 163
4135 19
4136 14
4137 15
4138 14
4139 13
4140 18
4141 25
4142 16
4143 15
4144 16
4145 22
4146 25
4147 18
4148 15
4149 20
4150 73
4151 16
4152 19
4153 14
4154 19
4155 15
4156 14
4157 23
4158 52
4159 14
4160 18
4161 13
4162 18
4163 256
4164 18
4165 18
4166 36
4167 17
4168 188
4169 15
4170 53
4171 16
4172 11
4173 11
4174 25
4175 15
4176 84
4177 12
4178 16
4179 13
4180 16
4181 159
4182 19
4183 18
4184 13
4185 18
4186 38
4187 16
4188 20
4189 13
4190 52
4191 19
4192 17
4193 13
4194 17
4195 17
4196 16
4197 60
4198 21
4199 17
4200 12
4201 18
4202 13
4203 14
4204 12
4205 19
4206 17
4207 13
4208 12
4209 14
4210 15
4211 21
4212 14
4213 21
4214 100
4215 18
4216 31
4217 16
4218 21
4219 34
4220 16
4221 15
4222 18
4223 15
4224 17
4225 154
4226 18
4227 18
4228 13
4229 19
4230 13
4231 18
4232 13
4233 12
4234 12
4235 12
4236 12
4237 174
4238 18
4239 20
4240 18
4241 18
4242 25
4243 29
4244 23
4245 172
4246 23
4247 80
4248 24
4249 35
4250 127
4251 16
4252 37
4253 17
4254 12
4255 12
4256 17
4257 15
4258 11
4259 14
4260 18
4261 19
4262 20
4263 16
4264 20
4265 22
4266 18
4267 17
4268 18
4269 93
4270 16
4271 14
4272 13
4273 151
4274 18
4275 20
4276 21
4277 16
4278 34
4279 16
4280 20
4281 15
4282 19
4283 27
4284 19
4285 26
4286 18
4287 15
4288 14
4289 14
4290 22
4291 15
4292 14
4293 14
4294 149
4295 20
4296 14
4297 19
4298 14
4299 20
4300 27
4301 21
4302 18
4303 19
4304 21
4305 17
4306 41
4307 17
4308 41
4309 17
4310 17
4311 13
4312 12
4313 12
4314 16
4315 13
4316 16
4317 13
4318 16
4319 21
4320 16
4321 17
4322 22
4323 20
4324 17
4325 18
4326 26
4327 16
4328 14
4329 14
4330 20
4331 74
4332 22
4333 195
4334 19
4335 25
4336 17
4337 18
4338 169
4339 19
4340 18
4341 24
4342 16
4343 13
4344 12
4345 12
4346 17
4347 14
4348 16
4349 12
4350 16
4351 14
4352 17
4353 55
4354 15
4355 19
4356 22
4357 18
4358 14
4359 19
4360 14
4361 13
4362 15
4363 14
4364 22
4365 17
4366 18
4367 44
4368 16
4369 16
4370 15
4371 17
4372 15
4373 16
4374 13
4375 13
4376 12
4377 39
4378 17
4379 17
4380 12
4381 16
4382 21
4383 14
4384 15
4385 41
4386 18
4387 21
4388 14
4389 20
4390 14
4391 19
4392 23
4393 18
4394 23
4395 19
4396 18
4397 14
4398 18
4399 14
4400 14
4401 13
4402 47
4403 17
4404 17
4405 36
4406 18
4407 22
4408 19
4409 18
4410 19
4411 17
4412 34
4413 17
4414 19
4415 13
4416 12
4417 12
4418 152
4419 18
4420 18
4421 19
4422 17
4423 21
4424 17
4425 127
4426 17
4427 18
4428 23
4429 17
4430 32
4431 17
4432 12
4433 19
4434 13
4435 15
4436 18
4437 12
4438 12
4439 13
4440 12
4441 12
4442 12
4443 13
4444 13
4445 17
4446 16
4447 17
4448 15
4449 15
4450 15
4451 21
4452 19
4453 18
4454 20
4455 23
4456 22
4457 23
4458 21
4459 22
4460 21
4461 21
4462 21
4463 22
4464 22
4465 22
4466 21
4467 25
4468 21
4469 21
4470 21
4471 24
4472 21
4473 22
4474 29
4475 26
4476 21
4477 39
4478 32
4479 23
4480 19
4481 54
4482 21
4483 27
4484 31
4485 25
4486 17
4487 77
4488 14
4489 17
4490 12
4491 13
4492 12
4493 12
4494 28
4495 18
4496 15
4497 14
4498 13
4499 20
4500 19
4501 14
4502 199
4503 21
4504 79
4505 20
4506 25
4507 17
4508 18
4509 178
4510 19
4511 18
4512 13
4513 18
4514 12
4515 13
4516 12
4517 28
4518 18
4519 35
4520 16
4521 17
4522 47
4523 19
4524 37
4525 18
4526 34
4527 20
4528 16
4529 32
4530 16
4531 13
4532 12
4533 12
4534 16
4535 14
4536 17
4537 22
4538 18
4539 18
4540 94
4541 21
4542 19
4543 22
4544 18
4545 18
4546 14
4547 16
4548 11
4549 11
4550 11
4551 12
4552 15
4553 15
4554 11
4555 21
4556 19
4557 18
4558 19
4559 15
4560 19
4561 207
4562 18
4563 277
4564 20
4565 22
4566 16
4567 14
4568 12
4569 12
4570 12
4571 58
4572 16
4573 17
4574 39
4575 17
4576 36
4577 19
4578 60
4579 16
4580 74
4581 16
4582 19
4583 39
4584 19
4585 14
4586 21
4587 16
4588 24
4589 13
4590 17
4591 13
4592 17
4593 20
4594 17
4595 17
4596 13
4597 16
4598 199
4599 16
4600 97
4601 18
4602 12
4603 13
4604 12
4605 18
4606 69
4607 16
4608 50
4609 17
4610 17
4611 29
4612 17
4613 16
4614 16
4615 18
4616 13
4617 19
4618 12
4619 13
4620 12
4621 102
4622 18
4623 18
4624 21
4625 17
4626 20
4627 17
4628 51
4629 18
4630 16
4631 13
4632 17
4633 17
4634 16
4635 14
4636 12
4637 217
4638 16
4639 44
4640 19
4641 36
4642 21
4643 19
4644 23
4645 18
4646 14
4647 22
4648 15
4649 16
4650 12
4651 17
4652 30
4653 16
4654 12
4655 14
4656 14
4657 22
4658 25
4659 16
4660 23
4661 21
4662 19
4663 22
4664 19
4665 20
4666 24
4667 28
4668 21
4669 196
4670 17
4671 18
4672 14
4673 12
4674 12
4675 24
4676 17
4677 13
4678 13
4679 13
4680 181
4681 18
4682 23
4683 16
4684 12
4685 16
4686 33
4687 17
4688 17
4689 13
4690 16
4691 13
4692 16
4693 13
4694 12
4695 13
4696 12
4697 17
4698 17
4699 19
4700 22
4701 19
4702 106
4703 21
4704 161
4705 21
4706 19
4707 15
4708 19
4709 13
4710 17
4711 13
4712 12
4713 12
4714 18
4715 14
4716 17
4717 22
4718 17
4719 37
4720 16
4721 19
4722 301
4723 19
4724 30
4725 20
4726 21
4727 16
4728 23
4729 15
4730 192
4731 18
4732 17
4733 13
4734 17
4735 47
4736 13
4737 12
4738 13
4739 14
4740 173
4741 21
4742 59
4743 20
4744 50
4745 21
4746 20
4747 23
4748 19
4749 15
4750 14
4751 13
4752 18
4753 12
4754 18
4755 207
4756 19
4757 18
4758 16
4759 16
4760 205
4761 19
4762 141
4763 18
4764 46
4765 13
4766 12
4767 13
4768 12
4769 12
4770 17
4771 16
4772 19
4773 175
4774 19
4775 19
4776 14
4777 19
4778 14
4779 27
4780 16
4781 15
4782 18
4783 14
4784 11
4785 11
4786 55
4787 15
4788 15
4789 13
4790 16
4791 192
4792 20
4793 20
4794 19
4795 53
4796 20
4797 23
4798 21
4799 19
4800 16
4801 12
4802 11
4803 15
4804 11
4805 15
4806 21
4807 15
4808 16
4809 19
4810 16
4811 50
4812 15
4813 18
4814 38
4815 18
4816 13
4817 12
4818 154
4819 18
4820 18
4821 227
4822 22
4823 38
4824 19
4825 18
4826 18
4827 25
4828 20
4829 21
4830 23
4831 19
4832 107
4833 16
4834 13
4835 14
4836 12
4837 17
4838 16
4839 16
4840 13
4841 16
4842 107
4843 21
4844 94
4845 15
4846 75
4847 16
4848 20
4849 21
4850 27
4851 15
4852 12
4853 11
4854 15
4855 12
4856 15
4857 16
4858 15
4859 15
4860 19
4861 15
4862 18
4863 16
4864 19
4865 14
4866 13
4867 15
4868 47
4869 21
4870 14
4871 15
4872 22
4873 18
4874 14
4875 14
4876 14
4877 16
4878 18
4879 15
4880 50
4881 16
4882 19
4883 23
4884 18
4885 154
4886 19
4887 270
4888 21
4889 79
4890 15
4891 15
4892 12
4893 45
4894 16
4895 18
4896 16
4897 17
4898 16
4899 17
4900 150
4901 18
4902 53
4903 21
4904 20
4905 248
4906 21
4907 16
4908 14
4909 14
4910 22
4911 26
4912 19
4913 14
4914 18
4915 256
4916 20
4917 36
4918 19
4919 27
4920 20
4921 75
4922 15
4923 15
4924 11
4925 11
4926 11
4927 15
4928 11
4929 14
4930 138
4931 16
4932 17
4933 17
4934 18
4935 17
4936 18
4937 36
4938 22
4939 83
4940 18
4941 14
4942 21
4943 16
4944 17
4945 97
4946 16
4947 14
4948 12
4949 12
4950 12
4951 17
4952 316
4953 18
4954 20
4955 23
4956 19
4957 19
4958 58
4959 16
4960 19
4961 14
4962 19
4963 16
4964 13
4965 12
4966 17
4967 19
4968 16
4969 17
4970 16
4971 65
4972 13
4973 34
4974 18
4975 20
4976 238
4977 20
4978 42
4979 15
4980 14
4981 14
4982 13
4983 19
4984 14
4985 17
4986 17
4987 16
4988 47
4989 13
4990 16
4991 165
4992 18
4993 56
4994 13
4995 17
4996 12
4997 12
4998 12
4999 20
5000 17
5001 44
5002 19
5003 17
5004 29
5005 17
5006 94
5007 14
5008 16
5009 162
5010 17
5011 59
5012 13
5013 19
5014 13
5015 27
5016 18
5017 51
5018 13
5019 16
5020 25
5021 16
5022 22
5023 34
5024 16
5025 15
5026 18
5027 190
5028 21
5029 14
5030 14
5031 26
5032 19
5033 125
5034 21
5035 120
5036 18
5037 29
5038 20
5039 16
5040 93
5041 18
5042 40
5043 18
5044 13
5045 12
5046 12
5047 17
5048 13
5049 12
5050 12
5051 13
5052 22
5053 17
5054 262
5055 19
5056 32
5057 23
5058 24
5059 17
5060 22
5061 16
5062 16
5063 17
5064 25
5065 18
5066 13
5067 13
5068 13
5069 12
5070 12
5071 13
5072 12
5073 12
5074 12
5075 14
5076 21
5077 19
5078 18
5079 24
5080 22
5081 22
5082 21
5083 22
5084 21
5085 22
5086 21
5087 25
5088 21
5089 21
5090 21
5091 21
5092 21
5093 21
5094 21
5095 22
5096 21
5097 21
5098 21
5099 62
5100 24
5101 86
5102 28
5103 31
5104 25
5105 46
5106 23
5107 13
5108 12
5109 12
5110 21
5111 14
5112 35
5113 13
5114 16
5115 13
5116 16
5117 215
5118 21
5119 30
5120 15
5121 21
5122 23
5123 18
5124 270
5125 28
5126 69
5127 12
5128 11
5129 11
5130 28
5131 15
5132 16
5133 21
5134 15
5135 45
5136 15
5137 17
5138 16
5139 16
5140 163
5141 15
5142 21
5143 17
5144 13
5145 12
5146 14
5147 20
5148 119
5149 20
5150 19
5151 16
5152 19
5153 157
5154 19
5155 78
5156 20
5157 18
5158 191
5159 16
5160 12
5161 12
5162 12
5163 17
5164 12
5165 17
5166 30
5167 15
5168 19
5169 15
5170 18
5171 21
5172 19
5173 37
5174 15
5175 44
5176 22
5177 16
5178 14
5179 13
5180 12
5181 18
5182 20
5183 17
5184 19
5185 13
5186 17
5187 21
5188 20
5189 40
5190 19
5191 15
5192 19
5193 199
5194 19
5195 16
5196 14
5197 14
5198 18
5199 45
5200 17
5201 17
5202 43
5203 17
5204 15
5205 16
5206 35
5207 24
5208 17
5209 162
5210 17
5211 14
5212 14
5213 12
5214 18
5215 20
5216 18
5217 25
5218 13
5219 17
5220 22
5221 17
5222 19
5223 13
5224 17
5225 13
5226 16
5227 13
5228 13
5229 12
5230 18
5231 16
5232 16
5233 191
5234 16
5235 39
5236 17
5237 20
5238 19
5239 17
5240 155
5241 19
5242 33
5243 14
5244 12
5245 12
5246 12
5247 13
5248 20
5249 14
5250 21
5251 19
5252 13
5253 19
5254 14
5255 16
5256 19
5257 29
5258 26
5259 59
5260 19
5261 18
5262 15
5263 19
5264 14
5265 18
5266 14
5267 15
5268 14
5269 18
5270 14
5271 19
5272 14
5273 18
5274 270
5275 20
5276 67
5277 15
5278 19
5279 16
5280 16
5281 11
5282 15
5283 11
5284 11
5285 11
5286 15
5287 12
5288 11
5289 17
5290 13
5291 18
5292 16
5293 16
5294 15
5295 16
5296 22
5297 16
5298 314
5299 31
5300 18
5301 21
5302 16
5303 19
5304 77
5305 25
5306 23
5307 23
5308 227
5309 21
5310 21
5311 218
5312 18
5313 18
5314 100
5315 17
5316 13
5317 12
5318 18
5319 16
5320 19
5321 26
5322 19
5323 214
5324 18
5325 119
5326 17
5327 86
5328 13
5329 19
5330 14
5331 16
5332 11
5333 11
5334 11
5335 19
5336 12
5337 17
5338 11
5339 17
5340 91
5341 15
5342 19
5343 16
5344 14
5345 14
5346 13
5347 22
5348 19
5349 14
5350 26
5351 23
5352 16
5353 13
5354 12
5355 235
5356 17
5357 223
5358 17
5359 18
5360 13
5361 17
5362 200
5363 21
5364 108
5365 20
5366 86
5367 15
5368 19
5369 14
5370 19
5371 17
5372 16
5373 12
5374 15
5375 227
5376 15
5377 33
5378 15
5379 15
5380 165
5381 15
5382 17
5383 13
5384 17
5385 21
5386 16
5387 13
5388 12
5389 12
5390 16
5391 139
5392 19
5393 32
5394 18
5395 19
5396 14
5397 18
5398 14
5399 19
5400 14
5401 18
5402 138
5403 16
5404 13
5405 12
5406 12
5407 18
5408 13
5409 18
5410 13
5411 17
5412 25
5413 19
5414 23
5415 18
5416 19
5417 14
5418 19
5419 14
5420 18
5421 23
5422 15
5423 14
5424 17
5425 278
5426 16
5427 17
5428 12
5429 16
5430 125
5431 26
5432 107
5433 18
5434 17
5435 16
5436 16
5437 12
5438 12
5439 13
5440 16
5441 13
5442 16
5443 17
5444 18
5445 18
5446 14
5447 19
5448 14
5449 18
5450 39
5451 18
5452 22
5453 16
5454 12
5455 14
5456 15
5457 17
5458 17
5459 29
5460 17
5461 24
5462 18
5463 24
5464 16
5465 20
5466 23
5467 19
5468 14
5469 14
5470 13
5471 19
5472 22
5473 15
5474 13
5475 15
5476 19
5477 16
5478 18
5479 16
5480 19
5481 42
5482 27
5483 43
5484 15
5485 19
5486 66
5487 19
5488 66
5489 18
5490 14
5491 15
5492 165
5493 18
5494 13
5495 13
5496 12
5497 12
5498 12
5499 14
5500 12
5501 12
5502 12
5503 18
5504 20
5505 26
5506 22
5507 28
5508 222
5509 24
5510 61
5511 24
5512 233
5513 23
5514 159
5515 18
5516 17
5517 13
5518 12
5519 14
5520 23
5521 15
5522 19
5523 14
5524 22
5525 24
5526 19
5527 20
5528 15
5529 19
5530 31
5531 20
5532 19
5533 17
5534 20
5535 17
5536 14
5537 12
5538 12
5539 21
5540 18
5541 149
5542 18
5543 17
5544 142
5545 18
5546 17
5547 13
5548 19
5549 12
5550 16
5551 40
5552 19
5553 19
5554 14
5555 15
5556 21
5557 14
5558 18
5559 15
5560 18
5561 166
5562 21
5563 190
5564 19
5565 46
5566 16
5567 17
5568 19
5569 16
5570 12
5571 14
5572 13
5573 16
5574 98
5575 19
5576 50
5577 19
5578 30
5579 19
5580 36
5581 19
5582 61
5583 16
5584 21
5585 18
5586 118
5587 19
5588 21
5589 16
5590 13
5591 13
5592 51
5593 13
5594 16
5595 16
5596 19
5597 19
5598 18
5599 113
5600 19
5601 40
5602 15
5603 53
5604 23
5605 19
5606 14
5607 13
5608 12
5609 79
5610 13
5611 17
5612 150
5613 17
5614 17
5615 14
5616 16
5617 12
5618 12
5619 12
5620 12
5621 112
5622 16
5623 47
5624 20
5625 17
5626 16
5627 14
5628 14
5629 32
5630 19
5631 24
5632 18
5633 19
5634 219
5635 19
5636 211
5637 19
5638 21
5639 17
5640 18
5641 17
5642 12
5643 13
5644 12
5645 18
5646 143
5647 19
5648 19
5649 17
5650 17
5651 13
5652 17
5653 241
5654 19
5655 217
5656 19
5657 17
5658 12
5659 16
5660 13
5661 12
5662 12
5663 17
5664 20
5665 17
5666 24
5667 19
5668 20
5669 14
5670 18
5671 27
5672 18
5673 14
5674 18
5675 173
5676 19
5677 13
5678 12
5679 13
5680 17
5681 13
5682 16
5683 49
5684 18
5685 17
5686 22
5687 17
5688 20
5689 17
5690 34
5691 15
5692 17
5693 13
5694 12
5695 19
5696 42
5697 16
5698 14
5699 15
5700 14
5701 13
5702 14
5703 15
5704 14
5705 168
5706 19
5707 18
5708 44
5709 21
5710 22
5711 17
5712 21
5713 16
5714 22
5715 18
5716 24
5717 47
5718 39
5719 18
5720 13
5721 12
5722 12
5723 19
5724 31
5725 17
5726 315
5727 16
5728 82
5729 15
5730 18
5731 16
5732 18
5733 14
5734 18
5735 15
5736 27
5737 16
5738 12
5739 12
5740 14
5741 12
5742 14
5743 15
5744 11
5745 15
5746 72
5747 17
5748 42
5749 21
5750 19
5751 16
5752 19
5753 14
5754 14
5755 15
5756 22
5757 19
5758 17
5759 13
5760 16
5761 23
5762 17
5763 20
5764 12
5765 18
5766 108
5767 18
5768 13
5769 12
5770 12
5771 18
5772 17
5773 12
5774 12
5775 13
5776 17
5777 19
5778 16
5779 23
5780 162
5781 22
5782 38
5783 21
5784 113
5785 22
5786 22
5787 17
5788 21
5789 11
5790 13
5791 17
5792 12
5793 11
5794 11
5795 16
5796 11
5797 22
5798 15
5799 19
5800 19
5801 28
5802 18
5803 25
5804 18
5805 243
5806 21
5807 260
5808 20
5809 51
5810 12
5811 12
5812 11
5813 16
5814 17
5815 16
5816 17
5817 15
5818 54
5819 14
5820 18
5821 176
5822 18
5823 143
5824 17
5825 16
5826 13
5827 13
5828 20
5829 20
5830 17
5831 47
5832 18
5833 17
5834 13
5835 17
5836 34
5837 17
5838 25
5839 14
5840 17
5841 20
5842 17
5843 13
5844 12
5845 12
5846 66
5847 13
5848 17
5849 15
5850 19
5851 61
5852 21
5853 22
5854 18
5855 24
5856 19
5857 19
5858 17
5859 19
5860 12
5861 14
5862 12
5863 16
5864 13
5865 16
5866 15
5867 17
5868 92
5869 14
5870 18
5871 14
5872 17
5873 13
5874 12
5875 13
5876 36
5877 25
5878 16
5879 14
5880 15
5881 14
5882 19
5883 44
5884 18
5885 28
5886 19
5887 49
5888 19
5889 18
5890 14
5891 63
5892 18
5893 19
5894 16
5895 19
5896 14
5897 14
5898 14
5899 23
5900 16
5901 14
5902 12
5903 13
5904 12
5905 12
5906 12
5907 13
5908 12
5909 17
5910 16
5911 216
5912 24
5913 115
5914 22
5915 74
5916 21
5917 128
5918 24
5919 83
5920 18
5921 17
5922 11
5923 13
5924 11
5925 33
5926 15
5927 205
5928 15
5929 15
5930 28
5931 18
5932 19
5933 24
5934 19
5935 49
5936 20
5937 31
5938 18
5939 20
5940 14
5941 12
5942 12
5943 18
5944 13
5945 17
5946 13
5947 16
5948 39
5949 27
5950 18
5951 17
5952 19
5953 321
5954 18
5955 56
5956 15
5957 14
5958 14
5959 16
5960 19
5961 17
5962 16
5963 16
5964 12
5965 16
5966 306
5967 16
5968 189
5969 18
5970 16
5971 18
5972 18
5973 12
5974 12
5975 13
5976 12
5977 12
5978 12
5979 21
5980 17
5981 12
5982 39
5983 19
5984 313
5985 19
5986 17
5987 19
5988 56
5989 21
5990 44
5991 14
5992 25
5993 18
5994 18
5995 14
5996 12
5997 12
5998 170
5999 18
6000 18
6001 14
6002 20
6003 24
6004 19
6005 160
6006 18
6007 166
6008 18
6009 19
6010 16
6011 19
6012 13
6013 12
6014 12
6015 130
6016 19
6017 33
6018 16
6019 39
6020 21
6021 18
6022 152
6023 19
6024 20
6025 14
6026 19
6027 245
6028 19
6029 14
6030 14
6031 16
6032 17
6033 61
6034 18
6035 17
6036 13
6037 18
6038 13
6039 17
6040 92
6041 17
6042 17
6043 14
6044 19
6045 13
6046 12
6047 13
6048 90
6049 17
6050 37
6051 17
6052 61
6053 15
6054 23
6055 21
6056 19
6057 140
6058 19
6059 207
6060 18
6061 134
6062 19
6063 13
6064 12
6065 12
6066 17
6067 179
6068 17
6069 21
6070 17
6071 45
6072 17
6073 17
6074 18
6075 17
6076 17
6077 13
6078 16
6079 13
6080 12
6081 19
6082 20
6083 16
6084 14
6085 14
6086 14
6087 41
6088 19
6089 14
6090 19
6091 22
6092 20
6093 19
6094 18
6095 15
6096 18
6097 14
6098 18
6099 15
6100 19
6101 21
6102 16
6103 14
6104 41
6105 13
6106 12
6107 14
6108 12
6109 12
6110 12
6111 163
6112 19
6113 21
6114 48
6115 25
6116 71
6117 21
6118 21
6119 18
6120 21
6121 16
6122 22
6123 12
6124 17
6125 11
6126 11
6127 11
6128 18
6129 25
6130 32
6131 24
6132 16
6133 28
6134 50
6135 41
6136 19
6137 183
6138 19
6139 133
6140 21
6141 21
6142 16
6143 17
6144 11
6145 11
6146 11
6147 73
6148 15
6149 15
6150 11
6151 15
6152 84
6153 15
6154 47
6155 17
6156 21
6157 23
6158 20
6159 162
6160 21
6161 14
6162 22
6163 16
6164 31
6165 14
6166 17
6167 14
6168 18
6169 114
6170 18
6171 16
6172 12
6173 18
6174 41
6175 16
6176 20
6177 17
6178 12
6179 14
6180 31
6181 18
6182 17
6183 240
6184 18
6185 240
6186 18
6187 28
6188 17
6189 18
6190 147
6191 19
6192 18
6193 17
6194 12
6195 11
6196 11
6197 15
6198 11
6199 15
6200 13
6201 11
6202 15
6203 117
6204 18
6205 19
6206 14
6207 18
6208 14
6209 14
6210 13
6211 15
6212 13
6213 42
6214 15
6215 15
6216 14
6217 14
6218 13
6219 17
6220 19
6221 14
6222 18
6223 255
6224 16
6225 55
6226 21
6227 48
6228 15
6229 25
6230 19
6231 28
6232 19
6233 20
6234 14
6235 12
6236 11
6237 44
6238 12
6239 16
6240 11
6241 15
6242 39
6243 18
6244 16
6245 19
6246 19
6247 17
6248 19
6249 20
6250 18
6251 14
6252 14
6253 93
6254 22
6255 20
6256 17
6257 34
6258 16
6259 18
6260 211
6261 17
6262 21
6263 16
6264 19
6265 21
6266 16
6267 13
6268 12
6269 12
6270 16
6271 191
6272 17
6273 42
6274 14
6275 28
6276 19
6277 19
6278 14
6279 25
6280 17
6281 18
6282 295
6283 20
6284 19
6285 16
6286 14
6287 27
6288 13
6289 17
6290 13
6291 19
6292 18
6293 16
6294 17
6295 24
6296 18
6297 129
6298 19
6299 21
6300 18
6301 14
6302 14
6303 15
6304 19
6305 14
6306 12
6307 13
6308 12
6309 12
6310 12
6311 13
6312 12
6313 12
6314 17
6315 13
6316 23
6317 21
6318 20
6319 17
6320 21
6321 16
6322 18
6323 25
6324 17
6325 23
6326 15
6327 164
6328 18
6329 135
6330 18
6331 13
6332 12
6333 56
6334 25
6335 17
6336 19
6337 16
6338 23
6339 17
6340 17
6341 13
6342 16
6343 14
6344 16
6345 214
6346 17
6347 14
6348 12
6349 12
6350 17
6351 119
6352 18
6353 17
6354 17
6355 93
6356 17
6357 17
6358 12
6359 17
6360 13
6361 17
6362 268
6363 17
6364 160
6365 16
6366 13
6367 13
6368 12
6369 12
6370 17
6371 79
6372 17
6373 21
6374 16
6375 17
6376 14
6377 19
6378 20
6379 18
6380 18
6381 14
6382 18
6383 15
6384 14
6385 22
6386 21
6387 16
6388 16
6389 192
6390 17
6391 142
6392 18
6393 20
6394 17
6395 25
6396 231
6397 15
6398 63
6399 13
6400 11
6401 11
6402 260
6403 15
6404 35
6405 22
6406 16
6407 16
6408 19
6409 153
6410 19
6411 51
6412 15
6413 40
6414 15
6415 15
6416 15
6417 13
6418 18
6419 16
6420 12
6421 12
6422 12
6423 15
6424 17
6425 12
6426 18
6427 20
6428 21
6429 36
6430 21
6431 20
6432 22
6433 20
6434 21
6435 17
6436 21
6437 268
6438 14
6439 12
6440 11
6441 11
6442 11
6443 34
6444 12
6445 14
6446 29
6447 15
6448 19
6449 14
6450 19
6451 14
6452 18
6453 285
6454 19
6455 32
6456 28
6457 16
6458 14
6459 13
6460 17
6461 12
6462 16
6463 21
6464 17
6465 18
6466 13
6467 19
6468 13
6469 17
6470 140
6471 18
6472 18
6473 13
6474 12
6475 13
6476 20
6477 16
6478 17
6479 13
6480 17
6481 179
6482 19
6483 17
6484 200
6485 18
6486 18
6487 14
6488 19
6489 15
6490 11
6491 12
6492 11
6493 15
6494 87
6495 13
6496 16
6497 17
6498 15
6499 178
6500 18
6501 21
6502 19
6503 32
6504 15
6505 21
6506 18
6507 24
6508 16
6509 13
6510 252
6511 18
6512 13
6513 12
6514 12
6515 13
6516 12
6517 12
6518 14
6519 18
6520 27
6521 18
6522 16
6523 24
6524 81
6525 17
6526 22
6527 17
6528 22
6529 14
6530 16
6531 28
6532 17
6533 16
6534 13
6535 13
6536 12
6537 72
6538 18
6539 47
6540 13
6541 17
6542 86
6543 18
6544 65
6545 14
6546 21
6547 19
6548 17
6549 34
6550 15
6551 11
6552 11
6553 12
6554 15
6555 20
6556 16
6557 17
6558 19
6559 14
6560 75
6561 19
6562 23
6563 18
6564 20
6565 175
6566 20
6567 15
6568 22
6569 16
6570 17
6571 65
6572 19
6573 17
6574 160
6575 18
6576 134
6577 16
6578 25
6579 17
6580 17
6581 107
6582 17
6583 21
6584 15
6585 12
6586 13
6587 342
6588 16
6589 18
6590 16
6591 17
6592 13
6593 16
6594 12
6595 17
6596 18
6597 16
6598 16
6599 13
6600 15
6601 11
6602 11
6603 11
6604 15
6605 171
6606 14
6607 15
6608 11
6609 15
6610 16
6611 19
6612 255
6613 19
6614 70
6615 19
6616 216
6617 19
6618 14
6619 24
6620 16
6621 17
6622 26
6623 17
6624 16
6625 12
6626 16
6627 13
6628 17
6629 21
6630 16
6631 45
6632 18
6633 17
6634 12
6635 13
6636 12
6637 18
6638 282
6639 26
6640 216
6641 18
6642 19
6643 16
6644 17
6645 190
6646 17
6647 31
6648 16
6649 25
6650 14
6651 13
6652 12
6653 12
6654 12
6655 13
6656 12
6657 146
6658 18
6659 80
6660 17
6661 100
6662 23
6663 83
6664 17
6665 21
6666 16
6667 23
6668 16
6669 32
6670 48
6671 13
6672 11
6673 11
6674 134
6675 16
6676 15
6677 79
6678 14
6679 15
6680 17
6681 19
6682 18
6683 17
6684 18
6685 17
6686 18
6687 17
6688 18
6689 161
6690 19
6691 16
6692 14
6693 301
6694 17
6695 21
6696 17
6697 111
6698 16
6699 17
6700 13
6701 16
6702 218
6703 18
6704 23
6705 18
6706 19
6707 15
6708 14
6709 14
6710 25
6711 19
6712 14
6713 12
6714 12
6715 13
6716 12
6717 43
6718 17
6719 20
6720 26
6721 18
6722 328
6723 21
6724 96
6725 20
6726 20
6727 15
6728 55
6729 19
6730 14
6731 16
6732 13
6733 17
6734 116
6735 19
6736 57
6737 13
6738 19
6739 15
6740 19
6741 102
6742 18
6743 20
6744 16
6745 17
6746 12
6747 14
6748 12
6749 139
6750 19
6751 17
6752 14
6753 20
6754 14
6755 20
6756 24
6757 18
6758 23
6759 20
6760 64
6761 23
6762 20
6763 13
6764 11
6765 11
6766 53
6767 15
6768 16
6769 90
6770 17
6771 14
6772 13
6773 14
6774 12
6775 12
6776 17
6777 12
6778 16
6779 32
6780 16
6781 16
6782 14
6783 16
6784 14
6785 14
6786 19
6787 337
6788 20
6789 72
6790 21
6791 20
6792 15
6793 19
6794 111
6795 20
6796 160
6797 18
6798 20
6799 18
6800 14
6801 14
6802 13
6803 18
6804 243
6805 16
6806 53
6807 14
6808 18
6809 19
6810 17
6811 249
6812 26
6813 24
6814 12
6815 17
6816 11
6817 11
6818 11
6819 15
6820 11
6821 17
6822 166
6823 16
6824 18
6825 14
6826 19
6827 145
6828 17
6829 18
6830 20
6831 17
6832 13
6833 13
6834 12
6835 17
6836 12
6837 17
6838 21
6839 14
6840 17
6841 13
6842 18
6843 15
6844 18
6845 109
6846 18
6847 57
6848 13
6849 12
6850 13
6851 70
6852 13
6853 17
6854 14
6855 18
6856 14
6857 18
6858 135
6859 19
6860 43
6861 16
6862 20
6863 16
6864 16
6865 11
6866 11
6867 11
6868 142
6869 17
6870 56
6871 12
6872 16
6873 118
6874 17
6875 45
6876 20
6877 25
6878 23
6879 19
6880 201
6881 19
6882 14
6883 22
6884 16
6885 18
6886 44
6887 14
6888 17
6889 274
6890 18
6891 18
6892 20
6893 25
6894 20
6895 13
6896 15
6897 11
6898 15
6899 109
6900 17
6901 11
6902 11
6903 12
6904 16
6905 16
6906 14
6907 14
6908 14
6909 13
6910 14
6911 15
6912 14
6913 98
6914 20
6915 16
6916 23
6917 31
6918 24
6919 59
6920 22
6921 17
6922 20
6923 85
6924 26
6925 15
6926 11
6927 14
6928 11
6929 11
6930 11
6931 15
6932 199
6933 14
6934 16
6935 16
6936 20
6937 321
6938 18
6939 116
6940 18
6941 25
6942 19
6943 19
6944 23
6945 16
6946 14
6947 81
6948 17
6949 25
6950 17
6951 18
6952 13
6953 12
6954 12
6955 22
6956 19
6957 21
6958 105
6959 23
6960 18
6961 119
6962 18
6963 49
6964 21
6965 15
6966 12
6967 17
6968 15
6969 53
6970 16
6971 40
6972 16
6973 16
6974 89
6975 16
6976 20
6977 23
6978 19
6979 39
6980 18
6981 14
6982 14
6983 16
6984 18
6985 17
6986 18
6987 245
6988 18
6989 51
6990 17
6991 20
6992 55
6993 19
6994 34
6995 26
6996 42
6997 14
6998 11
6999 12
7000 13
7001 15
7002 138
7003 14
7004 16
7005 24
7006 15
7007 18
7008 21
7009 14
7010 20
7011 15
7012 20
7013 14
7014 20
7015 176
7016 19
7017 11
7018 11
7019 12
7020 11
7021 31
7022 15
7023 16
7024 18
7025 15
7026 17
7027 17
7028 20
7029 14
7030 21
7031 39
7032 18
7033 27
7034 19
7035 15
7036 21
7037 17
7038 17
7039 40
7040 17
7041 17
7042 16
7043 16
7044 20
7045 16
7046 71
7047 14
7048 61
7049 22
7050 16
7051 14
7052 12
7053 12
7054 37
7055 15
7056 18
7057 17
7058 135
7059 20
7060 31
7061 18
7062 20
7063 208
7064 21
7065 228
7066 19
7067 154
7068 16
7069 17
7070 11
7071 12
7072 11
7073 17
7074 11
7075 16
7076 162
7077 16
7078 15
7079 16
7080 13
7081 14
7082 19
7083 15
7084 25
7085 16
7086 335
7087 18
7088 14
7089 18
7090 24
7091 19
7092 15
7093 14
7094 13
7095 19
7096 14
7097 20
7098 14
7099 17
7100 17
7101 16
7102 16
7103 14
7104 16
7105 13
7106 16
7107 22
7108 14
7109 13
7110 12
7111 259
7112 18
7113 13
7114 12
7115 13
7116 12
7117 19
7118 19
7119 22
7120 16
7121 22
7122 16
7123 18
7124 29
7125 24
7126 27
7127 31
7128 265
7129 16
7130 36
7131 16
7132 19
7133 16
7134 12
7135 13
7136 19
7137 18
7138 20
7139 22
7140 18
7141 112
7142 21
7143 21
7144 18
7145 158
7146 21
7147 15
7148 22
7149 16
7150 14
7151 17
7152 13
7153 18
7154 13
7155 13
7156 12
7157 12
7158 26
7159 14
7160 83
7161 57
7162 19
7163 257
7164 19
7165 20
7166 18
7167 43
7168 16
7169 70
7170 19
7171 17
7172 12
7173 12
7174 12
7175 28
7176 15
7177 18
7178 16
7179 17
7180 39
7181 19
7182 253
7183 22
7184 144
7185 21
7186 148
7187 21
7188 20
7189 23
7190 15
7191 14
7192 36
7193 13
7194 21
7195 14
7196 17
7197 143
7198 16
7199 24
7200 13
7201 16
7202 12
7203 16
7204 159
7205 17
7206 13
7207 13
7208 77
7209 18
7210 17
7211 13
7212 18
7213 15
7214 17
7215 20
7216 17
7217 17
7218 13
7219 17
7220 21
7221 16
7222 12
7223 13
7224 15
7225 17
7226 40
7227 19
7228 29
7229 17
7230 17
7231 14
7232 19
7233 222
7234 21
7235 43
7236 19
7237 19
7238 14
7239 15
7240 24
7241 16
7242 18
7243 13
7244 12
7245 12
7246 12
7247 14
7248 12
7249 12
7250 12
7251 245
7252 21
7253 16
7254 84
7255 19
7256 25
7257 26
7258 23
7259 43
7260 20
7261 27
7262 143
7263 30
7264 18
7265 116
7266 17
7267 14
7268 12
7269 12
7270 46
7271 14
7272 12
7273 12
7274 12
7275 17
7276 30
7277 16
7278 18
7279 20
7280 17
7281 35
7282 17
7283 20
7284 59
7285 15
7286 21
7287 15
7288 14
7289 13
7290 21
7291 39
7292 21
7293 17
7294 13
7295 20
7296 13
7297 18
7298 211
7299 18
7300 18
7301 21
7302 17
7303 18
7304 16
7305 16
7306 13
7307 13
7308 12
7309 17
7310 16
7311 17
7312 12
7313 19
7314 14
7315 20
7316 52
7317 19
7318 23
7319 17
7320 19
7321 14
7322 18
7323 13
7324 12
7325 12
7326 12
7327 226
7328 18
7329 17
7330 13
7331 24
7332 229
7333 21
7334 212
7335 21
7336 21
7337 14
7338 21
7339 305
7340 20
7341 14
7342 15
7343 13
7344 17
7345 39
7346 14
7347 32
7348 15
7349 17
7350 170
7351 18
7352 26
7353 16
7354 45
7355 14
7356 16
7357 179
7358 19
7359 13
7360 12
7361 179
7362 18
7363 21
7364 19
7365 14
7366 13
7367 15
7368 164
7369 20
7370 14
7371 19
7372 23
7373 20
7374 14
7375 21
7376 15
7377 22
7378 218
7379 20
7380 14
7381 14
7382 23
7383 19
7384 280
7385 17
7386 160
7387 18
7388 17
7389 13
7390 17
7391 144
7392 17
7393 104
7394 17
7395 20
7396 15
7397 12
7398 12
7399 192
7400 18
7401 27
7402 13
7403 17
7404 13
7405 16
7406 12
7407 17
7408 17
7409 26
7410 17
7411 20
7412 16
7413 20
7414 13
7415 250
7416 17
7417 23
7418 14
7419 18
7420 13
7421 16
7422 255
7423 25
7424 17
7425 20
7426 17
7427 17
7428 16
7429 12
7430 12
7431 263
7432 16
7433 28
7434 16
7435 17
7436 13
7437 19
7438 65
7439 16
7440 17
7441 13
7442 17
7443 59
7444 17
7445 11
7446 11
7447 21
7448 15
7449 19
7450 14
7451 16
7452 18
7453 15
7454 15
7455 16
7456 20
7457 79
7458 19
7459 18
7460 17
7461 14
7462 14
7463 22
7464 19
7465 13
7466 12
7467 13
7468 35
7469 14
7470 18
7471 14
7472 19
7473 116
7474 18
7475 82
7476 14
7477 19
7478 20
7479 19
7480 14
7481 14
7482 13
7483 76
7484 19
7485 39
7486 15
7487 19
7488 14
7489 18
7490 14
7491 19
7492 212
7493 19
7494 50
7495 14
7496 18
7497 12
7498 12
7499 14
7500 16
7501 13
7502 17
7503 197
7504 18
7505 194
7506 18
7507 21
7508 17
7509 17
7510 13
7511 13
7512 12
7513 12
7514 16
7515 13
7516 21
7517 18
7518 14
7519 15
7520 14
7521 18
7522 37
7523 18
7524 250
7525 20
7526 21
7527 17
7528 20
7529 22
7530 18
7531 258
7532 19
7533 14
7534 27
7535 16
7536 12
7537 11
7538 11
7539 83
7540 15
7541 15
7542 16
7543 57
7544 17
7545 17
7546 152
7547 20
7548 70
7549 19
7550 21
7551 16
7552 20
7553 14
7554 14
7555 14
7556 36
7557 14
7558 17
7559 14
7560 17
7561 144
7562 18
7563 17
7564 134
7565 19
7566 18
7567 14
7568 19
7569 13
7570 12
7571 13
7572 17
7573 12
7574 19
7575 50
7576 17
7577 87
7578 15
7579 20
7580 17
7581 18
7582 109
7583 19
7584 139
7585 29
7586 16
7587 14
7588 12
7589 17
7590 20
7591 17
7592 36
7593 13
7594 17
7595 214
7596 17
7597 21
7598 16
7599 17
7600 12
7601 16
7602 12
7603 13
7604 12
7605 12
7606 18
7607 19
7608 18
7609 292
7610 18
7611 309
7612 20
7613 96
7614 20
7615 20
7616 24
7617 18
7618 81
7619 16
7620 11
7621 11
7622 11
7623 16
7624 11
7625 16
7626 16
7627 15
7628 205
7629 20
7630 19
7631 16
7632 19
7633 14
7634 19
7635 36
7636 28
7637 16
7638 12
7639 12
7640 17
7641 17
7642 42
7643 12
7644 15
7645 53
7646 16
7647 17
7648 243
7649 21
7650 114
7651 20
7652 106
7653 15
7654 19
7655 15
7656 14
7657 22
7658 272
7659 19
7660 12
7661 12
7662 12
7663 18
7664 125
7665 16
7666 52
7667 17
7668 69
7669 32
7670 19
7671 15
7672 14
7673 14
7674 14
7675 15
7676 18
7677 14
7678 19
7679 15
7680 14
7681 13
7682 14
7683 23
7684 18
7685 20
7686 25
7687 21
7688 16
7689 20
7690 44
7691 20
7692 18
7693 13
7694 19
7695 13
7696 17
7697 13
7698 19
7699 13
7700 18
7701 13
7702 17
7703 21
7704 16
7705 18
7706 102
7707 19
7708 23
7709 13
7710 17
7711 14
7712 18
7713 12
7714 12
7715 12
7716 18
7717 202
7718 24
7719 42
7720 19
7721 19
7722 14
7723 18
7724 244
7725 21
7726 112
7727 21
7728 75
7729 15
7730 12
7731 13
7732 62
7733 17
7734 53
7735 14
7736 17
7737 164
7738 18
7739 58
7740 15
7741 19
7742 14
7743 20
7744 152
7745 20
7746 16
7747 15
7748 13
7749 20
7750 14
7751 18
7752 105
7753 29
7754 18
7755 17
7756 19
7757 39
7758 20
7759 22
7760 19
7761 17
7762 13
7763 18
7764 13
7765 12
7766 20
7767 17
7768 22
7769 18
7770 17
7771 17
7772 17
7773 168
7774 16
7775 20
7776 12
7777 16
7778 12
7779 17
7780 12
7781 12
7782 12
7783 46
7784 16
7785 17
7786 32
7787 16
7788 20
7789 24
7790 16
7791 275
7792 19
7793 102
7794 21
7795 19
7796 16
7797 14
7798 14
7799 234
7800 19
7801 50
7802 17
7803 17
7804 193
7805 17
7806 18
7807 16
7808 16
7809 33
7810 16
7811 18
7812 17
7813 13
7814 12
7815 13
7816 18
7817 13
7818 19
7819 21
7820 17
7821 20
7822 14
7823 22
7824 14
7825 19
7826 14
7827 14
7828 13
7829 19
7830 15
7831 18
7832 14
7833 13
7834 13
7835 20
7836 18
7837 103
7838 14
7839 20
7840 17
7841 19
7842 17
7843 18
7844 110
7845 21
7846 20
7847 18
7848 14
7849 13
7850 22
7851 15
7852 14
7853 14
7854 14
7855 15
7856 14
7857 13
7858 14
7859 15
7860 20
7861 16
7862 21
7863 26
7864 22
7865 21
7866 21
7867 22
7868 19
7869 19
7870 26
7871 24
7872 21
7873 21
7874 21
7875 25
7876 18
7877 18
7878 19
7879 23
7880 378
7881 26
7882 16
7883 17
7884 16
7885 22
7886 16
7887 16
7888 16
7889 16
7890 97
7891 23
7892 14
7893 64
7894 15
7895 52
7896 18
7897 19
7898 19
7899 18
7900 15
7901 18
7902 24
7903 18
7904 12
7905 12
7906 12
7907 19
7908 163
7909 19
7910 28
7911 14
7912 19
7913 19
7914 17
7915 49
7916 19
7917 17
7918 310
7919 17
7920 13
7921 20
7922 14
7923 16
7924 214
7925 20
7926 207
7927 21
7928 35
7929 19
7930 42
7931 25
7932 20
7933 21
7934 17
7935 19
7936 14
7937 18
7938 12
7939 13
7940 12
7941 25
7942 19
7943 17
7944 16
7945 65
7946 14
7947 17
7948 20
7949 17
7950 17
7951 48
7952 17
7953 16
7954 124
7955 16
7956 15
7957 11
7958 11
7959 12
7960 36
7961 12
7962 15
7963 18
7964 19
7965 49
7966 18
7967 19
7968 14
7969 19
7970 16
7971 19
7972 17
7973 14
7974 12
7975 13
7976 17
7977 15
7978 73
7979 19
7980 18
7981 32
7982 18
7983 39
7984 20
7985 84
7986 17
7987 22
7988 15
7989 21
7990 79
7991 21
7992 23
7993 15
7994 14
7995 18
7996 12
7997 17
7998 13
7999 19
8000 13
8001 18
8002 21
8003 17
8004 13
8005 12
8006 12
8007 12
8008 17
8009 13
8010 28
8011 18
8012 14
8013 17
8014 13
8015 15
8016 318
8017 21
8018 19
8019 16
8020 19
8021 87
8022 22
8023 22
8024 18
8025 52
8026 15
8027 18
8028 14
8029 18
8030 254
8031 19
8032 14
8033 23
8034 46
8035 18
8036 26
8037 13
8038 17
8039 17
8040 17
8041 17
8042 16
8043 17
8044 13
8045 16
8046 19
8047 18
8048 17
8049 12
8050 12
8051 13
8052 18
8053 13
8054 21
8055 13
8056 16
8057 14
8058 14
8059 15
8060 14
8061 14
8062 14
8063 14
8064 19
8065 15
8066 20
8067 20
8068 18
8069 18
8070 18
8071 19
8072 19
8073 18
8074 26
8075 24
8076 22
8077 21
8078 21
8079 25
8080 19
8081 18
8082 18
8083 23
8084 29
8085 23
8086 21
8087 24
8088 21
8089 21
8090 21
8091 24
8092 21
8093 21
8094 21
8095 24
8096 21
8097 21
8098 21
8099 24
8100 21
8101 21
8102 21
8103 23
8104 21
8105 22
8106 21
8107 24
8108 21
8109 21
8110 21
8111 23
8112 21
8113 21
8114 21
8115 31
8116 23
8117 21
8118 21
8119 24
8120 21
8121 21
8122 21
8123 24
8124 21
8125 21
8126 22
8127 24
8128 21
8129 21
8130 21
8131 23
8132 21
8133 21
8134 21
8135 23
8136 22
8137 21
8138 21
8139 24
8140 21
8141 21
8142 21
8143 24
8144 21
8145 21
8146 28
8147 25
8148 21
8149 21
8150 21
8151 24
8152 21
8153 21
8154 21
8155 24
8156 28
8157 23
8158 21
8159 24
8160 21
8161 21
8162 21
8163 24
8164 21
8165 21
8166 28
8167 25
8168 21
8169 21
8170 21
8171 24
8172 21
8173 21
8174 21
8175 23
8176 28
8177 23
8178 21
8179 22
8180 21
8181 21
8182 21
8183 25
8184 21
8185 21
8186 28
8187 25
8188 21
8189 282
8190 24
8191 20
8192 19
8193 19
8194 18
8195 19
8196 30
8197 21
8198 18
8199 17
8200 16
8201 16
8202 16
8203 16
8204 16
8205 15
8206 16
8207 22
8208 24
8209 22
8210 22
8211 22
8212 21
8213 22
8214 22
8215 25
8216 22
8217 22
8218 21
8219 24
8220 22
8221 21
8222 21
8223 24
8224 22
8225 21
8226 21
8227 32
8228 23
8229 21
8230 21
8231 24
8232 21
8233 21
8234 21
8235 24
8236 21
8237 21
8238 22
8239 24
8240 22
8241 21
8242 21
8243 24
8244 21
8245 21
8246 21
8247 24
8248 22
8249 21
8250 21
8251 24
8252 21
8253 21
8254 21
8255 24
8256 25
8257 21
8258 30
8259 26
8260 22
8261 21
8262 21
8263 24
8264 22
8265 21
8266 21
8267 24
8268 21
8269 22
8270 21
8271 24
8272 21
8273 21
8274 21
8275 24
8276 22
8277 21
8278 21
8279 31
8280 20
8281 18
8282 19
8283 24
8284 21
8285 21
8286 21
8287 25
8288 21
8289 21
8290 23
8291 24
8292 21
8293 21
8294 21
8295 24
8296 21
8297 21
8298 21
8299 24
8300 22
8301 21
8302 21
8303 24
8304 21
8305 21
8306 21
8307 24
8308 22
8309 21
8310 28
8311 25
8312 21
8313 21
8314 21
8315 24
8316 21
8317 21
8318 21
8319 24
8320 29
8321 23
8322 21
8323 24
8324 28
8325 19
8326 18
8327 20
8328 19
8329 18
8330 18
8331 21
8332 18
8333 16
8334 15
8335 17
8336 15
8337 16
8338 16
8339 16
8340 16
8341 22
8342 18
8343 25
8344 21
8345 21
8346 21
8347 22
8348 21
8349 21
8350 21
8351 33
8352 23
8353 21
8354 21
8355 24
8356 21
8357 21
8358 21
8359 24
8360 21
8361 21
8362 22
8363 24
8364 21
8365 21
8366 21
8367 24
8368 21
8369 21
8370 21
8371 24
8372 22
8373 21
8374 21
8375 24
8376 21
8377 21
8378 21
8379 24
8380 21
8381 21
8382 29
8383 26
8384 19
8385 19
8386 19
8387 23
8388 22
8389 21
8390 21
8391 24
8392 21
8393 23
8394 21
8395 24
8396 21
8397 21
8398 21
8399 23
8400 21
8401 21
8402 21
8403 31
8404 23
8405 21
8406 21
8407 24
8408 19
8409 19
8410 19
8411 24
8412 21
8413 21
8414 22
8415 25
8416 21
8417 21
8418 21
8419 22
8420 21
8421 21
8422 21
8423 24
8424 22
8425 21
8426 21
8427 24
8428 21
8429 21
8430 21
8431 24
8432 21
8433 21
8434 29
8435 26
8436 21
8437 21
8438 21
8439 24
8440 21
8441 21
8442 21
8443 24
8444 21
8445 22
8446 21
8447 24
8448 21
8449 21
8450 21
8451 24
8452 21
8453 21
8454 21
8455 31
8456 218
8457 24
8458 19
8459 21
8460 18
8461 18
8462 18
8463 19
8464 18
8465 18
8466 20
8467 18
8468 16
8469 15
8470 16
8471 16
8472 16
8473 15
8474 15
8475 21
8476 21
8477 24
8478 22
8479 22
8480 21
8481 21
8482 21
8483 24
8484 21
8485 21
8486 22
8487 24
8488 22
8489 21
8490 21
8491 21
8492 21
8493 21
8494 21
8495 24
8496 22
8497 21
8498 21
8499 24
8500 21
8501 21
8502 21
8503 24
8504 21
8505 21
8506 29
8507 26
8508 21
8509 21
8510 21
8511 24
8512 21
8513 21
8514 21
8515 24
8516 29
8517 23
8518 21
8519 24
8520 22
8521 21
8522 21
8523 24
8524 21
8525 21
8526 21
8527 25
8528 21
8529 21
8530 21
8531 24
8532 21
8533 21
8534 21
8535 24
8536 21
8537 22
8538 22
8539 24
8540 21
8541 21
8542 21
8543 24
8544 19
8545 18
8546 19
8547 24
8548 21
8549 22
8550 21
8551 130
8552 27
8553 19
8554 26
8555 51
8556 34
8557 30
8558 116
8559 14
8560 19
8561 13
8562 19
8563 13
8564 12
8565 12
8566 12
8567 18
8568 22
8569 18
8570 100
8571 17
8572 35
8573 34
8574 16
8575 21
8576 17
8577 17
8578 20
8579 18
8580 13
8581 12
8582 12
8583 17
8584 14
8585 135
8586 19
8587 71
8588 20
8589 39
8590 16
8591 15
8592 14
8593 14
8594 29
8595 18
8596 24
8597 19
8598 176
8599 21
8600 14
8601 14
8602 13
8603 20
8604 14
8605 21
8606 14
8607 20
8608 260
8609 20
8610 74
8611 17
8612 13
8613 12
8614 12
8615 14
8616 27
8617 14
8618 13
8619 17
8620 12
8621 19
8622 14
8623 14
8624 14
8625 127
8626 21
8627 67
8628 19
8629 243
8630 20
8631 63
8632 21
8633 23
8634 18
8635 21
8636 19
8637 19
8638 22
8639 20
8640 14
8641 12
8642 12
8643 19
8644 16
8645 17
8646 145
8647 19
8648 24
8649 14
8650 20
8651 21
8652 16
8653 17
8654 15
8655 17
8656 12
8657 12
8658 12
8659 18
8660 18
8661 19
8662 66
8663 20
8664 22
8665 15
8666 19
8667 24
8668 18
8669 148
8670 21
8671 108
8672 19
8673 13
8674 12
8675 59
8676 17
8677 36
8678 20
8679 17
8680 15
8681 17
8682 20
8683 18
8684 31
8685 30
8686 17
8687 101
8688 17
8689 20
8690 14
8691 16
8692 19
8693 14
8694 19
8695 56
8696 19
8697 29
8698 16
8699 22
8700 15
8701 14
8702 13
8703 15
8704 20
8705 14
8706 13
8707 20
8708 14
8709 27
8710 23
8711 19
8712 14
8713 14
8714 13
8715 74
8716 21
8717 21
8718 35
8719 28
8720 34
8721 16
8722 19
8723 17
8724 16
8725 13
8726 17
8727 20
8728 18
8729 13
8730 13
8731 145
8732 18
8733 85
8734 13
8735 16
8736 88
8737 19
8738 107
8739 19
8740 57
8741 19
8742 18
8743 239
8744 18
8745 13
8746 12
8747 227
8748 18
8749 12
8750 19
8751 14
8752 189
8753 21
8754 31
8755 19
8756 75
8757 15
8758 14
8759 15
8760 21
8761 15
8762 14
8763 19
8764 14
8765 14
8766 18
8767 23
8768 19
8769 107
8770 28
8771 16
8772 14
8773 14
8774 20
8775 110
8776 19
8777 35
8778 17
8779 31
8780 28
8781 19
8782 22
8783 17
8784 17
8785 16
8786 16
8787 13
8788 12
8789 12
8790 187
8791 19
8792 53
8793 19
8794 18
8795 17
8796 19
8797 120
8798 21
8799 20
8800 14
8801 20
8802 23
8803 16
8804 13
8805 12
8806 12
8807 16
8808 13
8809 17
8810 13
8811 17
8812 13
8813 16
8814 209
8815 16
8816 17
8817 21
8818 16
8819 38
8820 19
8821 13
8822 12
8823 34
8824 19
8825 17
8826 13
8827 17
8828 12
8829 17
8830 13
8831 17
8832 19
8833 15
8834 18
8835 54
8836 18
8837 14
8838 14
8839 163
8840 21
8841 354
8842 19
8843 77
8844 19
8845 17
8846 31
8847 17
8848 36
8849 18
8850 12
8851 20
8852 13
8853 12
8854 17
8855 234
8856 18
8857 12
8858 12
8859 13
8860 18
8861 19
8862 17
8863 21
8864 20
8865 284
8866 19
8867 21
8868 14
8869 19
8870 22
8871 28
8872 329
8873 16
8874 11
8875 12
8876 18
8877 17
8878 25
8879 14
8880 15
8881 20
8882 16
8883 16
8884 12
8885 16
8886 18
8887 17
8888 16
8889 12
8890 16
8891 13
8892 13
8893 12
8894 18
8895 19
8896 19
8897 51
8898 16
8899 21
8900 13
8901 18
8902 178
8903 19
8904 185
8905 16
8906 18
8907 13
8908 12
8909 12
8910 17
8911 19
8912 17
8913 246
8914 17
8915 18
8916 16
8917 16
8918 12
8919 17
8920 147
8921 16
8922 53
8923 16
8924 12
8925 12
8926 77
8927 17
8928 74
8929 14
8930 19
8931 14
8932 18
8933 226
8934 20
8935 184
8936 20
8937 21
8938 14
8939 19
8940 14
8941 14
8942 22
8943 20
8944 15
8945 14
8946 13
8947 15
8948 19
8949 14
8950 14
8951 20
8952 22
8953 20
8954 14
8955 21
8956 14
8957 20
8958 146
8959 21
8960 14
8961 14
8962 22
8963 15
8964 20
8965 14
8966 14
8967 15
8968 104
8969 19
8970 45
8971 22
8972 25
8973 30
8974 20
8975 17
8976 18
8977 151
8978 21
8979 113
8980 15
8981 14
8982 14
8983 16
8984 19
8985 40
8986 15
8987 18
8988 14
8989 19
8990 97
8991 20
8992 43
8993 15
8994 17
8995 13
8996 16
8997 12
8998 12
8999 12
9000 105
9001 17
9002 80
9003 14
9004 19
9005 171
9006 21
9007 98
9008 20
9009 22
9010 17
9011 46
9012 20
9013 20
9014 12
9015 12
9016 108
9017 16
9018 22
9019 30
9020 14
9021 15
9022 20
9023 15
9024 20
9025 14
9026 13
9027 15
9028 20
9029 23
9030 18
9031 17
9032 18
9033 134
9034 21
9035 144
9036 21
9037 18
9038 17
9039 15
9040 14
9041 48
9042 19
9043 19
9044 31
9045 17
9046 15
9047 16
9048 21
9049 15
9050 84
9051 20
9052 17
9053 159
9054 18
9055 13
9056 12
9057 12
9058 18
9059 22
9060 17
9061 18
9062 100
9063 26
9064 39
9065 14
9066 55
9067 16
9068 18
9069 13
9070 19
9071 13
9072 12
9073 12
9074 14
9075 269
9076 21
9077 20
9078 19
9079 19
9080 25
9081 19
9082 106
9083 21
9084 15
9085 14
9086 12
9087 13
9088 12
9089 12
9090 12
9091 13
9092 12
9093 12
9094 18
9095 14
9096 21
9097 18
9098 18
9099 20
9100 19
9101 18
9102 19
9103 20
9104 26
9105 20
9106 18
9107 24
9108 22
9109 22
9110 22
9111 22
9112 21
9113 22
9114 29
9115 23
9116 21
9117 21
9118 98
9119 23
9120 19
9121 18
9122 39
9123 23
9124 228
9125 25
9126 18
9127 14
9128 12
9129 247
9130 18
9131 13
9132 12
9133 12
9134 12
9135 14
9136 18
9137 22
9138 17
9139 96
9140 24
9141 50
9142 23
9143 81
9144 22
9145 109
9146 20
9147 59
9148 17
9149 19
9150 166
9151 19
9152 13
9153 12
9154 261
9155 18
9156 22
9157 17
9158 17
9159 13
9160 17
9161 12
9162 17
9163 21
9164 16
9165 46
9166 17
9167 16
9168 12
9169 12
9170 12
9171 17
9172 12
9173 17
9174 12
9175 17
9176 257
9177 18
9178 24
9179 16
9180 20
9181 23
9182 19
9183 15
9184 19
9185 23
9186 16
9187 14
9188 123
9189 18
9190 30
9191 28
9192 18
9193 13
9194 12
9195 13
9196 14
9197 15
9198 43
9199 19
9200 14
9201 19
9202 14
9203 19
9204 298
9205 18
9206 300
9207 17
9208 12
9209 12
9210 12
9211 16
9212 134
9213 20
9214 13
9215 14
9216 19
9217 14
9218 16
9219 27
9220 19
9221 14
9222 19
9223 15
9224 21
9225 195
9226 28
9227 33
9228 17
9229 20
9230 16
9231 14
9232 12
9233 149
9234 17
9235 70
9236 14
9237 17
9238 92
9239 22
9240 54
9241 18
9242 24
9243 18
9244 20
9245 197
9246 21
9247 15
9248 12
9249 18
9250 16
9251 201
9252 15
9253 31
9254 14
9255 16
9256 158
9257 15
9258 157
9259 19
9260 71
9261 22
9262 20
9263 15
9264 14
9265 14
9266 22
9267 20
9268 146
9269 19
9270 20
9271 17
9272 17
9273 12
9274 16
9275 16
9276 16
9277 33
9278 20
9279 16
9280 12
9281 12
9282 25
9283 16
9284 13
9285 16
9286 194
9287 17
9288 35
9289 16
9290 13
9291 14
9292 12
9293 220
9294 18
9295 199
9296 18
9297 17
9298 34
9299 21
9300 18
9301 14
9302 14
9303 78
9304 20
9305 21
9306 132
9307 21
9308 160
9309 19
9310 18
9311 22
9312 16
9313 27
9314 16
9315 18
9316 16
9317 17
9318 220
9319 17
9320 13
9321 12
9322 12
9323 17
9324 12
9325 12
9326 12
9327 19
9328 14
9329 326
9330 22
9331 17
9332 26
9333 21
9334 26
9335 22
9336 47
9337 39
9338 20
9339 15
9340 17
9341 17
9342 62
9343 17
9344 34
9345 17
9346 12
9347 14
9348 13
9349 17
9350 18
9351 17
9352 17
9353 13
9354 16
9355 17
9356 16
9357 13
9358 19
9359 14
9360 287
9361 15
9362 29
9363 16
9364 49
9365 13
9366 12
9367 14
9368 20
9369 16
9370 21
9371 42
9372 19
9373 37
9374 20
9375 21
9376 95
9377 22
9378 166
9379 20
9380 44
9381 18
9382 26
9383 15
9384 18
9385 12
9386 13
9387 51
9388 39
9389 18
9390 200
9391 19
9392 254
9393 19
9394 20
9395 16
9396 19
9397 15
9398 19
9399 17
9400 18
9401 67
9402 13
9403 13
9404 12
9405 43
9406 16
9407 19
9408 12
9409 26
9410 61
9411 14
9412 17
9413 12
9414 17
9415 14
9416 17
9417 97
9418 17
9419 14
9420 13
9421 12
9422 12
9423 19
9424 14
9425 17
9426 13
9427 17
9428 44
9429 17
9430 18
9431 16
9432 21
9433 17
9434 20
9435 115
9436 21
9437 14
9438 14
9439 15
9440 19
9441 13
9442 17
9443 62
9444 17
9445 18
9446 13
9447 17
9448 13
9449 18
9450 60
9451 19
9452 16
9453 11
9454 11
9455 12
9456 16
9457 33
9458 16
9459 209
9460 20
9461 66
9462 19
9463 57
9464 40
9465 19
9466 17
9467 18
9468 50
9469 21
9470 23
9471 16
9472 66
9473 17
9474 17
9475 14
9476 16
9477 20
9478 17
9479 109
9480 26
9481 18
9482 13
9483 13
9484 13
9485 12
9486 21
9487 18
9488 13
9489 31
9490 17
9491 15
9492 15
9493 14
9494 14
9495 105
9496 15
9497 19
9498 309
9499 20
9500 120
9501 20
9502 93
9503 20
9504 43
9505 19
9506 21
9507 19
9508 19
9509 14
9510 14
9511 22
9512 35
9513 20
9514 43
9515 17
9516 20
9517 19
9518 35
9519 21
9520 19
9521 22
9522 20
9523 267
9524 17
9525 161
9526 19
9527 14
9528 12
9529 12
9530 19
9531 25
9532 14
9533 16
9534 14
9535 33
9536 14
9537 54
9538 20
9539 15
9540 47
9541 28
9542 16
9543 20
9544 17
9545 16
9546 187
9547 20
9548 184
9549 18
9550 20
9551 18
9552 13
9553 12
9554 17
9555 16
9556 16
9557 12
9558 16
9559 31
9560 17
9561 16
9562 12
9563 17
9564 13
9565 16
9566 38
9567 19
9568 12
9569 12
9570 12
9571 17
9572 20
9573 17
9574 39
9575 18
9576 18
9577 16
9578 18
9579 15
9580 17
9581 20
9582 25
9583 27
9584 15
9585 11
9586 11
9587 12
9588 17
9589 11
9590 11
9591 11
9592 20
9593 13
9594 21
9595 281
9596 21
9597 281
9598 20
9599 53
9600 15
9601 19
9602 14
9603 19
9604 11
9605 11
9606 10
9607 15
9608 11
9609 15
9610 16
9611 15
9612 15
9613 19
9614 13
9615 19
9616 163
9617 19
9618 133
9619 19
9620 27
9621 17
9622 12
9623 21
9624 14
9625 16
9626 13
9627 17
9628 22
9629 17
9630 16
9631 63
9632 16
9633 34
9634 18
9635 16
9636 13
9637 15
9638 11
9639 12
9640 11
9641 11
9642 34
9643 15
9644 49
9645 23
9646 21
9647 23
9648 40
9649 26
9650 21
9651 19
9652 75
9653 19
9654 19
9655 14
9656 17
9657 21
9658 14
9659 13
9660 12
9661 20
9662 17
9663 20
9664 17
9665 21
9666 24
9667 17
9668 13
9669 17
9670 183
9671 19
9672 32
9673 17
9674 20
9675 15
9676 12
9677 12
9678 42
9679 19
9680 18
9681 298
9682 19
9683 17
9684 21
9685 17
9686 267
9687 21
9688 95
9689 20
9690 138
9691 21
9692 57
9693 20
9694 27
9695 16
9696 12
9697 11
9698 16
9699 12
9700 16
9701 31
9702 14
9703 16
9704 180
9705 16
9706 17
9707 159
9708 17
9709 12
9710 12
9711 13
9712 17
9713 12
9714 16
9715 14
9716 16
9717 14
9718 14
9719 20
9720 179
9721 20
9722 20
9723 30
9724 21
9725 38
9726 17
9727 18
9728 17
9729 15
9730 19
9731 25
9732 13
9733 12
9734 15
9735 20
9736 12
9737 12
9738 12
9739 13
9740 12
9741 12
9742 12
9743 13
9744 12
9745 12
9746 18
9747 20
9748 362
9749 24
9750 26
9751 22
9752 26
9753 223
9754 25
9755 28
9756 313
9757 17
9758 17
9759 13
9760 17
9761 132
9762 18
9763 13
9764 12
9765 20
9766 17
9767 209
9768 18
9769 20
9770 17
9771 17
9772 267
9773 17
9774 21
9775 21
9776 18
9777 13
9778 16
9779 12
9780 13
9781 11
9782 11
9783 18
9784 16
9785 162
9786 15
9787 19
9788 14
9789 18
9790 19
9791 19
9792 18
9793 14
9794 18
9795 15
9796 19
9797 14
9798 12
9799 13
9800 17
9801 12
9802 16
9803 20
9804 16
9805 16
9806 152
9807 18
9808 17
9809 12
9810 16
9811 13
9812 12
9813 12
9814 12
9815 16
9816 14
9817 16
9818 14
9819 19
9820 14
9821 18
9822 14
9823 19
9824 14
9825 19
9826 19
9827 18
9828 32
9829 19
9830 19
9831 15
9832 18
9833 14
9834 14
9835 15
9836 91
9837 25
9838 17
9839 17
9840 21
9841 14
9842 17
9843 52
9844 16
9845 19
9846 17
9847 27
9848 18
9849 20
9850 13
9851 19
9852 22
9853 16
9854 13
9855 12
9856 19
9857 14
9858 78
9859 18
9860 20
9861 17
9862 18
9863 198
9864 18
9865 47
9866 27
9867 33
9868 19
9869 28
9870 17
9871 18
9872 13
9873 12
9874 12
9875 17
9876 13
9877 18
9878 78
9879 16
9880 18
9881 15
9882 18
9883 151
9884 19
9885 114
9886 20
9887 79
9888 17
9889 12
9890 12
9891 18
9892 19
9893 68
9894 18
9895 18
9896 12
9897 17
9898 16
9899 25
9900 17
9901 19
9902 270
9903 19
9904 24
9905 18
9906 34
9907 16
9908 12
9909 12
9910 60
9911 15
9912 13
9913 12
9914 12
9915 13
9916 12
9917 19
9918 14
9919 21
9920 18
9921 18
9922 18
9923 20
9924 18
9925 18
9926 18
9927 28
9928 20
9929 18
9930 19
9931 25
9932 22
9933 21
9934 21
9935 22
9936 19
9937 26
9938 20
9939 24
9940 21
9941 21
9942 21
9943 25
9944 22
9945 21
9946 21
9947 32
9948 23
9949 21
9950 21
9951 24
9952 21
9953 21
9954 21
9955 24
9956 21
9957 21
9958 23
9959 22
9960 21
9961 21
9962 21
9963 24
9964 21
9965 21
9966 21
9967 24
9968 22
9969 21
9970 21
9971 24
9972 21
9973 21
9974 21
9975 24
9976 21
9977 21
9978 29
9979 26
9980 21
9981 21
9982 21
9983 24
9984 21
9985 21
9986 21
9987 24
9988 28
9989 23
9990 21
9991 24
9992 21
9993 21
9994 21
9995 24
9996 21
9997 21
9998 28
9999 25
# sum: 33
# min: 10
# max: 378
# err cnt: 1
