0 2029
1 1979
2 1976
3 1992
4 2105
5 2143
6 2141
7 2142
8 2143
9 2141
10 2142
11 2141
12 2141
13 2144
14 2141
15 2141
16 2153
17 2259
18 2203
19 2193
20 2141
21 2086
22 1978
23 1978
24 2030
25 2217
26 2242
27 2141
28 2093
29 2026
30 1978
31 1978
32 2104
33 2142
34 2142
35 2141
36 2141
37 2142
38 2143
39 2141
40 2193
41 2206
42 2078
43 1978
44 1976
45 1977
46 2106
47 2142
48 2140
49 2142
50 2141
51 2140
52 2143
53 2261
54 2143
55 2142
56 2142
57 2141
58 2141
59 2143
60 2153
61 2203
62 2207
63 2207
64 2257
65 2245
66 2143
67 2027
68 1977
69 1977
70 2104
71 2141
72 2152
73 2191
74 2152
75 2189
76 2141
77 2207
78 2257
79 2257
80 2205
81 2139
82 2039
83 1977
84 2105
85 2141
86 2140
87 2143
88 2141
89 2152
90 2245
91 2207
92 2240
93 2207
94 2204
95 2139
96 2040
97 1976
98 2104
99 2141
100 2141
101 2143
102 2141
103 2141
104 2141
105 2193
106 2196
107 2141
108 2209
109 2129
110 1979
111 2025
112 2167
113 2188
114 2141
115 2143
116 2141
117 2141
118 2141
119 2152
120 2207
121 2196
122 2143
123 2028
124 1977
125 2028
126 2104
127 2206
128 2207
129 2143
130 2152
131 2206
132 2141
133 2193
134 2151
135 2202
136 2143
137 2080
138 2034
139 2077
140 2103
141 2140
142 2141
143 2143
144 2141
145 2196
146 2207
147 2258
148 2188
149 2207
150 2208
151 2092
152 2025
153 1978
154 2210
155 2140
156 2141
157 2143
158 2141
159 2141
160 2141
161 2193
162 2140
163 2192
164 2142
165 2027
166 1977
167 1977
168 2114
169 2188
170 2192
171 2209
172 2258
173 2257
174 2189
175 2012
176 1975
177 1976
178 2019
179 2140
180 2141
181 2207
182 2059
183 1975
184 1976
185 1980
186 2204
187 2197
188 2141
189 2141
190 2206
191 2203
192 2142
193 2123
194 1979
195 2024
196 2114
197 2202
198 2192
199 2154
200 2207
201 2141
202 2141
203 2141
204 2140
205 2192
206 2142
207 2141
208 2141
209 2207
210 2203
211 2140
212 2206
213 2208
214 2032
215 1976
216 1976
217 2104
218 2196
219 2152
220 2247
221 2141
222 2141
223 2141
224 2141
225 2151
226 2202
227 2198
228 2139
229 2030
230 2025
231 2156
232 2140
233 2141
234 2143
235 2141
236 2141
237 2141
238 2207
239 2205
240 2140
241 2143
242 2087
243 2078
244 1977
245 2104
246 2141
247 2140
248 2143
249 2141
250 2141
251 2141
252 2141
253 2151
254 2206
255 2155
256 2073
257 2029
258 2028
259 2155
260 2140
261 2142
262 2142
263 2141
264 2141
265 2197
266 2141
267 2151
268 2245
269 2142
270 2026
271 2034
272 2077
273 2104
274 2151
275 2206
276 2209
277 2206
278 2141
279 2141
280 2141
281 2192
282 2142
283 2198
284 2035
285 2025
286 1979
287 2171
288 2206
289 2206
290 2143
291 2140
292 2141
293 2141
294 2207
295 2206
296 2141
297 2198
298 2031
299 1976
300 1976
301 2104
302 2141
303 2140
304 2154
305 2203
306 2257
307 2207
308 2011
309 1976
310 2029
311 1978
312 2101
313 2141
314 2141
315 2141
316 2150
317 2188
318 2143
319 2141
320 2140
321 2141
322 2141
323 2140
324 2140
325 2143
326 2141
327 2140
328 2141
329 2141
330 2192
331 2196
332 2143
333 2027
334 1976
335 1976
336 2104
337 2140
338 2141
339 2142
340 2141
341 2192
342 2197
343 2141
344 2140
345 2140
346 2141
347 2140
348 2151
349 2207
350 2011
351 1975
352 2029
353 1980
354 2152
355 2197
356 2153
357 2206
358 2141
359 2141
360 2142
361 2026
362 1976
363 1976
364 2104
365 2140
366 2141
367 2143
368 2141
369 2140
370 2141
371 2141
372 2141
373 2141
374 2143
375 2141
376 2141
377 2141
378 2207
379 2244
380 2141
381 2142
382 2027
383 2033
384 2076
385 2167
386 2240
387 2140
388 2198
389 2031
390 1977
391 1979
392 2165
393 2189
394 2140
395 2209
396 2203
397 2207
398 2203
399 2011
400 1978
401 2078
402 1978
403 2102
404 2141
405 2141
406 2141
407 2141
408 2141
409 2143
410 2141
411 2141
412 2197
413 2207
414 2257
415 2189
416 2143
417 2031
418 2037
419 2029
420 2104
421 2152
422 2202
423 2143
424 2141
425 2140
426 2207
427 2258
428 2257
429 2245
430 2143
431 2026
432 1977
433 1979
434 2154
435 2140
436 2207
437 2259
438 2203
439 2140
440 2141
441 2011
442 1975
443 2028
444 1978
445 2153
446 2141
447 2141
448 2141
449 2140
450 2196
451 2143
452 2141
453 2141
454 2141
455 2140
456 2140
457 2140
458 2143
459 2152
460 2202
461 2207
462 2206
463 2140
464 2206
465 2247
466 2035
467 1976
468 1976
469 2104
470 2140
471 2140
472 2143
473 2141
474 2141
475 2141
476 2141
477 2140
478 2140
479 2143
480 2141
481 2152
482 2206
483 2152
484 2188
485 2151
486 2259
487 2135
488 1976
489 1976
490 2104
491 2140
492 2140
493 2142
494 2141
495 2141
496 2207
497 2206
498 2192
499 2141
500 2198
501 2030
502 1976
503 2030
504 2113
505 2188
506 2206
507 2204
508 2206
509 2241
510 2207
511 2641
512 2921
513 1830
514 1831
515 1831
516 2250
517 2337
518 2336
519 2338
520 2399
521 2113
522 1977
523 2030
524 2034
525 2078
526 2031
527 2153
528 2142
529 2141
530 2032
531 1977
532 1976
533 1978
534 2105
535 2142
536 2242
537 2197
538 2203
539 2141
540 2143
541 2083
542 1977
543 1977
544 2109
545 2207
546 2141
547 2154
548 2189
549 2141
550 2153
551 2258
552 2206
553 2141
554 2143
555 2036
556 2079
557 2032
558 2143
559 2207
560 2190
561 2143
562 2141
563 2207
564 2246
565 2207
566 2258
567 2207
568 2209
569 2137
570 2029
571 1983
572 2161
573 2257
574 2241
575 2195
576 2040
577 1977
578 1977
579 2110
580 2141
581 2141
582 2143
583 2141
584 2141
585 2197
586 2197
587 2208
588 2245
589 2191
590 2088
591 1977
592 1976
593 2108
594 2141
595 2141
596 2143
597 2141
598 2141
599 2207
600 2189
601 2192
602 2142
603 2143
604 2032
605 1977
606 2035
607 2156
608 2258
609 2189
610 2143
611 2032
612 1979
613 2029
614 2157
615 2245
616 2245
617 2143
618 2031
619 2029
620 2083
621 2173
622 2190
623 2141
624 2143
625 2032
626 1977
627 2044
628 2186
629 2207
630 2257
631 2191
632 2035
633 1977
634 2037
635 2155
636 2141
637 2207
638 2191
639 2141
640 2192
641 2142
642 2153
643 2206
644 2196
645 2209
646 2144
647 2079
648 1977
649 2028
650 1976
651 1976
652 1978
653 2112
654 2241
655 2203
656 2197
657 2206
658 2152
659 2191
660 2035
661 1977
662 1981
663 2119
664 2257
665 2246
666 2209
667 2082
668 2029
669 1977
670 2108
671 2241
672 2196
673 2195
674 2141
675 2141
676 2207
677 2190
678 2141
679 2141
680 2143
681 2045
682 2079
683 2044
684 2153
685 2245
686 2141
687 2143
688 2141
689 2141
690 2197
691 2207
692 2206
693 2141
694 2143
695 2031
696 1977
697 1980
698 2110
699 2141
700 2152
701 2208
702 2141
703 2141
704 2153
705 2258
706 2206
707 2141
708 2143
709 2091
710 2030
711 2083
712 2101
713 2257
714 2206
715 2143
716 2031
717 1977
718 1983
719 2109
720 2207
721 2245
722 2154
723 2258
724 2245
725 2145
726 2081
727 1976
728 2028
729 1978
730 2113
731 2208
732 2142
733 2141
734 2192
735 2141
736 2195
737 2035
738 2077
739 2031
740 2142
741 2141
742 2141
743 2143
744 2141
745 2193
746 2141
747 2141
748 2141
749 2141
750 2143
751 2141
752 2139
753 2141
754 2153
755 2206
756 2141
757 2195
758 2092
759 2041
760 2086
761 2151
762 2141
763 2141
764 2198
765 2152
766 2258
767 2208
768 2031
769 1976
770 1978
771 2031
772 2151
773 2194
774 2220
775 2072
776 1978
777 2024
778 2032
779 2129
780 2194
781 2142
782 2153
783 2207
784 2141
785 2143
786 2031
787 2029
788 2032
789 2105
790 2141
791 2207
792 2247
793 2141
794 2141
795 2194
796 2152
797 2245
798 2141
799 2143
800 2031
801 2029
802 2035
803 2156
804 2141
805 2141
806 2144
807 2141
808 2152
809 2190
810 2153
811 2207
812 2141
813 2143
814 2094
815 1977
816 1977
817 2109
818 2141
819 2152
820 2191
821 2141
822 2152
823 2207
824 2197
825 2140
826 2192
827 2143
828 2031
829 2029
830 2034
831 2139
832 2189
833 2141
834 2143
835 2141
836 2141
837 2142
838 2141
839 2207
840 2203
841 2208
842 2054
843 2030
844 2035
845 2207
846 2196
847 2152
848 2191
849 2035
850 1977
851 1980
852 2110
853 2245
854 2141
855 2199
856 2141
857 2141
858 2142
859 2141
860 2152
861 2207
862 2143
863 2032
864 1977
865 2037
866 2203
867 2189
868 2196
869 2198
870 2037
871 2034
872 2086
873 2136
874 2141
875 2207
876 2247
877 2039
878 2034
879 2028
880 2105
881 2141
882 2141
883 2143
884 2141
885 2152
886 2189
887 2141
888 2141
889 2141
890 2154
891 2189
892 2141
893 2141
894 2141
895 2141
896 2196
897 2195
898 2035
899 1977
900 1977
901 2141
902 2257
903 2206
904 2154
905 2189
906 2196
907 2141
908 2152
909 2206
910 2196
911 2143
912 2031
913 1977
914 1977
915 2146
916 2196
917 2206
918 2143
919 2153
920 2240
921 2198
922 2055
923 1978
924 2024
925 1978
926 2074
927 2142
928 2153
929 2241
930 2207
931 2203
932 2191
933 2036
934 2030
935 1981
936 2109
937 2196
938 2196
939 2144
940 2142
941 2160
942 2142
943 2142
944 2152
945 2189
946 2143
947 2142
948 2141
949 2197
950 2142
951 2140
952 2141
953 2142
954 2141
955 2141
956 2152
957 2258
958 2206
959 2141
960 2195
961 2041
962 2093
963 1982
964 2109
965 2141
966 2196
967 2143
968 2196
969 2141
970 2208
971 2246
972 2196
973 2193
974 2154
975 2094
976 1977
977 1980
978 2110
979 2141
980 2141
981 2143
982 2141
983 2207
984 2258
985 2241
986 2141
987 2141
988 2155
989 2086
990 1977
991 1981
992 2139
993 2141
994 2151
995 2247
996 2141
997 2141
998 2142
999 2141
1000 2141
1001 2141
1002 2143
1003 2141
1004 2152
1005 2246
1006 2154
1007 2257
1008 2202
1009 2154
1010 2132
1011 1979
1012 2081
1013 2167
1014 2141
1015 2141
1016 2143
1017 2141
1018 2141
1019 2193
1020 2153
1021 2240
1022 2141
1023 2143
1024 2055
1025 2031
1026 2034
1027 2105
1028 2141
1029 2152
1030 2247
1031 2141
1032 2140
1033 2153
1034 2207
1035 2207
1036 2241
1037 2195
1038 2087
1039 2077
1040 1977
1041 2174
1042 2189
1043 2141
1044 2143
1045 2153
1046 2207
1047 2142
1048 2141
1049 2140
1050 2197
1051 2169
1052 2142
1053 2142
1054 2142
1055 2012
1056 2030
1057 1976
1058 1978
1059 2103
1060 2141
1061 2142
1062 2141
1063 2140
1064 2141
1065 2154
1066 2189
1067 2141
1068 2141
1069 2141
1070 2140
1071 2193
1072 2198
1073 2031
1074 1977
1075 1977
1076 2104
1077 2140
1078 2140
1079 2142
1080 2141
1081 2141
1082 2141
1083 2141
1084 2143
1085 2141
1086 2198
1087 2141
1088 2141
1089 2207
1090 2207
1091 2141
1092 2141
1093 2154
1094 2073
1095 1979
1096 2040
1097 2158
1098 2140
1099 2141
1100 2209
1101 2189
1102 2141
1103 2141
1104 2141
1105 2192
1106 2141
1107 2143
1108 2141
1109 2141
1110 2153
1111 2203
1112 2196
1113 2152
1114 2191
1115 2030
1116 1976
1117 1977
1118 2104
1119 2141
1120 2140
1121 2143
1122 2141
1123 2152
1124 2203
1125 2207
1126 2141
1127 2141
1128 2142
1129 2142
1130 2023
1131 1977
1132 2105
1133 2140
1134 2141
1135 2154
1136 2257
1137 2206
1138 2141
1139 2011
1140 2029
1141 1976
1142 1978
1143 2102
1144 2141
1145 2141
1146 2140
1147 2141
1148 2192
1149 2143
1150 2142
1151 2192
1152 2142
1153 2141
1154 2141
1155 2192
1156 2143
1157 2141
1158 2141
1159 2141
1160 2207
1161 2257
1162 2189
1163 2143
1164 2027
1165 1979
1166 2025
1167 2155
1168 2192
1169 2141
1170 2143
1171 2141
1172 2141
1173 2141
1174 2141
1175 2141
1176 2140
1177 2143
1178 2141
1179 2141
1180 2141
1181 2141
1182 2140
1183 2141
1184 2143
1185 2141
1186 2141
1187 2207
1188 2207
1189 2151
1190 2189
1191 2143
1192 2086
1193 2084
1194 2077
1195 2168
1196 2189
1197 2141
1198 2143
1199 2141
1200 2141
1201 2141
1202 2207
1203 2257
1204 2203
1205 2191
1206 2090
1207 2025
1208 1977
1209 2104
1210 2140
1211 2141
1212 2143
1213 2141
1214 2152
1215 2258
1216 2189
1217 2192
1218 2141
1219 2143
1220 2026
1221 1978
1222 1979
1223 2168
1224 2197
1225 2141
1226 2154
1227 2190
1228 2152
1229 2258
1230 2258
1231 2202
1232 2141
1233 2209
1234 2129
1235 1976
1236 1979
1237 2171
1238 2141
1239 2141
1240 2140
1241 2206
1242 2207
1243 2142
1244 2011
1245 1976
1246 1976
1247 1978
1248 2167
1249 2258
1250 2190
1251 2141
1252 2151
1253 2190
1254 2143
1255 2026
1256 1976
1257 2030
1258 2156
1259 2141
1260 2140
1261 2143
1262 2141
1263 2141
1264 2141
1265 2141
1266 2192
1267 2141
1268 2143
1269 2141
1270 2141
1271 2141
1272 2152
1273 2240
1274 2141
1275 2143
1276 2026
1277 1977
1278 1979
1279 2172
1280 2141
1281 2141
1282 2143
1283 2141
1284 2141
1285 2193
1286 2141
1287 2141
1288 2142
1289 2154
1290 2241
1291 2141
1292 2207
1293 2258
1294 2241
1295 2192
1296 2143
1297 2028
1298 1977
1299 1977
1300 2113
1301 2206
1302 2141
1303 2143
1304 2141
1305 2192
1306 2141
1307 2141
1308 2206
1309 2240
1310 2143
1311 2027
1312 1977
1313 1976
1314 2104
1315 2192
1316 2207
1317 2191
1318 2141
1319 2141
1320 2141
1321 2141
1322 2140
1323 2196
1324 2143
1325 2141
1326 2141
1327 2141
1328 2152
1329 2188
1330 2141
1331 2142
1332 2141
1333 2141
1334 2207
1335 2257
1336 2202
1337 2206
1338 2142
1339 2027
1340 1977
1341 1979
1342 2171
1343 2140
1344 2141
1345 2142
1346 2207
1347 2203
1348 2245
1349 2141
1350 2140
1351 2141
1352 2143
1353 2028
1354 1976
1355 1979
1356 2221
1357 2240
1358 2141
1359 2143
1360 2141
1361 2141
1362 2141
1363 2141
1364 2140
1365 2141
1366 2143
1367 2141
1368 2141
1369 2152
1370 2245
1371 2141
1372 2192
1373 2143
1374 2080
1375 1977
1376 1977
1377 2103
1378 2141
1379 2192
1380 2209
1381 2207
1382 2141
1383 2152
1384 2203
1385 2140
1386 2141
1387 2143
1388 2027
1389 1976
1390 1977
1391 2104
1392 2152
1393 2206
1394 2143
1395 2152
1396 2206
1397 2141
1398 2141
1399 2140
1400 2141
1401 2143
1402 2152
1403 2202
1404 2141
1405 2141
1406 2141
1407 2152
1408 2208
1409 2141
1410 2141
1411 2141
1412 2141
1413 2140
1414 2141
1415 2142
1416 2141
1417 2141
1418 2141
1419 2141
1420 2140
1421 2141
1422 2143
1423 2141
1424 2140
1425 2141
1426 2207
1427 2202
1428 2141
1429 2143
1430 2027
1431 1977
1432 1977
1433 2103
1434 2141
1435 2141
1436 2154
1437 2203
1438 2189
1439 2142
1440 2141
1441 2196
1442 2141
1443 2143
1444 2196
1445 2141
1446 2142
1447 2197
1448 2206
1449 2189
1450 2143
1451 2026
1452 1977
1453 1979
1454 2221
1455 2207
1456 2142
1457 2143
1458 2141
1459 2141
1460 2141
1461 2141
1462 2207
1463 2207
1464 2143
1465 2027
1466 1977
1467 1977
1468 2105
1469 2141
1470 2141
1471 2143
1472 2141
1473 2141
1474 2206
1475 2190
1476 2141
1477 2141
1478 2143
1479 2027
1480 1978
1481 1976
1482 2105
1483 2141
1484 2152
1485 2260
1486 2190
1487 2140
1488 2142
1489 2012
1490 2033
1491 2078
1492 2035
1493 2199
1494 2193
1495 2207
1496 2064
1497 2078
1498 1976
1499 2030
1500 2106
1501 2246
1502 2203
1503 2207
1504 2140
1505 2141
1506 2143
1507 2027
1508 1977
1509 1977
1510 2104
1511 2192
1512 2141
1513 2143
1514 2141
1515 2141
1516 2141
1517 2141
1518 2151
1519 2241
1520 2154
1521 2127
1522 1976
1523 1977
1524 2156
1525 2141
1526 2141
1527 2143
1528 2141
1529 2141
1530 2141
1531 2141
1532 2140
1533 2140
1534 2143
1535 2141
1536 2141
1537 2142
1538 2141
1539 2152
1540 2206
1541 2142
1542 2026
1543 2029
1544 1976
1545 2114
1546 2244
1547 2192
1548 2143
1549 2141
1550 2141
1551 2141
1552 2141
1553 2192
1554 2152
1555 2208
1556 2036
1557 2025
1558 1977
1559 2104
1560 2151
1561 2203
1562 2205
1563 2189
1564 2140
1565 2141
1566 2141
1567 2140
1568 2141
1569 2143
1570 2141
1571 2140
1572 2141
1573 2207
1574 2202
1575 2141
1576 2142
1577 2087
1578 2084
1579 2040
1580 2156
1581 2151
1582 2206
1583 2195
1584 2141
1585 2196
1586 2153
1587 2207
1588 2192
1589 2141
1590 2209
1591 2077
1592 1976
1593 1977
1594 2104
1595 2196
1596 2141
1597 2143
1598 2141
1599 2141
1600 2141
1601 2141
1602 2140
1603 2141
1604 2209
1605 2241
1606 2141
1607 2197
1608 2011
1609 1976
1610 1976
1611 1978
1612 2166
1613 2204
1614 2141
1615 2193
1616 2141
1617 2141
1618 2209
1619 2131
1620 1977
1621 1977
1622 2104
1623 2192
1624 2140
1625 2154
1626 2189
1627 2207
1628 2203
1629 2141
1630 2152
1631 2257
1632 2189
1633 2141
1634 2141
1635 2153
1636 2058
1637 1976
1638 1978
1639 2026
1640 2099
1641 2141
1642 2141
1643 2152
1644 2203
1645 2196
1646 2155
1647 2087
1648 1976
1649 1976
1650 2104
1651 2140
1652 2141
1653 2143
1654 2141
1655 2141
1656 2153
1657 2241
1658 2140
1659 2141
1660 2154
1661 2073
1662 1979
1663 2040
1664 2154
1665 2151
1666 2244
1667 2143
1668 2152
1669 2206
1670 2193
1671 2152
1672 2188
1673 2192
1674 2143
1675 2079
1676 1979
1677 2078
1678 2104
1679 2140
1680 2140
1681 2142
1682 2141
1683 2202
1684 2152
1685 2241
1686 2140
1687 2141
1688 2142
1689 2026
1690 1976
1691 1977
1692 2104
1693 2140
1694 2140
1695 2143
1696 2141
1697 2140
1698 2141
1699 2141
1700 2140
1701 2206
1702 2208
1703 2032
1704 2034
1705 2024
1706 2159
1707 2206
1708 2257
1709 2205
1710 2091
1711 2038
1712 2029
1713 2104
1714 2151
1715 2245
1716 2198
1717 2141
1718 2141
1719 2153
1720 2203
1721 2257
1722 2241
1723 2143
1724 2026
1725 1977
1726 2028
1727 2113
1728 2240
1729 2207
1730 2190
1731 2141
1732 2141
1733 2141
1734 2141
1735 2140
1736 2141
1737 2143
1738 2152
1739 2202
1740 2245
1741 2152
1742 2206
1743 2141
1744 2142
1745 2080
1746 2028
1747 1979
1748 2171
1749 2152
1750 2206
1751 2145
1752 2141
1753 2149
1754 2161
1755 2192
1756 2145
1757 2217
1758 2193
1759 2031
1760 1980
1761 2039
1762 2097
1763 2143
1764 2140
1765 2142
1766 2141
1767 2140
1768 2141
1769 2142
1770 2151
1771 2258
1772 2191
1773 2082
1774 1976
1775 1979
1776 2170
1777 2152
1778 2203
1779 2247
1780 2141
1781 2141
1782 2141
1783 2026
1784 1977
1785 1976
1786 2030
1787 2097
1788 2142
1789 2141
1790 2142
1791 2140
1792 2141
1793 2142
1794 2141
1795 2141
1796 2141
1797 2193
1798 2206
1799 2206
1800 2143
1801 2026
1802 1976
1803 1977
1804 2104
1805 2140
1806 2141
1807 2209
1808 2189
1809 2207
1810 2258
1811 2110
1812 1976
1813 1976
1814 1980
1815 2204
1816 2202
1817 2145
1818 2032
1819 1976
1820 1976
1821 1978
1822 2102
1823 2207
1824 2207
1825 2142
1826 2192
1827 2140
1828 2154
1829 2073
1830 2034
1831 2039
1832 2103
1833 2192
1834 2202
1835 2154
1836 2189
1837 2141
1838 2141
1839 2141
1840 2140
1841 2257
1842 2208
1843 2085
1844 2084
1845 2084
1846 2171
1847 2141
1848 2140
1849 2143
1850 2189
1851 2141
1852 2141
1853 2141
1854 2141
1855 2140
1856 2143
1857 2141
1858 2141
1859 2141
1860 2141
1861 2141
1862 2141
1863 2143
1864 2142
1865 2141
1866 2141
1867 2141
1868 2141
1869 2141
1870 2143
1871 2141
1872 2141
1873 2141
1874 2193
1875 2192
1876 2141
1877 2143
1878 2026
1879 1977
1880 1977
1881 2104
1882 2140
1883 2141
1884 2209
1885 2207
1886 2141
1887 2141
1888 2141
1889 2140
1890 2141
1891 2143
1892 2141
1893 2141
1894 2152
1895 2203
1896 2140
1897 2141
1898 2143
1899 2026
1900 2028
1901 1976
1902 2166
1903 2246
1904 2141
1905 2143
1906 2086
1907 2039
1908 2030
1909 2098
1910 2194
1911 2140
1912 2142
1913 2142
1914 2207
1915 2203
1916 2140
1917 2084
1918 2024
1919 2034
1920 2147
1921 2207
1922 2245
1923 2153
1924 2206
1925 2141
1926 2143
1927 2081
1928 2034
1929 2040
1930 2104
1931 2141
1932 2141
1933 2154
1934 2190
1935 2141
1936 2142
1937 2141
1938 2141
1939 2141
1940 2143
1941 2141
1942 2206
1943 2207
1944 2141
1945 2151
1946 2206
1947 2143
1948 2026
1949 2034
1950 2077
1951 2159
1952 2196
1953 2141
1954 2143
1955 2153
1956 2257
1957 2207
1958 2012
1959 2033
1960 2039
1961 1978
1962 2102
1963 2142
1964 2141
1965 2141
1966 2140
1967 2141
1968 2143
1969 2141
1970 2141
1971 2207
1972 2203
1973 2192
1974 2141
1975 2142
1976 2026
1977 1983
1978 1976
1979 2211
1980 2141
1981 2141
1982 2142
1983 2141
1984 2153
1985 2257
1986 2240
1987 2143
1988 2140
1989 2142
1990 2027
1991 1977
1992 1976
1993 2102
1994 2142
1995 2258
1996 2247
1997 2141
1998 2141
1999 2207
2000 2207
2001 2192
2002 2140
2003 2143
2004 2027
2005 1976
2006 2033
2007 2154
2008 2140
2009 2141
2010 2143
2011 2210
2012 2193
2013 2152
2014 2030
2015 1977
2016 1977
2017 1977
2018 2102
2019 2142
2020 2140
2021 2141
2022 2141
2023 2140
2024 2205
2025 2207
2026 2140
2027 2146
2028 2151
2029 2028
2030 1978
2031 1977
2032 2104
2033 2140
2034 2192
2035 2143
2036 2141
2037 2192
2038 2152
2039 2203
2040 2202
2041 2202
2042 2208
2043 2032
2044 1976
2045 1977
2046 2104
2047 2140
2048 2140
2049 2142
2050 2141
2051 2141
2052 2141
2053 2141
2054 2192
2055 2152
2056 2208
2057 2032
2058 1977
2059 1976
2060 2104
2061 2146
2062 2149
2063 2143
2064 2197
2065 2207
2066 2189
2067 2012
2068 1976
2069 1976
2070 1980
2071 2219
2072 2189
2073 2141
2074 2141
2075 2140
2076 2140
2077 2198
2078 2196
2079 2140
2080 2141
2081 2141
2082 2140
2083 2140
2084 2157
2085 2220
2086 2141
2087 2141
2088 2141
2089 2140
2090 2140
2091 2143
2092 2141
2093 2140
2094 2141
2095 2141
2096 2140
2097 2141
2098 2143
2099 2141
2100 2141
2101 2141
2102 2141
2103 2140
2104 2140
2105 2143
2106 2141
2107 2141
2108 2197
2109 2141
2110 2192
2111 2206
2112 2243
2113 2040
2114 2029
2115 2078
2116 2104
2117 2140
2118 2152
2119 2191
2120 2152
2121 2206
2122 2153
2123 2257
2124 2188
2125 2141
2126 2143
2127 2026
2128 1976
2129 2029
2130 2159
2131 2192
2132 2141
2133 2143
2134 2141
2135 2152
2136 2207
2137 2141
2138 2140
2139 2141
2140 2143
2141 2141
2142 2141
2143 2197
2144 2197
2145 2152
2146 2241
2147 2198
2148 2084
2149 1977
2150 1977
2151 2104
2152 2140
2153 2141
2154 2143
2155 2141
2156 2192
2157 2152
2158 2245
2159 2140
2160 2152
2161 2259
2162 2135
2163 1977
2164 1976
2165 2155
2166 2152
2167 2257
2168 2208
2169 2207
2170 2188
2171 2153
2172 2064
2173 2039
2174 2104
2175 2037
2176 2719
2177 2940
2178 2881
2179 2370
2180 1881
2181 1892
2182 1832
2183 2007
2184 2085
2185 2076
2186 2149
2187 2195
2188 2141
2189 2143
2190 2032
2191 1977
2192 1977
2193 2163
2194 2142
2195 2141
2196 2144
2197 2141
2198 2141
2199 2197
2200 2153
2201 2240
2202 2207
2203 2247
2204 2040
2205 1977
2206 2036
2207 2138
2208 2141
2209 2152
2210 2243
2211 2141
2212 2141
2213 2197
2214 2142
2215 2141
2216 2193
2217 2143
2218 2031
2219 1977
2220 1977
2221 2174
2222 2204
2223 2141
2224 2143
2225 2142
2226 2141
2227 2141
2228 2153
2229 2206
2230 2196
2231 2195
2232 2036
2233 1977
2234 1981
2235 2131
2236 2141
2237 2152
2238 2191
2239 2141
2240 2207
2241 2258
2242 2258
2243 2204
2244 2193
2245 2198
2246 2041
2247 2077
2248 2083
2249 2165
2250 2257
2251 2257
2252 2191
2253 2038
2254 1977
2255 1977
2256 2184
2257 2193
2258 2141
2259 2198
2260 2141
2261 2141
2262 2141
2263 2141
2264 2141
2265 2141
2266 2143
2267 2141
2268 2207
2269 2190
2270 2141
2271 2141
2272 2141
2273 2143
2274 2141
2275 2141
2276 2141
2277 2141
2278 2141
2279 2141
2280 2143
2281 2141
2282 2206
2283 2203
2284 2141
2285 2140
2286 2196
2287 2195
2288 2035
2289 1978
2290 1981
2291 2161
2292 2152
2293 2207
2294 2143
2295 2141
2296 2141
2297 2153
2298 2258
2299 2240
2300 2207
2301 2205
2302 2094
2303 1977
2304 1981
2305 2110
2306 2141
2307 2141
2308 2154
2309 2203
2310 2257
2311 2208
2312 2086
2313 1976
2314 1976
2315 1978
2316 2105
2317 2142
2318 2142
2319 2197
2320 2196
2321 2141
2322 2155
2323 2072
2324 2030
2325 1981
2326 2110
2327 2141
2328 2145
2329 2144
2330 2641
2331 2855
2332 2906
2333 2060
2334 1879
2335 1930
2336 1893
2337 2000
2338 2028
2339 1976
2340 2159
2341 2140
2342 2140
2343 2143
2344 2193
2345 2140
2346 2141
2347 2192
2348 2140
2349 2140
2350 2143
2351 2152
2352 2202
2353 2245
2354 2141
2355 2140
2356 2140
2357 2143
2358 2026
2359 1976
2360 1976
2361 2104
2362 2151
2363 2188
2364 2143
2365 2141
2366 2140
2367 2141
2368 2206
2369 2206
2370 2140
2371 2198
2372 2030
2373 1976
2374 1976
2375 2103
2376 2151
2377 2206
2378 2142
2379 2141
2380 2140
2381 2141
2382 2141
2383 2140
2384 2140
2385 2154
2386 2206
2387 2192
2388 2141
2389 2141
2390 2140
2391 2140
2392 2140
2393 2192
2394 2140
2395 2152
2396 2119
2397 2038
2398 1976
2399 1978
2400 2102
2401 2141
2402 2152
2403 2202
2404 2140
2405 2140
2406 2143
2407 2031
2408 2029
2409 2084
2410 2171
2411 2140
2412 2140
2413 2142
2414 2141
2415 2140
2416 2141
2417 2141
2418 2140
2419 2141
2420 2199
2421 2141
2422 2207
2423 2245
2424 2207
2425 2245
2426 2206
2427 2259
2428 2097
2429 1979
2430 2040
2431 2113
2432 2257
2433 2189
2434 2142
2435 2141
2436 2141
2437 2141
2438 2193
2439 2151
2440 2189
2441 2143
2442 2026
2443 1979
2444 2025
2445 2104
2446 2140
2447 2140
2448 2143
2449 2141
2450 2152
2451 2245
2452 2153
2453 2203
2454 2141
2455 2143
2456 2026
2457 2029
2458 2028
2459 2104
2460 2140
2461 2141
2462 2143
2463 2207
2464 2206
2465 2152
2466 2064
2467 2029
2468 2076
2469 1978
2470 2102
2471 2141
2472 2197
2473 2141
2474 2141
2475 2141
2476 2143
2477 2141
2478 2141
2479 2141
2480 2141
2481 2141
2482 2141
2483 2143
2484 2141
2485 2141
2486 2142
2487 2141
2488 2140
2489 2192
2490 2143
2491 2141
2492 2141
2493 2141
2494 2193
2495 2192
2496 2141
2497 2154
2498 2124
2499 1976
2500 1977
2501 2104
2502 2151
2503 2203
2504 2209
2505 2189
2506 2141
2507 2141
2508 2141
2509 2141
2510 2141
2511 2143
2512 2141
2513 2141
2514 2207
2515 2241
2516 2141
2517 2141
2518 2143
2519 2027
2520 2034
2521 2084
2522 2171
2523 2192
2524 2141
2525 2143
2526 2141
2527 2141
2528 2193
2529 2193
2530 2140
2531 2141
2532 2142
2533 2027
2534 2029
2535 1976
2536 2156
2537 2141
2538 2141
2539 2143
2540 2141
2541 2141
2542 2141
2543 2193
2544 2141
2545 2140
2546 2143
2547 2141
2548 2141
2549 2141
2550 2141
2551 2152
2552 2257
2553 2204
2554 2078
2555 1976
2556 1977
2557 2168
2558 2202
2559 2152
2560 2190
2561 2193
2562 2140
2563 2141
2564 2152
2565 2245
2566 2206
2567 2259
2568 2132
2569 2028
2570 1977
2571 2112
2572 2189
2573 2141
2574 2143
2575 2141
2576 2141
2577 2193
2578 2193
2579 2192
2580 2141
2581 2143
2582 2080
2583 1977
2584 1977
2585 2113
2586 2245
2587 2193
2588 2195
2589 2141
2590 2141
2591 2141
2592 2207
2593 2241
2594 2192
2595 2199
2596 2085
2597 2028
2598 2029
2599 2104
2600 2140
2601 2141
2602 2154
2603 2203
2604 2202
2605 2193
2606 2070
2607 2038
2608 1976
2609 1978
2610 2102
2611 2141
2612 2141
2613 2141
2614 2140
2615 2141
2616 2142
2617 2141
2618 2141
2619 2141
2620 2141
2621 2140
2622 2141
2623 2143
2624 2141
2625 2141
2626 2153
2627 2207
2628 2206
2629 2202
2630 2143
2631 2026
2632 1976
2633 1977
2634 2113
2635 2188
2636 2141
2637 2143
2638 2141
2639 2141
2640 2141
2641 2152
2642 2244
2643 2141
2644 2143
2645 2027
2646 1976
2647 1977
2648 2114
2649 2257
2650 2206
2651 2143
2652 2141
2653 2206
2654 2241
2655 2207
2656 2257
2657 2241
2658 2143
2659 2026
2660 1976
2661 1979
2662 2221
2663 2202
2664 2141
2665 2143
2666 2141
2667 2141
2668 2141
2669 2141
2670 2141
2671 2140
2672 2195
2673 2206
2674 2189
2675 2141
2676 2011
2677 1975
2678 1976
2679 1978
2680 2154
2681 2152
2682 2207
2683 2141
2684 2192
2685 2140
2686 2142
2687 2027
2688 1976
2689 1976
2690 2105
2691 2140
2692 2140
2693 2143
2694 2141
2695 2140
2696 2141
2697 2151
2698 2257
2699 2245
2700 2198
2701 2030
2702 2029
2703 1976
2704 2167
2705 2202
2706 2245
2707 2143
2708 2141
2709 2140
2710 2141
2711 2141
2712 2140
2713 2141
2714 2142
2715 2141
2716 2140
2717 2140
2718 2141
2719 2140
2720 2140
2721 2142
2722 2207
2723 2257
2724 2241
2725 2065
2726 1975
2727 1976
2728 1977
2729 2102
2730 2141
2731 2152
2732 2203
2733 2240
2734 2140
2735 2143
2736 2026
2737 1976
2738 1978
2739 2168
2740 2195
2741 2140
2742 2142
2743 2140
2744 2140
2745 2141
2746 2141
2747 2140
2748 2141
2749 2142
2750 2140
2751 2143
2752 2141
2753 2141
2754 2152
2755 2202
2756 2209
2757 2077
2758 1979
2759 2078
2760 2114
2761 2245
2762 2141
2763 2143
2764 2141
2765 2140
2766 2193
2767 2152
2768 2244
2769 2140
2770 2143
2771 2027
2772 1976
2773 2033
2774 2220
2775 2206
2776 2192
2777 2209
2778 2084
2779 2079
2780 1979
2781 2166
2782 2203
2783 2141
2784 2199
2785 2141
2786 2140
2787 2141
2788 2193
2789 2140
2790 2141
2791 2199
2792 2036
2793 2025
2794 1976
2795 2105
2796 2196
2797 2140
2798 2143
2799 2196
2800 2140
2801 2141
2802 2141
2803 2140
2804 2207
2805 2208
2806 2092
2807 2025
2808 1977
2809 2104
2810 2139
2811 2152
2812 2243
2813 2152
2814 2203
2815 2141
2816 2011
2817 1978
2818 2076
2819 1978
2820 2071
2821 2141
2822 2141
2823 2141
2824 2140
2825 2141
2826 2142
2827 2141
2828 2196
2829 2193
2830 2152
2831 2188
2832 2141
2833 2154
2834 2125
2835 1976
2836 1977
2837 2104
2838 2140
2839 2192
2840 2143
2841 2141
2842 2141
2843 2141
2844 2141
2845 2140
2846 2141
2847 2143
2848 2141
2849 2141
2850 2141
2851 2141
2852 2152
2853 2189
2854 2143
2855 2140
2856 2141
2857 2141
2858 2152
2859 2240
2860 2206
2861 2205
2862 2036
2863 2038
2864 1979
2865 2154
2866 2141
2867 2140
2868 2143
2869 2141
2870 2141
2871 2141
2872 2141
2873 2140
2874 2140
2875 2143
2876 2141
2877 2140
2878 2193
2879 2197
2880 2140
2881 2192
2882 2143
2883 2027
2884 1979
2885 2040
2886 2104
2887 2140
2888 2141
2889 2143
2890 2141
2891 2141
2892 2141
2893 2141
2894 2192
2895 2192
2896 2154
2897 2072
2898 1979
2899 2077
2900 2104
2901 2140
2902 2141
2903 2143
2904 2196
2905 2141
2906 2142
2907 2193
2908 2140
2909 2141
2910 2143
2911 2141
2912 2141
2913 2207
2914 2207
2915 2207
2916 2206
2917 2143
2918 2027
2919 1976
2920 1977
2921 2104
2922 2140
2923 2141
2924 2143
2925 2140
2926 2206
2927 2189
2928 2141
2929 2140
2930 2140
2931 2194
2932 2141
2933 2141
2934 2207
2935 2257
2936 2206
2937 2140
2938 2142
2939 2080
2940 2029
2941 1976
2942 2104
2943 2140
2944 2192
2945 2142
2946 2141
2947 2141
2948 2193
2949 2151
2950 2202
2951 2192
2952 2143
2953 2028
2954 1977
2955 1977
2956 2104
2957 2140
2958 2141
2959 2142
2960 2141
2961 2141
2962 2153
2963 2203
2964 2206
2965 2141
2966 2199
2967 2084
2968 1976
2969 2028
2970 2114
2971 2188
2972 2141
2973 2143
2974 2141
2975 2141
2976 2141
2977 2207
2978 2244
2979 2196
2980 2143
2981 2080
2982 1976
2983 1976
2984 2104
2985 2141
2986 2141
2987 2143
2988 2141
2989 2141
2990 2141
2991 2141
2992 2141
2993 2151
2994 2191
2995 2141
2996 2140
2997 2193
2998 2207
2999 2245
3000 2207
3001 2208
3002 2037
3003 2025
3004 1977
3005 2104
3006 2151
3007 2189
3008 2199
3009 2141
3010 2140
3011 2142
3012 2141
3013 2140
3014 2196
3015 2142
3016 2140
3017 2140
3018 2140
3019 2141
3020 2140
3021 2141
3022 2153
3023 2240
3024 2152
3025 2240
3026 2140
3027 2140
3028 2140
3029 2154
3030 2136
3031 2076
3032 2030
3033 2103
3034 2140
3035 2141
3036 2142
3037 2141
3038 2140
3039 2141
3040 2141
3041 2140
3042 2140
3043 2154
3044 2203
3045 2140
3046 2141
3047 2141
3048 2140
3049 2140
3050 2142
3051 2152
3052 2202
3053 2141
3054 2141
3055 2140
3056 2141
3057 2198
3058 2141
3059 2141
3060 2192
3061 2141
3062 2140
3063 2140
3064 2142
3065 2141
3066 2140
3067 2141
3068 2141
3069 2140
3070 2141
3071 2198
3072 2141
3073 2141
3074 2141
3075 2141
3076 2140
3077 2140
3078 2142
3079 2141
3080 2140
3081 2141
3082 2141
3083 2140
3084 2143
3085 2143
3086 2141
3087 2141
3088 2192
3089 2152
3090 2241
3091 2140
3092 2143
3093 2028
3094 2034
3095 2077
3096 2103
3097 2192
3098 2141
3099 2199
3100 2141
3101 2141
3102 2152
3103 2207
3104 2207
3105 2202
3106 2143
3107 2027
3108 1977
3109 1976
3110 2106
3111 2141
3112 2141
3113 2143
3114 2141
3115 2141
3116 2141
3117 2193
3118 2152
3119 2257
3120 2204
3121 2090
3122 1976
3123 1977
3124 2104
3125 2196
3126 2141
3127 2143
3128 2152
3129 2189
3130 2141
3131 2206
3132 2202
3133 2207
3134 2260
3135 2097
3136 1976
3137 1977
3138 2104
3139 2140
3140 2192
3141 2143
3142 2141
3143 2141
3144 2141
3145 2141
3146 2140
3147 2141
3148 2143
3149 2141
3150 2141
3151 2141
3152 2141
3153 2192
3154 2141
3155 2143
3156 2141
3157 2140
3158 2141
3159 2141
3160 2192
3161 2141
3162 2142
3163 2141
3164 2141
3165 2141
3166 2141
3167 2140
3168 2141
3169 2143
3170 2141
3171 2141
3172 2141
3173 2141
3174 2140
3175 2140
3176 2154
3177 2189
3178 2206
3179 2207
3180 2193
3181 2140
3182 2141
3183 2143
3184 2027
3185 2028
3186 1978
3187 2205
3188 2140
3189 2141
3190 2143
3191 2141
3192 2141
3193 2141
3194 2141
3195 2141
3196 2141
3197 2143
3198 2141
3199 2141
3200 2141
3201 2207
3202 2202
3203 2141
3204 2143
3205 2086
3206 2024
3207 1977
3208 2104
3209 2140
3210 2141
3211 2154
3212 2257
3213 2202
3214 2141
3215 2011
3216 1978
3217 2084
3218 2085
3219 2144
3220 2141
3221 2193
3222 2193
3223 2207
3224 2188
3225 2143
3226 2141
3227 2022
3228 1977
3229 2104
3230 2207
3231 2189
3232 2143
3233 2141
3234 2141
3235 2141
3236 2193
3237 2151
3238 2240
3239 2143
3240 2027
3241 2028
3242 1979
3243 2166
3244 2257
3245 2207
3246 2199
3247 2141
3248 2141
3249 2141
3250 2207
3251 2240
3252 2141
3253 2143
3254 2032
3255 2025
3256 2034
3257 2154
3258 2140
3259 2140
3260 2143
3261 2141
3262 2141
3263 2141
3264 2141
3265 2141
3266 2141
3267 2143
3268 2153
3269 2206
3270 2207
3271 2245
3272 2141
3273 2152
3274 2259
3275 2133
3276 1977
3277 2029
3278 2156
3279 2151
3280 2189
3281 2143
3282 2141
3283 2141
3284 2141
3285 2141
3286 2206
3287 2189
3288 2192
3289 2192
3290 2141
3291 2207
3292 2112
3293 1975
3294 2033
3295 2080
3296 2093
3297 2141
3298 2141
3299 2141
3300 2152
3301 2203
3302 2191
3303 2031
3304 1977
3305 1976
3306 2104
3307 2140
3308 2141
3309 2143
3310 2141
3311 2141
3312 2141
3313 2207
3314 2257
3315 2245
3316 2143
3317 2031
3318 2025
3319 1977
3320 2106
3321 2141
3322 2141
3323 2195
3324 2141
3325 2141
3326 2141
3327 2141
3328 2141
3329 2141
3330 2143
3331 2141
3332 2140
3333 2141
3334 2141
3335 2152
3336 2207
3337 2154
3338 2073
3339 2029
3340 2028
3341 2167
3342 2245
3343 2196
3344 2143
3345 2026
3346 1976
3347 2028
3348 2168
3349 2203
3350 2141
3351 2143
3352 2192
3353 2140
3354 2141
3355 2141
3356 2140
3357 2141
3358 2198
3359 2141
3360 2140
3361 2152
3362 2241
3363 2192
3364 2140
3365 2194
3366 2030
3367 1976
3368 1976
3369 2104
3370 2140
3371 2141
3372 2143
3373 2141
3374 2140
3375 2141
3376 2141
3377 2140
3378 2141
3379 2142
3380 2152
3381 2202
3382 2189
3383 2141
3384 2140
3385 2140
3386 2154
3387 2206
3388 2140
3389 2141
3390 2206
3391 2205
3392 2140
3393 2142
3394 2026
3395 2033
3396 2039
3397 2104
3398 2140
3399 2141
3400 2142
3401 2141
3402 2141
3403 2141
3404 2141
3405 2140
3406 2140
3407 2142
3408 2152
3409 2245
3410 2141
3411 2206
3412 2188
3413 2141
3414 2208
3415 2092
3416 1978
3417 2084
3418 2167
3419 2139
3420 2139
3421 2142
3422 2142
3423 2140
3424 2141
3425 2141
3426 2151
3427 2206
3428 2208
3429 2203
3430 2257
3431 2189
3432 2011
3433 1976
3434 1975
3435 1978
3436 2102
3437 2141
3438 2141
3439 2141
3440 2192
3441 2141
3442 2143
3443 2141
3444 2141
3445 2193
3446 2196
3447 2196
3448 2193
3449 2154
3450 2088
3451 2029
3452 2030
3453 2154
3454 2207
3455 2245
3456 2143
3457 2080
3458 2034
3459 2040
3460 2104
3461 2140
3462 2141
3463 2195
3464 2141
3465 2141
3466 2142
3467 2141
3468 2140
3469 2141
3470 2142
3471 2152
3472 2241
3473 2142
3474 2141
3475 2140
3476 2141
3477 2142
3478 2141
3479 2141
3480 2141
3481 2141
3482 2140
3483 2207
3484 2205
3485 2077
3486 1976
3487 1979
3488 2206
3489 2140
3490 2141
3491 2143
3492 2141
3493 2141
3494 2207
3495 2207
3496 2206
3497 2203
3498 2259
3499 2096
3500 1979
3501 2079
3502 2104
3503 2196
3504 2206
3505 2243
3506 2152
3507 2245
3508 2207
3509 2074
3510 2033
3511 2078
3512 1978
3513 2101
3514 2141
3515 2141
3516 2141
3517 2141
3518 2141
3519 2142
3520 2152
3521 2189
3522 2141
3523 2207
3524 2206
3525 2192
3526 2209
3527 2077
3528 1977
3529 1977
3530 2104
3531 2196
3532 2141
3533 2198
3534 2141
3535 2192
3536 2141
3537 2141
3538 2151
3539 2206
3540 2154
3541 2128
3542 1976
3543 2033
3544 2220
3545 2202
3546 2141
3547 2143
3548 2141
3549 2141
3550 2141
3551 2152
3552 2206
3553 2141
3554 2143
3555 2026
3556 1976
3557 1977
3558 2104
3559 2141
3560 2207
3561 2204
3562 2189
3563 2141
3564 2141
3565 2141
3566 2196
3567 2141
3568 2142
3569 2192
3570 2192
3571 2141
3572 2193
3573 2140
3574 2151
3575 2208
3576 2036
3577 2025
3578 1976
3579 2168
3580 2202
3581 2192
3582 2195
3583 2152
3584 2202
3585 2193
3586 2151
3587 2246
3588 2140
3589 2143
3590 2027
3591 1979
3592 2040
3593 2167
3594 2244
3595 2141
3596 2143
3597 2141
3598 2141
3599 2152
3600 2207
3601 2140
3602 2141
3603 2142
3604 2031
3605 2030
3606 2039
3607 2104
3608 2140
3609 2141
3610 2142
3611 2206
3612 2202
3613 2152
3614 2203
3615 2196
3616 2141
3617 2142
3618 2026
3619 1977
3620 1977
3621 2104
3622 2152
3623 2189
3624 2154
3625 2207
3626 2141
3627 2141
3628 2207
3629 2202
3630 2141
3631 2143
3632 2142
3633 2023
3634 1977
3635 2105
3636 2141
3637 2140
3638 2143
3639 2141
3640 2141
3641 2141
3642 2140
3643 2141
3644 2140
3645 2143
3646 2142
3647 2152
3648 2207
3649 2207
3650 2245
3651 2141
3652 2143
3653 2028
3654 1977
3655 1976
3656 2113
3657 2202
3658 2141
3659 2142
3660 2140
3661 2141
3662 2141
3663 2152
3664 2202
3665 2206
3666 2247
3667 2034
3668 1979
3669 2077
3670 2104
3671 2140
3672 2141
3673 2143
3674 2141
3675 2141
3676 2207
3677 2203
3678 2192
3679 2192
3680 2143
3681 2027
3682 1979
3683 2084
3684 2220
3685 2206
3686 2141
3687 2143
3688 2026
3689 2029
3690 2029
3691 2103
3692 2141
3693 2141
3694 2144
3695 2141
3696 2140
3697 2141
3698 2141
3699 2140
3700 2141
3701 2142
3702 2141
3703 2192
3704 2141
3705 2192
3706 2151
3707 2244
3708 2208
3709 2090
3710 1976
3711 1976
3712 2155
3713 2140
3714 2140
3715 2142
3716 2141
3717 2141
3718 2141
3719 2141
3720 2141
3721 2140
3722 2142
3723 2141
3724 2140
3725 2141
3726 2141
3727 2140
3728 2140
3729 2208
3730 2240
3731 2140
3732 2141
3733 2012
3734 1976
3735 1976
3736 2018
3737 2206
3738 2202
3739 2203
3740 2112
3741 2028
3742 1976
3743 1977
3744 2154
3745 2141
3746 2141
3747 2152
3748 2202
3749 2202
3750 2204
3751 2093
3752 2029
3753 1977
3754 2104
3755 2192
3756 2207
3757 2191
3758 2207
3759 2189
3760 2207
3761 2073
3762 1975
3763 1978
3764 2078
3765 2094
3766 2141
3767 2141
3768 2141
3769 2141
3770 2207
3771 2204
3772 2093
3773 1976
3774 1977
3775 2103
3776 2140
3777 2140
3778 2143
3779 2141
3780 2207
3781 2206
3782 2193
3783 2140
3784 2141
3785 2154
3786 2127
3787 1979
3788 2040
3789 2103
3790 2141
3791 2140
3792 2142
3793 2142
3794 2140
3795 2141
3796 2141
3797 2140
3798 2140
3799 2143
3800 2141
3801 2206
3802 2245
3803 2141
3804 2140
3805 2140
3806 2143
3807 2026
3808 1976
3809 1979
3810 2221
3811 2257
3812 2202
3813 2143
3814 2086
3815 2040
3816 1976
3817 2168
3818 2257
3819 2202
3820 2199
3821 2141
3822 2141
3823 2141
3824 2193
3825 2140
3826 2141
3827 2143
3828 2140
3829 2141
3830 2152
3831 2189
3832 2151
3833 2202
3834 2143
3835 2141
3836 2022
3837 1977
3838 2104
3839 2140
3840 2232
3841 2193
3842 2277
3843 2338
3844 2413
3845 2134
3846 1977
3847 1977
3848 1981
3849 2190
3850 2142
3851 2142
3852 2142
3853 2141
3854 2140
3855 2195
3856 2141
3857 2141
3858 2142
3859 2141
3860 2207
3861 2207
3862 2154
3863 2089
3864 2034
3865 2043
3866 2168
3867 2258
3868 2189
3869 2143
3870 2093
3871 1977
3872 1977
3873 2109
3874 2141
3875 2141
3876 2143
3877 2141
3878 2152
3879 2258
3880 2190
3881 2140
3882 2196
3883 2143
3884 2091
3885 2085
3886 2081
3887 2111
3888 2203
3889 2151
3890 2260
3891 2203
3892 2207
3893 2208
3894 2032
3895 1976
3896 1976
3897 1978
3898 2105
3899 2142
3900 2153
3901 2258
3902 2245
3903 2152
3904 2205
3905 2076
3906 1977
3907 2032
3908 2174
3909 2142
3910 2141
3911 2143
3912 2141
3913 2141
3914 2194
3915 2141
3916 2141
3917 2141
3918 2143
3919 2141
3920 2141
3921 2142
3922 2141
3923 2196
3924 2196
3925 2143
3926 2031
3927 1977
3928 1983
3929 2110
3930 2196
3931 2207
3932 2208
3933 2141
3934 2140
3935 2197
3936 2141
3937 2152
3938 2203
3939 2191
3940 2035
3941 1977
3942 1977
3943 2128
3944 2193
3945 2141
3946 2143
3947 2141
3948 2141
3949 2197
3950 2141
3951 2207
3952 2207
3953 2143
3954 2031
3955 1977
3956 1980
3957 2110
3958 2152
3959 2207
3960 2199
3961 2141
3962 2141
3963 2141
3964 2141
3965 2141
3966 2141
3967 2143
3968 2141
3969 2141
3970 2142
3971 2141
3972 2141
3973 2141
3974 2143
3975 2141
3976 2141
3977 2193
3978 2141
3979 2141
3980 2152
3981 2260
3982 2100
3983 1977
3984 1981
3985 2110
3986 2207
3987 2206
3988 2143
3989 2141
3990 2141
3991 2153
3992 2246
3993 2193
3994 2152
3995 2243
3996 2042
3997 2034
3998 2081
3999 2101
4000 2141
4001 2152
4002 2248
4003 2141
4004 2141
4005 2207
4006 2203
4007 2257
4008 2207
4009 2155
4010 2086
4011 2030
4012 1982
4013 2109
4014 2152
4015 2189
4016 2143
4017 2141
4018 2141
4019 2207
4020 2246
4021 2141
4022 2207
4023 2243
4024 2039
4025 1977
4026 1981
4027 2110
4028 2141
4029 2196
4030 2209
4031 2189
4032 2141
4033 2197
4034 2230
4035 2247
4036 2141
4037 2143
4038 2105
4039 2026
4040 1977
4041 2109
4042 2141
4043 2141
4044 2143
4045 2189
4046 2141
4047 2152
4048 2257
4049 2206
4050 2196
4051 2256
4052 2258
4053 2257
4054 2207
4055 2119
4056 2078
4057 2033
4058 2045
4059 2164
4060 2258
4061 2258
4062 2119
4063 2083
4064 2083
4065 2039
4066 2166
4067 2141
4068 2141
4069 2206
4070 2257
4071 2257
4072 2259
4073 2143
4074 2084
4075 2044
4076 2165
4077 2188
4078 2152
4079 2208
4080 2141
4081 2140
4082 2152
4083 2257
4084 2191
4085 2207
4086 2247
4087 2040
4088 2077
4089 1977
4090 2104
4091 2140
4092 2141
4093 2143
4094 2141
4095 2196
4096 2197
4097 2193
4098 2141
4099 2141
4100 2143
4101 2027
4102 1977
4103 1976
4104 2113
4105 2241
4106 2141
4107 2143
4108 2152
4109 2206
4110 2141
4111 2141
4112 2140
4113 2141
4114 2143
4115 2141
4116 2141
4117 2141
4118 2141
4119 2192
4120 2206
4121 2243
4122 2088
4123 2029
4124 2033
4125 2220
4126 2240
4127 2206
4128 2203
4129 2152
4130 2203
4131 2207
4132 2011
4133 1976
4134 1976
4135 1978
4136 2102
4137 2141
4138 2141
4139 2207
4140 2202
4141 2141
4142 2143
4143 2027
4144 1977
4145 1977
4146 2104
4147 2140
4148 2141
4149 2143
4150 2141
4151 2141
4152 2141
4153 2207
4154 2202
4155 2141
4156 2143
4157 2080
4158 1977
4159 1977
4160 2104
4161 2192
4162 2207
4163 2205
4164 2241
4165 2141
4166 2141
4167 2011
4168 1976
4169 1976
4170 2030
4171 2097
4172 2141
4173 2152
4174 2241
4175 2196
4176 2192
4177 2143
4178 2026
4179 1976
4180 2029
4181 2103
4182 2140
4183 2141
4184 2143
4185 2141
4186 2141
4187 2141
4188 2152
4189 2257
4190 2206
4191 2209
4192 2093
4193 1976
4194 1977
4195 2104
4196 2192
4197 2141
4198 2143
4199 2141
4200 2141
4201 2141
4202 2141
4203 2140
4204 2141
4205 2143
4206 2141
4207 2152
4208 2207
4209 2152
4210 2202
4211 2141
4212 2154
4213 2128
4214 1977
4215 1978
4216 2221
4217 2257
4218 2202
4219 2154
4220 2073
4221 1977
4222 2029
4223 2104
4224 2140
4225 2141
4226 2143
4227 2141
4228 2141
4229 2141
4230 2141
4231 2141
4232 2152
4233 2208
4234 2141
4235 2140
4236 2153
4237 2203
4238 2140
4239 2140
4240 2143
4241 2032
4242 2030
4243 2077
4244 2104
4245 2193
4246 2141
4247 2143
4248 2140
4249 2140
4250 2141
4251 2193
4252 2140
4253 2207
4254 2208
4255 2031
4256 1977
4257 1977
4258 2104
4259 2140
4260 2141
4261 2142
4262 2141
4263 2141
4264 2141
4265 2141
4266 2191
4267 2141
4268 2143
4269 2141
4270 2141
4271 2152
4272 2245
4273 2207
4274 2257
4275 2208
4276 2031
4277 1976
4278 1976
4279 2104
4280 2140
4281 2141
4282 2143
4283 2141
4284 2141
4285 2141
4286 2141
4287 2151
4288 2202
4289 2143
4290 2027
4291 1977
4292 1977
4293 2104
4294 2141
4295 2152
4296 2205
4297 2203
4298 2141
4299 2207
4300 2203
4301 2206
4302 2203
4303 2143
4304 2086
4305 2030
4306 2039
4307 2104
4308 2192
4309 2192
4310 2154
4311 2189
4312 2141
4313 2141
4314 2152
4315 2188
4316 2207
4317 2208
4318 2031
4319 1976
4320 1977
4321 2104
4322 2140
4323 2141
4324 2143
4325 2141
4326 2141
4327 2141
4328 2141
4329 2192
4330 2192
4331 2154
4332 2125
4333 2029
4334 2030
4335 2104
4336 2151
4337 2203
4338 2143
4339 2141
4340 2140
4341 2193
4342 2207
4343 2240
4344 2192
4345 2143
4346 2026
4347 1976
4348 1977
4349 2104
4350 2140
4351 2141
4352 2154
4353 2203
4354 2244
4355 2141
4356 2011
4357 1976
4358 1978
4359 2086
4360 2143
4361 2207
4362 2246
4363 2141
4364 2151
4365 2189
4366 2143
4367 2026
4368 1977
4369 1977
4370 2114
4371 2203
4372 2192
4373 2209
4374 2189
4375 2141
4376 2192
4377 2033
4378 2029
4379 1976
4380 1985
4381 2141
4382 2141
4383 2140
4384 2027
4385 1977
4386 1975
4387 1977
4388 2102
4389 2193
4390 2141
4391 2141
4392 2140
4393 2140
4394 2142
4395 2207
4396 2257
4397 2189
4398 2071
4399 2075
4400 1976
4401 1978
4402 2102
4403 2142
4404 2141
4405 2140
4406 2141
4407 2140
4408 2143
4409 2141
4410 2139
4411 2141
4412 2141
4413 2192
4414 2140
4415 2142
4416 2141
4417 2141
4418 2140
4419 2141
4420 2140
4421 2141
4422 2143
4423 2141
4424 2141
4425 2193
4426 2141
4427 2141
4428 2192
4429 2143
4430 2027
4431 1977
4432 1977
4433 2103
4434 2140
4435 2141
4436 2143
4437 2141
4438 2140
4439 2141
4440 2141
4441 2151
4442 2189
4443 2143
4444 2141
4445 2152
4446 2258
4447 2241
4448 2206
4449 2189
4450 2143
4451 2026
4452 2034
4453 2025
4454 2104
4455 2152
4456 2189
4457 2143
4458 2141
4459 2141
4460 2141
4461 2141
4462 2141
4463 2152
4464 2208
4465 2141
4466 2141
4467 2153
4468 2207
4469 2141
4470 2141
4471 2143
4472 2026
4473 1976
4474 1978
4475 2205
4476 2140
4477 2141
4478 2143
4479 2141
4480 2140
4481 2141
4482 2141
4483 2152
4484 2203
4485 2143
4486 2079
4487 2029
4488 2029
4489 2104
4490 2206
4491 2189
4492 2143
4493 2141
4494 2141
4495 2141
4496 2193
4497 2196
4498 2141
4499 2143
4500 2031
4501 2025
4502 1977
4503 2104
4504 2192
4505 2207
4506 2205
4507 2258
4508 2240
4509 2193
4510 2065
4511 2033
4512 2029
4513 2041
4514 2096
4515 2141
4516 2153
4517 2207
4518 2192
4519 2141
4520 2143
4521 2027
4522 1976
4523 1977
4524 2105
4525 2141
4526 2141
4527 2143
4528 2141
4529 2141
4530 2141
4531 2141
4532 2140
4533 2141
4534 2143
4535 2141
4536 2141
4537 2207
4538 2203
4539 2152
4540 2206
4541 2143
4542 2031
4543 2025
4544 1976
4545 2034
4546 2141
4547 2140
4548 2143
4549 2141
4550 2152
4551 2207
4552 2197
4553 2192
4554 2141
4555 2142
4556 2027
4557 1976
4558 1977
4559 2104
4560 2192
4561 2141
4562 2143
4563 2141
4564 2141
4565 2141
4566 2152
4567 2206
4568 2141
4569 2143
4570 2026
4571 1976
4572 2033
4573 2167
4574 2192
4575 2141
4576 2143
4577 2141
4578 2141
4579 2197
4580 2193
4581 2196
4582 2141
4583 2143
4584 2085
4585 2025
4586 1979
4587 2172
4588 2141
4589 2141
4590 2143
4591 2141
4592 2141
4593 2141
4594 2193
4595 2192
4596 2141
4597 2143
4598 2032
4599 2025
4600 2028
4601 2113
4602 2245
4603 2141
4604 2143
4605 2141
4606 2141
4607 2141
4608 2152
4609 2245
4610 2206
4611 2191
4612 2030
4613 1976
4614 2033
4615 2171
4616 2196
4617 2207
4618 2205
4619 2203
4620 2189
4621 2142
4622 2011
4623 1975
4624 1976
4625 1978
4626 2112
4627 2258
4628 2203
4629 2258
4630 2245
4631 2141
4632 2154
4633 2136
4634 2077
4635 1979
4636 2154
4637 2206
4638 2203
4639 2191
4640 2141
4641 2141
4642 2207
4643 2245
4644 2192
4645 2141
4646 2143
4647 2026
4648 1977
4649 1977
4650 2105
4651 2140
4652 2140
4653 2143
4654 2141
4655 2141
4656 2141
4657 2141
4658 2140
4659 2141
4660 2143
4661 2141
4662 2141
4663 2141
4664 2193
4665 2140
4666 2141
4667 2143
4668 2141
4669 2141
4670 2141
4671 2207
4672 2257
4673 2206
4674 2143
4675 2079
4676 1976
4677 1977
4678 2104
4679 2140
4680 2140
4681 2142
4682 2140
4683 2141
4684 2141
4685 2152
4686 2257
4687 2203
4688 2208
4689 2031
4690 2030
4691 2033
4692 2171
4693 2141
4694 2141
4695 2142
4696 2141
4697 2141
4698 2141
4699 2193
4700 2140
4701 2141
4702 2142
4703 2141
4704 2141
4705 2141
4706 2207
4707 2240
4708 2141
4709 2142
4710 2026
4711 1977
4712 1979
4713 2205
4714 2196
4715 2141
4716 2143
4717 2141
4718 2153
4719 2245
4720 2141
4721 2140
4722 2140
4723 2143
4724 2031
4725 2025
4726 2030
4727 2113
4728 2202
4729 2206
4730 2194
4731 2140
4732 2140
4733 2141
4734 2152
4735 2202
4736 2152
4737 2204
4738 2093
4739 1976
4740 1976
4741 2103
4742 2140
4743 2140
4744 2143
4745 2207
4746 2257
4747 2189
4748 2086
4749 2039
4750 1978
4751 2043
4752 2162
4753 2152
4754 2207
4755 2141
4756 2141
4757 2141
4758 2143
4759 2153
4760 2257
4761 2190
4762 2141
4763 2152
4764 2206
4765 2142
4766 2080
4767 1979
4768 2039
4769 2167
4770 2206
4771 2152
4772 2208
4773 2152
4774 2206
4775 2142
4776 2141
4777 2140
4778 2140
4779 2143
4780 2141
4781 2140
4782 2193
4783 2197
4784 2192
4785 2192
4786 2209
4787 2128
4788 1976
4789 1977
4790 2104
4791 2141
4792 2141
4793 2143
4794 2141
4795 2141
4796 2193
4797 2193
4798 2192
4799 2141
4800 2143
4801 2031
4802 2024
4803 1977
4804 2104
4805 2192
4806 2141
4807 2142
4808 2141
4809 2141
4810 2152
4811 2258
4812 2245
4813 2141
4814 2143
4815 2026
4816 1977
4817 2029
4818 2103
4819 2192
4820 2141
4821 2195
4822 2141
4823 2141
4824 2141
4825 2207
4826 2203
4827 2196
4828 2195
4829 2030
4830 1976
4831 1977
4832 2104
4833 2141
4834 2141
4835 2142
4836 2152
4837 2189
4838 2141
4839 2152
4840 2245
4841 2141
4842 2154
4843 2073
4844 1977
4845 1977
4846 2104
4847 2192
4848 2206
4849 2247
4850 2141
4851 2141
4852 2141
4853 2141
4854 2151
4855 2206
4856 2143
4857 2027
4858 2028
4859 1977
4860 2104
4861 2141
4862 2141
4863 2142
4864 2141
4865 2141
4866 2141
4867 2193
4868 2206
4869 2257
4870 2242
4871 2034
4872 1976
4873 1976
4874 2104
4875 2151
4876 2189
4877 2142
4878 2141
4879 2141
4880 2197
4881 2141
4882 2140
4883 2141
4884 2142
4885 2141
4886 2140
4887 2141
4888 2206
4889 2245
4890 2140
4891 2143
4892 2081
4893 1979
4894 2024
4895 2104
4896 2141
4897 2151
4898 2191
4899 2141
4900 2151
4901 2241
4902 2141
4903 2140
4904 2192
4905 2143
4906 2026
4907 1977
4908 1976
4909 2168
4910 2257
4911 2189
4912 2143
4913 2141
4914 2141
4915 2141
4916 2141
4917 2140
4918 2196
4919 2143
4920 2142
4921 2141
4922 2141
4923 2141
4924 2140
4925 2141
4926 2142
4927 2141
4928 2141
4929 2141
4930 2141
4931 2152
4932 2206
4933 2142
4934 2026
4935 1979
4936 2039
4937 2104
4938 2140
4939 2152
4940 2259
4941 2241
4942 2141
4943 2207
4944 2071
4945 1976
4946 1976
4947 1978
4948 2102
4949 2141
4950 2141
4951 2207
4952 2202
4953 2192
4954 2142
4955 2026
4956 1977
4957 1977
4958 2103
4959 2206
4960 2202
4961 2142
4962 2152
4963 2189
4964 2141
4965 2141
4966 2140
4967 2206
4968 2208
4969 2091
4970 2025
4971 2028
4972 2114
4973 2244
4974 2141
4975 2154
4976 2258
4977 2206
4978 2141
4979 2011
4980 1975
4981 1978
4982 2080
4983 2145
4984 2153
4985 2207
4986 2193
4987 2151
4988 2203
4989 2208
4990 2032
4991 1976
4992 1979
4993 2167
4994 2139
4995 2140
4996 2143
4997 2141
4998 2196
4999 2153
5000 2258
5001 2188
5002 2207
5003 2205
5004 2131
5005 1979
5006 2039
5007 2104
5008 2140
5009 2140
5010 2143
5011 2141
5012 2207
5013 2207
5014 2196
5015 2140
5016 2140
5017 2143
5018 2027
5019 1979
5020 2079
5021 2104
5022 2140
5023 2151
5024 2208
5025 2141
5026 2140
5027 2141
5028 2141
5029 2151
5030 2206
5031 2198
5032 2085
5033 1977
5034 1979
5035 2154
5036 2141
5037 2140
5038 2142
5039 2207
5040 2245
5041 2207
5042 2058
5043 1976
5044 1976
5045 2030
5046 2098
5047 2153
5048 2207
5049 2141
5050 2140
5051 2141
5052 2143
5053 2033
5054 2076
5055 1979
5056 2154
5057 2141
5058 2141
5059 2144
5060 2140
5061 2140
5062 2141
5063 2206
5064 2188
5065 2140
5066 2142
5067 2026
5068 1976
5069 1976
5070 2104
5071 2140
5072 2140
5073 2143
5074 2196
5075 2152
5076 2241
5077 2141
5078 2140
5079 2140
5080 2208
5081 2092
5082 1976
5083 1976
5084 2107
5085 2146
5086 2148
5087 2150
5088 2142
5089 2142
5090 2143
5091 2032
5092 2084
5093 2079
5094 2155
5095 2192
5096 2141
5097 2209
5098 2188
5099 2192
5100 2207
5101 2065
5102 2024
5103 1976
5104 1978
5105 2166
5106 2246
5107 2141
5108 2141
5109 2140
5110 2140
5111 2143
5112 2141
5113 2141
5114 2153
5115 2207
5116 2140
5117 2141
5118 2198
5119 2031
5120 1976
5121 1977
5122 2104
5123 2140
5124 2141
5125 2143
5126 2141
5127 2141
5128 2141
5129 2153
5130 2257
5131 2245
5132 2143
5133 2032
5134 2038
5135 1977
5136 2104
5137 2192
5138 2141
5139 2143
5140 2141
5141 2141
5142 2142
5143 2207
5144 2241
5145 2141
5146 2143
5147 2086
5148 2079
5149 1977
5150 2104
5151 2140
5152 2141
5153 2143
5154 2141
5155 2141
5156 2141
5157 2141
5158 2152
5159 2203
5160 2191
5161 2035
5162 2084
5163 2040
5164 2103
5165 2140
5166 2141
5167 2143
5168 2140
5169 2141
5170 2141
5171 2141
5172 2152
5173 2240
5174 2154
5175 2082
5176 2076
5177 1977
5178 2104
5179 2151
5180 2189
5181 2198
5182 2141
5183 2141
5184 2153
5185 2203
5186 2192
5187 2141
5188 2142
5189 2026
5190 1979
5191 2039
5192 2167
5193 2203
5194 2189
5195 2143
5196 2152
5197 2206
5198 2197
5199 2141
5200 2196
5201 2152
5202 2205
5203 2077
5204 1979
5205 2038
5206 2104
5207 2140
5208 2141
5209 2143
5210 2141
5211 2141
5212 2141
5213 2152
5214 2202
5215 2152
5216 2260
5217 2080
5218 1977
5219 2034
5220 2154
5221 2140
5222 2141
5223 2143
5224 2141
5225 2141
5226 2207
5227 2241
5228 2152
5229 2206
5230 2143
5231 2078
5232 1976
5233 1977
5234 2104
5235 2141
5236 2141
5237 2143
5238 2141
5239 2141
5240 2141
5241 2141
5242 2140
5243 2206
5244 2191
5245 2030
5246 1976
5247 1977
5248 2103
5249 2206
5250 2206
5251 2209
5252 2189
5253 2142
5254 2141
5255 2141
5256 2140
5257 2141
5258 2142
5259 2141
5260 2207
5261 2241
5262 2141
5263 2140
5264 2141
5265 2142
5266 2026
5267 2028
5268 1979
5269 2221
5270 2244
5271 2192
5272 2143
5273 2027
5274 1976
5275 1977
5276 2104
5277 2140
5278 2140
5279 2143
5280 2141
5281 2152
5282 2207
5283 2193
5284 2140
5285 2193
5286 2143
5287 2027
5288 1976
5289 2028
5290 2104
5291 2192
5292 2140
5293 2143
5294 2141
5295 2141
5296 2141
5297 2152
5298 2245
5299 2141
5300 2143
5301 2031
5302 2078
5303 1977
5304 2113
5305 2206
5306 2140
5307 2209
5308 2189
5309 2141
5310 2141
5311 2152
5312 2257
5313 2206
5314 2195
5315 2030
5316 1977
5317 1976
5318 2167
5319 2202
5320 2140
5321 2143
5322 2141
5323 2207
5324 2207
5325 2207
5326 2257
5327 2189
5328 2142
5329 2026
5330 1979
5331 2040
5332 2104
5333 2152
5334 2189
5335 2143
5336 2141
5337 2140
5338 2141
5339 2141
5340 2152
5341 2189
5342 2154
5343 2189
5344 2140
5345 2207
5346 2189
5347 2192
5348 2206
5349 2208
5350 2031
5351 1976
5352 1979
5353 2169
5354 2206
5355 2257
5356 2191
5357 2141
5358 2207
5359 2207
5360 2193
5361 2140
5362 2140
5363 2143
5364 2087
5365 2025
5366 2029
5367 2168
5368 2202
5369 2196
5370 2142
5371 2141
5372 2141
5373 2141
5374 2141
5375 2140
5376 2139
5377 2143
5378 2152
5379 2189
5380 2197
5381 2141
5382 2196
5383 2141
5384 2142
5385 2031
5386 2076
5387 1977
5388 2104
5389 2196
5390 2141
5391 2142
5392 2141
5393 2193
5394 2193
5395 2207
5396 2245
5397 2141
5398 2143
5399 2026
5400 2028
5401 1976
5402 2113
5403 2257
5404 2240
5405 2198
5406 2141
5407 2140
5408 2141
5409 2206
5410 2202
5411 2192
5412 2198
5413 2031
5414 2033
5415 2084
5416 2171
5417 2140
5418 2140
5419 2154
5420 2258
5421 2202
5422 2141
5423 2012
5424 1976
5425 1976
5426 1980
5427 2152
5428 2141
5429 2152
5430 2258
5431 2244
5432 2140
5433 2208
5434 2093
5435 1976
5436 1976
5437 2104
5438 2140
5439 2141
5440 2143
5441 2141
5442 2140
5443 2141
5444 2141
5445 2139
5446 2140
5447 2143
5448 2140
5449 2141
5450 2141
5451 2141
5452 2140
5453 2141
5454 2142
5455 2140
5456 2140
5457 2207
5458 2189
5459 2140
5460 2140
5461 2154
5462 2124
5463 1976
5464 1976
5465 2103
5466 2140
5467 2192
5468 2143
5469 2141
5470 2140
5471 2207
5472 2189
5473 2140
5474 2192
5475 2153
5476 2088
5477 1976
5478 1977
5479 2104
5480 2140
5481 2141
5482 2195
5483 2141
5484 2207
5485 2258
5486 2258
5487 2202
5488 2206
5489 2198
5490 2030
5491 1977
5492 2028
5493 2112
5494 2202
5495 2193
5496 2154
5497 2206
5498 2141
5499 2141
5500 2141
5501 2140
5502 2140
5503 2143
5504 2141
5505 2140
5506 2141
5507 2231
5508 2261
5509 2246
5510 2143
5511 2142
5512 2141
5513 2141
5514 2142
5515 2142
5516 2142
5517 2198
5518 2142
5519 2193
5520 2142
5521 2142
5522 2140
5523 2141
5524 2143
5525 2141
5526 2141
5527 2142
5528 2141
5529 2141
5530 2152
5531 2247
5532 2141
5533 2141
5534 2141
5535 2207
5536 2207
5537 2207
5538 2243
5539 2040
5540 2039
5541 1981
5542 2109
5543 2241
5544 2141
5545 2143
5546 2141
5547 2141
5548 2207
5549 2241
5550 2207
5551 2245
5552 2143
5553 2033
5554 1978
5555 1981
5556 2110
5557 2141
5558 2207
5559 2191
5560 2141
5561 2152
5562 2258
5563 2207
5564 2152
5565 2207
5566 2143
5567 2055
5568 2031
5569 1977
5570 2144
5571 2208
5572 2189
5573 2195
5574 2141
5575 2141
5576 2193
5577 2197
5578 2152
5579 2257
5580 2259
5581 2148
5582 2079
5583 1977
5584 1976
5585 1976
5586 1976
5587 2032
5588 2101
5589 2142
5590 2141
5591 2142
5592 2257
5593 2206
5594 2143
5595 2032
5596 1977
5597 1977
5598 2110
5599 2207
5600 2207
5601 2205
5602 2141
5603 2141
5604 2153
5605 2258
5606 2240
5607 2141
5608 2143
5609 2031
5610 2030
5611 1981
5612 2109
5613 2207
5614 2207
5615 2143
5616 2141
5617 2141
5618 2141
5619 2197
5620 2192
5621 2193
5622 2154
5623 2123
5624 1977
5625 2037
5626 2221
5627 2173
5628 2258
5629 2205
5630 2036
5631 2077
5632 2038
5633 2154
5634 2245
5635 2193
5636 2143
5637 2031
5638 2029
5639 1981
5640 2161
5641 2258
5642 2245
5643 2154
5644 2070
5645 1977
5646 1981
5647 2109
5648 2245
5649 2152
5650 2243
5651 2152
5652 2240
5653 2146
5654 2027
5655 1976
5656 1976
5657 1978
5658 2105
5659 2142
5660 2153
5661 2207
5662 2196
5663 2196
5664 2143
5665 2037
5666 2041
5667 1980
5668 2110
5669 2141
5670 2152
5671 2208
5672 2141
5673 2141
5674 2153
5675 2241
5676 2207
5677 2189
5678 2143
5679 2032
5680 1977
5681 2031
5682 2159
5683 2193
5684 2152
5685 2191
5686 2141
5687 2140
5688 2141
5689 2193
5690 2140
5691 2141
5692 2143
5693 2152
5694 2206
5695 2142
5696 2141
5697 2192
5698 2193
5699 2143
5700 2031
5701 1977
5702 1981
5703 2161
5704 2193
5705 2141
5706 2143
5707 2141
5708 2141
5709 2207
5710 2258
5711 2241
5712 2207
5713 2243
5714 2102
5715 2079
5716 1981
5717 2109
5718 2195
5719 2207
5720 2168
5721 2206
5722 2207
5723 2191
5724 2041
5725 2041
5726 1977
5727 2119
5728 2207
5729 2142
5730 2142
5731 2141
5732 2207
5733 2241
5734 2093
5735 1978
5736 1978
5737 2025
5738 2101
5739 2142
5740 2152
5741 2253
5742 2142
5743 2207
5744 2259
5745 2101
5746 1977
5747 1977
5748 2173
5749 2245
5750 2141
5751 2142
5752 2141
5753 2141
5754 2141
5755 2197
5756 2161
5757 2154
5758 2202
5759 2215
5760 2144
5761 2146
5762 2027
5763 1976
5764 1976
5765 1978
5766 2105
5767 2142
5768 2153
5769 2190
5770 2152
5771 2189
5772 2199
5773 2057
5774 1977
5775 1977
5776 2159
5777 2141
5778 2196
5779 2195
5780 2141
5781 2141
5782 2141
5783 2141
5784 2152
5785 2245
5786 2142
5787 2032
5788 1977
5789 1981
5790 2114
5791 2141
5792 2140
5793 2156
5794 2199
5795 2141
5796 2142
5797 2141
5798 2141
5799 2141
5800 2195
5801 2141
5802 2141
5803 2207
5804 2258
5805 2240
5806 2207
5807 2181
5808 2039
5809 1975
5810 1984
5811 2116
5812 2203
5813 2207
5814 2204
5815 2203
5816 2203
5817 2192
5818 2036
5819 1977
5820 1976
5821 1977
5822 2106
5823 2142
5824 2141
5825 2142
5826 2141
5827 2207
5828 2208
5829 2141
5830 2141
5831 2141
5832 2207
5833 2240
5834 2152
5835 2243
5836 2057
5837 1977
5838 2088
5839 2168
5840 2141
5841 2207
5842 2196
5843 2208
5844 2143
5845 2146
5846 2027
5847 2029
5848 2084
5849 2078
5850 2097
5851 2194
5852 2142
5853 2141
5854 2141
5855 2141
5856 2195
5857 2141
5858 2196
5859 2141
5860 2197
5861 2206
5862 2203
5863 2191
5864 2145
5865 2038
5866 2033
5867 2105
5868 2203
5869 2152
5870 2205
5871 2203
5872 2241
5873 2198
5874 2031
5875 2028
5876 2033
5877 2042
5878 2165
5879 2197
5880 2262
5881 2138
5882 2078
5883 2028
5884 1978
5885 2104
5886 2142
5887 2142
5888 2142
5889 2141
5890 2141
5891 2143
5892 2197
5893 2196
5894 2197
5895 2141
5896 2193
5897 2196
5898 2143
5899 2031
5900 1977
5901 1980
5902 2109
5903 2141
5904 2192
5905 2143
5906 2141
5907 2152
5908 2204
5909 2258
5910 2202
5911 2152
5912 2191
5913 2036
5914 1979
5915 2029
5916 2115
5917 2245
5918 2141
5919 2142
5920 2142
5921 2152
5922 2246
5923 2193
5924 2141
5925 2207
5926 2259
5927 2100
5928 1977
5929 1977
5930 2110
5931 2142
5932 2141
5933 2143
5934 2141
5935 2245
5936 2141
5937 2141
5938 2207
5939 2203
5940 2243
5941 2039
5942 2029
5943 2032
5944 2105
5945 2193
5946 2257
5947 2205
5948 2041
5949 2040
5950 2034
5951 2105
5952 2196
5953 2203
5954 2194
5955 2142
5956 2196
5957 2153
5958 2241
5959 2207
5960 2203
5961 2191
5962 2035
5963 1977
5964 1977
5965 2173
5966 2245
5967 2152
5968 2191
5969 2142
5970 2141
5971 2141
5972 2197
5973 2140
5974 2196
5975 2143
5976 2091
5977 2025
5978 1977
5979 2109
5980 2141
5981 2141
5982 2143
5983 2141
5984 2141
5985 2142
5986 2141
5987 2141
5988 2141
5989 2143
5990 2141
5991 2141
5992 2153
5993 2203
5994 2206
5995 2207
5996 2205
5997 2036
5998 1978
5999 2035
6000 2121
6001 2152
6002 2207
6003 2143
6004 2141
6005 2141
6006 2142
6007 2197
6008 2196
6009 2141
6010 2154
6011 2080
6012 2040
6013 1981
6014 2120
6015 2203
6016 2196
6017 2143
6018 2141
6019 2141
6020 2142
6021 2141
6022 2192
6023 2141
6024 2143
6025 2141
6026 2141
6027 2153
6028 2258
6029 2203
6030 2141
6031 2143
6032 2031
6033 1977
6034 1977
6035 2225
6036 2257
6037 2241
6038 2143
6039 2031
6040 1977
6041 1983
6042 2226
6043 2203
6044 2207
6045 2191
6046 2035
6047 1977
6048 1977
6049 2109
6050 2141
6051 2192
6052 2206
6053 2483
6054 2570
6055 2570
6056 2141
6057 2033
6058 2078
6059 1979
6060 1977
6061 1976
6062 1976
6063 2104
6064 2141
6065 2196
6066 2208
6067 2141
6068 2141
6069 2141
6070 2141
6071 2152
6072 2207
6073 2143
6074 2080
6075 1977
6076 2033
6077 2171
6078 2193
6079 2207
6080 2191
6081 2142
6082 2191
6083 2208
6084 2261
6085 2217
6086 2139
6087 2142
6088 2026
6089 1976
6090 1976
6091 2104
6092 2140
6093 2141
6094 2143
6095 2192
6096 2192
6097 2141
6098 2141
6099 2140
6100 2140
6101 2142
6102 2141
6103 2141
6104 2140
6105 2141
6106 2140
6107 2140
6108 2195
6109 2197
6110 2140
6111 2141
6112 2141
6113 2140
6114 2140
6115 2143
6116 2207
6117 2189
6118 2141
6119 2141
6120 2151
6121 2203
6122 2154
6123 2089
6124 2029
6125 1976
6126 2104
6127 2140
6128 2140
6129 2143
6130 2141
6131 2140
6132 2141
6133 2141
6134 2140
6135 2140
6136 2142
6137 2140
6138 2206
6139 2245
6140 2206
6141 2188
6142 2141
6143 2142
6144 2026
6145 1976
6146 1976
6147 2104
6148 2140
6149 2140
6150 2143
6151 2207
6152 2257
6153 2189
6154 2011
6155 1975
6156 1975
6157 1980
6158 2218
6159 2203
6160 2141
6161 2206
6162 2188
6163 2140
6164 2142
6165 2080
6166 1976
6167 1976
6168 2104
6169 2140
6170 2140
6171 2198
6172 2207
6173 2188
6174 2141
6175 2012
6176 1975
6177 2029
6178 1978
6179 2102
6180 2196
6181 2141
6182 2207
6183 2188
6184 2196
6185 2143
6186 2041
6187 1976
6188 1976
6189 2104
6190 2140
6191 2140
6192 2142
6193 2207
6194 2240
6195 2141
6196 2011
6197 1975
6198 1976
6199 1980
6200 2151
6201 2141
6202 2141
6203 2140
6204 2140
6205 2152
6206 2208
6207 2141
6208 2151
6209 2246
6210 2206
6211 2188
6212 2141
6213 2142
6214 2086
6215 2040
6216 1977
6217 2104
6218 2140
6219 2140
6220 2143
6221 2141
6222 2140
6223 2141
6224 2141
6225 2140
6226 2140
6227 2198
6228 2193
6229 2141
6230 2141
6231 2141
6232 2195
6233 2140
6234 2143
6235 2141
6236 2140
6237 2141
6238 2141
6239 2140
6240 2192
6241 2142
6242 2141
6243 2141
6244 2141
6245 2141
6246 2140
6247 2140
6248 2143
6249 2207
6250 2202
6251 2189
6252 2141
6253 2140
6254 2206
6255 2204
6256 2031
6257 1976
6258 1976
6259 2104
6260 2140
6261 2140
6262 2142
6263 2140
6264 2192
6265 2141
6266 2141
6267 2140
6268 2206
6269 2208
6270 2196
6271 2026
6272 1977
6273 2167
6274 2188
6275 2140
6276 2154
6277 2202
6278 2195
6279 2141
6280 2141
6281 2140
6282 2140
6283 2154
6284 2206
6285 2140
6286 2141
6287 2141
6288 2206
6289 2202
6290 2204
6291 2092
6292 1976
6293 1976
6294 2104
6295 2140
6296 2140
6297 2198
6298 2206
6299 2240
6300 2141
6301 2015
6302 2039
6303 1976
6304 1977
6305 2104
6306 2152
6307 2245
6308 2141
6309 2140
6310 2140
6311 2142
6312 2026
6313 1976
6314 1976
6315 2103
6316 2140
6317 2140
6318 2143
6319 2140
6320 2141
6321 2141
6322 2140
6323 2140
6324 2140
6325 2142
6326 2141
6327 2152
6328 2189
6329 2140
6330 2140
6331 2140
6332 2208
6333 2240
6334 2206
6335 2203
6336 2058
6337 1975
6338 1975
6339 2031
6340 2106
6341 2189
6342 2141
6343 2141
6344 2140
6345 2140
6346 2198
6347 2196
6348 2143
6349 2207
6350 2141
6351 2140
6352 2140
6353 2198
6354 2030
6355 1978
6356 2039
6357 2155
6358 2140
6359 2140
6360 2198
6361 2192
6362 2151
6363 2203
6364 2203
6365 2244
6366 2140
6367 2143
6368 2026
6369 1976
6370 1976
6371 2104
6372 2192
6373 2152
6374 2259
6375 2206
6376 2206
6377 2203
6378 2064
6379 2075
6380 1976
6381 1977
6382 2111
6383 2189
6384 2141
6385 2140
6386 2140
6387 2141
6388 2142
6389 2192
6390 2141
6391 2140
6392 2141
6393 2193
6394 2140
6395 2141
6396 2141
6397 2140
6398 2140
6399 2207
6400 2188
6401 2140
6402 2141
6403 2028
6404 1976
6405 1976
6406 2103
6407 2140
6408 2141
6409 2194
6410 2207
6411 2203
6412 2188
6413 2031
6414 1977
6415 1975
6416 1976
6417 2102
6418 2144
6419 2141
6420 2142
6421 2140
6422 2193
6423 2198
6424 2141
6425 2140
6426 2141
6427 2141
6428 2140
6429 2140
6430 2154
6431 2240
6432 2196
6433 2141
6434 2016
6435 2039
6436 2029
6437 2030
6438 2149
6439 2153
6440 2258
6441 2240
6442 2140
6443 2140
6444 2143
6445 2027
6446 1977
6447 1976
6448 2105
6449 2140
6450 2140
6451 2143
6452 2196
6453 2141
6454 2152
6455 2241
6456 2140
6457 2140
6458 2142
6459 2078
6460 1976
6461 1979
6462 2171
6463 2140
6464 2140
6465 2198
6466 2207
6467 2206
6468 2141
6469 2011
6470 1975
6471 1975
6472 2031
6473 1976
6474 2106
6475 2141
6476 2141
6477 2140
6478 2140
6479 2142
6480 2192
6481 2141
6482 2152
6483 2189
6484 2140
6485 2140
6486 2143
6487 2144
6488 2141
6489 2141
6490 2152
6491 2188
6492 2141
6493 2154
6494 2206
6495 2151
6496 2203
6497 2189
6498 2140
6499 2140
6500 2142
6501 2026
6502 1976
6503 1977
6504 2104
6505 2152
6506 2240
6507 2143
6508 2141
6509 2140
6510 2152
6511 2206
6512 2206
6513 2202
6514 2154
6515 2087
6516 1976
6517 1977
6518 2104
6519 2140
6520 2151
6521 2190
6522 2207
6523 2188
6524 2141
6525 2011
6526 1976
6527 1976
6528 1978
6529 2102
6530 2141
6531 2141
6532 2141
6533 2140
6534 2140
6535 2143
6536 2141
6537 2140
6538 2141
6539 2141
6540 2140
6541 2140
6542 2143
6543 2141
6544 2140
6545 2141
6546 2141
6547 2140
6548 2141
6549 2142
6550 2141
6551 2140
6552 2207
6553 2189
6554 2139
6555 2140
6556 2143
6557 2080
6558 1976
6559 1979
6560 2154
6561 2140
6562 2140
6563 2143
6564 2140
6565 2140
6566 2141
6567 2141
6568 2140
6569 2141
6570 2154
6571 2206
6572 2192
6573 2142
6574 2140
6575 2140
6576 2141
6577 2153
6578 2141
6579 2207
6580 2258
6581 2189
6582 2140
6583 2140
6584 2154
6585 2128
6586 1976
6587 1977
6588 2104
6589 2140
6590 2140
6591 2142
6592 2141
6593 2140
6594 2141
6595 2141
6596 2140
6597 2140
6598 2142
6599 2141
6600 2140
6601 2141
6602 2141
6603 2140
6604 2140
6605 2142
6606 2207
6607 2240
6608 2152
6609 2073
6610 1975
6611 1976
6612 1977
6613 2101
6614 2141
6615 2141
6616 2140
6617 2140
6618 2141
6619 2154
6620 2245
6621 2142
6622 2140
6623 2141
6624 2140
6625 2192
6626 2208
6627 2258
6628 2187
6629 2141
6630 2011
6631 1976
6632 1978
6633 1977
6634 2101
6635 2141
6636 2141
6637 2141
6638 2140
6639 2141
6640 2142
6641 2141
6642 2140
6643 2141
6644 2141
6645 2140
6646 2140
6647 2142
6648 2140
6649 2140
6650 2141
6651 2141
6652 2140
6653 2152
6654 2204
6655 2206
6656 2140
6657 2141
6658 2140
6659 2140
6660 2140
6661 2142
6662 2140
6663 2140
6664 2141
6665 2141
6666 2151
6667 2244
6668 2142
6669 2026
6670 1977
6671 2028
6672 2112
6673 2245
6674 2140
6675 2142
6676 2141
6677 2141
6678 2141
6679 2144
6680 2240
6681 2140
6682 2142
6683 2031
6684 2038
6685 2028
6686 2167
6687 2188
6688 2140
6689 2198
6690 2196
6691 2141
6692 2141
6693 2140
6694 2206
6695 2257
6696 2208
6697 2031
6698 2033
6699 2038
6700 2113
6701 2188
6702 2152
6703 2208
6704 2152
6705 2202
6706 2189
6707 2140
6708 2140
6709 2140
6710 2142
6711 2141
6712 2140
6713 2152
6714 2241
6715 2140
6716 2140
6717 2142
6718 2078
6719 1977
6720 1976
6721 2113
6722 2202
6723 2140
6724 2142
6725 2141
6726 2140
6727 2141
6728 2141
6729 2140
6730 2140
6731 2142
6732 2140
6733 2141
6734 2141
6735 2141
6736 2140
6737 2140
6738 2142
6739 2140
6740 2141
6741 2141
6742 2141
6743 2140
6744 2140
6745 2142
6746 2141
6747 2140
6748 2141
6749 2141
6750 2140
6751 2208
6752 2259
6753 2081
6754 1977
6755 1977
6756 2104
6757 2206
6758 2206
6759 2142
6760 2152
6761 2206
6762 2140
6763 2141
6764 2140
6765 2141
6766 2209
6767 2241
6768 2193
6769 2141
6770 2011
6771 1976
6772 1975
6773 1977
6774 2103
6775 2141
6776 2141
6777 2141
6778 2192
6779 2140
6780 2143
6781 2141
6782 2140
6783 2141
6784 2140
6785 2140
6786 2140
6787 2142
6788 2152
6789 2206
6790 2152
6791 2189
6792 2206
6793 2240
6794 2198
6795 2031
6796 2025
6797 1978
6798 2221
6799 2188
6800 2140
6801 2142
6802 2207
6803 2240
6804 2193
6805 2015
6806 2083
6807 2029
6808 2025
6809 2098
6810 2152
6811 2241
6812 2141
6813 2140
6814 2140
6815 2142
6816 2026
6817 1976
6818 1979
6819 2165
6820 2202
6821 2152
6822 2208
6823 2196
6824 2140
6825 2141
6826 2141
6827 2140
6828 2140
6829 2208
6830 2240
6831 2151
6832 2206
6833 2012
6834 1976
6835 1975
6836 2029
6837 2099
6838 2141
6839 2141
6840 2141
6841 2151
6842 2202
6843 2190
6844 2089
6845 2084
6846 2024
6847 2104
6848 2140
6849 2140
6850 2142
6851 2140
6852 2140
6853 2141
6854 2141
6855 2140
6856 2140
6857 2142
6858 2207
6859 2240
6860 2152
6861 2112
6862 1976
6863 1976
6864 1978
6865 2102
6866 2141
6867 2152
6868 2189
6869 2140
6870 2141
6871 2143
6872 2141
6873 2140
6874 2141
6875 2141
6876 2140
6877 2140
6878 2142
6879 2152
6880 2188
6881 2141
6882 2140
6883 2140
6884 2140
6885 2143
6886 2196
6887 2140
6888 2141
6889 2141
6890 2140
6891 2151
6892 2190
6893 2151
6894 2257
6895 2245
6896 2011
6897 1976
6898 1976
6899 1978
6900 2102
6901 2206
6902 2245
6903 2180
6904 2188
6905 2140
6906 2143
6907 2026
6908 1976
6909 1976
6910 2104
6911 2140
6912 2206
6913 2208
6914 2206
6915 2202
6916 2203
6917 2063
6918 2032
6919 2038
6920 1978
6921 2101
6922 2141
6923 2141
6924 2141
6925 2140
6926 2140
6927 2142
6928 2140
6929 2140
6930 2141
6931 2141
6932 2140
6933 2140
6934 2208
6935 2189
6936 2140
6937 2141
6938 2140
6939 2140
6940 2140
6941 2194
6942 2140
6943 2140
6944 2141
6945 2141
6946 2140
6947 2140
6948 2142
6949 2141
6950 2140
6951 2141
6952 2140
6953 2140
6954 2140
6955 2209
6956 2206
6957 2207
6958 2203
6959 2071
6960 1975
6961 1976
6962 1977
6963 2165
6964 2257
6965 2241
6966 2140
6967 2140
6968 2140
6969 2154
6970 2080
6971 2040
6972 1976
6973 2103
6974 2140
6975 2141
6976 2142
6977 2141
6978 2140
6979 2141
6980 2141
6981 2140
6982 2141
6983 2142
6984 2140
6985 2140
6986 2141
6987 2140
6988 2140
6989 2151
6990 2259
6991 2206
6992 2207
6993 2189
6994 2011
6995 1976
6996 1976
6997 1977
6998 2102
6999 2141
7000 2140
7001 2141
7002 2152
7003 2188
7004 2208
7005 2077
7006 2028
7007 1976
7008 2168
7009 2202
7010 2192
7011 2142
7012 2196
7013 2207
7014 2189
7015 2141
7016 2140
7017 2140
7018 2142
7019 2140
7020 2192
7021 2141
7022 2141
7023 2140
7024 2140
7025 2142
7026 2140
7027 2140
7028 2141
7029 2141
7030 2140
7031 2141
7032 2140
7033 2140
7034 2140
7035 2141
7036 2013
7037 1975
7038 1976
7039 1980
7040 2151
7041 2141
7042 2141
7043 2140
7044 2140
7045 2140
7046 2142
7047 2140
7048 2140
7049 2141
7050 2141
7051 2140
7052 2141
7053 2142
7054 2141
7055 2152
7056 2257
7057 2189
7058 2140
7059 2140
7060 2142
7061 2026
7062 1976
7063 1976
7064 2102
7065 2140
7066 2141
7067 2142
7068 2152
7069 2241
7070 2152
7071 2189
7072 2140
7073 2140
7074 2143
7075 2197
7076 2140
7077 2207
7078 2257
7079 2188
7080 2140
7081 2142
7082 2027
7083 1978
7084 2027
7085 2104
7086 2141
7087 2141
7088 2198
7089 2141
7090 2141
7091 2141
7092 2141
7093 2140
7094 2141
7095 2143
7096 2141
7097 2192
7098 2141
7099 2152
7100 2188
7101 2141
7102 2198
7103 2091
7104 2084
7105 2078
7106 2103
7107 2197
7108 2143
7109 2143
7110 2141
7111 2141
7112 2152
7113 2203
7114 2240
7115 2192
7116 2154
7117 2127
7118 1976
7119 1976
7120 2106
7121 2141
7122 2140
7123 2154
7124 2188
7125 2140
7126 2141
7127 2141
7128 2140
7129 2140
7130 2208
7131 2241
7132 2140
7133 2141
7134 2011
7135 1975
7136 1978
7137 2085
7138 2143
7139 2141
7140 2141
7141 2152
7142 2240
7143 2196
7144 2143
7145 2025
7146 1976
7147 1976
7148 2104
7149 2140
7150 2140
7151 2154
7152 2206
7153 2141
7154 2141
7155 2141
7156 2140
7157 2141
7158 2142
7159 2152
7160 2202
7161 2203
7162 2203
7163 2188
7164 2192
7165 2198
7166 2082
7167 1976
7168 1976
7169 2103
7170 2140
7171 2152
7172 2208
7173 2141
7174 2270
7175 2203
7176 2445
7177 2571
7178 2605
7179 2621
7180 2171
7181 1831
7182 1831
7183 1877
7184 2030
7185 1977
7186 1979
7187 2105
7188 2142
7189 2208
7190 2207
7191 2207
7192 2189
7193 2143
7194 2031
7195 1977
7196 1977
7197 2161
7198 2193
7199 2152
7200 2247
7201 2197
7202 2141
7203 2146
7204 2027
7205 1976
7206 1976
7207 2035
7208 2157
7209 2142
7210 2142
7211 2153
7212 2206
7213 2141
7214 2195
7215 2036
7216 1977
7217 2034
7218 2139
7219 2141
7220 2196
7221 2198
7222 2141
7223 2141
7224 2141
7225 2142
7226 2192
7227 2152
7228 2191
7229 2035
7230 1977
7231 1981
7232 2109
7233 2141
7234 2152
7235 2247
7236 2141
7237 2152
7238 2258
7239 2246
7240 2152
7241 2258
7242 2191
7243 2036
7244 1977
7245 1981
7246 2226
7247 2189
7248 2257
7249 2191
7250 2035
7251 1979
7252 2031
7253 2142
7254 2142
7255 2207
7256 2208
7257 2141
7258 2141
7259 2141
7260 2141
7261 2140
7262 2141
7263 2143
7264 2141
7265 2141
7266 2141
7267 2153
7268 2240
7269 2196
7270 2154
7271 2129
7272 2034
7273 2080
7274 2102
7275 2152
7276 2206
7277 2198
7278 2141
7279 2141
7280 2141
7281 2141
7282 2192
7283 2206
7284 2191
7285 2035
7286 1977
7287 1982
7288 2162
7289 2196
7290 2141
7291 2154
7292 2203
7293 2245
7294 2209
7295 2091
7296 2078
7297 2028
7298 2035
7299 2150
7300 2142
7301 2142
7302 2207
7303 2207
7304 2207
7305 2143
7306 2031
7307 1977
7308 1981
7309 2109
7310 2141
7311 2141
7312 2143
7313 2141
7314 2141
7315 2141
7316 2197
7317 2196
7318 2141
7319 2143
7320 2031
7321 1979
7322 2031
7323 2159
7324 2193
7325 2141
7326 2143
7327 2141
7328 2192
7329 2141
7330 2207
7331 2244
7332 2152
7333 2259
7334 2091
7335 2040
7336 1976
7337 2109
7338 2151
7339 2241
7340 2209
7341 2189
7342 2140
7343 2141
7344 2196
7345 2206
7346 2240
7347 2142
7348 2031
7349 1978
7350 1981
7351 2113
7352 2147
7353 2157
7354 2250
7355 2210
7356 2240
7357 2196
7358 2036
7359 1977
7360 1976
7361 2030
7362 2169
7363 2141
7364 2152
7365 2207
7366 2192
7367 2206
7368 2204
7369 2142
7370 2039
7371 2035
7372 2220
7373 2257
7374 2240
7375 2209
7376 2077
7377 1976
7378 2032
7379 2105
7380 2196
7381 2196
7382 2190
7383 2141
7384 2182
7385 2205
7386 2295
7387 2568
7388 2658
7389 2643
7390 2350
7391 2039
7392 1975
7393 2028
7394 1978
7395 2028
7396 2040
7397 2106
7398 2240
7399 2196
7400 2030
7401 1976
7402 1976
7403 1977
7404 2102
7405 2140
7406 2141
7407 2141
7408 2140
7409 2140
7410 2142
7411 2192
7412 2140
7413 2141
7414 2152
7415 2188
7416 2140
7417 2153
7418 2188
7419 2140
7420 2207
7421 2206
7422 2192
7423 2192
7424 2198
7425 2082
7426 2028
7427 1976
7428 2158
7429 2192
7430 2206
7431 2190
7432 2140
7433 2141
7434 2196
7435 2207
7436 2206
7437 2206
7438 2204
7439 2031
7440 2028
7441 1976
7442 2103
7443 2140
7444 2140
7445 2142
7446 2141
7447 2140
7448 2142
7449 2141
7450 2141
7451 2141
7452 2152
7453 2245
7454 2207
7455 2257
7456 2088
7457 2084
7458 2038
7459 1977
7460 2103
7461 2207
7462 2207
7463 2140
7464 2140
7465 2140
7466 2142
7467 2141
7468 2140
7469 2141
7470 2141
7471 2140
7472 2140
7473 2142
7474 2206
7475 2206
7476 2241
7477 2010
7478 1975
7479 1975
7480 1978
7481 2153
7482 2141
7483 2141
7484 2140
7485 2139
7486 2140
7487 2153
7488 2206
7489 2140
7490 2151
7491 2244
7492 2140
7493 2140
7494 2142
7495 2086
7496 2084
7497 2024
7498 2103
7499 2140
7500 2140
7501 2142
7502 2140
7503 2140
7504 2141
7505 2140
7506 2140
7507 2140
7508 2142
7509 2141
7510 2192
7511 2192
7512 2152
7513 2240
7514 2140
7515 2194
7516 2030
7517 1977
7518 1976
7519 2167
7520 2188
7521 2195
7522 2208
7523 2203
7524 2151
7525 2245
7526 2141
7527 2140
7528 2140
7529 2153
7530 2127
7531 1977
7532 1976
7533 2103
7534 2140
7535 2139
7536 2142
7537 2141
7538 2151
7539 2257
7540 2188
7541 2151
7542 2240
7543 2142
7544 2025
7545 1976
7546 1976
7547 2104
7548 2140
7549 2140
7550 2142
7551 2140
7552 2206
7553 2203
7554 2140
7555 2140
7556 2151
7557 2190
7558 2030
7559 1976
7560 1976
7561 2104
7562 2140
7563 2151
7564 2208
7565 2141
7566 2192
7567 2207
7568 2188
7569 2140
7570 2140
7571 2142
7572 2026
7573 1976
7574 1976
7575 2102
7576 2140
7577 2206
7578 2207
7579 2196
7580 2140
7581 2141
7582 2140
7583 2139
7584 2140
7585 2142
7586 2141
7587 2240
7588 2240
7589 2140
7590 2140
7591 2140
7592 2208
7593 2139
7594 2037
7595 2033
7596 2205
7597 2140
7598 2140
7599 2154
7600 2202
7601 2192
7602 2140
7603 2140
7604 2140
7605 2140
7606 2142
7607 2151
7608 2240
7609 2189
7610 2193
7611 2140
7612 2192
7613 2142
7614 2026
7615 1976
7616 2033
7617 2220
7618 2256
7619 2244
7620 2142
7621 2080
7622 1976
7623 1976
7624 2113
7625 2188
7626 2151
7627 2246
7628 2206
7629 2244
7630 2151
7631 2070
7632 1975
7633 1975
7634 1977
7635 2110
7636 2241
7637 2141
7638 2140
7639 2139
7640 2140
7641 2208
7642 2206
7643 2140
7644 2192
7645 2141
7646 2139
7647 2151
7648 2246
7649 2034
7650 1976
7651 1976
7652 2113
7653 2188
7654 2240
7655 2142
7656 2140
7657 2206
7658 2202
7659 2188
7660 2140
7661 2140
7662 2208
7663 2131
7664 2076
7665 2033
7666 2220
7667 2202
7668 2256
7669 2208
7670 2031
7671 1978
7672 2084
7673 2208
7674 2139
7675 2192
7676 2208
7677 2083
7678 2038
7679 2033
7680 2170
7681 2140
7682 2192
7683 2142
7684 2140
7685 2206
7686 2141
7687 2206
7688 2239
7689 2192
7690 2142
7691 2025
7692 1976
7693 1976
7694 2113
7695 2188
7696 2140
7697 2142
7698 2196
7699 2140
7700 2140
7701 2140
7702 2191
7703 2140
7704 2208
7705 2257
7706 2240
7707 2140
7708 2011
7709 1975
7710 1975
7711 1977
7712 2101
7713 2140
7714 2141
7715 2140
7716 2139
7717 2206
7718 2242
7719 2033
7720 1976
7721 1976
7722 2158
7723 2140
7724 2151
7725 2242
7726 2140
7727 2206
7728 2188
7729 2063
7730 1975
7731 1975
7732 2029
7733 2160
7734 2189
7735 2196
7736 2202
7737 2244
7738 2192
7739 2142
7740 2026
7741 1976
7742 1976
7743 2103
7744 2192
7745 2192
7746 2142
7747 2141
7748 2140
7749 2141
7750 2140
7751 2179
7752 2189
7753 2142
7754 2026
7755 1976
7756 1976
7757 2104
7758 2192
7759 2196
7760 2142
7761 2140
7762 2140
7763 2141
7764 2141
7765 2192
7766 2140
7767 2142
7768 2140
7769 2140
7770 2141
7771 2141
7772 2140
7773 2140
7774 2142
7775 2196
7776 2257
7777 2206
7778 2011
7779 1975
7780 1976
7781 1978
7782 2111
7783 2245
7784 2196
7785 2141
7786 2140
7787 2140
7788 2153
7789 2246
7790 2144
7791 2141
7792 2014
7793 1975
7794 1975
7795 2032
7796 2154
7797 2197
7798 2140
7799 2027
7800 1999
7801 2028
7802 1977
7803 2102
7804 2142
7805 2196
7806 2151
7807 2244
7808 2206
7809 2204
7810 2083
7811 2024
7812 2029
7813 2165
7814 2244
7815 2140
7816 2142
7817 2206
7818 2244
7819 2196
7820 2011
7821 1975
7822 1975
7823 1979
7824 2203
7825 2141
7826 2141
7827 2140
7828 2139
7829 2140
7830 2142
7831 2196
7832 2151
7833 2202
7834 2257
7835 2188
7836 2140
7837 2153
7838 2086
7839 1976
7840 1976
7841 2103
7842 2140
7843 2140
7844 2142
7845 2206
7846 2189
7847 2192
7848 2141
7849 2140
7850 2151
7851 2246
7852 2035
7853 1976
7854 1976
7855 2112
7856 2188
7857 2140
7858 2142
7859 2141
7860 2151
7861 2240
7862 2151
7863 2201
7864 2206
7865 2142
7866 2025
7867 1976
7868 1976
7869 2103
7870 2140
7871 2140
7872 2140
7873 2139
7874 2151
7875 2188
7876 2015
7877 2075
7878 1975
7879 1977
7880 2102
7881 2141
7882 2141
7883 2141
7884 2139
7885 2140
7886 2142
7887 2196
7888 2140
7889 2152
7890 2240
7891 2140
7892 2140
7893 2142
7894 2026
7895 2028
7896 2029
7897 2104
7898 2139
7899 2151
7900 2207
7901 2140
7902 2192
7903 2141
7904 2140
7905 2139
7906 2151
7907 2242
7908 2140
7909 2140
7910 2192
7911 2152
7912 2202
7913 2257
7914 2208
7915 2084
7916 1976
7917 1976
7918 2104
7919 2140
7920 2152
7921 2259
7922 2240
7923 2206
7924 2202
7925 2063
7926 1975
7927 2032
7928 2041
7929 2096
7930 2141
7931 2141
7932 2140
7933 2140
7934 2192
7935 2142
7936 2152
7937 2206
7938 2141
7939 2140
7940 2139
7941 2140
7942 2198
7943 2140
7944 2140
7945 2151
7946 2202
7947 2201
7948 2257
7949 2246
7950 2088
7951 2028
7952 2028
7953 2101
7954 2140
7955 2140
7956 2142
7957 2140
7958 2206
7959 2240
7960 2206
7961 2256
7962 2205
7963 2153
7964 2127
7965 1976
7966 1976
7967 2103
7968 2140
7969 2140
7970 2142
7971 2196
7972 2192
7973 2140
7974 2140
7975 2150
7976 2244
7977 2142
7978 2026
7979 1978
7980 2024
7981 2103
7982 2139
7983 2140
7984 2142
7985 2140
7986 2140
7987 2140
7988 2140
7989 2140
7990 2140
7991 2142
7992 2152
7993 2188
7994 2140
7995 2140
7996 2139
7997 2140
7998 2142
7999 2152
8000 2202
8001 2257
8002 2202
8003 2202
8004 2202
8005 2142
8006 2031
8007 2024
8008 1976
8009 2101
8010 2139
8011 2140
8012 2142
8013 2152
8014 2240
8015 2152
8016 2188
8017 2195
8018 2140
8019 2142
8020 2025
8021 2028
8022 2028
8023 2103
8024 2205
8025 2202
8026 2208
8027 2206
8028 2140
8029 2152
8030 2206
8031 2140
8032 2140
8033 2142
8034 2031
8035 2039
8036 2029
8037 2103
8038 2140
8039 2140
8040 2142
8041 2206
8042 2244
8043 2206
8044 2073
8045 2028
8046 2028
8047 1977
8048 2101
8049 2141
8050 2141
8051 2140
8052 2139
8053 2140
8054 2153
8055 2203
8056 2192
8057 2140
8058 2152
8059 2244
8060 2151
8061 2241
8062 2141
8063 2022
8064 1977
8065 2104
8066 2140
8067 2139
8068 2142
8069 2192
8070 2140
8071 2206
8072 2257
8073 2188
8074 2192
8075 2208
8076 2076
8077 1976
8078 1976
8079 2103
8080 2140
8081 2140
8082 2142
8083 2140
8084 2199
8085 2141
8086 2192
8087 2195
8088 2140
8089 2142
8090 2026
8091 1976
8092 1976
8093 2103
8094 2140
8095 2151
8096 2208
8097 2140
8098 2140
8099 2196
8100 2152
8101 2206
8102 2140
8103 2142
8104 2026
8105 1976
8106 1976
8107 2112
8108 2202
8109 2151
8110 2208
8111 2196
8112 2140
8113 2192
8114 2140
8115 2192
8116 2152
8117 2259
8118 2096
8119 2028
8120 2033
8121 2209
8122 2140
8123 2140
8124 2142
8125 2152
8126 2244
8127 2141
8128 2152
8129 2244
8130 2140
8131 2142
8132 2085
8133 2038
8134 2033
8135 2153
8136 2140
8137 2140
8138 2142
8139 2140
8140 2192
8141 2141
8142 2140
8143 2195
8144 2192
8145 2142
8146 2085
8147 2078
8148 2029
8149 2103
8150 2140
8151 2140
8152 2142
8153 2192
8154 2139
8155 2141
8156 2011
8157 1975
8158 2032
8159 2025
8160 2150
8161 2196
8162 2193
8163 2140
8164 2140
8165 2140
8166 2142
8167 2140
8168 2192
8169 2192
8170 2140
8171 2140
8172 2192
8173 2142
8174 2026
8175 1976
8176 1976
8177 2103
8178 2140
8179 2140
8180 2141
8181 2141
8182 2140
8183 2141
8184 2152
8185 2188
8186 2140
8187 2142
8188 2206
8189 2240
8190 2140
8191 2011
8192 1975
8193 2032
8194 2079
8195 2093
8196 2140
8197 2196
8198 2192
8199 2140
8200 2140
8201 2142
8202 2030
8203 2076
8204 2028
8205 2103
8206 2140
8207 2140
8208 2142
8209 2140
8210 2151
8211 2206
8212 2151
8213 2187
8214 2140
8215 2142
8216 2026
8217 1976
8218 2032
8219 2208
8220 2139
8221 2141
8222 2142
8223 2140
8224 2152
8225 2241
8226 2140
8227 2140
8228 2139
8229 2142
8230 2026
8231 1975
8232 1976
8233 2158
8234 2151
8235 2205
8236 2142
8237 2140
8238 2151
8239 2202
8240 2140
8241 2139
8242 2140
8243 2142
8244 2206
8245 2202
8246 2152
8247 2188
8248 2140
8249 2140
8250 2153
8251 2206
8252 2140
8253 2207
8254 2203
8255 2139
8256 2140
8257 2198
8258 2029
8259 1978
8260 2078
8261 2104
8262 2140
8263 2151
8264 2246
8265 2140
8266 2195
8267 2207
8268 2188
8269 2151
8270 2240
8271 2208
8272 2092
8273 1976
8274 1976
8275 2102
8276 2140
8277 2140
8278 2142
8279 2140
8280 2140
8281 2141
8282 2140
8283 2139
8284 2192
8285 2197
8286 2140
8287 2195
8288 2141
8289 2152
8290 2202
8291 2188
8292 2142
8293 2027
8294 2033
8295 2024
8296 2103
8297 2140
8298 2140
8299 2142
8300 2140
8301 2192
8302 2196
8303 2192
8304 2140
8305 2140
8306 2142
8307 2025
8308 1976
8309 1976
8310 2103
8311 2151
8312 2240
8313 2142
8314 2140
8315 2140
8316 2192
8317 2152
8318 2188
8319 2140
8320 2142
8321 2025
8322 1975
8323 1978
8324 2209
8325 2139
8326 2140
8327 2142
8328 2140
8329 2140
8330 2140
8331 2140
8332 2140
8333 2140
8334 2142
8335 2206
8336 2202
8337 2152
8338 2202
8339 2244
8340 2151
8341 2259
8342 2143
8343 2039
8344 2028
8345 2103
8346 2140
8347 2151
8348 2246
8349 2140
8350 2140
8351 2141
8352 2152
8353 2244
8354 2151
8355 2190
8356 2029
8357 1975
8358 1975
8359 2154
8360 2151
8361 2240
8362 2142
8363 2206
8364 2206
8365 2207
8366 2188
8367 2139
8368 2140
8369 2193
8370 2089
8371 2039
8372 2029
8373 2103
8374 2140
8375 2140
8376 2142
8377 2140
8378 2140
8379 2140
8380 2140
8381 2139
8382 2151
8383 2208
8384 2192
8385 2206
8386 2239
8387 2010
8388 1975
8389 1976
8390 1977
8391 2102
8392 2141
8393 2140
8394 2140
8395 2140
8396 2139
8397 2142
8398 2141
8399 2140
8400 2140
8401 2140
8402 2139
8403 2151
8404 2208
8405 2140
8406 2140
8407 2192
8408 2140
8409 2140
8410 2151
8411 2208
8412 2030
8413 1978
8414 2024
8415 2104
8416 2140
8417 2140
8418 2142
8419 2140
8420 2149
8421 2139
8422 2144
8423 2147
8424 2141
8425 2143
8426 2030
8427 2025
8428 2032
8429 2213
8430 2204
8431 2202
8432 2189
8433 2031
8434 1976
8435 1978
8436 2204
8437 2196
8438 2152
8439 2190
8440 2030
8441 2033
8442 2038
8443 2112
8444 2244
8445 2141
8446 2209
8447 2206
8448 2206
8449 2189
8450 2010
8451 1977
8452 1975
8453 1977
8454 2101
8455 2141
8456 2141
8457 2140
8458 2192
8459 2206
8460 2242
8461 2085
8462 1976
8463 1976
8464 2102
8465 2192
8466 2140
8467 2142
8468 2141
8469 2192
8470 2141
8471 2207
8472 2185
8473 2140
8474 2142
8475 2027
8476 1978
8477 2076
8478 2104
8479 2205
8480 2202
8481 2259
8482 2189
8483 2140
8484 2206
8485 2064
8486 2075
8487 2027
8488 1977
8489 2101
8490 2141
8491 2141
8492 2192
8493 2192
8494 2207
8495 2190
8496 2029
8497 2084
8498 2024
8499 2103
8500 2206
8501 2206
8502 2142
8503 2152
8504 2245
8505 2141
8506 2141
8507 2192
8508 2140
8509 2142
8510 2140
8511 2140
8512 2141
8513 2207
8514 2244
8515 2151
8516 2208
8517 2036
8518 2024
8519 1976
8520 2103
8521 2140
8522 2192
8523 2208
8524 2206
8525 2140
8526 2141
8527 2140
8528 2140
8529 2140
8530 2142
8531 2141
8532 2140
8533 2141
8534 2152
8535 2205
8536 2192
8537 2198
8538 2030
8539 1976
8540 1976
8541 2104
8542 2140
8543 2140
8544 2142
8545 2141
8546 2140
8547 2141
8548 2140
8549 2195
8550 2140
8551 2142
8552 2196
8553 2140
8554 2151
8555 2245
8556 2140
8557 2151
8558 2242
8559 2094
8560 2078
8561 1976
8562 2113
8563 2244
8564 2140
8565 2142
8566 2141
8567 2140
8568 2140
8569 2141
8570 2140
8571 2140
8572 2142
8573 2206
8574 2244
8575 2152
8576 2109
8577 1977
8578 2039
8579 1977
8580 2102
8581 2141
8582 2141
8583 2192
8584 2140
8585 2140
8586 2142
8587 2193
8588 2140
8589 2141
8590 2152
8591 2202
8592 2140
8593 2142
8594 2026
8595 1977
8596 2038
8597 2103
8598 2139
8599 2140
8600 2143
8601 2192
8602 2140
8603 2141
8604 2140
8605 2140
8606 2140
8607 2142
8608 2140
8609 2140
8610 2192
8611 2140
8612 2140
8613 2140
8614 2153
8615 2189
8616 2140
8617 2141
8618 2140
8619 2139
8620 2140
8621 2153
8622 2206
8623 2206
8624 2257
8625 2109
8626 1975
8627 1975
8628 1977
8629 2110
8630 2241
8631 2141
8632 2140
8633 2192
8634 2191
8635 2142
8636 2026
8637 2033
8638 2024
8639 2167
8640 2240
8641 2140
8642 2142
8643 2140
8644 2140
8645 2141
8646 2140
8647 2140
8648 2151
8649 2208
8650 2196
8651 2192
8652 2151
8653 2120
8654 2023
8655 2032
8656 2025
8657 2161
8658 2257
8659 2240
8660 2010
8661 1977
8662 2023
8663 1977
8664 2101
8665 2140
8666 2141
8667 2141
8668 2139
8669 2140
8670 2142
8671 2140
8672 2140
8673 2140
8674 2140
8675 2139
8676 2140
8677 2142
8678 2140
8679 2192
8680 2141
8681 2140
8682 2139
8683 2140
8684 2142
8685 2140
8686 2206
8687 2257
8688 2188
8689 2192
8690 2192
8691 2153
8692 2135
8693 2039
8694 2029
8695 2167
8696 2244
8697 2140
8698 2142
8699 2140
8700 2140
8701 2140
8702 2140
8703 2192
8704 2192
8705 2142
8706 2026
8707 1976
8708 2029
8709 2103
8710 2205
8711 2240
8712 2154
8713 2206
8714 2151
8715 2241
8716 2141
8717 2140
8718 2139
8719 2142
8720 2085
8721 2039
8722 1978
8723 2153
8724 2139
8725 2140
8726 2142
8727 2140
8728 2140
8729 2140
8730 2192
8731 2195
8732 2140
8733 2142
8734 2085
8735 2039
8736 1976
8737 2168
8738 2256
8739 2244
8740 2142
8741 2026
8742 1976
8743 1976
8744 2104
8745 2139
8746 2140
8747 2142
8748 2141
8749 2151
8750 2206
8751 2154
8752 2272
8753 2188
8754 2142
8755 2026
8756 1976
8757 1976
8758 2104
8759 2151
8760 2257
8761 2208
8762 2141
8763 2196
8764 2141
8765 2141
8766 2151
8767 2188
8768 2142
8769 2140
8770 2140
8771 2140
8772 2140
8773 2151
8774 2240
8775 2142
8776 2026
8777 1976
8778 1978
8779 2166
8780 2202
8781 2245
8782 2142
8783 2141
8784 2140
8785 2141
8786 2140
8787 2195
8788 2140
8789 2142
8790 2141
8791 2206
8792 2206
8793 2151
8794 2244
8795 2206
8796 2246
8797 2089
8798 1976
8799 2028
8800 2104
8801 2140
8802 2140
8803 2142
8804 2140
8805 2192
8806 2141
8807 2141
8808 2140
8809 2140
8810 2142
8811 2140
8812 2140
8813 2141
8814 2140
8815 2192
8816 2141
8817 2031
8818 2029
8819 2038
8820 1977
8821 2101
8822 2142
8823 2192
8824 2140
8825 2141
8826 2140
8827 2196
8828 2152
8829 2244
8830 2192
8831 2084
8832 2038
8833 2028
8834 1977
8835 2102
8836 2141
8837 2196
8838 2151
8839 2202
8840 2192
8841 2211
8842 2083
8843 2029
8844 2024
8845 2103
8846 2151
8847 2201
8848 2208
8849 2257
8850 2202
8851 2152
8852 2109
8853 1977
8854 2082
8855 2040
8856 2096
8857 2140
8858 2140
8859 2140
8860 2139
8861 2140
8862 2142
8863 2140
8864 2139
8865 2140
8866 2192
8867 2195
8868 2192
8869 2142
8870 2030
8871 2024
8872 1976
8873 2102
8874 2151
8875 2188
8876 2142
8877 2140
8878 2151
8879 2244
8880 2141
8881 2140
8882 2140
8883 2141
8884 2025
8885 1978
8886 2039
8887 2103
8888 2140
8889 2139
8890 2198
8891 2151
8892 2202
8893 2189
8894 2140
8895 2151
8896 2188
8897 2142
8898 2024
8899 1976
8900 1976
8901 2103
8902 2139
8903 2139
8904 2142
8905 2140
8906 2140
8907 2140
8908 2140
8909 2150
8910 2188
8911 2142
8912 2140
8913 2140
8914 2140
8915 2140
8916 2140
8917 2140
8918 2142
8919 2140
8920 2140
8921 2140
8922 2140
8923 2151
8924 2188
8925 2142
8926 2140
8927 2140
8928 2141
8929 2151
8930 2201
8931 2151
8932 2242
8933 2033
8934 1975
8935 1976
8936 2102
8937 2140
8938 2140
8939 2142
8940 2140
8941 2140
8942 2140
8943 2140
8944 2140
8945 2151
8946 2204
8947 2240
8948 2140
8949 2140
8950 2011
8951 1975
8952 2028
8953 2034
8954 2159
8955 2188
8956 2140
8957 2140
8958 2150
8959 2240
8960 2153
8961 2088
8962 1976
8963 1976
8964 2102
8965 2139
8966 2140
8967 2142
8968 2140
8969 2140
8970 2140
8971 2140
8972 2139
8973 2140
8974 2153
8975 2245
8976 2140
8977 2140
8978 2140
8979 2139
8980 2139
8981 2142
8982 2140
8983 2140
8984 2140
8985 2192
8986 2139
8987 2206
8988 2190
8989 2030
8990 1976
8991 1976
8992 2103
8993 2151
8994 2202
8995 2190
8996 2196
8997 2140
8998 2196
8999 2140
9000 2140
9001 2140
9002 2142
9003 2140
9004 2140
9005 2151
9006 2202
9007 2192
9008 2140
9009 2142
9010 2025
9011 2033
9012 2078
9013 2102
9014 2140
9015 2140
9016 2142
9017 2206
9018 2240
9019 2207
9020 2063
9021 2075
9022 1975
9023 1977
9024 2102
9025 2140
9026 2140
9027 2140
9028 2140
9029 2140
9030 2142
9031 2140
9032 2140
9033 2140
9034 2195
9035 2140
9036 2140
9037 2142
9038 2140
9039 2140
9040 2140
9041 2151
9042 2240
9043 2192
9044 2142
9045 2026
9046 1975
9047 1976
9048 2103
9049 2195
9050 2139
9051 2142
9052 2151
9053 2240
9054 2140
9055 2151
9056 2240
9057 2140
9058 2142
9059 2025
9060 1976
9061 1976
9062 2103
9063 2140
9064 2140
9065 2142
9066 2140
9067 2140
9068 2140
9069 2140
9070 2140
9071 2140
9072 2142
9073 2140
9074 2140
9075 2151
9076 2188
9077 2191
9078 2140
9079 2142
9080 2026
9081 1976
9082 1976
9083 2103
9084 2153
9085 2206
9086 2198
9087 2140
9088 2140
9089 2141
9090 2192
9091 2141
9092 2151
9093 2208
9094 2031
9095 1976
9096 1976
9097 2104
9098 2140
9099 2151
9100 2208
9101 2140
9102 2140
9103 2140
9104 2140
9105 2140
9106 2151
9107 2208
9108 2141
9109 2141
9110 2141
9111 2140
9112 2140
9113 2140
9114 2142
9115 2141
9116 2206
9117 2206
9118 2196
9119 2140
9120 2151
9121 2208
9122 2031
9123 1978
9124 2078
9125 2167
9126 2202
9127 2140
9128 2142
9129 2140
9130 2151
9131 2241
9132 2140
9133 2140
9134 2141
9135 2142
9136 2081
9137 1976
9138 1976
9139 2113
9140 2256
9141 2188
9142 2142
9143 2140
9144 2140
9145 2192
9146 2192
9147 2140
9148 2140
9149 2142
9150 2026
9151 1976
9152 2028
9153 2153
9154 2194
9155 2206
9156 2242
9157 2140
9158 2140
9159 2141
9160 2140
9161 2140
9162 2140
9163 2142
9164 2152
9165 2202
9166 2141
9167 2140
9168 2192
9169 2140
9170 2142
9171 2140
9172 2140
9173 2141
9174 2152
9175 2188
9176 2193
9177 2142
9178 2125
9179 2078
9180 1976
9181 2103
9182 2140
9183 2139
9184 2142
9185 2140
9186 2140
9187 2140
9188 2140
9189 2140
9190 2195
9191 2142
9192 2140
9193 2151
9194 2189
9195 2192
9196 2139
9197 2151
9198 2203
9199 2076
9200 2028
9201 1976
9202 2103
9203 2140
9204 2140
9205 2142
9206 2140
9207 2192
9208 2206
9209 2245
9210 2205
9211 2188
9212 2142
9213 2031
9214 2078
9215 1976
9216 2103
9217 2140
9218 2140
9219 2142
9220 2140
9221 2140
9222 2140
9223 2192
9224 2191
9225 2140
9226 2141
9227 2030
9228 2078
9229 1976
9230 2103
9231 2140
9232 2139
9233 2142
9234 2140
9235 2140
9236 2140
9237 2140
9238 2150
9239 2188
9240 2140
9241 2140
9242 2140
9243 2141
9244 2011
9245 1975
9246 1975
9247 1977
9248 2102
9249 2140
9250 2193
9251 2140
9252 2140
9253 2140
9254 2142
9255 2192
9256 2195
9257 2140
9258 2139
9259 2140
9260 2140
9261 2142
9262 2207
9263 2256
9264 2202
9265 2118
9266 2039
9267 1975
9268 2029
9269 2161
9270 2189
9271 2152
9272 2188
9273 2140
9274 2139
9275 2142
9276 2140
9277 2140
9278 2141
9279 2192
9280 2140
9281 2140
9282 2142
9283 2206
9284 2202
9285 2188
9286 2192
9287 2150
9288 2244
9289 2197
9290 2084
9291 1978
9292 2024
9293 2102
9294 2139
9295 2140
9296 2142
9297 2206
9298 2188
9299 2140
9300 2140
9301 2195
9302 2151
9303 2259
9304 2134
9305 2028
9306 1976
9307 2103
9308 2139
9309 2140
9310 2142
9311 2140
9312 2140
9313 2140
9314 2151
9315 2201
9316 2195
9317 2141
9318 2025
9319 1978
9320 2076
9321 2103
9322 2140
9323 2140
9324 2142
9325 2140
9326 2140
9327 2140
9328 2140
9329 2140
9330 2140
9331 2142
9332 2206
9333 2202
9334 2256
9335 2188
9336 2195
9337 2140
9338 2142
9339 2026
9340 1976
9341 1975
9342 2104
9343 2139
9344 2140
9345 2142
9346 2140
9347 2140
9348 2140
9349 2205
9350 2202
9351 2140
9352 2142
9353 2026
9354 1978
9355 2078
9356 2111
9357 2239
9358 2139
9359 2153
9360 2188
9361 2140
9362 2140
9363 2140
9364 2139
9365 2140
9366 2142
9367 2140
9368 2139
9369 2140
9370 2140
9371 2140
9372 2140
9373 2142
9374 2140
9375 2140
9376 2140
9377 2140
9378 2140
9379 2140
9380 2153
9381 2203
9382 2151
9383 2188
9384 2140
9385 2139
9386 2140
9387 2142
9388 2140
9389 2140
9390 2140
9391 2140
9392 2205
9393 2202
9394 2189
9395 2089
9396 2038
9397 1976
9398 2103
9399 2139
9400 2140
9401 2208
9402 2257
9403 2202
9404 2206
9405 2010
9406 1975
9407 1975
9408 1977
9409 2153
9410 2140
9411 2152
9412 2188
9413 2139
9414 2140
9415 2142
9416 2140
9417 2140
9418 2140
9419 2141
9420 2151
9421 2240
9422 2142
9423 2027
9424 1976
9425 2033
9426 2220
9427 2188
9428 2192
9429 2142
9430 2026
9431 1976
9432 1976
9433 2154
9434 2140
9435 2140
9436 2142
9437 2141
9438 2151
9439 2206
9440 2152
9441 2202
9442 2151
9443 2259
9444 2088
9445 2038
9446 1976
9447 2104
9448 2140
9449 2140
9450 2142
9451 2152
9452 2206
9453 2206
9454 2206
9455 2206
9456 2206
9457 2142
9458 2026
9459 1976
9460 1976
9461 2104
9462 2196
9463 2206
9464 2204
9465 2192
9466 2139
9467 2141
9468 2140
9469 2140
9470 2140
9471 2142
9472 2152
9473 2202
9474 2140
9475 2141
9476 2140
9477 2140
9478 2208
9479 2202
9480 2140
9481 2140
9482 2192
9483 2206
9484 2206
9485 2142
9486 2028
9487 1976
9488 1976
9489 2103
9490 2140
9491 2140
9492 2142
9493 2140
9494 2195
9495 2140
9496 2141
9497 2192
9498 2141
9499 2142
9500 2086
9501 2077
9502 1975
9503 2101
9504 2197
9505 2140
9506 2142
9507 2141
9508 2151
9509 2257
9510 2207
9511 2151
9512 2206
9513 2142
9514 2026
9515 1976
9516 1976
9517 2104
9518 2140
9519 2140
9520 2142
9521 2140
9522 2140
9523 2140
9524 2140
9525 2139
9526 2140
9527 2142
9528 2140
9529 2140
9530 2140
9531 2140
9532 2140
9533 2140
9534 2142
9535 2140
9536 2140
9537 2140
9538 2140
9539 2139
9540 2140
9541 2142
9542 2151
9543 2213
9544 2201
9545 2153
9546 2259
9547 2258
9548 2207
9549 2031
9550 2030
9551 2038
9552 2096
9553 2141
9554 2140
9555 2141
9556 2141
9557 2139
9558 2140
9559 2141
9560 2139
9561 2140
9562 2142
9563 2140
9564 2195
9565 2140
9566 2140
9567 2139
9568 2140
9569 2198
9570 2152
9571 2202
9572 2202
9573 2240
9574 2150
9575 2202
9576 2190
9577 2032
9578 2031
9579 1986
9580 2102
9581 2141
9582 2141
9583 2141
9584 2140
9585 2140
9586 2139
9587 2141
9588 2140
9589 2140
9590 2141
9591 2141
9592 2151
9593 2188
9594 2144
9595 2145
9596 2216
9597 2245
9598 2034
9599 1976
9600 1976
9601 2112
9602 2188
9603 2140
9604 2142
9605 2192
9606 2151
9607 2202
9608 2188
9609 2139
9610 2140
9611 2142
9612 2025
9613 1976
9614 1976
9615 2103
9616 2195
9617 2206
9618 2208
9619 2140
9620 2140
9621 2140
9622 2140
9623 2151
9624 2244
9625 2142
9626 2026
9627 1982
9628 1984
9629 2105
9630 2153
9631 2207
9632 2153
9633 2257
9634 2206
9635 2140
9636 2027
9637 1976
9638 1975
9639 1976
9640 2102
9641 2152
9642 2188
9643 2193
9644 2151
9645 2240
9646 2141
9647 2025
9648 1976
9649 1976
9650 2103
9651 2140
9652 2140
9653 2208
9654 2240
9655 2140
9656 2140
9657 2010
9658 1975
9659 1977
9660 2041
9661 2096
9662 2141
9663 2140
9664 2141
9665 2139
9666 2139
9667 2154
9668 2240
9669 2140
9670 2140
9671 2151
9672 2201
9673 2139
9674 2142
9675 2027
9676 2029
9677 1976
9678 2112
9679 2244
9680 2151
9681 2204
9682 2257
9683 2188
9684 2140
9685 2080
9686 1975
9687 1975
9688 1977
9689 2156
9690 2141
9691 2141
9692 2140
9693 2139
9694 2140
9695 2142
9696 2140
9697 2140
9698 2193
9699 2140
9700 2139
9701 2140
9702 2142
9703 2140
9704 2140
9705 2151
9706 2188
9707 2139
9708 2140
9709 2194
9710 2030
9711 1978
9712 2083
9713 2219
9714 2188
9715 2140
9716 2142
9717 2026
9718 1976
9719 1976
9720 2103
9721 2140
9722 2140
9723 2142
9724 2140
9725 2140
9726 2140
9727 2192
9728 2140
9729 2140
9730 2198
9731 2192
9732 2140
9733 2140
9734 2192
9735 2195
9736 2139
9737 2142
9738 2026
9739 1978
9740 2024
9741 2102
9742 2140
9743 2140
9744 2140
9745 2140
9746 2140
9747 2140
9748 2011
9749 1975
9750 1975
9751 1980
9752 2110
9753 2245
9754 2141
9755 2140
9756 2140
9757 2140
9758 2142
9759 2141
9760 2206
9761 2241
9762 2141
9763 2140
9764 2151
9765 2204
9766 2031
9767 2028
9768 2028
9769 2155
9770 2139
9771 2206
9772 2259
9773 2245
9774 2192
9775 2141
9776 2012
9777 1975
9778 1976
9779 1977
9780 2102
9781 2141
9782 2141
9783 2151
9784 2206
9785 2140
9786 2142
9787 2031
9788 2024
9789 1976
9790 2171
9791 2151
9792 2202
9793 2142
9794 2140
9795 2140
9796 2141
9797 2152
9798 2202
9799 2206
9800 2246
9801 2034
9802 2033
9803 2083
9804 2167
9805 2206
9806 2244
9807 2153
9808 2088
9809 1976
9810 1976
9811 2104
9812 2192
9813 2195
9814 2142
9815 2192
9816 2140
9817 2141
9818 2141
9819 2140
9820 2152
9821 2207
9822 2196
9823 2192
9824 2192
9825 2011
9826 1975
9827 2029
9828 1977
9829 2111
9830 2257
9831 2203
9832 2241
9833 2195
9834 2206
9835 2208
9836 2032
9837 1976
9838 1976
9839 2103
9840 2139
9841 2140
9842 2142
9843 2206
9844 2202
9845 2207
9846 2203
9847 2140
9848 2140
9849 2142
9850 2085
9851 2024
9852 2030
9853 2156
9854 2151
9855 2188
9856 2142
9857 2140
9858 2140
9859 2142
9860 2141
9861 2140
9862 2140
9863 2153
9864 2206
9865 2140
9866 2140
9867 2140
9868 2140
9869 2140
9870 2142
9871 2140
9872 2140
9873 2152
9874 2188
9875 2140
9876 2140
9877 2153
9878 2202
9879 2151
9880 2189
9881 2192
9882 2139
9883 2192
9884 2142
9885 2085
9886 2084
9887 2029
9888 2116
9889 2140
9890 2140
9891 2142
9892 2152
9893 2188
9894 2140
9895 2140
9896 2139
9897 2140
9898 2142
9899 2196
9900 2192
9901 2192
9902 2152
9903 2188
9904 2141
9905 2142
9906 2026
9907 1976
9908 1977
9909 2206
9910 2141
9911 2151
9912 2259
9913 2207
9914 2140
9915 2141
9916 2071
9917 2075
9918 1976
9919 1978
9920 2103
9921 2141
9922 2141
9923 2141
9924 2195
9925 2152
9926 2242
9927 2039
9928 2084
9929 2040
9930 2103
9931 2206
9932 2244
9933 2143
9934 2141
9935 2188
9936 2141
9937 2192
9938 2140
9939 2140
9940 2142
9941 2141
9942 2140
9943 2207
9944 2188
9945 2140
9946 2140
9947 2142
9948 2086
9949 2025
9950 1978
9951 2210
9952 2140
9953 2192
9954 2142
9955 2142
9956 2140
9957 2141
9958 2141
9959 2195
9960 2140
9961 2142
9962 2141
9963 2141
9964 2141
9965 2206
9966 2244
9967 2140
9968 2142
9969 2026
9970 2028
9971 2029
9972 2103
9973 2140
9974 2140
9975 2198
9976 2141
9977 2140
9978 2141
9979 2141
9980 2140
9981 2207
9982 2204
9983 2084
9984 2038
9985 1976
9986 2104
9987 2140
9988 2140
9989 2198
9990 2141
9991 2192
9992 2196
9993 2152
9994 2244
9995 2152
9996 2242
9997 2039
9998 2040
9999 1976
# sum: 2133
# min: 1830
# max: 2940
# err cnt: 3
