1315 1
1316 2
1317 3
1318 4
1320 8
1323 9
1324 15
1325 23
1326 27
1327 33
1328 36
1329 44
1330 55
1331 68
1332 80
1333 88
1334 104
1335 120
1336 137
1337 156
1338 177
1339 205
1340 229
1341 259
1342 282
1343 308
1344 343
1345 361
1346 391
1347 421
1348 461
1349 489
1350 529
1351 577
1352 608
1353 644
1354 684
1355 719
1356 748
1357 773
1358 809
1359 839
1360 868
1361 893
1362 920
1363 939
1364 959
1365 985
1366 1005
1367 1028
1368 1048
1369 1071
1370 1089
1371 1104
1372 1122
1373 1131
1374 1146
1375 1159
1376 1173
1377 1178
1378 1185
1379 1188
1380 1197
1381 1203
1382 1209
1383 1214
1384 1219
1385 1221
1387 1225
1388 1233
1389 1239
1390 1247
1391 1257
1392 1269
1393 1280
1394 1286
1395 1298
1396 1318
1397 1340
1398 1368
1399 1397
1400 1427
1401 1454
1402 1494
1403 1526
1404 1569
1405 1616
1406 1672
1407 1720
1408 1767
1409 1829
1410 1891
1411 1967
1412 2038
1413 2104
1414 2175
1415 2248
1416 2311
1417 2426
1418 2505
1419 2605
1420 2698
1421 2804
1422 2919
1423 3043
1424 3181
1425 3313
1426 3453
1427 3574
1428 3715
1429 3831
1430 3969
1431 4081
1432 4221
1433 4338
1434 4473
1435 4592
1436 4680
1437 4787
1438 4896
1439 4992
1440 5080
1441 5173
1442 5259
1443 5349
1444 5422
1445 5484
1446 5539
1447 5604
1448 5650
1449 5705
1450 5752
1451 5801
1452 5844
1453 5873
1454 5905
1455 5944
1456 5972
1457 5997
1458 6015
1459 6038
1460 6052
1461 6069
1462 6081
1463 6088
1464 6096
1465 6106
1466 6112
1467 6114
1468 6119
1469 6127
1470 6134
1471 6138
1472 6145
1473 6154
1474 6159
1475 6166
1476 6173
1477 6182
1478 6188
1479 6196
1480 6209
1481 6229
1482 6234
1483 6247
1484 6263
1485 6281
1486 6294
1487 6310
1488 6327
1489 6357
1490 6385
1491 6411
1492 6446
1493 6490
1494 6531
1495 6574
1496 6622
1497 6667
1498 6729
1499 6791
1500 6867
1501 6936
1502 7015
1503 7089
1504 7158
1505 7226
1506 7328
1507 7408
1508 7501
1509 7592
1510 7692
1511 7787
1512 7869
1513 7970
1514 8067
1515 8184
1516 8284
1517 8388
1518 8496
1519 8578
1520 8666
1521 8745
1522 8826
1523 8904
1524 8989
1525 9062
1526 9131
1527 9195
1528 9254
1529 9307
1530 9353
1531 9409
1532 9448
1533 9503
1534 9535
1535 9569
1536 9605
1537 9637
1538 9671
1539 9700
1540 9720
1541 9746
1542 9770
1543 9792
1544 9810
1545 9831
1546 9846
1547 9867
1548 9881
1549 9890
1550 9897
1551 9905
1552 9912
1553 9915
1554 9920
1555 9923
1556 9926
1557 9929
1558 9932
1559 9933
1560 9934
1561 9936
1562 9938
1563 9941
1566 9943
1567 9945
1568 9947
1569 9948
1571 9949
1572 9951
1573 9952
1574 9955
1575 9956
1576 9957
1578 9959
1581 9960
1582 9961
1583 9963
1585 9964
1588 9965
1591 9967
1594 9968
1596 9969
1599 9971
1607 9972
1608 9973
1611 9974
1612 9975
1616 9976
1617 9977
1619 9980
1620 9981
1624 9983
1630 9984
1639 9985
1656 9986
1659 9987
1690 9988
1695 9989
1700 9990
1714 9991
1775 9992
1804 9993
1814 9994
1843 9995
1950 9996
2025 9997
2298 9998
2620 9999
2716 10000
