3651 1
3655 1
3657 1
3658 1
3661 2
3662 2
3663 4
3664 9
3665 7
3666 15
3667 17
3668 18
3669 35
3670 35
3671 47
3672 55
3673 35
3674 32
3675 45
3676 49
3677 57
3678 73
3679 53
3680 57
3681 64
3682 82
3683 83
3684 95
3685 93
3686 82
3687 118
3688 97
3689 101
3690 131
3691 147
3692 156
3693 137
3694 144
3695 168
3696 177
3697 175
3698 180
3699 183
3700 200
3701 204
3702 206
3703 184
3704 186
3705 173
3706 187
3707 209
3708 187
3709 200
3710 205
3711 204
3712 193
3713 186
3714 211
3715 194
3716 181
3717 186
3718 189
3719 187
3720 180
3721 158
3722 174
3723 167
3724 170
3725 137
3726 158
3727 145
3728 116
3729 124
3730 138
3731 104
3732 112
3733 111
3734 93
3735 94
3736 65
3737 71
3738 73
3739 59
3740 50
3741 42
3742 51
3743 36
3744 26
3745 34
3746 23
3747 17
3748 24
3749 18
3750 20
3751 17
3752 16
3753 14
3754 9
3755 13
3756 9
3757 17
3758 8
3759 6
3760 8
3761 12
3762 3
3763 4
3764 6
3765 5
3766 4
3767 9
3768 5
3769 6
3770 7
3771 2
3772 7
3773 5
3774 2
3775 1
3776 1
3777 4
3778 1
3779 2
3780 2
3781 2
3782 1
3783 4
3784 2
3785 1
3788 2
3789 1
3790 1
3791 3
3793 1
3796 1
3797 1
3798 3
3803 1
3805 1
3809 1
3811 1
3814 1
3815 1
3816 1
3817 1
3818 1
3820 1
3823 1
3824 1
3825 1
3828 1
3829 2
3834 2
3836 1
3841 1
3843 1
3847 3
3848 1
3850 1
3852 1
3855 1
3857 1
3858 1
3870 1
3871 2
3878 1
3882 1
3894 2
3896 1
3897 1
3900 1
3903 1
3908 1
3909 1
3912 1
3914 1
3936 1
