5592 1
5595 2
5596 7
5597 6
5598 12
5599 26
5600 28
5601 49
5602 76
5603 93
5604 92
5605 137
5606 217
5607 302
5608 330
5609 369
5610 436
5611 452
5612 549
5613 524
5614 522
5615 574
5616 494
5617 512
5618 507
5619 449
5620 372
5621 309
5622 324
5623 218
5624 190
5625 154
5626 118
5627 115
5628 88
5629 79
5630 75
5631 62
5632 47
5633 38
5634 35
5635 35
5636 29
5637 25
5638 25
5639 17
5640 12
5641 11
5642 18
5643 13
5644 15
5645 10
5646 9
5647 9
5648 6
5649 14
5650 13
5651 7
5652 7
5653 10
5654 5
5655 2
5656 9
5657 6
5658 3
5659 7
5660 6
5661 5
5662 6
5663 2
5664 2
5665 7
5666 1
5667 1
5668 7
5669 6
5670 1
5671 4
5672 5
5673 5
5674 3
5675 6
5676 1
5677 5
5678 4
5679 3
5680 4
5681 3
5682 1
5683 3
5684 2
5685 8
5686 8
5688 3
5689 2
5690 2
5691 5
5692 5
5693 1
5694 6
5695 3
5696 2
5697 5
5698 2
5699 3
5700 2
5701 1
5702 2
5703 4
5704 2
5705 6
5706 5
5707 5
5708 5
5709 9
5710 3
5711 4
5712 8
5713 6
5714 4
5715 9
5716 8
5717 13
5718 6
5719 5
5720 6
5721 9
5722 6
5723 7
5724 3
5725 5
5726 1
5727 8
5728 7
5729 3
5730 4
5732 1
5733 2
5734 4
5735 2
5736 5
5737 4
5739 2
5740 1
5741 2
5742 1
5743 4
5744 1
5746 2
5747 1
5749 2
5750 1
5751 2
5752 2
5753 1
5754 1
5755 1
5757 2
5761 1
5763 1
5764 2
5767 2
5768 1
5770 2
5775 2
5776 2
5777 1
5778 1
5782 2
5785 2
5786 1
5787 2
5788 2
5789 2
5790 1
5791 1
5793 1
5794 2
5796 1
5797 2
5798 2
5799 2
5800 1
5801 1
5802 1
5803 2
5804 4
5806 1
5807 2
5808 3
5809 1
5810 3
5811 4
5813 2
5814 1
5815 3
5816 1
5817 1
5819 2
5820 6
5821 1
5822 2
5823 6
5824 4
5825 1
5826 4
5827 6
5828 6
5830 5
5831 2
5832 3
5833 5
5834 4
5835 6
5836 6
5837 6
5838 5
5839 4
5840 1
5841 9
5843 6
5844 1
5845 4
5846 4
5847 4
5848 6
5849 1
5850 1
5851 9
5853 4
5855 2
5856 3
5857 4
5858 2
5859 5
5860 3
5861 2
5862 2
5863 3
5864 5
5865 5
5866 3
5867 1
5868 2
5869 1
5870 4
5871 1
5872 1
5873 2
5876 1
5877 1
5878 2
5879 4
5880 2
5881 1
5884 1
5887 1
5888 3
5890 2
5893 1
5896 1
5897 2
5899 1
5900 1
5904 1
5906 3
5908 1
5909 1
5910 1
5911 1
5914 1
5915 1
5919 1
5921 3
5923 1
5925 1
5927 1
5931 1
5933 1
5936 2
5937 1
5946 1
5950 1
5952 1
5954 1
5966 1
5967 2
5979 1
5982 2
5992 1
6000 1
6005 1
6015 1
6016 1
6024 2
6025 1
6026 1
6034 2
6037 1
6047 1
6048 1
6050 1
6055 1
6056 1
6077 1
6080 1
6089 1
6118 1
6127 1
6201 1
6328 1
6852 1
