0 3090
1 2562
2 2010
3 2460
4 2222
5 2224
6 2216
7 1982
8 2217
9 2291
10 2544
11 1969
12 2212
13 2221
14 2218
15 2238
16 2220
17 2220
18 2220
19 2219
20 2220
21 2220
22 2222
23 2223
24 2221
25 2220
26 2222
27 2219
28 2220
29 2219
30 2220
31 2214
32 2240
33 2209
34 2220
35 2218
36 2217
37 2220
38 2221
39 2209
40 2221
41 2215
42 2216
43 2220
44 2226
45 2220
46 2216
47 2221
48 2213
49 2221
50 2223
51 2219
52 2213
53 2220
54 2220
55 2220
56 2224
57 2220
58 2222
59 2226
60 2219
61 2220
62 2213
63 2221
64 2214
65 2221
66 2243
67 2215
68 2210
69 2223
70 2237
71 2216
72 2226
73 2220
74 2222
75 2223
76 2216
77 2219
78 2218
79 2224
80 2238
81 2216
82 2222
83 2217
84 2220
85 2215
86 2223
87 2213
88 2225
89 2214
90 2224
91 2222
92 2218
93 2243
94 2223
95 2214
96 2256
97 2223
98 2215
99 2226
100 2240
101 2221
102 2242
103 2214
104 2221
105 2217
106 2220
107 2239
108 2223
109 2216
110 2220
111 2219
112 2216
113 2220
114 2215
115 2218
116 2222
117 2225
118 2224
119 2220
120 2222
121 2225
122 2244
123 2220
124 2219
125 2219
126 2220
127 2249
128 2212
129 2219
130 2220
131 2220
132 2220
133 2220
134 2220
135 2213
136 2219
137 2216
138 2212
139 2216
140 2216
141 2211
142 2219
143 2211
144 2222
145 2216
146 2221
147 2220
148 2221
149 2219
150 2224
151 2215
152 2216
153 2223
154 2218
155 2222
156 2222
157 2221
158 2218
159 2215
160 2223
161 2217
162 2218
163 2211
164 2221
165 2221
166 2242
167 2222
168 2243
169 2220
170 2238
171 2224
172 2222
173 2224
174 2218
175 2239
176 1978
177 2223
178 2294
179 2461
180 2223
181 1779
182 2458
183 2219
184 2210
185 2220
186 2223
187 2251
188 2216
189 2221
190 2223
191 2221
192 2214
193 2212
194 2220
195 2220
196 2215
197 2220
198 2214
199 2222
200 2214
201 2222
202 1966
203 2217
204 2239
205 2221
206 2226
207 2218
208 2219
209 2217
210 2216
211 2239
212 2221
213 2221
214 2225
215 2221
216 2216
217 2222
218 2221
219 2225
220 2242
221 2219
222 2219
223 2220
224 2214
225 2221
226 2220
227 2220
228 2226
229 2242
230 2223
231 2220
232 2220
233 2224
234 2220
235 2209
236 2216
237 2219
238 2219
239 2223
240 2216
241 2212
242 2218
243 2221
244 2220
245 2238
246 2218
247 2217
248 2219
249 2219
250 2221
251 2219
252 2243
253 2218
254 2221
255 2221
256 2216
257 2221
258 2244
259 2247
260 2219
261 2221
262 2240
263 2217
264 2222
265 2246
266 2217
267 2221
268 2221
269 2222
270 2219
271 2243
272 2214
273 2219
274 2219
275 2243
276 2213
277 2221
278 2226
279 2220
280 2218
281 2218
282 2222
283 2220
284 2219
285 2219
286 2220
287 2240
288 2219
289 2240
290 2221
291 2219
292 2258
293 2213
294 2219
295 2222
296 2215
297 2220
298 2223
299 2212
300 2221
301 2244
302 2224
303 2220
304 2217
305 2221
306 2222
307 2222
308 2210
309 2215
310 2221
311 2217
312 2225
313 2213
314 2220
315 2216
316 2220
317 2219
318 2238
319 2222
320 2211
321 2220
322 2211
323 2221
324 2220
325 2220
326 2214
327 2210
328 2221
329 2215
330 2213
331 2216
332 2214
333 2218
334 2223
335 2219
336 2218
337 2219
338 2214
339 2219
340 2220
341 2215
342 2221
343 2219
344 2210
345 2219
346 2220
347 2222
348 2219
349 2222
350 2219
351 2211
352 2222
353 2220
354 2216
355 2241
356 2218
357 2220
358 2223
359 2219
360 2220
361 2223
362 2221
363 2248
364 2223
365 2219
366 2247
367 2215
368 2209
369 2218
370 2221
371 2220
372 2219
373 2213
374 2239
375 2213
376 2219
377 2209
378 2218
379 2217
380 1979
381 2223
382 2292
383 2460
384 2220
385 2220
386 2239
387 2213
388 2222
389 2220
390 2222
391 2219
392 2220
393 2215
394 2212
395 2219
396 2220
397 2221
398 2218
399 2209
400 2219
401 2376
402 2253
403 2224
404 2223
405 1977
406 2245
407 2215
408 2215
409 2213
410 2243
411 2218
412 2221
413 2221
414 2219
415 2219
416 2220
417 2239
418 2211
419 2252
420 2220
421 2217
422 2221
423 2224
424 2218
425 2243
426 2220
427 2219
428 2223
429 2221
430 2221
431 2221
432 2221
433 2221
434 2220
435 2220
436 2222
437 2211
438 2218
439 2218
440 2242
441 2220
442 2219
443 2223
444 2214
445 2220
446 2218
447 2221
448 2221
449 2217
450 2222
451 2220
452 2221
453 2222
454 2207
455 2221
456 2221
457 2249
458 2220
459 2221
460 2220
461 2215
462 2224
463 2220
464 2222
465 2214
466 2213
467 2214
468 2214
469 2219
470 2219
471 2214
472 2220
473 2224
474 2221
475 2220
476 2225
477 2214
478 2220
479 2247
480 2270
481 1979
482 2226
483 2215
484 2249
485 2220
486 2219
487 2210
488 2221
489 2217
490 2208
491 2224
492 2238
493 2216
494 2220
495 2221
496 2219
497 2221
498 2210
499 2211
500 2221
501 2220
502 2218
503 2223
504 2238
505 2222
506 2241
507 2216
508 2217
509 2223
510 2218
511 2206
512 2214
513 2224
514 2222
515 2218
516 2222
517 2221
518 2221
519 2224
520 2239
521 2220
522 2224
523 2216
524 2239
525 2214
526 2223
527 2219
528 2221
529 2221
530 2224
531 2224
532 2245
533 2219
534 2220
535 2219
536 2248
537 2219
538 2216
539 2239
540 2209
541 2219
542 2213
543 2209
544 2220
545 2217
546 2218
547 2215
548 2218
549 2216
550 2218
551 2213
552 2218
553 2212
554 2220
555 2219
556 2225
557 2220
558 2220
559 2215
560 2211
561 2218
562 2217
563 2220
564 2221
565 2219
566 2216
567 2218
568 1975
569 2221
570 2286
571 2461
572 2220
573 1778
574 2457
575 2218
576 2239
577 2221
578 2211
579 2208
580 2219
581 2220
582 2216
583 2216
584 2219
585 2222
586 2219
587 2223
588 2220
589 2226
590 2220
591 1976
592 2255
593 2208
594 2245
595 2226
596 2239
597 2216
598 2217
599 2219
600 2221
601 2219
602 2217
603 2221
604 2248
605 2240
606 2221
607 2220
608 2215
609 2249
610 2220
611 2220
612 2224
613 2224
614 2220
615 2220
616 2221
617 2219
618 2222
619 2220
620 2210
621 2219
622 2242
623 2220
624 2222
625 2220
626 2225
627 2219
628 2224
629 2226
630 2220
631 2249
632 2216
633 2223
634 2222
635 2220
636 2221
637 2220
638 2215
639 2219
640 2218
641 2215
642 2248
643 2224
644 2220
645 2221
646 2220
647 2208
648 2217
649 2225
650 2207
651 2220
652 2220
653 2215
654 2214
655 2215
656 2211
657 2246
658 2221
659 2218
660 2224
661 2220
662 2216
663 2218
664 2238
665 2221
666 2218
667 2239
668 2242
669 2213
670 2222
671 2214
672 2215
673 2219
674 2220
675 2220
676 2220
677 2219
678 2219
679 2213
680 2220
681 2220
682 2219
683 2222
684 2218
685 2222
686 2221
687 2221
688 2248
689 2217
690 2226
691 2221
692 2257
693 2221
694 2223
695 2221
696 2222
697 2224
698 2223
699 2220
700 2219
701 2214
702 2219
703 2223
704 2220
705 2221
706 2215
707 2219
708 2239
709 2211
710 2219
711 2223
712 2239
713 2213
714 2239
715 2219
716 2218
717 2223
718 2221
719 2224
720 2220
721 2219
722 2220
723 2220
724 2216
725 2217
726 2217
727 2221
728 2218
729 2218
730 2207
731 2222
732 2220
733 2223
734 2021
735 2546
736 2032
737 2536
738 2028
739 2536
740 1971
741 2213
742 2239
743 2220
744 2214
745 2220
746 2220
747 2223
748 2219
749 2212
750 2242
751 2220
752 2220
753 2220
754 2223
755 2214
756 2213
757 2218
758 2238
759 2212
760 2220
761 2216
762 2219
763 2221
764 2216
765 2219
766 2221
767 2218
768 2220
769 2217
770 2220
771 2216
772 2215
773 2221
774 2209
775 2240
776 2223
777 2215
778 2215
779 2222
780 2210
781 2217
782 2221
783 2215
784 2209
785 2226
786 2218
787 2221
788 2240
789 2206
790 2222
791 2221
792 2210
793 2212
794 2215
795 2225
796 2221
797 2219
798 2221
799 2220
800 2211
801 2220
802 2205
803 2214
804 2220
805 2222
806 2214
807 2211
808 2240
809 2213
810 2220
811 2219
812 2221
813 2215
814 2218
815 2247
816 2217
817 2209
818 2220
819 2223
820 2220
821 2222
822 2217
823 2219
824 2221
825 2220
826 2220
827 2238
828 2249
829 2219
830 2242
831 2223
832 2241
833 2220
834 2241
835 2215
836 2217
837 2220
838 2238
839 2221
840 2219
841 2219
842 2212
843 2223
844 2220
845 2214
846 2222
847 2220
848 2215
849 2220
850 2219
851 2222
852 2219
853 2220
854 2220
855 2221
856 2248
857 2219
858 2243
859 2225
860 2219
861 2224
862 2217
863 2220
864 2222
865 2223
866 2218
867 2223
868 2219
869 2224
870 2221
871 2225
872 2239
873 2220
874 2222
875 2219
876 2211
877 2224
878 2238
879 2219
880 2218
881 2219
882 2223
883 2222
884 2240
885 2219
886 2222
887 2220
888 2224
889 2220
890 2239
891 2219
892 2209
893 2221
894 2225
895 2238
896 2220
897 2222
898 2213
899 2222
900 2222
901 2328
902 2250
903 2216
904 2213
905 2220
906 2217
907 2221
908 2218
909 2223
910 2218
911 2215
912 2219
913 2220
914 2241
915 2245
916 2220
917 2223
918 2031
919 2542
920 2029
921 2451
922 2220
923 2222
924 2220
925 2219
926 2212
927 2239
928 2216
929 2218
930 2219
931 2239
932 2218
933 2219
934 2224
935 2211
936 2220
937 2220
938 2220
939 2221
940 2222
941 1975
942 2223
943 2251
944 2215
945 2220
946 2220
947 2219
948 2212
949 2222
950 2222
951 2238
952 2219
953 2218
954 2210
955 2223
956 2221
957 2217
958 2226
959 2217
960 2220
961 2220
962 2220
963 2221
964 2210
965 2223
966 2247
967 2242
968 2220
969 2220
970 2221
971 2219
972 2220
973 2212
974 2221
975 2213
976 2222
977 2222
978 2220
979 2224
980 2208
981 2221
982 2216
983 2221
984 2209
985 2226
986 2217
987 2220
988 2225
989 2223
990 2219
991 2222
992 2241
993 2223
994 2220
995 2221
996 2220
997 2221
998 2211
999 2220
# sum: 2222
# min: 1778
# max: 3090
# err cnt: 0
