1542 1
1783 2
1785 3
1792 4
1974 5
1975 6
1978 7
1979 8
1984 9
1985 10
1988 11
1994 12
2012 13
2028 14
2204 15
2206 18
2207 20
2208 21
2209 26
2210 34
2211 45
2212 57
2213 71
2214 80
2215 97
2216 132
2217 206
2218 328
2219 524
2220 656
2221 721
2222 759
2223 789
2224 810
2225 841
2226 867
2227 887
2228 900
2229 907
2230 923
2231 935
2232 949
2233 959
2234 966
2235 970
2236 975
2237 978
2238 980
2240 981
2241 982
2242 984
2243 985
2246 987
2249 988
2250 989
2276 990
2353 992
2369 993
2513 994
2522 995
2533 996
2534 997
2540 998
2997 999
3075 1000
