3651 1
3652 2
3821 3
4217 6
4303 7
4564 8
4568 13
4569 14
4571 15
4737 16
4780 17
4781 18
4786 19
4976 24
4977 26
4978 96
4979 181
4980 191
4981 199
4982 283
4983 393
4984 444
4985 450
4986 454
4987 455
4988 456
4989 458
4990 462
4991 463
4993 464
5027 465
5028 469
5029 471
5031 472
5032 488
5033 501
5034 504
5035 505
5036 506
5061 507
5063 510
5064 512
5066 515
5067 519
5068 523
5069 527
5070 529
5071 530
5072 531
5121 535
5122 542
5123 549
5125 559
5126 572
5127 580
5128 581
5129 583
5130 592
5131 595
5134 596
5148 597
5154 604
5156 605
5157 606
5158 610
5159 615
5161 616
5162 620
5163 625
5164 630
5175 631
5177 633
5182 636
5183 640
5186 643
5187 646
5188 649
5189 650
5210 652
5211 661
5212 667
5213 671
5214 677
5215 686
5216 697
5217 709
5218 717
5219 719
5220 720
5221 729
5222 732
5223 734
5447 735
5473 736
5474 748
5475 754
5476 764
5477 813
5478 823
5479 826
5480 827
5481 862
5482 901
5483 908
5485 909
5486 910
5487 911
5489 912
5496 913
5508 914
5519 915
5546 917
5550 920
5552 921
5555 927
5556 929
5557 930
5559 931
5562 934
5564 935
5599 936
5608 937
5638 940
5640 941
5643 950
5645 951
5647 952
5648 955
5649 956
5651 957
5653 958
5654 959
5662 961
5663 963
5680 964
5686 965
5687 966
5695 969
5696 970
5729 971
5731 972
5732 974
5733 976
5735 977
5740 981
5742 983
5743 984
5746 985
5762 987
5764 988
6082 989
6094 991
6100 992
6101 994
6110 995
6190 996
6272 997
6382 998
6472 999
9552 1000
