1412 1
1433 2
1437 3
1454 4
1459 5
1463 6
1476 7
1483 8
1489 9
1498 10
1503 11
1506 13
1507 14
1508 15
1516 16
1517 17
1518 18
1520 19
1521 20
1526 21
1529 22
1535 23
1536 24
1546 25
1547 26
1550 27
1551 28
1555 29
1560 30
1561 33
1562 34
1567 35
1569 36
1589 37
1596 38
1601 39
1603 40
1605 41
1612 42
1615 43
1639 44
1647 45
1648 46
1651 47
1652 49
1653 50
1655 51
1660 52
1662 54
1663 55
1667 56
1678 57
1680 58
1681 60
1682 61
1683 62
1685 63
1686 64
1687 65
1688 66
1690 67
1691 68
1701 70
1705 71
1714 73
1716 74
1717 75
1721 76
1723 78
1729 80
1730 81
1733 82
1734 83
1735 84
1736 85
1738 86
1740 87
1742 90
1744 91
1745 92
1752 93
1754 95
1755 96
1756 98
1758 99
1759 100
1762 101
1763 102
1767 103
1768 104
1769 105
1770 106
1775 108
1780 110
1785 111
1786 112
1789 114
1790 115
1791 116
1794 117
1797 118
1806 119
1814 120
1819 121
1822 122
1953 123
1992 124
1994 126
2016 127
2019 128
2028 129
2030 130
2031 131
2037 133
2044 134
2051 135
2052 136
2053 138
2054 140
2055 143
2056 145
2057 148
2059 149
2060 151
2061 154
2063 156
2064 158
2065 160
2066 163
2067 164
2068 167
2069 169
2070 170
2071 172
2072 175
2073 177
2074 180
2075 181
2076 182
2077 188
2078 195
2079 197
2080 203
2081 208
2082 214
2083 221
2084 226
2085 233
2086 238
2087 240
2088 244
2089 252
2090 256
2091 258
2092 259
2093 266
2094 270
2095 277
2096 281
2109 284
2110 291
2111 299
2112 304
2113 309
2114 319
2115 328
2116 340
2117 355
2118 357
2119 362
2120 375
2121 390
2122 397
2123 408
2124 420
2125 435
2126 448
2127 459
2128 473
2129 498
2130 517
2131 531
2132 544
2133 566
2134 579
2135 597
2136 617
2137 635
2138 648
2139 667
2140 677
2141 686
2142 700
2143 712
2144 727
2145 750
2146 769
2147 777
2148 787
2149 799
2150 825
2151 843
2152 861
2153 875
2154 897
2155 915
2156 931
2157 950
2158 970
2159 986
2160 1003
2161 1020
2162 1045
2163 1070
2164 1101
2165 1124
2166 1139
2167 1158
2168 1175
2169 1194
2170 1217
2171 1248
2172 1271
2173 1294
2174 1318
2175 1345
2176 1371
2177 1395
2178 1418
2179 1439
2180 1460
2181 1488
2182 1505
2183 1530
2184 1559
2185 1581
2186 1599
2187 1628
2188 1657
2189 1682
2190 1701
2191 1724
2192 1757
2193 1781
2194 1806
2195 1823
2196 1847
2197 1881
2198 1900
2199 1924
2200 1948
2201 1978
2202 2001
2203 2023
2204 2060
2205 2087
2206 2123
2207 2143
2208 2166
2209 2185
2210 2209
2211 2227
2212 2258
2213 2281
2214 2298
2215 2317
2216 2340
2217 2373
2218 2402
2219 2424
2220 2448
2221 2474
2222 2501
2223 2526
2224 2552
2225 2576
2226 2595
2227 2623
2228 2649
2229 2664
2230 2682
2231 2714
2232 2744
2233 2768
2234 2794
2235 2817
2236 2842
2237 2865
2238 2890
2239 2913
2240 2937
2241 2961
2242 2977
2243 3001
2244 3022
2245 3050
2246 3074
2247 3105
2248 3132
2249 3163
2250 3189
2251 3216
2252 3243
2253 3264
2254 3286
2255 3310
2256 3340
2257 3363
2258 3390
2259 3408
2260 3437
2261 3462
2262 3489
2263 3508
2264 3527
2265 3553
2266 3573
2267 3599
2268 3628
2269 3664
2270 3691
2271 3712
2272 3733
2273 3765
2274 3795
2275 3817
2276 3840
2277 3864
2278 3883
2279 3913
2280 3935
2281 3963
2282 3995
2283 4019
2284 4048
2285 4067
2286 4094
2287 4123
2288 4155
2289 4185
2290 4209
2291 4240
2292 4269
2293 4293
2294 4309
2295 4341
2296 4368
2297 4392
2298 4420
2299 4452
2300 4475
2301 4496
2302 4529
2303 4552
2304 4572
2305 4594
2306 4621
2307 4650
2308 4674
2309 4702
2310 4731
2311 4751
2312 4783
2313 4813
2314 4848
2315 4882
2316 4919
2317 4948
2318 4974
2319 5000
2320 5030
2321 5046
2322 5073
2323 5106
2324 5137
2325 5165
2326 5188
2327 5217
2328 5249
2329 5272
2330 5293
2331 5317
2332 5341
2333 5369
2334 5404
2335 5431
2336 5453
2337 5469
2338 5493
2339 5515
2340 5547
2341 5575
2342 5600
2343 5629
2344 5656
2345 5674
2346 5697
2347 5712
2348 5745
2349 5777
2350 5802
2351 5835
2352 5864
2353 5889
2354 5916
2355 5946
2356 5966
2357 6006
2358 6030
2359 6059
2360 6090
2361 6118
2362 6154
2363 6187
2364 6220
2365 6249
2366 6280
2367 6299
2368 6324
2369 6358
2370 6379
2371 6408
2372 6439
2373 6469
2374 6502
2375 6539
2376 6570
2377 6598
2378 6622
2379 6648
2380 6681
2381 6710
2382 6745
2383 6770
2384 6798
2385 6828
2386 6864
2387 6884
2388 6916
2389 6949
2390 6977
2391 7002
2392 7034
2393 7063
2394 7100
2395 7136
2396 7161
2397 7187
2398 7221
2399 7259
2400 7292
2401 7317
2402 7345
2403 7370
2404 7391
2405 7423
2406 7451
2407 7479
2408 7516
2409 7541
2410 7573
2411 7606
2412 7638
2413 7672
2414 7694
2415 7719
2416 7752
2417 7783
2418 7813
2419 7840
2420 7878
2421 7916
2422 7946
2423 7983
2424 8010
2425 8047
2426 8076
2427 8113
2428 8139
2429 8171
2430 8200
2431 8222
2432 8256
2433 8293
2434 8321
2435 8355
2436 8388
2437 8420
2438 8453
2439 8485
2440 8519
2441 8550
2442 8581
2443 8610
2444 8644
2445 8677
2446 8699
2447 8730
2448 8766
2449 8784
2450 8813
2451 8840
2452 8865
2453 8894
2454 8926
2455 8958
2456 8981
2457 9018
2458 9040
2459 9073
2460 9104
2461 9123
2462 9145
2463 9170
2464 9195
2465 9219
2466 9245
2467 9267
2468 9298
2469 9320
2470 9336
2471 9358
2472 9378
2473 9404
2474 9426
2475 9442
2476 9462
2477 9479
2478 9497
2479 9518
2480 9535
2481 9549
2482 9574
2483 9587
2484 9611
2485 9624
2486 9634
2487 9650
2488 9667
2489 9685
2490 9695
2491 9713
2492 9728
2493 9751
2494 9764
2495 9770
2496 9783
2497 9792
2498 9803
2499 9817
2500 9828
2501 9839
2502 9850
2503 9864
2504 9869
2505 9874
2506 9882
2507 9888
2508 9893
2509 9898
2510 9899
2511 9904
2512 9908
2513 9912
2514 9917
2515 9924
2516 9933
2517 9935
2518 9938
2519 9941
2520 9948
2521 9950
2522 9953
2523 9955
2524 9958
2525 9960
2526 9963
2527 9964
2528 9965
2529 9967
2530 9972
2531 9977
2532 9981
2534 9985
2536 9986
2537 9987
2539 9988
2541 9989
2542 9990
2543 9991
2544 9992
2546 9993
2549 9994
2551 9995
2552 9996
2560 9997
2571 9998
2679 9999
2830 10000
