9 5
10 1
13 1
14 1
17 1
18 1
21 1
22 1
23 1
24 3
25 1
32 2
34 1
37 2
39 2
47 1
48 2
49 2
52 3
58 2
59 2
63 1
65 1
68 1
69 1
70 1
71 1
72 1
73 1
74 1
75 1
76 2
77 2
78 1
79 1
80 2
85 3
87 1
88 1
89 1
90 1
98 1
99 1
105 1
107 1
108 1
112 1
113 1
115 2
116 1
117 1
119 1
123 1
125 1
126 1
129 1
131 1
133 1
134 1
138 2
140 1
141 2
145 1
149 1
150 1
154 1
157 1
160 1
163 1
165 1
166 2
173 1
175 1
176 1
178 1
181 1
185 2
186 1
187 3
188 2
189 3
192 1
194 1
195 3
196 2
197 1
198 4
199 2
200 1
201 1
205 1
206 1
207 1
208 2
213 1
214 1
215 1
216 1
217 2
218 2
220 1
221 1
223 2
231 1
232 1
233 28
234 64
235 80
236 271
237 169
238 150
239 209
240 176
241 125
242 44
243 19
244 24
245 173
246 265
247 115
248 43
249 50
250 66
251 51
252 39
253 44
254 52
255 55
256 53
257 54
258 61
259 48
260 31
261 36
262 33
263 32
264 26
265 16
266 15
267 15
268 16
269 11
270 9
271 4
272 4
273 12
274 10
275 7
276 8
277 6
278 5
279 7
280 5
281 9
282 4
283 7
284 2
285 4
286 4
287 9
288 7
289 5
290 7
291 48
292 65
293 53
294 124
295 356
296 126
297 36
298 62
299 65
300 28
301 14
302 53
303 109
304 352
305 2061
306 917
307 109
308 38
309 32
310 28
311 61
312 77
313 229
314 367
315 242
316 128
317 34
318 19
319 12
320 24
321 16
322 11
323 9
324 15
325 13
326 5
327 3
328 12
329 12
330 11
331 8
332 9
333 10
334 6
335 7
336 7
337 10
338 13
339 5
340 11
341 11
342 14
343 10
344 6
345 13
346 8
347 8
348 17
349 11
350 7
351 15
352 8
353 10
354 10
355 13
356 10
357 13
358 9
359 5
360 11
361 8
362 14
363 9
364 6
365 7
366 11
367 11
368 11
369 9
370 5
371 5
372 8
373 13
374 10
375 10
376 6
377 7
378 12
379 4
380 7
381 7
382 3
383 13
384 6
385 9
386 11
387 9
388 9
389 8
390 4
391 10
392 7
393 9
394 4
395 9
396 10
397 6
398 12
399 11
400 6
401 3
402 6
403 8
404 5
405 6
406 3
407 5
408 6
409 6
410 5
411 6
412 5
413 3
414 7
415 3
416 3
417 4
418 3
419 7
420 3
421 8
422 2
423 3
424 6
425 3
426 6
427 6
428 5
429 9
430 5
431 1
432 1
433 6
434 6
435 6
436 1
437 2
438 6
439 5
440 3
441 4
442 1
443 4
444 3
445 3
446 1
447 1
448 1
449 3
450 1
451 2
452 2
453 3
454 3
455 3
456 1
457 4
459 2
460 1
461 2
462 3
463 2
464 1
465 4
466 2
467 1
468 4
469 1
471 1
472 1
473 4
474 2
475 2
477 1
478 1
479 1
481 3
483 1
486 2
489 1
494 1
496 1
497 1
498 1
500 1
502 1
514 1
516 1
517 1
520 3
521 2
528 1
529 1
530 1
535 1
536 1
542 1
543 1
545 1
557 1
561 1
563 2
564 1
567 2
580 1
583 1
585 1
586 1
593 1
597 2
606 1
608 1
609 1
625 1
629 1
632 1
636 1
638 1
641 1
643 1
645 1
646 2
647 1
653 2
667 1
669 1
670 1
671 1
678 1
684 1
685 1
713 1
714 1
742 1
744 1
760 1
763 1
767 1
774 1
779 1
819 1
827 1
842 1
849 1
852 1
853 1
863 1
865 1
880 1
906 1
920 1
954 1
960 1
968 1
992 1
