7 7
8 21
9 23
10 40
11 551
12 1181
13 1749
14 2294
15 2773
16 3444
17 4303
18 5232
19 6039
20 6688
21 7334
22 7758
23 8051
24 8296
25 8509
26 8691
27 8824
28 8957
29 9081
30 9175
31 9239
32 9298
33 9357
34 9413
35 9468
36 9498
37 9535
38 9570
39 9592
40 9623
41 9644
42 9661
43 9682
44 9705
45 9715
46 9727
47 9741
48 9755
49 9764
50 9772
51 9784
52 9788
53 9791
54 9798
55 9801
56 9805
57 9808
58 9810
59 9813
60 9819
61 9824
62 9826
64 9828
65 9829
67 9831
68 9833
69 9834
70 9835
71 9837
72 9838
73 9841
74 9843
75 9844
76 9845
77 9847
79 9848
81 9852
82 9853
83 9854
84 9861
86 9862
87 9864
88 9866
89 9867
90 9870
91 9872
92 9874
93 9875
94 9876
95 9877
96 9879
97 9881
100 9883
102 9885
103 9886
104 9887
105 9888
106 9889
107 9891
108 9892
110 9893
111 9894
113 9895
114 9896
116 9897
119 9899
120 9902
121 9903
123 9905
124 9907
125 9909
127 9911
129 9912
133 9913
134 9914
136 9915
137 9918
138 9919
139 9920
140 9921
142 9922
144 9923
147 9924
148 9925
149 9926
152 9928
154 9929
155 9930
161 9931
163 9932
167 9933
169 9934
170 9936
171 9938
174 9939
176 9940
186 9941
192 9942
193 9943
194 9944
196 9946
197 9947
199 9948
201 9950
202 9951
205 9952
210 9953
219 9954
222 9955
234 9956
235 9957
240 9959
242 9961
245 9962
248 9963
249 9964
250 9965
253 9966
255 9967
262 9968
266 9970
267 9972
270 9973
273 9974
284 9975
285 9976
287 9977
292 9978
295 9980
301 9981
304 9982
312 9983
322 9984
323 9985
335 9986
351 9987
354 9988
364 9990
392 9991
412 9992
415 9993
434 9994
446 9995
460 9996
502 9997
508 9998
529 9999
586 10000
