8 3
9 15
10 22
11 88
12 534
13 583
14 459
15 441
16 906
17 1176
18 1373
19 1074
20 762
21 550
22 319
23 168
24 109
25 112
26 57
27 60
28 59
29 39
30 52
31 47
32 58
33 50
34 52
35 42
36 36
37 39
38 23
39 39
40 32
41 28
42 28
43 21
44 32
45 23
46 13
47 20
48 13
49 15
50 22
51 10
52 19
53 18
54 10
55 15
56 16
57 14
58 11
59 11
60 9
61 6
62 8
63 11
64 10
65 7
66 11
67 9
68 6
69 2
70 9
71 11
72 3
73 6
74 5
75 5
76 3
77 11
78 4
79 7
80 4
81 4
82 1
83 2
84 4
85 2
86 4
87 3
88 2
89 2
90 7
91 4
92 3
93 4
94 4
95 2
96 7
98 2
99 2
101 2
102 1
103 6
105 2
106 2
108 3
109 2
110 1
111 1
115 1
116 2
118 3
119 1
120 1
121 2
124 3
125 1
126 1
128 4
129 1
131 1
132 1
133 2
135 1
136 1
138 2
140 1
141 2
142 1
143 1
144 1
145 1
146 1
147 2
149 1
150 1
154 1
155 1
160 1
167 1
173 2
177 1
180 2
184 1
207 1
324 1
396 1
429 1
435 1
843 1
