1794 1
1812 1
1824 1
1839 1
1840 1
1842 2
1843 3
1844 2
1845 2
1847 1
1849 6
1850 3
1853 5
1854 4
1855 4
1856 5
1857 11
1858 13
1859 22
1860 20
1861 15
1862 28
1863 19
1864 30
1865 32
1866 31
1867 32
1868 35
1869 39
1870 40
1871 38
1872 41
1873 41
1874 42
1875 47
1876 34
1877 39
1878 36
1879 38
1880 36
1881 51
1882 25
1883 25
1884 40
1885 27
1886 32
1887 24
1888 31
1889 28
1890 25
1891 24
1892 22
1893 23
1894 22
1895 16
1896 25
1897 24
1898 19
1899 24
1900 22
1901 15
1902 24
1903 24
1904 21
1905 24
1906 19
1907 14
1908 24
1909 19
1910 19
1911 17
1912 19
1913 23
1914 17
1918 1
1919 1
1921 1
1922 4
1923 5
1924 4
1925 8
1926 19
1927 22
1928 20
1929 28
1930 18
1931 21
1932 19
1933 16
1934 21
1935 18
1936 15
1937 17
1938 19
1939 24
1940 23
1941 15
1942 21
1943 20
1944 13
1945 16
1946 14
1947 14
1948 12
1949 15
1950 9
1951 12
1952 9
1953 9
1954 10
1955 18
1956 15
1957 17
1958 19
1959 10
1960 13
1961 7
1962 10
1963 9
1964 11
1965 14
1966 10
1967 7
1968 9
1969 5
1970 14
1971 12
1972 10
1973 15
1974 9
1975 12
1976 11
1977 9
1978 9
1979 8
1980 7
1981 5
1982 6
1983 14
1984 4
1985 13
1986 7
1987 11
1988 15
1989 11
1990 7
1991 10
1992 8
1993 11
1994 12
1995 6
1996 14
1997 9
1998 13
1999 13
2000 15
2001 15
2002 6
2003 21
2004 11
2005 11
2006 7
2007 15
2008 26
2009 30
2010 39
2011 36
2012 44
2013 43
2014 75
2015 60
2016 82
2017 76
2018 102
2019 80
2020 102
2021 109
2022 126
2023 126
2024 131
2025 135
2026 143
2027 137
2028 123
2029 135
2030 125
2031 107
2032 117
2033 115
2034 107
2035 119
2036 104
2037 95
2038 91
2039 77
2040 73
2041 76
2042 66
2043 71
2044 81
2045 56
2046 69
2047 61
2048 67
2049 56
2050 48
2051 49
2052 49
2053 48
2054 57
2055 56
2056 45
2057 47
2058 43
2059 50
2060 57
2061 41
2062 62
2063 52
2064 51
2065 56
2066 50
2067 54
2068 30
2069 51
2070 57
2071 44
2072 42
2073 55
2074 58
2075 50
2076 46
2077 48
2078 65
2079 49
2080 60
2081 34
2082 43
2083 33
2084 41
2085 19
2086 32
2087 34
2088 34
2089 24
2090 31
2091 30
2092 25
2093 23
2094 20
2095 19
2096 12
2097 21
2098 19
2099 22
2100 14
2101 20
2102 16
2103 18
2104 16
2105 15
2106 6
2107 25
2108 15
2109 15
2110 19
2111 10
2112 16
2113 11
2114 11
2115 9
2116 20
2117 7
2118 9
2119 13
2120 13
2121 7
2122 8
2123 11
2124 8
2125 6
2126 15
2127 8
2128 11
2129 5
2130 2
2131 5
2132 5
2133 12
2134 4
2135 9
2136 4
2137 4
2138 8
2139 8
2140 7
2141 6
2142 8
2143 2
2144 4
2145 4
2146 8
2147 3
2148 1
2150 2
2151 1
2152 3
2153 3
2154 3
2155 3
2156 2
2157 4
2158 7
2159 4
2160 5
2161 5
2162 3
2163 5
2164 1
2165 1
2166 4
2167 3
2168 4
2169 3
2170 6
2171 3
2172 5
2173 3
2174 5
2175 5
2176 6
2177 9
2178 9
2179 8
2180 10
2181 8
2182 12
2183 13
2184 16
2185 16
2186 13
2187 14
2188 14
2189 27
2190 21
2191 19
2192 31
2193 11
2194 20
2195 21
2196 13
2197 21
2198 18
2199 10
2200 7
2201 17
2202 15
2203 15
2204 14
2205 9
2206 14
2207 14
2208 15
2209 13
2210 12
2211 6
2212 5
2213 10
2214 12
2215 12
2216 8
2217 9
2218 6
2219 5
2220 6
2221 12
2222 6
2223 8
2224 4
2225 11
2226 3
2227 5
2228 7
2229 5
2230 16
2231 8
2232 8
2233 6
2234 10
2235 7
2236 7
2237 7
2238 6
2239 4
2240 11
2241 13
2242 13
2243 11
2244 7
2245 8
2246 5
2247 3
2248 8
2249 7
2250 10
2251 7
2252 2
2253 4
2254 6
2255 7
2256 2
2257 2
2258 8
2259 1
2260 2
2261 1
2262 3
2263 3
2264 7
2265 9
2266 3
2267 3
2268 2
2269 2
2270 1
2271 2
2272 1
2273 2
2274 2
2275 2
2276 1
2278 2
2279 2
2280 1
2281 2
2282 1
2284 2
2285 1
2286 1
2287 2
2288 3
2289 2
2290 2
2291 1
2292 1
2294 4
2297 5
2300 2
2301 2
2302 2
2306 1
2310 1
