442 1
443 1
444 1
445 3
446 4
447 2
448 3
449 4
450 2
451 4
452 2
453 2
454 2
455 5
457 4
458 5
466 4
468 2
469 6
470 4
471 4
472 2
473 2
474 2
475 1
476 4
477 3
480 2
483 2
487 1
488 1
493 1
494 2
496 3
498 2
499 3
500 1
501 3
503 2
504 4
505 2
506 2
508 1
509 2
510 1
511 1
512 1
513 5
514 3
515 3
516 6
517 2
518 5
519 5
520 6
521 9
522 8
523 11
524 4
525 3
526 7
527 3
528 4
529 3
530 4
532 3
533 2
534 4
535 2
536 2
537 3
538 3
539 4
540 13
541 26
542 46
543 66
544 70
545 110
546 141
547 189
548 208
549 233
550 271
551 281
552 305
553 317
554 311
555 243
556 230
557 207
558 204
559 197
560 171
561 166
562 137
563 141
564 144
565 134
566 111
567 78
568 85
569 57
570 65
571 32
572 40
573 28
574 12
575 12
576 15
577 9
578 6
579 3
580 9
581 3
582 16
583 22
584 30
585 38
586 53
587 79
588 105
589 128
590 140
591 154
592 183
593 149
594 157
595 131
596 130
597 128
598 144
599 120
600 132
601 130
602 118
603 126
604 129
605 112
606 119
607 110
608 112
609 93
610 64
611 67
612 51
613 25
614 35
615 19
616 16
617 15
618 11
619 7
620 3
621 4
622 2
623 6
624 2
625 3
627 2
628 4
630 2
631 1
632 1
634 2
635 1
641 2
651 1
655 1
661 2
662 1
663 2
668 1
669 2
674 1
675 1
679 1
746 1
800 1
812 1
974 1
1053 2
1054 2
1055 6
1056 4
1057 11
1058 11
1059 25
1060 22
1061 15
1062 48
1063 50
1064 57
1065 60
1066 74
1067 91
1068 82
1069 71
1070 74
1071 64
1072 75
1073 41
1074 46
1075 32
1076 34
1077 20
1078 25
1079 11
1080 21
1081 12
1082 12
1083 8
1084 11
1085 11
1086 11
1087 7
1088 7
1089 5
1090 3
1091 3
1092 5
1093 4
1094 1
1095 3
1096 2
1097 2
1098 1
1099 1
1100 1
1101 3
1103 1
1109 1
1112 1
1126 1
1130 1
1205 1
1385 1
