6410 26
6411 56
6412 124
6413 28
6414 5
6415 7
6416 2
6417 5
6418 1
6420 3
6421 2
6422 2
6424 3
6426 3
6427 6
6428 2
6429 3
6430 6
6431 7
6433 2
6435 4
6436 2
6437 1
6438 2
6439 5
6440 4
6441 1
6442 4
6443 1
6444 3
6445 1
6446 5
6447 5
6448 2
6454 2
6455 9
6456 9
6457 3
6458 3
6459 1
6462 2
6463 1
6466 2
6468 1
6469 1
6470 1
6471 2
6472 3
6478 1
6479 1
6486 1
6490 4
6492 1
6498 1
6499 19
6500 2
6501 3
6502 1
6504 2
6505 5
6507 1
6509 1
6512 1
6514 2
6518 1
6519 6
6520 2
6521 1
6522 1
6524 1
6525 2
6526 1
6528 2
6533 4
6537 1
6538 2
6541 1
6542 1
6544 1
6547 1
6548 2
6549 3
6550 2
6553 4
6554 3
6555 1
6556 3
6557 1
6558 1
6565 6
6566 12
6568 1
6569 1
6570 7
6571 4
6572 1
6573 4
6575 4
6576 6
6580 1
6581 3
6582 4
6583 1
6585 2
6586 8
6587 4
6588 9
6590 12
6591 69
6592 55
6593 9
6594 4
6595 10
6596 4
6597 2
6598 3
6599 1
6600 1
6601 3
6603 3
6604 9
6605 4
6606 3
6607 2
6608 1
6609 1
6610 1
6611 1
6613 1
6614 2
6615 2
6616 1
6617 1
6619 1
6620 1
6623 2
6624 2
6625 2
6628 1
6629 1
6631 1
6635 4
6636 1
6642 2
6643 2
6644 1
6646 11
6647 6
6648 2
6649 1
6650 1
6651 3
6652 4
6653 1
6655 1
6657 5
6658 2
6659 1
6660 4
6661 3
6663 1
6664 6
6665 11
6666 6
6668 2
6672 7
6673 3
6676 1
6680 4
6681 4
6682 2
6683 1
6686 2
6690 3
6691 6
6692 3
6693 3
6695 1
6697 1
6701 2
6703 1
6706 1
6707 1
6714 1
6715 1
6716 1
6719 2
6720 2
6722 1
6723 1
6724 1
6725 2
6726 2
6727 1
6729 1
6730 1
6733 1
6734 1
6738 2
6739 2
6740 4
6741 3
6742 3
6743 1
6747 2
6750 12
6751 13
6752 8
6753 3
6754 2
6755 1
6757 1
6760 1
6761 1
6763 1
6765 1
6766 1
6773 1
6778 1
6779 1
6780 1
6788 4
6789 5
6790 2
6794 1
6795 1
6797 1
6807 1
6808 1
6816 1
6818 1
6819 1
6831 1
6838 1
6839 1
6844 1
6845 2
6855 1
6910 1
