4075 50
4076 1154
4077 1286
4078 1290
4079 1293
4080 1298
4081 1302
4082 1305
4083 1308
4085 1309
4087 1331
4088 1376
4089 1385
4091 1402
4092 1447
4093 1451
4094 1479
4095 1482
4096 1488
4097 1508
4098 1736
4099 1779
4100 1841
4101 1847
4102 1857
4103 1861
4104 1877
4105 1884
4106 1907
4107 1920
4108 1924
4109 1945
4110 1965
4111 2044
4112 2149
4113 2162
4114 2166
4115 2167
4116 2190
4117 2199
4118 2218
4119 2343
4120 2413
4121 2491
4122 2509
4123 2693
4124 2937
4125 2949
4126 3118
4127 3228
4128 3249
4129 3265
4130 3279
4131 3303
4132 3442
4133 3639
4134 3693
4135 3758
4136 3803
4137 3862
4138 4012
4139 4075
4140 4083
4141 4109
4142 4133
4143 4153
4144 4247
4145 4288
4146 4298
4147 4329
4148 4398
4149 4475
4150 4530
4151 4535
4152 4546
4153 4561
4154 4568
4155 4626
4156 4724
4157 4758
4158 4800
4159 4854
4160 4942
4161 4983
4162 5015
4163 5050
4164 5072
4165 5087
4166 5116
4167 5132
4168 5202
4169 5250
4170 5359
4171 5433
4172 5444
4173 5507
4174 5632
4175 5666
4176 5700
4177 5763
4178 5925
4179 6077
4180 6127
4181 6172
4182 6224
4183 6440
4184 6478
4185 6519
4186 6601
4187 6628
4188 6667
4189 6712
4190 6737
4191 6763
4192 6796
4193 6837
4194 6891
4195 6936
4196 6994
4197 7052
4198 7081
4199 7210
4200 7265
4201 7289
4202 7308
4203 7367
4204 7385
4205 7434
4206 7460
4207 7468
4208 7487
4209 7536
4210 7595
4211 7641
4212 7683
4213 7717
4214 7732
4215 7760
4216 7822
4217 7847
4218 7865
4219 7915
4220 7940
4221 7990
4222 8028
4223 8073
4224 8114
4225 8143
4226 8211
4227 8236
4228 8261
4229 8291
4230 8309
4231 8334
4232 8361
4233 8383
4234 8431
4235 8456
4236 8489
4237 8490
4240 8495
4241 8551
4242 8582
4243 8624
4244 8646
4245 8656
4246 8684
4247 8718
4248 8742
4249 8794
4250 8816
4251 8829
4252 8858
4253 8883
4254 8898
4255 8915
4256 8931
4257 8955
4258 8974
4259 8993
4260 9015
4261 9049
4262 9066
4263 9085
4264 9105
4265 9133
4266 9148
4267 9169
4268 9182
4269 9200
4270 9215
4271 9252
4272 9260
4273 9279
4274 9293
4275 9301
4276 9318
4277 9346
4278 9359
4279 9368
4280 9384
4281 9401
4282 9418
4283 9438
4284 9460
4285 9466
4286 9475
4287 9489
4288 9501
4289 9520
4290 9529
4291 9548
4292 9558
4293 9573
4294 9581
4295 9589
4296 9596
4297 9601
4298 9608
4299 9611
4300 9627
4301 9637
4302 9657
4303 9669
4304 9677
4305 9685
4306 9696
4307 9707
4308 9715
4309 9723
4310 9727
4311 9737
4312 9743
4313 9746
4314 9757
4315 9766
4316 9771
4317 9773
4318 9776
4319 9783
4320 9787
4321 9796
4322 9801
4323 9809
4324 9820
4325 9822
4326 9828
4327 9831
4328 9838
4329 9842
4330 9850
4331 9853
4332 9858
4333 9861
4334 9872
4335 9875
4336 9876
4337 9883
4338 9890
4339 9894
4340 9900
4342 9905
4343 9908
4344 9914
4345 9918
4346 9921
4347 9924
4348 9931
4349 9932
4350 9933
4351 9934
4352 9938
4353 9943
4354 9944
4355 9949
4356 9953
4357 9956
4359 9960
4360 9962
4361 9964
4362 9965
4363 9966
4364 9967
4365 9968
4367 9970
4368 9973
4371 9975
4372 9976
4375 9979
4376 9980
4380 9982
4381 9983
4382 9988
4385 9989
4386 9991
4388 9992
4390 9993
4393 9994
4394 9995
4400 9996
4404 9997
4412 9998
4417 9999
4517 10000
