6960 3
6961 130
6962 778
6963 905
6964 918
6965 939
6966 955
6967 992
6968 1759
6969 2007
6970 2073
6971 2098
6972 2182
6973 2219
6974 2287
6975 2373
6976 2406
6977 2419
6978 2462
6979 2520
6980 2584
6981 2666
6982 2711
6983 2726
6984 2752
6985 2776
6986 2781
6987 2787
6988 2836
6989 2857
6990 2883
6991 2915
6992 2918
6993 2920
6994 2937
6995 2957
6996 2961
6997 2970
6998 2978
6999 2981
7000 2990
7001 3001
7002 3003
7003 3041
7004 3099
7005 3108
7006 3117
7007 3128
7008 3138
7009 3210
7010 3451
7011 3513
7012 3681
7013 3836
7014 3869
7015 3906
7016 4082
7017 4161
7018 4374
7019 4597
7020 4644
7021 4679
7022 4754
7023 4813
7024 4913
7025 5012
7026 5116
7027 5156
7028 5185
7029 5241
7030 5272
7031 5364
7032 5421
7033 5448
7034 5470
7035 5503
7036 5524
7037 5581
7038 5608
7039 5637
7040 5656
7041 5673
7042 5681
7043 5692
7044 5702
7045 5712
7046 5720
7047 5729
7048 5736
7049 5747
7050 5755
7051 5760
7052 5764
7053 5774
7054 5847
7055 5868
7056 5880
7057 5924
7058 5938
7059 5955
7060 6069
7061 6149
7062 6151
7065 6170
7066 6298
7067 6366
7068 6415
7069 6445
7070 6509
7071 6588
7072 6645
7073 6840
7074 6927
7075 6963
7076 7010
7077 7069
7078 7123
7079 7210
7080 7274
7081 7320
7082 7343
7083 7381
7084 7402
7085 7439
7086 7484
7087 7522
7088 7533
7089 7545
7090 7562
7091 7581
7092 7605
7093 7628
7094 7637
7095 7657
7096 7667
7097 7676
7098 7683
7099 7690
7100 7698
7101 7704
7102 7708
7103 7711
7104 7716
7105 7723
7106 7728
7107 7755
7108 7782
7109 7789
7110 7811
7111 7828
7112 7843
7113 7853
7114 7896
7115 7960
7116 7988
7117 8045
7118 8087
7119 8119
7120 8148
7121 8191
7122 8223
7123 8272
7124 8331
7125 8369
7126 8398
7127 8437
7128 8485
7129 8508
7130 8539
7131 8566
7132 8579
7133 8596
7134 8626
7135 8638
7136 8652
7137 8667
7138 8681
7139 8691
7140 8705
7141 8715
7142 8723
7143 8728
7144 8733
7145 8737
7146 8743
7147 8745
7148 8746
7149 8750
7150 8752
7151 8756
7152 8759
7153 8764
7154 8765
7155 8770
7156 8774
7157 8781
7158 8787
7159 8797
7160 8806
7161 8815
7162 8823
7163 8836
7164 8847
7165 8869
7166 8895
7167 8920
7168 8958
7169 8982
7170 9000
7171 9016
7172 9033
7173 9050
7174 9109
7175 9148
7176 9162
7177 9172
7178 9185
7179 9204
7180 9235
7181 9247
7182 9264
7183 9271
7184 9282
7185 9293
7186 9299
7187 9314
7188 9324
7189 9328
7190 9333
7191 9340
7192 9344
7193 9346
7194 9347
7195 9349
7197 9353
7198 9354
7199 9355
7201 9356
7204 9357
7205 9358
7206 9361
7208 9363
7209 9368
7210 9370
7211 9373
7212 9376
7213 9378
7214 9385
7215 9396
7216 9417
7217 9425
7218 9446
7219 9465
7220 9476
7221 9490
7222 9509
7223 9528
7224 9535
7225 9552
7226 9565
7227 9582
7228 9596
7229 9616
7230 9624
7231 9630
7232 9637
7233 9644
7234 9650
7235 9653
7236 9658
7237 9667
7238 9670
7239 9675
7240 9679
7241 9682
7242 9683
7245 9686
7246 9688
7248 9689
7250 9690
7252 9691
7255 9694
7256 9695
7258 9697
7259 9699
7260 9700
7261 9701
7262 9702
7263 9710
7264 9714
7265 9717
7266 9726
7267 9729
7268 9735
7269 9742
7270 9753
7271 9762
7272 9772
7273 9778
7274 9785
7275 9792
7276 9801
7277 9803
7278 9807
7279 9812
7280 9817
7281 9818
7282 9822
7283 9825
7284 9826
7285 9830
7286 9834
7287 9836
7288 9841
7291 9844
7292 9847
7293 9848
7294 9849
7295 9851
7297 9854
7298 9855
7299 9856
7308 9861
7309 9862
7310 9864
7311 9866
7312 9867
7313 9870
7314 9872
7315 9876
7316 9877
7317 9884
7318 9885
7319 9886
7320 9889
7321 9895
7322 9898
7323 9902
7324 9905
7325 9907
7326 9908
7327 9910
7328 9915
7329 9916
7330 9921
7331 9922
7332 9925
7333 9926
7334 9927
7335 9928
7336 9929
7339 9931
7340 9934
7342 9935
7344 9936
7349 9938
7358 9939
7361 9940
7363 9941
7364 9943
7366 9944
7367 9948
7368 9951
7370 9957
7372 9961
7373 9963
7374 9966
7375 9968
7376 9969
7377 9973
7378 9975
7379 9976
7385 9979
7386 9980
7387 9981
7389 9982
7393 9983
7396 9984
7412 9985
7416 9986
7421 9987
7422 9988
7423 9990
7426 9991
7427 9992
7430 9995
7432 9996
7440 9997
7473 9998
7487 9999
7519 10000
