0 2972
1 2865
2 2859
3 2845
4 2840
5 2856
6 2840
7 2850
8 2845
9 2842
10 2844
11 2841
12 2839
13 2853
14 2843
15 2842
16 2855
17 2854
18 2839
19 2846
20 2842
21 2848
22 2844
23 2847
24 2853
25 2844
26 2846
27 2848
28 2842
29 2847
30 2845
31 2847
32 2846
33 2847
34 2860
35 2848
36 2847
37 2840
38 2848
39 2843
40 2851
41 2840
42 2843
43 2845
44 2840
45 2849
46 2843
47 2850
48 2844
49 2849
50 2841
51 2841
52 2852
53 2837
54 2851
55 2843
56 2850
57 2844
58 2850
59 2836
60 2854
61 2857
62 2842
63 2847
64 2849
65 2846
66 2847
67 2845
68 2859
69 2845
70 2843
71 2845
72 2845
73 2854
74 2844
75 2839
76 2858
77 2846
78 2846
79 2847
80 2852
81 2853
82 2842
83 2850
84 2842
85 2848
86 2844
87 2848
88 2844
89 2844
90 2841
91 2835
92 2850
93 2860
94 2841
95 2833
96 2845
97 2843
98 2846
99 2845
100 2846
101 2843
102 2839
103 2840
104 2843
105 2849
106 2844
107 2846
108 2841
109 2851
110 2843
111 2846
112 2840
113 2849
114 2841
115 2840
116 2844
117 2867
118 2849
119 2850
120 2843
121 2848
122 2845
123 2839
124 2845
125 2845
126 2847
127 2849
128 2845
129 2840
130 2857
131 2844
132 2847
133 2851
134 2838
135 2842
136 2847
137 2846
138 2846
139 2857
140 2851
141 2853
142 2852
143 2847
144 2848
145 2849
146 2852
147 2835
148 2848
149 2839
150 2844
151 2846
152 2843
153 2844
154 2855
155 2841
156 2838
157 2842
158 2855
159 2843
160 2850
161 2856
162 2843
163 2847
164 2842
165 2841
166 2841
167 2844
168 2853
169 2845
170 2846
171 2837
172 2847
173 2840
174 2843
175 2844
176 2846
177 2838
178 2839
179 2849
180 2845
181 2848
182 2843
183 2844
184 2843
185 2860
186 2844
187 2846
188 2845
189 2847
190 2840
191 2843
192 2840
193 2841
194 2843
195 2850
196 2848
197 2843
198 2854
199 2850
200 2844
201 2849
202 2842
203 2841
204 2847
205 2843
206 2844
207 2850
208 2846
209 2845
210 2850
211 2848
212 2846
213 2843
214 2848
215 2851
216 2846
217 2845
218 2848
219 2843
220 2849
221 2843
222 2842
223 2850
224 2847
225 2841
226 2847
227 2841
228 2840
229 2844
230 2847
231 2836
232 2842
233 2854
234 2849
235 2844
236 2846
237 2844
238 2846
239 2846
240 2844
241 2847
242 2853
243 2848
244 2848
245 2838
246 2849
247 2850
248 2847
249 2836
250 2848
251 2848
252 2842
253 2849
254 2861
255 2850
256 2845
257 2843
258 2842
259 2851
260 2849
261 2839
262 2850
263 2854
264 2844
265 2851
266 2845
267 2836
268 2848
269 2842
270 2849
271 2845
272 2852
273 2846
274 2859
275 2842
276 2849
277 2837
278 2933
279 2838
280 2847
281 2846
282 2847
283 2850
284 2848
285 2843
286 2846
287 2836
288 2845
289 2847
290 2841
291 2848
292 2844
293 2859
294 2842
295 2844
296 2847
297 2859
298 2843
299 2860
300 2838
301 2842
302 2848
303 2839
304 2859
305 2842
306 2844
307 2849
308 2851
309 2842
310 2850
311 2839
312 2839
313 2854
314 2839
315 2846
316 2842
317 2847
318 2844
319 2843
320 2849
321 2841
322 2836
323 2852
324 2843
325 2845
326 2845
327 2845
328 2846
329 2837
330 2842
331 2838
332 2847
333 2844
334 2850
335 2848
336 2846
337 2846
338 2847
339 2847
340 2841
341 2844
342 2842
343 2845
344 2851
345 2852
346 2845
347 2841
348 2847
349 2860
350 2843
351 2841
352 2841
353 2845
354 2840
355 2846
356 2846
357 2851
358 2847
359 2845
360 2849
361 2837
362 2859
363 2844
364 2837
365 2849
366 2848
367 2847
368 2843
369 2840
370 2848
371 2845
372 2844
373 2847
374 2871
375 2847
376 2843
377 2844
378 2850
379 2845
380 2848
381 2851
382 2840
383 2840
384 2846
385 2857
386 2843
387 2841
388 2839
389 2845
390 2848
391 2847
392 2838
393 2845
394 2844
395 2844
396 2844
397 2844
398 2898
399 2884
400 2862
401 2859
402 2843
403 2842
404 2842
405 2849
406 2847
407 2838
408 2840
409 2842
410 2855
411 2843
412 2844
413 2843
414 2844
415 2842
416 2865
417 2859
418 2844
419 2850
420 2851
421 2843
422 2850
423 2845
424 2847
425 2849
426 2850
427 2843
428 2837
429 2843
430 2842
431 2841
432 2848
433 2847
434 2843
435 2846
436 2841
437 2854
438 2844
439 2843
440 2846
441 2847
442 2841
443 2842
444 2845
445 2840
446 2847
447 2846
448 2925
449 2847
450 2845
451 2850
452 2846
453 2842
454 2851
455 2846
456 2846
457 2842
458 2847
459 2840
460 2848
461 2847
462 2841
463 2847
464 2850
465 2847
466 2854
467 2845
468 2838
469 2842
470 2856
471 2838
472 2848
473 2842
474 2836
475 2844
476 2842
477 2845
478 2846
479 2847
480 2849
481 2839
482 2843
483 2845
484 2848
485 2845
486 2841
487 2842
488 2846
489 2849
490 2842
491 2843
492 2841
493 2835
494 2850
495 2840
496 2840
497 2850
498 2854
499 2844
500 2842
501 2857
502 2843
503 2848
504 2844
505 2846
506 2849
507 2835
508 2842
509 2857
510 2838
511 2844
512 2837
513 2845
514 2856
515 2845
516 2847
517 2848
518 2843
519 2843
520 2847
521 2848
522 2844
523 2857
524 2846
525 2846
526 2843
527 2846
528 2836
529 2839
530 2837
531 2853
532 2839
533 2838
534 2841
535 2846
536 2841
537 2836
538 2840
539 2849
540 2846
541 2840
542 2846
543 2841
544 2843
545 2854
546 2844
547 2836
548 2849
549 2848
550 2850
551 2843
552 2846
553 2845
554 2851
555 2841
556 2841
557 2848
558 2847
559 2850
560 2839
561 2846
562 2842
563 2854
564 2844
565 2840
566 2848
567 2838
568 2843
569 2843
570 2853
571 2844
572 2860
573 2847
574 2848
575 2843
576 2844
577 2843
578 2851
579 2845
580 2847
581 2849
582 2847
583 2843
584 2849
585 2862
586 2849
587 2844
588 2841
589 2848
590 2841
591 2854
592 2849
593 2847
594 2839
595 2839
596 2847
597 2844
598 2839
599 2844
600 2839
601 2847
602 2845
603 2842
604 2861
605 2867
606 2858
607 2856
608 2849
609 2848
610 2835
611 2841
612 2849
613 2842
614 2839
615 2840
616 2851
617 2846
618 2846
619 2841
620 2845
621 2839
622 2847
623 2845
624 2844
625 2847
626 2847
627 2838
628 2851
629 2840
630 2844
631 2841
632 2841
633 2846
634 2844
635 2845
636 2843
637 2860
638 2844
639 2849
640 2843
641 2850
642 2847
643 2846
644 2837
645 2840
646 2843
647 2859
648 2842
649 2844
650 2849
651 2842
652 2842
653 2842
654 2849
655 2843
656 2842
657 2848
658 2849
659 2845
660 2846
661 2850
662 2847
663 2851
664 2844
665 2848
666 2843
667 2850
668 2847
669 2850
670 2845
671 2847
672 2845
673 2846
674 2847
675 2850
676 2849
677 2845
678 2851
679 2859
680 2850
681 2846
682 2846
683 2845
684 2849
685 2845
686 2844
687 2844
688 2847
689 2845
690 2845
691 2849
692 2844
693 2844
694 2851
695 2840
696 2849
697 2843
698 2849
699 2853
700 2847
701 2846
702 2845
703 2843
704 2838
705 2843
706 2847
707 2846
708 2841
709 2847
710 2841
711 2842
712 2841
713 2849
714 2846
715 2841
716 2837
717 2838
718 2844
719 2852
720 2849
721 2844
722 2850
723 2850
724 2842
725 2839
726 2849
727 2844
728 2842
729 2846
730 2846
731 2842
732 2846
733 2849
734 2845
735 2838
736 2848
737 2845
738 2840
739 2843
740 2841
741 2845
742 2843
743 2840
744 2845
745 2839
746 2849
747 2837
748 2847
749 2851
750 2850
751 2845
752 2848
753 2848
754 2848
755 2844
756 2849
757 2848
758 2843
759 2847
760 2851
761 2850
762 2844
763 2849
764 2842
765 2849
766 2844
767 2844
768 2842
769 2839
770 2848
771 2845
772 2841
773 2840
774 2841
775 2856
776 2842
777 2848
778 2847
779 2848
780 2850
781 2847
782 2841
783 2845
784 2844
785 2848
786 2845
787 2839
788 2848
789 2841
790 2853
791 2842
792 2844
793 2840
794 2839
795 2842
796 2841
797 2839
798 2865
799 2841
800 2850
801 2844
802 2846
803 2846
804 2844
805 2841
806 2838
807 2846
808 2843
809 2848
810 2851
811 2847
812 2845
813 2846
814 2843
815 2842
816 2861
817 2845
818 2854
819 2844
820 2851
821 2842
822 2843
823 2846
824 2843
825 2849
826 2844
827 2850
828 2845
829 2843
830 2851
831 2841
832 2845
833 2843
834 2844
835 2841
836 2843
837 2845
838 2846
839 2848
840 2846
841 2845
842 2843
843 2840
844 2844
845 2843
846 2841
847 2845
848 2841
849 2849
850 2845
851 2847
852 2858
853 2858
854 2842
855 2849
856 2848
857 2848
858 2843
859 2858
860 2849
861 2845
862 2846
863 2850
864 2844
865 2845
866 2854
867 2837
868 2839
869 2839
870 2841
871 2849
872 2841
873 2848
874 2849
875 2843
876 2849
877 2841
878 2843
879 2847
880 2854
881 2840
882 2839
883 2842
884 2839
885 2845
886 2848
887 2845
888 2845
889 2843
890 2846
891 2859
892 2842
893 2844
894 2847
895 2838
896 2839
897 2844
898 2845
899 2902
900 2872
901 2845
902 2852
903 2844
904 2850
905 2842
906 2840
907 2853
908 2844
909 2840
910 2849
911 2841
912 2854
913 2852
914 2845
915 2839
916 2840
917 2846
918 2845
919 2843
920 2850
921 2840
922 2844
923 2849
924 2865
925 2846
926 2845
927 2846
928 2841
929 2845
930 2844
931 2856
932 2844
933 2845
934 2845
935 2835
936 2843
937 2850
938 2846
939 2840
940 2846
941 2838
942 2841
943 2841
944 2840
945 2847
946 2844
947 2848
948 2845
949 2856
950 2846
951 2846
952 2837
953 2836
954 2843
955 2848
956 2845
957 2846
958 2841
959 2837
960 2844
961 2847
962 2837
963 2846
964 2846
965 2844
966 2834
967 2844
968 2840
969 2849
970 2846
971 2848
972 2838
973 2840
974 2844
975 2840
976 2846
977 2850
978 2847
979 2846
980 2845
981 2840
982 2852
983 2847
984 2850
985 2847
986 2843
987 2844
988 2849
989 2840
990 2845
991 2845
992 2844
993 2844
994 2848
995 2845
996 2847
997 2843
998 2844
999 2849
1000 2843
1001 2849
1002 2843
1003 2847
1004 2846
1005 2845
1006 2839
1007 2844
1008 2841
1009 2844
1010 2872
1011 2844
1012 2839
1013 2848
1014 2845
1015 2856
1016 2872
1017 2841
1018 2841
1019 2847
1020 2878
1021 2848
1022 2844
1023 2850
1024 2850
1025 2852
1026 2851
1027 2848
1028 2851
1029 2849
1030 2840
1031 2849
1032 2842
1033 2838
1034 2856
1035 2842
1036 2850
1037 2847
1038 2844
1039 2885
1040 2839
1041 2840
1042 2839
1043 2860
1044 2852
1045 2846
1046 2850
1047 2845
1048 2851
1049 2871
1050 2845
1051 2881
1052 2842
1053 2854
1054 2852
1055 2847
1056 2835
1057 2842
1058 2858
1059 2846
1060 2844
1061 2843
1062 2843
1063 2853
1064 2843
1065 2843
1066 2846
1067 2838
1068 2841
1069 2841
1070 2856
1071 2849
1072 2844
1073 2844
1074 2842
1075 2838
1076 2843
1077 2847
1078 2844
1079 2841
1080 2843
1081 2846
1082 2848
1083 2842
1084 2859
1085 2849
1086 2880
1087 2855
1088 2849
1089 2845
1090 2848
1091 2844
1092 2851
1093 2846
1094 2847
1095 2837
1096 2840
1097 2847
1098 2847
1099 2848
1100 2844
1101 2852
1102 2844
1103 2849
1104 2842
1105 2841
1106 2842
1107 2844
1108 2844
1109 2845
1110 2855
1111 2845
1112 2843
1113 2857
1114 2849
1115 2839
1116 2863
1117 2879
1118 2864
1119 2859
1120 2852
1121 2858
1122 2853
1123 2844
1124 2846
1125 2840
1126 2848
1127 2840
1128 2847
1129 2861
1130 2848
1131 2849
1132 2843
1133 2842
1134 2852
1135 2846
1136 2843
1137 2846
1138 2845
1139 2847
1140 2845
1141 2841
1142 2842
1143 2838
1144 2835
1145 2843
1146 2843
1147 2840
1148 2844
1149 2841
1150 2845
1151 2845
1152 2839
1153 2846
1154 2848
1155 2842
1156 2839
1157 2847
1158 2849
1159 2836
1160 2837
1161 2843
1162 2841
1163 2845
1164 2841
1165 2842
1166 2846
1167 2840
1168 2845
1169 2854
1170 2837
1171 2844
1172 2846
1173 2849
1174 2847
1175 2844
1176 2839
1177 2844
1178 2846
1179 2846
1180 2843
1181 2849
1182 2842
1183 2849
1184 2847
1185 2847
1186 2840
1187 2842
1188 2845
1189 2844
1190 2835
1191 2843
1192 2856
1193 2843
1194 2842
1195 2840
1196 2846
1197 2843
1198 2839
1199 2841
1200 2853
1201 2839
1202 2845
1203 2846
1204 2837
1205 2845
1206 2843
1207 2838
1208 2851
1209 2843
1210 2837
1211 2842
1212 2837
1213 2838
1214 2842
1215 2839
1216 2864
1217 2843
1218 2843
1219 2846
1220 2850
1221 2842
1222 2847
1223 2852
1224 2839
1225 2859
1226 2848
1227 2838
1228 2835
1229 2843
1230 2844
1231 2844
1232 2843
1233 2854
1234 2847
1235 2844
1236 2843
1237 2846
1238 2838
1239 2842
1240 2842
1241 2849
1242 2843
1243 2848
1244 2840
1245 2850
1246 2839
1247 2835
1248 2846
1249 2846
1250 2845
1251 2842
1252 2839
1253 2844
1254 2835
1255 2842
1256 2854
1257 2849
1258 2857
1259 2852
1260 2845
1261 2851
1262 2838
1263 2843
1264 2845
1265 2843
1266 2848
1267 2857
1268 2848
1269 2838
1270 2847
1271 2837
1272 2845
1273 2846
1274 2843
1275 2836
1276 2851
1277 2843
1278 2841
1279 2847
1280 2847
1281 2840
1282 2846
1283 2839
1284 2843
1285 2837
1286 2840
1287 2838
1288 2847
1289 2838
1290 2847
1291 2847
1292 2845
1293 2841
1294 2843
1295 2841
1296 2838
1297 2845
1298 2843
1299 2846
1300 2848
1301 2848
1302 2848
1303 2843
1304 2847
1305 2847
1306 2838
1307 2847
1308 2848
1309 2851
1310 2835
1311 2843
1312 2849
1313 2849
1314 2841
1315 2841
1316 2847
1317 2842
1318 2846
1319 2846
1320 2835
1321 2841
1322 2842
1323 2844
1324 2843
1325 2846
1326 2844
1327 2839
1328 2838
1329 2842
1330 2847
1331 2847
1332 2839
1333 2846
1334 2840
1335 2838
1336 2845
1337 2848
1338 2840
1339 2843
1340 2843
1341 2844
1342 2844
1343 2846
1344 2838
1345 2847
1346 2846
1347 2843
1348 2840
1349 2847
1350 2843
1351 2848
1352 2838
1353 2847
1354 2838
1355 2846
1356 2846
1357 2846
1358 2842
1359 2851
1360 2837
1361 2839
1362 2855
1363 2850
1364 2838
1365 2839
1366 2847
1367 2853
1368 2847
1369 2843
1370 2849
1371 2842
1372 2839
1373 2837
1374 2839
1375 2843
1376 2842
1377 2843
1378 2844
1379 2841
1380 2842
1381 2834
1382 2852
1383 2846
1384 2837
1385 2849
1386 2843
1387 2841
1388 2848
1389 2839
1390 2851
1391 2840
1392 2871
1393 2841
1394 2844
1395 2833
1396 2845
1397 2844
1398 2843
1399 2844
1400 2905
1401 7091
1402 2934
1403 2854
1404 2851
1405 2851
1406 2851
1407 2846
1408 2849
1409 2846
1410 2838
1411 2840
1412 2852
1413 2843
1414 2845
1415 2838
1416 2838
1417 2850
1418 2849
1419 2845
1420 2839
1421 2849
1422 2844
1423 2838
1424 2843
1425 2846
1426 2846
1427 2838
1428 2845
1429 2846
1430 2846
1431 2840
1432 2843
1433 2843
1434 2842
1435 2841
1436 2838
1437 2843
1438 2844
1439 2846
1440 2839
1441 2841
1442 2842
1443 2849
1444 2840
1445 2842
1446 2847
1447 2846
1448 2842
1449 2846
1450 2848
1451 2846
1452 2842
1453 2837
1454 2859
1455 2840
1456 2837
1457 2843
1458 2843
1459 2845
1460 2842
1461 2841
1462 2847
1463 2838
1464 2840
1465 2849
1466 2849
1467 2846
1468 2838
1469 2843
1470 2848
1471 2840
1472 2841
1473 2843
1474 2842
1475 2855
1476 2852
1477 2838
1478 2837
1479 2844
1480 2840
1481 2848
1482 2843
1483 2845
1484 2858
1485 2840
1486 2853
1487 2846
1488 2840
1489 2855
1490 2843
1491 2842
1492 2842
1493 2842
1494 2851
1495 2849
1496 2843
1497 2844
1498 2846
1499 2840
1500 2843
1501 2842
1502 2844
1503 2848
1504 2844
1505 2840
1506 2843
1507 2856
1508 2839
1509 2842
1510 2840
1511 2844
1512 2843
1513 2847
1514 2846
1515 2839
1516 2843
1517 2843
1518 2844
1519 2845
1520 2841
1521 2844
1522 2840
1523 2846
1524 2842
1525 2844
1526 2850
1527 2849
1528 2843
1529 2837
1530 2845
1531 2844
1532 2844
1533 2842
1534 2848
1535 2843
1536 2842
1537 2845
1538 2839
1539 2846
1540 2840
1541 2846
1542 2845
1543 2846
1544 2838
1545 2839
1546 2844
1547 2847
1548 2836
1549 2846
1550 2843
1551 2839
1552 2838
1553 2846
1554 2849
1555 2846
1556 2841
1557 2841
1558 2848
1559 2839
1560 2840
1561 2842
1562 2844
1563 2846
1564 2837
1565 2838
1566 2836
1567 2848
1568 2851
1569 2839
1570 2846
1571 2849
1572 2847
1573 2852
1574 2845
1575 2843
1576 2840
1577 2840
1578 2843
1579 2843
1580 2842
1581 2840
1582 2854
1583 2840
1584 2837
1585 2841
1586 2848
1587 2836
1588 2846
1589 2845
1590 2848
1591 2841
1592 2852
1593 2842
1594 2848
1595 2855
1596 2844
1597 2859
1598 2843
1599 2846
1600 2845
1601 2840
1602 2846
1603 2841
1604 2839
1605 2845
1606 2852
1607 2844
1608 2855
1609 2842
1610 2856
1611 2847
1612 2847
1613 2839
1614 2840
1615 2843
1616 2857
1617 2845
1618 2848
1619 2846
1620 2843
1621 2844
1622 2844
1623 2840
1624 2841
1625 2845
1626 2852
1627 2844
1628 2841
1629 2849
1630 2844
1631 2846
1632 2848
1633 2845
1634 2843
1635 2845
1636 2841
1637 2838
1638 2840
1639 2845
1640 2842
1641 2845
1642 2850
1643 2838
1644 2836
1645 2844
1646 2848
1647 2848
1648 2845
1649 2840
1650 2843
1651 2846
1652 2843
1653 2847
1654 2848
1655 2840
1656 2849
1657 2856
1658 2842
1659 2845
1660 2836
1661 2845
1662 2844
1663 2839
1664 2840
1665 2844
1666 2844
1667 2841
1668 2848
1669 2845
1670 2843
1671 2843
1672 2854
1673 2843
1674 2843
1675 2835
1676 2845
1677 2840
1678 2838
1679 2839
1680 2844
1681 2846
1682 2844
1683 2846
1684 2849
1685 2843
1686 2848
1687 2838
1688 2851
1689 2839
1690 2846
1691 2838
1692 2831
1693 2833
1694 2843
1695 2845
1696 2839
1697 2844
1698 2838
1699 2850
1700 2841
1701 2846
1702 2846
1703 2838
1704 2848
1705 2849
1706 2842
1707 2837
1708 2845
1709 2843
1710 2843
1711 2831
1712 2848
1713 2839
1714 2846
1715 2840
1716 2849
1717 2845
1718 2843
1719 2838
1720 2845
1721 2848
1722 2841
1723 2855
1724 2841
1725 2841
1726 2837
1727 2839
1728 2841
1729 2848
1730 2841
1731 2838
1732 2850
1733 2846
1734 2841
1735 2848
1736 2842
1737 2838
1738 2845
1739 2841
1740 2838
1741 2845
1742 2839
1743 2848
1744 2839
1745 2842
1746 2840
1747 2837
1748 2838
1749 2840
1750 2847
1751 2839
1752 2835
1753 2845
1754 2843
1755 2840
1756 2839
1757 2848
1758 2844
1759 2836
1760 2845
1761 2844
1762 2845
1763 2837
1764 2849
1765 2846
1766 2846
1767 2845
1768 2846
1769 2845
1770 2839
1771 2852
1772 2845
1773 2841
1774 2838
1775 2841
1776 2846
1777 2843
1778 2838
1779 2843
1780 2845
1781 2844
1782 2840
1783 2832
1784 2846
1785 2849
1786 2845
1787 2842
1788 2849
1789 2846
1790 2845
1791 2844
1792 2839
1793 2841
1794 2847
1795 2847
1796 2846
1797 2843
1798 2843
1799 2839
1800 2835
1801 2853
1802 2854
1803 2846
1804 2843
1805 2847
1806 2840
1807 2840
1808 2843
1809 2838
1810 2835
1811 2843
1812 2843
1813 2845
1814 2847
1815 2836
1816 2839
1817 2849
1818 2839
1819 2844
1820 2847
1821 2848
1822 2850
1823 2858
1824 2856
1825 2850
1826 2844
1827 2845
1828 2859
1829 2843
1830 2840
1831 2847
1832 2839
1833 2846
1834 2844
1835 2839
1836 2841
1837 2841
1838 2839
1839 2851
1840 2847
1841 2846
1842 2843
1843 2851
1844 2835
1845 2841
1846 2836
1847 2847
1848 2858
1849 2844
1850 2843
1851 2843
1852 2845
1853 2847
1854 2846
1855 2848
1856 2842
1857 2841
1858 2841
1859 2841
1860 2845
1861 2838
1862 2840
1863 2839
1864 2849
1865 2842
1866 2846
1867 2848
1868 2841
1869 2837
1870 2840
1871 2836
1872 2837
1873 2845
1874 2834
1875 2845
1876 2848
1877 2845
1878 2852
1879 2837
1880 2835
1881 2836
1882 2845
1883 2845
1884 2848
1885 2839
1886 2840
1887 2842
1888 2836
1889 2836
1890 2834
1891 2846
1892 2843
1893 2844
1894 2848
1895 2854
1896 2842
1897 2848
1898 2838
1899 2844
1900 2848
1901 2903
1902 2874
1903 2847
1904 2841
1905 2842
1906 2846
1907 2853
1908 2844
1909 2852
1910 2849
1911 2849
1912 2852
1913 2841
1914 2850
1915 2844
1916 2852
1917 2939
1918 2846
1919 2849
1920 2843
1921 2845
1922 2846
1923 2846
1924 2852
1925 2834
1926 2841
1927 2838
1928 2844
1929 2837
1930 2843
1931 2834
1932 2849
1933 2840
1934 2844
1935 2841
1936 2850
1937 2848
1938 2846
1939 2840
1940 2847
1941 2842
1942 2842
1943 2840
1944 2842
1945 2847
1946 2847
1947 2848
1948 2851
1949 2841
1950 2841
1951 2850
1952 2845
1953 2841
1954 2849
1955 2845
1956 2848
1957 2846
1958 2838
1959 2842
1960 2845
1961 2842
1962 2849
1963 2843
1964 2843
1965 2844
1966 2842
1967 2842
1968 2845
1969 2850
1970 2844
1971 2844
1972 2837
1973 2845
1974 2841
1975 2848
1976 2841
1977 2839
1978 2839
1979 2846
1980 2841
1981 2846
1982 2844
1983 2845
1984 2864
1985 2843
1986 2845
1987 2836
1988 2846
1989 2845
1990 2843
1991 2843
1992 2856
1993 2838
1994 2839
1995 2844
1996 2845
1997 2838
1998 2841
1999 2845
2000 2846
2001 2847
2002 2848
2003 2845
2004 2850
2005 2850
2006 2847
2007 2850
2008 2842
2009 2845
2010 2846
2011 2853
2012 2845
2013 2841
2014 2853
2015 2841
2016 2859
2017 2840
2018 2843
2019 2857
2020 2843
2021 2839
2022 2862
2023 2847
2024 2853
2025 2847
2026 2852
2027 2838
2028 2840
2029 2843
2030 2848
2031 2843
2032 2844
2033 2848
2034 2843
2035 2843
2036 2835
2037 2843
2038 2851
2039 2847
2040 2847
2041 2843
2042 2846
2043 2835
2044 2847
2045 2844
2046 2849
2047 2843
2048 2842
2049 2838
2050 2842
2051 2838
2052 2853
2053 2846
2054 2846
2055 2839
2056 2843
2057 2840
2058 2848
2059 2846
2060 2842
2061 2842
2062 2847
2063 2837
2064 2848
2065 2838
2066 2834
2067 2855
2068 2850
2069 2844
2070 2846
2071 2843
2072 2845
2073 2847
2074 2841
2075 2842
2076 2844
2077 2845
2078 2839
2079 2843
2080 2847
2081 2848
2082 2846
2083 2836
2084 2840
2085 2851
2086 2844
2087 2843
2088 2839
2089 2843
2090 2857
2091 2839
2092 2838
2093 2845
2094 2844
2095 2848
2096 2853
2097 2848
2098 2844
2099 2859
2100 2839
2101 2843
2102 2846
2103 2846
2104 2844
2105 2844
2106 2837
2107 2845
2108 2841
2109 2843
2110 2844
2111 2845
2112 2841
2113 2843
2114 2837
2115 2839
2116 2844
2117 2862
2118 2844
2119 2847
2120 2845
2121 2854
2122 2847
2123 2845
2124 2842
2125 2846
2126 2847
2127 2845
2128 2850
2129 2838
2130 2838
2131 2840
2132 2843
2133 2845
2134 2846
2135 2840
2136 2845
2137 2839
2138 2841
2139 2847
2140 2848
2141 2883
2142 2890
2143 2872
2144 2867
2145 2871
2146 2865
2147 2868
2148 2867
2149 2874
2150 2867
2151 2872
2152 2866
2153 2875
2154 2874
2155 2863
2156 2856
2157 2856
2158 2867
2159 2857
2160 2858
2161 2874
2162 2856
2163 2864
2164 2866
2165 2938
2166 2841
2167 2848
2168 2845
2169 2844
2170 2843
2171 2848
2172 2855
2173 2848
2174 2844
2175 2844
2176 2846
2177 2844
2178 2850
2179 2841
2180 2849
2181 2841
2182 2847
2183 2842
2184 2835
2185 2851
2186 2839
2187 2841
2188 2842
2189 2844
2190 2839
2191 2839
2192 2863
2193 2844
2194 2846
2195 2847
2196 2847
2197 2846
2198 2847
2199 2845
2200 2844
2201 2850
2202 2843
2203 2840
2204 2850
2205 2849
2206 2839
2207 2844
2208 2848
2209 2845
2210 2844
2211 2850
2212 2846
2213 2841
2214 2837
2215 2849
2216 2845
2217 2838
2218 2839
2219 2842
2220 2845
2221 2845
2222 2838
2223 2855
2224 2848
2225 2837
2226 2844
2227 2842
2228 2850
2229 2841
2230 2837
2231 2846
2232 2859
2233 2847
2234 2841
2235 2849
2236 2841
2237 2840
2238 2841
2239 2846
2240 2851
2241 2841
2242 2843
2243 2847
2244 2840
2245 2855
2246 2856
2247 2847
2248 2848
2249 2845
2250 2848
2251 2845
2252 2841
2253 2843
2254 2845
2255 2847
2256 2841
2257 2836
2258 2851
2259 2847
2260 2840
2261 2842
2262 2850
2263 2847
2264 2849
2265 2848
2266 2846
2267 2844
2268 2837
2269 2845
2270 2843
2271 2843
2272 2840
2273 2840
2274 2849
2275 2845
2276 2847
2277 2838
2278 2839
2279 2847
2280 2838
2281 2845
2282 2842
2283 2844
2284 2849
2285 2844
2286 2844
2287 2844
2288 2848
2289 2846
2290 2845
2291 2846
2292 2843
2293 2855
2294 2844
2295 2844
2296 2846
2297 2848
2298 2846
2299 2845
2300 2838
2301 2850
2302 2839
2303 2842
2304 2841
2305 2840
2306 2845
2307 2853
2308 2846
2309 2843
2310 2847
2311 2846
2312 2843
2313 2841
2314 2839
2315 2844
2316 2843
2317 2840
2318 2845
2319 2847
2320 2844
2321 2848
2322 2845
2323 2843
2324 2847
2325 2845
2326 2852
2327 2843
2328 2851
2329 2839
2330 2847
2331 2844
2332 2847
2333 2843
2334 2841
2335 2840
2336 2857
2337 2844
2338 2849
2339 2850
2340 2851
2341 2844
2342 2843
2343 2842
2344 2841
2345 2847
2346 2853
2347 2846
2348 2836
2349 2838
2350 2848
2351 2846
2352 2846
2353 2844
2354 2850
2355 2837
2356 2846
2357 2844
2358 2853
2359 2845
2360 2857
2361 2865
2362 2853
2363 2849
2364 2834
2365 2845
2366 2836
2367 2844
2368 2837
2369 2846
2370 2861
2371 2841
2372 2847
2373 2839
2374 2837
2375 2851
2376 2847
2377 2840
2378 2844
2379 2845
2380 2840
2381 2847
2382 2847
2383 2850
2384 2838
2385 2850
2386 2847
2387 2840
2388 2851
2389 2834
2390 2845
2391 2845
2392 2843
2393 2848
2394 2850
2395 2840
2396 2845
2397 2838
2398 2844
2399 2846
2400 2858
2401 2844
2402 2906
2403 2897
2404 2853
2405 2849
2406 2845
2407 2845
2408 2842
2409 2841
2410 2846
2411 2845
2412 2842
2413 2839
2414 2846
2415 2857
2416 2869
2417 2855
2418 2849
2419 2846
2420 2846
2421 2845
2422 2845
2423 2843
2424 2843
2425 2848
2426 2845
2427 2842
2428 2841
2429 2924
2430 2845
2431 2842
2432 2845
2433 2848
2434 2843
2435 2839
2436 2867
2437 2842
2438 2846
2439 2855
2440 2845
2441 2844
2442 2845
2443 2847
2444 2846
2445 2851
2446 2850
2447 2837
2448 2847
2449 2846
2450 2840
2451 2841
2452 2850
2453 2842
2454 2851
2455 2846
2456 2846
2457 2844
2458 2844
2459 2849
2460 2846
2461 2845
2462 2839
2463 2842
2464 2839
2465 2845
2466 2847
2467 2846
2468 2847
2469 2845
2470 2841
2471 2845
2472 2840
2473 2832
2474 2843
2475 2841
2476 2843
2477 2849
2478 2834
2479 2844
2480 2848
2481 2844
2482 2845
2483 2847
2484 2844
2485 2844
2486 2842
2487 2842
2488 2839
2489 2844
2490 2846
2491 2843
2492 2846
2493 2851
2494 2844
2495 2847
2496 2848
2497 2847
2498 2843
2499 2846
2500 2844
2501 2846
2502 2844
2503 2848
2504 2848
2505 2848
2506 2845
2507 2841
2508 2846
2509 2842
2510 2849
2511 2843
2512 2842
2513 2839
2514 2844
2515 2841
2516 2844
2517 2842
2518 2854
2519 2844
2520 2842
2521 2849
2522 2848
2523 2846
2524 2854
2525 2854
2526 2841
2527 2847
2528 2846
2529 2844
2530 2840
2531 2856
2532 2846
2533 2848
2534 2843
2535 2848
2536 2845
2537 2846
2538 2844
2539 2843
2540 2846
2541 2846
2542 2843
2543 2855
2544 2842
2545 2846
2546 2845
2547 2839
2548 2843
2549 2845
2550 2846
2551 2842
2552 2840
2553 2844
2554 2851
2555 2845
2556 2843
2557 2847
2558 2844
2559 2837
2560 2843
2561 2844
2562 2847
2563 2841
2564 2844
2565 2849
2566 2842
2567 2843
2568 2845
2569 2847
2570 2847
2571 2849
2572 2850
2573 2840
2574 2837
2575 2846
2576 2847
2577 2848
2578 2845
2579 2845
2580 2852
2581 2848
2582 2833
2583 2847
2584 2841
2585 2839
2586 2852
2587 2846
2588 2843
2589 2850
2590 2848
2591 2842
2592 2840
2593 2843
2594 2847
2595 2841
2596 2839
2597 2846
2598 2839
2599 2844
2600 2845
2601 2845
2602 2843
2603 2852
2604 2848
2605 2844
2606 2845
2607 2842
2608 2841
2609 2841
2610 2841
2611 2846
2612 2843
2613 2844
2614 2845
2615 2836
2616 2846
2617 2844
2618 2846
2619 2847
2620 2850
2621 2850
2622 2844
2623 2836
2624 2836
2625 2849
2626 2842
2627 2850
2628 2842
2629 2844
2630 2848
2631 2855
2632 2841
2633 2850
2634 2846
2635 2845
2636 2845
2637 2844
2638 2845
2639 2839
2640 2843
2641 2844
2642 2842
2643 2845
2644 2845
2645 2847
2646 2840
2647 2844
2648 2849
2649 2845
2650 2839
2651 2849
2652 2838
2653 2846
2654 2845
2655 2846
2656 2841
2657 2839
2658 2840
2659 2840
2660 2840
2661 2846
2662 2842
2663 2842
2664 2847
2665 2850
2666 2844
2667 2846
2668 2841
2669 2848
2670 2845
2671 2846
2672 2841
2673 2846
2674 2834
2675 2844
2676 2846
2677 2846
2678 2840
2679 2842
2680 2844
2681 2842
2682 2843
2683 2834
2684 2842
2685 2847
2686 2846
2687 2846
2688 2843
2689 2848
2690 2848
2691 2844
2692 2844
2693 2841
2694 2845
2695 2846
2696 2842
2697 2842
2698 2844
2699 2850
2700 2845
2701 2848
2702 2848
2703 2843
2704 2840
2705 2844
2706 2836
2707 2845
2708 2838
2709 2839
2710 2849
2711 2856
2712 2842
2713 2844
2714 2842
2715 2843
2716 2847
2717 2847
2718 2832
2719 2844
2720 2846
2721 2853
2722 2846
2723 2849
2724 2839
2725 2838
2726 2842
2727 2845
2728 2848
2729 2842
2730 2848
2731 2841
2732 2844
2733 2845
2734 2846
2735 2848
2736 2850
2737 2859
2738 2845
2739 2844
2740 2843
2741 2851
2742 2835
2743 2847
2744 2835
2745 2842
2746 2839
2747 2838
2748 2843
2749 2845
2750 2846
2751 2841
2752 2837
2753 2838
2754 2848
2755 2844
2756 2842
2757 2839
2758 2846
2759 2839
2760 2843
2761 2841
2762 2840
2763 2845
2764 2840
2765 2846
2766 2848
2767 2839
2768 2849
2769 2850
2770 2841
2771 2846
2772 2842
2773 2838
2774 2842
2775 2835
2776 2847
2777 2846
2778 2856
2779 2841
2780 2847
2781 2844
2782 2845
2783 2847
2784 2840
2785 2842
2786 2843
2787 2850
2788 2848
2789 2838
2790 2846
2791 2847
2792 2839
2793 2842
2794 2844
2795 2840
2796 2845
2797 2851
2798 2836
2799 2844
2800 2845
2801 2847
2802 2852
2803 2836
2804 2843
2805 2836
2806 2846
2807 2844
2808 2845
2809 2860
2810 2847
2811 2846
2812 2861
2813 2852
2814 2841
2815 2844
2816 2864
2817 2856
2818 2845
2819 2844
2820 2848
2821 2843
2822 2840
2823 2844
2824 2846
2825 2853
2826 2847
2827 2853
2828 2848
2829 2842
2830 2841
2831 2838
2832 2842
2833 2842
2834 2845
2835 2843
2836 2843
2837 2848
2838 2854
2839 2853
2840 2840
2841 2848
2842 2854
2843 2843
2844 2844
2845 2843
2846 2844
2847 2841
2848 2842
2849 2844
2850 2849
2851 2844
2852 2842
2853 2843
2854 2854
2855 2842
2856 2850
2857 2842
2858 2844
2859 2850
2860 2843
2861 2846
2862 2841
2863 2849
2864 2843
2865 2849
2866 2842
2867 2841
2868 2851
2869 2839
2870 2843
2871 2836
2872 2841
2873 2846
2874 2847
2875 2847
2876 2849
2877 2835
2878 2844
2879 2843
2880 2845
2881 2846
2882 2846
2883 2841
2884 2843
2885 2851
2886 2846
2887 2841
2888 2846
2889 2849
2890 2852
2891 2840
2892 2845
2893 2850
2894 2843
2895 2845
2896 2845
2897 2855
2898 2839
2899 2845
2900 2845
2901 2848
2902 2846
2903 2903
2904 2875
2905 2850
2906 2841
2907 2839
2908 2846
2909 2865
2910 2843
2911 2844
2912 2844
2913 2844
2914 2850
2915 2845
2916 2849
2917 2842
2918 2840
2919 2848
2920 2859
2921 2848
2922 2834
2923 2842
2924 2836
2925 2843
2926 2839
2927 2857
2928 2849
2929 2841
2930 2846
2931 2847
2932 2836
2933 2834
2934 2837
2935 2843
2936 2852
2937 2844
2938 2844
2939 2850
2940 2845
2941 2850
2942 2845
2943 2841
2944 2849
2945 2844
2946 2847
2947 2847
2948 2837
2949 2848
2950 2846
2951 2842
2952 2841
2953 2840
2954 2844
2955 2854
2956 2842
2957 2843
2958 2844
2959 2844
2960 2840
2961 2840
2962 2845
2963 2840
2964 2844
2965 2839
2966 2847
2967 2845
2968 2846
2969 2840
2970 2837
2971 2843
2972 2844
2973 2850
2974 2849
2975 2845
2976 2844
2977 2846
2978 2847
2979 2846
2980 2842
2981 2843
2982 2840
2983 2845
2984 2844
2985 2852
2986 2839
2987 2846
2988 2846
2989 2838
2990 2847
2991 2845
2992 2846
2993 2840
2994 2843
2995 2844
2996 2843
2997 2849
2998 2843
2999 2839
3000 2844
3001 2835
3002 2842
3003 2846
3004 2843
3005 2841
3006 2846
3007 2845
3008 2841
3009 2844
3010 2846
3011 2850
3012 2845
3013 2846
3014 2844
3015 2845
3016 2843
3017 2841
3018 2846
3019 2848
3020 2839
3021 2845
3022 2833
3023 2847
3024 2840
3025 2847
3026 2847
3027 2847
3028 2842
3029 2844
3030 2846
3031 2845
3032 2855
3033 2836
3034 2841
3035 2846
3036 2850
3037 2840
3038 2839
3039 2843
3040 2846
3041 2842
3042 2846
3043 2843
3044 2853
3045 2849
3046 2848
3047 2847
3048 2840
3049 2844
3050 2838
3051 2842
3052 2847
3053 2845
3054 2849
3055 2848
3056 2853
3057 2846
3058 2842
3059 2848
3060 2855
3061 2841
3062 2842
3063 2841
3064 2840
3065 2843
3066 2836
3067 2843
3068 2842
3069 2842
3070 2837
3071 2845
3072 2849
3073 2848
3074 2846
3075 2840
3076 2836
3077 2836
3078 2838
3079 2841
3080 2848
3081 2844
3082 2840
3083 2845
3084 2843
3085 2846
3086 2845
3087 2842
3088 2874
3089 2876
3090 2851
3091 2849
3092 2848
3093 2845
3094 2844
3095 2846
3096 2841
3097 2847
3098 2856
3099 2847
3100 2848
3101 2845
3102 2842
3103 2843
3104 2846
3105 2844
3106 2848
3107 2848
3108 2839
3109 2840
3110 2845
3111 2843
3112 2841
3113 2836
3114 2846
3115 2846
3116 2847
3117 2867
3118 2847
3119 2851
3120 2853
3121 2841
3122 2841
3123 2851
3124 2845
3125 2841
3126 2851
3127 2845
3128 2844
3129 2842
3130 2848
3131 2841
3132 2857
3133 2853
3134 2850
3135 2848
3136 2846
3137 2855
3138 2851
3139 2839
3140 2845
3141 2850
3142 2845
3143 2842
3144 2848
3145 2929
3146 2849
3147 2855
3148 2847
3149 2845
3150 2846
3151 2852
3152 2837
3153 2840
3154 2858
3155 2843
3156 2845
3157 2854
3158 2847
3159 2850
3160 2843
3161 2845
3162 2849
3163 2847
3164 2848
3165 2858
3166 2845
3167 2839
3168 2849
3169 2840
3170 2850
3171 2851
3172 2842
3173 2844
3174 2849
3175 2843
3176 2849
3177 2854
3178 2848
3179 2849
3180 2847
3181 2843
3182 2842
3183 2837
3184 2846
3185 2846
3186 2846
3187 2841
3188 2850
3189 2844
3190 2854
3191 2846
3192 2848
3193 2846
3194 2853
3195 2842
3196 2847
3197 2845
3198 2845
3199 2845
3200 2843
3201 2851
3202 2844
3203 2843
3204 2838
3205 2846
3206 2841
3207 2844
3208 2837
3209 2848
3210 2842
3211 2842
3212 2851
3213 2848
3214 2848
3215 2859
3216 2869
3217 2845
3218 2840
3219 2841
3220 2857
3221 2844
3222 2840
3223 2842
3224 2852
3225 2838
3226 2845
3227 2844
3228 2838
3229 2843
3230 2850
3231 2847
3232 2848
3233 2846
3234 2851
3235 2839
3236 2846
3237 2847
3238 2846
3239 2852
3240 2859
3241 2844
3242 2840
3243 2848
3244 2840
3245 2845
3246 2849
3247 2853
3248 2852
3249 2862
3250 2859
3251 2844
3252 2855
3253 2845
3254 2845
3255 2848
3256 2842
3257 2860
3258 2840
3259 2840
3260 2839
3261 2836
3262 2839
3263 2846
3264 2843
3265 2846
3266 2842
3267 2840
3268 2854
3269 2845
3270 2842
3271 2840
3272 2840
3273 2844
3274 2840
3275 2843
3276 2842
3277 2839
3278 2843
3279 2837
3280 2843
3281 2836
3282 2846
3283 2842
3284 2841
3285 2848
3286 2839
3287 2839
3288 2841
3289 2846
3290 2841
3291 2838
3292 2840
3293 2841
3294 2851
3295 2842
3296 2846
3297 2833
3298 2840
3299 2843
3300 2843
3301 2855
3302 2842
3303 2851
3304 2846
3305 2846
3306 2839
3307 2844
3308 2858
3309 2847
3310 2844
3311 2842
3312 2841
3313 2841
3314 2843
3315 2842
3316 2847
3317 2844
3318 2843
3319 2839
3320 2843
3321 2839
3322 2842
3323 2846
3324 2847
3325 2839
3326 2837
3327 2845
3328 2845
3329 2844
3330 2845
3331 2843
3332 2840
3333 2845
3334 2844
3335 2847
3336 2837
3337 2843
3338 2847
3339 2840
3340 2839
3341 2848
3342 2840
3343 2842
3344 2836
3345 2842
3346 2847
3347 2839
3348 2843
3349 2837
3350 2854
3351 2845
3352 2849
3353 2850
3354 2843
3355 2844
3356 2839
3357 2853
3358 2840
3359 2839
3360 2842
3361 2839
3362 2848
3363 2843
3364 2847
3365 2840
3366 2841
3367 2846
3368 2848
3369 2839
3370 2839
3371 2844
3372 2844
3373 2844
3374 2845
3375 2847
3376 2842
3377 2846
3378 2840
3379 2846
3380 2843
3381 2838
3382 2852
3383 2846
3384 2845
3385 2846
3386 2854
3387 2848
3388 2852
3389 2851
3390 2836
3391 2851
3392 2847
3393 2839
3394 2843
3395 2846
3396 2843
3397 2841
3398 2866
3399 2840
3400 2843
3401 2840
3402 2843
3403 2847
3404 2903
3405 2879
3406 2843
3407 2849
3408 2850
3409 2844
3410 2846
3411 2839
3412 2840
3413 2843
3414 2845
3415 2850
3416 2846
3417 2843
3418 2843
3419 2845
3420 2847
3421 2845
3422 2842
3423 2842
3424 2838
3425 2840
3426 2867
3427 2840
3428 2850
3429 2849
3430 2846
3431 2842
3432 2848
3433 2846
3434 2843
3435 2848
3436 2842
3437 2847
3438 2845
3439 2843
3440 2844
3441 2862
3442 2848
3443 2846
3444 2850
3445 2847
3446 2849
3447 2858
3448 2842
3449 2847
3450 2841
3451 2845
3452 2838
3453 2851
3454 2841
3455 2839
3456 2840
3457 2839
3458 2846
3459 2845
3460 2842
3461 2840
3462 2850
3463 2844
3464 2845
3465 2847
3466 2843
3467 2848
3468 2850
3469 2840
3470 2840
3471 2839
3472 2843
3473 2851
3474 2849
3475 2838
3476 2836
3477 2846
3478 2841
3479 2846
3480 2837
3481 2840
3482 2857
3483 2849
3484 2842
3485 2841
3486 2841
3487 2844
3488 2844
3489 2847
3490 2841
3491 2851
3492 2837
3493 2844
3494 2848
3495 2850
3496 2853
3497 2857
3498 2850
3499 2845
3500 2848
3501 2851
3502 2849
3503 2842
3504 2859
3505 2849
3506 2846
3507 2850
3508 2835
3509 2849
3510 2842
3511 2845
3512 2856
3513 2845
3514 2838
3515 2840
3516 2841
3517 2847
3518 2846
3519 2849
3520 2845
3521 2846
3522 2842
3523 2846
3524 2844
3525 2849
3526 2849
3527 2846
3528 2840
3529 2846
3530 2837
3531 2844
3532 2836
3533 2842
3534 2848
3535 2840
3536 2840
3537 2846
3538 2852
3539 2842
3540 2846
3541 2845
3542 2843
3543 2848
3544 2847
3545 2844
3546 2848
3547 2850
3548 2850
3549 2841
3550 2845
3551 2844
3552 2844
3553 2841
3554 2854
3555 2846
3556 2844
3557 2846
3558 2844
3559 2847
3560 2843
3561 2846
3562 2843
3563 2846
3564 2836
3565 2845
3566 2847
3567 2838
3568 2846
3569 2836
3570 2848
3571 2848
3572 2837
3573 2847
3574 2844
3575 2835
3576 2848
3577 2847
3578 2841
3579 2844
3580 2842
3581 2841
3582 2840
3583 2848
3584 2847
3585 2840
3586 2840
3587 2848
3588 2844
3589 2845
3590 2844
3591 2840
3592 2847
3593 2841
3594 2841
3595 2849
3596 2846
3597 2845
3598 2842
3599 2848
3600 2841
3601 2843
3602 2845
3603 2846
3604 2847
3605 2847
3606 2843
3607 2842
3608 2847
3609 2843
3610 2838
3611 2843
3612 2842
3613 2843
3614 2847
3615 2848
3616 2862
3617 2845
3618 2848
3619 2844
3620 2846
3621 2845
3622 2844
3623 2849
3624 2846
3625 2845
3626 2841
3627 2845
3628 2840
3629 2844
3630 2844
3631 2843
3632 2841
3633 2847
3634 2842
3635 2843
3636 2846
3637 2846
3638 2859
3639 2841
3640 2843
3641 2843
3642 2844
3643 2838
3644 2852
3645 2846
3646 2847
3647 2847
3648 2846
3649 2848
3650 2842
3651 2842
3652 2850
3653 2848
3654 2850
3655 2847
3656 2856
3657 2922
3658 2844
3659 2843
3660 2838
3661 2839
3662 2837
3663 2848
3664 2843
3665 2849
3666 2845
3667 2845
3668 2840
3669 2843
3670 2842
3671 2839
3672 2847
3673 2845
3674 2848
3675 2847
3676 2840
3677 2847
3678 2844
3679 2838
3680 2843
3681 2843
3682 2836
3683 2853
3684 2844
3685 2846
3686 2844
3687 2848
3688 2860
3689 2857
3690 2836
3691 2843
3692 2846
3693 2840
3694 2842
3695 2842
3696 2850
3697 2846
3698 2845
3699 2838
3700 2848
3701 2844
3702 2843
3703 2855
3704 2844
3705 2834
3706 2847
3707 2838
3708 2842
3709 2844
3710 2843
3711 2842
3712 2855
3713 2848
3714 2853
3715 2844
3716 2840
3717 2847
3718 2846
3719 2842
3720 2837
3721 2847
3722 2846
3723 2851
3724 2842
3725 2851
3726 2849
3727 2838
3728 2847
3729 2852
3730 2854
3731 2836
3732 2844
3733 2845
3734 2845
3735 2850
3736 2838
3737 2845
3738 2839
3739 2840
3740 2843
3741 2840
3742 2845
3743 2840
3744 2842
3745 2842
3746 2846
3747 2845
3748 2845
3749 2847
3750 2847
3751 2848
3752 2839
3753 2848
3754 2842
3755 2848
3756 2841
3757 2843
3758 2838
3759 2846
3760 2941
3761 2857
3762 2836
3763 2866
3764 2842
3765 2848
3766 2861
3767 2844
3768 2860
3769 2848
3770 2834
3771 2844
3772 2843
3773 2843
3774 2854
3775 2837
3776 2839
3777 2845
3778 2833
3779 2840
3780 2851
3781 2839
3782 2844
3783 2834
3784 2840
3785 2855
3786 2836
3787 2842
3788 2848
3789 2851
3790 2848
3791 2839
3792 2846
3793 2843
3794 2845
3795 2847
3796 2842
3797 2839
3798 2847
3799 2846
3800 2850
3801 2841
3802 2848
3803 2839
3804 2846
3805 2844
3806 2851
3807 2850
3808 2838
3809 2843
3810 2836
3811 2851
3812 2837
3813 2847
3814 2845
3815 2836
3816 2839
3817 2850
3818 2841
3819 2843
3820 2845
3821 2850
3822 2840
3823 2838
3824 2849
3825 2844
3826 2841
3827 2840
3828 2845
3829 2844
3830 2843
3831 2840
3832 2858
3833 2838
3834 2844
3835 2839
3836 2844
3837 2848
3838 2838
3839 2839
3840 2846
3841 2837
3842 2848
3843 2841
3844 2846
3845 2845
3846 2842
3847 2839
3848 2848
3849 2848
3850 2849
3851 2846
3852 2849
3853 2844
3854 2841
3855 2848
3856 2844
3857 2846
3858 2856
3859 2843
3860 2841
3861 2842
3862 2843
3863 2844
3864 2842
3865 2844
3866 2842
3867 2845
3868 2846
3869 2835
3870 2841
3871 2842
3872 2842
3873 2845
3874 2845
3875 2844
3876 2856
3877 2844
3878 2862
3879 2845
3880 2847
3881 2860
3882 2843
3883 2847
3884 2845
3885 2840
3886 2838
3887 2843
3888 2844
3889 2845
3890 2847
3891 2845
3892 2845
3893 2846
3894 2841
3895 2846
3896 2835
3897 2843
3898 2837
3899 2848
3900 2843
3901 2845
3902 2847
3903 2846
3904 2840
3905 2908
3906 2876
3907 2847
3908 2844
3909 2846
3910 2865
3911 2843
3912 2833
3913 2844
3914 2845
3915 2850
3916 2843
3917 2847
3918 2845
3919 2845
3920 2848
3921 2850
3922 2843
3923 2840
3924 2860
3925 2842
3926 2848
3927 2847
3928 2848
3929 2847
3930 2842
3931 2858
3932 2842
3933 2848
3934 2844
3935 2847
3936 2850
3937 2854
3938 2832
3939 2854
3940 2848
3941 2846
3942 2837
3943 2839
3944 2846
3945 2846
3946 2839
3947 2840
3948 2843
3949 2841
3950 2841
3951 2840
3952 2843
3953 2847
3954 2848
3955 2846
3956 2846
3957 2838
3958 2847
3959 2843
3960 2838
3961 2855
3962 2839
3963 2843
3964 2857
3965 2925
3966 2849
3967 2837
3968 2844
3969 2846
3970 2846
3971 2844
3972 2846
3973 2846
3974 2841
3975 2836
3976 2841
3977 2841
3978 2841
3979 2837
3980 2842
3981 2840
3982 2842
3983 2838
3984 2843
3985 2846
3986 2846
3987 2846
3988 2845
3989 2848
3990 2847
3991 2839
3992 2837
3993 2843
3994 2849
3995 2838
3996 2854
3997 2843
3998 2864
3999 2847
4000 2854
4001 2844
4002 2857
4003 2849
4004 2842
4005 2844
4006 2846
4007 2840
4008 2843
4009 2848
4010 2867
4011 2846
4012 2849
4013 2846
4014 2842
4015 2843
4016 2860
4017 2847
4018 2845
4019 2843
4020 2842
4021 2838
4022 2845
4023 2842
4024 2844
4025 2844
4026 2848
4027 2843
4028 2843
4029 2840
4030 2849
4031 2844
4032 2842
4033 2843
4034 2840
4035 2845
4036 2847
4037 2854
4038 2843
4039 2851
4040 2835
4041 2844
4042 2847
4043 2837
4044 2842
4045 2848
4046 2847
4047 2839
4048 2840
4049 2842
4050 2844
4051 2838
4052 2845
4053 2847
4054 2861
4055 2846
4056 2843
4057 2846
4058 2860
4059 2848
4060 2852
4061 2843
4062 2842
4063 2835
4064 2845
4065 2842
4066 2838
4067 2921
4068 2842
4069 2843
4070 2847
4071 2842
4072 2839
4073 2840
4074 2834
4075 2844
4076 2835
4077 2845
4078 2845
4079 2845
4080 2847
4081 2859
4082 2846
4083 2845
4084 2838
4085 2845
4086 2851
4087 2840
4088 2842
4089 2842
4090 2842
4091 2841
4092 2836
4093 2843
4094 2836
4095 2849
4096 2847
4097 2847
4098 2843
4099 2841
4100 2843
4101 2840
4102 2835
4103 2840
4104 2843
4105 2839
4106 2836
4107 2839
4108 2857
4109 2842
4110 2844
4111 2844
4112 2847
4113 2841
4114 2844
4115 2844
4116 2850
4117 2861
4118 2847
4119 2842
4120 2841
4121 2854
4122 2846
4123 2845
4124 2842
4125 2843
4126 2848
4127 2845
4128 2843
4129 2847
4130 2844
4131 2835
4132 2844
4133 2840
4134 2848
4135 2846
4136 2860
4137 2848
4138 2848
4139 2839
4140 2845
4141 2864
4142 2845
4143 2847
4144 2838
4145 2842
4146 2845
4147 2843
4148 2844
4149 2845
4150 2846
4151 2850
4152 2846
4153 2844
4154 2847
4155 2847
4156 2853
4157 2842
4158 2843
4159 2844
4160 2845
4161 2839
4162 2838
4163 2841
4164 2842
4165 2863
4166 2845
4167 2847
4168 2846
4169 2848
4170 2839
4171 2842
4172 2846
4173 2845
4174 2836
4175 2848
4176 2849
4177 2840
4178 2839
4179 2845
4180 2863
4181 2837
4182 2838
4183 2847
4184 2848
4185 2843
4186 2849
4187 2843
4188 2843
4189 2863
4190 2844
4191 2842
4192 2839
4193 2839
4194 2850
4195 2845
4196 2839
4197 2843
4198 2844
4199 2841
4200 2843
4201 2849
4202 2847
4203 2846
4204 2838
4205 2837
4206 2841
4207 2843
4208 2841
4209 2846
4210 2850
4211 2844
4212 2846
4213 2844
4214 2843
4215 2846
4216 2841
4217 2852
4218 2843
4219 2840
4220 2845
4221 2855
4222 2847
4223 2846
4224 2842
4225 2843
4226 2843
4227 2842
4228 2835
4229 2845
4230 2852
4231 2840
4232 2843
4233 2839
4234 2839
4235 2841
4236 2845
4237 2838
4238 2853
4239 2840
4240 2905
4241 2878
4242 2853
4243 2853
4244 2846
4245 2851
4246 2846
4247 2845
4248 2849
4249 2845
4250 2843
4251 2837
4252 2846
4253 2839
4254 2844
4255 2839
4256 2845
4257 2847
4258 2840
4259 2842
4260 2844
4261 2845
4262 2842
4263 2846
4264 2844
4265 2863
4266 2841
4267 2845
4268 2833
4269 2843
4270 2832
4271 2841
4272 2845
4273 2843
4274 2852
4275 2846
4276 2843
4277 2844
4278 2839
4279 2839
4280 2845
4281 2838
4282 2842
4283 2848
4284 2844
4285 2852
4286 2844
4287 2851
4288 2845
4289 2843
4290 2841
4291 2841
4292 2840
4293 2845
4294 2844
4295 2840
4296 2847
4297 2845
4298 2850
4299 2839
4300 2848
4301 2846
4302 2850
4303 2845
4304 2841
4305 2844
4306 2839
4307 2844
4308 2852
4309 2845
4310 2842
4311 2851
4312 2847
4313 2839
4314 2842
4315 2848
4316 2838
4317 2848
4318 2838
4319 2847
4320 2841
4321 2837
4322 2839
4323 2841
4324 2840
4325 2843
4326 2842
4327 2854
4328 2843
4329 2846
4330 2844
4331 2845
4332 2835
4333 2843
4334 2841
4335 2837
4336 2837
4337 2841
4338 2842
4339 2842
4340 2838
4341 2847
4342 2835
4343 2843
4344 2847
4345 2838
4346 2839
4347 2839
4348 2848
4349 2849
4350 2848
4351 2839
4352 2844
4353 2844
4354 2838
4355 2846
4356 2830
4357 2838
4358 2846
4359 2844
4360 2839
4361 2849
4362 2839
4363 2846
4364 2839
4365 2845
4366 2844
4367 2840
4368 2846
4369 2838
4370 2846
4371 2844
4372 2840
4373 2846
4374 2846
4375 2836
4376 2839
4377 2842
4378 2838
4379 2838
4380 2838
4381 2835
4382 2838
4383 2837
4384 2847
4385 2842
4386 2848
4387 2839
4388 2841
4389 2833
4390 2832
4391 2845
4392 2836
4393 2839
4394 2851
4395 2839
4396 2842
4397 2839
4398 2857
4399 2842
4400 2844
4401 2845
4402 2848
4403 2840
4404 2850
4405 2849
4406 2902
4407 7124
4408 2850
4409 2927
4410 2847
4411 2836
4412 2841
4413 2846
4414 2840
4415 2840
4416 2857
4417 2847
4418 2843
4419 2847
4420 2857
4421 2841
4422 2845
4423 2840
4424 2835
4425 2839
4426 2839
4427 2843
4428 2835
4429 2849
4430 2848
4431 2846
4432 2848
4433 2841
4434 2837
4435 2841
4436 2843
4437 2853
4438 2853
4439 2843
4440 2845
4441 2835
4442 2846
4443 2855
4444 2843
4445 2840
4446 2838
4447 2850
4448 2838
4449 2838
4450 2835
4451 2848
4452 2842
4453 2849
4454 2845
4455 2844
4456 2846
4457 2844
4458 2837
4459 2838
4460 2840
4461 2842
4462 2837
4463 2845
4464 2847
4465 2845
4466 2845
4467 2843
4468 2840
4469 2845
4470 2839
4471 2842
4472 2843
4473 2837
4474 2846
4475 2843
4476 2841
4477 2845
4478 2838
4479 2841
4480 2848
4481 2847
4482 2847
4483 2839
4484 2849
4485 2842
4486 2840
4487 2846
4488 2837
4489 2843
4490 2845
4491 2839
4492 2842
4493 2836
4494 2839
4495 2838
4496 2848
4497 2844
4498 2846
4499 2839
4500 2835
4501 2843
4502 2834
4503 2838
4504 2834
4505 2846
4506 2845
4507 2844
4508 2834
4509 2841
4510 2847
4511 2837
4512 2844
4513 2845
4514 2838
4515 2855
4516 2844
4517 2840
4518 2844
4519 2840
4520 2840
4521 2850
4522 2851
4523 2841
4524 2840
4525 2842
4526 2839
4527 2835
4528 2847
4529 2846
4530 2842
4531 2849
4532 2839
4533 2844
4534 2845
4535 2853
4536 2848
4537 2846
4538 2854
4539 2846
4540 2848
4541 2842
4542 2841
4543 2842
4544 2836
4545 2846
4546 2844
4547 2835
4548 2841
4549 2837
4550 2853
4551 2849
4552 2846
4553 2843
4554 2847
4555 2845
4556 2845
4557 2840
4558 2839
4559 2850
4560 2848
4561 2841
4562 2843
4563 2840
4564 2845
4565 2838
4566 2838
4567 2848
4568 2841
4569 2841
4570 2842
4571 2849
4572 2842
4573 2846
4574 2842
4575 2848
4576 2848
4577 2847
4578 2843
4579 2844
4580 2836
4581 2844
4582 2844
4583 2839
4584 2849
4585 2840
4586 2845
4587 2846
4588 2843
4589 2844
4590 2842
4591 2842
4592 2850
4593 2854
4594 2844
4595 2844
4596 2845
4597 2840
4598 2842
4599 2840
4600 2852
4601 2841
4602 2836
4603 2846
4604 2841
4605 2849
4606 2843
4607 2852
4608 2848
4609 2852
4610 2844
4611 2848
4612 2845
4613 2852
4614 2838
4615 2845
4616 2840
4617 2839
4618 2845
4619 2837
4620 2848
4621 2844
4622 2840
4623 2845
4624 2846
4625 2843
4626 2845
4627 2848
4628 2842
4629 2843
4630 2841
4631 2844
4632 2839
4633 2837
4634 2841
4635 2847
4636 2839
4637 2840
4638 2849
4639 2840
4640 2837
4641 2835
4642 2845
4643 2843
4644 2843
4645 2839
4646 2844
4647 2842
4648 2842
4649 2844
4650 2840
4651 2846
4652 2843
4653 2847
4654 2848
4655 2839
4656 2846
4657 2848
4658 2838
4659 2851
4660 2843
4661 2844
4662 2842
4663 2841
4664 2844
4665 2840
4666 2840
4667 2842
4668 2847
4669 2847
4670 2842
4671 2843
4672 2854
4673 2849
4674 2848
4675 2844
4676 2845
4677 2839
4678 2848
4679 2839
4680 2847
4681 2842
4682 2850
4683 2848
4684 2845
4685 2845
4686 2846
4687 2841
4688 2848
4689 2844
4690 2843
4691 2837
4692 2835
4693 2840
4694 2846
4695 2845
4696 2845
4697 2845
4698 2845
4699 2840
4700 2838
4701 2836
4702 2841
4703 2841
4704 2837
4705 2844
4706 2855
4707 2847
4708 2841
4709 2841
4710 2856
4711 2851
4712 2842
4713 2843
4714 2851
4715 2844
4716 2836
4717 2849
4718 2844
4719 2843
4720 2844
4721 2848
4722 2841
4723 2841
4724 2839
4725 2849
4726 2842
4727 2842
4728 2839
4729 2842
4730 2850
4731 2838
4732 2843
4733 2842
4734 2849
4735 2838
4736 2840
4737 2842
4738 2839
4739 2848
4740 2838
4741 2842
4742 2842
4743 2844
4744 2843
4745 2839
4746 2846
4747 2843
4748 2847
4749 2846
4750 2834
4751 2833
4752 2846
4753 2843
4754 2843
4755 2840
4756 2842
4757 2837
4758 2846
4759 2837
4760 2846
4761 2841
4762 2842
4763 2843
4764 2844
4765 2845
4766 2839
4767 2842
4768 2840
4769 2842
4770 2838
4771 2838
4772 2843
4773 2841
4774 2843
4775 2851
4776 2845
4777 2846
4778 2842
4779 2838
4780 2848
4781 2843
4782 2841
4783 2845
4784 2842
4785 2842
4786 2842
4787 2847
4788 2842
4789 2839
4790 2842
4791 2835
4792 2840
4793 2845
4794 2846
4795 2847
4796 2840
4797 2849
4798 2838
4799 2841
4800 2843
4801 2843
4802 2848
4803 2840
4804 2845
4805 2845
4806 2841
4807 2843
4808 2848
4809 2841
4810 2840
4811 2841
4812 2846
4813 2841
4814 2846
4815 2836
4816 2936
4817 2924
4818 2927
4819 2921
4820 2858
4821 2859
4822 2852
4823 2853
4824 2846
4825 2850
4826 2847
4827 2842
4828 2857
4829 2841
4830 2845
4831 2846
4832 2849
4833 2845
4834 2845
4835 2849
4836 2844
4837 2847
4838 2851
4839 2842
4840 2841
4841 2847
4842 2836
4843 2858
4844 2846
4845 2845
4846 2848
4847 2843
4848 2841
4849 2847
4850 2842
4851 2847
4852 2843
4853 2850
4854 2849
4855 2843
4856 2841
4857 2844
4858 2843
4859 2846
4860 2846
4861 2837
4862 2845
4863 2857
4864 2846
4865 2844
4866 2837
4867 2840
4868 2844
4869 2847
4870 2850
4871 2851
4872 2849
4873 2863
4874 2847
4875 2840
4876 2841
4877 2849
4878 2841
4879 2841
4880 2840
4881 2836
4882 2846
4883 2845
4884 2842
4885 2840
4886 2855
4887 2848
4888 2851
4889 2845
4890 2853
4891 2849
4892 2844
4893 2850
4894 2849
4895 2844
4896 2849
4897 2851
4898 2842
4899 2842
4900 2856
4901 2847
4902 2844
4903 2843
4904 2841
4905 2846
4906 2850
4907 2905
4908 7109
4909 2883
4910 2854
4911 2864
4912 2843
4913 2845
4914 2844
4915 2857
4916 2843
4917 2846
4918 2841
4919 2846
4920 2841
4921 2852
4922 2842
4923 2849
4924 2835
4925 2844
4926 2851
4927 2842
4928 2848
4929 2843
4930 2843
4931 2847
4932 2841
4933 2845
4934 2846
4935 2845
4936 2842
4937 2843
4938 2845
4939 2846
4940 2839
4941 2844
4942 2848
4943 2848
4944 2842
4945 2849
4946 2848
4947 2845
4948 2846
4949 2841
4950 2841
4951 2844
4952 2847
4953 2842
4954 2850
4955 2844
4956 2847
4957 2843
4958 2849
4959 2847
4960 2845
4961 2849
4962 2850
4963 2846
4964 2840
4965 2852
4966 2848
4967 2846
4968 2850
4969 2832
4970 2840
4971 2844
4972 2844
4973 2845
4974 2845
4975 2842
4976 2854
4977 2849
4978 2847
4979 2847
4980 2844
4981 2847
4982 2848
4983 2847
4984 2845
4985 2851
4986 2839
4987 2846
4988 2840
4989 2843
4990 2849
4991 2844
4992 2840
4993 2840
4994 2846
4995 2844
4996 2838
4997 2841
4998 2847
4999 2840
5000 2845
5001 2845
5002 2842
5003 2844
5004 2845
5005 2845
5006 2843
5007 2836
5008 2848
5009 2846
5010 2845
5011 2842
5012 2841
5013 2839
5014 2838
5015 2839
5016 2846
5017 2848
5018 2848
5019 2847
5020 2854
5021 2849
5022 2841
5023 2842
5024 2839
5025 2844
5026 2849
5027 2845
5028 2842
5029 2837
5030 2847
5031 2846
5032 2850
5033 2854
5034 2848
5035 2848
5036 2844
5037 2844
5038 2836
5039 2840
5040 2845
5041 2846
5042 2846
5043 2846
5044 2838
5045 2842
5046 2847
5047 2852
5048 2849
5049 2842
5050 2843
5051 2838
5052 2840
5053 2839
5054 2846
5055 2847
5056 2848
5057 2847
5058 2842
5059 2841
5060 2843
5061 2834
5062 2859
5063 2844
5064 2855
5065 2846
5066 2845
5067 2840
5068 2845
5069 2850
5070 2841
5071 2837
5072 2842
5073 2845
5074 2844
5075 2845
5076 2848
5077 2846
5078 2853
5079 2848
5080 2846
5081 2846
5082 2850
5083 2846
5084 2842
5085 2851
5086 2841
5087 2846
5088 2846
5089 2847
5090 2837
5091 2856
5092 2849
5093 2840
5094 2846
5095 2845
5096 2847
5097 2839
5098 2845
5099 2835
5100 2851
5101 2844
5102 2847
5103 2842
5104 2838
5105 2842
5106 2844
5107 2846
5108 2844
5109 2849
5110 2843
5111 2850
5112 2839
5113 2842
5114 2838
5115 2846
5116 2850
5117 2875
5118 2853
5119 2848
5120 2843
5121 2847
5122 2856
5123 2842
5124 2847
5125 2840
5126 2842
5127 2845
5128 2844
5129 2845
5130 2849
5131 2837
5132 2847
5133 2840
5134 2846
5135 2844
5136 2850
5137 2844
5138 2845
5139 2849
5140 2845
5141 2841
5142 2845
5143 2844
5144 2846
5145 2844
5146 2845
5147 2847
5148 2851
5149 2840
5150 2843
5151 2845
5152 2842
5153 2844
5154 2849
5155 2846
5156 2838
5157 2847
5158 2847
5159 2847
5160 2843
5161 2842
5162 2840
5163 2845
5164 2841
5165 2843
5166 2847
5167 2841
5168 2841
5169 2841
5170 2848
5171 2839
5172 2850
5173 2845
5174 2851
5175 2836
5176 2846
5177 2849
5178 2842
5179 2844
5180 2847
5181 2846
5182 2849
5183 2844
5184 2846
5185 2846
5186 2838
5187 2846
5188 2843
5189 2843
5190 2842
5191 2853
5192 2847
5193 2856
5194 2844
5195 2852
5196 2845
5197 2844
5198 2849
5199 2856
5200 2844
5201 2845
5202 2846
5203 2845
5204 2840
5205 2848
5206 2844
5207 2844
5208 2850
5209 2848
5210 2850
5211 2849
5212 2845
5213 2844
5214 2839
5215 2844
5216 2861
5217 2850
5218 2848
5219 2847
5220 2847
5221 2839
5222 2849
5223 2840
5224 2843
5225 2855
5226 2848
5227 2846
5228 2842
5229 2841
5230 2843
5231 2847
5232 2844
5233 2850
5234 2840
5235 2842
5236 2843
5237 2841
5238 2853
5239 2844
5240 2849
5241 2845
5242 2840
5243 2848
5244 2852
5245 2844
5246 2855
5247 2848
5248 2850
5249 2847
5250 2846
5251 2845
5252 2854
5253 2843
5254 2852
5255 2852
5256 2841
5257 2839
5258 2839
5259 2845
5260 2845
5261 2837
5262 2847
5263 2845
5264 2851
5265 2844
5266 2845
5267 2841
5268 2846
5269 2843
5270 2851
5271 2850
5272 2849
5273 2847
5274 2843
5275 2843
5276 2846
5277 2847
5278 2840
5279 2841
5280 2845
5281 2841
5282 2847
5283 2853
5284 2835
5285 2845
5286 2837
5287 2843
5288 2845
5289 2843
5290 2842
5291 2844
5292 2842
5293 2843
5294 2841
5295 2842
5296 2849
5297 2847
5298 2851
5299 2843
5300 2855
5301 2847
5302 2846
5303 2842
5304 2851
5305 2841
5306 2851
5307 2853
5308 2842
5309 2845
5310 2850
5311 2841
5312 2839
5313 2842
5314 2839
5315 2847
5316 2848
5317 2838
5318 2846
5319 2847
5320 2839
5321 2840
5322 2844
5323 2842
5324 2847
5325 2844
5326 2842
5327 2846
5328 2843
5329 2847
5330 2846
5331 2844
5332 2841
5333 2841
5334 2856
5335 2845
5336 2846
5337 2843
5338 2850
5339 2844
5340 2837
5341 2838
5342 2846
5343 2838
5344 2851
5345 2844
5346 2839
5347 2848
5348 2849
5349 2839
5350 2848
5351 2846
5352 2845
5353 2839
5354 2850
5355 2849
5356 2845
5357 2843
5358 2849
5359 2846
5360 2850
5361 2851
5362 2844
5363 2843
5364 2847
5365 2843
5366 2841
5367 2848
5368 2850
5369 2845
5370 2844
5371 2840
5372 2847
5373 2843
5374 2849
5375 2846
5376 2846
5377 2839
5378 2852
5379 2848
5380 2841
5381 2837
5382 2840
5383 2837
5384 2845
5385 2849
5386 2843
5387 2844
5388 2838
5389 2841
5390 2843
5391 2846
5392 2846
5393 2841
5394 2850
5395 2844
5396 2841
5397 2841
5398 2853
5399 2842
5400 2850
5401 2845
5402 2845
5403 2845
5404 2848
5405 2835
5406 2851
5407 2841
5408 2910
5409 2879
5410 2854
5411 2843
5412 2852
5413 2843
5414 2848
5415 2840
5416 2838
5417 2834
5418 2839
5419 2838
5420 2839
5421 2854
5422 2842
5423 2841
5424 2843
5425 2846
5426 2844
5427 2857
5428 2840
5429 2846
5430 2843
5431 2847
5432 2839
5433 2848
5434 2849
5435 2843
5436 2841
5437 2843
5438 2845
5439 2839
5440 2845
5441 2843
5442 2838
5443 2853
5444 2843
5445 2847
5446 2840
5447 2843
5448 2838
5449 2841
5450 2845
5451 2841
5452 2843
5453 2846
5454 2847
5455 2846
5456 2840
5457 2842
5458 2848
5459 2844
5460 2844
5461 2842
5462 2836
5463 2847
5464 2847
5465 2841
5466 2845
5467 2843
5468 2838
5469 2843
5470 2840
5471 2836
5472 2845
5473 2845
5474 2842
5475 2843
5476 2841
5477 2844
5478 2838
5479 2847
5480 2840
5481 2851
5482 2835
5483 2841
5484 2844
5485 2843
5486 2850
5487 2839
5488 2853
5489 2845
5490 2851
5491 2849
5492 2841
5493 2847
5494 2846
5495 2838
5496 2844
5497 2846
5498 2840
5499 2849
5500 2842
5501 2851
5502 2838
5503 2841
5504 2838
5505 2846
5506 2844
5507 2847
5508 2854
5509 2846
5510 2841
5511 2849
5512 2843
5513 2839
5514 2849
5515 2848
5516 2845
5517 2843
5518 2848
5519 2843
5520 2846
5521 2850
5522 2840
5523 2849
5524 2841
5525 2846
5526 2842
5527 2842
5528 2851
5529 2843
5530 2845
5531 2846
5532 2841
5533 2845
5534 2843
5535 2844
5536 2840
5537 2842
5538 2845
5539 2847
5540 2843
5541 2841
5542 2845
5543 2846
5544 2841
5545 2846
5546 2841
5547 2843
5548 2850
5549 2837
5550 2840
5551 2846
5552 2844
5553 2840
5554 2845
5555 2847
5556 2845
5557 2845
5558 2842
5559 2847
5560 2845
5561 2843
5562 2840
5563 2846
5564 2841
5565 2845
5566 2846
5567 2842
5568 2842
5569 2848
5570 2843
5571 2841
5572 2845
5573 2848
5574 2846
5575 2836
5576 2847
5577 2840
5578 2844
5579 2844
5580 2845
5581 2846
5582 2845
5583 2847
5584 2837
5585 2842
5586 2841
5587 2842
5588 2845
5589 2839
5590 2853
5591 2844
5592 2846
5593 2846
5594 2849
5595 2838
5596 2845
5597 2849
5598 2849
5599 2839
5600 2840
5601 2844
5602 2842
5603 2852
5604 2840
5605 2845
5606 2844
5607 2840
5608 2843
5609 2846
5610 2842
5611 2839
5612 2847
5613 2844
5614 2835
5615 2836
5616 2868
5617 2844
5618 2848
5619 2845
5620 2843
5621 2840
5622 2847
5623 2847
5624 2850
5625 2849
5626 2841
5627 2847
5628 2842
5629 2847
5630 2852
5631 2849
5632 2841
5633 2849
5634 2845
5635 2847
5636 2842
5637 2840
5638 2842
5639 2848
5640 2849
5641 2847
5642 2844
5643 2845
5644 2844
5645 2841
5646 2843
5647 2844
5648 2844
5649 2850
5650 2840
5651 2842
5652 2842
5653 2840
5654 2849
5655 2842
5656 2845
5657 2840
5658 2843
5659 2846
5660 2852
5661 2857
5662 2847
5663 2852
5664 2839
5665 2837
5666 2846
5667 2849
5668 2839
5669 2842
5670 2843
5671 2840
5672 2847
5673 2856
5674 2847
5675 2853
5676 2842
5677 2845
5678 2840
5679 2845
5680 2838
5681 2842
5682 2847
5683 2842
5684 2843
5685 2841
5686 2845
5687 2835
5688 2844
5689 2844
5690 2857
5691 2847
5692 2856
5693 2852
5694 2848
5695 2831
5696 2837
5697 2842
5698 2843
5699 2840
5700 2843
5701 2838
5702 2846
5703 2849
5704 2846
5705 2855
5706 2849
5707 2844
5708 2845
5709 2846
5710 2846
5711 2842
5712 2849
5713 2839
5714 2856
5715 2845
5716 2851
5717 2845
5718 2846
5719 2839
5720 2845
5721 2838
5722 2849
5723 2837
5724 2842
5725 2837
5726 2839
5727 2845
5728 2841
5729 2839
5730 2839
5731 2839
5732 2847
5733 2839
5734 2845
5735 2841
5736 2840
5737 2845
5738 2847
5739 2843
5740 2846
5741 2834
5742 2844
5743 2845
5744 2850
5745 2844
5746 2836
5747 2850
5748 2839
5749 2839
5750 2844
5751 2840
5752 2839
5753 2845
5754 2852
5755 2846
5756 2848
5757 2842
5758 2848
5759 2841
5760 2840
5761 2844
5762 2845
5763 2845
5764 2848
5765 2845
5766 2845
5767 2840
5768 2845
5769 2840
5770 2847
5771 2846
5772 2846
5773 2844
5774 2852
5775 2843
5776 2848
5777 2840
5778 2848
5779 2841
5780 2848
5781 2840
5782 2844
5783 2848
5784 2844
5785 2833
5786 2847
5787 2844
5788 2852
5789 2843
5790 2846
5791 2844
5792 2847
5793 2848
5794 2852
5795 2845
5796 2844
5797 2844
5798 2858
5799 2849
5800 2844
5801 2849
5802 2842
5803 2841
5804 2841
5805 2841
5806 2839
5807 2838
5808 2842
5809 2854
5810 2846
5811 2847
5812 2843
5813 2845
5814 2842
5815 2859
5816 2842
5817 2841
5818 2839
5819 2856
5820 2843
5821 2852
5822 2845
5823 2844
5824 2838
5825 2843
5826 2836
5827 2843
5828 2849
5829 2846
5830 2845
5831 2846
5832 2846
5833 2850
5834 2844
5835 2848
5836 2845
5837 2838
5838 2846
5839 2858
5840 2852
5841 2843
5842 2846
5843 2856
5844 2845
5845 2840
5846 2844
5847 2846
5848 2843
5849 2844
5850 2844
5851 2850
5852 2843
5853 2867
5854 2851
5855 2839
5856 2840
5857 2839
5858 2847
5859 2843
5860 2839
5861 2850
5862 2846
5863 2839
5864 2846
5865 2849
5866 2842
5867 2844
5868 2847
5869 2838
5870 2846
5871 2843
5872 2848
5873 2845
5874 2849
5875 2840
5876 2845
5877 2849
5878 2841
5879 2843
5880 2843
5881 2848
5882 2840
5883 2846
5884 2847
5885 2842
5886 2842
5887 2837
5888 2844
5889 2838
5890 2842
5891 2853
5892 2841
5893 2843
5894 2850
5895 2836
5896 2850
5897 2844
5898 2845
5899 2842
5900 2842
5901 2859
5902 2842
5903 2833
5904 2844
5905 2850
5906 2843
5907 2839
5908 2844
5909 2909
5910 2875
5911 2847
5912 2847
5913 2846
5914 2837
5915 2848
5916 2850
5917 2849
5918 2845
5919 2839
5920 2849
5921 2839
5922 2838
5923 2848
5924 2840
5925 2835
5926 2844
5927 2844
5928 2845
5929 2846
5930 2846
5931 2848
5932 2847
5933 2842
5934 2848
5935 2845
5936 2848
5937 2843
5938 2843
5939 2842
5940 2844
5941 2843
5942 2840
5943 2846
5944 2846
5945 2841
5946 2847
5947 2836
5948 2848
5949 2847
5950 2840
5951 2843
5952 2848
5953 2841
5954 2849
5955 2847
5956 2847
5957 2847
5958 2846
5959 2843
5960 2840
5961 2844
5962 2844
5963 2846
5964 2846
5965 2854
5966 2850
5967 2838
5968 2840
5969 2846
5970 2844
5971 2851
5972 2837
5973 2853
5974 2847
5975 2850
5976 2843
5977 2850
5978 2848
5979 2845
5980 2844
5981 2848
5982 2849
5983 2854
5984 2857
5985 2846
5986 2842
5987 2845
5988 2847
5989 2855
5990 2847
5991 2846
5992 2836
5993 2839
5994 2847
5995 2843
5996 2844
5997 2841
5998 2841
5999 2848
6000 2850
6001 2843
6002 2846
6003 2845
6004 2847
6005 2842
6006 2844
6007 2844
6008 2846
6009 2836
6010 2850
6011 2842
6012 2847
6013 2859
6014 2847
6015 2843
6016 2863
6017 2844
6018 2843
6019 2836
6020 2839
6021 2853
6022 2847
6023 2846
6024 2841
6025 2841
6026 2843
6027 2850
6028 2845
6029 2843
6030 2840
6031 2844
6032 2841
6033 2839
6034 2847
6035 2850
6036 2846
6037 2843
6038 2846
6039 2839
6040 2842
6041 2845
6042 2840
6043 2846
6044 2853
6045 2845
6046 2846
6047 2841
6048 2842
6049 2854
6050 2840
6051 2841
6052 2843
6053 2848
6054 2864
6055 2850
6056 2853
6057 2848
6058 2839
6059 2847
6060 2837
6061 2844
6062 2841
6063 2842
6064 2835
6065 2847
6066 2851
6067 2856
6068 2847
6069 2847
6070 2839
6071 2845
6072 2844
6073 2844
6074 2849
6075 2843
6076 2843
6077 2846
6078 2839
6079 2841
6080 2917
6081 2845
6082 2844
6083 2839
6084 2847
6085 2840
6086 2847
6087 2839
6088 2845
6089 2842
6090 2844
6091 2844
6092 2846
6093 2844
6094 2845
6095 2839
6096 2844
6097 2844
6098 2844
6099 2834
6100 2842
6101 2842
6102 2849
6103 2846
6104 2848
6105 2849
6106 2840
6107 2837
6108 2843
6109 2842
6110 2843
6111 2857
6112 2841
6113 2844
6114 2841
6115 2848
6116 2847
6117 2867
6118 2848
6119 2849
6120 2841
6121 2848
6122 2878
6123 2849
6124 2843
6125 2846
6126 2837
6127 2840
6128 2844
6129 2846
6130 2840
6131 2842
6132 2845
6133 2846
6134 2847
6135 2847
6136 2869
6137 2839
6138 2844
6139 2847
6140 2881
6141 2872
6142 2841
6143 2840
6144 2843
6145 2845
6146 2841
6147 2872
6148 2847
6149 2847
6150 2847
6151 2848
6152 2842
6153 2839
6154 2853
6155 2837
6156 2845
6157 2846
6158 2842
6159 2841
6160 2850
6161 2845
6162 2844
6163 2847
6164 2842
6165 2842
6166 2844
6167 2835
6168 2841
6169 2842
6170 2839
6171 2847
6172 2845
6173 2838
6174 2843
6175 2849
6176 2848
6177 2843
6178 2845
6179 2848
6180 2848
6181 2838
6182 2844
6183 2840
6184 2844
6185 2844
6186 2837
6187 2839
6188 2839
6189 2840
6190 2846
6191 2845
6192 2847
6193 2845
6194 2844
6195 2840
6196 2843
6197 2843
6198 2847
6199 2836
6200 2847
6201 2845
6202 2840
6203 2845
6204 2846
6205 2838
6206 2847
6207 2845
6208 2838
6209 2871
6210 2847
6211 2842
6212 2840
6213 2845
6214 2840
6215 2850
6216 2843
6217 2853
6218 2851
6219 2843
6220 2844
6221 2837
6222 2852
6223 2840
6224 2835
6225 2839
6226 2840
6227 2837
6228 2847
6229 2850
6230 2841
6231 2841
6232 2849
6233 2838
6234 2842
6235 2844
6236 2844
6237 2836
6238 2849
6239 2843
6240 2880
6241 2843
6242 2845
6243 2849
6244 2847
6245 2843
6246 2851
6247 2876
6248 2844
6249 2850
6250 2841
6251 2847
6252 2838
6253 2845
6254 2855
6255 2851
6256 2835
6257 2847
6258 2839
6259 2847
6260 2846
6261 2845
6262 2848
6263 2861
6264 2848
6265 2850
6266 2842
6267 2840
6268 2838
6269 2839
6270 2841
6271 2841
6272 2848
6273 2839
6274 2843
6275 2836
6276 2844
6277 2844
6278 2849
6279 2844
6280 2841
6281 2838
6282 2848
6283 2843
6284 2841
6285 2848
6286 2842
6287 2842
6288 2847
6289 2843
6290 2842
6291 2844
6292 2841
6293 2849
6294 2847
6295 2841
6296 2847
6297 2849
6298 2841
6299 2847
6300 2855
6301 2841
6302 2843
6303 2859
6304 2847
6305 2843
6306 2845
6307 2851
6308 2846
6309 2846
6310 2848
6311 2848
6312 2839
6313 2841
6314 2848
6315 2841
6316 2843
6317 2844
6318 2837
6319 2853
6320 2854
6321 2847
6322 2845
6323 2844
6324 2841
6325 2851
6326 2848
6327 2850
6328 2844
6329 2844
6330 2843
6331 2840
6332 2846
6333 2842
6334 2847
6335 2841
6336 2843
6337 2840
6338 2842
6339 2840
6340 2842
6341 2838
6342 2847
6343 2849
6344 2845
6345 2846
6346 2840
6347 2840
6348 2842
6349 2850
6350 2840
6351 2846
6352 2846
6353 2845
6354 2845
6355 2850
6356 2851
6357 2843
6358 2843
6359 2840
6360 2858
6361 2841
6362 2845
6363 2840
6364 2840
6365 2841
6366 2844
6367 2842
6368 2849
6369 2839
6370 2879
6371 2838
6372 2848
6373 2841
6374 2841
6375 2840
6376 2839
6377 2851
6378 2843
6379 2847
6380 2856
6381 2839
6382 2842
6383 2851
6384 2834
6385 2837
6386 2857
6387 2844
6388 2843
6389 2845
6390 2853
6391 2842
6392 2843
6393 2845
6394 2854
6395 2845
6396 2840
6397 2843
6398 2844
6399 2847
6400 2859
6401 2847
6402 2846
6403 2845
6404 2845
6405 2848
6406 2848
6407 2840
6408 2847
6409 2848
6410 2906
6411 2875
6412 2852
6413 2849
6414 2835
6415 2842
6416 2860
6417 2846
6418 2848
6419 2850
6420 2842
6421 2860
6422 2916
6423 2845
6424 2846
6425 2839
6426 2847
6427 2844
6428 2843
6429 2856
6430 2874
6431 2868
6432 2838
6433 2848
6434 2847
6435 2838
6436 2871
6437 2850
6438 2844
6439 2840
6440 2846
6441 2845
6442 2848
6443 2847
6444 2842
6445 2848
6446 2845
6447 2840
6448 2840
6449 2845
6450 2842
6451 2846
6452 2840
6453 2845
6454 2845
6455 2847
6456 2837
6457 2839
6458 2848
6459 2841
6460 2878
6461 2839
6462 2844
6463 2855
6464 2841
6465 2841
6466 2844
6467 2845
6468 2847
6469 2840
6470 2855
6471 2838
6472 2846
6473 2845
6474 2841
6475 2840
6476 2842
6477 2847
6478 2848
6479 2846
6480 2843
6481 2841
6482 2842
6483 2877
6484 2842
6485 2846
6486 2848
6487 2847
6488 2843
6489 2839
6490 2841
6491 2841
6492 2873
6493 2838
6494 2850
6495 2844
6496 2845
6497 2850
6498 2839
6499 2850
6500 2844
6501 2838
6502 2843
6503 2840
6504 2844
6505 2846
6506 2840
6507 2844
6508 2849
6509 2846
6510 2847
6511 2845
6512 2850
6513 2846
6514 2847
6515 2844
6516 2837
6517 2845
6518 2847
6519 2848
6520 2848
6521 2836
6522 2838
6523 2847
6524 2848
6525 2929
6526 2839
6527 2847
6528 2848
6529 2847
6530 2842
6531 2844
6532 2843
6533 2845
6534 2841
6535 2842
6536 2836
6537 2843
6538 2848
6539 2841
6540 2850
6541 2846
6542 2842
6543 2845
6544 2841
6545 2844
6546 2841
6547 2838
6548 2841
6549 2878
6550 2842
6551 2845
6552 2850
6553 2839
6554 2844
6555 2845
6556 2843
6557 2846
6558 2840
6559 2844
6560 2847
6561 2843
6562 2851
6563 2843
6564 2843
6565 2849
6566 2840
6567 2845
6568 2841
6569 2837
6570 2856
6571 2845
6572 2848
6573 2870
6574 2843
6575 2849
6576 2853
6577 2843
6578 2846
6579 2837
6580 2840
6581 2839
6582 2843
6583 2851
6584 2842
6585 2843
6586 2841
6587 2838
6588 2845
6589 2846
6590 2855
6591 2840
6592 2841
6593 2844
6594 2846
6595 2841
6596 2846
6597 2843
6598 2847
6599 2844
6600 2841
6601 2871
6602 2845
6603 2844
6604 2844
6605 2845
6606 2840
6607 2833
6608 2841
6609 2844
6610 2845
6611 2842
6612 2842
6613 2846
6614 2859
6615 2845
6616 2837
6617 2848
6618 2841
6619 2853
6620 2845
6621 2837
6622 2841
6623 2844
6624 2848
6625 2843
6626 2849
6627 2849
6628 2844
6629 2846
6630 2851
6631 2843
6632 2841
6633 2849
6634 2839
6635 2851
6636 2841
6637 2839
6638 2847
6639 2845
6640 2851
6641 2847
6642 2843
6643 2845
6644 2843
6645 2846
6646 2849
6647 2842
6648 2842
6649 2850
6650 2840
6651 2843
6652 2841
6653 2837
6654 2847
6655 2849
6656 2844
6657 2844
6658 2840
6659 2840
6660 2857
6661 2855
6662 2845
6663 2845
6664 2847
6665 2846
6666 2836
6667 2877
6668 2846
6669 2883
6670 2846
6671 2846
6672 2872
6673 2846
6674 2845
6675 2853
6676 2844
6677 2840
6678 2842
6679 2843
6680 2843
6681 2842
6682 2840
6683 2840
6684 2846
6685 2843
6686 2842
6687 2846
6688 2845
6689 2846
6690 2842
6691 2878
6692 2849
6693 2839
6694 2846
6695 2845
6696 2844
6697 2847
6698 2843
6699 2858
6700 2844
6701 2843
6702 2844
6703 2847
6704 2844
6705 2846
6706 2858
6707 2847
6708 2849
6709 2846
6710 2845
6711 2843
6712 2847
6713 2844
6714 2841
6715 2848
6716 2850
6717 2863
6718 2848
6719 2841
6720 2836
6721 2854
6722 2842
6723 2841
6724 2842
6725 2842
6726 2843
6727 2847
6728 2836
6729 2852
6730 2842
6731 2837
6732 2837
6733 2851
6734 2841
6735 2847
6736 2848
6737 2840
6738 2846
6739 2846
6740 2844
6741 2838
6742 2850
6743 2843
6744 2846
6745 2848
6746 2848
6747 2846
6748 2846
6749 2847
6750 2847
6751 2841
6752 2842
6753 2847
6754 2850
6755 2847
6756 2837
6757 2851
6758 2846
6759 2848
6760 2844
6761 2842
6762 2843
6763 2849
6764 2841
6765 2853
6766 2835
6767 2857
6768 2844
6769 2853
6770 2837
6771 2848
6772 2842
6773 2848
6774 2847
6775 2845
6776 2843
6777 2852
6778 2846
6779 2851
6780 2849
6781 2848
6782 2844
6783 2843
6784 2841
6785 2851
6786 2841
6787 2847
6788 2841
6789 2836
6790 2847
6791 2840
6792 2841
6793 2847
6794 2848
6795 2855
6796 2845
6797 2845
6798 2840
6799 2843
6800 2841
6801 2846
6802 2847
6803 2848
6804 2838
6805 2847
6806 2846
6807 2850
6808 2854
6809 2844
6810 2842
6811 2840
6812 2839
6813 2834
6814 2841
6815 2837
6816 2862
6817 2850
6818 2846
6819 2849
6820 2843
6821 2849
6822 2857
6823 2846
6824 2846
6825 2844
6826 2842
6827 2851
6828 2841
6829 2840
6830 2846
6831 2845
6832 2841
6833 2863
6834 2851
6835 2845
6836 2844
6837 2869
6838 2864
6839 2839
6840 2866
6841 2847
6842 2845
6843 2841
6844 2889
6845 2848
6846 2845
6847 2848
6848 2848
6849 2841
6850 2850
6851 2842
6852 2845
6853 2845
6854 2855
6855 2850
6856 2854
6857 2840
6858 2841
6859 2846
6860 2844
6861 2847
6862 2844
6863 2844
6864 2850
6865 2851
6866 2843
6867 2847
6868 2837
6869 2853
6870 2858
6871 2847
6872 2848
6873 2847
6874 2842
6875 2845
6876 2840
6877 2863
6878 2843
6879 2847
6880 2857
6881 2846
6882 2845
6883 2843
6884 2849
6885 2842
6886 2841
6887 2842
6888 2839
6889 2849
6890 2844
6891 2844
6892 2843
6893 2844
6894 2849
6895 2839
6896 2847
6897 2846
6898 2848
6899 2832
6900 2845
6901 2846
6902 2886
6903 2852
6904 2847
6905 2847
6906 2845
6907 2848
6908 2848
6909 2847
6910 2846
6911 2908
6912 2879
6913 2851
6914 2848
6915 2854
6916 2847
6917 2851
6918 2847
6919 2846
6920 2846
6921 2852
6922 2849
6923 2847
6924 2849
6925 2837
6926 2847
6927 2850
6928 2846
6929 2849
6930 2845
6931 2845
6932 2848
6933 2845
6934 2881
6935 2847
6936 2842
6937 2849
6938 2880
6939 2842
6940 2843
6941 2842
6942 2840
6943 2841
6944 2844
6945 2845
6946 2845
6947 2841
6948 2840
6949 2848
6950 2846
6951 2838
6952 2849
6953 2847
6954 2850
6955 2844
6956 2841
6957 2841
6958 2848
6959 2844
6960 2849
6961 2877
6962 2845
6963 2838
6964 2879
6965 2837
6966 2842
6967 2838
6968 2846
6969 2842
6970 2872
6971 2849
6972 2842
6973 2834
6974 2843
6975 2846
6976 2845
6977 2851
6978 2844
6979 2843
6980 2847
6981 2843
6982 2870
6983 2845
6984 2841
6985 2844
6986 2838
6987 2847
6988 2870
6989 2850
6990 2838
6991 2841
6992 2870
6993 2850
6994 2848
6995 2877
6996 2870
6997 2842
6998 2845
6999 2845
7000 2841
7001 2846
7002 2843
7003 2877
7004 2844
7005 2840
7006 2868
7007 2845
7008 2849
7009 2846
7010 2842
7011 2843
7012 2844
7013 2848
7014 2838
7015 2839
7016 2841
7017 2845
7018 2847
7019 2843
7020 2847
7021 2841
7022 2836
7023 2859
7024 2847
7025 2842
7026 2846
7027 2845
7028 2844
7029 2842
7030 2842
7031 2844
7032 2847
7033 2849
7034 2844
7035 2844
7036 2855
7037 2843
7038 2846
7039 2841
7040 2841
7041 2843
7042 2848
7043 2842
7044 2836
7045 2849
7046 2854
7047 2835
7048 2847
7049 2847
7050 2838
7051 2852
7052 2872
7053 2845
7054 2851
7055 2844
7056 2841
7057 2841
7058 2836
7059 2839
7060 2847
7061 2850
7062 2850
7063 2845
7064 2848
7065 2846
7066 2843
7067 2845
7068 2854
7069 2843
7070 2852
7071 2845
7072 2848
7073 2848
7074 2846
7075 2847
7076 2835
7077 2855
7078 2840
7079 2846
7080 2844
7081 2846
7082 2844
7083 2849
7084 2846
7085 2846
7086 2848
7087 2845
7088 2846
7089 2848
7090 2854
7091 2845
7092 2844
7093 2883
7094 2840
7095 2840
7096 2852
7097 2848
7098 2845
7099 2838
7100 2843
7101 2857
7102 2847
7103 2851
7104 2847
7105 2846
7106 2841
7107 2854
7108 2842
7109 2835
7110 2839
7111 2843
7112 2841
7113 2843
7114 2846
7115 2851
7116 2846
7117 2869
7118 2853
7119 2848
7120 2846
7121 2837
7122 2843
7123 2852
7124 2844
7125 2872
7126 2848
7127 2845
7128 2849
7129 2838
7130 2839
7131 2844
7132 2846
7133 2849
7134 2847
7135 2840
7136 2843
7137 2839
7138 2831
7139 2859
7140 2848
7141 2858
7142 2849
7143 2857
7144 2850
7145 2858
7146 2848
7147 2843
7148 2843
7149 2841
7150 2861
7151 2860
7152 2846
7153 2846
7154 2843
7155 2849
7156 2845
7157 2847
7158 2841
7159 2834
7160 2849
7161 2843
7162 2836
7163 2841
7164 2847
7165 2847
7166 2845
7167 2841
7168 2848
7169 2847
7170 2845
7171 2844
7172 2833
7173 2839
7174 2852
7175 2842
7176 2844
7177 2846
7178 2841
7179 2844
7180 2844
7181 2849
7182 2853
7183 2844
7184 2840
7185 2841
7186 2842
7187 2844
7188 2846
7189 2842
7190 2845
7191 2841
7192 2847
7193 2845
7194 2847
7195 2843
7196 2849
7197 2847
7198 2840
7199 2840
7200 2840
7201 2838
7202 2848
7203 2849
7204 2851
7205 2843
7206 2844
7207 2844
7208 2848
7209 2844
7210 2838
7211 2841
7212 2836
7213 2839
7214 2840
7215 2843
7216 2856
7217 2849
7218 2838
7219 2848
7220 2843
7221 2843
7222 2843
7223 2846
7224 2847
7225 2845
7226 2849
7227 2845
7228 2856
7229 2847
7230 2839
7231 2838
7232 2842
7233 2843
7234 2835
7235 2846
7236 2845
7237 2842
7238 2842
7239 2839
7240 2846
7241 2846
7242 2841
7243 2841
7244 2842
7245 2844
7246 2843
7247 2847
7248 2853
7249 2841
7250 2846
7251 2845
7252 2844
7253 2846
7254 2846
7255 2841
7256 2855
7257 2848
7258 2841
7259 2839
7260 2848
7261 2859
7262 2845
7263 2849
7264 2849
7265 2848
7266 2843
7267 2839
7268 2838
7269 2847
7270 2841
7271 2855
7272 2840
7273 2854
7274 2842
7275 2847
7276 2845
7277 2846
7278 2846
7279 2849
7280 2853
7281 2840
7282 2839
7283 2846
7284 2844
7285 2842
7286 2842
7287 2846
7288 2844
7289 2847
7290 2843
7291 2838
7292 2840
7293 2838
7294 2833
7295 2844
7296 2847
7297 2852
7298 2850
7299 2849
7300 2845
7301 2848
7302 2845
7303 2849
7304 2841
7305 2844
7306 2849
7307 2835
7308 2842
7309 2839
7310 2844
7311 2844
7312 2888
7313 2926
7314 2837
7315 2848
7316 2843
7317 2838
7318 2837
7319 2835
7320 2841
7321 2844
7322 2844
7323 2850
7324 2842
7325 2850
7326 2835
7327 2846
7328 2845
7329 2850
7330 2832
7331 2851
7332 2835
7333 2846
7334 2836
7335 2840
7336 2843
7337 2840
7338 2842
7339 2838
7340 2846
7341 2838
7342 2835
7343 2835
7344 2916
7345 2840
7346 2841
7347 2844
7348 2840
7349 2845
7350 2842
7351 2847
7352 2842
7353 2842
7354 2849
7355 2845
7356 2841
7357 2844
7358 2840
7359 2846
7360 2848
7361 2833
7362 2845
7363 2849
7364 2839
7365 2860
7366 2855
7367 2853
7368 2845
7369 2846
7370 2842
7371 2838
7372 2847
7373 2837
7374 2857
7375 2852
7376 2842
7377 2849
7378 2843
7379 2837
7380 2842
7381 2837
7382 2844
7383 2842
7384 2843
7385 2836
7386 2846
7387 2850
7388 2841
7389 2842
7390 2845
7391 2845
7392 2845
7393 2840
7394 2838
7395 2836
7396 2843
7397 2844
7398 2839
7399 2852
7400 2851
7401 2841
7402 2842
7403 2846
7404 2850
7405 2847
7406 2848
7407 2837
7408 2840
7409 2849
7410 2850
7411 2850
7412 2900
7413 7193
7414 2873
7415 2853
7416 2847
7417 2838
7418 2848
7419 2842
7420 2843
7421 2846
7422 2843
7423 2838
7424 2844
7425 2848
7426 2838
7427 2838
7428 2845
7429 2841
7430 2843
7431 2855
7432 2842
7433 2860
7434 2854
7435 2844
7436 2848
7437 2841
7438 2839
7439 2847
7440 2850
7441 2844
7442 2842
7443 2853
7444 2845
7445 2837
7446 2943
7447 2844
7448 2842
7449 2844
7450 2841
7451 2841
7452 2843
7453 2841
7454 2852
7455 2851
7456 2843
7457 2844
7458 2841
7459 2846
7460 2844
7461 2838
7462 2849
7463 2844
7464 2840
7465 2851
7466 2846
7467 2849
7468 2842
7469 2842
7470 2848
7471 2838
7472 2848
7473 2844
7474 2846
7475 2860
7476 2841
7477 2850
7478 2838
7479 2843
7480 2843
7481 2845
7482 2847
7483 2842
7484 2844
7485 2849
7486 2842
7487 2841
7488 2844
7489 2843
7490 2846
7491 2842
7492 2835
7493 2851
7494 2843
7495 2845
7496 2841
7497 2842
7498 2846
7499 2843
7500 2839
7501 2845
7502 2841
7503 2846
7504 2845
7505 2836
7506 2844
7507 2840
7508 2843
7509 2842
7510 2850
7511 2835
7512 2846
7513 2854
7514 2840
7515 2844
7516 2847
7517 2846
7518 2855
7519 2844
7520 2845
7521 2863
7522 2838
7523 2844
7524 2847
7525 2847
7526 2841
7527 2845
7528 2847
7529 2843
7530 2855
7531 2845
7532 2851
7533 2850
7534 2842
7535 2849
7536 2855
7537 2847
7538 2840
7539 2853
7540 2847
7541 2843
7542 2845
7543 2845
7544 2840
7545 2846
7546 2846
7547 2839
7548 2841
7549 2848
7550 2843
7551 2841
7552 2848
7553 2844
7554 2859
7555 2842
7556 2845
7557 2838
7558 2850
7559 2846
7560 2856
7561 2838
7562 2847
7563 2848
7564 2839
7565 2849
7566 2844
7567 2842
7568 2844
7569 2843
7570 2846
7571 2844
7572 2856
7573 2846
7574 2846
7575 2845
7576 2848
7577 2838
7578 2843
7579 2841
7580 2851
7581 2831
7582 2836
7583 2848
7584 2850
7585 2844
7586 2846
7587 2848
7588 2847
7589 2853
7590 2846
7591 2857
7592 2840
7593 2845
7594 2843
7595 2844
7596 2842
7597 2847
7598 2840
7599 2844
7600 2852
7601 2841
7602 2844
7603 2845
7604 2844
7605 2848
7606 2856
7607 2837
7608 2840
7609 2837
7610 2845
7611 2835
7612 2845
7613 2846
7614 2845
7615 2854
7616 2857
7617 2843
7618 2841
7619 2861
7620 2846
7621 2837
7622 2840
7623 2858
7624 2846
7625 2847
7626 2842
7627 2842
7628 2850
7629 2844
7630 2844
7631 2844
7632 2844
7633 2843
7634 2852
7635 2852
7636 2842
7637 2847
7638 2846
7639 2840
7640 2843
7641 2842
7642 2842
7643 2840
7644 2840
7645 2838
7646 2843
7647 2836
7648 2842
7649 2838
7650 2854
7651 2936
7652 2845
7653 2843
7654 2851
7655 2844
7656 2844
7657 2838
7658 2842
7659 2844
7660 2837
7661 2846
7662 2842
7663 2839
7664 2848
7665 2856
7666 2844
7667 2849
7668 2840
7669 2847
7670 2841
7671 2841
7672 2857
7673 2850
7674 2844
7675 2843
7676 2849
7677 2845
7678 2845
7679 2840
7680 2846
7681 2838
7682 2854
7683 2850
7684 2845
7685 2841
7686 2844
7687 2843
7688 2852
7689 2841
7690 2845
7691 2840
7692 2846
7693 2844
7694 2841
7695 2845
7696 2845
7697 2841
7698 2835
7699 2841
7700 2847
7701 2839
7702 2846
7703 2837
7704 2840
7705 2845
7706 2839
7707 2840
7708 2855
7709 2855
7710 2841
7711 2840
7712 2852
7713 2845
7714 2844
7715 2852
7716 2839
7717 2839
7718 2842
7719 2841
7720 2847
7721 2847
7722 2845
7723 2835
7724 2843
7725 2846
7726 2853
7727 2842
7728 2845
7729 2843
7730 2843
7731 2846
7732 2842
7733 2846
7734 2846
7735 2850
7736 2839
7737 2847
7738 2839
7739 2843
7740 2847
7741 2839
7742 2845
7743 2841
7744 2841
7745 2840
7746 2848
7747 2839
7748 2839
7749 2841
7750 2845
7751 2845
7752 2831
7753 2850
7754 2846
7755 2848
7756 2848
7757 2842
7758 2844
7759 2843
7760 2846
7761 2838
7762 2840
7763 2850
7764 2853
7765 2838
7766 2839
7767 2836
7768 2844
7769 2848
7770 2851
7771 2834
7772 2842
7773 2842
7774 2842
7775 2840
7776 2837
7777 2849
7778 2845
7779 2850
7780 2843
7781 2839
7782 2842
7783 2839
7784 2847
7785 2855
7786 2839
7787 2845
7788 2854
7789 2839
7790 2848
7791 2842
7792 2851
7793 2838
7794 2842
7795 2850
7796 2839
7797 2848
7798 2847
7799 2846
7800 2844
7801 2842
7802 2837
7803 2844
7804 2836
7805 2853
7806 2846
7807 2846
7808 2853
7809 2838
7810 2850
7811 2848
7812 2838
7813 2849
7814 2840
7815 2848
7816 2847
7817 2847
7818 2845
7819 2844
7820 2844
7821 2838
7822 2844
7823 2845
7824 2883
7825 2869
7826 2865
7827 2856
7828 2867
7829 2874
7830 2866
7831 2867
7832 2864
7833 2864
7834 2905
7835 2879
7836 2877
7837 2854
7838 2869
7839 2872
7840 2870
7841 2869
7842 2883
7843 2876
7844 2871
7845 2855
7846 2863
7847 2869
7848 2870
7849 2874
7850 2860
7851 2872
7852 2869
7853 2861
7854 2870
7855 2862
7856 2872
7857 2855
7858 2867
7859 2863
7860 2860
7861 2869
7862 2862
7863 2862
7864 2870
7865 2876
7866 2873
7867 2872
7868 2865
7869 2877
7870 2872
7871 2871
7872 2882
7873 2868
7874 2864
7875 2864
7876 2877
7877 2867
7878 2873
7879 2867
7880 2867
7881 2881
7882 2873
7883 2860
7884 2867
7885 2863
7886 2877
7887 2869
7888 2874
7889 2858
7890 2867
7891 2869
7892 2858
7893 2881
7894 2866
7895 2867
7896 2869
7897 2862
7898 2868
7899 2869
7900 2871
7901 2876
7902 2868
7903 2862
7904 2859
7905 2866
7906 2872
7907 2870
7908 2867
7909 2867
7910 2858
7911 2861
7912 2865
7913 2919
7914 2911
7915 2877
7916 2866
7917 2867
7918 2861
7919 2866
7920 2864
7921 2867
7922 2871
7923 2870
7924 2876
7925 2863
7926 2868
7927 2868
7928 2871
7929 2867
7930 2870
7931 2865
7932 2870
7933 2869
7934 2855
7935 2873
7936 2868
7937 2866
7938 2866
7939 2876
7940 2859
7941 2859
7942 2866
7943 2871
7944 2862
7945 2868
7946 2869
7947 2870
7948 2857
7949 2862
7950 2865
7951 2867
7952 2867
7953 2868
7954 2873
7955 2865
7956 2879
7957 2867
7958 2874
7959 2867
7960 2877
7961 2870
7962 2863
7963 2860
7964 2867
7965 2867
7966 2875
7967 2866
7968 2863
7969 2868
7970 2870
7971 2886
7972 2871
7973 2868
7974 2880
7975 2866
7976 2867
7977 2868
7978 2869
7979 2854
7980 2869
7981 2862
7982 2866
7983 2871
7984 2859
7985 2877
7986 2860
7987 2862
7988 2869
7989 2862
7990 2879
7991 2879
7992 2862
7993 2865
7994 2868
7995 2873
7996 2866
7997 2864
7998 2863
7999 2857
8000 2869
8001 2867
8002 2863
8003 2864
8004 2860
8005 2868
8006 2875
8007 2861
8008 2885
8009 2850
8010 2868
8011 2861
8012 2864
8013 2859
8014 2868
8015 2864
8016 2895
8017 2859
8018 2869
8019 2869
8020 2860
8021 2883
8022 2870
8023 2867
8024 2867
8025 2869
8026 2876
8027 2868
8028 2859
8029 2886
8030 2865
8031 2865
8032 2865
8033 2863
8034 2871
8035 2871
8036 2877
8037 2867
8038 2864
8039 2878
8040 2856
8041 2867
8042 2871
8043 2867
8044 2870
8045 2871
8046 2868
8047 2860
8048 2877
8049 2863
8050 2860
8051 2872
8052 2865
8053 2876
8054 2873
8055 2870
8056 2875
8057 2867
8058 2862
8059 2870
8060 2873
8061 2877
8062 2863
8063 2863
8064 2870
8065 2871
8066 2866
8067 2867
8068 2867
8069 2861
8070 2865
8071 2868
8072 2864
8073 2872
8074 2869
8075 2868
8076 2863
8077 2857
8078 2864
8079 2863
8080 2878
8081 2860
8082 2874
8083 2858
8084 2867
8085 2866
8086 2873
8087 2865
8088 2865
8089 2871
8090 2860
8091 2864
8092 2868
8093 2862
8094 2867
8095 2864
8096 2866
8097 2865
8098 2866
8099 2864
8100 2868
8101 2866
8102 2868
8103 2881
8104 2869
8105 2864
8106 2865
8107 2863
8108 2858
8109 2873
8110 2876
8111 2864
8112 2866
8113 2868
8114 2867
8115 2866
8116 2867
8117 2891
8118 2874
8119 2874
8120 2874
8121 2868
8122 2867
8123 2880
8124 2872
8125 2870
8126 2863
8127 2873
8128 2864
8129 2861
8130 2862
8131 2868
8132 2867
8133 2855
8134 2872
8135 2872
8136 2877
8137 2866
8138 2863
8139 2867
8140 2859
8141 2865
8142 2867
8143 2861
8144 2868
8145 2874
8146 2867
8147 2863
8148 2867
8149 2866
8150 2882
8151 2868
8152 2868
8153 2863
8154 2867
8155 2871
8156 2867
8157 2877
8158 2867
8159 2868
8160 2869
8161 2876
8162 2868
8163 2873
8164 2864
8165 2863
8166 2866
8167 2866
8168 2852
8169 2869
8170 2861
8171 2871
8172 2864
8173 2879
8174 2884
8175 2868
8176 2861
8177 2880
8178 2879
8179 2869
8180 2868
8181 2871
8182 2869
8183 2886
8184 2864
8185 2874
8186 2865
8187 2866
8188 2890
8189 2868
8190 2869
8191 2871
8192 2884
8193 2859
8194 2860
8195 2863
8196 2877
8197 2869
8198 2862
8199 2862
8200 2869
8201 2866
8202 2862
8203 2866
8204 2863
8205 2866
8206 2867
8207 2879
8208 2865
8209 2863
8210 2867
8211 2862
8212 2865
8213 2877
8214 2865
8215 2866
8216 2863
8217 2876
8218 2865
8219 2876
8220 2865
8221 2868
8222 2870
8223 2871
8224 2870
8225 2871
8226 2868
8227 2862
8228 2874
8229 2861
8230 2867
8231 2857
8232 2883
8233 2859
8234 2868
8235 2864
8236 2861
8237 2867
8238 2868
8239 2862
8240 2870
8241 2850
8242 2878
8243 2865
8244 2863
8245 2859
8246 2874
8247 2865
8248 2870
8249 2865
8250 2862
8251 2867
8252 2873
8253 2867
8254 2882
8255 2866
8256 2866
8257 2900
8258 2866
8259 2867
8260 2866
8261 2861
8262 2870
8263 2867
8264 2867
8265 2870
8266 2871
8267 2877
8268 2868
8269 2869
8270 2874
8271 2860
8272 2859
8273 2862
8274 2868
8275 2868
8276 2873
8277 2871
8278 2857
8279 2871
8280 2863
8281 2865
8282 2865
8283 2863
8284 2870
8285 2888
8286 2865
8287 2861
8288 2865
8289 2879
8290 2873
8291 2866
8292 2881
8293 2866
8294 2870
8295 2877
8296 2856
8297 2878
8298 2864
8299 2859
8300 2856
8301 2859
8302 2879
8303 2868
8304 2861
8305 2873
8306 2862
8307 2859
8308 2864
8309 2863
8310 2867
8311 2864
8312 2873
8313 2871
8314 2869
8315 2863
8316 2870
8317 2868
8318 2868
8319 2869
8320 2856
8321 2856
8322 2863
8323 2870
8324 2870
8325 2859
8326 2859
8327 2856
8328 2867
8329 2870
8330 2879
8331 2879
8332 2872
8333 2869
8334 2868
8335 2863
8336 2893
8337 2864
8338 2870
8339 2871
8340 2866
8341 2867
8342 2861
8343 2865
8344 2862
8345 2872
8346 2867
8347 2875
8348 2867
8349 2871
8350 2871
8351 2879
8352 2863
8353 2858
8354 2874
8355 2892
8356 2860
8357 2868
8358 2869
8359 2868
8360 2869
8361 2875
8362 2864
8363 2869
8364 2867
8365 2877
8366 2863
8367 2861
8368 2869
8369 2860
8370 2865
8371 2860
8372 2878
8373 2859
8374 2860
8375 2870
8376 2866
8377 2872
8378 2866
8379 2864
8380 2861
8381 2864
8382 2866
8383 2867
8384 2868
8385 2863
8386 2863
8387 2875
8388 2867
8389 2870
8390 2874
8391 2866
8392 2874
8393 2869
8394 2869
8395 2877
8396 2874
8397 2866
8398 2866
8399 2871
8400 2870
8401 2866
8402 2870
8403 2870
8404 2875
8405 2865
8406 2852
8407 2862
8408 2868
8409 2864
8410 2870
8411 2865
8412 2872
8413 2873
8414 2926
8415 2904
8416 2903
8417 2873
8418 2859
8419 2866
8420 2866
8421 2855
8422 2870
8423 2865
8424 2868
8425 2867
8426 2875
8427 2867
8428 2858
8429 2871
8430 2867
8431 2858
8432 2870
8433 2865
8434 2880
8435 2869
8436 2867
8437 2862
8438 2870
8439 2864
8440 2862
8441 2863
8442 2872
8443 2862
8444 2863
8445 2859
8446 2869
8447 2867
8448 2855
8449 2865
8450 2862
8451 2869
8452 2868
8453 2871
8454 2863
8455 2878
8456 2861
8457 2871
8458 2874
8459 2877
8460 2865
8461 2866
8462 2863
8463 2866
8464 2860
8465 2869
8466 2875
8467 2874
8468 2873
8469 2867
8470 2881
8471 2875
8472 2854
8473 2873
8474 2869
8475 2871
8476 2874
8477 2873
8478 2867
8479 2865
8480 2869
8481 2873
8482 2881
8483 2863
8484 2862
8485 2869
8486 2873
8487 2863
8488 2855
8489 2874
8490 2863
8491 2867
8492 2870
8493 2871
8494 2862
8495 2862
8496 2865
8497 2866
8498 2870
8499 2867
8500 2866
8501 2881
8502 2867
8503 2862
8504 2859
8505 2862
8506 2871
8507 2866
8508 2868
8509 2857
8510 2867
8511 2868
8512 2861
8513 2868
8514 2861
8515 2868
8516 2865
8517 2871
8518 2863
8519 2866
8520 2876
8521 2869
8522 2871
8523 2874
8524 2867
8525 2873
8526 2872
8527 2868
8528 2877
8529 2868
8530 2869
8531 2865
8532 2868
8533 2868
8534 2865
8535 2867
8536 2866
8537 2858
8538 2873
8539 2865
8540 2864
8541 2870
8542 2870
8543 2868
8544 2859
8545 2872
8546 2867
8547 2869
8548 2866
8549 2883
8550 2867
8551 2879
8552 2874
8553 2867
8554 2875
8555 2876
8556 2864
8557 2865
8558 2863
8559 2862
8560 2864
8561 2863
8562 2869
8563 2878
8564 2862
8565 2863
8566 2872
8567 2863
8568 2865
8569 2861
8570 2873
8571 2860
8572 2867
8573 2862
8574 2868
8575 2875
8576 2866
8577 2879
8578 2858
8579 2854
8580 2865
8581 2863
8582 2876
8583 2867
8584 2864
8585 2863
8586 2871
8587 2865
8588 2863
8589 2868
8590 2873
8591 2867
8592 2884
8593 2865
8594 2865
8595 2869
8596 2866
8597 2861
8598 2869
8599 2873
8600 2867
8601 2864
8602 2870
8603 2866
8604 2870
8605 2863
8606 2869
8607 2866
8608 2869
8609 2863
8610 2864
8611 2868
8612 2863
8613 2855
8614 2869
8615 2865
8616 2866
8617 2865
8618 2868
8619 2863
8620 2868
8621 2865
8622 2865
8623 2868
8624 2856
8625 2876
8626 2872
8627 2864
8628 2867
8629 2877
8630 2864
8631 2871
8632 2868
8633 2865
8634 2878
8635 2859
8636 2869
8637 2881
8638 2862
8639 2857
8640 2864
8641 2862
8642 2865
8643 2860
8644 2864
8645 2860
8646 2866
8647 2856
8648 2862
8649 2871
8650 2858
8651 2867
8652 2858
8653 2866
8654 2871
8655 2869
8656 2874
8657 2866
8658 2860
8659 2870
8660 2866
8661 2869
8662 2872
8663 2867
8664 2874
8665 2868
8666 2872
8667 2870
8668 2872
8669 2865
8670 2869
8671 2861
8672 2875
8673 2866
8674 2872
8675 2872
8676 2867
8677 2865
8678 2871
8679 2865
8680 2860
8681 2863
8682 2865
8683 2870
8684 2860
8685 2867
8686 2867
8687 2867
8688 2872
8689 2851
8690 2869
8691 2867
8692 2864
8693 2867
8694 2865
8695 2859
8696 2860
8697 2870
8698 2869
8699 2865
8700 2866
8701 2871
8702 2870
8703 2867
8704 2855
8705 2862
8706 2856
8707 2860
8708 2866
8709 2868
8710 2867
8711 2870
8712 2869
8713 2865
8714 2870
8715 2857
8716 2869
8717 2885
8718 2858
8719 2859
8720 2868
8721 2855
8722 2878
8723 2857
8724 2869
8725 2871
8726 2875
8727 2861
8728 2867
8729 2871
8730 2860
8731 2868
8732 2860
8733 2873
8734 2863
8735 2871
8736 2877
8737 2863
8738 2868
8739 2869
8740 2868
8741 2866
8742 2859
8743 2860
8744 2861
8745 2864
8746 2865
8747 2866
8748 2878
8749 2868
8750 2866
8751 2869
8752 2879
8753 2865
8754 2861
8755 2868
8756 2858
8757 2860
8758 2866
8759 2866
8760 2864
8761 2877
8762 2880
8763 2860
8764 2869
8765 2874
8766 2867
8767 2861
8768 2860
8769 2869
8770 2866
8771 2865
8772 2861
8773 2869
8774 2865
8775 2864
8776 2864
8777 2866
8778 2888
8779 2859
8780 2864
8781 2861
8782 2868
8783 2855
8784 2870
8785 2866
8786 2862
8787 2868
8788 2860
8789 2867
8790 2868
8791 2868
8792 2865
8793 2861
8794 2884
8795 2856
8796 2869
8797 2859
8798 2862
8799 2868
8800 2868
8801 2867
8802 2861
8803 2869
8804 2864
8805 2855
8806 2875
8807 2860
8808 2862
8809 2863
8810 2861
8811 2859
8812 2874
8813 2867
8814 2865
8815 2861
8816 2899
8817 2863
8818 2868
8819 2866
8820 2864
8821 2872
8822 2872
8823 2865
8824 2859
8825 2868
8826 2873
8827 2860
8828 2877
8829 2869
8830 2859
8831 2882
8832 2865
8833 2866
8834 2863
8835 2859
8836 2868
8837 2862
8838 2869
8839 2872
8840 2869
8841 2863
8842 2871
8843 2870
8844 2865
8845 2881
8846 2868
8847 2862
8848 2872
8849 2866
8850 2868
8851 2870
8852 2869
8853 2857
8854 2878
8855 2871
8856 2870
8857 2866
8858 2857
8859 2870
8860 2868
8861 2864
8862 2872
8863 2875
8864 2857
8865 2864
8866 2867
8867 2867
8868 2876
8869 2878
8870 2874
8871 2855
8872 2860
8873 2878
8874 2863
8875 2858
8876 2862
8877 2869
8878 2870
8879 2872
8880 2872
8881 2883
8882 2861
8883 2878
8884 2871
8885 2869
8886 2875
8887 2881
8888 2860
8889 2874
8890 2871
8891 2875
8892 2863
8893 2879
8894 2891
8895 2859
8896 2857
8897 2868
8898 2862
8899 2864
8900 2868
8901 2858
8902 2860
8903 2868
8904 2872
8905 2878
8906 2886
8907 2865
8908 2868
8909 2869
8910 2868
8911 2878
8912 2860
8913 2862
8914 2869
8915 2925
8916 2898
8917 2870
8918 2868
8919 2870
8920 2879
8921 2871
8922 2860
8923 2854
8924 2867
8925 2859
8926 2872
8927 2864
8928 2874
8929 2874
8930 2867
8931 2865
8932 2861
8933 2866
8934 2876
8935 2865
8936 2860
8937 2865
8938 2871
8939 2866
8940 2864
8941 2857
8942 2864
8943 2886
8944 2860
8945 2868
8946 2868
8947 2867
8948 2862
8949 2864
8950 2871
8951 2869
8952 2864
8953 2870
8954 2882
8955 2877
8956 2861
8957 2869
8958 2872
8959 2868
8960 2876
8961 2880
8962 2866
8963 2869
8964 2867
8965 2864
8966 2875
8967 2869
8968 2868
8969 2871
8970 2880
8971 2877
8972 2875
8973 2878
8974 2875
8975 2859
8976 2862
8977 2856
8978 2865
8979 2865
8980 2864
8981 2874
8982 2872
8983 2860
8984 2865
8985 2878
8986 2868
8987 2870
8988 2870
8989 2863
8990 2867
8991 2882
8992 2888
8993 2864
8994 2874
8995 2868
8996 2867
8997 2867
8998 2868
8999 2859
9000 2868
9001 2868
9002 2875
9003 2855
9004 2872
9005 2867
9006 2862
9007 2869
9008 2868
9009 2867
9010 2868
9011 2866
9012 2860
9013 2857
9014 2874
9015 2863
9016 2877
9017 2873
9018 2863
9019 2877
9020 2877
9021 2865
9022 2871
9023 2867
9024 2859
9025 2882
9026 2869
9027 2858
9028 2874
9029 2879
9030 2875
9031 2876
9032 2867
9033 2874
9034 2865
9035 2867
9036 2876
9037 2866
9038 2868
9039 2862
9040 2869
9041 2866
9042 2860
9043 2857
9044 2875
9045 2867
9046 2863
9047 2864
9048 2869
9049 2868
9050 2866
9051 2863
9052 2855
9053 2866
9054 2871
9055 2871
9056 2874
9057 2862
9058 2877
9059 2866
9060 2857
9061 2868
9062 2868
9063 2869
9064 2861
9065 2876
9066 2867
9067 2875
9068 2871
9069 2863
9070 2878
9071 2862
9072 2867
9073 2867
9074 2863
9075 2867
9076 2875
9077 2871
9078 2869
9079 2869
9080 2869
9081 2876
9082 2871
9083 2863
9084 2869
9085 2867
9086 2865
9087 2863
9088 2905
9089 2873
9090 2872
9091 2871
9092 2868
9093 2867
9094 2876
9095 2875
9096 2859
9097 2866
9098 2863
9099 2887
9100 2863
9101 2876
9102 2867
9103 2872
9104 2871
9105 2867
9106 2867
9107 2873
9108 2864
9109 2866
9110 2867
9111 2867
9112 2862
9113 2866
9114 2862
9115 2871
9116 2871
9117 2892
9118 2869
9119 2867
9120 2869
9121 2868
9122 2869
9123 2869
9124 2862
9125 2864
9126 2870
9127 2875
9128 2869
9129 2867
9130 2867
9131 2859
9132 2861
9133 2865
9134 2869
9135 2868
9136 2869
9137 2864
9138 2875
9139 2863
9140 2870
9141 2873
9142 2892
9143 2862
9144 2867
9145 2860
9146 2867
9147 2867
9148 2867
9149 2871
9150 2873
9151 2867
9152 2859
9153 2868
9154 2861
9155 2868
9156 2871
9157 2868
9158 2860
9159 2869
9160 2873
9161 2864
9162 2869
9163 2867
9164 2867
9165 2867
9166 2871
9167 2879
9168 2851
9169 2869
9170 2855
9171 2870
9172 2869
9173 2889
9174 2868
9175 2868
9176 2866
9177 2863
9178 2861
9179 2862
9180 2870
9181 2866
9182 2867
9183 2865
9184 2860
9185 2873
9186 2863
9187 2878
9188 2874
9189 2867
9190 2881
9191 2866
9192 2862
9193 2865
9194 2870
9195 2867
9196 2871
9197 2876
9198 2862
9199 2870
9200 2870
9201 2866
9202 2869
9203 2864
9204 2867
9205 2865
9206 2865
9207 2856
9208 2864
9209 2865
9210 2865
9211 2868
9212 2855
9213 2852
9214 2865
9215 2866
9216 2906
9217 2868
9218 2864
9219 2864
9220 2863
9221 2862
9222 2876
9223 2871
9224 2870
9225 2858
9226 2872
9227 2870
9228 2861
9229 2865
9230 2859
9231 2866
9232 2858
9233 2861
9234 2876
9235 2866
9236 2883
9237 2869
9238 2861
9239 2860
9240 2867
9241 2860
9242 2872
9243 2869
9244 2869
9245 2857
9246 2879
9247 2870
9248 2862
9249 2859
9250 2859
9251 2869
9252 2866
9253 2853
9254 2868
9255 2859
9256 2864
9257 2869
9258 2867
9259 2871
9260 2878
9261 2867
9262 2876
9263 2870
9264 2863
9265 2865
9266 2865
9267 2867
9268 2865
9269 2877
9270 2867
9271 2867
9272 2867
9273 2859
9274 2867
9275 2867
9276 2870
9277 2865
9278 2862
9279 2863
9280 2869
9281 2866
9282 2865
9283 2876
9284 2868
9285 2861
9286 2868
9287 2867
9288 2859
9289 2870
9290 2873
9291 2865
9292 2877
9293 2877
9294 2865
9295 2862
9296 2863
9297 2868
9298 2872
9299 2871
9300 2865
9301 2862
9302 2860
9303 2861
9304 2863
9305 2867
9306 2879
9307 2863
9308 2868
9309 2865
9310 2863
9311 2866
9312 2869
9313 2872
9314 2862
9315 2861
9316 2868
9317 2864
9318 2857
9319 2865
9320 2868
9321 2880
9322 2862
9323 2880
9324 2861
9325 2857
9326 2865
9327 2862
9328 2866
9329 2865
9330 2876
9331 2876
9332 2865
9333 2881
9334 2855
9335 2863
9336 2870
9337 2867
9338 2868
9339 2866
9340 2866
9341 2860
9342 2869
9343 2861
9344 2868
9345 2874
9346 2865
9347 2866
9348 2867
9349 2859
9350 2869
9351 2875
9352 2859
9353 2867
9354 2884
9355 2861
9356 2880
9357 2868
9358 2857
9359 2868
9360 2861
9361 2866
9362 2869
9363 2884
9364 2867
9365 2875
9366 2868
9367 2872
9368 2868
9369 2877
9370 2869
9371 2860
9372 2865
9373 2859
9374 2864
9375 2867
9376 2872
9377 2860
9378 2892
9379 2873
9380 2868
9381 2866
9382 2865
9383 2873
9384 2868
9385 2877
9386 2858
9387 2865
9388 2865
9389 2868
9390 2870
9391 2862
9392 2870
9393 2891
9394 2858
9395 2867
9396 2879
9397 2856
9398 2869
9399 2857
9400 2862
9401 2865
9402 2890
9403 2868
9404 2866
9405 2867
9406 2863
9407 2875
9408 2997
9409 2883
9410 2867
9411 2882
9412 2873
9413 2876
9414 2868
9415 2865
9416 2928
9417 2919
9418 2876
9419 2868
9420 2865
9421 2884
9422 2872
9423 2881
9424 2878
9425 2868
9426 2865
9427 2880
9428 2870
9429 2886
9430 2874
9431 2882
9432 2864
9433 2860
9434 2871
9435 2871
9436 2863
9437 2868
9438 2870
9439 2867
9440 2865
9441 2862
9442 2864
9443 2859
9444 2870
9445 2872
9446 2866
9447 2864
9448 2855
9449 2869
9450 2861
9451 2869
9452 2866
9453 2872
9454 2877
9455 2865
9456 2868
9457 2872
9458 2872
9459 2859
9460 2869
9461 2867
9462 2869
9463 2878
9464 2887
9465 2862
9466 2869
9467 2867
9468 2871
9469 2874
9470 2861
9471 2866
9472 2869
9473 2859
9474 2866
9475 2878
9476 2866
9477 2878
9478 2867
9479 2866
9480 2871
9481 2872
9482 2872
9483 2861
9484 2863
9485 2861
9486 2863
9487 2869
9488 2864
9489 2871
9490 2873
9491 2869
9492 2869
9493 2868
9494 2869
9495 2866
9496 2859
9497 2866
9498 2863
9499 2865
9500 2866
9501 2869
9502 2859
9503 2863
9504 2863
9505 2864
9506 2867
9507 2872
9508 2870
9509 2868
9510 2871
9511 2867
9512 2865
9513 2883
9514 2872
9515 2868
9516 2879
9517 2872
9518 2868
9519 2869
9520 2867
9521 2867
9522 2864
9523 2869
9524 2868
9525 2863
9526 2866
9527 2885
9528 2867
9529 2867
9530 2875
9531 2860
9532 2870
9533 2861
9534 2875
9535 2878
9536 2864
9537 2857
9538 2868
9539 2878
9540 2867
9541 2876
9542 2874
9543 2871
9544 2881
9545 2866
9546 2878
9547 2860
9548 2858
9549 2863
9550 2866
9551 2864
9552 2860
9553 2859
9554 2882
9555 2868
9556 2867
9557 2880
9558 2867
9559 2870
9560 2866
9561 2860
9562 2870
9563 2859
9564 2878
9565 2872
9566 2875
9567 2869
9568 2877
9569 2873
9570 2869
9571 2873
9572 2871
9573 2870
9574 2866
9575 2872
9576 2881
9577 2868
9578 2864
9579 2877
9580 2866
9581 2882
9582 2866
9583 2872
9584 2881
9585 2868
9586 2864
9587 2862
9588 2866
9589 2870
9590 2859
9591 2866
9592 2869
9593 2868
9594 2868
9595 2871
9596 2862
9597 2877
9598 2884
9599 2860
9600 2877
9601 2877
9602 2861
9603 2870
9604 2866
9605 2870
9606 2860
9607 2863
9608 2871
9609 2860
9610 2874
9611 2860
9612 2870
9613 2872
9614 2867
9615 2867
9616 2909
9617 2869
9618 2871
9619 2872
9620 2883
9621 2881
9622 2873
9623 2873
9624 2866
9625 2866
9626 2872
9627 2869
9628 2868
9629 2884
9630 2872
9631 2870
9632 2872
9633 2863
9634 2866
9635 2869
9636 2862
9637 2856
9638 2874
9639 2869
9640 2870
9641 2872
9642 2869
9643 2869
9644 2861
9645 2867
9646 2867
9647 2877
9648 2867
9649 2871
9650 2869
9651 2864
9652 2868
9653 2872
9654 2870
9655 2875
9656 2862
9657 2867
9658 2868
9659 2865
9660 2861
9661 2870
9662 2876
9663 2869
9664 2861
9665 2861
9666 2871
9667 2867
9668 2864
9669 2881
9670 2872
9671 2866
9672 2857
9673 2874
9674 2856
9675 2865
9676 2862
9677 2867
9678 2867
9679 2868
9680 2868
9681 2869
9682 2866
9683 2863
9684 2868
9685 2868
9686 2868
9687 2869
9688 2869
9689 2863
9690 2868
9691 2860
9692 2866
9693 2861
9694 2878
9695 2867
9696 2866
9697 2857
9698 2866
9699 2874
9700 2869
9701 2869
9702 2861
9703 2866
9704 2866
9705 2870
9706 2869
9707 2864
9708 2864
9709 2870
9710 2867
9711 2867
9712 2867
9713 2869
9714 2863
9715 2866
9716 2871
9717 2888
9718 2872
9719 2878
9720 2872
9721 2892
9722 2865
9723 2867
9724 2873
9725 2859
9726 2867
9727 2861
9728 2863
9729 2869
9730 2877
9731 2860
9732 2867
9733 2861
9734 2875
9735 2865
9736 2856
9737 2865
9738 2871
9739 2870
9740 2869
9741 2868
9742 2869
9743 2867
9744 2872
9745 2860
9746 2859
9747 2863
9748 2877
9749 2861
9750 2859
9751 2882
9752 2868
9753 2863
9754 2870
9755 2868
9756 2862
9757 2864
9758 2864
9759 2865
9760 2864
9761 2868
9762 2856
9763 2861
9764 2864
9765 2868
9766 2880
9767 2867
9768 2864
9769 2866
9770 2875
9771 2877
9772 2865
9773 2863
9774 2877
9775 2871
9776 2872
9777 2870
9778 2864
9779 2864
9780 2865
9781 2870
9782 2868
9783 2862
9784 2870
9785 2872
9786 2860
9787 2871
9788 2864
9789 2868
9790 2861
9791 2877
9792 2867
9793 2864
9794 2872
9795 2872
9796 2863
9797 2866
9798 2866
9799 2860
9800 2870
9801 2870
9802 2873
9803 2868
9804 2867
9805 2869
9806 2866
9807 2871
9808 2863
9809 2858
9810 2870
9811 2867
9812 2875
9813 2867
9814 2862
9815 2863
9816 2876
9817 2867
9818 2859
9819 2865
9820 2870
9821 2871
9822 2875
9823 2879
9824 2876
9825 2880
9826 2864
9827 2859
9828 2870
9829 2867
9830 2875
9831 2869
9832 2879
9833 2868
9834 2870
9835 2866
9836 2870
9837 2877
9838 2866
9839 2870
9840 2873
9841 2860
9842 2868
9843 2865
9844 2869
9845 2875
9846 2872
9847 2870
9848 2864
9849 2869
9850 2855
9851 2877
9852 2877
9853 2865
9854 2885
9855 2865
9856 2866
9857 2862
9858 2870
9859 2870
9860 2873
9861 2882
9862 2869
9863 2866
9864 2862
9865 2872
9866 2868
9867 2879
9868 2884
9869 2867
9870 2868
9871 2870
9872 2911
9873 2880
9874 2868
9875 2860
9876 2872
9877 2862
9878 2862
9879 2868
9880 2858
9881 2876
9882 2855
9883 2866
9884 2881
9885 2877
9886 2870
9887 2879
9888 2884
9889 2862
9890 2868
9891 2869
9892 2865
9893 2862
9894 2865
9895 2866
9896 2878
9897 2866
9898 2862
9899 2867
9900 2868
9901 2861
9902 2865
9903 2857
9904 2871
9905 2867
9906 2868
9907 2866
9908 2868
9909 2860
9910 2866
9911 2871
9912 2872
9913 2862
9914 2866
9915 2865
9916 2860
9917 2935
9918 2894
9919 2864
9920 2870
9921 2876
9922 2876
9923 2865
9924 2882
9925 2864
9926 2860
9927 2878
9928 2866
9929 2877
9930 2867
9931 2876
9932 2866
9933 2867
9934 2861
9935 2886
9936 2883
9937 2868
9938 2880
9939 2865
9940 2872
9941 2864
9942 2876
9943 2878
9944 2870
9945 2863
9946 2864
9947 2867
9948 2869
9949 2875
9950 2864
9951 2869
9952 2857
9953 2865
9954 2870
9955 2876
9956 2877
9957 2879
9958 2875
9959 2861
9960 2875
9961 2871
9962 2870
9963 2867
9964 2875
9965 2867
9966 2868
9967 2864
9968 2862
9969 2865
9970 2862
9971 2864
9972 2866
9973 2874
9974 2869
9975 2870
9976 2872
9977 2875
9978 2875
9979 2858
9980 2872
9981 2871
9982 2857
9983 2875
9984 2877
9985 2866
9986 2866
9987 2871
9988 2870
9989 2876
9990 2861
9991 2862
9992 2870
9993 2868
9994 2879
9995 2868
9996 2868
9997 2858
9998 2861
9999 2862
# sum: 2852
# min: 2830
# max: 7193
# err cnt: 0
