2833 1
2834 3
2835 5
2836 15
2837 25
2838 50
2839 97
2840 162
2841 261
2842 385
2843 592
2844 823
2845 1068
2846 1372
2847 1747
2848 2178
2849 2554
2850 2900
2851 3192
2852 3425
2853 3623
2854 3761
2855 3884
2856 3989
2857 4088
2858 4189
2859 4302
2860 4448
2861 4619
2862 4815
2863 5061
2864 5329
2865 5646
2866 5945
2867 6249
2868 6624
2869 7006
2870 7431
2871 7827
2872 8168
2873 8495
2874 8743
2875 8926
2876 9077
2877 9175
2878 9259
2879 9335
2880 9399
2881 9461
2882 9517
2883 9564
2884 9605
2885 9633
2886 9649
2887 9660
2888 9670
2889 9684
2890 9697
2891 9702
2892 9707
2893 9709
2894 9717
2895 9718
2896 9721
2897 9723
2898 9724
2899 9729
2900 9731
2902 9735
2903 9736
2904 9737
2905 9738
2907 9739
2909 9740
2910 9741
2911 9743
2913 9744
2914 9746
2915 9749
2916 9751
2917 9752
2918 9759
2919 9762
2920 9769
2921 9773
2922 9778
2923 9787
2924 9797
2925 9802
2926 9811
2927 9820
2928 9838
2929 9853
2930 9871
2931 9885
2932 9894
2933 9908
2934 9915
2935 9926
2936 9938
2937 9946
2938 9953
2939 9956
2940 9962
2941 9965
2942 9969
2943 9970
2945 9971
2946 9972
2948 9973
2949 9974
2951 9975
2952 9976
2953 9978
2954 9979
2955 9981
2957 9982
2958 9983
2960 9985
2962 9986
2964 9987
2966 9989
2967 9991
2968 9993
2974 9996
2977 9997
2981 9998
2983 9999
3006 10000
