230 1
231 86
232 172
233 174
234 175
235 176
236 194
237 216
238 217
239 259
240 273
241 312
242 325
243 326
244 365
245 387
246 393
247 403
248 424
249 432
250 456
251 490
252 495
253 520
254 576
255 579
256 591
257 613
258 620
259 622
260 641
262 652
263 686
264 690
265 694
266 720
267 751
268 756
269 759
270 769
271 771
272 775
273 793
274 802
275 809
276 820
277 847
278 854
279 855
280 860
281 867
282 869
284 876
285 880
286 890
287 912
289 923
291 938
292 943
293 945
294 953
295 955
296 961
297 963
298 964
299 965
300 976
301 988
302 989
303 990
304 991
308 993
310 994
311 995
313 996
315 998
316 999
324 1000
