4078 1
4079 3
4080 784
4081 3529
4082 3607
4083 3645
4084 4320
4085 4402
4086 4422
4087 4485
4088 4494
4089 4502
4090 4516
4091 4534
4092 4540
4093 4554
4094 4561
4096 4566
4097 4571
4099 4577
4100 4580
4101 4582
4102 4602
4103 4749
4104 4757
4105 4770
4106 4815
4107 4857
4108 4880
4109 4907
4110 4909
4111 4918
4112 4945
4113 4955
4114 4968
4115 4983
4116 4993
4117 4998
4118 5032
4119 5156
4120 5160
4121 5215
4122 5363
4123 5373
4124 5375
4125 5376
4126 5381
4127 5384
4128 5399
4129 5402
4130 5431
4131 5902
4132 6031
4133 6041
4134 6093
4135 6102
4136 6111
4137 6401
4138 6505
4139 6514
4140 6537
4141 6549
4142 6555
4143 6687
4144 6772
4145 6778
4146 6788
4147 6794
4148 6798
4149 6825
4150 7095
4151 7138
4152 7152
4153 7253
4154 7277
4155 7282
4156 7311
4157 7325
4158 7329
4159 7601
4160 7728
4161 7746
4162 7766
4163 7778
4164 7790
4165 7811
4166 7841
4167 7904
4168 7913
4169 8126
4170 8196
4171 8217
4172 8249
4173 8265
4174 8269
4175 8272
4176 8277
4177 8278
4178 8280
4179 8281
4180 8289
4181 8407
4182 8520
4183 8560
4184 8572
4185 8576
4186 8579
4187 8635
4188 8681
4189 8692
4190 8789
4191 8833
4192 8844
4193 8895
4194 8923
4195 8950
4196 8967
4197 8977
4198 8980
4199 8985
4200 8990
4202 8992
4203 9011
4204 9083
4205 9132
4206 9137
4207 9155
4208 9165
4209 9229
4210 9305
4211 9387
4212 9399
4213 9455
4214 9461
4215 9465
4216 9478
4217 9491
4219 9508
4220 9576
4221 9578
4222 9580
4223 9581
4226 9583
4227 9585
4229 9586
4231 9623
4232 9670
4233 9709
4234 9716
4235 9724
4236 9751
4237 9754
4238 9767
4239 9774
4240 9778
4241 9779
4242 9800
4243 9830
4244 9832
4245 9835
4246 9844
4247 9845
4249 9846
4251 9847
4253 9850
4254 9854
4255 9892
4256 9893
4257 9894
4258 9896
4259 9897
4260 9902
4261 9919
4262 9923
4264 9924
4265 9925
4266 9937
4267 9940
4269 9942
4270 9944
4271 9945
4272 9948
4273 9954
4275 9955
4277 9956
4281 9958
4282 9965
4283 9969
4284 9974
4286 9975
4294 9977
4296 9987
4297 9988
4299 9989
4302 9990
4304 9991
4306 9992
4307 9993
4321 9994
4331 9995
4334 9997
4338 9998
4340 9999
4385 10000
