4078 1
4079 2
4080 781
4081 2745
4082 78
4083 38
4084 675
4085 82
4086 20
4087 63
4088 9
4089 8
4090 14
4091 18
4092 6
4093 14
4094 7
4096 5
4097 5
4099 6
4100 3
4101 2
4102 20
4103 147
4104 8
4105 13
4106 45
4107 42
4108 23
4109 27
4110 2
4111 9
4112 27
4113 10
4114 13
4115 15
4116 10
4117 5
4118 34
4119 124
4120 4
4121 55
4122 148
4123 10
4124 2
4125 1
4126 5
4127 3
4128 15
4129 3
4130 29
4131 471
4132 129
4133 10
4134 52
4135 9
4136 9
4137 290
4138 104
4139 9
4140 23
4141 12
4142 6
4143 132
4144 85
4145 6
4146 10
4147 6
4148 4
4149 27
4150 270
4151 43
4152 14
4153 101
4154 24
4155 5
4156 29
4157 14
4158 4
4159 272
4160 127
4161 18
4162 20
4163 12
4164 12
4165 21
4166 30
4167 63
4168 9
4169 213
4170 70
4171 21
4172 32
4173 16
4174 4
4175 3
4176 5
4177 1
4178 2
4179 1
4180 8
4181 118
4182 113
4183 40
4184 12
4185 4
4186 3
4187 56
4188 46
4189 11
4190 97
4191 44
4192 11
4193 51
4194 28
4195 27
4196 17
4197 10
4198 3
4199 5
4200 5
4202 2
4203 19
4204 72
4205 49
4206 5
4207 18
4208 10
4209 64
4210 76
4211 82
4212 12
4213 56
4214 6
4215 4
4216 13
4217 13
4219 17
4220 68
4221 2
4222 2
4223 1
4226 2
4227 2
4229 1
4231 37
4232 47
4233 39
4234 7
4235 8
4236 27
4237 3
4238 13
4239 7
4240 4
4241 1
4242 21
4243 30
4244 2
4245 3
4246 9
4247 1
4249 1
4251 1
4253 3
4254 4
4255 38
4256 1
4257 1
4258 2
4259 1
4260 5
4261 17
4262 4
4264 1
4265 1
4266 12
4267 3
4269 2
4270 2
4271 1
4272 3
4273 6
4275 1
4277 1
4281 2
4282 7
4283 4
4284 5
4286 1
4294 2
4296 10
4297 1
4299 1
4302 1
4304 1
4306 1
4307 1
4321 1
4331 1
4334 2
4338 1
4340 1
4385 1
