2834 2
2835 11
2836 22
2837 31
2838 51
2839 88
2840 132
2841 189
2842 271
2843 351
2844 481
2845 620
2846 774
2847 959
2848 1123
2849 1304
2850 1424
2851 1519
2852 1579
2853 1636
2854 1684
2855 1734
2856 1787
2857 1843
2858 1929
2859 2028
2860 2153
2861 2304
2862 2479
2863 2712
2864 2978
2865 3336
2866 3819
2867 4355
2868 5013
2869 5800
2870 6536
2871 7219
2872 7808
2873 8217
2874 8585
2875 8847
2876 9079
2877 9249
2878 9390
2879 9507
2880 9613
2881 9699
2882 9752
2883 9793
2884 9824
2885 9853
2886 9875
2887 9894
2888 9906
2889 9921
2890 9927
2891 9931
2892 9937
2893 9940
2894 9943
2895 9945
2897 9946
2898 9949
2899 9951
2900 9953
2901 9954
2902 9955
2903 9957
2904 9958
2905 9960
2906 9961
2907 9963
2908 9964
2909 9966
2910 9967
2911 9970
2912 9971
2913 9972
2914 9974
2915 9976
2919 9977
2922 9978
2924 9979
2925 9980
2926 9981
2927 9983
2928 9984
2929 9987
2931 9989
2932 9991
2933 9992
2934 9993
2935 9994
2936 9995
2937 9996
2938 9997
2957 9998
2974 9999
2984 10000
