0 17
1 26
2 24
3 22
4 19
5 22
6 25
7 20
8 25
9 21
10 26
11 22
12 25
13 20
14 27
15 21
16 26
17 20
18 25
19 22
20 26
21 21
22 25
23 22
24 26
25 21
26 26
27 20
28 24
29 17
30 26
31 17
32 24
33 21
34 24
35 20
36 25
37 21
38 26
39 21
40 24
41 20
42 20
43 21
44 24
45 21
46 25
47 22
48 26
49 20
50 25
51 22
52 25
53 21
54 25
55 23
56 24
57 21
58 22
59 21
60 25
61 19
62 26
63 22
64 25
65 21
66 27
67 20
68 24
69 24
70 23
71 21
72 25
73 21
74 26
75 20
76 25
77 20
78 26
79 20
80 26
81 21
82 26
83 21
84 23
85 22
86 26
87 21
88 25
89 20
90 24
91 21
92 25
93 21
94 26
95 22
96 26
97 22
98 25
99 20
100 26
101 22
102 25
103 20
104 25
105 22
106 25
107 21
108 25
109 21
110 26
111 21
112 24
113 20
114 25
115 21
116 26
117 20
118 23
119 20
120 25
121 20
122 25
123 19
124 25
125 21
126 24
127 20
128 23
129 21
130 25
131 22
132 26
133 21
134 26
135 20
136 25
137 21
138 26
139 21
140 25
141 21
142 25
143 20
144 26
145 21
146 26
147 20
148 25
149 21
150 25
151 21
152 24
153 22
154 25
155 20
156 27
157 19
158 25
159 21
160 25
161 22
162 24
163 22
164 26
165 19
166 24
167 21
168 26
169 20
170 24
171 21
172 25
173 20
174 25
175 20
176 25
177 20
178 25
179 18
180 25
181 20
182 24
183 21
184 24
185 21
186 25
187 18
188 24
189 17
190 24
191 20
192 25
193 18
194 25
195 17
196 24
197 20
198 25
199 20
200 25
201 21
202 26
203 20
204 25
205 19
206 25
207 21
208 26
209 20
210 24
211 20
212 26
213 20
214 25
215 20
216 25
217 21
218 25
219 21
220 24
221 19
222 25
223 21
224 25
225 21
226 26
227 20
228 24
229 21
230 25
231 20
232 25
233 20
234 26
235 21
236 25
237 18
238 24
239 20
240 25
241 22
242 25
243 20
244 24
245 21
246 24
247 18
248 25
249 22
250 25
251 18
252 23
253 21
254 26
255 21
256 24
257 18
258 23
259 18
260 22
261 19
262 24
263 20
264 25
265 20
266 24
267 19
268 24
269 20
270 24
271 21
272 24
273 21
274 25
275 21
276 23
277 21
278 26
279 19
280 25
281 22
282 24
283 22
284 25
285 21
286 24
287 21
288 24
289 21
290 25
291 21
292 25
293 20
294 24
295 21
296 25
297 21
298 24
299 19
300 25
301 21
302 24
303 21
304 25
305 20
306 25
307 22
308 27
309 21
310 25
311 21
312 25
313 22
314 26
315 21
316 25
317 21
318 27
319 21
320 25
321 21
322 24
323 21
324 24
325 22
326 24
327 19
328 25
329 21
330 25
331 20
332 24
333 20
334 24
335 19
336 25
337 22
338 25
339 21
340 23
341 22
342 25
343 21
344 24
345 20
346 24
347 20
348 26
349 18
350 26
351 22
352 25
353 20
354 26
355 22
356 25
357 21
358 26
359 20
360 24
361 22
362 23
363 20
364 25
365 18
366 25
367 22
368 25
369 19
370 25
371 21
372 26
373 19
374 24
375 21
376 24
377 20
378 25
379 18
380 23
381 19
382 26
383 21
384 25
385 21
386 25
387 21
388 25
389 20
390 25
391 21
392 25
393 21
394 24
395 23
396 23
397 20
398 20
399 19
400 25
401 21
402 24
403 21
404 25
405 21
406 25
407 17
408 24
409 21
410 24
411 18
412 24
413 21
414 25
415 20
416 25
417 22
418 25
419 21
420 24
421 21
422 26
423 22
424 24
425 21
426 25
427 19
428 24
429 21
430 25
431 20
432 24
433 22
434 27
435 21
436 25
437 20
438 25
439 18
440 23
441 20
442 24
443 20
444 25
445 21
446 26
447 22
448 25
449 21
450 24
451 23
452 20
453 20
454 25
455 22
456 25
457 23
458 25
459 21
460 25
461 19
462 24
463 20
464 25
465 18
466 23
467 20
468 22
469 21
470 26
471 21
472 25
473 20
474 25
475 21
476 24
477 21
478 26
479 20
480 25
481 19
482 24
483 20
484 25
485 20
486 25
487 20
488 26
489 21
490 25
491 22
492 24
493 22
494 26
495 21
496 24
497 22
498 23
499 20
500 24
501 20
502 25
503 20
504 23
505 20
506 24
507 20
508 25
509 20
510 26
511 20
512 26
513 21
514 25
515 20
516 23
517 20
518 25
519 21
520 25
521 22
522 27
523 20
524 24
525 19
526 25
527 19
528 25
529 22
530 24
531 22
532 25
533 22
534 26
535 19
536 24
537 22
538 24
539 21
540 25
541 21
542 26
543 21
544 25
545 20
546 26
547 20
548 25
549 21
550 24
551 22
552 25
553 21
554 18
555 22
556 25
557 20
558 24
559 21
560 25
561 17
562 22
563 18
564 24
565 23
566 23
567 20
568 24
569 19
570 21
571 21
572 25
573 20
574 25
575 21
576 25
577 20
578 25
579 20
580 25
581 21
582 24
583 20
584 25
585 21
586 23
587 20
588 25
589 19
590 25
591 22
592 24
593 21
594 25
595 19
596 23
597 20
598 24
599 21
600 25
601 22
602 24
603 21
604 25
605 21
606 25
607 21
608 24
609 18
610 24
611 19
612 23
613 21
614 24
615 21
616 25
617 21
618 26
619 21
620 26
621 21
622 24
623 21
624 24
625 20
626 25
627 21
628 25
629 21
630 25
631 22
632 25
633 22
634 25
635 22
636 25
637 18
638 26
639 21
640 24
641 21
642 26
643 22
644 26
645 20
646 25
647 21
648 25
649 22
650 25
651 21
652 25
653 20
654 27
655 20
656 23
657 18
658 24
659 18
660 24
661 22
662 24
663 19
664 24
665 20
666 24
667 19
668 23
669 19
670 26
671 21
672 26
673 20
674 25
675 20
676 25
677 22
678 25
679 20
680 24
681 22
682 24
683 20
684 26
685 21
686 26
687 21
688 25
689 20
690 25
691 22
692 24
693 21
694 26
695 20
696 25
697 21
698 25
699 20
700 25
701 20
702 25
703 22
704 25
705 21
706 25
707 20
708 25
709 20
710 24
711 23
712 26
713 21
714 24
715 21
716 25
717 22
718 25
719 21
720 24
721 19
722 24
723 21
724 24
725 21
726 26
727 18
728 23
729 19
730 25
731 21
732 24
733 20
734 25
735 21
736 27
737 22
738 25
739 20
740 23
741 22
742 25
743 22
744 25
745 22
746 24
747 21
748 25
749 21
750 24
751 20
752 24
753 21
754 23
755 21
756 25
757 20
758 25
759 17
760 25
761 21
762 23
763 20
764 25
765 20
766 24
767 21
768 25
769 20
770 25
771 22
772 25
773 21
774 24
775 20
776 24
777 20
778 24
779 17
780 25
781 20
782 24
783 21
784 24
785 19
786 24
787 20
788 24
789 20
790 25
791 18
792 25
793 17
794 23
795 22
796 25
797 20
798 25
799 20
800 24
801 20
802 25
803 20
804 25
805 21
806 26
807 21
808 24
809 20
810 18
811 22
812 25
813 22
814 24
815 17
816 24
817 19
818 24
819 20
820 24
821 21
822 25
823 22
824 26
825 20
826 24
827 20
828 25
829 21
830 23
831 21
832 24
833 20
834 25
835 20
836 25
837 20
838 24
839 18
840 23
841 22
842 25
843 21
844 24
845 22
846 25
847 21
848 26
849 22
850 25
851 21
852 25
853 21
854 25
855 20
856 24
857 22
858 24
859 21
860 25
861 18
862 25
863 20
864 25
865 21
866 26
867 21
868 23
869 21
870 25
871 19
872 23
873 18
874 25
875 21
876 25
877 17
878 23
879 20
880 25
881 21
882 25
883 20
884 24
885 21
886 24
887 22
888 25
889 22
890 25
891 20
892 24
893 20
894 25
895 20
896 26
897 21
898 22
899 19
900 26
901 20
902 38
903 38
904 37
905 46
906 34
907 29
908 28
909 26
910 27
911 21
912 30
913 26
914 30
915 21
916 28
917 24
918 30
919 20
920 31
921 24
922 32
923 20
924 26
925 23
926 23
927 21
928 24
929 21
930 24
931 21
932 25
933 23
934 25
935 21
936 25
937 22
938 24
939 22
940 24
941 21
942 25
943 22
944 24
945 20
946 26
947 21
948 26
949 22
950 23
951 18
952 24
953 19
954 24
955 21
956 26
957 21
958 26
959 22
960 25
961 19
962 23
963 21
964 20
965 22
966 25
967 21
968 26
969 20
970 24
971 20
972 25
973 20
974 25
975 22
976 26
977 23
978 26
979 19
980 23
981 20
982 24
983 21
984 24
985 21
986 24
987 22
988 23
989 18
990 24
991 22
992 25
993 23
994 25
995 21
996 25
997 21
998 26
999 21
1000 26
1001 21
1002 25
1003 22
1004 22
1005 20
1006 25
1007 20
1008 24
1009 21
1010 26
1011 21
1012 20
1013 19
1014 26
1015 21
1016 25
1017 22
1018 25
1019 22
1020 26
1021 21
1022 25
1023 21
1024 25
1025 21
1026 27
1027 21
1028 26
1029 20
1030 24
1031 21
1032 25
1033 22
1034 24
1035 21
1036 27
1037 21
1038 26
1039 21
1040 25
1041 18
1042 23
1043 21
1044 24
1045 22
1046 24
1047 21
1048 25
1049 22
1050 25
1051 21
1052 24
1053 22
1054 24
1055 21
1056 25
1057 19
1058 24
1059 18
1060 24
1061 20
1062 23
1063 19
1064 23
1065 21
1066 21
1067 20
1068 24
1069 19
1070 25
1071 20
1072 25
1073 23
1074 24
1075 19
1076 26
1077 23
1078 25
1079 21
1080 25
1081 20
1082 22
1083 21
1084 23
1085 22
1086 23
1087 21
1088 25
1089 20
1090 25
1091 21
1092 24
1093 22
1094 25
1095 21
1096 25
1097 21
1098 25
1099 22
1100 26
1101 22
1102 26
1103 21
1104 26
1105 20
1106 25
1107 22
1108 24
1109 21
1110 24
1111 21
1112 25
1113 20
1114 26
1115 21
1116 25
1117 21
1118 25
1119 21
1120 24
1121 22
1122 24
1123 22
1124 26
1125 21
1126 26
1127 20
1128 25
1129 21
1130 24
1131 21
1132 24
1133 21
1134 26
1135 20
1136 25
1137 22
1138 25
1139 21
1140 25
1141 23
1142 25
1143 22
1144 25
1145 22
1146 25
1147 22
1148 25
1149 19
1150 24
1151 20
1152 25
1153 21
1154 25
1155 20
1156 25
1157 22
1158 25
1159 19
1160 23
1161 17
1162 24
1163 20
1164 25
1165 21
1166 24
1167 20
1168 25
1169 21
1170 25
1171 22
1172 25
1173 20
1174 25
1175 21
1176 23
1177 20
1178 26
1179 18
1180 25
1181 18
1182 23
1183 18
1184 24
1185 20
1186 25
1187 20
1188 25
1189 21
1190 25
1191 23
1192 24
1193 21
1194 25
1195 20
1196 23
1197 23
1198 25
1199 21
1200 24
1201 21
1202 23
1203 20
1204 25
1205 20
1206 25
1207 21
1208 26
1209 22
1210 25
1211 21
1212 26
1213 18
1214 24
1215 21
1216 23
1217 21
1218 24
1219 20
1220 24
1221 20
1222 25
1223 21
1224 25
1225 20
1226 24
1227 21
1228 26
1229 22
1230 24
1231 20
1232 24
1233 21
1234 24
1235 22
1236 27
1237 22
1238 25
1239 22
1240 25
1241 21
1242 24
1243 21
1244 25
1245 21
1246 25
1247 20
1248 25
1249 21
1250 25
1251 22
1252 27
1253 22
1254 24
1255 21
1256 24
1257 20
1258 25
1259 22
1260 24
1261 18
1262 24
1263 22
1264 25
1265 20
1266 24
1267 21
1268 24
1269 20
1270 24
1271 19
1272 25
1273 19
1274 24
1275 21
1276 24
1277 20
1278 25
1279 22
1280 25
1281 21
1282 26
1283 21
1284 25
1285 21
1286 25
1287 19
1288 26
1289 21
1290 26
1291 22
1292 26
1293 21
1294 25
1295 21
1296 25
1297 22
1298 26
1299 21
1300 25
1301 22
1302 25
1303 21
1304 27
1305 20
1306 26
1307 21
1308 26
1309 22
1310 25
1311 20
1312 26
1313 21
1314 24
1315 20
1316 24
1317 22
1318 26
1319 21
1320 25
1321 21
1322 24
1323 20
1324 24
1325 21
1326 26
1327 19
1328 23
1329 20
1330 24
1331 21
1332 24
1333 22
1334 25
1335 21
1336 24
1337 20
1338 26
1339 22
1340 25
1341 21
1342 26
1343 20
1344 25
1345 23
1346 25
1347 20
1348 24
1349 20
1350 25
1351 20
1352 25
1353 22
1354 24
1355 21
1356 26
1357 21
1358 27
1359 21
1360 25
1361 18
1362 25
1363 18
1364 23
1365 20
1366 25
1367 22
1368 24
1369 22
1370 25
1371 20
1372 24
1373 17
1374 24
1375 21
1376 24
1377 22
1378 25
1379 17
1380 24
1381 21
1382 24
1383 18
1384 23
1385 21
1386 24
1387 22
1388 25
1389 20
1390 24
1391 21
1392 24
1393 21
1394 25
1395 21
1396 26
1397 21
1398 19
1399 18
1400 19
1401 21
1402 23
1403 21
1404 24
1405 21
1406 25
1407 21
1408 26
1409 21
1410 24
1411 20
1412 25
1413 21
1414 24
1415 18
1416 25
1417 18
1418 25
1419 20
1420 24
1421 21
1422 25
1423 21
1424 26
1425 20
1426 25
1427 20
1428 25
1429 22
1430 26
1431 22
1432 26
1433 22
1434 24
1435 21
1436 24
1437 22
1438 25
1439 22
1440 25
1441 19
1442 23
1443 22
1444 27
1445 20
1446 25
1447 21
1448 26
1449 21
1450 26
1451 21
1452 24
1453 22
1454 25
1455 22
1456 24
1457 21
1458 25
1459 22
1460 25
1461 20
1462 24
1463 18
1464 23
1465 21
1466 24
1467 21
1468 25
1469 19
1470 25
1471 21
1472 25
1473 20
1474 24
1475 20
1476 20
1477 20
1478 24
1479 21
1480 24
1481 21
1482 24
1483 21
1484 25
1485 21
1486 25
1487 20
1488 25
1489 20
1490 23
1491 20
1492 21
1493 22
1494 27
1495 21
1496 25
1497 20
1498 23
1499 20
1500 26
1501 21
1502 25
1503 21
1504 23
1505 20
1506 26
1507 21
1508 26
1509 21
1510 25
1511 21
1512 25
1513 22
1514 25
1515 21
1516 26
1517 22
1518 26
1519 23
1520 26
1521 19
1522 24
1523 22
1524 25
1525 21
1526 25
1527 21
1528 25
1529 22
1530 26
1531 20
1532 24
1533 21
1534 25
1535 22
1536 26
1537 22
1538 25
1539 21
1540 25
1541 22
1542 25
1543 22
1544 24
1545 22
1546 24
1547 21
1548 25
1549 19
1550 25
1551 20
1552 25
1553 20
1554 24
1555 21
1556 24
1557 23
1558 26
1559 21
1560 25
1561 21
1562 23
1563 22
1564 25
1565 23
1566 24
1567 20
1568 25
1569 20
1570 25
1571 22
1572 24
1573 20
1574 25
1575 21
1576 24
1577 20
1578 20
1579 19
1580 24
1581 19
1582 25
1583 21
1584 24
1585 20
1586 26
1587 20
1588 24
1589 22
1590 26
1591 21
1592 24
1593 22
1594 21
1595 22
1596 25
1597 21
1598 25
1599 21
1600 24
1601 20
1602 25
1603 20
1604 24
1605 22
1606 26
1607 20
1608 24
1609 21
1610 25
1611 21
1612 26
1613 22
1614 26
1615 20
1616 24
1617 19
1618 24
1619 21
1620 25
1621 17
1622 24
1623 21
1624 27
1625 21
1626 26
1627 21
1628 25
1629 21
1630 24
1631 22
1632 26
1633 20
1634 24
1635 21
1636 25
1637 21
1638 24
1639 18
1640 24
1641 22
1642 24
1643 21
1644 26
1645 22
1646 25
1647 22
1648 25
1649 21
1650 26
1651 21
1652 25
1653 21
1654 25
1655 21
1656 24
1657 20
1658 24
1659 22
1660 26
1661 19
1662 24
1663 22
1664 26
1665 21
1666 25
1667 20
1668 26
1669 20
1670 25
1671 18
1672 24
1673 19
1674 24
1675 22
1676 24
1677 21
1678 24
1679 21
1680 25
1681 22
1682 25
1683 21
1684 25
1685 21
1686 25
1687 21
1688 24
1689 21
1690 24
1691 21
1692 25
1693 20
1694 26
1695 21
1696 26
1697 19
1698 24
1699 21
1700 24
1701 21
1702 24
1703 18
1704 25
1705 21
1706 24
1707 20
1708 25
1709 20
1710 25
1711 21
1712 26
1713 20
1714 26
1715 21
1716 25
1717 21
1718 24
1719 22
1720 25
1721 21
1722 26
1723 20
1724 25
1725 21
1726 25
1727 20
1728 26
1729 23
1730 25
1731 21
1732 24
1733 21
1734 26
1735 20
1736 25
1737 20
1738 24
1739 20
1740 25
1741 20
1742 25
1743 20
1744 24
1745 22
1746 25
1747 21
1748 27
1749 21
1750 25
1751 19
1752 25
1753 21
1754 25
1755 21
1756 25
1757 21
1758 25
1759 20
1760 24
1761 18
1762 24
1763 19
1764 23
1765 20
1766 25
1767 20
1768 24
1769 19
1770 25
1771 21
1772 25
1773 21
1774 24
1775 21
1776 24
1777 20
1778 24
1779 20
1780 23
1781 21
1782 24
1783 19
1784 23
1785 21
1786 25
1787 20
1788 26
1789 20
1790 25
1791 19
1792 25
1793 18
1794 25
1795 19
1796 22
1797 21
1798 24
1799 20
1800 24
1801 21
1802 25
1803 21
1804 24
1805 21
1806 24
1807 20
1808 25
1809 21
1810 26
1811 21
1812 25
1813 20
1814 25
1815 21
1816 25
1817 21
1818 20
1819 23
1820 25
1821 21
1822 26
1823 21
1824 25
1825 21
1826 24
1827 18
1828 26
1829 21
1830 26
1831 22
1832 25
1833 21
1834 25
1835 22
1836 25
1837 22
1838 27
1839 21
1840 24
1841 21
1842 23
1843 21
1844 25
1845 20
1846 25
1847 22
1848 24
1849 20
1850 25
1851 22
1852 24
1853 20
1854 25
1855 20
1856 24
1857 21
1858 24
1859 21
1860 24
1861 20
1862 24
1863 19
1864 24
1865 21
1866 25
1867 20
1868 25
1869 20
1870 25
1871 21
1872 23
1873 19
1874 24
1875 21
1876 25
1877 22
1878 24
1879 20
1880 23
1881 21
1882 24
1883 20
1884 23
1885 18
1886 25
1887 20
1888 23
1889 21
1890 25
1891 20
1892 25
1893 22
1894 24
1895 21
1896 25
1897 20
1898 20
1899 18
1900 20
1901 18
1902 24
1903 20
1904 26
1905 22
1906 25
1907 20
1908 24
1909 21
1910 25
1911 22
1912 27
1913 20
1914 25
1915 21
1916 26
1917 21
1918 26
1919 20
1920 25
1921 21
1922 25
1923 31
1924 83
1925 33
1926 80
1927 31
1928 29
1929 24
1930 28
1931 24
1932 25
1933 26
1934 26
1935 25
1936 24
1937 25
1938 27
1939 23
1940 22
1941 31
1942 24
1943 32
1944 25
1945 18
1946 25
1947 21
1948 25
1949 19
1950 24
1951 20
1952 24
1953 22
1954 25
1955 20
1956 24
1957 20
1958 25
1959 20
1960 25
1961 21
1962 19
1963 21
1964 26
1965 21
1966 25
1967 21
1968 25
1969 21
1970 24
1971 17
1972 25
1973 20
1974 24
1975 20
1976 25
1977 20
1978 24
1979 18
1980 25
1981 19
1982 24
1983 21
1984 26
1985 20
1986 24
1987 21
1988 20
1989 21
1990 23
1991 22
1992 25
1993 21
1994 24
1995 23
1996 24
1997 22
1998 26
1999 20
2000 25
2001 21
2002 26
2003 21
2004 22
2005 21
2006 25
2007 21
2008 26
2009 19
2010 26
2011 21
2012 24
2013 22
2014 26
2015 21
2016 24
2017 20
2018 26
2019 21
2020 18
2021 21
2022 24
2023 21
2024 25
2025 19
2026 24
2027 21
2028 25
2029 21
2030 25
2031 22
2032 25
2033 21
2034 24
2035 21
2036 26
2037 21
2038 25
2039 22
2040 25
2041 20
2042 24
2043 20
2044 24
2045 22
2046 26
2047 21
2048 25
2049 21
2050 25
2051 20
2052 25
2053 20
2054 26
2055 21
2056 24
2057 23
2058 23
2059 23
2060 26
2061 18
2062 25
2063 23
2064 26
2065 20
2066 25
2067 21
2068 23
2069 21
2070 25
2071 19
2072 26
2073 20
2074 24
2075 20
2076 23
2077 20
2078 25
2079 19
2080 25
2081 21
2082 25
2083 21
2084 23
2085 21
2086 27
2087 21
2088 24
2089 20
2090 20
2091 21
2092 26
2093 22
2094 24
2095 21
2096 24
2097 22
2098 25
2099 21
2100 26
2101 21
2102 27
2103 23
2104 25
2105 20
2106 23
2107 20
2108 21
2109 22
2110 24
2111 20
2112 25
2113 20
2114 24
2115 20
2116 20
2117 19
2118 24
2119 22
2120 26
2121 21
2122 25
2123 21
2124 25
2125 21
2126 23
2127 19
2128 25
2129 21
2130 25
2131 21
2132 26
2133 22
2134 24
2135 21
2136 25
2137 22
2138 24
2139 21
2140 24
2141 20
2142 24
2143 21
2144 25
2145 23
2146 25
2147 20
2148 25
2149 21
2150 27
2151 19
2152 23
2153 21
2154 25
2155 19
2156 22
2157 20
2158 24
2159 21
2160 24
2161 18
2162 23
2163 18
2164 23
2165 20
2166 25
2167 21
2168 26
2169 22
2170 25
2171 19
2172 25
2173 19
2174 25
2175 20
2176 25
2177 19
2178 24
2179 23
2180 25
2181 19
2182 24
2183 21
2184 25
2185 21
2186 24
2187 20
2188 24
2189 21
2190 25
2191 23
2192 24
2193 20
2194 26
2195 21
2196 25
2197 21
2198 25
2199 22
2200 26
2201 21
2202 25
2203 20
2204 25
2205 21
2206 26
2207 21
2208 25
2209 21
2210 24
2211 21
2212 24
2213 21
2214 26
2215 21
2216 24
2217 22
2218 26
2219 20
2220 25
2221 17
2222 24
2223 17
2224 23
2225 20
2226 25
2227 21
2228 26
2229 22
2230 25
2231 17
2232 24
2233 18
2234 25
2235 22
2236 25
2237 20
2238 25
2239 21
2240 26
2241 21
2242 24
2243 20
2244 26
2245 21
2246 22
2247 21
2248 25
2249 21
2250 25
2251 19
2252 24
2253 21
2254 25
2255 21
2256 25
2257 20
2258 25
2259 20
2260 25
2261 22
2262 25
2263 18
2264 23
2265 20
2266 25
2267 20
2268 25
2269 21
2270 25
2271 20
2272 25
2273 17
2274 23
2275 21
2276 25
2277 18
2278 24
2279 21
2280 26
2281 20
2282 24
2283 21
2284 25
2285 22
2286 24
2287 21
2288 25
2289 22
2290 25
2291 20
2292 25
2293 21
2294 25
2295 18
2296 24
2297 21
2298 26
2299 21
2300 25
2301 21
2302 25
2303 21
2304 25
2305 21
2306 24
2307 22
2308 25
2309 22
2310 25
2311 19
2312 25
2313 20
2314 23
2315 21
2316 27
2317 20
2318 24
2319 21
2320 24
2321 20
2322 27
2323 20
2324 24
2325 17
2326 24
2327 21
2328 23
2329 21
2330 24
2331 21
2332 25
2333 21
2334 23
2335 22
2336 26
2337 22
2338 26
2339 20
2340 26
2341 20
2342 26
2343 18
2344 22
2345 20
2346 24
2347 21
2348 26
2349 21
2350 24
2351 20
2352 24
2353 21
2354 25
2355 19
2356 25
2357 21
2358 26
2359 23
2360 25
2361 22
2362 25
2363 20
2364 25
2365 20
2366 24
2367 19
2368 24
2369 20
2370 25
2371 21
2372 25
2373 20
2374 25
2375 20
2376 25
2377 21
2378 24
2379 17
2380 23
2381 18
2382 25
2383 19
2384 25
2385 21
2386 23
2387 20
2388 24
2389 21
2390 25
2391 20
2392 24
2393 21
2394 23
2395 20
2396 25
2397 18
2398 16
2399 23
2400 22
2401 19
2402 24
2403 20
2404 26
2405 21
2406 26
2407 21
2408 25
2409 21
2410 26
2411 21
2412 24
2413 18
2414 27
2415 19
2416 25
2417 21
2418 27
2419 22
2420 24
2421 22
2422 24
2423 17
2424 25
2425 18
2426 25
2427 17
2428 26
2429 21
2430 27
2431 19
2432 24
2433 21
2434 27
2435 20
2436 25
2437 22
2438 26
2439 19
2440 25
2441 22
2442 25
2443 22
2444 25
2445 21
2446 25
2447 20
2448 25
2449 21
2450 25
2451 19
2452 25
2453 19
2454 25
2455 21
2456 25
2457 20
2458 25
2459 20
2460 25
2461 16
2462 25
2463 20
2464 25
2465 20
2466 24
2467 23
2468 26
2469 22
2470 24
2471 21
2472 25
2473 21
2474 26
2475 19
2476 25
2477 20
2478 24
2479 20
2480 25
2481 20
2482 25
2483 20
2484 24
2485 20
2486 27
2487 20
2488 25
2489 21
2490 25
2491 21
2492 25
2493 21
2494 24
2495 20
2496 26
2497 22
2498 26
2499 20
2500 23
2501 20
2502 24
2503 23
2504 24
2505 21
2506 24
2507 20
2508 26
2509 20
2510 24
2511 22
2512 25
2513 20
2514 25
2515 21
2516 24
2517 20
2518 27
2519 21
2520 27
2521 21
2522 27
2523 20
2524 25
2525 21
2526 25
2527 19
2528 26
2529 20
2530 24
2531 21
2532 26
2533 19
2534 26
2535 19
2536 26
2537 19
2538 25
2539 19
2540 27
2541 22
2542 25
2543 19
2544 26
2545 19
2546 24
2547 20
2548 25
2549 19
2550 26
2551 20
2552 25
2553 21
2554 24
2555 22
2556 25
2557 21
2558 25
2559 20
2560 24
2561 19
2562 25
2563 18
2564 25
2565 17
2566 25
2567 20
2568 26
2569 21
2570 27
2571 20
2572 25
2573 20
2574 26
2575 19
2576 25
2577 20
2578 24
2579 20
2580 26
2581 21
2582 26
2583 20
2584 26
2585 21
2586 25
2587 21
2588 24
2589 20
2590 25
2591 19
2592 25
2593 21
2594 24
2595 20
2596 26
2597 18
2598 25
2599 21
2600 26
2601 20
2602 18
2603 21
2604 26
2605 20
2606 25
2607 23
2608 26
2609 21
2610 25
2611 20
2612 27
2613 22
2614 26
2615 19
2616 25
2617 21
2618 22
2619 21
2620 26
2621 21
2622 25
2623 21
2624 27
2625 22
2626 26
2627 17
2628 24
2629 21
2630 25
2631 19
2632 25
2633 19
2634 26
2635 21
2636 26
2637 22
2638 24
2639 18
2640 25
2641 23
2642 25
2643 17
2644 24
2645 20
2646 26
2647 20
2648 25
2649 22
2650 25
2651 19
2652 24
2653 21
2654 27
2655 20
2656 25
2657 20
2658 25
2659 20
2660 26
2661 20
2662 25
2663 20
2664 25
2665 20
2666 25
2667 21
2668 25
2669 20
2670 26
2671 20
2672 26
2673 18
2674 25
2675 21
2676 26
2677 18
2678 25
2679 21
2680 25
2681 20
2682 25
2683 19
2684 25
2685 22
2686 25
2687 20
2688 24
2689 20
2690 26
2691 20
2692 25
2693 21
2694 24
2695 21
2696 26
2697 20
2698 25
2699 21
2700 24
2701 20
2702 25
2703 21
2704 25
2705 20
2706 26
2707 21
2708 27
2709 21
2710 26
2711 20
2712 25
2713 19
2714 25
2715 21
2716 26
2717 20
2718 26
2719 21
2720 26
2721 20
2722 26
2723 21
2724 26
2725 19
2726 27
2727 17
2728 26
2729 21
2730 25
2731 19
2732 26
2733 20
2734 26
2735 21
2736 27
2737 22
2738 27
2739 21
2740 25
2741 20
2742 25
2743 22
2744 24
2745 21
2746 26
2747 22
2748 25
2749 20
2750 27
2751 19
2752 25
2753 22
2754 25
2755 21
2756 25
2757 22
2758 25
2759 19
2760 25
2761 20
2762 26
2763 20
2764 26
2765 22
2766 26
2767 19
2768 25
2769 21
2770 25
2771 20
2772 25
2773 20
2774 26
2775 20
2776 25
2777 21
2778 24
2779 20
2780 26
2781 19
2782 25
2783 20
2784 25
2785 20
2786 25
2787 21
2788 25
2789 21
2790 26
2791 20
2792 27
2793 19
2794 23
2795 20
2796 25
2797 20
2798 25
2799 21
2800 25
2801 21
2802 27
2803 20
2804 27
2805 21
2806 25
2807 17
2808 26
2809 20
2810 24
2811 21
2812 26
2813 21
2814 25
2815 22
2816 26
2817 20
2818 27
2819 20
2820 26
2821 21
2822 25
2823 19
2824 27
2825 19
2826 20
2827 15
2828 24
2829 20
2830 26
2831 20
2832 25
2833 21
2834 26
2835 20
2836 26
2837 20
2838 26
2839 22
2840 24
2841 21
2842 23
2843 21
2844 25
2845 21
2846 25
2847 22
2848 25
2849 20
2850 25
2851 19
2852 24
2853 20
2854 24
2855 18
2856 26
2857 20
2858 26
2859 19
2860 26
2861 17
2862 26
2863 20
2864 25
2865 22
2866 25
2867 20
2868 26
2869 21
2870 25
2871 21
2872 26
2873 23
2874 25
2875 20
2876 25
2877 22
2878 24
2879 20
2880 25
2881 21
2882 25
2883 22
2884 24
2885 20
2886 26
2887 21
2888 25
2889 21
2890 26
2891 21
2892 25
2893 20
2894 26
2895 21
2896 26
2897 20
2898 25
2899 20
2900 25
2901 21
2902 25
2903 20
2904 26
2905 21
2906 24
2907 21
2908 25
2909 17
2910 24
2911 17
2912 24
2913 22
2914 26
2915 21
2916 26
2917 21
2918 26
2919 19
2920 23
2921 21
2922 26
2923 17
2924 25
2925 18
2926 25
2927 18
2928 25
2929 19
2930 24
2931 19
2932 24
2933 21
2934 25
2935 20
2936 24
2937 20
2938 26
2939 22
2940 25
2941 18
2942 25
2943 19
2944 32
2945 48
2946 58
2947 41
2948 36
2949 31
2950 28
2951 26
2952 29
2953 25
2954 33
2955 26
2956 29
2957 23
2958 30
2959 26
2960 30
2961 23
2962 33
2963 20
2964 31
2965 23
2966 26
2967 21
2968 26
2969 20
2970 26
2971 21
2972 24
2973 21
2974 24
2975 20
2976 25
2977 20
2978 26
2979 20
2980 24
2981 21
2982 26
2983 19
2984 25
2985 23
2986 27
2987 21
2988 27
2989 19
2990 25
2991 21
2992 25
2993 18
2994 24
2995 20
2996 24
2997 20
2998 25
2999 21
3000 24
3001 21
3002 25
3003 20
3004 23
3005 21
3006 26
3007 21
3008 24
3009 21
3010 25
3011 21
3012 21
3013 21
3014 26
3015 20
3016 25
3017 20
3018 26
3019 21
3020 26
3021 20
3022 24
3023 21
3024 25
3025 21
3026 26
3027 15
3028 20
3029 20
3030 25
3031 22
3032 26
3033 21
3034 26
3035 20
3036 26
3037 18
3038 26
3039 22
3040 26
3041 17
3042 24
3043 21
3044 26
3045 22
3046 26
3047 22
3048 26
3049 21
3050 25
3051 20
3052 27
3053 21
3054 26
3055 22
3056 25
3057 17
3058 25
3059 18
3060 25
3061 18
3062 25
3063 21
3064 25
3065 20
3066 24
3067 20
3068 25
3069 21
3070 26
3071 20
3072 26
3073 21
3074 26
3075 20
3076 25
3077 20
3078 26
3079 20
3080 26
3081 20
3082 25
3083 21
3084 26
3085 20
3086 27
3087 19
3088 24
3089 21
3090 26
3091 22
3092 26
3093 21
3094 26
3095 21
3096 24
3097 22
3098 26
3099 21
3100 25
3101 20
3102 25
3103 21
3104 25
3105 20
3106 26
3107 20
3108 27
3109 21
3110 25
3111 20
3112 27
3113 21
3114 21
3115 19
3116 26
3117 21
3118 25
3119 21
3120 25
3121 21
3122 25
3123 19
3124 26
3125 21
3126 26
3127 13
3128 23
3129 21
3130 23
3131 20
3132 20
3133 22
3134 22
3135 20
3136 22
3137 21
3138 23
3139 23
3140 23
3141 20
3142 23
3143 19
3144 20
3145 21
3146 23
3147 18
3148 21
3149 20
3150 21
3151 22
3152 19
3153 19
3154 27
3155 22
3156 24
3157 21
3158 25
3159 19
3160 25
3161 22
3162 25
3163 20
3164 25
3165 20
3166 25
3167 20
3168 25
3169 22
3170 25
3171 21
3172 25
3173 21
3174 25
3175 18
3176 24
3177 20
3178 25
3179 19
3180 25
3181 19
3182 26
3183 19
3184 26
3185 22
3186 25
3187 21
3188 24
3189 21
3190 26
3191 21
3192 25
3193 21
3194 24
3195 20
3196 26
3197 19
3198 25
3199 20
3200 25
3201 22
3202 24
3203 21
3204 26
3205 21
3206 25
3207 21
3208 26
3209 20
3210 26
3211 21
3212 26
3213 21
3214 24
3215 21
3216 26
3217 22
3218 26
3219 21
3220 27
3221 20
3222 26
3223 20
3224 24
3225 20
3226 26
3227 14
3228 26
3229 18
3230 25
3231 21
3232 25
3233 20
3234 24
3235 20
3236 24
3237 19
3238 24
3239 20
3240 27
3241 21
3242 27
3243 22
3244 25
3245 20
3246 26
3247 21
3248 25
3249 19
3250 25
3251 21
3252 26
3253 19
3254 26
3255 20
3256 26
3257 20
3258 24
3259 21
3260 25
3261 19
3262 26
3263 20
3264 24
3265 20
3266 24
3267 19
3268 26
3269 21
3270 25
3271 20
3272 25
3273 21
3274 24
3275 20
3276 24
3277 22
3278 24
3279 20
3280 25
3281 21
3282 27
3283 21
3284 27
3285 20
3286 25
3287 20
3288 24
3289 21
3290 25
3291 20
3292 26
3293 21
3294 25
3295 21
3296 24
3297 21
3298 25
3299 21
3300 26
3301 21
3302 25
3303 19
3304 24
3305 19
3306 25
3307 20
3308 26
3309 18
3310 25
3311 21
3312 26
3313 21
3314 26
3315 21
3316 26
3317 17
3318 25
3319 18
3320 24
3321 20
3322 26
3323 20
3324 26
3325 20
3326 26
3327 14
3328 25
3329 20
3330 27
3331 21
3332 26
3333 20
3334 25
3335 19
3336 27
3337 19
3338 25
3339 21
3340 26
3341 22
3342 26
3343 21
3344 27
3345 19
3346 25
3347 21
3348 26
3349 20
3350 26
3351 19
3352 25
3353 21
3354 24
3355 20
3356 25
3357 18
3358 25
3359 20
3360 23
3361 17
3362 25
3363 20
3364 25
3365 20
3366 27
3367 18
3368 23
3369 20
3370 26
3371 20
3372 26
3373 20
3374 26
3375 21
3376 26
3377 21
3378 26
3379 20
3380 26
3381 21
3382 25
3383 20
3384 25
3385 20
3386 26
3387 20
3388 24
3389 21
3390 26
3391 21
3392 26
3393 19
3394 26
3395 20
3396 26
3397 20
3398 20
3399 19
3400 25
3401 21
3402 26
3403 19
3404 24
3405 20
3406 25
3407 20
3408 23
3409 21
3410 26
3411 20
3412 26
3413 20
3414 25
3415 20
3416 26
3417 21
3418 24
3419 20
3420 25
3421 22
3422 19
3423 21
3424 26
3425 21
3426 25
3427 14
3428 25
3429 21
3430 25
3431 20
3432 27
3433 20
3434 26
3435 21
3436 26
3437 18
3438 25
3439 20
3440 26
3441 21
3442 26
3443 19
3444 25
3445 21
3446 26
3447 21
3448 25
3449 20
3450 25
3451 19
3452 27
3453 20
3454 25
3455 19
3456 24
3457 20
3458 26
3459 22
3460 23
3461 20
3462 25
3463 19
3464 25
3465 20
3466 25
3467 19
3468 25
3469 21
3470 27
3471 20
3472 25
3473 21
3474 26
3475 30
3476 23
3477 22
3478 26
3479 22
3480 27
3481 21
3482 26
3483 20
3484 25
3485 22
3486 25
3487 20
3488 26
3489 18
3490 25
3491 17
3492 24
3493 20
3494 25
3495 22
3496 26
3497 21
3498 27
3499 21
3500 25
3501 21
3502 26
3503 20
3504 23
3505 21
3506 26
3507 21
3508 25
3509 20
3510 23
3511 22
3512 26
3513 21
3514 26
3515 19
3516 25
3517 20
3518 26
3519 21
3520 24
3521 20
3522 25
3523 20
3524 22
3525 20
3526 26
3527 14
3528 24
3529 20
3530 25
3531 21
3532 23
3533 22
3534 25
3535 21
3536 26
3537 22
3538 25
3539 21
3540 25
3541 21
3542 24
3543 21
3544 25
3545 19
3546 25
3547 19
3548 25
3549 20
3550 26
3551 21
3552 24
3553 18
3554 24
3555 22
3556 25
3557 19
3558 25
3559 19
3560 25
3561 19
3562 22
3563 20
3564 25
3565 19
3566 25
3567 20
3568 24
3569 20
3570 26
3571 21
3572 26
3573 20
3574 26
3575 20
3576 24
3577 20
3578 25
3579 19
3580 25
3581 20
3582 26
3583 20
3584 26
3585 21
3586 25
3587 21
3588 25
3589 20
3590 25
3591 21
3592 27
3593 19
3594 24
3595 21
3596 25
3597 21
3598 25
3599 20
3600 25
3601 21
3602 26
3603 20
3604 24
3605 21
3606 25
3607 21
3608 26
3609 21
3610 25
3611 20
3612 25
3613 21
3614 26
3615 21
3616 24
3617 18
3618 24
3619 20
3620 26
3621 21
3622 26
3623 21
3624 25
3625 21
3626 19
3627 14
3628 27
3629 22
3630 26
3631 22
3632 25
3633 16
3634 25
3635 19
3636 25
3637 20
3638 24
3639 21
3640 26
3641 18
3642 26
3643 20
3644 27
3645 17
3646 24
3647 20
3648 26
3649 21
3650 26
3651 23
3652 25
3653 19
3654 26
3655 20
3656 25
3657 21
3658 26
3659 22
3660 24
3661 20
3662 24
3663 19
3664 25
3665 21
3666 25
3667 20
3668 26
3669 21
3670 25
3671 20
3672 26
3673 20
3674 23
3675 21
3676 25
3677 19
3678 26
3679 20
3680 24
3681 23
3682 27
3683 20
3684 25
3685 21
3686 24
3687 23
3688 26
3689 21
3690 26
3691 21
3692 27
3693 20
3694 25
3695 21
3696 24
3697 21
3698 24
3699 21
3700 25
3701 20
3702 25
3703 21
3704 26
3705 21
3706 26
3707 21
3708 25
3709 20
3710 25
3711 20
3712 25
3713 18
3714 23
3715 17
3716 25
3717 21
3718 24
3719 21
3720 27
3721 21
3722 25
3723 21
3724 26
3725 20
3726 25
3727 13
3728 26
3729 22
3730 26
3731 21
3732 24
3733 20
3734 26
3735 21
3736 26
3737 19
3738 25
3739 20
3740 25
3741 20
3742 28
3743 20
3744 25
3745 22
3746 25
3747 21
3748 25
3749 19
3750 25
3751 21
3752 25
3753 20
3754 24
3755 20
3756 25
3757 20
3758 25
3759 20
3760 23
3761 19
3762 26
3763 18
3764 25
3765 20
3766 26
3767 21
3768 26
3769 22
3770 24
3771 22
3772 25
3773 20
3774 29
3775 20
3776 25
3777 21
3778 25
3779 19
3780 25
3781 19
3782 25
3783 20
3784 25
3785 21
3786 24
3787 21
3788 25
3789 21
3790 25
3791 19
3792 27
3793 21
3794 26
3795 21
3796 25
3797 20
3798 26
3799 21
3800 26
3801 21
3802 26
3803 21
3804 26
3805 21
3806 26
3807 20
3808 25
3809 20
3810 25
3811 20
3812 26
3813 21
3814 26
3815 20
3816 26
3817 20
3818 25
3819 20
3820 25
3821 21
3822 26
3823 22
3824 26
3825 22
3826 26
3827 14
3828 25
3829 21
3830 25
3831 19
3832 26
3833 20
3834 21
3835 21
3836 27
3837 19
3838 25
3839 20
3840 26
3841 21
3842 25
3843 21
3844 27
3845 21
3846 25
3847 20
3848 26
3849 21
3850 26
3851 20
3852 25
3853 19
3854 24
3855 20
3856 26
3857 21
3858 24
3859 20
3860 25
3861 20
3862 26
3863 23
3864 26
3865 21
3866 25
3867 21
3868 25
3869 18
3870 25
3871 20
3872 26
3873 20
3874 25
3875 21
3876 24
3877 21
3878 24
3879 22
3880 25
3881 20
3882 25
3883 21
3884 25
3885 21
3886 26
3887 23
3888 26
3889 19
3890 24
3891 20
3892 25
3893 23
3894 26
3895 20
3896 26
3897 20
3898 18
3899 16
3900 20
3901 17
3902 23
3903 19
3904 25
3905 17
3906 24
3907 19
3908 25
3909 20
3910 25
3911 20
3912 25
3913 20
3914 25
3915 20
3916 25
3917 20
3918 25
3919 23
3920 25
3921 19
3922 26
3923 24
3924 25
3925 21
3926 26
3927 14
3928 25
3929 21
3930 27
3931 20
3932 26
3933 18
3934 26
3935 20
3936 25
3937 21
3938 26
3939 22
3940 25
3941 20
3942 26
3943 19
3944 25
3945 20
3946 26
3947 21
3948 25
3949 19
3950 25
3951 19
3952 24
3953 21
3954 25
3955 18
3956 25
3957 20
3958 25
3959 20
3960 25
3961 21
3962 25
3963 22
3964 20
3965 40
3966 39
3967 58
3968 46
3969 47
3970 33
3971 25
3972 29
3973 27
3974 25
3975 24
3976 29
3977 24
3978 24
3979 24
3980 29
3981 25
3982 31
3983 34
3984 32
3985 42
3986 28
3987 23
3988 26
3989 20
3990 26
3991 22
3992 25
3993 21
3994 23
3995 22
3996 24
3997 18
3998 26
3999 21
4000 25
4001 21
4002 24
4003 21
4004 23
4005 21
4006 26
4007 20
4008 25
4009 21
4010 24
4011 20
4012 27
4013 20
4014 26
4015 20
4016 26
4017 21
4018 24
4019 21
4020 26
4021 21
4022 25
4023 21
4024 26
4025 19
4026 26
4027 15
4028 27
4029 21
4030 24
4031 22
4032 25
4033 21
4034 26
4035 22
4036 19
4037 23
4038 26
4039 19
4040 26
4041 22
4042 27
4043 19
4044 24
4045 17
4046 26
4047 20
4048 25
4049 21
4050 25
4051 19
4052 26
4053 21
4054 25
4055 20
4056 25
4057 21
4058 26
4059 20
4060 25
4061 18
4062 26
4063 20
4064 25
4065 19
4066 24
4067 21
4068 25
4069 20
4070 25
4071 20
4072 25
4073 20
4074 22
4075 21
4076 28
4077 18
4078 26
4079 20
4080 25
4081 18
4082 23
4083 22
4084 26
4085 18
4086 23
4087 20
4088 25
4089 21
4090 25
4091 22
4092 25
4093 20
4094 26
4095 21
4096 27
4097 21
4098 26
4099 20
4100 26
4101 22
4102 25
4103 21
4104 25
4105 19
4106 25
4107 21
4108 24
4109 17
4110 24
4111 21
4112 25
4113 22
4114 25
4115 22
4116 26
4117 21
4118 26
4119 21
4120 26
4121 21
4122 26
4123 21
4124 26
4125 20
4126 24
4127 14
4128 24
4129 22
4130 24
4131 20
4132 26
4133 19
4134 25
4135 22
4136 26
4137 20
4138 19
4139 21
4140 25
4141 19
4142 25
4143 20
4144 25
4145 20
4146 26
4147 22
4148 25
4149 22
4150 24
4151 22
4152 27
4153 19
4154 24
4155 20
4156 25
4157 19
4158 25
4159 19
4160 25
4161 19
4162 23
4163 21
4164 25
4165 18
4166 24
4167 20
4168 26
4169 20
4170 25
4171 21
4172 26
4173 20
4174 26
4175 21
4176 26
4177 19
4178 25
4179 19
4180 23
4181 19
4182 25
4183 21
4184 25
4185 21
4186 26
4187 21
4188 24
4189 19
4190 25
4191 21
4192 23
4193 20
4194 27
4195 20
4196 25
4197 21
4198 25
4199 21
4200 26
4201 21
4202 26
4203 22
4204 26
4205 22
4206 25
4207 21
4208 25
4209 21
4210 26
4211 21
4212 25
4213 21
4214 25
4215 20
4216 24
4217 20
4218 26
4219 18
4220 23
4221 21
4222 25
4223 21
4224 26
4225 19
4226 27
4227 14
4228 26
4229 20
4230 25
4231 21
4232 25
4233 21
4234 25
4235 21
4236 26
4237 17
4238 27
4239 21
4240 26
4241 20
4242 25
4243 22
4244 28
4245 18
4246 24
4247 18
4248 24
4249 21
4250 26
4251 18
4252 25
4253 21
4254 26
4255 21
4256 27
4257 22
4258 26
4259 20
4260 25
4261 19
4262 25
4263 21
4264 27
4265 21
4266 26
4267 21
4268 25
4269 19
4270 25
4271 20
4272 24
4273 19
4274 26
4275 21
4276 26
4277 19
4278 26
4279 20
4280 25
4281 24
4282 26
4283 22
4284 26
4285 21
4286 25
4287 20
4288 26
4289 21
4290 26
4291 21
4292 25
4293 23
4294 25
4295 20
4296 26
4297 22
4298 26
4299 21
4300 25
4301 21
4302 25
4303 20
4304 26
4305 21
4306 26
4307 21
4308 26
4309 21
4310 24
4311 20
4312 24
4313 21
4314 25
4315 21
4316 24
4317 19
4318 25
4319 21
4320 26
4321 21
4322 26
4323 21
4324 27
4325 19
4326 26
4327 14
4328 26
4329 20
4330 26
4331 20
4332 27
4333 21
4334 26
4335 22
4336 26
4337 20
4338 25
4339 21
4340 27
4341 22
4342 26
4343 19
4344 27
4345 21
4346 26
4347 20
4348 25
4349 22
4350 26
4351 20
4352 25
4353 22
4354 24
4355 21
4356 26
4357 20
4358 24
4359 19
4360 26
4361 20
4362 24
4363 20
4364 25
4365 22
4366 25
4367 22
4368 27
4369 20
4370 25
4371 22
4372 24
4373 21
4374 26
4375 20
4376 25
4377 22
4378 26
4379 20
4380 26
4381 19
4382 25
4383 20
4384 24
4385 20
4386 26
4387 22
4388 26
4389 21
4390 24
4391 20
4392 25
4393 20
4394 24
4395 22
4396 25
4397 18
4398 18
4399 18
4400 21
4401 18
4402 26
4403 22
4404 26
4405 21
4406 26
4407 21
4408 26
4409 17
4410 25
4411 17
4412 25
4413 20
4414 26
4415 20
4416 25
4417 20
4418 25
4419 20
4420 26
4421 21
4422 25
4423 22
4424 25
4425 21
4426 25
4427 13
4428 26
4429 21
4430 26
4431 21
4432 24
4433 21
4434 26
4435 21
4436 26
4437 21
4438 26
4439 20
4440 26
4441 21
4442 26
4443 22
4444 24
4445 18
4446 26
4447 21
4448 24
4449 21
4450 26
4451 21
4452 25
4453 19
4454 25
4455 21
4456 26
4457 21
4458 25
4459 20
4460 26
4461 18
4462 27
4463 20
4464 25
4465 21
4466 27
4467 21
4468 26
4469 20
4470 25
4471 23
4472 27
4473 20
4474 26
4475 22
4476 26
4477 19
4478 25
4479 23
4480 25
4481 19
4482 25
4483 20
4484 23
4485 20
4486 25
4487 21
4488 24
4489 22
4490 26
4491 20
4492 25
4493 21
4494 25
4495 20
4496 26
4497 21
4498 25
4499 20
4500 25
4501 23
4502 28
4503 20
4504 23
4505 21
4506 25
4507 20
4508 25
4509 17
4510 27
4511 21
4512 24
4513 18
4514 25
4515 20
4516 26
4517 21
4518 26
4519 21
4520 25
4521 21
4522 25
4523 21
4524 25
4525 22
4526 24
4527 14
4528 27
4529 20
4530 25
4531 21
4532 26
4533 20
4534 25
4535 20
4536 26
4537 21
4538 26
4539 20
4540 25
4541 21
4542 24
4543 21
4544 26
4545 21
4546 24
4547 21
4548 19
4549 21
4550 25
4551 21
4552 24
4553 21
4554 25
4555 20
4556 26
4557 21
4558 25
4559 23
4560 25
4561 18
4562 24
4563 22
4564 26
4565 19
4566 25
4567 20
4568 24
4569 21
4570 26
4571 19
4572 25
4573 20
4574 25
4575 21
4576 25
4577 20
4578 26
4579 19
4580 24
4581 20
4582 24
4583 21
4584 27
4585 20
4586 22
4587 21
4588 25
4589 20
4590 24
4591 21
4592 26
4593 20
4594 25
4595 20
4596 26
4597 21
4598 25
4599 21
4600 25
4601 20
4602 25
4603 21
4604 26
4605 20
4606 25
4607 20
4608 26
4609 20
4610 25
4611 21
4612 25
4613 19
4614 25
4615 20
4616 25
4617 21
4618 25
4619 21
4620 24
4621 21
4622 26
4623 21
4624 26
4625 21
4626 25
4627 14
4628 24
4629 19
4630 25
4631 21
4632 26
4633 21
4634 25
4635 21
4636 25
4637 21
4638 25
4639 22
4640 26
4641 17
4642 25
4643 21
4644 26
4645 17
4646 24
4647 18
4648 24
4649 21
4650 19
4651 18
4652 25
4653 19
4654 25
4655 20
4656 25
4657 19
4658 23
4659 21
4660 26
4661 20
4662 25
4663 18
4664 26
4665 19
4666 25
4667 19
4668 25
4669 17
4670 26
4671 20
4672 24
4673 21
4674 26
4675 22
4676 25
4677 21
4678 24
4679 20
4680 23
4681 22
4682 23
4683 17
4684 23
4685 20
4686 25
4687 20
4688 26
4689 19
4690 26
4691 20
4692 25
4693 21
4694 25
4695 20
4696 25
4697 20
4698 25
4699 21
4700 24
4701 22
4702 25
4703 21
4704 24
4705 21
4706 25
4707 20
4708 26
4709 20
4710 25
4711 21
4712 25
4713 23
4714 25
4715 19
4716 25
4717 21
4718 25
4719 21
4720 23
4721 21
4722 26
4723 21
4724 25
4725 21
4726 26
4727 14
4728 26
4729 21
4730 25
4731 20
4732 25
4733 21
4734 24
4735 21
4736 26
4737 20
4738 27
4739 20
4740 24
4741 20
4742 26
4743 20
4744 26
4745 20
4746 24
4747 21
4748 24
4749 21
4750 24
4751 19
4752 24
4753 18
4754 23
4755 18
4756 25
4757 20
4758 25
4759 20
4760 26
4761 18
4762 25
4763 20
4764 25
4765 22
4766 26
4767 21
4768 26
4769 20
4770 25
4771 21
4772 27
4773 22
4774 25
4775 20
4776 25
4777 21
4778 25
4779 18
4780 25
4781 19
4782 26
4783 20
4784 26
4785 20
4786 25
4787 20
4788 26
4789 20
4790 23
4791 20
4792 25
4793 22
4794 24
4795 21
4796 24
4797 16
4798 25
4799 21
4800 25
4801 20
4802 26
4803 21
4804 26
4805 20
4806 25
4807 20
4808 25
4809 21
4810 25
4811 21
4812 26
4813 22
4814 26
4815 21
4816 24
4817 19
4818 25
4819 22
4820 26
4821 20
4822 24
4823 21
4824 26
4825 21
4826 26
4827 15
4828 26
4829 21
4830 26
4831 20
4832 24
4833 20
4834 26
4835 19
4836 24
4837 22
4838 25
4839 20
4840 24
4841 18
4842 20
4843 20
4844 25
4845 19
4846 24
4847 20
4848 25
4849 19
4850 25
4851 21
4852 25
4853 22
4854 25
4855 18
4856 26
4857 20
4858 23
4859 22
4860 26
4861 20
4862 25
4863 21
4864 27
4865 21
4866 24
4867 19
4868 25
4869 20
4870 25
4871 21
4872 26
4873 21
4874 25
4875 20
4876 25
4877 17
4878 25
4879 22
4880 25
4881 21
4882 24
4883 21
4884 24
4885 21
4886 26
4887 20
4888 24
4889 20
4890 25
4891 20
4892 26
4893 18
4894 26
4895 21
4896 24
4897 21
4898 23
4899 18
4900 26
4901 20
4902 25
4903 20
4904 25
4905 22
4906 26
4907 21
4908 26
4909 19
4910 25
4911 20
4912 23
4913 20
4914 24
4915 21
4916 24
4917 22
4918 25
4919 21
4920 25
4921 22
4922 26
4923 20
4924 26
4925 21
4926 24
4927 14
4928 25
4929 21
4930 26
4931 21
4932 25
4933 21
4934 27
4935 21
4936 25
4937 20
4938 27
4939 21
4940 26
4941 21
4942 26
4943 21
4944 25
4945 22
4946 25
4947 20
4948 26
4949 20
4950 24
4951 20
4952 25
4953 19
4954 25
4955 22
4956 26
4957 19
4958 26
4959 23
4960 24
4961 17
4962 24
4963 18
4964 23
4965 22
4966 24
4967 19
4968 24
4969 21
4970 26
4971 19
4972 26
4973 19
4974 23
4975 21
4976 27
4977 23
4978 26
4979 19
4980 24
4981 20
4982 25
4983 22
4984 23
4985 20
4986 20
4987 36
4988 80
4989 56
4990 38
4991 31
4992 29
4993 26
4994 28
4995 20
4996 27
4997 24
4998 29
4999 24
5000 29
5001 28
5002 29
5003 19
5004 43
5005 32
5006 46
5007 25
5008 27
5009 19
5010 25
5011 23
5012 25
5013 23
5014 25
5015 20
5016 25
5017 21
5018 25
5019 21
5020 26
5021 21
5022 26
5023 21
5024 26
5025 24
5026 27
5027 14
5028 26
5029 21
5030 26
5031 22
5032 25
5033 22
5034 25
5035 21
5036 25
5037 21
5038 25
5039 20
5040 26
5041 21
5042 27
5043 21
5044 22
5045 20
5046 26
5047 18
5048 23
5049 19
5050 25
5051 18
5052 24
5053 21
5054 26
5055 20
5056 26
5057 21
5058 27
5059 20
5060 20
5061 22
5062 26
5063 19
5064 26
5065 19
5066 26
5067 20
5068 26
5069 20
5070 25
5071 21
5072 24
5073 22
5074 25
5075 21
5076 24
5077 22
5078 25
5079 18
5080 26
5081 19
5082 25
5083 19
5084 26
5085 19
5086 26
5087 20
5088 26
5089 21
5090 26
5091 21
5092 25
5093 20
5094 24
5095 23
5096 25
5097 22
5098 23
5099 21
5100 24
5101 22
5102 27
5103 21
5104 25
5105 21
5106 26
5107 21
5108 26
5109 22
5110 26
5111 21
5112 25
5113 22
5114 25
5115 21
5116 25
5117 23
5118 25
5119 20
5120 26
5121 20
5122 26
5123 21
5124 25
5125 20
5126 25
5127 14
5128 24
5129 23
5130 25
5131 19
5132 27
5133 21
5134 24
5135 21
5136 26
5137 22
5138 24
5139 21
5140 25
5141 20
5142 26
5143 21
5144 23
5145 22
5146 26
5147 20
5148 25
5149 20
5150 25
5151 21
5152 24
5153 20
5154 26
5155 22
5156 25
5157 20
5158 25
5159 20
5160 24
5161 20
5162 20
5163 22
5164 25
5165 21
5166 27
5167 20
5168 26
5169 20
5170 26
5171 20
5172 26
5173 22
5174 25
5175 19
5176 25
5177 20
5178 25
5179 19
5180 23
5181 19
5182 24
5183 19
5184 25
5185 19
5186 25
5187 20
5188 26
5189 20
5190 26
5191 20
5192 24
5193 20
5194 27
5195 21
5196 25
5197 18
5198 25
5199 19
5200 24
5201 20
5202 26
5203 21
5204 22
5205 22
5206 23
5207 21
5208 26
5209 22
5210 25
5211 19
5212 21
5213 21
5214 26
5215 18
5216 24
5217 22
5218 25
5219 23
5220 25
5221 21
5222 25
5223 22
5224 27
5225 21
5226 25
5227 15
5228 26
5229 21
5230 27
5231 21
5232 26
5233 21
5234 26
5235 21
5236 26
5237 21
5238 26
5239 21
5240 25
5241 21
5242 25
5243 21
5244 24
5245 19
5246 24
5247 24
5248 24
5249 18
5250 25
5251 20
5252 25
5253 18
5254 24
5255 22
5256 25
5257 21
5258 25
5259 21
5260 26
5261 18
5262 25
5263 22
5264 26
5265 19
5266 25
5267 20
5268 26
5269 21
5270 24
5271 20
5272 26
5273 21
5274 25
5275 20
5276 26
5277 22
5278 26
5279 22
5280 25
5281 18
5282 24
5283 20
5284 26
5285 21
5286 26
5287 20
5288 23
5289 22
5290 26
5291 20
5292 25
5293 20
5294 25
5295 22
5296 26
5297 20
5298 25
5299 21
5300 25
5301 20
5302 26
5303 20
5304 27
5305 20
5306 25
5307 20
5308 25
5309 19
5310 27
5311 21
5312 25
5313 21
5314 25
5315 22
5316 25
5317 20
5318 25
5319 20
5320 25
5321 20
5322 26
5323 21
5324 26
5325 20
5326 23
5327 14
5328 26
5329 20
5330 27
5331 21
5332 25
5333 21
5334 27
5335 20
5336 25
5337 22
5338 26
5339 22
5340 25
5341 24
5342 27
5343 21
5344 26
5345 21
5346 25
5347 21
5348 24
5349 22
5350 25
5351 21
5352 25
5353 22
5354 24
5355 20
5356 25
5357 18
5358 26
5359 22
5360 27
5361 17
5362 24
5363 20
5364 26
5365 19
5366 25
5367 18
5368 26
5369 21
5370 25
5371 19
5372 27
5373 22
5374 26
5375 20
5376 25
5377 21
5378 25
5379 22
5380 24
5381 21
5382 26
5383 22
5384 26
5385 21
5386 26
5387 20
5388 25
5389 20
5390 24
5391 22
5392 25
5393 22
5394 26
5395 22
5396 26
5397 20
5398 18
5399 16
5400 22
5401 20
5402 24
5403 23
5404 25
5405 20
5406 23
5407 21
5408 24
5409 18
5410 24
5411 20
5412 25
5413 20
5414 26
5415 20
5416 26
5417 21
5418 26
5419 21
5420 26
5421 21
5422 25
5423 20
5424 26
5425 21
5426 25
5427 17
5428 25
5429 21
5430 27
5431 21
5432 26
5433 19
5434 25
5435 21
5436 26
5437 21
5438 26
5439 21
5440 26
5441 21
5442 25
5443 21
5444 25
5445 22
5446 26
5447 18
5448 27
5449 21
5450 26
5451 22
5452 24
5453 21
5454 26
5455 22
5456 25
5457 21
5458 25
5459 21
5460 25
5461 21
5462 24
5463 19
5464 25
5465 22
5466 25
5467 19
5468 26
5469 19
5470 27
5471 22
5472 26
5473 21
5474 26
5475 19
5476 25
5477 20
5478 27
5479 23
5480 26
5481 20
5482 26
5483 21
5484 25
5485 19
5486 26
5487 20
5488 26
5489 23
5490 26
5491 22
5492 26
5493 21
5494 27
5495 23
5496 26
5497 22
5498 26
5499 22
5500 25
5501 19
5502 26
5503 21
5504 20
5505 21
5506 26
5507 21
5508 22
5509 21
5510 26
5511 21
5512 25
5513 21
5514 25
5515 19
5516 23
5517 21
5518 24
5519 22
5520 28
5521 20
5522 25
5523 21
5524 27
5525 20
5526 26
5527 20
5528 25
5529 21
5530 26
5531 21
5532 24
5533 21
5534 26
5535 22
5536 24
5537 21
5538 26
5539 22
5540 26
5541 21
5542 26
5543 20
5544 25
5545 20
5546 24
5547 20
5548 24
5549 20
5550 26
5551 21
5552 27
5553 20
5554 26
5555 21
5556 26
5557 20
5558 24
5559 20
5560 26
5561 20
5562 25
5563 21
5564 27
5565 21
5566 25
5567 21
5568 23
5569 21
5570 27
5571 20
5572 20
5573 21
5574 24
5575 19
5576 25
5577 19
5578 26
5579 19
5580 25
5581 19
5582 25
5583 20
5584 26
5585 20
5586 26
5587 21
5588 25
5589 22
5590 26
5591 20
5592 25
5593 21
5594 24
5595 22
5596 26
5597 18
5598 25
5599 21
5600 26
5601 19
5602 24
5603 17
5604 24
5605 21
5606 25
5607 20
5608 25
5609 20
5610 22
5611 20
5612 25
5613 18
5614 27
5615 20
5616 26
5617 21
5618 25
5619 21
5620 25
5621 20
5622 25
5623 19
5624 25
5625 21
5626 27
5627 21
5628 26
5629 21
5630 26
5631 22
5632 25
5633 22
5634 27
5635 21
5636 26
5637 21
5638 26
5639 21
5640 24
5641 22
5642 25
5643 21
5644 25
5645 21
5646 25
5647 21
5648 25
5649 18
5650 24
5651 18
5652 24
5653 21
5654 25
5655 22
5656 27
5657 21
5658 27
5659 21
5660 27
5661 19
5662 25
5663 22
5664 25
5665 22
5666 24
5667 21
5668 26
5669 20
5670 24
5671 21
5672 26
5673 21
5674 20
5675 20
5676 25
5677 21
5678 24
5679 21
5680 26
5681 18
5682 25
5683 17
5684 24
5685 21
5686 24
5687 23
5688 25
5689 21
5690 26
5691 20
5692 24
5693 22
5694 24
5695 21
5696 24
5697 20
5698 26
5699 20
5700 26
5701 20
5702 25
5703 19
5704 24
5705 19
5706 25
5707 21
5708 26
5709 21
5710 25
5711 21
5712 24
5713 18
5714 24
5715 21
5716 24
5717 20
5718 26
5719 21
5720 25
5721 21
5722 25
5723 22
5724 26
5725 22
5726 25
5727 20
5728 25
5729 21
5730 26
5731 17
5732 22
5733 21
5734 24
5735 20
5736 25
5737 20
5738 25
5739 20
5740 26
5741 20
5742 25
5743 21
5744 25
5745 20
5746 26
5747 20
5748 24
5749 18
5750 24
5751 20
5752 26
5753 18
5754 24
5755 21
5756 25
5757 18
5758 24
5759 21
5760 24
5761 17
5762 24
5763 19
5764 25
5765 21
5766 27
5767 19
5768 25
5769 18
5770 25
5771 22
5772 25
5773 17
5774 24
5775 18
5776 26
5777 18
5778 24
5779 20
5780 25
5781 20
5782 24
5783 21
5784 26
5785 18
5786 23
5787 20
5788 26
5789 17
5790 24
5791 20
5792 25
5793 18
5794 25
5795 19
5796 26
5797 17
5798 23
5799 17
5800 24
5801 21
5802 26
5803 18
5804 24
5805 18
5806 25
5807 23
5808 26
5809 18
5810 23
5811 20
5812 25
5813 17
5814 25
5815 18
5816 26
5817 17
5818 24
5819 21
5820 26
5821 20
5822 25
5823 18
5824 23
5825 20
5826 25
5827 17
5828 27
5829 17
5830 25
5831 20
5832 26
5833 17
5834 25
5835 17
5836 24
5837 20
5838 24
5839 18
5840 24
5841 18
5842 24
5843 21
5844 24
5845 19
5846 25
5847 16
5848 23
5849 20
5850 21
5851 21
5852 26
5853 17
5854 26
5855 21
5856 27
5857 17
5858 24
5859 19
5860 25
5861 19
5862 24
5863 20
5864 27
5865 22
5866 25
5867 19
5868 24
5869 20
5870 27
5871 18
5872 25
5873 20
5874 25
5875 20
5876 28
5877 18
5878 24
5879 18
5880 27
5881 19
5882 23
5883 21
5884 26
5885 18
5886 25
5887 17
5888 26
5889 21
5890 25
5891 16
5892 25
5893 19
5894 23
5895 21
5896 24
5897 17
5898 18
5899 18
5900 30
5901 22
5902 25
5903 19
5904 26
5905 18
5906 24
5907 20
5908 25
5909 19
5910 25
5911 18
5912 25
5913 18
5914 25
5915 17
5916 24
5917 18
5918 23
5919 20
5920 26
5921 18
5922 24
5923 18
5924 23
5925 18
5926 25
5927 18
5928 24
5929 17
5930 24
5931 20
5932 25
5933 21
5934 24
5935 17
5936 24
5937 20
5938 27
5939 18
5940 26
5941 23
5942 26
5943 19
5944 27
5945 21
5946 26
5947 17
5948 24
5949 20
5950 25
5951 18
5952 25
5953 20
5954 26
5955 18
5956 24
5957 21
5958 25
5959 19
5960 24
5961 20
5962 25
5963 18
5964 26
5965 18
5966 24
5967 19
5968 25
5969 17
5970 25
5971 18
5972 25
5973 20
5974 26
5975 15
5976 21
5977 17
5978 24
5979 17
5980 25
5981 18
5982 25
5983 20
5984 24
5985 17
5986 24
5987 19
5988 25
5989 19
5990 25
5991 18
5992 25
5993 18
5994 25
5995 21
5996 22
5997 19
5998 25
5999 22
6000 25
6001 17
6002 24
6003 21
6004 17
6005 18
6006 24
6007 27
6008 28
6009 77
6010 46
6011 42
6012 38
6013 28
6014 36
6015 31
6016 27
6017 30
6018 36
6019 34
6020 29
6021 33
6022 39
6023 31
6024 38
6025 28
6026 32
6027 37
6028 33
6029 19
6030 25
6031 20
6032 26
6033 17
6034 25
6035 18
6036 24
6037 17
6038 25
6039 18
6040 23
6041 21
6042 26
6043 21
6044 25
6045 20
6046 27
6047 17
6048 24
6049 17
6050 25
6051 23
6052 21
6053 18
6054 24
6055 20
6056 25
6057 17
6058 23
6059 21
6060 25
6061 18
6062 25
6063 21
6064 26
6065 19
6066 24
6067 20
6068 25
6069 16
6070 24
6071 20
6072 23
6073 18
6074 25
6075 19
6076 24
6077 21
6078 27
6079 20
6080 29
6081 19
6082 25
6083 20
6084 24
6085 20
6086 26
6087 22
6088 26
6089 18
6090 22
6091 21
6092 27
6093 19
6094 23
6095 20
6096 25
6097 19
6098 26
6099 19
6100 24
6101 20
6102 26
6103 20
6104 25
6105 18
6106 25
6107 18
6108 23
6109 18
6110 23
6111 20
6112 25
6113 17
6114 24
6115 18
6116 24
6117 18
6118 23
6119 17
6120 23
6121 18
6122 19
6123 21
6124 26
6125 20
6126 27
6127 17
6128 23
6129 17
6130 25
6131 21
6132 25
6133 20
6134 25
6135 18
6136 25
6137 21
6138 25
6139 16
6140 25
6141 20
6142 26
6143 17
6144 25
6145 17
6146 25
6147 19
6148 26
6149 21
6150 26
6151 19
6152 27
6153 19
6154 26
6155 19
6156 26
6157 18
6158 25
6159 19
6160 25
6161 18
6162 23
6163 19
6164 26
6165 17
6166 24
6167 21
6168 24
6169 19
6170 23
6171 21
6172 26
6173 19
6174 25
6175 17
6176 24
6177 19
6178 23
6179 22
6180 26
6181 20
6182 26
6183 20
6184 27
6185 21
6186 22
6187 18
6188 24
6189 18
6190 24
6191 20
6192 25
6193 20
6194 26
6195 17
6196 24
6197 18
6198 26
6199 19
6200 25
6201 17
6202 24
6203 17
6204 23
6205 17
6206 24
6207 18
6208 24
6209 21
6210 23
6211 20
6212 25
6213 19
6214 24
6215 18
6216 24
6217 20
6218 24
6219 21
6220 27
6221 19
6222 25
6223 19
6224 26
6225 17
6226 23
6227 20
6228 25
6229 18
6230 24
6231 17
6232 25
6233 20
6234 24
6235 17
6236 23
6237 17
6238 24
6239 18
6240 23
6241 21
6242 26
6243 18
6244 25
6245 22
6246 25
6247 18
6248 25
6249 18
6250 24
6251 21
6252 26
6253 17
6254 26
6255 21
6256 25
6257 21
6258 24
6259 17
6260 24
6261 19
6262 26
6263 19
6264 24
6265 18
6266 23
6267 21
6268 25
6269 20
6270 25
6271 19
6272 26
6273 16
6274 23
6275 19
6276 26
6277 19
6278 27
6279 16
6280 25
6281 17
6282 24
6283 19
6284 25
6285 19
6286 25
6287 18
6288 22
6289 19
6290 26
6291 20
6292 27
6293 17
6294 24
6295 17
6296 24
6297 17
6298 25
6299 18
6300 24
6301 18
6302 24
6303 19
6304 24
6305 18
6306 24
6307 20
6308 25
6309 21
6310 24
6311 20
6312 26
6313 20
6314 23
6315 20
6316 26
6317 18
6318 24
6319 18
6320 23
6321 19
6322 24
6323 18
6324 23
6325 20
6326 24
6327 17
6328 26
6329 19
6330 26
6331 20
6332 25
6333 18
6334 24
6335 17
6336 24
6337 18
6338 25
6339 14
6340 22
6341 17
6342 26
6343 21
6344 25
6345 20
6346 27
6347 20
6348 26
6349 20
6350 26
6351 17
6352 24
6353 20
6354 26
6355 21
6356 24
6357 20
6358 25
6359 18
6360 25
6361 17
6362 22
6363 18
6364 24
6365 18
6366 24
6367 18
6368 24
6369 18
6370 25
6371 19
6372 23
6373 18
6374 24
6375 18
6376 26
6377 17
6378 25
6379 19
6380 24
6381 19
6382 25
6383 20
6384 25
6385 19
6386 26
6387 19
6388 25
6389 19
6390 25
6391 18
6392 26
6393 21
6394 25
6395 19
6396 23
6397 21
6398 21
6399 20
6400 24
6401 21
6402 24
6403 18
6404 25
6405 17
6406 23
6407 21
6408 25
6409 19
6410 24
6411 17
6412 24
6413 19
6414 25
6415 19
6416 24
6417 21
6418 25
6419 19
6420 23
6421 16
6422 24
6423 18
6424 23
6425 20
6426 25
6427 21
6428 26
6429 18
6430 24
6431 18
6432 23
6433 20
6434 24
6435 20
6436 26
6437 17
6438 24
6439 18
6440 24
6441 17
6442 24
6443 21
6444 25
6445 19
6446 24
6447 20
6448 25
6449 20
6450 26
6451 17
6452 26
6453 21
6454 27
6455 17
6456 24
6457 21
6458 26
6459 18
6460 25
6461 18
6462 24
6463 18
6464 23
6465 21
6466 24
6467 17
6468 23
6469 18
6470 25
6471 21
6472 26
6473 18
6474 29
6475 29
6476 24
6477 21
6478 25
6479 18
6480 24
6481 21
6482 25
6483 18
6484 24
6485 19
6486 26
6487 20
6488 26
6489 19
6490 27
6491 18
6492 22
6493 18
6494 25
6495 18
6496 24
6497 17
6498 24
6499 18
6500 24
6501 22
6502 26
6503 19
6504 15
6505 17
6506 24
6507 18
6508 23
6509 19
6510 26
6511 22
6512 26
6513 20
6514 24
6515 20
6516 26
6517 17
6518 24
6519 19
6520 25
6521 18
6522 25
6523 18
6524 24
6525 19
6526 23
6527 18
6528 24
6529 20
6530 26
6531 19
6532 19
6533 21
6534 27
6535 20
6536 26
6537 20
6538 26
6539 20
6540 26
6541 21
6542 25
6543 19
6544 26
6545 18
6546 25
6547 17
6548 24
6549 21
6550 25
6551 20
6552 24
6553 18
6554 25
6555 20
6556 27
6557 18
6558 24
6559 20
6560 25
6561 21
6562 27
6563 18
6564 26
6565 17
6566 24
6567 20
6568 25
6569 21
6570 25
6571 20
6572 26
6573 19
6574 25
6575 19
6576 25
6577 20
6578 25
6579 20
6580 25
6581 19
6582 27
6583 19
6584 24
6585 21
6586 26
6587 21
6588 26
6589 19
6590 27
6591 20
6592 25
6593 19
6594 25
6595 19
6596 24
6597 21
6598 25
6599 21
6600 24
6601 17
6602 25
6603 20
6604 23
6605 17
6606 23
6607 18
6608 25
6609 19
6610 24
6611 19
6612 25
6613 20
6614 24
6615 19
6616 25
6617 20
6618 25
6619 18
6620 27
6621 17
6622 23
6623 21
6624 26
6625 21
6626 25
6627 20
6628 26
6629 20
6630 25
6631 20
6632 26
6633 17
6634 19
6635 21
6636 25
6637 19
6638 25
6639 17
6640 26
6641 20
6642 25
6643 17
6644 24
6645 17
6646 23
6647 22
6648 26
6649 17
6650 25
6651 18
6652 24
6653 20
6654 27
6655 18
6656 24
6657 17
6658 24
6659 19
6660 26
6661 19
6662 26
6663 21
6664 26
6665 18
6666 24
6667 18
6668 24
6669 19
6670 25
6671 22
6672 24
6673 17
6674 25
6675 19
6676 25
6677 19
6678 24
6679 20
6680 27
6681 18
6682 24
6683 19
6684 24
6685 20
6686 25
6687 17
6688 24
6689 20
6690 25
6691 20
6692 25
6693 17
6694 22
6695 18
6696 23
6697 20
6698 22
6699 20
6700 25
6701 18
6702 24
6703 20
6704 25
6705 20
6706 26
6707 21
6708 25
6709 20
6710 25
6711 16
6712 25
6713 18
6714 22
6715 18
6716 25
6717 20
6718 23
6719 16
6720 25
6721 17
6722 22
6723 17
6724 24
6725 18
6726 24
6727 18
6728 24
6729 20
6730 25
6731 17
6732 24
6733 20
6734 25
6735 18
6736 23
6737 18
6738 24
6739 17
6740 26
6741 20
6742 25
6743 20
6744 26
6745 20
6746 26
6747 21
6748 26
6749 17
6750 25
6751 20
6752 25
6753 20
6754 24
6755 20
6756 25
6757 18
6758 24
6759 18
6760 23
6761 17
6762 24
6763 20
6764 25
6765 18
6766 24
6767 17
6768 25
6769 17
6770 23
6771 21
6772 25
6773 21
6774 26
6775 17
6776 26
6777 18
6778 24
6779 17
6780 25
6781 18
6782 24
6783 18
6784 25
6785 19
6786 24
6787 20
6788 25
6789 21
6790 24
6791 20
6792 25
6793 19
6794 25
6795 21
6796 25
6797 21
6798 26
6799 20
6800 25
6801 18
6802 24
6803 19
6804 23
6805 19
6806 25
6807 19
6808 25
6809 21
6810 26
6811 18
6812 23
6813 20
6814 25
6815 20
6816 24
6817 20
6818 26
6819 17
6820 24
6821 17
6822 24
6823 20
6824 25
6825 20
6826 25
6827 21
6828 24
6829 20
6830 26
6831 20
6832 26
6833 21
6834 25
6835 20
6836 26
6837 21
6838 26
6839 17
6840 24
6841 21
6842 25
6843 21
6844 25
6845 20
6846 26
6847 19
6848 25
6849 21
6850 25
6851 20
6852 26
6853 17
6854 25
6855 17
6856 24
6857 17
6858 20
6859 20
6860 25
6861 17
6862 24
6863 21
6864 25
6865 18
6866 23
6867 19
6868 24
6869 21
6870 26
6871 21
6872 24
6873 21
6874 24
6875 22
6876 25
6877 20
6878 26
6879 17
6880 24
6881 17
6882 25
6883 21
6884 25
6885 21
6886 25
6887 21
6888 25
6889 17
6890 22
6891 19
6892 26
6893 19
6894 25
6895 17
6896 24
6897 21
6898 20
6899 20
6900 25
6901 20
6902 24
6903 20
6904 22
6905 17
6906 25
6907 21
6908 25
6909 19
6910 24
6911 20
6912 25
6913 18
6914 25
6915 18
6916 23
6917 19
6918 23
6919 20
6920 26
6921 17
6922 24
6923 20
6924 25
6925 20
6926 24
6927 20
6928 25
6929 20
6930 26
6931 19
6932 25
6933 19
6934 26
6935 20
6936 23
6937 20
6938 26
6939 20
6940 24
6941 17
6942 25
6943 20
6944 25
6945 18
6946 23
6947 20
6948 25
6949 18
6950 24
6951 20
6952 25
6953 19
6954 25
6955 17
6956 24
6957 18
6958 24
6959 19
6960 25
6961 22
6962 25
6963 20
6964 26
6965 18
6966 23
6967 18
6968 22
6969 20
6970 25
6971 18
6972 23
6973 20
6974 24
6975 17
6976 23
6977 17
6978 25
6979 20
6980 23
6981 19
6982 26
6983 18
6984 26
6985 20
6986 25
6987 17
6988 24
6989 19
6990 26
6991 19
6992 25
6993 18
6994 23
6995 18
6996 24
6997 17
6998 24
6999 19
7000 23
7001 18
7002 26
7003 18
7004 13
7005 17
7006 24
7007 18
7008 24
7009 19
7010 25
7011 17
7012 23
7013 17
7014 23
7015 20
7016 25
7017 18
7018 24
7019 16
7020 24
7021 17
7022 23
7023 19
7024 24
7025 18
7026 25
7027 17
7028 23
7029 31
7030 65
7031 68
7032 34
7033 36
7034 38
7035 28
7036 33
7037 29
7038 33
7039 29
7040 33
7041 33
7042 31
7043 32
7044 31
7045 32
7046 30
7047 31
7048 27
7049 31
7050 26
7051 21
7052 26
7053 19
7054 25
7055 21
7056 25
7057 21
7058 26
7059 20
7060 18
7061 20
7062 27
7063 20
7064 25
7065 18
7066 23
7067 21
7068 25
7069 18
7070 24
7071 21
7072 26
7073 17
7074 25
7075 18
7076 22
7077 17
7078 26
7079 18
7080 29
7081 19
7082 25
7083 17
7084 26
7085 18
7086 24
7087 17
7088 24
7089 20
7090 26
7091 20
7092 25
7093 24
7094 25
7095 20
7096 26
7097 20
7098 24
7099 20
7100 27
7101 19
7102 26
7103 20
7104 25
7105 16
7106 23
7107 18
7108 25
7109 18
7110 26
7111 19
7112 26
7113 20
7114 26
7115 17
7116 24
7117 18
7118 25
7119 20
7120 26
7121 19
7122 24
7123 17
7124 23
7125 20
7126 25
7127 21
7128 25
7129 20
7130 26
7131 20
7132 25
7133 20
7134 24
7135 20
7136 24
7137 20
7138 25
7139 21
7140 27
7141 20
7142 26
7143 20
7144 25
7145 17
7146 19
7147 17
7148 24
7149 21
7150 25
7151 21
7152 25
7153 18
7154 26
7155 17
7156 23
7157 20
7158 26
7159 19
7160 23
7161 21
7162 25
7163 16
7164 25
7165 20
7166 25
7167 19
7168 23
7169 17
7170 24
7171 21
7172 25
7173 20
7174 26
7175 21
7176 25
7177 21
7178 25
7179 17
7180 25
7181 17
7182 25
7183 17
7184 24
7185 18
7186 26
7187 20
7188 25
7189 21
7190 26
7191 18
7192 25
7193 17
7194 25
7195 20
7196 25
7197 21
7198 24
7199 21
7200 25
7201 18
7202 25
7203 18
7204 25
7205 20
7206 27
7207 18
7208 23
7209 19
7210 23
7211 22
7212 26
7213 17
7214 25
7215 17
7216 26
7217 18
7218 24
7219 18
7220 24
7221 18
7222 22
7223 20
7224 25
7225 20
7226 25
7227 20
7228 25
7229 20
7230 24
7231 21
7232 23
7233 20
7234 25
7235 20
7236 25
7237 20
7238 25
7239 19
7240 25
7241 18
7242 25
7243 17
7244 23
7245 17
7246 24
7247 17
7248 23
7249 19
7250 23
7251 16
7252 27
7253 21
7254 24
7255 17
7256 26
7257 18
7258 23
7259 17
7260 25
7261 17
7262 19
7263 18
7264 23
7265 18
7266 23
7267 18
7268 24
7269 17
7270 24
7271 20
7272 24
7273 18
7274 24
7275 20
7276 24
7277 20
7278 25
7279 19
7280 24
7281 17
7282 25
7283 20
7284 25
7285 17
7286 25
7287 18
7288 24
7289 19
7290 25
7291 19
7292 26
7293 17
7294 24
7295 17
7296 23
7297 18
7298 24
7299 17
7300 23
7301 20
7302 26
7303 20
7304 24
7305 19
7306 25
7307 20
7308 25
7309 18
7310 25
7311 17
7312 26
7313 19
7314 25
7315 18
7316 24
7317 17
7318 26
7319 22
7320 26
7321 20
7322 25
7323 20
7324 24
7325 17
7326 25
7327 20
7328 25
7329 20
7330 27
7331 19
7332 26
7333 21
7334 26
7335 21
7336 25
7337 21
7338 26
7339 19
7340 23
7341 18
7342 23
7343 18
7344 25
7345 20
7346 24
7347 20
7348 25
7349 18
7350 23
7351 17
7352 25
7353 17
7354 23
7355 18
7356 23
7357 20
7358 25
7359 21
7360 26
7361 21
7362 26
7363 20
7364 26
7365 20
7366 26
7367 19
7368 25
7369 17
7370 25
7371 17
7372 24
7373 17
7374 24
7375 18
7376 23
7377 17
7378 24
7379 18
7380 24
7381 21
7382 26
7383 19
7384 25
7385 17
7386 25
7387 18
7388 24
7389 17
7390 24
7391 18
7392 24
7393 21
7394 27
7395 17
7396 24
7397 17
7398 21
7399 19
7400 25
7401 21
7402 24
7403 20
7404 25
7405 18
7406 25
7407 18
7408 25
7409 19
7410 24
7411 21
7412 25
7413 21
7414 25
7415 19
7416 26
7417 21
7418 26
7419 17
7420 24
7421 18
7422 21
7423 20
7424 26
7425 19
7426 25
7427 20
7428 23
7429 18
7430 24
7431 19
7432 23
7433 20
7434 25
7435 21
7436 24
7437 19
7438 26
7439 18
7440 24
7441 18
7442 22
7443 19
7444 24
7445 18
7446 25
7447 20
7448 27
7449 22
7450 25
7451 17
7452 25
7453 17
7454 23
7455 18
7456 25
7457 18
7458 25
7459 19
7460 24
7461 20
7462 25
7463 19
7464 24
7465 20
7466 27
7467 18
7468 26
7469 18
7470 24
7471 20
7472 25
7473 21
7474 27
7475 20
7476 27
7477 17
7478 25
7479 17
7480 23
7481 19
7482 25
7483 18
7484 24
7485 21
7486 26
7487 21
7488 26
7489 19
7490 25
7491 18
7492 25
7493 21
7494 25
7495 20
7496 24
7497 21
7498 26
7499 18
7500 22
7501 17
7502 25
7503 16
7504 14
7505 18
7506 24
7507 19
7508 24
7509 17
7510 24
7511 18
7512 24
7513 17
7514 24
7515 17
7516 21
7517 19
7518 27
7519 21
7520 25
7521 18
7522 24
7523 19
7524 25
7525 17
7526 23
7527 20
7528 25
7529 20
7530 23
7531 17
7532 24
7533 21
7534 24
7535 19
7536 24
7537 20
7538 25
7539 18
7540 23
7541 17
7542 24
7543 21
7544 23
7545 18
7546 23
7547 16
7548 23
7549 17
7550 23
7551 17
7552 25
7553 19
7554 24
7555 20
7556 20
7557 21
7558 26
7559 18
7560 23
7561 18
7562 24
7563 21
7564 25
7565 17
7566 24
7567 17
7568 24
7569 18
7570 24
7571 20
7572 26
7573 17
7574 24
7575 21
7576 26
7577 18
7578 26
7579 18
7580 26
7581 18
7582 26
7583 19
7584 26
7585 19
7586 26
7587 18
7588 25
7589 21
7590 26
7591 18
7592 25
7593 20
7594 26
7595 18
7596 25
7597 17
7598 23
7599 17
7600 24
7601 19
7602 26
7603 19
7604 25
7605 20
7606 24
7607 17
7608 23
7609 20
7610 25
7611 20
7612 25
7613 20
7614 25
7615 19
7616 25
7617 18
7618 24
7619 20
7620 22
7621 18
7622 24
7623 18
7624 25
7625 19
7626 25
7627 20
7628 24
7629 20
7630 25
7631 17
7632 25
7633 20
7634 26
7635 18
7636 23
7637 17
7638 24
7639 21
7640 26
7641 20
7642 25
7643 16
7644 24
7645 18
7646 25
7647 21
7648 25
7649 18
7650 25
7651 16
7652 23
7653 18
7654 25
7655 19
7656 25
7657 20
7658 18
7659 20
7660 26
7661 17
7662 25
7663 17
7664 25
7665 21
7666 27
7667 17
7668 23
7669 18
7670 25
7671 20
7672 26
7673 20
7674 24
7675 19
7676 26
7677 20
7678 26
7679 20
7680 25
7681 19
7682 25
7683 20
7684 26
7685 19
7686 27
7687 20
7688 25
7689 18
7690 25
7691 19
7692 28
7693 19
7694 25
7695 19
7696 24
7697 18
7698 24
7699 18
7700 23
7701 19
7702 25
7703 19
7704 24
7705 17
7706 24
7707 17
7708 24
7709 20
7710 27
7711 18
7712 24
7713 18
7714 25
7715 17
7716 25
7717 20
7718 24
7719 20
7720 25
7721 20
7722 23
7723 18
7724 24
7725 17
7726 24
7727 19
7728 24
7729 18
7730 24
7731 17
7732 24
7733 19
7734 23
7735 19
7736 23
7737 19
7738 26
7739 16
7740 24
7741 20
7742 25
7743 17
7744 22
7745 21
7746 25
7747 17
7748 22
7749 18
7750 25
7751 17
7752 25
7753 18
7754 25
7755 20
7756 25
7757 18
7758 25
7759 18
7760 25
7761 20
7762 24
7763 18
7764 25
7765 20
7766 26
7767 21
7768 26
7769 20
7770 26
7771 20
7772 25
7773 18
7774 25
7775 21
7776 25
7777 20
7778 26
7779 22
7780 25
7781 21
7782 25
7783 16
7784 23
7785 17
7786 24
7787 18
7788 25
7789 21
7790 25
7791 19
7792 25
7793 21
7794 24
7795 20
7796 26
7797 20
7798 25
7799 21
7800 25
7801 20
7802 23
7803 21
7804 25
7805 20
7806 25
7807 17
7808 25
7809 18
7810 23
7811 17
7812 26
7813 18
7814 24
7815 20
7816 24
7817 17
7818 25
7819 17
7820 25
7821 18
7822 24
7823 20
7824 24
7825 21
7826 25
7827 21
7828 25
7829 16
7830 24
7831 17
7832 24
7833 18
7834 24
7835 19
7836 26
7837 19
7838 25
7839 16
7840 25
7841 17
7842 24
7843 19
7844 26
7845 20
7846 26
7847 20
7848 26
7849 17
7850 25
7851 18
7852 26
7853 17
7854 23
7855 17
7856 23
7857 19
7858 25
7859 17
7860 23
7861 21
7862 25
7863 19
7864 24
7865 17
7866 20
7867 18
7868 25
7869 17
7870 26
7871 21
7872 24
7873 21
7874 25
7875 20
7876 26
7877 19
7878 23
7879 21
7880 26
7881 16
7882 24
7883 19
7884 25
7885 17
7886 25
7887 21
7888 26
7889 16
7890 24
7891 18
7892 23
7893 18
7894 25
7895 21
7896 26
7897 17
7898 19
7899 19
7900 23
7901 21
7902 25
7903 19
7904 25
7905 17
7906 24
7907 20
7908 26
7909 19
7910 24
7911 21
7912 26
7913 21
7914 25
7915 20
7916 25
7917 19
7918 24
7919 17
7920 24
7921 18
7922 26
7923 20
7924 24
7925 17
7926 23
7927 19
7928 27
7929 19
7930 25
7931 18
7932 22
7933 17
7934 23
7935 18
7936 25
7937 21
7938 25
7939 17
7940 25
7941 19
7942 23
7943 20
7944 25
7945 16
7946 25
7947 17
7948 24
7949 20
7950 25
7951 18
7952 25
7953 18
7954 24
7955 19
7956 24
7957 19
7958 24
7959 21
7960 24
7961 20
7962 25
7963 20
7964 25
7965 18
7966 26
7967 18
7968 24
7969 19
7970 25
7971 21
7972 26
7973 20
7974 26
7975 18
7976 24
7977 15
7978 24
7979 17
7980 27
7981 18
7982 25
7983 17
7984 24
7985 18
7986 24
7987 20
7988 27
7989 20
7990 26
7991 21
7992 27
7993 19
7994 26
7995 18
7996 24
7997 20
7998 25
7999 19
8000 26
8001 18
8002 23
8003 18
8004 13
8005 17
8006 25
8007 17
8008 25
8009 20
8010 26
8011 18
8012 23
8013 20
8014 26
8015 19
8016 26
8017 18
8018 26
8019 17
8020 24
8021 19
8022 26
8023 18
8024 25
8025 18
8026 24
8027 17
8028 24
8029 17
8030 22
8031 17
8032 23
8033 17
8034 23
8035 22
8036 26
8037 18
8038 25
8039 19
8040 24
8041 21
8042 24
8043 20
8044 25
8045 22
8046 25
8047 19
8048 25
8049 17
8050 40
8051 47
8052 63
8053 48
8054 37
8055 39
8056 35
8057 32
8058 37
8059 24
8060 35
8061 29
8062 35
8063 29
8064 36
8065 33
8066 36
8067 29
8068 27
8069 26
8070 30
8071 27
8072 25
8073 21
8074 27
8075 20
8076 25
8077 18
8078 26
8079 21
8080 28
8081 21
8082 26
8083 21
8084 25
8085 22
8086 26
8087 21
8088 25
8089 18
8090 26
8091 19
8092 27
8093 19
8094 24
8095 20
8096 25
8097 20
8098 25
8099 19
8100 24
8101 18
8102 26
8103 20
8104 25
8105 19
8106 26
8107 18
8108 25
8109 18
8110 24
8111 20
8112 25
8113 18
8114 26
8115 18
8116 24
8117 21
8118 25
8119 22
8120 25
8121 20
8122 25
8123 20
8124 25
8125 20
8126 25
8127 19
8128 25
8129 21
8130 25
8131 20
8132 21
8133 20
8134 24
8135 18
8136 24
8137 19
8138 24
8139 19
8140 27
8141 19
8142 24
8143 17
8144 24
8145 16
8146 24
8147 20
8148 25
8149 19
8150 24
8151 20
8152 24
8153 20
8154 25
8155 20
8156 25
8157 17
8158 23
8159 20
8160 26
8161 18
8162 24
8163 21
8164 25
8165 19
8166 24
8167 20
8168 26
8169 18
8170 18
8171 17
8172 23
8173 19
8174 25
8175 17
8176 24
8177 18
8178 22
8179 21
8180 24
8181 20
8182 26
8183 20
8184 24
8185 19
8186 25
8187 21
8188 25
8189 19
8190 26
8191 21
8192 25
8193 18
8194 25
8195 21
8196 26
8197 18
8198 24
8199 17
8200 23
8201 20
8202 25
8203 21
8204 24
8205 18
8206 25
8207 18
8208 23
8209 17
8210 23
8211 20
8212 26
8213 20
8214 25
8215 19
8216 25
8217 21
8218 25
8219 19
8220 26
8221 18
8222 24
8223 20
8224 25
8225 18
8226 23
8227 21
8228 25
8229 21
8230 24
8231 20
8232 25
8233 18
8234 23
8235 20
8236 27
8237 19
8238 26
8239 17
8240 24
8241 18
8242 23
8243 17
8244 24
8245 17
8246 23
8247 20
8248 24
8249 20
8250 26
8251 17
8252 25
8253 17
8254 23
8255 20
8256 24
8257 17
8258 23
8259 19
8260 23
8261 20
8262 25
8263 21
8264 26
8265 20
8266 26
8267 20
8268 25
8269 19
8270 26
8271 21
8272 25
8273 17
8274 24
8275 16
8276 30
8277 25
8278 27
8279 21
8280 26
8281 24
8282 28
8283 18
8284 22
8285 18
8286 25
8287 20
8288 25
8289 19
8290 24
8291 17
8292 26
8293 17
8294 25
8295 19
8296 24
8297 21
8298 25
8299 17
8300 25
8301 18
8302 24
8303 19
8304 23
8305 17
8306 25
8307 18
8308 23
8309 17
8310 24
8311 19
8312 23
8313 20
8314 26
8315 17
8316 25
8317 17
8318 24
8319 18
8320 23
8321 20
8322 26
8323 18
8324 24
8325 21
8326 25
8327 18
8328 24
8329 18
8330 24
8331 21
8332 25
8333 19
8334 25
8335 20
8336 25
8337 19
8338 25
8339 18
8340 25
8341 20
8342 24
8343 22
8344 25
8345 18
8346 25
8347 18
8348 23
8349 20
8350 26
8351 19
8352 25
8353 20
8354 25
8355 19
8356 25
8357 19
8358 23
8359 18
8360 24
8361 17
8362 24
8363 19
8364 26
8365 21
8366 24
8367 19
8368 27
8369 18
8370 24
8371 20
8372 26
8373 20
8374 25
8375 17
8376 25
8377 20
8378 25
8379 17
8380 26
8381 18
8382 25
8383 16
8384 26
8385 20
8386 26
8387 18
8388 24
8389 18
8390 22
8391 17
8392 24
8393 21
8394 26
8395 17
8396 26
8397 17
8398 20
8399 16
8400 22
8401 21
8402 26
8403 21
8404 26
8405 19
8406 25
8407 20
8408 26
8409 18
8410 24
8411 20
8412 25
8413 19
8414 25
8415 17
8416 23
8417 18
8418 23
8419 20
8420 28
8421 21
8422 27
8423 20
8424 25
8425 20
8426 24
8427 21
8428 27
8429 19
8430 26
8431 20
8432 26
8433 21
8434 24
8435 20
8436 25
8437 19
8438 26
8439 17
8440 25
8441 22
8442 26
8443 18
8444 24
8445 18
8446 25
8447 20
8448 24
8449 18
8450 23
8451 20
8452 25
8453 17
8454 25
8455 20
8456 24
8457 19
8458 23
8459 21
8460 24
8461 18
8462 24
8463 19
8464 25
8465 19
8466 25
8467 20
8468 26
8469 21
8470 23
8471 17
8472 25
8473 19
8474 23
8475 20
8476 25
8477 17
8478 23
8479 17
8480 24
8481 21
8482 26
8483 18
8484 25
8485 20
8486 26
8487 21
8488 26
8489 21
8490 24
8491 18
8492 25
8493 18
8494 26
8495 17
8496 25
8497 17
8498 25
8499 17
8500 24
8501 17
8502 23
8503 20
8504 14
8505 20
8506 25
8507 18
8508 23
8509 20
8510 24
8511 20
8512 26
8513 20
8514 24
8515 20
8516 27
8517 19
8518 25
8519 20
8520 26
8521 18
8522 25
8523 19
8524 26
8525 20
8526 26
8527 19
8528 23
8529 16
8530 25
8531 20
8532 25
8533 20
8534 25
8535 20
8536 25
8537 18
8538 25
8539 18
8540 23
8541 17
8542 24
8543 18
8544 24
8545 17
8546 23
8547 20
8548 25
8549 17
8550 24
8551 18
8552 26
8553 20
8554 25
8555 19
8556 25
8557 19
8558 23
8559 19
8560 26
8561 20
8562 24
8563 18
8564 25
8565 21
8566 25
8567 20
8568 26
8569 21
8570 24
8571 19
8572 26
8573 19
8574 24
8575 17
8576 25
8577 17
8578 24
8579 21
8580 20
8581 17
8582 25
8583 18
8584 24
8585 19
8586 27
8587 19
8588 24
8589 20
8590 26
8591 17
8592 25
8593 18
8594 26
8595 20
8596 24
8597 20
8598 25
8599 16
8600 24
8601 20
8602 24
8603 20
8604 24
8605 18
8606 24
8607 17
8608 23
8609 17
8610 22
8611 17
8612 25
8613 18
8614 24
8615 20
8616 25
8617 17
8618 25
8619 20
8620 25
8621 20
8622 26
8623 19
8624 25
8625 21
8626 24
8627 19
8628 26
8629 20
8630 25
8631 20
8632 26
8633 22
8634 26
8635 20
8636 25
8637 20
8638 25
8639 17
8640 23
8641 20
8642 25
8643 19
8644 21
8645 17
8646 24
8647 20
8648 26
8649 19
8650 25
8651 19
8652 25
8653 19
8654 24
8655 20
8656 25
8657 20
8658 25
8659 20
8660 25
8661 19
8662 24
8663 20
8664 25
8665 20
8666 26
8667 21
8668 25
8669 21
8670 25
8671 20
8672 26
8673 17
8674 25
8675 21
8676 25
8677 21
8678 25
8679 17
8680 23
8681 19
8682 19
8683 21
8684 27
8685 18
8686 26
8687 20
8688 25
8689 21
8690 25
8691 22
8692 25
8693 20
8694 24
8695 20
8696 25
8697 19
8698 24
8699 19
8700 27
8701 20
8702 26
8703 20
8704 26
8705 21
8706 26
8707 21
8708 25
8709 19
8710 25
8711 19
8712 24
8713 21
8714 25
8715 20
8716 26
8717 21
8718 25
8719 19
8720 25
8721 19
8722 25
8723 22
8724 24
8725 17
8726 25
8727 19
8728 25
8729 21
8730 25
8731 20
8732 24
8733 17
8734 24
8735 20
8736 27
8737 18
8738 25
8739 17
8740 24
8741 17
8742 22
8743 20
8744 24
8745 18
8746 24
8747 22
8748 24
8749 19
8750 23
8751 17
8752 25
8753 17
8754 25
8755 17
8756 24
8757 21
8758 24
8759 17
8760 23
8761 17
8762 24
8763 20
8764 26
8765 19
8766 23
8767 18
8768 24
8769 20
8770 26
8771 17
8772 24
8773 19
8774 24
8775 17
8776 25
8777 18
8778 24
8779 18
8780 25
8781 18
8782 26
8783 18
8784 23
8785 21
8786 26
8787 21
8788 26
8789 18
8790 25
8791 20
8792 27
8793 18
8794 23
8795 19
8796 24
8797 16
8798 23
8799 20
8800 25
8801 21
8802 26
8803 20
8804 24
8805 20
8806 26
8807 19
8808 24
8809 18
8810 24
8811 19
8812 24
8813 19
8814 26
8815 20
8816 25
8817 19
8818 25
8819 22
8820 25
8821 18
8822 25
8823 21
8824 25
8825 20
8826 25
8827 20
8828 24
8829 19
8830 24
8831 18
8832 24
8833 18
8834 25
8835 21
8836 27
8837 20
8838 25
8839 20
8840 25
8841 18
8842 25
8843 19
8844 25
8845 18
8846 24
8847 21
8848 24
8849 20
8850 26
8851 20
8852 26
8853 19
8854 26
8855 18
8856 25
8857 16
8858 25
8859 19
8860 26
8861 17
8862 26
8863 18
8864 23
8865 18
8866 24
8867 17
8868 25
8869 20
8870 26
8871 16
8872 26
8873 18
8874 18
8875 20
8876 26
8877 18
8878 24
8879 17
8880 25
8881 19
8882 26
8883 21
8884 24
8885 17
8886 25
8887 18
8888 25
8889 18
8890 23
8891 18
8892 26
8893 17
8894 25
8895 22
8896 25
8897 16
8898 18
8899 16
8900 23
8901 18
8902 24
8903 21
8904 25
8905 18
8906 25
8907 20
8908 25
8909 17
8910 24
8911 19
8912 25
8913 20
8914 24
8915 20
8916 26
8917 18
8918 26
8919 19
8920 23
8921 20
8922 25
8923 20
8924 26
8925 19
8926 25
8927 20
8928 26
8929 20
8930 25
8931 19
8932 27
8933 20
8934 25
8935 17
8936 25
8937 18
8938 24
8939 21
8940 27
8941 21
8942 26
8943 24
8944 25
8945 22
8946 25
8947 21
8948 24
8949 21
8950 27
8951 19
8952 22
8953 21
8954 25
8955 20
8956 26
8957 21
8958 25
8959 20
8960 24
8961 20
8962 24
8963 21
8964 24
8965 19
8966 25
8967 20
8968 25
8969 17
8970 24
8971 20
8972 24
8973 18
8974 25
8975 20
8976 26
8977 20
8978 23
8979 21
8980 23
8981 21
8982 25
8983 20
8984 25
8985 21
8986 24
8987 18
8988 26
8989 17
8990 25
8991 20
8992 24
8993 19
8994 27
8995 19
8996 26
8997 18
8998 24
8999 18
9000 25
9001 16
9002 24
9003 21
9004 14
9005 18
9006 25
9007 20
9008 26
9009 21
9010 26
9011 20
9012 25
9013 19
9014 26
9015 20
9016 25
9017 20
9018 27
9019 20
9020 25
9021 17
9022 25
9023 20
9024 25
9025 18
9026 26
9027 20
9028 26
9029 17
9030 23
9031 21
9032 25
9033 17
9034 24
9035 19
9036 25
9037 21
9038 25
9039 20
9040 25
9041 20
9042 26
9043 21
9044 25
9045 20
9046 27
9047 20
9048 25
9049 20
9050 26
9051 20
9052 25
9053 18
9054 24
9055 18
9056 24
9057 17
9058 25
9059 22
9060 23
9061 18
9062 23
9063 20
9064 24
9065 21
9066 26
9067 21
9068 25
9069 20
9070 27
9071 32
9072 42
9073 79
9074 65
9075 31
9076 36
9077 29
9078 33
9079 31
9080 29
9081 32
9082 36
9083 34
9084 32
9085 32
9086 37
9087 32
9088 35
9089 39
9090 25
9091 39
9092 24
9093 21
9094 25
9095 19
9096 24
9097 19
9098 26
9099 17
9100 23
9101 17
9102 26
9103 19
9104 27
9105 17
9106 23
9107 17
9108 24
9109 17
9110 24
9111 17
9112 24
9113 17
9114 25
9115 17
9116 24
9117 18
9118 24
9119 21
9120 24
9121 19
9122 25
9123 19
9124 25
9125 17
9126 25
9127 19
9128 24
9129 18
9130 25
9131 17
9132 23
9133 19
9134 25
9135 20
9136 24
9137 19
9138 25
9139 18
9140 25
9141 20
9142 23
9143 20
9144 26
9145 18
9146 23
9147 16
9148 24
9149 19
9150 26
9151 20
9152 25
9153 19
9154 26
9155 20
9156 22
9157 19
9158 26
9159 18
9160 26
9161 19
9162 26
9163 20
9164 25
9165 20
9166 26
9167 21
9168 25
9169 19
9170 25
9171 17
9172 24
9173 20
9174 24
9175 17
9176 24
9177 15
9178 24
9179 18
9180 24
9181 19
9182 25
9183 20
9184 27
9185 21
9186 26
9187 20
9188 25
9189 22
9190 24
9191 20
9192 26
9193 20
9194 19
9195 18
9196 23
9197 17
9198 23
9199 17
9200 25
9201 17
9202 24
9203 18
9204 25
9205 17
9206 23
9207 20
9208 26
9209 16
9210 24
9211 17
9212 25
9213 20
9214 25
9215 20
9216 27
9217 20
9218 25
9219 19
9220 25
9221 18
9222 25
9223 17
9224 25
9225 20
9226 24
9227 17
9228 26
9229 17
9230 24
9231 20
9232 26
9233 20
9234 25
9235 21
9236 27
9237 18
9238 25
9239 18
9240 24
9241 18
9242 26
9243 19
9244 26
9245 20
9246 26
9247 19
9248 26
9249 20
9250 26
9251 19
9252 25
9253 20
9254 25
9255 21
9256 26
9257 19
9258 22
9259 20
9260 26
9261 18
9262 25
9263 20
9264 27
9265 18
9266 24
9267 19
9268 24
9269 21
9270 25
9271 20
9272 25
9273 20
9274 25
9275 17
9276 24
9277 18
9278 25
9279 20
9280 25
9281 20
9282 25
9283 18
9284 24
9285 21
9286 24
9287 17
9288 24
9289 20
9290 24
9291 20
9292 26
9293 20
9294 25
9295 20
9296 25
9297 18
9298 24
9299 16
9300 26
9301 20
9302 25
9303 21
9304 26
9305 20
9306 26
9307 19
9308 25
9309 20
9310 24
9311 21
9312 26
9313 18
9314 24
9315 17
9316 24
9317 21
9318 26
9319 19
9320 26
9321 19
9322 25
9323 19
9324 24
9325 19
9326 24
9327 19
9328 26
9329 17
9330 23
9331 17
9332 23
9333 17
9334 24
9335 20
9336 25
9337 17
9338 24
9339 18
9340 24
9341 18
9342 24
9343 17
9344 24
9345 18
9346 25
9347 19
9348 26
9349 17
9350 26
9351 17
9352 22
9353 16
9354 24
9355 18
9356 24
9357 20
9358 24
9359 19
9360 24
9361 18
9362 27
9363 18
9364 24
9365 18
9366 24
9367 18
9368 22
9369 20
9370 25
9371 20
9372 26
9373 18
9374 24
9375 20
9376 24
9377 22
9378 25
9379 21
9380 25
9381 20
9382 24
9383 19
9384 26
9385 18
9386 24
9387 17
9388 23
9389 20
9390 25
9391 19
9392 25
9393 19
9394 25
9395 19
9396 25
9397 19
9398 18
9399 16
9400 20
9401 21
9402 27
9403 20
9404 25
9405 17
9406 25
9407 20
9408 25
9409 21
9410 26
9411 19
9412 24
9413 21
9414 26
9415 17
9416 25
9417 17
9418 23
9419 21
9420 24
9421 17
9422 25
9423 18
9424 23
9425 21
9426 24
9427 21
9428 25
9429 20
9430 25
9431 17
9432 26
9433 19
9434 23
9435 19
9436 26
9437 19
9438 24
9439 21
9440 26
9441 19
9442 24
9443 20
9444 24
9445 19
9446 25
9447 19
9448 25
9449 18
9450 25
9451 17
9452 23
9453 19
9454 26
9455 20
9456 27
9457 17
9458 24
9459 20
9460 25
9461 18
9462 24
9463 18
9464 24
9465 17
9466 23
9467 17
9468 23
9469 17
9470 25
9471 21
9472 24
9473 21
9474 26
9475 20
9476 25
9477 21
9478 24
9479 18
9480 24
9481 19
9482 23
9483 17
9484 25
9485 18
9486 25
9487 20
9488 26
9489 21
9490 26
9491 21
9492 25
9493 18
9494 24
9495 18
9496 24
9497 18
9498 26
9499 20
9500 23
9501 17
9502 26
9503 17
9504 13
9505 17
9506 26
9507 18
9508 25
9509 18
9510 24
9511 17
9512 24
9513 18
9514 24
9515 21
9516 25
9517 17
9518 26
9519 17
9520 25
9521 17
9522 25
9523 18
9524 24
9525 19
9526 25
9527 20
9528 25
9529 19
9530 24
9531 19
9532 24
9533 19
9534 25
9535 18
9536 25
9537 17
9538 24
9539 19
9540 25
9541 20
9542 25
9543 18
9544 26
9545 19
9546 22
9547 19
9548 26
9549 18
9550 23
9551 20
9552 23
9553 20
9554 26
9555 20
9556 25
9557 20
9558 25
9559 18
9560 23
9561 17
9562 24
9563 20
9564 26
9565 17
9566 26
9567 20
9568 24
9569 21
9570 24
9571 19
9572 25
9573 18
9574 23
9575 19
9576 24
9577 20
9578 24
9579 17
9580 24
9581 17
9582 26
9583 20
9584 25
9585 17
9586 24
9587 18
9588 23
9589 20
9590 25
9591 19
9592 25
9593 20
9594 26
9595 19
9596 24
9597 20
9598 25
9599 19
9600 25
9601 17
9602 24
9603 18
9604 19
9605 19
9606 24
9607 16
9608 25
9609 21
9610 25
9611 18
9612 24
9613 21
9614 25
9615 17
9616 22
9617 17
9618 24
9619 17
9620 23
9621 18
9622 23
9623 20
9624 25
9625 17
9626 24
9627 21
9628 26
9629 18
9630 25
9631 19
9632 24
9633 20
9634 25
9635 18
9636 27
9637 17
9638 24
9639 21
9640 25
9641 20
9642 26
9643 20
9644 26
9645 19
9646 24
9647 19
9648 26
9649 18
9650 25
9651 20
9652 28
9653 20
9654 26
9655 20
9656 24
9657 19
9658 26
9659 17
9660 24
9661 18
9662 25
9663 20
9664 24
9665 19
9666 25
9667 19
9668 23
9669 21
9670 25
9671 18
9672 24
9673 20
9674 25
9675 20
9676 25
9677 18
9678 23
9679 19
9680 25
9681 18
9682 24
9683 21
9684 25
9685 17
9686 23
9687 18
9688 26
9689 19
9690 26
9691 17
9692 25
9693 17
9694 25
9695 17
9696 24
9697 22
9698 25
9699 19
9700 25
9701 20
9702 25
9703 20
9704 24
9705 21
9706 18
9707 20
9708 26
9709 20
9710 27
9711 20
9712 25
9713 19
9714 23
9715 19
9716 25
9717 20
9718 26
9719 18
9720 24
9721 21
9722 27
9723 20
9724 27
9725 20
9726 26
9727 20
9728 24
9729 20
9730 25
9731 19
9732 25
9733 18
9734 25
9735 19
9736 22
9737 21
9738 25
9739 20
9740 26
9741 20
9742 25
9743 21
9744 26
9745 18
9746 25
9747 18
9748 24
9749 19
9750 26
9751 18
9752 24
9753 19
9754 23
9755 20
9756 27
9757 21
9758 26
9759 19
9760 26
9761 18
9762 25
9763 20
9764 26
9765 20
9766 26
9767 19
9768 25
9769 19
9770 25
9771 22
9772 26
9773 20
9774 25
9775 18
9776 26
9777 21
9778 24
9779 21
9780 26
9781 16
9782 25
9783 18
9784 27
9785 21
9786 25
9787 19
9788 25
9789 17
9790 23
9791 20
9792 26
9793 21
9794 26
9795 21
9796 26
9797 17
9798 25
9799 21
9800 25
9801 17
9802 24
9803 18
9804 24
9805 21
9806 25
9807 18
9808 24
9809 19
9810 24
9811 18
9812 26
9813 18
9814 25
9815 19
9816 24
9817 18
9818 26
9819 20
9820 26
9821 21
9822 24
9823 20
9824 27
9825 19
9826 27
9827 20
9828 26
9829 21
9830 26
9831 19
9832 26
9833 19
9834 26
9835 19
9836 26
9837 19
9838 26
9839 17
9840 25
9841 17
9842 24
9843 18
9844 25
9845 18
9846 24
9847 21
9848 26
9849 21
9850 26
9851 17
9852 23
9853 18
9854 25
9855 19
9856 25
9857 18
9858 25
9859 19
9860 22
9861 17
9862 23
9863 18
9864 26
9865 20
9866 26
9867 18
9868 23
9869 19
9870 23
9871 20
9872 25
9873 18
9874 23
9875 18
9876 23
9877 20
9878 26
9879 21
9880 25
9881 19
9882 19
9883 19
9884 24
9885 21
9886 25
9887 17
9888 23
9889 17
9890 24
9891 21
9892 25
9893 18
9894 24
9895 21
9896 25
9897 18
9898 18
9899 15
9900 23
9901 18
9902 25
9903 18
9904 25
9905 20
9906 25
9907 20
9908 22
9909 17
9910 24
9911 17
9912 24
9913 18
9914 24
9915 19
9916 25
9917 18
9918 24
9919 17
9920 27
9921 21
9922 24
9923 18
9924 26
9925 18
9926 25
9927 20
9928 24
9929 20
9930 26
9931 19
9932 26
9933 20
9934 24
9935 20
9936 25
9937 20
9938 27
9939 20
9940 25
9941 20
9942 24
9943 20
9944 27
9945 21
9946 25
9947 19
9948 24
9949 19
9950 25
9951 18
9952 24
9953 17
9954 24
9955 21
9956 25
9957 18
9958 25
9959 18
9960 23
9961 17
9962 25
9963 19
9964 24
9965 18
9966 26
9967 20
9968 25
9969 18
9970 24
9971 19
9972 23
9973 19
9974 25
9975 18
9976 25
9977 20
9978 24
9979 16
9980 26
9981 19
9982 25
9983 19
9984 25
9985 18
9986 25
9987 21
9988 25
9989 17
9990 24
9991 17
9992 24
9993 18
9994 25
9995 21
9996 25
9997 17
9998 24
9999 17
# sum: 23
# min: 13
# max: 83
# err cnt: 0
