473 1
474 3
475 4
476 14
477 49
478 140
479 311
480 605
481 1083
482 1711
483 2519
484 3509
485 4559
486 5615
487 6610
488 7438
489 8038
490 8515
491 8846
492 9093
493 9253
494 9359
495 9439
496 9505
497 9546
498 9579
499 9617
500 9641
501 9658
502 9671
503 9684
504 9696
505 9722
506 9733
507 9741
508 9752
509 9762
510 9772
511 9781
512 9788
513 9796
514 9797
515 9803
516 9811
517 9822
518 9825
519 9831
520 9835
521 9836
522 9837
524 9839
525 9842
526 9845
527 9849
528 9853
529 9855
530 9856
531 9857
532 9858
533 9860
534 9861
535 9863
538 9864
539 9866
541 9867
542 9868
543 9870
544 9871
545 9872
548 9874
550 9877
551 9879
552 9881
554 9883
555 9885
556 9889
557 9891
558 9893
560 9895
563 9897
564 9899
566 9900
568 9901
569 9903
571 9904
572 9907
573 9910
574 9913
575 9914
576 9916
577 9918
578 9919
579 9920
580 9921
581 9924
582 9926
583 9928
584 9931
585 9936
586 9940
587 9943
588 9944
590 9947
591 9949
592 9950
593 9952
595 9953
596 9955
598 9956
604 9957
606 9958
610 9959
627 9961
630 9962
640 9963
642 9965
644 9966
648 9967
652 9968
654 9969
655 9970
656 9971
671 9973
677 9974
679 9975
680 9976
683 9977
686 9978
692 9979
693 9981
694 9982
697 9983
698 9984
699 9985
701 9986
703 9987
706 9988
711 9989
713 9990
716 9991
720 9992
724 9993
876 9994
1358 9995
1422 9996
1655 9997
1832 9998
1991 9999
2370 10000
