4066 2738
4067 3172
4068 11
4069 4
4070 2
4071 3
4072 3
4073 7
4074 3
4077 2
4078 152
4079 148
4080 2
4081 4
4082 3
4084 12
4085 29
4086 1
4087 1
4089 1
4090 1
4091 7
4092 2
4097 15
4098 4
4102 33
4103 29
4109 5
4110 253
4111 13
4114 1
4115 2
4116 26
4117 204
4118 6
4120 1
4122 445
4123 133
4124 8
4125 1
4126 3
4127 1
4128 29
4129 336
4130 6
4131 4
4132 2
4133 3
4134 73
4135 264
4136 17
4137 2
4138 2
4140 8
4141 68
4142 5
4143 3
4146 9
4147 48
4148 1
4150 1
4155 1
4161 1
4162 5
4163 358
4164 15
4167 120
4168 8
4169 9
4170 8
4173 133
4174 14
4175 53
4176 32
4178 1
4179 117
4180 6
4182 14
4183 4
4185 70
4186 3
4187 1
4189 2
4190 1
4191 15
4192 3
4194 1
4199 1
4216 285
4217 41
4218 8
4223 7
4224 16
4228 8
4229 155
4230 15
4231 1
4235 3
4236 27
4237 1
4246 1
4253 1
4272 6
4273 18
4274 14
4284 2
4285 10
4286 11
4287 1
4301 1
