0 4141
1 4072
2 4121
3 4134
4 4133
5 4152
6 4070
7 4070
8 4120
9 4127
10 4077
11 4120
12 4155
13 4070
14 4070
15 4120
16 4070
17 4120
18 4181
19 4133
20 4070
21 4070
22 4070
23 4070
24 4120
25 4121
26 4070
27 4100
28 4070
29 4159
30 4120
31 4097
32 4120
33 4076
34 4102
35 4070
36 4120
37 4127
38 4151
39 4070
40 4144
41 4157
42 4133
43 4150
44 4119
45 4181
46 4070
47 4070
48 4070
49 4098
50 4070
51 4070
52 4070
53 4147
54 4070
55 4120
56 4282
57 4150
58 4070
59 4126
60 4127
61 4096
62 4070
63 4120
64 4076
65 4070
66 4160
67 4070
68 4158
69 4151
70 4262
71 4127
72 4121
73 4070
74 4070
75 4120
76 4143
77 4151
78 4088
79 4070
80 4123
81 4156
82 4251
83 4119
84 4107
85 4070
86 4126
87 4070
88 4073
89 4070
90 4225
91 4181
92 4120
93 4076
94 4070
95 4070
96 4070
97 4127
98 4070
99 4070
100 4070
101 4120
102 4077
103 4070
104 4071
105 4175
106 4070
107 4120
108 4092
109 4070
110 4070
111 4070
112 4120
113 4149
114 4100
115 4120
116 4127
117 4070
118 4070
119 4126
120 4070
121 4070
122 4208
123 4152
124 4070
125 4070
126 4123
127 4070
128 4070
129 4208
130 4126
131 4070
132 4133
133 4099
134 4120
135 4095
136 4151
137 4133
138 4126
139 4143
140 4070
141 4070
142 4147
143 4070
144 4070
145 4070
146 4070
147 4121
148 4070
149 4070
150 4070
151 4199
152 4133
153 4070
154 4070
155 4127
156 4120
157 4146
158 4126
159 4178
160 4133
161 4187
162 4070
163 4176
164 4070
165 4070
166 4070
167 4070
168 4099
169 4070
170 4069
171 4121
172 4186
173 4095
174 4252
175 4070
176 4070
177 4152
178 4165
179 4071
180 4072
181 4229
182 4076
183 4070
184 4144
185 4123
186 4070
187 4092
188 4120
189 4188
190 4070
191 4070
192 4070
193 4120
194 4161
195 4120
196 4218
197 4070
198 4079
199 4070
200 4070
201 4150
202 4073
203 4070
204 4120
205 4110
206 4120
207 4070
208 4120
209 4110
210 4155
211 4163
212 4070
213 4070
214 4070
215 4100
216 4070
217 4120
218 4143
219 4070
220 4127
221 4096
222 4231
223 4142
224 4070
225 4120
226 4070
227 4070
228 4070
229 4100
230 4178
231 4070
232 4070
233 4146
234 4070
235 4070
236 4178
237 4127
238 4070
239 4070
240 4120
241 4070
242 4125
243 4150
244 4070
245 4070
246 4153
247 4070
248 4070
249 4187
250 4152
251 4187
252 4174
253 4176
254 4207
255 4158
256 4070
257 4070
258 4133
259 4097
260 4148
261 4120
262 4127
263 4070
264 4124
265 4070
266 4070
267 4070
268 4120
269 4126
270 4163
271 4119
272 4181
273 4070
274 4070
275 4120
276 4107
277 4070
278 4070
279 4147
280 4143
281 4070
282 4123
283 4110
284 4095
285 4070
286 4083
287 4151
288 4070
289 4070
290 4070
291 4176
292 4189
293 4106
294 4070
295 4070
296 4120
297 4163
298 4097
299 4070
300 4070
301 4070
302 4070
303 4157
304 4094
305 4120
306 4070
307 4070
308 4070
309 4126
310 4133
311 4132
312 4070
313 4197
314 4095
315 4160
316 4070
317 4120
318 4256
319 4070
320 4070
321 4144
322 4133
323 4070
324 4145
325 4071
326 4150
327 4070
328 4070
329 4070
330 4070
331 4150
332 4121
333 4148
334 4070
335 4103
336 4070
337 4070
338 4070
339 4070
340 4070
341 4070
342 4070
343 4070
344 4070
345 4070
346 4070
347 4121
348 4070
349 4133
350 4070
351 4070
352 4229
353 4146
354 4132
355 4126
356 4070
357 4070
358 4094
359 4120
360 4178
361 4157
362 4070
363 4070
364 4070
365 4070
366 4070
367 4070
368 4070
369 4070
370 4070
371 4070
372 4201
373 4097
374 4070
375 4070
376 4091
377 4070
378 4183
379 4237
380 4070
381 4070
382 4121
383 4070
384 4070
385 4074
386 4070
387 4070
388 4151
389 4088
390 4070
391 4070
392 4124
393 4093
394 4070
395 4070
396 4157
397 4070
398 4097
399 4120
400 4071
401 4070
402 4070
403 4070
404 4070
405 4070
406 4070
407 4070
408 4199
409 4070
410 4147
411 4120
412 4105
413 4097
414 4127
415 4121
416 4070
417 4070
418 4151
419 4176
420 4211
421 4120
422 4103
423 4070
424 4070
425 4070
426 4070
427 4070
428 4070
429 4133
430 4070
431 4070
432 4151
433 4186
434 4070
435 4070
436 4070
437 4070
438 4206
439 4070
440 4070
441 4070
442 4070
443 4120
444 4281
445 4147
446 4070
447 4070
448 4070
449 4103
450 4070
451 4070
452 4119
453 4110
454 4149
455 4103
456 4133
457 4070
458 4198
459 4133
460 4120
461 4154
462 4070
463 4151
464 4148
465 4090
466 4070
467 4070
468 4070
469 4120
470 4110
471 4070
472 4070
473 4126
474 4148
475 4094
476 4070
477 4132
478 4077
479 4131
480 4163
481 4143
482 4092
483 4176
484 4133
485 4123
486 4070
487 4071
488 4179
489 4070
490 4070
491 4120
492 4187
493 4070
494 4070
495 4120
496 4070
497 4070
498 4070
499 4178
500 4178
501 4070
502 4070
503 4070
504 4070
505 4174
506 4070
507 4093
508 4094
509 4070
510 4070
511 4070
512 4070
513 4070
514 4070
515 4070
516 4071
517 4157
518 4070
519 4070
520 4103
521 4070
522 4070
523 4070
524 4070
525 4070
526 4095
527 4201
528 4127
529 4070
530 4152
531 4070
532 4070
533 4120
534 4187
535 4070
536 4070
537 4070
538 4070
539 4070
540 4070
541 4070
542 4178
543 4120
544 4193
545 4070
546 4127
547 4203
548 4123
549 4127
550 4070
551 4070
552 4070
553 4097
554 4155
555 4120
556 4082
557 4070
558 4073
559 4151
560 4101
561 4070
562 4120
563 4256
564 4070
565 4070
566 4070
567 4096
568 4097
569 4158
570 4090
571 4120
572 4120
573 4126
574 4124
575 4070
576 4070
577 4198
578 4082
579 4209
580 4103
581 4120
582 4121
583 4181
584 4198
585 4082
586 4070
587 4070
588 4080
589 4117
590 4159
591 4130
592 4120
593 4164
594 4201
595 4149
596 4070
597 4070
598 4070
599 4150
600 4070
601 4070
602 4096
603 4120
604 4070
605 4104
606 4124
607 4181
608 4070
609 4070
610 4070
611 4070
612 4070
613 4070
614 4120
615 4204
616 4187
617 4120
618 4155
619 4123
620 4194
621 4091
622 4070
623 4070
624 4070
625 4120
626 4070
627 4187
628 4130
629 4123
630 4179
631 4129
632 4070
633 4120
634 4076
635 4126
636 4070
637 4124
638 4093
639 4070
640 4151
641 4106
642 4070
643 4070
644 4070
645 4070
646 4070
647 4070
648 4070
649 4070
650 4070
651 4119
652 4127
653 4174
654 4129
655 4201
656 4119
657 4076
658 4151
659 4180
660 4070
661 4070
662 4147
663 4070
664 4097
665 4070
666 4070
667 4070
668 4094
669 4070
670 4070
671 4070
672 4070
673 4070
674 4070
675 4174
676 4120
677 4107
678 4070
679 4070
680 4096
681 4203
682 4180
683 4070
684 4070
685 4070
686 4120
687 4180
688 4070
689 4070
690 4148
691 4159
692 4205
693 4083
694 4127
695 4070
696 4070
697 4070
698 4158
699 4070
700 4070
701 4070
702 4133
703 4070
704 4070
705 4150
706 4184
707 4178
708 4070
709 4179
710 4143
711 4149
712 4070
713 4127
714 4070
715 4070
716 4070
717 4096
718 4119
719 4101
720 4147
721 4152
722 4213
723 4127
724 4120
725 4070
726 4119
727 4187
728 4225
729 4070
730 4133
731 4142
732 4120
733 4181
734 4070
735 4070
736 4070
737 4151
738 4204
739 4132
740 4120
741 4070
742 4070
743 4102
744 4149
745 4187
746 4176
747 4126
748 4070
749 4070
750 4070
751 4070
752 4070
753 4070
754 4070
755 4150
756 4070
757 4098
758 4070
759 4094
760 4070
761 4174
762 4071
763 4097
764 4148
765 4151
766 4181
767 4092
768 4070
769 4120
770 4121
771 4070
772 4070
773 4133
774 4174
775 4070
776 4125
777 4070
778 4070
779 4133
780 4070
781 4070
782 4070
783 4070
784 4158
785 4070
786 4097
787 4145
788 4106
789 4070
790 4094
791 4070
792 4070
793 4248
794 4070
795 4071
796 4144
797 4070
798 4070
799 4096
800 4070
801 4120
802 4189
803 4082
804 4150
805 4149
806 4180
807 4143
808 4070
809 4123
810 4201
811 4070
812 4183
813 4183
814 4130
815 4070
816 4070
817 4070
818 4119
819 4133
820 4165
821 4189
822 4133
823 4127
824 4206
825 4133
826 4070
827 4070
828 4070
829 4070
830 4070
831 4126
832 4174
833 4174
834 4070
835 4070
836 4070
837 4070
838 4102
839 4070
840 4210
841 4149
842 4076
843 4126
844 4070
845 4181
846 4070
847 4070
848 4070
849 4070
850 4070
851 4070
852 4070
853 4070
854 4070
855 4070
856 4102
857 4157
858 4070
859 4174
860 4097
861 4070
862 4070
863 4070
864 4070
865 4070
866 4070
867 4147
868 4133
869 4070
870 4120
871 4143
872 4070
873 4119
874 4181
875 4070
876 4070
877 4070
878 4233
879 4082
880 4174
881 4070
882 4094
883 4148
884 4070
885 4119
886 4216
887 4208
888 4197
889 4070
890 4157
891 4133
892 4070
893 4070
894 4070
895 4174
896 4070
897 4083
898 4097
899 4133
900 4070
901 4070
902 4070
903 4070
904 4148
905 4120
906 4106
907 4070
908 4133
909 4224
910 4070
911 4147
912 4100
913 4070
914 4126
915 4070
916 4119
917 4132
918 4176
919 4158
920 4189
921 4132
922 4127
923 4126
924 4069
925 4070
926 4070
927 4070
928 4124
929 4070
930 4070
931 4176
932 4106
933 4070
934 4070
935 4070
936 4070
937 4102
938 4133
939 4070
940 4070
941 4127
942 4070
943 4126
944 4070
945 4070
946 4070
947 4120
948 4161
949 4204
950 4154
951 4070
952 4176
953 4143
954 4070
955 4070
956 4119
957 4146
958 4069
959 4070
960 4070
961 4070
962 4070
963 4127
964 4070
965 4149
966 4159
967 4071
968 4073
969 4070
970 4070
971 4070
972 4070
973 4120
974 4111
975 4120
976 4187
977 4070
978 4070
979 4094
980 4070
981 4070
982 4070
983 4205
984 4091
985 4070
986 4070
987 4119
988 4101
989 4127
990 4070
991 4120
992 4189
993 4110
994 4070
995 4126
996 4200
997 4070
998 4157
999 4071
1000 4124
1001 4076
1002 4094
1003 4070
1004 4146
1005 4174
1006 4101
1007 4133
1008 4070
1009 4070
1010 4120
1011 4133
1012 4119
1013 4192
1014 4156
1015 4070
1016 4175
1017 4070
1018 4094
1019 4152
1020 4158
1021 4070
1022 4070
1023 4149
1024 4070
1025 4070
1026 4070
1027 4120
1028 4100
1029 4070
1030 4119
1031 4092
1032 4101
1033 4096
1034 4199
1035 4070
1036 4070
1037 4070
1038 4071
1039 4070
1040 4070
1041 4153
1042 4160
1043 4070
1044 4070
1045 4070
1046 4179
1047 4076
1048 4147
1049 4076
1050 4120
1051 4162
1052 4070
1053 4070
1054 4070
1055 4120
1056 4139
1057 4126
1058 4070
1059 4070
1060 4097
1061 4070
1062 4070
1063 4070
1064 4150
1065 4070
1066 4124
1067 4070
1068 4120
1069 4143
1070 4176
1071 4133
1072 4152
1073 4164
1074 4070
1075 4070
1076 4071
1077 4070
1078 4070
1079 4199
1080 4070
1081 4070
1082 4120
1083 4076
1084 4070
1085 4095
1086 4070
1087 4153
1088 4142
1089 4070
1090 4070
1091 4070
1092 4070
1093 4070
1094 4070
1095 4120
1096 4070
1097 4070
1098 4070
1099 4224
1100 4070
1101 4070
1102 4097
1103 4070
1104 4071
1105 4070
1106 4070
1107 4120
1108 4070
1109 4070
1110 4070
1111 4070
1112 4070
1113 4070
1114 4070
1115 4100
1116 4070
1117 4070
1118 4070
1119 4126
1120 4102
1121 4070
1122 4070
1123 4120
1124 4142
1125 4096
1126 4070
1127 4070
1128 4162
1129 4149
1130 4082
1131 4070
1132 4120
1133 4070
1134 4070
1135 4070
1136 4070
1137 4070
1138 4070
1139 4070
1140 4070
1141 4120
1142 4236
1143 4180
1144 4120
1145 4156
1146 4127
1147 4070
1148 4071
1149 4176
1150 4214
1151 4133
1152 4126
1153 4199
1154 4070
1155 4070
1156 4070
1157 4070
1158 4070
1159 4070
1160 4071
1161 4096
1162 4070
1163 4174
1164 4070
1165 4149
1166 4076
1167 4070
1168 4070
1169 4159
1170 4070
1171 4070
1172 4070
1173 4119
1174 4186
1175 4070
1176 4294
1177 4178
1178 4070
1179 4070
1180 4070
1181 4070
1182 4070
1183 4070
1184 4070
1185 4153
1186 4070
1187 4153
1188 4161
1189 4095
1190 4070
1191 4120
1192 4076
1193 4070
1194 4070
1195 4148
1196 4070
1197 4070
1198 4070
1199 4099
1200 4229
1201 4181
1202 4070
1203 4070
1204 4070
1205 4070
1206 4070
1207 4070
1208 4070
1209 4070
1210 4133
1211 4123
1212 4126
1213 4070
1214 4070
1215 4124
1216 4103
1217 4119
1218 4101
1219 4127
1220 4070
1221 4133
1222 4120
1223 4070
1224 4070
1225 4070
1226 4070
1227 4174
1228 4070
1229 4070
1230 4070
1231 4159
1232 4133
1233 4133
1234 4070
1235 4157
1236 4070
1237 4070
1238 4148
1239 4070
1240 4070
1241 4198
1242 4070
1243 4070
1244 4093
1245 4127
1246 4070
1247 4070
1248 4070
1249 4120
1250 4082
1251 4094
1252 4127
1253 4070
1254 4119
1255 4101
1256 4070
1257 4133
1258 4070
1259 4095
1260 4070
1261 4070
1262 4070
1263 4070
1264 4070
1265 4127
1266 4069
1267 4070
1268 4120
1269 4097
1270 4151
1271 4082
1272 4176
1273 4102
1274 4090
1275 4120
1276 4070
1277 4070
1278 4070
1279 4070
1280 4096
1281 4229
1282 4156
1283 4100
1284 4124
1285 4099
1286 4070
1287 4229
1288 4082
1289 4070
1290 4179
1291 4146
1292 4133
1293 4070
1294 4225
1295 4200
1296 4127
1297 4070
1298 4174
1299 4070
1300 4090
1301 4070
1302 4070
1303 4070
1304 4070
1305 4070
1306 4098
1307 4075
1308 4070
1309 4070
1310 4070
1311 4070
1312 4070
1313 4070
1314 4070
1315 4160
1316 4151
1317 4217
1318 4092
1319 4120
1320 4148
1321 4070
1322 4157
1323 4202
1324 4101
1325 4070
1326 4070
1327 4201
1328 4148
1329 4070
1330 4120
1331 4120
1332 4099
1333 4201
1334 4289
1335 4092
1336 4095
1337 4202
1338 4180
1339 4070
1340 4149
1341 4218
1342 4101
1343 4070
1344 4119
1345 4164
1346 4235
1347 4193
1348 4076
1349 4070
1350 4070
1351 4126
1352 4181
1353 4123
1354 4070
1355 4070
1356 4126
1357 4152
1358 4070
1359 4070
1360 4120
1361 4083
1362 4146
1363 4142
1364 4133
1365 4070
1366 4070
1367 4121
1368 4148
1369 4095
1370 4157
1371 4090
1372 4070
1373 4127
1374 4070
1375 4070
1376 4095
1377 4074
1378 4070
1379 4070
1380 4070
1381 4070
1382 4127
1383 4096
1384 4147
1385 4096
1386 4176
1387 4101
1388 4150
1389 4186
1390 4070
1391 4093
1392 4174
1393 4142
1394 4070
1395 4070
1396 4070
1397 4152
1398 4127
1399 4090
1400 4176
1401 4092
1402 4070
1403 4070
1404 4070
1405 4070
1406 4070
1407 4070
1408 4159
1409 4070
1410 4157
1411 4070
1412 4148
1413 4198
1414 4070
1415 4208
1416 4082
1417 4070
1418 4070
1419 4207
1420 4231
1421 4070
1422 4070
1423 4070
1424 4127
1425 4229
1426 4167
1427 4106
1428 4124
1429 4070
1430 4126
1431 4282
1432 4106
1433 4148
1434 4150
1435 4119
1436 4149
1437 4070
1438 4070
1439 4070
1440 4204
1441 4082
1442 4124
1443 4123
1444 4180
1445 4070
1446 4070
1447 4133
1448 4070
1449 4224
1450 4120
1451 4070
1452 4176
1453 4180
1454 4070
1455 4129
1456 4120
1457 4070
1458 4070
1459 4089
1460 4070
1461 4070
1462 4070
1463 4229
1464 4116
1465 4070
1466 4070
1467 4094
1468 4252
1469 4211
1470 4101
1471 4070
1472 4127
1473 4157
1474 4232
1475 4189
1476 4106
1477 4128
1478 4154
1479 4153
1480 4070
1481 4070
1482 4070
1483 4123
1484 4174
1485 4157
1486 4224
1487 4127
1488 4205
1489 4101
1490 4179
1491 4204
1492 4096
1493 4070
1494 4070
1495 4070
1496 4154
1497 4088
1498 4070
1499 4201
1500 4148
1501 4095
1502 4120
1503 4132
1504 4127
1505 4132
1506 4070
1507 4176
1508 4106
1509 4070
1510 4070
1511 4071
1512 4224
1513 4120
1514 4070
1515 4157
1516 4096
1517 4070
1518 4070
1519 4070
1520 4070
1521 4070
1522 4070
1523 4070
1524 4070
1525 4070
1526 4070
1527 4070
1528 4070
1529 4070
1530 4070
1531 4070
1532 4174
1533 4119
1534 4204
1535 4225
1536 4181
1537 4070
1538 4198
1539 4070
1540 4070
1541 4070
1542 4120
1543 4187
1544 4205
1545 4089
1546 4070
1547 4162
1548 4070
1549 4177
1550 4126
1551 4070
1552 4070
1553 4149
1554 4158
1555 4070
1556 4070
1557 4070
1558 4070
1559 4070
1560 4070
1561 4205
1562 4106
1563 4070
1564 4133
1565 4089
1566 4178
1567 4070
1568 4149
1569 4147
1570 4070
1571 4070
1572 4070
1573 4070
1574 4070
1575 4133
1576 4159
1577 4143
1578 4070
1579 4070
1580 4070
1581 4070
1582 4124
1583 4077
1584 4070
1585 4120
1586 4076
1587 4070
1588 4070
1589 4070
1590 4070
1591 4070
1592 4123
1593 4070
1594 4070
1595 4070
1596 4120
1597 4110
1598 4127
1599 4070
1600 4120
1601 4096
1602 4187
1603 4133
1604 4120
1605 4148
1606 4070
1607 4070
1608 4070
1609 4070
1610 4146
1611 4069
1612 4070
1613 4120
1614 4140
1615 4127
1616 4070
1617 4070
1618 4070
1619 4126
1620 4133
1621 4070
1622 4070
1623 4101
1624 4070
1625 4070
1626 4097
1627 4070
1628 4070
1629 4070
1630 4070
1631 4070
1632 4070
1633 4070
1634 4070
1635 4070
1636 4070
1637 4119
1638 4077
1639 4070
1640 4070
1641 4231
1642 4070
1643 4070
1644 4070
1645 4119
1646 4103
1647 4070
1648 4070
1649 4133
1650 4180
1651 4070
1652 4070
1653 4120
1654 4070
1655 4070
1656 4070
1657 4070
1658 4070
1659 4174
1660 4121
1661 4103
1662 4070
1663 4070
1664 4070
1665 4106
1666 4070
1667 4070
1668 4070
1669 4093
1670 4233
1671 4235
1672 4088
1673 4149
1674 4127
1675 4101
1676 4070
1677 4148
1678 4143
1679 4070
1680 4151
1681 4076
1682 4127
1683 4070
1684 4174
1685 4120
1686 4224
1687 4070
1688 4127
1689 4070
1690 4070
1691 4070
1692 4149
1693 4114
1694 4092
1695 4177
1696 4092
1697 4070
1698 4070
1699 4070
1700 4094
1701 4070
1702 4120
1703 4089
1704 4121
1705 4152
1706 4120
1707 4133
1708 4092
1709 4120
1710 4077
1711 4090
1712 4070
1713 4157
1714 4070
1715 4103
1716 4071
1717 4120
1718 4101
1719 4070
1720 4120
1721 4092
1722 4120
1723 4127
1724 4070
1725 4070
1726 4070
1727 4120
1728 4070
1729 4070
1730 4088
1731 4208
1732 4070
1733 4070
1734 4070
1735 4070
1736 4070
1737 4070
1738 4070
1739 4070
1740 4151
1741 4076
1742 4070
1743 4070
1744 4070
1745 4070
1746 4225
1747 4070
1748 4224
1749 4070
1750 4070
1751 4070
1752 4070
1753 4070
1754 4176
1755 4143
1756 4211
1757 4183
1758 4076
1759 4204
1760 4070
1761 4097
1762 4070
1763 4225
1764 4070
1765 4070
1766 4070
1767 4070
1768 4100
1769 4094
1770 4070
1771 4070
1772 4070
1773 4151
1774 4101
1775 4070
1776 4070
1777 4124
1778 4174
1779 4070
1780 4070
1781 4103
1782 4070
1783 4123
1784 4096
1785 4070
1786 4138
1787 4089
1788 4070
1789 4174
1790 4099
1791 4127
1792 4070
1793 4070
1794 4070
1795 4070
1796 4070
1797 4095
1798 4150
1799 4070
1800 4070
1801 4070
1802 4070
1803 4070
1804 4224
1805 4201
1806 4070
1807 4070
1808 4229
1809 4101
1810 4120
1811 4082
1812 4204
1813 4096
1814 4070
1815 4070
1816 4205
1817 4167
1818 4107
1819 4091
1820 4070
1821 4070
1822 4070
1823 4070
1824 4123
1825 4127
1826 4096
1827 4070
1828 4070
1829 4120
1830 4187
1831 4070
1832 4070
1833 4120
1834 4187
1835 4120
1836 4097
1837 4070
1838 4070
1839 4120
1840 4101
1841 4070
1842 4070
1843 4070
1844 4120
1845 4089
1846 4070
1847 4070
1848 4070
1849 4102
1850 4103
1851 4119
1852 4092
1853 4070
1854 4144
1855 4183
1856 4282
1857 4103
1858 4070
1859 4070
1860 4070
1861 4149
1862 4132
1863 4123
1864 4070
1865 4176
1866 4207
1867 4120
1868 4101
1869 4070
1870 4199
1871 4119
1872 4133
1873 4070
1874 4070
1875 4127
1876 4070
1877 4120
1878 4126
1879 4104
1880 4070
1881 4120
1882 4101
1883 4070
1884 4229
1885 4158
1886 4154
1887 4070
1888 4070
1889 4120
1890 4101
1891 4070
1892 4133
1893 4070
1894 4070
1895 4070
1896 4070
1897 4151
1898 4163
1899 4070
1900 4147
1901 4070
1902 4070
1903 4070
1904 4070
1905 4152
1906 4070
1907 4070
1908 4070
1909 4225
1910 4103
1911 4070
1912 4070
1913 4070
1914 4119
1915 4154
1916 4070
1917 4120
1918 4130
1919 4070
1920 4070
1921 4074
1922 4097
1923 4070
1924 4070
1925 4070
1926 4157
1927 4070
1928 4070
1929 4070
1930 4174
1931 4070
1932 4119
1933 4142
1934 4070
1935 4070
1936 4070
1937 4127
1938 4070
1939 4070
1940 4071
1941 4070
1942 4070
1943 4070
1944 4070
1945 4070
1946 4127
1947 4070
1948 4070
1949 4070
1950 4120
1951 4095
1952 4070
1953 4070
1954 4070
1955 4070
1956 4070
1957 4070
1958 4070
1959 4126
1960 4070
1961 4155
1962 4070
1963 4152
1964 4183
1965 4142
1966 4120
1967 4127
1968 4119
1969 4107
1970 4070
1971 4101
1972 4070
1973 4148
1974 4070
1975 4070
1976 4128
1977 4070
1978 4070
1979 4070
1980 4070
1981 4070
1982 4070
1983 4123
1984 4070
1985 4157
1986 4126
1987 4070
1988 4070
1989 4070
1990 4102
1991 4151
1992 4103
1993 4070
1994 4070
1995 4103
1996 4070
1997 4097
1998 4133
1999 4070
2000 4070
2001 4070
2002 4150
2003 4119
2004 4215
2005 4070
2006 4070
2007 4153
2008 4082
2009 4120
2010 4283
2011 4070
2012 4070
2013 4154
2014 4124
2015 4070
2016 4070
2017 4097
2018 4148
2019 4070
2020 4133
2021 4070
2022 4070
2023 4071
2024 4074
2025 4120
2026 4187
2027 4070
2028 4070
2029 4120
2030 4157
2031 4070
2032 4126
2033 4070
2034 4200
2035 4070
2036 4070
2037 4070
2038 4094
2039 4150
2040 4070
2041 4070
2042 4070
2043 4070
2044 4103
2045 4094
2046 4070
2047 4070
2048 4070
2049 4070
2050 4208
2051 4070
2052 4070
2053 4127
2054 4119
2055 4111
2056 4070
2057 4070
2058 4149
2059 4070
2060 4103
2061 4070
2062 4120
2063 4092
2064 4229
2065 4106
2066 4070
2067 4149
2068 4176
2069 4115
2070 4070
2071 4097
2072 4120
2073 4070
2074 4094
2075 4148
2076 4070
2077 4174
2078 4070
2079 4070
2080 4149
2081 4070
2082 4070
2083 4120
2084 4147
2085 4070
2086 4070
2087 4070
2088 4070
2089 4070
2090 4149
2091 4070
2092 4120
2093 4187
2094 4120
2095 4076
2096 4104
2097 4070
2098 4070
2099 4127
2100 4070
2101 4101
2102 4156
2103 4070
2104 4070
2105 4070
2106 4123
2107 4070
2108 4097
2109 4070
2110 4070
2111 4120
2112 4133
2113 4070
2114 4133
2115 4224
2116 4092
2117 4120
2118 4095
2119 4071
2120 4127
2121 4070
2122 4152
2123 4070
2124 4133
2125 4070
2126 4073
2127 4070
2128 4070
2129 4178
2130 4070
2131 4070
2132 4126
2133 4070
2134 4127
2135 4100
2136 4152
2137 4070
2138 4133
2139 4119
2140 4092
2141 4070
2142 4070
2143 4070
2144 4070
2145 4070
2146 4174
2147 4070
2148 4174
2149 4181
2150 4133
2151 4133
2152 4070
2153 4070
2154 4070
2155 4120
2156 4077
2157 4070
2158 4070
2159 4070
2160 4255
2161 4180
2162 4070
2163 4070
2164 4120
2165 4076
2166 4070
2167 4070
2168 4070
2169 4094
2170 4120
2171 4092
2172 4127
2173 4101
2174 4100
2175 4120
2176 4193
2177 4076
2178 4133
2179 4070
2180 4070
2181 4097
2182 4095
2183 4070
2184 4070
2185 4070
2186 4070
2187 4102
2188 4183
2189 4180
2190 4151
2191 4120
2192 4120
2193 4120
2194 4110
2195 4120
2196 4140
2197 4070
2198 4070
2199 4097
2200 4204
2201 4189
2202 4115
2203 4097
2204 4093
2205 4121
2206 4094
2207 4070
2208 4133
2209 4070
2210 4070
2211 4201
2212 4070
2213 4179
2214 4163
2215 4124
2216 4070
2217 4133
2218 4070
2219 4094
2220 4070
2221 4070
2222 4152
2223 4151
2224 4092
2225 4070
2226 4070
2227 4070
2228 4178
2229 4070
2230 4120
2231 4214
2232 4070
2233 4070
2234 4070
2235 4224
2236 4070
2237 4155
2238 4070
2239 4133
2240 4070
2241 4070
2242 4094
2243 4127
2244 4070
2245 4070
2246 4120
2247 4093
2248 4127
2249 4070
2250 4070
2251 4070
2252 4070
2253 4071
2254 4176
2255 4160
2256 4119
2257 4164
2258 4070
2259 4070
2260 4070
2261 4093
2262 4148
2263 4076
2264 4070
2265 4070
2266 4103
2267 4070
2268 4070
2269 4070
2270 4124
2271 4070
2272 4070
2273 4070
2274 4174
2275 4070
2276 4210
2277 4120
2278 4256
2279 4133
2280 4120
2281 4092
2282 4070
2283 4070
2284 4070
2285 4070
2286 4070
2287 4070
2288 4070
2289 4070
2290 4070
2291 4070
2292 4071
2293 4070
2294 4070
2295 4070
2296 4102
2297 4070
2298 4120
2299 4106
2300 4070
2301 4070
2302 4070
2303 4070
2304 4151
2305 4181
2306 4155
2307 4070
2308 4070
2309 4121
2310 4070
2311 4070
2312 4070
2313 4149
2314 4120
2315 4070
2316 4070
2317 4070
2318 4126
2319 4070
2320 4070
2321 4070
2322 4070
2323 4119
2324 4159
2325 4070
2326 4070
2327 4070
2328 4070
2329 4070
2330 4070
2331 4230
2332 4120
2333 4092
2334 4149
2335 4151
2336 4127
2337 4070
2338 4070
2339 4070
2340 4070
2341 4070
2342 4120
2343 4101
2344 4120
2345 4095
2346 4201
2347 4124
2348 4174
2349 4070
2350 4120
2351 4092
2352 4070
2353 4174
2354 4070
2355 4126
2356 4120
2357 4123
2358 4070
2359 4119
2360 4101
2361 4070
2362 4094
2363 4070
2364 4070
2365 4070
2366 4133
2367 4095
2368 4205
2369 4170
2370 4176
2371 4101
2372 4133
2373 4120
2374 4149
2375 4120
2376 4203
2377 4149
2378 4093
2379 4070
2380 4070
2381 4070
2382 4070
2383 4070
2384 4096
2385 4255
2386 4281
2387 4127
2388 4127
2389 4120
2390 4103
2391 4203
2392 4070
2393 4282
2394 4187
2395 4070
2396 4120
2397 4206
2398 4070
2399 4070
2400 4177
2401 4073
2402 4070
2403 4070
2404 4133
2405 4070
2406 4070
2407 4178
2408 4070
2409 4070
2410 4070
2411 4070
2412 4070
2413 4158
2414 4174
2415 4148
2416 4070
2417 4120
2418 4095
2419 4070
2420 4070
2421 4070
2422 4119
2423 4207
2424 4070
2425 4120
2426 4205
2427 4092
2428 4127
2429 4070
2430 4070
2431 4070
2432 4120
2433 4164
2434 4120
2435 4143
2436 4139
2437 4149
2438 4157
2439 4174
2440 4282
2441 4101
2442 4070
2443 4070
2444 4175
2445 4174
2446 4146
2447 4077
2448 4070
2449 4070
2450 4120
2451 4161
2452 4116
2453 4123
2454 4070
2455 4069
2456 4070
2457 4102
2458 4070
2459 4070
2460 4070
2461 4070
2462 4070
2463 4070
2464 4094
2465 4070
2466 4120
2467 4157
2468 4070
2469 4181
2470 4129
2471 4070
2472 4070
2473 4070
2474 4070
2475 4070
2476 4075
2477 4098
2478 4146
2479 4233
2480 4229
2481 4189
2482 4165
2483 4070
2484 4071
2485 4070
2486 4154
2487 4103
2488 4156
2489 4186
2490 4073
2491 4121
2492 4207
2493 4127
2494 4070
2495 4070
2496 4149
2497 4082
2498 4070
2499 4070
2500 4127
2501 4070
2502 4120
2503 4155
2504 4070
2505 4120
2506 4189
2507 4282
2508 4070
2509 4100
2510 4179
2511 4082
2512 4124
2513 4070
2514 4126
2515 4070
2516 4070
2517 4071
2518 4149
2519 4133
2520 4070
2521 4070
2522 4070
2523 4160
2524 4070
2525 4070
2526 4070
2527 4070
2528 4070
2529 4070
2530 4070
2531 4202
2532 4160
2533 4099
2534 4070
2535 4071
2536 4201
2537 4101
2538 4144
2539 4110
2540 4070
2541 4070
2542 4070
2543 4070
2544 4199
2545 4155
2546 4109
2547 4176
2548 4101
2549 4120
2550 4282
2551 4132
2552 4070
2553 4095
2554 4157
2555 4070
2556 4150
2557 4070
2558 4120
2559 4076
2560 4160
2561 4149
2562 4070
2563 4175
2564 4127
2565 4148
2566 4095
2567 4091
2568 4174
2569 4082
2570 4071
2571 4071
2572 4155
2573 4070
2574 4070
2575 4103
2576 4104
2577 4070
2578 4070
2579 4070
2580 4070
2581 4159
2582 4070
2583 4120
2584 4077
2585 4070
2586 4070
2587 4070
2588 4070
2589 4070
2590 4093
2591 4158
2592 4150
2593 4142
2594 4070
2595 4070
2596 4070
2597 4150
2598 4077
2599 4123
2600 4070
2601 4070
2602 4070
2603 4070
2604 4070
2605 4070
2606 4070
2607 4070
2608 4070
2609 4070
2610 4070
2611 4070
2612 4151
2613 4112
2614 4201
2615 4070
2616 4094
2617 4095
2618 4161
2619 4070
2620 4070
2621 4070
2622 4120
2623 4133
2624 4215
2625 4070
2626 4094
2627 4103
2628 4070
2629 4070
2630 4070
2631 4224
2632 4174
2633 4070
2634 4070
2635 4070
2636 4070
2637 4070
2638 4203
2639 4070
2640 4151
2641 4076
2642 4070
2643 4070
2644 4070
2645 4070
2646 4070
2647 4120
2648 4139
2649 4126
2650 4096
2651 4070
2652 4070
2653 4070
2654 4070
2655 4224
2656 4151
2657 4076
2658 4070
2659 4120
2660 4151
2661 4119
2662 4089
2663 4120
2664 4076
2665 4071
2666 4070
2667 4125
2668 4100
2669 4070
2670 4120
2671 4215
2672 4150
2673 4082
2674 4103
2675 4100
2676 4181
2677 4070
2678 4070
2679 4070
2680 4070
2681 4151
2682 4070
2683 4070
2684 4070
2685 4070
2686 4070
2687 4120
2688 4082
2689 4070
2690 4070
2691 4070
2692 4070
2693 4070
2694 4070
2695 4070
2696 4127
2697 4070
2698 4070
2699 4120
2700 4101
2701 4070
2702 4252
2703 4123
2704 4070
2705 4147
2706 4094
2707 4070
2708 4070
2709 4124
2710 4071
2711 4070
2712 4070
2713 4119
2714 4133
2715 4101
2716 4070
2717 4092
2718 4225
2719 4070
2720 4120
2721 4146
2722 4070
2723 4070
2724 4127
2725 4126
2726 4176
2727 4101
2728 4204
2729 4101
2730 4071
2731 4120
2732 4132
2733 4158
2734 4205
2735 4193
2736 4070
2737 4070
2738 4070
2739 4070
2740 4098
2741 4070
2742 4070
2743 4070
2744 4070
2745 4070
2746 4069
2747 4070
2748 4070
2749 4070
2750 4074
2751 4124
2752 4070
2753 4070
2754 4150
2755 4147
2756 4070
2757 4070
2758 4070
2759 4070
2760 4121
2761 4092
2762 4282
2763 4089
2764 4070
2765 4070
2766 4070
2767 4070
2768 4175
2769 4070
2770 4070
2771 4120
2772 4118
2773 4228
2774 4096
2775 4224
2776 4169
2777 4070
2778 4070
2779 4201
2780 4163
2781 4070
2782 4070
2783 4070
2784 4204
2785 4174
2786 4070
2787 4070
2788 4133
2789 4102
2790 4120
2791 4076
2792 4070
2793 4153
2794 4120
2795 4076
2796 4120
2797 4070
2798 4070
2799 4094
2800 4070
2801 4225
2802 4120
2803 4207
2804 4120
2805 4133
2806 4224
2807 4070
2808 4070
2809 4070
2810 4070
2811 4131
2812 4184
2813 4207
2814 4070
2815 4105
2816 4070
2817 4148
2818 4092
2819 4126
2820 4070
2821 4070
2822 4070
2823 4204
2824 4208
2825 4123
2826 4120
2827 4276
2828 4158
2829 4070
2830 4102
2831 4148
2832 4070
2833 4150
2834 4217
2835 4178
2836 4070
2837 4174
2838 4120
2839 4146
2840 4119
2841 4076
2842 4070
2843 4104
2844 4176
2845 4113
2846 4176
2847 4101
2848 4120
2849 4183
2850 4142
2851 4229
2852 4143
2853 4143
2854 4092
2855 4120
2856 4070
2857 4094
2858 4070
2859 4121
2860 4070
2861 4070
2862 4119
2863 4116
2864 4070
2865 4070
2866 4070
2867 4096
2868 4224
2869 4070
2870 4176
2871 4154
2872 4127
2873 4070
2874 4119
2875 4092
2876 4070
2877 4070
2878 4101
2879 4148
2880 4070
2881 4158
2882 4145
2883 4082
2884 4133
2885 4070
2886 4120
2887 4070
2888 4070
2889 4182
2890 4070
2891 4070
2892 4070
2893 4070
2894 4070
2895 4070
2896 4070
2897 4205
2898 4092
2899 4070
2900 4120
2901 4070
2902 4120
2903 4183
2904 4133
2905 4070
2906 4119
2907 4076
2908 4070
2909 4070
2910 4200
2911 4070
2912 4071
2913 4070
2914 4098
2915 4070
2916 4180
2917 4119
2918 4077
2919 4070
2920 4105
2921 4070
2922 4070
2923 4126
2924 4070
2925 4070
2926 4096
2927 4070
2928 4120
2929 4076
2930 4119
2931 4101
2932 4070
2933 4119
2934 4101
2935 4180
2936 4070
2937 4070
2938 4177
2939 4176
2940 4082
2941 4070
2942 4070
2943 4070
2944 4070
2945 4070
2946 4120
2947 4154
2948 4106
2949 4070
2950 4174
2951 4201
2952 4076
2953 4120
2954 4070
2955 4119
2956 4101
2957 4123
2958 4070
2959 4070
2960 4133
2961 4070
2962 4070
2963 4102
2964 4201
2965 4092
2966 4070
2967 4229
2968 4133
2969 4245
2970 4070
2971 4070
2972 4124
2973 4070
2974 4120
2975 4161
2976 4120
2977 4092
2978 4070
2979 4071
2980 4070
2981 4070
2982 4070
2983 4070
2984 4070
2985 4070
2986 4070
2987 4200
2988 4119
2989 4127
2990 4133
2991 4180
2992 4076
2993 4133
2994 4120
2995 4174
2996 4163
2997 4186
2998 4237
2999 4078
3000 4072
3001 4155
3002 4072
3003 4133
3004 4071
3005 4126
3006 4216
3007 4110
3008 4071
3009 4121
3010 4070
3011 4120
3012 4095
3013 4150
3014 4070
3015 4070
3016 4070
3017 4070
3018 4070
3019 4133
3020 4124
3021 4120
3022 4181
3023 4133
3024 4070
3025 4070
3026 4119
3027 4101
3028 4070
3029 4070
3030 4178
3031 4252
3032 4070
3033 4070
3034 4119
3035 4091
3036 4202
3037 4148
3038 4082
3039 4070
3040 4120
3041 4127
3042 4070
3043 4093
3044 4070
3045 4120
3046 4161
3047 4236
3048 4109
3049 4070
3050 4070
3051 4103
3052 4096
3053 4070
3054 4070
3055 4070
3056 4101
3057 4182
3058 4070
3059 4070
3060 4121
3061 4140
3062 4070
3063 4070
3064 4133
3065 4070
3066 4174
3067 4123
3068 4070
3069 4070
3070 4133
3071 4070
3072 4070
3073 4094
3074 4202
3075 4089
3076 4072
3077 4070
3078 4070
3079 4070
3080 4070
3081 4183
3082 4109
3083 4154
3084 4154
3085 4120
3086 4181
3087 4069
3088 4120
3089 4181
3090 4070
3091 4070
3092 4070
3093 4229
3094 4076
3095 4133
3096 4070
3097 4120
3098 4140
3099 4070
3100 4070
3101 4133
3102 4174
3103 4124
3104 4070
3105 4070
3106 4070
3107 4133
3108 4070
3109 4070
3110 4070
3111 4070
3112 4070
3113 4096
3114 4070
3115 4229
3116 4169
3117 4199
3118 4070
3119 4070
3120 4151
3121 4133
3122 4070
3123 4070
3124 4070
3125 4100
3126 4070
3127 4119
3128 4165
3129 4133
3130 4174
3131 4070
3132 4070
3133 4070
3134 4090
3135 4229
3136 4218
3137 4120
3138 4151
3139 4076
3140 4070
3141 4070
3142 4070
3143 4070
3144 4123
3145 4070
3146 4070
3147 4070
3148 4070
3149 4070
3150 4095
3151 4120
3152 4143
3153 4095
3154 4119
3155 4210
3156 4070
3157 4120
3158 4151
3159 4154
3160 4121
3161 4070
3162 4070
3163 4070
3164 4070
3165 4070
3166 4176
3167 4076
3168 4201
3169 4123
3170 4180
3171 4143
3172 4070
3173 4070
3174 4070
3175 4120
3176 4172
3177 4225
3178 4070
3179 4071
3180 4070
3181 4127
3182 4133
3183 4151
3184 4082
3185 4145
3186 4070
3187 4070
3188 4120
3189 4103
3190 4094
3191 4070
3192 4070
3193 4070
3194 4070
3195 4070
3196 4070
3197 4070
3198 4070
3199 4095
3200 4070
3201 4070
3202 4176
3203 4110
3204 4070
3205 4123
3206 4070
3207 4225
3208 4070
3209 4143
3210 4229
3211 4092
3212 4070
3213 4150
3214 4120
3215 4070
3216 4120
3217 4108
3218 4180
3219 4070
3220 4070
3221 4070
3222 4120
3223 4231
3224 4070
3225 4178
3226 4096
3227 4070
3228 4070
3229 4070
3230 4120
3231 4077
3232 4126
3233 4070
3234 4093
3235 4151
3236 4120
3237 4115
3238 4127
3239 4070
3240 4070
3241 4070
3242 4070
3243 4070
3244 4148
3245 4214
3246 4103
3247 4151
3248 4264
3249 4142
3250 4120
3251 4089
3252 4070
3253 4070
3254 4070
3255 4144
3256 4126
3257 4133
3258 4070
3259 4070
3260 4070
3261 4103
3262 4200
3263 4070
3264 4070
3265 4070
3266 4070
3267 4070
3268 4070
3269 4070
3270 4070
3271 4096
3272 4070
3273 4070
3274 4070
3275 4070
3276 4070
3277 4100
3278 4120
3279 4070
3280 4070
3281 4070
3282 4162
3283 4070
3284 4148
3285 4070
3286 4120
3287 4126
3288 4106
3289 4070
3290 4070
3291 4070
3292 4176
3293 4139
3294 4150
3295 4180
3296 4148
3297 4070
3298 4070
3299 4070
3300 4070
3301 4070
3302 4070
3303 4119
3304 4143
3305 4108
3306 4120
3307 4120
3308 4190
3309 4120
3310 4070
3311 4119
3312 4082
3313 4070
3314 4147
3315 4126
3316 4231
3317 4070
3318 4105
3319 4119
3320 4077
3321 4070
3322 4151
3323 4133
3324 4070
3325 4070
3326 4152
3327 4070
3328 4120
3329 4070
3330 4123
3331 4120
3332 4070
3333 4070
3334 4120
3335 4070
3336 4070
3337 4070
3338 4151
3339 4089
3340 4070
3341 4070
3342 4070
3343 4070
3344 4070
3345 4178
3346 4070
3347 4133
3348 4070
3349 4070
3350 4070
3351 4070
3352 4070
3353 4070
3354 4070
3355 4070
3356 4120
3357 4126
3358 4076
3359 4070
3360 4154
3361 4106
3362 4070
3363 4120
3364 4076
3365 4070
3366 4147
3367 4070
3368 4070
3369 4151
3370 4208
3371 4070
3372 4070
3373 4127
3374 4070
3375 4070
3376 4070
3377 4120
3378 4070
3379 4070
3380 4096
3381 4070
3382 4151
3383 4070
3384 4157
3385 4070
3386 4070
3387 4070
3388 4174
3389 4070
3390 4180
3391 4148
3392 4183
3393 4101
3394 4070
3395 4070
3396 4070
3397 4174
3398 4070
3399 4148
3400 4070
3401 4127
3402 4149
3403 4070
3404 4151
3405 4076
3406 4070
3407 4070
3408 4070
3409 4119
3410 4181
3411 4070
3412 4094
3413 4070
3414 4070
3415 4070
3416 4070
3417 4070
3418 4070
3419 4070
3420 4147
3421 4143
3422 4070
3423 4225
3424 4070
3425 4070
3426 4151
3427 4127
3428 4070
3429 4070
3430 4094
3431 4070
3432 4102
3433 4070
3434 4143
3435 4201
3436 4070
3437 4070
3438 4070
3439 4119
3440 4164
3441 4070
3442 4178
3443 4148
3444 4146
3445 4120
3446 4176
3447 4088
3448 4070
3449 4119
3450 4089
3451 4096
3452 4070
3453 4070
3454 4070
3455 4149
3456 4070
3457 4070
3458 4225
3459 4070
3460 4133
3461 4070
3462 4070
3463 4070
3464 4071
3465 4070
3466 4151
3467 4133
3468 4152
3469 4089
3470 4123
3471 4070
3472 4179
3473 4076
3474 4070
3475 4148
3476 4149
3477 4128
3478 4097
3479 4199
3480 4093
3481 4100
3482 4070
3483 4070
3484 4070
3485 4070
3486 4070
3487 4070
3488 4120
3489 4263
3490 4160
3491 4176
3492 4160
3493 4070
3494 4177
3495 4132
3496 4070
3497 4070
3498 4070
3499 4070
3500 4070
3501 4119
3502 4133
3503 4101
3504 4149
3505 4112
3506 4070
3507 4070
3508 4094
3509 4123
3510 4119
3511 4076
3512 4093
3513 4127
3514 4070
3515 4070
3516 4101
3517 4070
3518 4070
3519 4070
3520 4070
3521 4070
3522 4070
3523 4133
3524 4201
3525 4176
3526 4182
3527 4160
3528 4070
3529 4100
3530 4147
3531 4070
3532 4123
3533 4070
3534 4070
3535 4070
3536 4176
3537 4101
3538 4120
3539 4070
3540 4070
3541 4070
3542 4094
3543 4070
3544 4070
3545 4163
3546 4127
3547 4070
3548 4129
3549 4070
3550 4070
3551 4096
3552 4070
3553 4070
3554 4150
3555 4070
3556 4150
3557 4132
3558 4082
3559 4120
3560 4071
3561 4149
3562 4124
3563 4070
3564 4070
3565 4149
3566 4070
3567 4070
3568 4070
3569 4070
3570 4070
3571 4102
3572 4177
3573 4120
3574 4154
3575 4149
3576 4227
3577 4124
3578 4147
3579 4082
3580 4070
3581 4070
3582 4070
3583 4070
3584 4070
3585 4103
3586 4120
3587 4070
3588 4070
3589 4174
3590 4120
3591 4094
3592 4070
3593 4070
3594 4070
3595 4070
3596 4070
3597 4127
3598 4070
3599 4070
3600 4127
3601 4070
3602 4070
3603 4070
3604 4133
3605 4070
3606 4070
3607 4070
3608 4254
3609 4289
3610 4101
3611 4120
3612 4071
3613 4070
3614 4070
3615 4097
3616 4120
3617 4070
3618 4154
3619 4092
3620 4070
3621 4070
3622 4146
3623 4119
3624 4082
3625 4120
3626 4070
3627 4097
3628 4151
3629 4092
3630 4123
3631 4132
3632 4120
3633 4070
3634 4070
3635 4100
3636 4070
3637 4070
3638 4070
3639 4096
3640 4070
3641 4070
3642 4120
3643 4132
3644 4070
3645 4070
3646 4070
3647 4098
3648 4070
3649 4070
3650 4132
3651 4070
3652 4102
3653 4070
3654 4070
3655 4070
3656 4070
3657 4070
3658 4126
3659 4070
3660 4120
3661 4169
3662 4095
3663 4070
3664 4070
3665 4103
3666 4070
3667 4070
3668 4070
3669 4120
3670 4070
3671 4070
3672 4070
3673 4070
3674 4070
3675 4070
3676 4070
3677 4200
3678 4126
3679 4070
3680 4070
3681 4071
3682 4127
3683 4070
3684 4070
3685 4070
3686 4152
3687 4070
3688 4070
3689 4151
3690 4180
3691 4119
3692 4132
3693 4070
3694 4070
3695 4070
3696 4070
3697 4157
3698 4070
3699 4102
3700 4070
3701 4154
3702 4070
3703 4121
3704 4181
3705 4070
3706 4200
3707 4181
3708 4070
3709 4070
3710 4070
3711 4070
3712 4070
3713 4203
3714 4070
3715 4070
3716 4070
3717 4229
3718 4076
3719 4099
3720 4096
3721 4070
3722 4070
3723 4070
3724 4070
3725 4070
3726 4119
3727 4117
3728 4149
3729 4070
3730 4070
3731 4119
3732 4189
3733 4103
3734 4148
3735 4209
3736 4120
3737 4120
3738 4076
3739 4105
3740 4095
3741 4070
3742 4229
3743 4129
3744 4120
3745 4126
3746 4150
3747 4183
3748 4160
3749 4070
3750 4070
3751 4070
3752 4120
3753 4209
3754 4126
3755 4133
3756 4157
3757 4070
3758 4070
3759 4070
3760 4103
3761 4070
3762 4070
3763 4070
3764 4121
3765 4070
3766 4103
3767 4200
3768 4120
3769 4146
3770 4127
3771 4070
3772 4127
3773 4070
3774 4127
3775 4070
3776 4070
3777 4070
3778 4070
3779 4157
3780 4132
3781 4096
3782 4070
3783 4124
3784 4070
3785 4070
3786 4070
3787 4176
3788 4163
3789 4201
3790 4108
3791 4229
3792 4103
3793 4070
3794 4148
3795 4101
3796 4070
3797 4070
3798 4151
3799 4116
3800 4120
3801 4181
3802 4070
3803 4103
3804 4070
3805 4178
3806 4225
3807 4120
3808 4070
3809 4119
3810 4168
3811 4094
3812 4070
3813 4133
3814 4070
3815 4070
3816 4070
3817 4098
3818 4070
3819 4070
3820 4070
3821 4070
3822 4070
3823 4070
3824 4070
3825 4070
3826 4126
3827 4070
3828 4070
3829 4120
3830 4127
3831 4123
3832 4070
3833 4070
3834 4174
3835 4150
3836 4159
3837 4143
3838 4101
3839 4070
3840 4070
3841 4070
3842 4120
3843 4070
3844 4070
3845 4070
3846 4145
3847 4199
3848 4070
3849 4070
3850 4070
3851 4070
3852 4070
3853 4070
3854 4070
3855 4120
3856 4101
3857 4070
3858 4120
3859 4070
3860 4070
3861 4070
3862 4120
3863 4164
3864 4070
3865 4224
3866 4070
3867 4070
3868 4178
3869 4070
3870 4090
3871 4120
3872 4174
3873 4070
3874 4070
3875 4103
3876 4072
3877 4070
3878 4070
3879 4070
3880 4226
3881 4070
3882 4176
3883 4126
3884 4070
3885 4070
3886 4070
3887 4070
3888 4070
3889 4133
3890 4070
3891 4070
3892 4070
3893 4120
3894 4095
3895 4070
3896 4070
3897 4261
3898 4219
3899 4138
3900 4221
3901 4120
3902 4101
3903 4070
3904 4070
3905 4070
3906 4200
3907 4142
3908 4116
3909 4144
3910 4102
3911 4070
3912 4070
3913 4120
3914 4109
3915 4120
3916 4077
3917 4070
3918 4146
3919 4119
3920 4081
3921 4155
3922 4070
3923 4097
3924 4070
3925 4133
3926 4123
3927 4070
3928 4070
3929 4070
3930 4096
3931 4120
3932 4070
3933 4070
3934 4096
3935 4119
3936 4112
3937 4070
3938 4070
3939 4070
3940 4070
3941 4070
3942 4070
3943 4070
3944 4070
3945 4070
3946 4119
3947 4076
3948 4070
3949 4102
3950 4070
3951 4070
3952 4070
3953 4070
3954 4204
3955 4281
3956 4133
3957 4199
3958 4070
3959 4070
3960 4200
3961 4211
3962 4126
3963 4070
3964 4070
3965 4070
3966 4070
3967 4070
3968 4070
3969 4204
3970 4077
3971 4070
3972 4070
3973 4070
3974 4070
3975 4070
3976 4100
3977 4070
3978 4070
3979 4127
3980 4070
3981 4070
3982 4070
3983 4206
3984 4082
3985 4070
3986 4208
3987 4132
3988 4180
3989 4070
3990 4096
3991 4206
3992 4124
3993 4146
3994 4070
3995 4070
3996 4070
3997 4070
3998 4150
3999 4070
4000 4120
4001 4070
4002 4070
4003 4070
4004 4070
4005 4070
4006 4070
4007 4119
4008 4076
4009 4124
4010 4096
4011 4070
4012 4070
4013 4174
4014 4120
4015 4181
4016 4070
4017 4071
4018 4070
4019 4070
4020 4070
4021 4070
4022 4133
4023 4124
4024 4119
4025 4282
4026 4120
4027 4070
4028 4070
4029 4120
4030 4205
4031 4120
4032 4123
4033 4070
4034 4070
4035 4275
4036 4070
4037 4180
4038 4106
4039 4070
4040 4070
4041 4070
4042 4070
4043 4157
4044 4133
4045 4120
4046 4070
4047 4070
4048 4224
4049 4070
4050 4120
4051 4076
4052 4070
4053 4133
4054 4150
4055 4237
4056 4070
4057 4070
4058 4070
4059 4070
4060 4070
4061 4070
4062 4070
4063 4153
4064 4186
4065 4082
4066 4120
4067 4070
4068 4102
4069 4070
4070 4120
4071 4206
4072 4230
4073 4076
4074 4070
4075 4070
4076 4070
4077 4174
4078 4123
4079 4177
4080 4119
4081 4133
4082 4070
4083 4070
4084 4174
4085 4070
4086 4070
4087 4070
4088 4120
4089 4114
4090 4127
4091 4070
4092 4070
4093 4146
4094 4095
4095 4070
4096 4180
4097 4076
4098 4070
4099 4070
4100 4070
4101 4094
4102 4070
4103 4120
4104 4127
4105 4194
4106 4070
4107 4070
4108 4070
4109 4127
4110 4256
4111 4229
4112 4146
4113 4089
4114 4180
4115 4177
4116 4070
4117 4174
4118 4154
4119 4094
4120 4096
4121 4120
4122 4076
4123 4176
4124 4192
4125 4187
4126 4070
4127 4070
4128 4070
4129 4070
4130 4157
4131 4070
4132 4070
4133 4133
4134 4070
4135 4070
4136 4070
4137 4070
4138 4145
4139 4139
4140 4070
4141 4070
4142 4070
4143 4120
4144 4070
4145 4070
4146 4119
4147 4210
4148 4070
4149 4070
4150 4127
4151 4070
4152 4070
4153 4200
4154 4070
4155 4151
4156 4154
4157 4070
4158 4070
4159 4070
4160 4070
4161 4120
4162 4083
4163 4158
4164 4070
4165 4151
4166 4070
4167 4070
4168 4133
4169 4149
4170 4174
4171 4070
4172 4070
4173 4162
4174 4183
4175 4092
4176 4070
4177 4119
4178 4092
4179 4203
4180 4130
4181 4094
4182 4070
4183 4070
4184 4070
4185 4070
4186 4071
4187 4120
4188 4076
4189 4070
4190 4120
4191 4133
4192 4082
4193 4070
4194 4229
4195 4076
4196 4119
4197 4154
4198 4132
4199 4070
4200 4070
4201 4070
4202 4119
4203 4089
4204 4126
4205 4181
4206 4070
4207 4070
4208 4120
4209 4149
4210 4070
4211 4198
4212 4149
4213 4082
4214 4187
4215 4070
4216 4174
4217 4070
4218 4097
4219 4152
4220 4112
4221 4126
4222 4120
4223 4070
4224 4127
4225 4070
4226 4070
4227 4070
4228 4093
4229 4126
4230 4070
4231 4104
4232 4120
4233 4133
4234 4070
4235 4096
4236 4070
4237 4070
4238 4070
4239 4070
4240 4070
4241 4119
4242 4281
4243 4070
4244 4070
4245 4070
4246 4070
4247 4101
4248 4070
4249 4070
4250 4070
4251 4119
4252 4076
4253 4070
4254 4070
4255 4101
4256 4070
4257 4070
4258 4120
4259 4149
4260 4070
4261 4070
4262 4070
4263 4127
4264 4120
4265 4070
4266 4070
4267 4070
4268 4098
4269 4210
4270 4120
4271 4070
4272 4070
4273 4070
4274 4120
4275 4076
4276 4175
4277 4070
4278 4070
4279 4070
4280 4070
4281 4132
4282 4070
4283 4070
4284 4070
4285 4070
4286 4176
4287 4181
4288 4070
4289 4069
4290 4150
4291 4070
4292 4070
4293 4150
4294 4070
4295 4070
4296 4070
4297 4070
4298 4127
4299 4070
4300 4070
4301 4070
4302 4070
4303 4070
4304 4070
4305 4070
4306 4070
4307 4124
4308 4070
4309 4070
4310 4229
4311 4187
4312 4070
4313 4070
4314 4070
4315 4070
4316 4094
4317 4096
4318 4174
4319 4070
4320 4274
4321 4120
4322 4070
4323 4174
4324 4096
4325 4099
4326 4070
4327 4070
4328 4070
4329 4070
4330 4070
4331 4119
4332 4156
4333 4070
4334 4070
4335 4070
4336 4070
4337 4119
4338 4101
4339 4070
4340 4070
4341 4160
4342 4070
4343 4070
4344 4070
4345 4070
4346 4101
4347 4120
4348 4148
4349 4070
4350 4070
4351 4069
4352 4145
4353 4115
4354 4209
4355 4163
4356 4132
4357 4224
4358 4133
4359 4071
4360 4070
4361 4070
4362 4124
4363 4070
4364 4126
4365 4095
4366 4070
4367 4070
4368 4120
4369 4070
4370 4176
4371 4101
4372 4119
4373 4164
4374 4133
4375 4070
4376 4175
4377 4149
4378 4174
4379 4070
4380 4094
4381 4120
4382 4070
4383 4120
4384 4070
4385 4120
4386 4070
4387 4070
4388 4070
4389 4070
4390 4070
4391 4070
4392 4120
4393 4070
4394 4070
4395 4152
4396 4231
4397 4070
4398 4070
4399 4070
4400 4070
4401 4070
4402 4070
4403 4127
4404 4070
4405 4176
4406 4130
4407 4119
4408 4101
4409 4070
4410 4070
4411 4174
4412 4070
4413 4148
4414 4070
4415 4070
4416 4070
4417 4070
4418 4070
4419 4123
4420 4099
4421 4070
4422 4070
4423 4070
4424 4070
4425 4070
4426 4070
4427 4120
4428 4224
4429 4070
4430 4074
4431 4143
4432 4138
4433 4225
4434 4070
4435 4070
4436 4070
4437 4120
4438 4211
4439 4070
4440 4070
4441 4148
4442 4070
4443 4127
4444 4070
4445 4127
4446 4120
4447 4151
4448 4133
4449 4143
4450 4070
4451 4070
4452 4070
4453 4070
4454 4070
4455 4120
4456 4181
4457 4070
4458 4070
4459 4120
4460 4077
4461 4120
4462 4149
4463 4070
4464 4070
4465 4070
4466 4070
4467 4070
4468 4149
4469 4076
4470 4070
4471 4070
4472 4070
4473 4070
4474 4070
4475 4070
4476 4069
4477 4271
4478 4124
4479 4196
4480 4095
4481 4134
4482 4155
4483 4126
4484 4070
4485 4070
4486 4150
4487 4115
4488 4070
4489 4070
4490 4151
4491 4106
4492 4070
4493 4070
4494 4070
4495 4187
4496 4070
4497 4070
4498 4095
4499 4124
4500 4143
4501 4070
4502 4120
4503 4109
4504 4155
4505 4199
4506 4225
4507 4103
4508 4204
4509 4126
4510 4174
4511 4119
4512 4210
4513 4187
4514 4199
4515 4157
4516 4174
4517 4070
4518 4070
4519 4070
4520 4144
4521 4070
4522 4070
4523 4070
4524 4070
4525 4070
4526 4120
4527 4070
4528 4133
4529 4102
4530 4133
4531 4092
4532 4133
4533 4070
4534 4070
4535 4069
4536 4070
4537 4070
4538 4070
4539 4070
4540 4120
4541 4176
4542 4187
4543 4070
4544 4142
4545 4158
4546 4070
4547 4070
4548 4070
4549 4070
4550 4070
4551 4070
4552 4070
4553 4133
4554 4070
4555 4070
4556 4187
4557 4070
4558 4070
4559 4070
4560 4133
4561 4070
4562 4070
4563 4119
4564 4236
4565 4143
4566 4070
4567 4070
4568 4174
4569 4070
4570 4120
4571 4126
4572 4092
4573 4070
4574 4070
4575 4177
4576 4119
4577 4254
4578 4210
4579 4120
4580 4148
4581 4070
4582 4070
4583 4070
4584 4070
4585 4147
4586 4120
4587 4120
4588 4146
4589 4101
4590 4070
4591 4070
4592 4120
4593 4070
4594 4070
4595 4070
4596 4070
4597 4202
4598 4148
4599 4070
4600 4180
4601 4120
4602 4151
4603 4143
4604 4194
4605 4132
4606 4070
4607 4070
4608 4099
4609 4070
4610 4096
4611 4070
4612 4150
4613 4183
4614 4126
4615 4120
4616 4206
4617 4157
4618 4082
4619 4070
4620 4146
4621 4180
4622 4070
4623 4070
4624 4070
4625 4070
4626 4070
4627 4070
4628 4070
4629 4070
4630 4070
4631 4070
4632 4225
4633 4070
4634 4229
4635 4127
4636 4076
4637 4224
4638 4070
4639 4070
4640 4120
4641 4187
4642 4070
4643 4070
4644 4158
4645 4070
4646 4174
4647 4176
4648 4149
4649 4070
4650 4150
4651 4115
4652 4070
4653 4070
4654 4070
4655 4070
4656 4150
4657 4070
4658 4174
4659 4120
4660 4070
4661 4070
4662 4100
4663 4154
4664 4131
4665 4070
4666 4127
4667 4070
4668 4070
4669 4070
4670 4152
4671 4070
4672 4070
4673 4070
4674 4070
4675 4070
4676 4071
4677 4070
4678 4098
4679 4070
4680 4070
4681 4120
4682 4070
4683 4070
4684 4070
4685 4070
4686 4071
4687 4100
4688 4070
4689 4070
4690 4096
4691 4120
4692 4082
4693 4147
4694 4070
4695 4145
4696 4118
4697 4150
4698 4133
4699 4094
4700 4120
4701 4070
4702 4132
4703 4115
4704 4133
4705 4231
4706 4070
4707 4132
4708 4146
4709 4114
4710 4070
4711 4070
4712 4070
4713 4070
4714 4070
4715 4070
4716 4119
4717 4089
4718 4120
4719 4142
4720 4174
4721 4102
4722 4229
4723 4181
4724 4070
4725 4070
4726 4096
4727 4151
4728 4151
4729 4159
4730 4101
4731 4070
4732 4133
4733 4132
4734 4069
4735 4070
4736 4180
4737 4070
4738 4126
4739 4174
4740 4070
4741 4133
4742 4129
4743 4070
4744 4161
4745 4119
4746 4149
4747 4207
4748 4070
4749 4120
4750 4110
4751 4156
4752 4070
4753 4070
4754 4070
4755 4119
4756 4106
4757 4070
4758 4152
4759 4133
4760 4176
4761 4076
4762 4120
4763 4076
4764 4070
4765 4070
4766 4126
4767 4120
4768 4120
4769 4224
4770 4070
4771 4102
4772 4070
4773 4070
4774 4070
4775 4203
4776 4111
4777 4149
4778 4201
4779 4126
4780 4070
4781 4069
4782 4151
4783 4076
4784 4103
4785 4070
4786 4070
4787 4147
4788 4206
4789 4070
4790 4133
4791 4070
4792 4070
4793 4070
4794 4070
4795 4070
4796 4070
4797 4152
4798 4120
4799 4229
4800 4132
4801 4126
4802 4070
4803 4094
4804 4150
4805 4070
4806 4070
4807 4225
4808 4070
4809 4176
4810 4121
4811 4132
4812 4120
4813 4070
4814 4121
4815 4187
4816 4121
4817 4237
4818 4158
4819 4180
4820 4070
4821 4070
4822 4070
4823 4150
4824 4070
4825 4174
4826 4070
4827 4070
4828 4070
4829 4070
4830 4070
4831 4070
4832 4070
4833 4159
4834 4119
4835 4082
4836 4069
4837 4150
4838 4149
4839 4096
4840 4152
4841 4126
4842 4149
4843 4069
4844 4069
4845 4070
4846 4096
4847 4070
4848 4097
4849 4096
4850 4176
4851 4210
4852 4180
4853 4070
4854 4070
4855 4070
4856 4225
4857 4120
4858 4120
4859 4097
4860 4121
4861 4153
4862 4117
4863 4070
4864 4142
4865 4174
4866 4070
4867 4120
4868 4082
4869 4070
4870 4201
4871 4095
4872 4154
4873 4070
4874 4070
4875 4101
4876 4070
4877 4119
4878 4158
4879 4070
4880 4070
4881 4070
4882 4204
4883 4089
4884 4070
4885 4204
4886 4107
4887 4119
4888 4126
4889 4133
4890 4133
4891 4120
4892 4095
4893 4070
4894 4120
4895 4070
4896 4070
4897 4070
4898 4175
4899 4149
4900 4130
4901 4070
4902 4070
4903 4150
4904 4070
4905 4105
4906 4070
4907 4070
4908 4070
4909 4148
4910 4116
4911 4124
4912 4070
4913 4094
4914 4070
4915 4070
4916 4126
4917 4187
4918 4070
4919 4176
4920 4115
4921 4120
4922 4133
4923 4197
4924 4229
4925 4088
4926 4070
4927 4160
4928 4133
4929 4120
4930 4140
4931 4096
4932 4176
4933 4115
4934 4120
4935 4132
4936 4070
4937 4123
4938 4120
4939 4070
4940 4070
4941 4152
4942 4110
4943 4070
4944 4132
4945 4070
4946 4070
4947 4123
4948 4176
4949 4082
4950 4070
4951 4070
4952 4147
4953 4070
4954 4120
4955 4070
4956 4070
4957 4070
4958 4094
4959 4127
4960 4070
4961 4070
4962 4070
4963 4070
4964 4070
4965 4179
4966 4187
4967 4151
4968 4101
4969 4070
4970 4180
4971 4070
4972 4150
4973 4070
4974 4070
4975 4070
4976 4174
4977 4070
4978 4070
4979 4070
4980 4095
4981 4133
4982 4127
4983 4120
4984 4104
4985 4070
4986 4070
4987 4070
4988 4119
4989 4089
4990 4180
4991 4208
4992 4142
4993 4119
4994 4181
4995 4070
4996 4070
4997 4070
4998 4070
4999 4070
5000 4077
5001 4148
5002 4071
5003 4070
5004 4070
5005 4150
5006 4070
5007 4070
5008 4096
5009 4070
5010 4076
5011 4151
5012 4102
5013 4070
5014 4148
5015 4133
5016 4120
5017 4096
5018 4177
5019 4156
5020 4070
5021 4174
5022 4070
5023 4070
5024 4070
5025 4100
5026 4148
5027 4101
5028 4120
5029 4070
5030 4070
5031 4070
5032 4070
5033 4070
5034 4070
5035 4178
5036 4120
5037 4070
5038 4070
5039 4107
5040 4070
5041 4070
5042 4180
5043 4070
5044 4070
5045 4070
5046 4070
5047 4127
5048 4070
5049 4120
5050 4095
5051 4070
5052 4070
5053 4148
5054 4120
5055 4126
5056 4232
5057 4115
5058 4070
5059 4070
5060 4070
5061 4070
5062 4120
5063 4070
5064 4159
5065 4101
5066 4120
5067 4119
5068 4188
5069 4070
5070 4070
5071 4179
5072 4115
5073 4070
5074 4157
5075 4070
5076 4071
5077 4070
5078 4120
5079 4099
5080 4070
5081 4070
5082 4069
5083 4069
5084 4181
5085 4120
5086 4120
5087 4133
5088 4070
5089 4070
5090 4070
5091 4157
5092 4070
5093 4157
5094 4070
5095 4070
5096 4070
5097 4120
5098 4101
5099 4070
5100 4126
5101 4142
5102 4130
5103 4176
5104 4117
5105 4127
5106 4120
5107 4070
5108 4070
5109 4095
5110 4124
5111 4070
5112 4180
5113 4160
5114 4151
5115 4088
5116 4070
5117 4178
5118 4120
5119 4070
5120 4070
5121 4070
5122 4070
5123 4133
5124 4070
5125 4120
5126 4127
5127 4070
5128 4120
5129 4070
5130 4198
5131 4070
5132 4070
5133 4105
5134 4070
5135 4132
5136 4133
5137 4070
5138 4119
5139 4082
5140 4070
5141 4070
5142 4070
5143 4132
5144 4127
5145 4119
5146 4189
5147 4146
5148 4120
5149 4070
5150 4070
5151 4070
5152 4174
5153 4178
5154 4070
5155 4070
5156 4070
5157 4179
5158 4106
5159 4120
5160 4076
5161 4070
5162 4070
5163 4070
5164 4174
5165 4147
5166 4070
5167 4070
5168 4133
5169 4148
5170 4070
5171 4070
5172 4159
5173 4070
5174 4120
5175 4149
5176 4092
5177 4094
5178 4120
5179 4070
5180 4070
5181 4133
5182 4127
5183 4070
5184 4070
5185 4124
5186 4070
5187 4069
5188 4120
5189 4070
5190 4126
5191 4174
5192 4129
5193 4070
5194 4070
5195 4070
5196 4070
5197 4181
5198 4184
5199 4070
5200 4070
5201 4070
5202 4070
5203 4120
5204 4194
5205 4177
5206 4198
5207 4070
5208 4070
5209 4119
5210 4255
5211 4070
5212 4070
5213 4070
5214 4070
5215 4096
5216 4070
5217 4070
5218 4144
5219 4139
5220 4120
5221 4127
5222 4070
5223 4070
5224 4070
5225 4201
5226 4070
5227 4069
5228 4070
5229 4119
5230 4076
5231 4129
5232 4174
5233 4070
5234 4070
5235 4119
5236 4157
5237 4070
5238 4070
5239 4070
5240 4070
5241 4070
5242 4148
5243 4070
5244 4070
5245 4133
5246 4070
5247 4103
5248 4070
5249 4070
5250 4070
5251 4070
5252 4101
5253 4095
5254 4070
5255 4126
5256 4070
5257 4070
5258 4152
5259 4174
5260 4120
5261 4120
5262 4070
5263 4120
5264 4159
5265 4070
5266 4071
5267 4070
5268 4070
5269 4070
5270 4070
5271 4070
5272 4070
5273 4070
5274 4071
5275 4150
5276 4070
5277 4070
5278 4120
5279 4092
5280 4070
5281 4070
5282 4070
5283 4151
5284 4107
5285 4124
5286 4124
5287 4070
5288 4070
5289 4133
5290 4203
5291 4281
5292 4133
5293 4100
5294 4070
5295 4070
5296 4160
5297 4070
5298 4070
5299 4120
5300 4082
5301 4070
5302 4070
5303 4070
5304 4101
5305 4071
5306 4102
5307 4126
5308 4120
5309 4070
5310 4124
5311 4070
5312 4070
5313 4070
5314 4119
5315 4110
5316 4120
5317 4205
5318 4132
5319 4070
5320 4147
5321 4070
5322 4129
5323 4070
5324 4120
5325 4229
5326 4118
5327 4132
5328 4132
5329 4120
5330 4120
5331 4149
5332 4149
5333 4156
5334 4127
5335 4158
5336 4070
5337 4070
5338 4070
5339 4070
5340 4151
5341 4183
5342 4132
5343 4139
5344 4069
5345 4070
5346 4133
5347 4070
5348 4070
5349 4070
5350 4070
5351 4119
5352 4095
5353 4202
5354 4082
5355 4070
5356 4120
5357 4070
5358 4153
5359 4120
5360 4070
5361 4070
5362 4120
5363 4070
5364 4070
5365 4099
5366 4070
5367 4070
5368 4126
5369 4120
5370 4070
5371 4070
5372 4123
5373 4070
5374 4123
5375 4133
5376 4229
5377 4082
5378 4148
5379 4230
5380 4070
5381 4147
5382 4154
5383 4120
5384 4232
5385 4119
5386 4127
5387 4070
5388 4070
5389 4070
5390 4070
5391 4070
5392 4120
5393 4184
5394 4070
5395 4070
5396 4133
5397 4120
5398 4070
5399 4180
5400 4107
5401 4187
5402 4070
5403 4070
5404 4070
5405 4120
5406 4070
5407 4133
5408 4070
5409 4070
5410 4119
5411 4095
5412 4120
5413 4178
5414 4121
5415 4133
5416 4070
5417 4120
5418 4181
5419 4097
5420 4070
5421 4070
5422 4120
5423 4070
5424 4159
5425 4213
5426 4174
5427 4070
5428 4148
5429 4143
5430 4120
5431 4152
5432 4154
5433 4133
5434 4070
5435 4152
5436 4076
5437 4197
5438 4070
5439 4070
5440 4119
5441 4187
5442 4070
5443 4070
5444 4070
5445 4070
5446 4070
5447 4070
5448 4070
5449 4098
5450 4070
5451 4151
5452 4120
5453 4070
5454 4070
5455 4070
5456 4127
5457 4123
5458 4176
5459 4076
5460 4188
5461 4120
5462 4157
5463 4070
5464 4070
5465 4070
5466 4070
5467 4179
5468 4126
5469 4130
5470 4119
5471 4089
5472 4070
5473 4120
5474 4109
5475 4129
5476 4142
5477 4204
5478 4092
5479 4071
5480 4071
5481 4092
5482 4133
5483 4070
5484 4147
5485 4176
5486 4095
5487 4070
5488 4123
5489 4176
5490 4101
5491 4070
5492 4093
5493 4070
5494 4147
5495 4156
5496 4190
5497 4229
5498 4076
5499 4070
5500 4119
5501 4095
5502 4148
5503 4070
5504 4119
5505 4127
5506 4070
5507 4147
5508 4104
5509 4120
5510 4174
5511 4070
5512 4132
5513 4120
5514 4070
5515 4229
5516 4160
5517 4106
5518 4120
5519 4070
5520 4070
5521 4120
5522 4092
5523 4070
5524 4155
5525 4120
5526 4121
5527 4225
5528 4282
5529 4095
5530 4120
5531 4070
5532 4070
5533 4176
5534 4089
5535 4120
5536 4070
5537 4070
5538 4070
5539 4070
5540 4070
5541 4070
5542 4148
5543 4101
5544 4174
5545 4132
5546 4070
5547 4147
5548 4187
5549 4150
5550 4257
5551 4193
5552 4070
5553 4174
5554 4070
5555 4120
5556 4092
5557 4070
5558 4070
5559 4120
5560 4178
5561 4070
5562 4070
5563 4070
5564 4150
5565 4070
5566 4184
5567 4133
5568 4127
5569 4101
5570 4250
5571 4070
5572 4144
5573 4110
5574 4120
5575 4166
5576 4123
5577 4100
5578 4070
5579 4070
5580 4070
5581 4155
5582 4070
5583 4151
5584 4070
5585 4099
5586 4070
5587 4070
5588 4070
5589 4070
5590 4176
5591 4111
5592 4070
5593 4200
5594 4107
5595 4070
5596 4096
5597 4120
5598 4151
5599 4070
5600 4070
5601 4070
5602 4070
5603 4070
5604 4070
5605 4070
5606 4157
5607 4070
5608 4163
5609 4071
5610 4146
5611 4070
5612 4120
5613 4115
5614 4070
5615 4070
5616 4202
5617 4070
5618 4070
5619 4070
5620 4215
5621 4070
5622 4070
5623 4127
5624 4070
5625 4070
5626 4097
5627 4070
5628 4070
5629 4070
5630 4176
5631 4101
5632 4070
5633 4070
5634 4070
5635 4070
5636 4070
5637 4152
5638 4149
5639 4070
5640 4070
5641 4095
5642 4070
5643 4120
5644 4124
5645 4119
5646 4092
5647 4178
5648 4070
5649 4070
5650 4126
5651 4070
5652 4149
5653 4146
5654 4181
5655 4070
5656 4070
5657 4070
5658 4120
5659 4112
5660 4148
5661 4070
5662 4070
5663 4070
5664 4120
5665 4070
5666 4096
5667 4109
5668 4070
5669 4070
5670 4120
5671 4149
5672 4070
5673 4103
5674 4127
5675 4070
5676 4119
5677 4126
5678 4074
5679 4070
5680 4070
5681 4069
5682 4070
5683 4070
5684 4070
5685 4070
5686 4119
5687 4187
5688 4149
5689 4120
5690 4120
5691 4256
5692 4133
5693 4070
5694 4070
5695 4199
5696 4120
5697 4070
5698 4070
5699 4070
5700 4070
5701 4096
5702 4070
5703 4070
5704 4254
5705 4113
5706 4102
5707 4150
5708 4089
5709 4070
5710 4100
5711 4070
5712 4070
5713 4133
5714 4176
5715 4146
5716 4088
5717 4070
5718 4070
5719 4120
5720 4101
5721 4070
5722 4070
5723 4175
5724 4198
5725 4070
5726 4070
5727 4070
5728 4070
5729 4153
5730 4157
5731 4076
5732 4070
5733 4070
5734 4093
5735 4070
5736 4070
5737 4070
5738 4070
5739 4070
5740 4070
5741 4070
5742 4070
5743 4070
5744 4120
5745 4077
5746 4070
5747 4120
5748 4076
5749 4070
5750 4096
5751 4094
5752 4095
5753 4095
5754 4225
5755 4070
5756 4070
5757 4070
5758 4120
5759 4103
5760 4121
5761 4070
5762 4070
5763 4177
5764 4070
5765 4070
5766 4070
5767 4070
5768 4070
5769 4120
5770 4070
5771 4070
5772 4150
5773 4070
5774 4070
5775 4070
5776 4070
5777 4070
5778 4070
5779 4070
5780 4151
5781 4132
5782 4098
5783 4120
5784 4149
5785 4070
5786 4174
5787 4070
5788 4070
5789 4070
5790 4070
5791 4229
5792 4109
5793 4070
5794 4070
5795 4070
5796 4070
5797 4070
5798 4070
5799 4120
5800 4158
5801 4133
5802 4095
5803 4070
5804 4070
5805 4124
5806 4070
5807 4070
5808 4070
5809 4150
5810 4076
5811 4070
5812 4232
5813 4097
5814 4070
5815 4070
5816 4070
5817 4096
5818 4174
5819 4070
5820 4133
5821 4199
5822 4120
5823 4235
5824 4070
5825 4119
5826 4133
5827 4096
5828 4176
5829 4109
5830 4070
5831 4127
5832 4070
5833 4069
5834 4070
5835 4070
5836 4070
5837 4070
5838 4092
5839 4120
5840 4089
5841 4176
5842 4110
5843 4200
5844 4099
5845 4096
5846 4070
5847 4070
5848 4070
5849 4070
5850 4202
5851 4076
5852 4070
5853 4070
5854 4120
5855 4213
5856 4174
5857 4120
5858 4076
5859 4070
5860 4151
5861 4120
5862 4205
5863 4124
5864 4124
5865 4119
5866 4077
5867 4176
5868 4076
5869 4070
5870 4070
5871 4070
5872 4070
5873 4070
5874 4119
5875 4231
5876 4070
5877 4070
5878 4174
5879 4070
5880 4120
5881 4092
5882 4070
5883 4074
5884 4070
5885 4070
5886 4070
5887 4070
5888 4226
5889 4119
5890 4207
5891 4070
5892 4070
5893 4229
5894 4095
5895 4151
5896 4184
5897 4096
5898 4070
5899 4086
5900 4150
5901 4174
5902 4070
5903 4119
5904 4101
5905 4120
5906 4092
5907 4070
5908 4070
5909 4070
5910 4070
5911 4070
5912 4070
5913 4070
5914 4070
5915 4074
5916 4070
5917 4070
5918 4157
5919 4070
5920 4070
5921 4070
5922 4070
5923 4178
5924 4148
5925 4070
5926 4070
5927 4148
5928 4076
5929 4070
5930 4070
5931 4070
5932 4120
5933 4097
5934 4070
5935 4070
5936 4070
5937 4070
5938 4119
5939 4207
5940 4120
5941 4178
5942 4070
5943 4120
5944 4070
5945 4070
5946 4070
5947 4070
5948 4120
5949 4103
5950 4070
5951 4127
5952 4070
5953 4070
5954 4070
5955 4176
5956 4158
5957 4123
5958 4120
5959 4070
5960 4071
5961 4070
5962 4149
5963 4094
5964 4070
5965 4070
5966 4070
5967 4119
5968 4141
5969 4070
5970 4174
5971 4174
5972 4120
5973 4175
5974 4070
5975 4070
5976 4178
5977 4133
5978 4149
5979 4101
5980 4199
5981 4119
5982 4168
5983 4076
5984 4120
5985 4119
5986 4121
5987 4174
5988 4180
5989 4126
5990 4070
5991 4070
5992 4070
5993 4070
5994 4070
5995 4070
5996 4070
5997 4120
5998 4076
5999 4070
6000 4070
6001 4119
6002 4215
6003 4070
6004 4175
6005 4207
6006 4070
6007 4070
6008 4070
6009 4070
6010 4120
6011 4095
6012 4090
6013 4070
6014 4126
6015 4070
6016 4119
6017 4170
6018 4126
6019 4100
6020 4070
6021 4174
6022 4070
6023 4120
6024 4127
6025 4157
6026 4151
6027 4070
6028 4133
6029 4070
6030 4094
6031 4070
6032 4070
6033 4157
6034 4070
6035 4070
6036 4204
6037 4180
6038 4095
6039 4070
6040 4070
6041 4070
6042 4229
6043 4132
6044 4070
6045 4123
6046 4070
6047 4070
6048 4070
6049 4070
6050 4119
6051 4157
6052 4148
6053 4070
6054 4070
6055 4148
6056 4112
6057 4070
6058 4070
6059 4070
6060 4097
6061 4096
6062 4120
6063 4120
6064 4093
6065 4070
6066 4070
6067 4070
6068 4150
6069 4095
6070 4070
6071 4103
6072 4070
6073 4120
6074 4070
6075 4124
6076 4119
6077 4133
6078 4089
6079 4133
6080 4070
6081 4120
6082 4076
6083 4070
6084 4151
6085 4070
6086 4070
6087 4120
6088 4215
6089 4070
6090 4148
6091 4070
6092 4070
6093 4070
6094 4070
6095 4070
6096 4131
6097 4131
6098 4159
6099 4121
6100 4070
6101 4133
6102 4197
6103 4070
6104 4070
6105 4181
6106 4159
6107 4081
6108 4158
6109 4110
6110 4070
6111 4070
6112 4121
6113 4120
6114 4115
6115 4120
6116 4181
6117 4119
6118 4132
6119 4079
6120 4090
6121 4205
6122 4070
6123 4070
6124 4126
6125 4133
6126 4096
6127 4070
6128 4120
6129 4070
6130 4150
6131 4115
6132 4181
6133 4133
6134 4070
6135 4199
6136 4205
6137 4231
6138 4070
6139 4070
6140 4176
6141 4213
6142 4189
6143 4238
6144 4147
6145 4076
6146 4070
6147 4097
6148 4177
6149 4224
6150 4120
6151 4070
6152 4180
6153 4082
6154 4202
6155 4154
6156 4070
6157 4198
6158 4070
6159 4120
6160 4156
6161 4076
6162 4070
6163 4070
6164 4149
6165 4070
6166 4070
6167 4096
6168 4070
6169 4119
6170 4095
6171 4070
6172 4070
6173 4070
6174 4207
6175 4176
6176 4143
6177 4082
6178 4070
6179 4070
6180 4070
6181 4120
6182 4070
6183 4070
6184 4070
6185 4070
6186 4070
6187 4070
6188 4070
6189 4070
6190 4070
6191 4070
6192 4225
6193 4119
6194 4107
6195 4229
6196 4189
6197 4201
6198 4070
6199 4070
6200 4102
6201 4070
6202 4070
6203 4070
6204 4174
6205 4070
6206 4070
6207 4120
6208 4105
6209 4070
6210 4119
6211 4092
6212 4070
6213 4070
6214 4070
6215 4127
6216 4119
6217 4101
6218 4102
6219 4133
6220 4095
6221 4070
6222 4176
6223 4093
6224 4119
6225 4077
6226 4127
6227 4070
6228 4096
6229 4120
6230 4089
6231 4070
6232 4070
6233 4070
6234 4120
6235 4120
6236 4109
6237 4120
6238 4142
6239 4152
6240 4254
6241 4121
6242 4070
6243 4175
6244 4070
6245 4070
6246 4070
6247 4070
6248 4070
6249 4070
6250 4070
6251 4070
6252 4099
6253 4177
6254 4151
6255 4070
6256 4103
6257 4070
6258 4148
6259 4119
6260 4175
6261 4070
6262 4123
6263 4133
6264 4070
6265 4176
6266 4076
6267 4070
6268 4120
6269 4082
6270 4070
6271 4070
6272 4070
6273 4070
6274 4153
6275 4070
6276 4070
6277 4120
6278 4127
6279 4070
6280 4070
6281 4071
6282 4152
6283 4177
6284 4070
6285 4070
6286 4070
6287 4070
6288 4070
6289 4152
6290 4092
6291 4070
6292 4174
6293 4070
6294 4070
6295 4070
6296 4070
6297 4070
6298 4133
6299 4070
6300 4070
6301 4070
6302 4070
6303 4070
6304 4095
6305 4070
6306 4120
6307 4209
6308 4070
6309 4120
6310 4124
6311 4070
6312 4120
6313 4070
6314 4070
6315 4132
6316 4070
6317 4120
6318 4158
6319 4070
6320 4070
6321 4070
6322 4149
6323 4096
6324 4175
6325 4120
6326 4118
6327 4126
6328 4070
6329 4119
6330 4111
6331 4174
6332 4151
6333 4149
6334 4120
6335 4120
6336 4101
6337 4070
6338 4150
6339 4070
6340 4070
6341 4133
6342 4176
6343 4142
6344 4070
6345 4119
6346 4163
6347 4070
6348 4104
6349 4181
6350 4154
6351 4070
6352 4176
6353 4132
6354 4120
6355 4076
6356 4070
6357 4070
6358 4070
6359 4124
6360 4229
6361 4160
6362 4070
6363 4070
6364 4127
6365 4070
6366 4094
6367 4123
6368 4070
6369 4070
6370 4070
6371 4124
6372 4070
6373 4120
6374 4120
6375 4119
6376 4153
6377 4082
6378 4151
6379 4091
6380 4178
6381 4070
6382 4070
6383 4070
6384 4070
6385 4133
6386 4070
6387 4143
6388 4096
6389 4187
6390 4150
6391 4150
6392 4095
6393 4070
6394 4070
6395 4070
6396 4070
6397 4103
6398 4200
6399 4070
6400 4127
6401 4120
6402 4101
6403 4119
6404 4101
6405 4174
6406 4120
6407 4120
6408 4162
6409 4155
6410 4101
6411 4120
6412 4176
6413 4180
6414 4176
6415 4091
6416 4178
6417 4070
6418 4070
6419 4096
6420 4070
6421 4132
6422 4070
6423 4070
6424 4070
6425 4070
6426 4070
6427 4165
6428 4158
6429 4070
6430 4070
6431 4070
6432 4070
6433 4070
6434 4070
6435 4152
6436 4142
6437 4101
6438 4070
6439 4199
6440 4070
6441 4120
6442 4164
6443 4101
6444 4070
6445 4070
6446 4070
6447 4124
6448 4119
6449 4082
6450 4119
6451 4109
6452 4206
6453 4070
6454 4119
6455 4146
6456 4088
6457 4126
6458 4158
6459 4070
6460 4071
6461 4127
6462 4120
6463 4147
6464 4070
6465 4102
6466 4151
6467 4115
6468 4092
6469 4150
6470 4070
6471 4070
6472 4070
6473 4252
6474 4070
6475 4093
6476 4127
6477 4088
6478 4223
6479 4096
6480 4223
6481 4070
6482 4070
6483 4070
6484 4119
6485 4238
6486 4229
6487 4109
6488 4070
6489 4070
6490 4070
6491 4103
6492 4153
6493 4180
6494 4133
6495 4120
6496 4095
6497 4226
6498 4070
6499 4120
6500 4070
6501 4120
6502 4208
6503 4076
6504 4096
6505 4174
6506 4143
6507 4070
6508 4199
6509 4070
6510 4133
6511 4120
6512 4070
6513 4120
6514 4120
6515 4148
6516 4132
6517 4070
6518 4070
6519 4070
6520 4132
6521 4070
6522 4095
6523 4150
6524 4133
6525 4119
6526 4216
6527 4070
6528 4070
6529 4070
6530 4070
6531 4070
6532 4120
6533 4133
6534 4070
6535 4148
6536 4070
6537 4070
6538 4070
6539 4120
6540 4070
6541 4070
6542 4133
6543 4070
6544 4070
6545 4123
6546 4070
6547 4070
6548 4158
6549 4070
6550 4070
6551 4070
6552 4174
6553 4069
6554 4070
6555 4127
6556 4070
6557 4150
6558 4069
6559 4069
6560 4070
6561 4070
6562 4070
6563 4070
6564 4176
6565 4161
6566 4076
6567 4101
6568 4070
6569 4070
6570 4070
6571 4070
6572 4174
6573 4070
6574 4127
6575 4070
6576 4154
6577 4139
6578 4152
6579 4070
6580 4070
6581 4157
6582 4224
6583 4070
6584 4095
6585 4120
6586 4070
6587 4070
6588 4070
6589 4070
6590 4070
6591 4123
6592 4203
6593 4189
6594 4143
6595 4127
6596 4070
6597 4150
6598 4069
6599 4070
6600 4124
6601 4133
6602 4070
6603 4070
6604 4070
6605 4198
6606 4070
6607 4070
6608 4176
6609 4214
6610 4070
6611 4148
6612 4083
6613 4070
6614 4070
6615 4149
6616 4207
6617 4174
6618 4070
6619 4070
6620 4070
6621 4127
6622 4070
6623 4147
6624 4070
6625 4133
6626 4070
6627 4070
6628 4070
6629 4070
6630 4070
6631 4253
6632 4074
6633 4199
6634 4070
6635 4119
6636 4082
6637 4070
6638 4126
6639 4070
6640 4070
6641 4095
6642 4070
6643 4126
6644 4070
6645 4142
6646 4070
6647 4133
6648 4101
6649 4191
6650 4155
6651 4110
6652 4120
6653 4098
6654 4070
6655 4183
6656 4157
6657 4154
6658 4070
6659 4070
6660 4125
6661 4101
6662 4070
6663 4120
6664 4070
6665 4070
6666 4111
6667 4070
6668 4176
6669 4088
6670 4069
6671 4070
6672 4133
6673 4133
6674 4187
6675 4120
6676 4072
6677 4120
6678 4150
6679 4070
6680 4200
6681 4119
6682 4092
6683 4070
6684 4070
6685 4070
6686 4070
6687 4070
6688 4283
6689 4127
6690 4070
6691 4070
6692 4070
6693 4119
6694 4127
6695 4069
6696 4070
6697 4096
6698 4070
6699 4070
6700 4070
6701 4069
6702 4073
6703 4070
6704 4157
6705 4070
6706 4070
6707 4070
6708 4070
6709 4070
6710 4106
6711 4176
6712 4181
6713 4070
6714 4070
6715 4123
6716 4180
6717 4150
6718 4119
6719 4076
6720 4156
6721 4095
6722 4100
6723 4070
6724 4070
6725 4070
6726 4232
6727 4143
6728 4184
6729 4070
6730 4070
6731 4070
6732 4201
6733 4127
6734 4095
6735 4070
6736 4070
6737 4070
6738 4120
6739 4070
6740 4174
6741 4119
6742 4146
6743 4151
6744 4076
6745 4180
6746 4123
6747 4070
6748 4157
6749 4120
6750 4141
6751 4070
6752 4070
6753 4070
6754 4070
6755 4183
6756 4139
6757 4107
6758 4183
6759 4100
6760 4083
6761 4070
6762 4070
6763 4070
6764 4226
6765 4070
6766 4070
6767 4157
6768 4071
6769 4071
6770 4120
6771 4077
6772 4161
6773 4070
6774 4126
6775 4248
6776 4092
6777 4070
6778 4070
6779 4070
6780 4119
6781 4101
6782 4070
6783 4070
6784 4070
6785 4070
6786 4070
6787 4070
6788 4174
6789 4070
6790 4093
6791 4157
6792 4070
6793 4144
6794 4070
6795 4070
6796 4070
6797 4174
6798 4178
6799 4070
6800 4070
6801 4070
6802 4119
6803 4181
6804 4070
6805 4155
6806 4070
6807 4158
6808 4126
6809 4149
6810 4176
6811 4082
6812 4149
6813 4142
6814 4070
6815 4120
6816 4070
6817 4119
6818 4076
6819 4225
6820 4070
6821 4180
6822 4070
6823 4070
6824 4094
6825 4179
6826 4109
6827 4120
6828 4070
6829 4132
6830 4070
6831 4093
6832 4070
6833 4176
6834 4082
6835 4070
6836 4071
6837 4091
6838 4176
6839 4082
6840 4145
6841 4150
6842 4183
6843 4126
6844 4101
6845 4070
6846 4119
6847 4186
6848 4120
6849 4076
6850 4070
6851 4102
6852 4120
6853 4176
6854 4126
6855 4142
6856 4156
6857 4070
6858 4070
6859 4174
6860 4070
6861 4070
6862 4120
6863 4070
6864 4070
6865 4282
6866 4143
6867 4120
6868 4076
6869 4070
6870 4070
6871 4070
6872 4232
6873 4106
6874 4070
6875 4070
6876 4070
6877 4070
6878 4174
6879 4133
6880 4070
6881 4070
6882 4119
6883 4106
6884 4070
6885 4148
6886 4115
6887 4070
6888 4139
6889 4159
6890 4094
6891 4070
6892 4070
6893 4070
6894 4152
6895 4101
6896 4070
6897 4148
6898 4132
6899 4070
6900 4207
6901 4070
6902 4070
6903 4070
6904 4148
6905 4116
6906 4174
6907 4074
6908 4070
6909 4070
6910 4120
6911 4101
6912 4150
6913 4101
6914 4146
6915 4184
6916 4133
6917 4070
6918 4070
6919 4070
6920 4102
6921 4120
6922 4070
6923 4174
6924 4070
6925 4070
6926 4070
6927 4070
6928 4109
6929 4120
6930 4070
6931 4203
6932 4232
6933 4070
6934 4070
6935 4070
6936 4149
6937 4100
6938 4148
6939 4074
6940 4120
6941 4115
6942 4070
6943 4070
6944 4070
6945 4070
6946 4070
6947 4070
6948 4069
6949 4070
6950 4070
6951 4070
6952 4120
6953 4092
6954 4070
6955 4119
6956 4127
6957 4176
6958 4211
6959 4070
6960 4070
6961 4070
6962 4070
6963 4180
6964 4070
6965 4070
6966 4151
6967 4070
6968 4070
6969 4070
6970 4144
6971 4132
6972 4178
6973 4070
6974 4199
6975 4097
6976 4102
6977 4070
6978 4102
6979 4070
6980 4126
6981 4069
6982 4070
6983 4187
6984 4148
6985 4120
6986 4115
6987 4070
6988 4070
6989 4070
6990 4070
6991 4070
6992 4070
6993 4179
6994 4082
6995 4070
6996 4180
6997 4070
6998 4070
6999 4225
7000 4120
7001 4070
7002 4070
7003 4070
7004 4070
7005 4070
7006 4070
7007 4151
7008 4142
7009 4070
7010 4070
7011 4070
7012 4070
7013 4070
7014 4151
7015 4151
7016 4130
7017 4070
7018 4148
7019 4123
7020 4070
7021 4070
7022 4070
7023 4127
7024 4200
7025 4070
7026 4070
7027 4070
7028 4100
7029 4123
7030 4198
7031 4070
7032 4070
7033 4070
7034 4184
7035 4070
7036 4180
7037 4070
7038 4070
7039 4070
7040 4070
7041 4197
7042 4127
7043 4147
7044 4183
7045 4157
7046 4127
7047 4070
7048 4124
7049 4070
7050 4096
7051 4224
7052 4151
7053 4174
7054 4201
7055 4120
7056 4092
7057 4174
7058 4070
7059 4149
7060 4149
7061 4126
7062 4070
7063 4123
7064 4133
7065 4158
7066 4070
7067 4231
7068 4153
7069 4070
7070 4070
7071 4070
7072 4120
7073 4071
7074 4070
7075 4069
7076 4070
7077 4204
7078 4133
7079 4236
7080 4092
7081 4070
7082 4070
7083 4070
7084 4198
7085 4175
7086 4114
7087 4123
7088 4070
7089 4119
7090 4207
7091 4070
7092 4174
7093 4070
7094 4176
7095 4149
7096 4120
7097 4070
7098 4070
7099 4089
7100 4103
7101 4070
7102 4070
7103 4120
7104 4120
7105 4160
7106 4123
7107 4069
7108 4174
7109 4150
7110 4095
7111 4070
7112 4126
7113 4133
7114 4102
7115 4230
7116 4132
7117 4070
7118 4069
7119 4120
7120 4143
7121 4146
7122 4120
7123 4070
7124 4070
7125 4070
7126 4120
7127 4070
7128 4070
7129 4229
7130 4092
7131 4070
7132 4070
7133 4103
7134 4070
7135 4070
7136 4100
7137 4070
7138 4198
7139 4070
7140 4147
7141 4070
7142 4120
7143 4121
7144 4097
7145 4097
7146 4070
7147 4153
7148 4070
7149 4097
7150 4127
7151 4070
7152 4120
7153 4097
7154 4070
7155 4120
7156 4187
7157 4070
7158 4070
7159 4070
7160 4070
7161 4070
7162 4070
7163 4070
7164 4152
7165 4180
7166 4070
7167 4119
7168 4157
7169 4149
7170 4225
7171 4070
7172 4120
7173 4070
7174 4070
7175 4070
7176 4126
7177 4070
7178 4119
7179 4076
7180 4120
7181 4076
7182 4070
7183 4070
7184 4070
7185 4070
7186 4070
7187 4070
7188 4070
7189 4070
7190 4120
7191 4126
7192 4120
7193 4249
7194 4129
7195 4082
7196 4070
7197 4070
7198 4120
7199 4082
7200 4070
7201 4070
7202 4070
7203 4070
7204 4150
7205 4163
7206 4138
7207 4070
7208 4126
7209 4070
7210 4150
7211 4176
7212 4181
7213 4070
7214 4107
7215 4070
7216 4103
7217 4070
7218 4101
7219 4120
7220 4193
7221 4076
7222 4102
7223 4229
7224 4107
7225 4070
7226 4123
7227 4070
7228 4070
7229 4070
7230 4126
7231 4070
7232 4070
7233 4070
7234 4070
7235 4070
7236 4071
7237 4150
7238 4070
7239 4070
7240 4070
7241 4184
7242 4070
7243 4070
7244 4070
7245 4070
7246 4124
7247 4126
7248 4070
7249 4104
7250 4070
7251 4070
7252 4094
7253 4070
7254 4070
7255 4070
7256 4070
7257 4149
7258 4157
7259 4070
7260 4178
7261 4095
7262 4070
7263 4070
7264 4070
7265 4092
7266 4120
7267 4231
7268 4070
7269 4070
7270 4176
7271 4182
7272 4070
7273 4070
7274 4132
7275 4070
7276 4120
7277 4070
7278 4070
7279 4070
7280 4070
7281 4070
7282 4070
7283 4070
7284 4070
7285 4157
7286 4070
7287 4070
7288 4070
7289 4070
7290 4070
7291 4070
7292 4120
7293 4126
7294 4070
7295 4070
7296 4070
7297 4100
7298 4119
7299 4214
7300 4106
7301 4201
7302 4132
7303 4109
7304 4070
7305 4120
7306 4130
7307 4120
7308 4070
7309 4070
7310 4070
7311 4070
7312 4119
7313 4231
7314 4070
7315 4070
7316 4070
7317 4070
7318 4070
7319 4151
7320 4142
7321 4070
7322 4070
7323 4151
7324 4164
7325 4148
7326 4121
7327 4070
7328 4070
7329 4120
7330 4151
7331 4120
7332 4071
7333 4070
7334 4070
7335 4070
7336 4120
7337 4104
7338 4150
7339 4070
7340 4070
7341 4070
7342 4070
7343 4070
7344 4120
7345 4070
7346 4070
7347 4098
7348 4121
7349 4126
7350 4070
7351 4094
7352 4070
7353 4119
7354 4126
7355 4070
7356 4070
7357 4070
7358 4070
7359 4070
7360 4070
7361 4070
7362 4070
7363 4176
7364 4231
7365 4120
7366 4101
7367 4070
7368 4070
7369 4070
7370 4070
7371 4070
7372 4149
7373 4176
7374 4106
7375 4070
7376 4102
7377 4180
7378 4076
7379 4126
7380 4119
7381 4127
7382 4070
7383 4070
7384 4070
7385 4070
7386 4070
7387 4070
7388 4070
7389 4070
7390 4127
7391 4070
7392 4070
7393 4225
7394 4129
7395 4070
7396 4153
7397 4113
7398 4174
7399 4176
7400 4143
7401 4133
7402 4120
7403 4094
7404 4120
7405 4180
7406 4070
7407 4070
7408 4070
7409 4070
7410 4070
7411 4093
7412 4070
7413 4149
7414 4070
7415 4178
7416 4148
7417 4070
7418 4119
7419 4208
7420 4120
7421 4106
7422 4119
7423 4101
7424 4070
7425 4070
7426 4159
7427 4070
7428 4070
7429 4070
7430 4071
7431 4097
7432 4120
7433 4070
7434 4149
7435 4226
7436 4198
7437 4070
7438 4120
7439 4250
7440 4120
7441 4070
7442 4070
7443 4070
7444 4070
7445 4070
7446 4070
7447 4070
7448 4070
7449 4070
7450 4070
7451 4105
7452 4070
7453 4070
7454 4151
7455 4070
7456 4070
7457 4070
7458 4157
7459 4070
7460 4070
7461 4070
7462 4070
7463 4070
7464 4120
7465 4082
7466 4070
7467 4070
7468 4070
7469 4070
7470 4070
7471 4070
7472 4070
7473 4069
7474 4096
7475 4070
7476 4147
7477 4078
7478 4248
7479 4238
7480 4177
7481 4128
7482 4070
7483 4127
7484 4176
7485 4082
7486 4070
7487 4070
7488 4148
7489 4070
7490 4070
7491 4120
7492 4180
7493 4119
7494 4143
7495 4174
7496 4070
7497 4070
7498 4151
7499 4076
7500 4070
7501 4127
7502 4070
7503 4145
7504 4070
7505 4069
7506 4070
7507 4119
7508 4181
7509 4120
7510 4070
7511 4181
7512 4155
7513 4205
7514 4160
7515 4070
7516 4124
7517 4070
7518 4070
7519 4148
7520 4070
7521 4098
7522 4187
7523 4124
7524 4070
7525 4070
7526 4070
7527 4070
7528 4103
7529 4132
7530 4070
7531 4070
7532 4120
7533 4229
7534 4111
7535 4070
7536 4093
7537 4120
7538 4070
7539 4123
7540 4096
7541 4120
7542 4120
7543 4231
7544 4149
7545 4070
7546 4070
7547 4070
7548 4133
7549 4119
7550 4089
7551 4093
7552 4070
7553 4126
7554 4126
7555 4183
7556 4101
7557 4149
7558 4120
7559 4120
7560 4208
7561 4126
7562 4070
7563 4070
7564 4070
7565 4070
7566 4070
7567 4159
7568 4120
7569 4229
7570 4155
7571 4093
7572 4157
7573 4070
7574 4070
7575 4070
7576 4222
7577 4070
7578 4070
7579 4070
7580 4070
7581 4070
7582 4070
7583 4119
7584 4127
7585 4082
7586 4133
7587 4120
7588 4179
7589 4092
7590 4133
7591 4251
7592 4120
7593 4070
7594 4070
7595 4070
7596 4070
7597 4070
7598 4070
7599 4133
7600 4187
7601 4070
7602 4070
7603 4120
7604 4076
7605 4070
7606 4070
7607 4200
7608 4070
7609 4149
7610 4282
7611 4076
7612 4102
7613 4070
7614 4180
7615 4070
7616 4176
7617 4218
7618 4212
7619 4126
7620 4146
7621 4100
7622 4070
7623 4127
7624 4070
7625 4095
7626 4070
7627 4070
7628 4070
7629 4070
7630 4069
7631 4070
7632 4102
7633 4070
7634 4119
7635 4143
7636 4120
7637 4070
7638 4070
7639 4157
7640 4070
7641 4070
7642 4069
7643 4070
7644 4209
7645 4076
7646 4097
7647 4070
7648 4093
7649 4150
7650 4154
7651 4088
7652 4070
7653 4070
7654 4200
7655 4174
7656 4104
7657 4070
7658 4070
7659 4070
7660 4070
7661 4119
7662 4126
7663 4070
7664 4070
7665 4070
7666 4070
7667 4102
7668 4070
7669 4069
7670 4070
7671 4133
7672 4105
7673 4070
7674 4149
7675 4120
7676 4229
7677 4082
7678 4070
7679 4070
7680 4120
7681 4070
7682 4070
7683 4174
7684 4099
7685 4070
7686 4070
7687 4070
7688 4070
7689 4070
7690 4174
7691 4120
7692 4070
7693 4070
7694 4120
7695 4070
7696 4119
7697 4101
7698 4070
7699 4150
7700 4120
7701 4070
7702 4147
7703 4070
7704 4151
7705 4094
7706 4070
7707 4096
7708 4120
7709 4174
7710 4120
7711 4070
7712 4132
7713 4174
7714 4070
7715 4070
7716 4129
7717 4177
7718 4070
7719 4070
7720 4119
7721 4127
7722 4139
7723 4146
7724 4174
7725 4070
7726 4074
7727 4070
7728 4070
7729 4070
7730 4070
7731 4070
7732 4120
7733 4070
7734 4070
7735 4070
7736 4070
7737 4124
7738 4070
7739 4070
7740 4070
7741 4124
7742 4070
7743 4177
7744 4070
7745 4119
7746 4139
7747 4106
7748 4123
7749 4069
7750 4070
7751 4119
7752 4076
7753 4120
7754 4070
7755 4142
7756 4103
7757 4177
7758 4070
7759 4104
7760 4070
7761 4070
7762 4070
7763 4180
7764 4097
7765 4070
7766 4120
7767 4119
7768 4095
7769 4070
7770 4097
7771 4148
7772 4070
7773 4070
7774 4198
7775 4120
7776 4070
7777 4070
7778 4148
7779 4070
7780 4070
7781 4199
7782 4070
7783 4070
7784 4127
7785 4070
7786 4069
7787 4070
7788 4174
7789 4120
7790 4070
7791 4120
7792 4189
7793 4139
7794 4070
7795 4070
7796 4151
7797 4156
7798 4110
7799 4120
7800 4070
7801 4070
7802 4070
7803 4174
7804 4069
7805 4187
7806 4123
7807 4187
7808 4252
7809 4082
7810 4120
7811 4070
7812 4070
7813 4070
7814 4070
7815 4070
7816 4070
7817 4093
7818 4161
7819 4150
7820 4148
7821 4201
7822 4069
7823 4097
7824 4149
7825 4123
7826 4070
7827 4070
7828 4119
7829 4092
7830 4070
7831 4132
7832 4174
7833 4070
7834 4070
7835 4095
7836 4179
7837 4091
7838 4126
7839 4070
7840 4070
7841 4177
7842 4070
7843 4124
7844 4119
7845 4189
7846 4088
7847 4070
7848 4151
7849 4092
7850 4152
7851 4163
7852 4176
7853 4187
7854 4198
7855 4249
7856 4070
7857 4070
7858 4176
7859 4076
7860 4070
7861 4104
7862 4120
7863 4126
7864 4070
7865 4070
7866 4093
7867 4119
7868 4100
7869 4120
7870 4119
7871 4082
7872 4070
7873 4092
7874 4120
7875 4070
7876 4071
7877 4070
7878 4070
7879 4070
7880 4070
7881 4070
7882 4070
7883 4120
7884 4181
7885 4070
7886 4120
7887 4070
7888 4070
7889 4175
7890 4069
7891 4070
7892 4119
7893 4205
7894 4120
7895 4095
7896 4070
7897 4123
7898 4070
7899 4132
7900 4147
7901 4132
7902 4082
7903 4069
7904 4142
7905 4120
7906 4120
7907 4070
7908 4070
7909 4070
7910 4120
7911 4070
7912 4120
7913 4147
7914 4069
7915 4070
7916 4148
7917 4082
7918 4071
7919 4070
7920 4120
7921 4225
7922 4070
7923 4070
7924 4120
7925 4126
7926 4073
7927 4093
7928 4120
7929 4070
7930 4102
7931 4123
7932 4070
7933 4180
7934 4148
7935 4082
7936 4070
7937 4106
7938 4120
7939 4070
7940 4174
7941 4120
7942 4206
7943 4163
7944 4070
7945 4103
7946 4120
7947 4127
7948 4174
7949 4206
7950 4165
7951 4069
7952 4102
7953 4150
7954 4070
7955 4070
7956 4100
7957 4130
7958 4070
7959 4205
7960 4092
7961 4142
7962 4182
7963 4203
7964 4070
7965 4070
7966 4070
7967 4097
7968 4070
7969 4097
7970 4070
7971 4101
7972 4095
7973 4070
7974 4123
7975 4070
7976 4122
7977 4147
7978 4133
7979 4070
7980 4070
7981 4070
7982 4070
7983 4119
7984 4089
7985 4070
7986 4070
7987 4174
7988 4070
7989 4070
7990 4070
7991 4070
7992 4133
7993 4120
7994 4143
7995 4070
7996 4070
7997 4120
7998 4180
7999 4096
8000 4120
8001 4150
8002 4070
8003 4174
8004 4070
8005 4119
8006 4236
8007 4191
8008 4100
8009 4094
8010 4070
8011 4070
8012 4120
8013 4147
8014 4148
8015 4151
8016 4154
8017 4070
8018 4158
8019 4070
8020 4156
8021 4237
8022 4145
8023 4176
8024 4156
8025 4082
8026 4070
8027 4100
8028 4069
8029 4176
8030 4076
8031 4070
8032 4120
8033 4101
8034 4069
8035 4070
8036 4124
8037 4093
8038 4147
8039 4147
8040 4070
8041 4119
8042 4189
8043 4130
8044 4119
8045 4161
8046 4070
8047 4119
8048 4133
8049 4228
8050 4148
8051 4070
8052 4070
8053 4152
8054 4076
8055 4070
8056 4070
8057 4148
8058 4201
8059 4142
8060 4120
8061 4120
8062 4097
8063 4120
8064 4174
8065 4229
8066 4168
8067 4076
8068 4174
8069 4096
8070 4094
8071 4070
8072 4119
8073 4163
8074 4282
8075 4148
8076 4133
8077 4124
8078 4070
8079 4174
8080 4198
8081 4070
8082 4119
8083 4101
8084 4070
8085 4123
8086 4069
8087 4126
8088 4129
8089 4073
8090 4176
8091 4082
8092 4149
8093 4258
8094 4183
8095 4101
8096 4156
8097 4069
8098 4101
8099 4183
8100 4082
8101 4069
8102 4120
8103 4070
8104 4069
8105 4071
8106 4070
8107 4070
8108 4070
8109 4127
8110 4070
8111 4070
8112 4152
8113 4082
8114 4070
8115 4093
8116 4070
8117 4070
8118 4150
8119 4069
8120 4133
8121 4157
8122 4070
8123 4070
8124 4198
8125 4174
8126 4158
8127 4070
8128 4258
8129 4115
8130 4070
8131 4069
8132 4120
8133 4176
8134 4207
8135 4120
8136 4073
8137 4070
8138 4069
8139 4120
8140 4070
8141 4120
8142 4070
8143 4119
8144 4089
8145 4127
8146 4198
8147 4123
8148 4229
8149 4082
8150 4102
8151 4070
8152 4070
8153 4174
8154 4184
8155 4120
8156 4070
8157 4070
8158 4148
8159 4143
8160 4102
8161 4126
8162 4179
8163 4106
8164 4070
8165 4070
8166 4093
8167 4120
8168 4108
8169 4139
8170 4082
8171 4212
8172 4115
8173 4070
8174 4070
8175 4120
8176 4070
8177 4119
8178 4092
8179 4069
8180 4070
8181 4201
8182 4082
8183 4070
8184 4147
8185 4088
8186 4126
8187 4070
8188 4224
8189 4147
8190 4174
8191 4124
8192 4070
8193 4070
8194 4097
8195 4119
8196 4082
8197 4069
8198 4070
8199 4119
8200 4115
8201 4120
8202 4143
8203 4070
8204 4093
8205 4175
8206 4070
8207 4070
8208 4119
8209 4095
8210 4070
8211 4229
8212 4201
8213 4132
8214 4200
8215 4070
8216 4119
8217 4082
8218 4126
8219 4154
8220 4142
8221 4147
8222 4070
8223 4129
8224 4119
8225 4082
8226 4069
8227 4149
8228 4070
8229 4069
8230 4070
8231 4102
8232 4151
8233 4149
8234 4156
8235 4070
8236 4070
8237 4149
8238 4070
8239 4120
8240 4070
8241 4070
8242 4096
8243 4097
8244 4120
8245 4120
8246 4070
8247 4091
8248 4198
8249 4261
8250 4147
8251 4106
8252 4175
8253 4070
8254 4224
8255 4176
8256 4126
8257 4070
8258 4120
8259 4070
8260 4103
8261 4120
8262 4076
8263 4070
8264 4120
8265 4118
8266 4070
8267 4119
8268 4205
8269 4070
8270 4204
8271 4070
8272 4070
8273 4098
8274 4070
8275 4070
8276 4070
8277 4070
8278 4120
8279 4101
8280 4070
8281 4174
8282 4070
8283 4123
8284 4120
8285 4124
8286 4070
8287 4070
8288 4070
8289 4158
8290 4146
8291 4101
8292 4120
8293 4126
8294 4143
8295 4070
8296 4070
8297 4070
8298 4070
8299 4126
8300 4070
8301 4070
8302 4151
8303 4132
8304 4103
8305 4070
8306 4151
8307 4142
8308 4174
8309 4070
8310 4095
8311 4154
8312 4152
8313 4076
8314 4070
8315 4070
8316 4070
8317 4070
8318 4070
8319 4070
8320 4102
8321 4196
8322 4086
8323 4109
8324 4151
8325 4105
8326 4126
8327 4150
8328 4126
8329 4133
8330 4076
8331 4229
8332 4091
8333 4069
8334 4070
8335 4158
8336 4070
8337 4070
8338 4070
8339 4070
8340 4119
8341 4076
8342 4178
8343 4070
8344 4070
8345 4152
8346 4070
8347 4186
8348 4121
8349 4070
8350 4070
8351 4146
8352 4070
8353 4119
8354 4103
8355 4120
8356 4070
8357 4119
8358 4112
8359 4070
8360 4158
8361 4123
8362 4070
8363 4070
8364 4070
8365 4150
8366 4082
8367 4176
8368 4126
8369 4070
8370 4070
8371 4224
8372 4185
8373 4070
8374 4147
8375 4132
8376 4099
8377 4070
8378 4070
8379 4180
8380 4159
8381 4070
8382 4120
8383 4211
8384 4095
8385 4149
8386 4070
8387 4070
8388 4124
8389 4070
8390 4097
8391 4070
8392 4120
8393 4070
8394 4250
8395 4158
8396 4069
8397 4070
8398 4120
8399 4109
8400 4070
8401 4070
8402 4070
8403 4119
8404 4187
8405 4070
8406 4249
8407 4070
8408 4120
8409 4076
8410 4152
8411 4133
8412 4106
8413 4070
8414 4120
8415 4101
8416 4070
8417 4161
8418 4177
8419 4070
8420 4119
8421 4126
8422 4070
8423 4181
8424 4205
8425 4070
8426 4070
8427 4150
8428 4070
8429 4149
8430 4157
8431 4070
8432 4070
8433 4070
8434 4202
8435 4112
8436 4070
8437 4070
8438 4070
8439 4070
8440 4070
8441 4070
8442 4120
8443 4102
8444 4070
8445 4071
8446 4069
8447 4145
8448 4126
8449 4070
8450 4120
8451 4083
8452 4070
8453 4070
8454 4120
8455 4070
8456 4070
8457 4069
8458 4120
8459 4088
8460 4071
8461 4095
8462 4107
8463 4070
8464 4070
8465 4070
8466 4070
8467 4157
8468 4070
8469 4152
8470 4070
8471 4070
8472 4119
8473 4150
8474 4070
8475 4075
8476 4072
8477 4088
8478 4081
8479 4103
8480 4176
8481 4231
8482 4070
8483 4070
8484 4180
8485 4070
8486 4070
8487 4070
8488 4070
8489 4127
8490 4208
8491 4119
8492 4283
8493 4225
8494 4174
8495 4120
8496 4225
8497 4119
8498 4089
8499 4206
8500 4232
8501 4070
8502 4148
8503 4070
8504 4070
8505 4070
8506 4157
8507 4070
8508 4070
8509 4157
8510 4120
8511 4070
8512 4070
8513 4174
8514 4200
8515 4120
8516 4070
8517 4070
8518 4182
8519 4236
8520 4082
8521 4155
8522 4070
8523 4148
8524 4071
8525 4070
8526 4070
8527 4070
8528 4176
8529 4132
8530 4100
8531 4070
8532 4070
8533 4070
8534 4070
8535 4132
8536 4133
8537 4149
8538 4070
8539 4070
8540 4070
8541 4070
8542 4070
8543 4224
8544 4148
8545 4080
8546 4070
8547 4070
8548 4070
8549 4106
8550 4120
8551 4070
8552 4180
8553 4070
8554 4070
8555 4070
8556 4070
8557 4201
8558 4120
8559 4096
8560 4120
8561 4139
8562 4070
8563 4070
8564 4104
8565 4120
8566 4076
8567 4071
8568 4070
8569 4070
8570 4070
8571 4070
8572 4070
8573 4070
8574 4070
8575 4070
8576 4070
8577 4075
8578 4070
8579 4070
8580 4133
8581 4070
8582 4070
8583 4160
8584 4175
8585 4070
8586 4119
8587 4114
8588 4070
8589 4069
8590 4070
8591 4070
8592 4070
8593 4120
8594 4126
8595 4070
8596 4070
8597 4070
8598 4070
8599 4070
8600 4070
8601 4127
8602 4282
8603 4183
8604 4189
8605 4076
8606 4070
8607 4070
8608 4096
8609 4070
8610 4198
8611 4070
8612 4150
8613 4095
8614 4208
8615 4120
8616 4120
8617 4132
8618 4070
8619 4120
8620 4076
8621 4070
8622 4071
8623 4070
8624 4094
8625 4070
8626 4151
8627 4149
8628 4070
8629 4070
8630 4070
8631 4070
8632 4070
8633 4070
8634 4100
8635 4153
8636 4164
8637 4257
8638 4101
8639 4070
8640 4204
8641 4082
8642 4100
8643 4070
8644 4070
8645 4070
8646 4070
8647 4070
8648 4133
8649 4174
8650 4070
8651 4178
8652 4132
8653 4070
8654 4157
8655 4070
8656 4070
8657 4070
8658 4070
8659 4070
8660 4071
8661 4123
8662 4070
8663 4119
8664 4183
8665 4101
8666 4187
8667 4075
8668 4070
8669 4119
8670 4143
8671 4156
8672 4070
8673 4070
8674 4149
8675 4157
8676 4232
8677 4070
8678 4093
8679 4071
8680 4125
8681 4070
8682 4120
8683 4120
8684 4177
8685 4101
8686 4070
8687 4070
8688 4070
8689 4124
8690 4070
8691 4070
8692 4070
8693 4070
8694 4095
8695 4124
8696 4070
8697 4119
8698 4216
8699 4157
8700 4147
8701 4070
8702 4070
8703 4070
8704 4070
8705 4174
8706 4119
8707 4095
8708 4070
8709 4070
8710 4120
8711 4070
8712 4070
8713 4070
8714 4070
8715 4204
8716 4076
8717 4179
8718 4076
8719 4070
8720 4070
8721 4151
8722 4092
8723 4070
8724 4070
8725 4123
8726 4152
8727 4119
8728 4161
8729 4070
8730 4070
8731 4127
8732 4254
8733 4209
8734 4095
8735 4106
8736 4070
8737 4176
8738 4146
8739 4070
8740 4070
8741 4163
8742 4070
8743 4119
8744 4116
8745 4070
8746 4119
8747 4095
8748 4070
8749 4157
8750 4073
8751 4174
8752 4070
8753 4094
8754 4070
8755 4070
8756 4070
8757 4071
8758 4101
8759 4070
8760 4204
8761 4101
8762 4070
8763 4070
8764 4070
8765 4070
8766 4070
8767 4070
8768 4120
8769 4161
8770 4071
8771 4070
8772 4157
8773 4176
8774 4113
8775 4120
8776 4128
8777 4070
8778 4120
8779 4070
8780 4070
8781 4070
8782 4148
8783 4070
8784 4070
8785 4070
8786 4070
8787 4154
8788 4204
8789 4183
8790 4142
8791 4105
8792 4070
8793 4070
8794 4070
8795 4070
8796 4099
8797 4201
8798 4103
8799 4120
8800 4089
8801 4182
8802 4070
8803 4070
8804 4069
8805 4070
8806 4070
8807 4070
8808 4070
8809 4070
8810 4070
8811 4070
8812 4070
8813 4176
8814 4088
8815 4070
8816 4070
8817 4249
8818 4070
8819 4070
8820 4070
8821 4120
8822 4127
8823 4070
8824 4070
8825 4070
8826 4156
8827 4125
8828 4070
8829 4070
8830 4155
8831 4070
8832 4120
8833 4127
8834 4126
8835 4070
8836 4174
8837 4070
8838 4176
8839 4157
8840 4076
8841 4070
8842 4126
8843 4070
8844 4103
8845 4070
8846 4094
8847 4090
8848 4069
8849 4070
8850 4070
8851 4104
8852 4150
8853 4120
8854 4189
8855 4101
8856 4123
8857 4070
8858 4228
8859 4174
8860 4199
8861 4119
8862 4076
8863 4161
8864 4123
8865 4070
8866 4070
8867 4070
8868 4070
8869 4186
8870 4189
8871 4092
8872 4095
8873 4202
8874 4070
8875 4070
8876 4070
8877 4198
8878 4147
8879 4070
8880 4198
8881 4070
8882 4151
8883 4088
8884 4133
8885 4123
8886 4070
8887 4070
8888 4070
8889 4094
8890 4120
8891 4070
8892 4070
8893 4120
8894 4070
8895 4070
8896 4070
8897 4070
8898 4070
8899 4071
8900 4120
8901 4070
8902 4070
8903 4070
8904 4070
8905 4070
8906 4070
8907 4120
8908 4096
8909 4127
8910 4123
8911 4070
8912 4120
8913 4213
8914 4143
8915 4157
8916 4070
8917 4094
8918 4176
8919 4236
8920 4143
8921 4070
8922 4070
8923 4070
8924 4120
8925 4119
8926 4082
8927 4070
8928 4200
8929 4115
8930 4070
8931 4120
8932 4070
8933 4070
8934 4070
8935 4070
8936 4070
8937 4120
8938 4101
8939 4070
8940 4070
8941 4070
8942 4133
8943 4157
8944 4070
8945 4174
8946 4119
8947 4101
8948 4070
8949 4070
8950 4070
8951 4070
8952 4070
8953 4069
8954 4070
8955 4148
8956 4070
8957 4070
8958 4070
8959 4070
8960 4070
8961 4070
8962 4070
8963 4070
8964 4070
8965 4070
8966 4070
8967 4070
8968 4070
8969 4119
8970 4108
8971 4070
8972 4070
8973 4070
8974 4151
8975 4069
8976 4070
8977 4119
8978 4092
8979 4070
8980 4120
8981 4109
8982 4070
8983 4070
8984 4126
8985 4070
8986 4070
8987 4132
8988 4127
8989 4070
8990 4070
8991 4102
8992 4070
8993 4119
8994 4132
8995 4070
8996 4070
8997 4151
8998 4149
8999 4175
9000 4070
9001 4119
9002 4189
9003 4082
9004 4070
9005 4069
9006 4070
9007 4120
9008 4070
9009 4127
9010 4070
9011 4177
9012 4070
9013 4070
9014 4096
9015 4143
9016 4204
9017 4101
9018 4120
9019 4092
9020 4070
9021 4070
9022 4070
9023 4100
9024 4070
9025 4070
9026 4070
9027 4120
9028 4147
9029 4070
9030 4070
9031 4120
9032 4119
9033 4076
9034 4070
9035 4201
9036 4070
9037 4070
9038 4208
9039 4127
9040 4070
9041 4186
9042 4152
9043 4070
9044 4176
9045 4115
9046 4123
9047 4070
9048 4070
9049 4120
9050 4070
9051 4070
9052 4143
9053 4070
9054 4070
9055 4119
9056 4082
9057 4151
9058 4070
9059 4120
9060 4183
9061 4088
9062 4070
9063 4070
9064 4070
9065 4070
9066 4070
9067 4176
9068 4100
9069 4127
9070 4101
9071 4070
9072 4070
9073 4070
9074 4173
9075 4166
9076 4071
9077 4070
9078 4176
9079 4102
9080 4120
9081 4093
9082 4070
9083 4096
9084 4120
9085 4070
9086 4070
9087 4070
9088 4070
9089 4070
9090 4070
9091 4070
9092 4070
9093 4070
9094 4070
9095 4070
9096 4180
9097 4070
9098 4070
9099 4070
9100 4151
9101 4070
9102 4176
9103 4132
9104 4142
9105 4070
9106 4174
9107 4119
9108 4168
9109 4180
9110 4120
9111 4133
9112 4120
9113 4120
9114 4092
9115 4133
9116 4129
9117 4229
9118 4116
9119 4127
9120 4070
9121 4098
9122 4180
9123 4070
9124 4127
9125 4231
9126 4151
9127 4089
9128 4161
9129 4200
9130 4070
9131 4120
9132 4138
9133 4120
9134 4070
9135 4070
9136 4176
9137 4106
9138 4070
9139 4070
9140 4102
9141 4199
9142 4183
9143 4170
9144 4149
9145 4096
9146 4093
9147 4120
9148 4158
9149 4120
9150 4070
9151 4070
9152 4070
9153 4070
9154 4123
9155 4203
9156 4133
9157 4070
9158 4123
9159 4120
9160 4087
9161 4071
9162 4181
9163 4133
9164 4162
9165 4120
9166 4070
9167 4070
9168 4120
9169 4176
9170 4143
9171 4120
9172 4070
9173 4070
9174 4204
9175 4106
9176 4145
9177 4070
9178 4070
9179 4070
9180 4158
9181 4149
9182 4150
9183 4076
9184 4070
9185 4070
9186 4070
9187 4070
9188 4070
9189 4124
9190 4275
9191 4071
9192 4165
9193 4070
9194 4070
9195 4070
9196 4070
9197 4070
9198 4070
9199 4102
9200 4070
9201 4070
9202 4150
9203 4070
9204 4070
9205 4070
9206 4070
9207 4070
9208 4070
9209 4071
9210 4093
9211 4070
9212 4163
9213 4119
9214 4161
9215 4070
9216 4101
9217 4070
9218 4070
9219 4070
9220 4070
9221 4070
9222 4070
9223 4070
9224 4133
9225 4147
9226 4091
9227 4070
9228 4070
9229 4070
9230 4176
9231 4143
9232 4069
9233 4229
9234 4076
9235 4069
9236 4119
9237 4163
9238 4126
9239 4070
9240 4151
9241 4123
9242 4124
9243 4119
9244 4207
9245 4070
9246 4120
9247 4070
9248 4070
9249 4070
9250 4252
9251 4070
9252 4070
9253 4070
9254 4127
9255 4070
9256 4100
9257 4161
9258 4070
9259 4093
9260 4070
9261 4070
9262 4119
9263 4143
9264 4097
9265 4151
9266 4146
9267 4111
9268 4070
9269 4070
9270 4070
9271 4070
9272 4070
9273 4070
9274 4120
9275 4070
9276 4070
9277 4070
9278 4070
9279 4070
9280 4070
9281 4070
9282 4070
9283 4069
9284 4070
9285 4070
9286 4071
9287 4148
9288 4070
9289 4119
9290 4092
9291 4098
9292 4176
9293 4082
9294 4074
9295 4119
9296 4092
9297 4070
9298 4070
9299 4070
9300 4206
9301 4082
9302 4070
9303 4070
9304 4120
9305 4070
9306 4097
9307 4119
9308 4146
9309 4257
9310 4108
9311 4119
9312 4133
9313 4120
9314 4120
9315 4076
9316 4146
9317 4101
9318 4157
9319 4126
9320 4180
9321 4225
9322 4198
9323 4070
9324 4123
9325 4174
9326 4070
9327 4096
9328 4070
9329 4127
9330 4070
9331 4149
9332 4082
9333 4209
9334 4070
9335 4070
9336 4070
9337 4119
9338 4112
9339 4149
9340 4070
9341 4070
9342 4124
9343 4070
9344 4120
9345 4076
9346 4070
9347 4070
9348 4070
9349 4224
9350 4070
9351 4070
9352 4070
9353 4070
9354 4174
9355 4070
9356 4070
9357 4120
9358 4070
9359 4070
9360 4070
9361 4225
9362 4154
9363 4070
9364 4100
9365 4070
9366 4096
9367 4102
9368 4130
9369 4132
9370 4096
9371 4070
9372 4070
9373 4070
9374 4120
9375 4120
9376 4133
9377 4070
9378 4070
9379 4070
9380 4070
9381 4096
9382 4119
9383 4180
9384 4133
9385 4070
9386 4120
9387 4070
9388 4070
9389 4070
9390 4120
9391 4119
9392 4095
9393 4229
9394 4232
9395 4120
9396 4133
9397 4070
9398 4070
9399 4205
9400 4092
9401 4070
9402 4070
9403 4070
9404 4070
9405 4070
9406 4127
9407 4151
9408 4082
9409 4070
9410 4070
9411 4070
9412 4151
9413 4087
9414 4148
9415 4119
9416 4076
9417 4070
9418 4070
9419 4154
9420 4132
9421 4133
9422 4132
9423 4284
9424 4105
9425 4070
9426 4095
9427 4120
9428 4070
9429 4174
9430 4120
9431 4120
9432 4100
9433 4070
9434 4148
9435 4119
9436 4082
9437 4197
9438 4069
9439 4133
9440 4070
9441 4070
9442 4225
9443 4070
9444 4148
9445 4156
9446 4150
9447 4148
9448 4109
9449 4070
9450 4070
9451 4120
9452 4070
9453 4070
9454 4119
9455 4206
9456 4201
9457 4109
9458 4070
9459 4120
9460 4071
9461 4151
9462 4201
9463 4126
9464 4180
9465 4151
9466 4161
9467 4210
9468 4070
9469 4120
9470 4070
9471 4070
9472 4095
9473 4151
9474 4101
9475 4176
9476 4157
9477 4133
9478 4271
9479 4083
9480 4071
9481 4070
9482 4120
9483 4133
9484 4070
9485 4229
9486 4126
9487 4231
9488 4150
9489 4069
9490 4127
9491 4132
9492 4070
9493 4070
9494 4150
9495 4126
9496 4070
9497 4120
9498 4070
9499 4070
9500 4176
9501 4133
9502 4132
9503 4180
9504 4106
9505 4150
9506 4070
9507 4069
9508 4174
9509 4176
9510 4180
9511 4174
9512 4155
9513 4102
9514 4120
9515 4189
9516 4142
9517 4070
9518 4133
9519 4133
9520 4133
9521 4070
9522 4070
9523 4157
9524 4120
9525 4071
9526 4070
9527 4102
9528 4070
9529 4119
9530 4088
9531 4154
9532 4208
9533 4184
9534 4070
9535 4070
9536 4070
9537 4146
9538 4164
9539 4149
9540 4070
9541 4070
9542 4070
9543 4070
9544 4070
9545 4070
9546 4070
9547 4094
9548 4231
9549 4090
9550 4096
9551 4070
9552 4070
9553 4070
9554 4120
9555 4120
9556 4124
9557 4070
9558 4133
9559 4095
9560 4231
9561 4070
9562 4070
9563 4127
9564 4148
9565 4070
9566 4070
9567 4174
9568 4119
9569 4091
9570 4151
9571 4077
9572 4120
9573 4164
9574 4153
9575 4150
9576 4145
9577 4070
9578 4070
9579 4151
9580 4070
9581 4070
9582 4069
9583 4070
9584 4070
9585 4149
9586 4109
9587 4070
9588 4124
9589 4224
9590 4154
9591 4120
9592 4070
9593 4206
9594 4082
9595 4229
9596 4133
9597 4069
9598 4070
9599 4145
9600 4127
9601 4225
9602 4070
9603 4070
9604 4070
9605 4120
9606 4189
9607 4095
9608 4120
9609 4123
9610 4070
9611 4127
9612 4070
9613 4153
9614 4070
9615 4070
9616 4163
9617 4070
9618 4070
9619 4177
9620 4178
9621 4069
9622 4202
9623 4076
9624 4070
9625 4070
9626 4070
9627 4178
9628 4070
9629 4176
9630 4076
9631 4180
9632 4164
9633 4151
9634 4070
9635 4070
9636 4103
9637 4231
9638 4070
9639 4127
9640 4120
9641 4174
9642 4174
9643 4153
9644 4076
9645 4180
9646 4070
9647 4070
9648 4070
9649 4069
9650 4070
9651 4199
9652 4120
9653 4070
9654 4070
9655 4209
9656 4146
9657 4120
9658 4093
9659 4126
9660 4143
9661 4152
9662 4071
9663 4097
9664 4119
9665 4101
9666 4070
9667 4200
9668 4118
9669 4229
9670 4106
9671 4155
9672 4123
9673 4070
9674 4174
9675 4176
9676 4092
9677 4149
9678 4174
9679 4070
9680 4093
9681 4187
9682 4069
9683 4097
9684 4174
9685 4070
9686 4133
9687 4127
9688 4120
9689 4175
9690 4070
9691 4174
9692 4070
9693 4127
9694 4198
9695 4143
9696 4139
9697 4119
9698 4088
9699 4070
9700 4174
9701 4175
9702 4120
9703 4120
9704 4146
9705 4119
9706 4082
9707 4148
9708 4071
9709 4100
9710 4102
9711 4070
9712 4069
9713 4124
9714 4123
9715 4070
9716 4123
9717 4070
9718 4126
9719 4070
9720 4133
9721 4149
9722 4070
9723 4070
9724 4070
9725 4096
9726 4119
9727 4132
9728 4174
9729 4070
9730 4070
9731 4229
9732 4161
9733 4120
9734 4095
9735 4070
9736 4070
9737 4070
9738 4180
9739 4148
9740 4070
9741 4157
9742 4187
9743 4070
9744 4070
9745 4070
9746 4070
9747 4070
9748 4070
9749 4070
9750 4070
9751 4070
9752 4132
9753 4180
9754 4281
9755 4180
9756 4148
9757 4231
9758 4070
9759 4070
9760 4071
9761 4070
9762 4070
9763 4207
9764 4174
9765 4126
9766 4154
9767 4282
9768 4120
9769 4070
9770 4070
9771 4070
9772 4070
9773 4069
9774 4133
9775 4096
9776 4070
9777 4070
9778 4070
9779 4127
9780 4070
9781 4070
9782 4148
9783 4232
9784 4070
9785 4070
9786 4126
9787 4119
9788 4107
9789 4070
9790 4070
9791 4101
9792 4120
9793 4133
9794 4070
9795 4174
9796 4150
9797 4133
9798 4070
9799 4070
9800 4127
9801 4148
9802 4180
9803 4180
9804 4120
9805 4094
9806 4070
9807 4070
9808 4181
9809 4095
9810 4070
9811 4181
9812 4120
9813 4070
9814 4070
9815 4178
9816 4070
9817 4070
9818 4070
9819 4070
9820 4119
9821 4161
9822 4121
9823 4234
9824 4147
9825 4148
9826 4103
9827 4070
9828 4105
9829 4070
9830 4149
9831 4070
9832 4070
9833 4123
9834 4179
9835 4082
9836 4071
9837 4070
9838 4180
9839 4119
9840 4101
9841 4070
9842 4120
9843 4070
9844 4178
9845 4069
9846 4070
9847 4176
9848 4164
9849 4147
9850 4132
9851 4176
9852 4076
9853 4070
9854 4147
9855 4070
9856 4070
9857 4070
9858 4070
9859 4070
9860 4120
9861 4095
9862 4070
9863 4070
9864 4132
9865 4198
9866 4120
9867 4070
9868 4070
9869 4119
9870 4154
9871 4070
9872 4070
9873 4146
9874 4199
9875 4119
9876 4121
9877 4213
9878 4070
9879 4119
9880 4101
9881 4133
9882 4070
9883 4070
9884 4119
9885 4095
9886 4070
9887 4150
9888 4156
9889 4070
9890 4174
9891 4070
9892 4070
9893 4070
9894 4070
9895 4126
9896 4070
9897 4070
9898 4148
9899 4070
9900 4070
9901 4070
9902 4177
9903 4142
9904 4187
9905 4070
9906 4070
9907 4070
9908 4157
9909 4157
9910 4070
9911 4070
9912 4070
9913 4070
9914 4070
9915 4142
9916 4070
9917 4126
9918 4186
9919 4070
9920 4198
9921 4070
9922 4187
9923 4123
9924 4096
9925 4070
9926 4070
9927 4069
9928 4070
9929 4069
9930 4070
9931 4070
9932 4095
9933 4183
9934 4076
9935 4070
9936 4070
9937 4148
9938 4130
9939 4120
9940 4070
9941 4102
9942 4070
9943 4225
9944 4070
9945 4070
9946 4120
9947 4070
9948 4119
9949 4095
9950 4070
9951 4126
9952 4070
9953 4150
9954 4119
9955 4208
9956 4088
9957 4070
9958 4150
9959 4119
9960 4183
9961 4126
9962 4070
9963 4119
9964 4076
9965 4070
9966 4119
9967 4076
9968 4070
9969 4069
9970 4070
9971 4174
9972 4156
9973 4176
9974 4160
9975 4163
9976 4124
9977 4119
9978 4127
9979 4143
9980 4070
9981 4070
9982 4070
9983 4132
9984 4149
9985 4101
9986 4119
9987 4127
9988 4070
9989 4070
9990 4070
9991 4120
9992 4174
9993 4231
9994 4070
9995 4070
9996 4069
9997 4096
9998 4147
9999 4142
# sum: 4107
# min: 4069
# max: 4294
# err cnt: 0
