0 1427
1 1652
2 1871
3 758
4 942
5 1138
6 1304
7 1459
8 1590
9 1731
10 576
11 733
12 894
13 1076
14 1244
15 1423
16 1574
17 1696
18 1890
19 783
20 935
21 1074
22 1201
23 1343
24 1482
25 1664
26 1802
27 672
28 833
29 968
30 1101
31 1292
32 1445
33 1596
34 1704
35 1846
36 755
37 870
38 1023
39 1146
40 1291
41 1449
42 1625
43 1759
44 611
45 809
46 951
47 2325
48 1178
49 1309
50 1457
51 1617
52 1771
53 622
54 763
55 941
56 1140
57 1302
58 1436
59 1572
60 1754
61 636
62 777
63 954
64 1101
65 1287
66 1414
67 1578
68 1735
69 579
70 720
71 889
72 1040
73 1197
74 1348
75 1490
76 1646
77 1866
78 691
79 864
80 979
81 1087
82 1198
83 1320
84 1484
85 1672
86 1870
87 765
88 888
89 1041
90 1163
91 1296
92 1474
93 1676
94 1858
95 746
96 880
97 1041
98 1143
99 1292
100 1422
101 1549
102 1706
103 1833
104 705
105 889
106 1065
107 1228
108 1402
109 1515
110 1646
111 1777
112 672
113 846
114 1004
115 848
116 878
117 969
118 940
119 935
120 1091
121 1145
122 1094
123 1181
124 1192
125 1235
126 1229
127 1040
128 939
129 965
130 981
131 926
132 927
133 910
134 928
135 944
136 1018
137 1073
138 1024
139 1011
140 1008
141 1007
142 1015
143 1020
144 1141
145 1200
146 1264
147 1222
148 1042
149 906
150 1043
151 1033
152 1033
153 1062
154 1017
155 1010
156 998
157 942
158 896
159 881
160 871
161 854
162 875
163 890
164 1044
165 1048
166 1063
167 1134
168 1162
169 1178
170 1180
171 1200
172 1205
173 1181
174 1173
175 1209
176 1247
177 1178
178 1159
179 1187
180 1192
181 1060
182 1022
183 1007
184 1180
185 1200
186 1179
187 1177
188 1167
189 1155
190 1156
191 1087
192 1058
193 1065
194 1053
195 1005
196 1016
197 1086
198 1165
199 1192
200 1172
201 1178
202 1179
203 1213
204 1214
205 1162
206 1207
207 1228
208 1165
209 1176
210 1171
211 1079
212 1016
213 1026
214 1016
215 1165
216 1178
217 1164
218 1048
219 1034
220 1061
221 1083
222 1169
223 1154
224 1178
225 1095
226 1013
227 992
228 1018
229 998
230 991
231 1032
232 1192
233 1176
234 1154
235 1064
236 1054
237 1071
238 1086
239 1195
240 1160
241 1168
242 1150
243 1043
244 1034
245 1075
246 1053
247 1015
248 1045
249 1218
250 1179
251 1186
252 1196
253 1173
254 1211
255 1237
256 1206
257 1196
258 1165
259 1170
260 1155
261 1169
262 1100
263 1022
264 997
265 1020
266 1187
267 1181
268 1162
269 1041
270 1008
271 1040
272 1126
273 1173
274 1173
275 1168
276 1065
277 1020
278 1032
279 1045
280 1001
281 998
282 1008
283 1177
284 1215
285 1228
286 1177
287 1161
288 1186
289 1175
290 1193
291 1214
292 1182
293 1041
294 1004
295 1034
296 1142
297 1198
298 1181
299 1199
300 1031
301 1013
302 1009
303 1022
304 1030
305 993
306 1081
307 1213
308 1160
309 1159
310 1088
311 1031
312 1042
313 1202
314 1171
315 1174
316 1207
317 1212
318 1165
319 1166
320 1097
321 1076
322 1072
323 1256
324 1365
325 1415
326 1357
327 1257
328 1219
329 1171
330 1226
331 1205
332 1220
333 1185
334 1164
335 1157
336 1172
337 1098
338 1010
339 996
340 1042
341 1027
342 1063
343 1073
344 1219
345 1183
346 1161
347 1193
348 1166
349 1153
350 1178
351 1214
352 1213
353 1187
354 1099
355 1067
356 1035
357 1309
358 1401
359 1344
360 1251
361 1068
362 1017
363 1016
364 1144
365 1230
366 1225
367 1174
368 1160
369 1148
370 1211
371 1031
372 1004
373 1013
374 1039
375 1004
376 1021
377 1023
378 1167
379 1173
380 1181
381 1081
382 1014
383 1019
384 1072
385 1168
386 1173
387 1175
388 1088
389 1055
390 1039
391 1252
392 1391
393 1368
394 1234
395 1031
396 1049
397 1036
398 1136
399 1174
400 1211
401 1172
402 1167
403 1157
404 1206
405 1059
406 1007
407 1035
408 1204
409 1223
410 1216
411 1219
412 1176
413 1179
414 1173
415 1096
416 1028
417 1002
418 1002
419 1010
420 1015
421 1045
422 1242
423 1215
424 1202
425 1215
426 1213
427 1168
428 1159
429 1171
430 1168
431 1181
432 1036
433 1026
434 1011
435 1159
436 1227
437 1170
438 1174
439 1173
440 1183
441 1235
442 1127
443 1059
444 1043
445 1179
446 1174
447 1161
448 1161
449 1169
450 1185
451 1185
452 1087
453 1016
454 1020
455 1077
456 1161
457 1176
458 1179
459 1107
460 1066
461 1082
462 1177
463 1218
464 1225
465 1178
466 1164
467 1156
468 1173
469 1133
470 1019
471 1010
472 1147
473 1195
474 1226
475 1167
476 1201
477 1168
478 1159
479 1108
480 1085
481 1018
482 1074
483 1211
484 1156
485 1182
486 1093
487 1015
488 1020
489 1171
490 1226
491 1171
492 1197
493 1208
494 1186
495 1178
496 1106
497 1055
498 1006
499 1150
500 1172
501 1166
502 1189
503 1077
504 1086
505 1024
506 1158
507 1175
508 1161
509 1189
510 1170
511 1192
512 1216
513 1044
514 1008
515 1010
516 1187
517 1162
518 1217
519 1163
520 1199
521 1163
522 1173
523 1117
524 1019
525 1005
526 1180
527 1231
528 1175
529 1192
530 1173
531 1161
532 1237
533 1085
534 1018
535 1022
536 1090
537 1183
538 1195
539 1230
540 1038
541 1007
542 1029
543 1215
544 1179
545 1162
546 1179
547 1177
548 1167
549 1153
550 1079
551 1021
552 1001
553 1057
554 1010
555 998
556 1021
557 1165
558 1184
559 1162
560 1070
561 1030
562 1024
563 1106
564 1237
565 1213
566 1202
567 1060
568 1025
569 1017
570 1143
571 1172
572 1160
573 1186
574 1176
575 1238
576 1238
577 1228
578 1175
579 1159
580 1204
581 1193
582 1206
583 1214
584 1213
585 1206
586 1204
587 1135
588 1077
589 1057
590 1181
591 1353
592 1401
593 1368
594 1159
595 1033
596 1050
597 1061
598 1018
599 1016
600 1043
601 1185
602 1169
603 1180
604 1087
605 1022
606 1002
607 1098
608 1183
609 1165
610 1197
611 1086
612 1045
613 1041
614 1013
615 1004
616 1022
617 1015
618 1195
619 1182
620 1181
621 1076
622 1023
623 1045
624 1081
625 1168
626 1182
627 1206
628 1078
629 1016
630 1046
631 1043
632 1004
633 994
634 1031
635 1169
636 1168
637 1196
638 1100
639 1066
640 1076
641 1147
642 1228
643 1175
644 1190
645 1161
646 1153
647 1167
648 1102
649 1020
650 1000
651 1037
652 1208
653 1240
654 1249
655 1175
656 1184
657 1159
658 1197
659 1225
660 1169
661 1180
662 1160
663 1172
664 1164
665 1076
666 1034
667 1068
668 1069
669 1201
670 1160
671 1183
672 1065
673 1046
674 1015
675 1004
676 1032
677 1040
678 1143
679 1223
680 1174
681 1178
682 1196
683 1177
684 1174
685 1071
686 1009
687 1040
688 1038
689 1234
690 1172
691 1165
692 1179
693 1165
694 1242
695 1251
696 1217
697 1221
698 1222
699 1219
700 1166
701 1183
702 1174
703 1211
704 1203
705 1328
706 1419
707 1390
708 1358
709 1092
710 1023
711 1002
712 1005
713 1045
714 1068
715 1015
716 1223
717 1232
718 1168
719 1188
720 1158
721 1203
722 1239
723 1172
724 1195
725 1228
726 1170
727 1160
728 1169
729 1160
730 1165
731 1167
732 1171
733 1152
734 1147
735 1171
736 1122
737 1016
738 1002
739 1022
740 1003
741 998
742 1029
743 1188
744 1196
745 1165
746 1072
747 1041
748 1004
749 1074
750 1189
751 1201
752 1173
753 1031
754 1029
755 1006
756 1134
757 1194
758 1186
759 1189
760 1165
761 1207
762 1234
763 1049
764 1062
765 1053
766 1168
767 1185
768 1226
769 1213
770 1163
771 1170
772 1177
773 1204
774 1208
775 1208
776 1253
777 1203
778 1186
779 1202
780 1150
781 1043
782 1012
783 1135
784 1228
785 1239
786 1188
787 1180
788 1166
789 1172
790 1090
791 1056
792 1080
793 1102
794 1223
795 1233
796 1176
797 1192
798 1169
799 1164
800 1069
801 1067
802 1014
803 1137
804 1173
805 1163
806 1205
807 1061
808 1029
809 1005
810 1008
811 1049
812 1001
813 1066
814 1197
815 1185
816 1194
817 1100
818 1015
819 1002
820 1027
821 1012
822 995
823 1032
824 1254
825 1234
826 1203
827 1200
828 1164
829 1192
830 1222
831 1179
832 1182
833 1178
834 1204
835 1157
836 1167
837 1069
838 1066
839 1014
840 1085
841 1193
842 1168
843 1169
844 1119
845 1078
846 1027
847 1128
848 1188
849 1182
850 1233
851 1185
852 1162
853 1170
854 1075
855 1033
856 1010
857 1083
858 1193
859 1160
860 1161
861 1113
862 1093
863 1010
864 1003
865 1021
866 1017
867 1069
868 1211
869 1223
870 1238
871 1051
872 1019
873 1022
874 1058
875 1072
876 1046
877 1027
878 1231
879 1215
880 1181
881 1190
882 1170
883 1153
884 1183
885 1160
886 1169
887 1182
888 1109
889 1048
890 1060
891 1169
892 1212
893 1185
894 1191
895 1170
896 1160
897 1180
898 1099
899 1011
900 996
901 1057
902 1072
903 1053
904 1093
905 1184
906 1226
907 1186
908 1177
909 1238
910 1192
911 1197
912 1162
913 1175
914 1200
915 1096
916 1029
917 1039
918 1009
919 1026
920 1052
921 1026
922 1168
923 1214
924 1190
925 1083
926 1011
927 1015
928 1103
929 1214
930 1200
931 1206
932 1203
933 1217
934 1175
935 1173
936 1150
937 1200
938 1162
939 1160
940 1168
941 1191
942 1044
943 1005
944 1009
945 1015
946 994
947 1014
948 1019
949 1171
950 1216
951 1187
952 1102
953 1036
954 1066
955 1141
956 1239
957 1181
958 1205
959 1056
960 1025
961 1018
962 1019
963 1048
964 1063
965 1063
966 1223
967 1184
968 1169
969 1074
970 1047
971 1023
972 1082
973 1173
974 1174
975 1192
976 1030
977 1033
978 1071
979 1165
980 1192
981 1211
982 1206
983 1164
984 1175
985 1181
986 1183
987 1156
988 1174
989 1098
990 1016
991 1008
992 1037
993 1178
994 1160
995 1172
996 1116
997 1040
998 1003
999 1037
1000 1191
1001 1165
1002 1159
1003 1059
1004 1027
1005 1038
1006 1123
1007 1222
1008 1202
1009 1175
1010 1180
1011 1205
1012 1206
1013 1188
1014 1190
1015 1165
1016 1164
1017 1063
1018 1023
1019 1002
1020 1174
1021 1172
1022 1158
1023 1181
1024 1159
1025 1175
1026 1201
1027 1075
1028 1059
1029 1003
1030 1189
1031 1218
1032 1222
1033 1301
1034 1412
1035 1399
1036 1346
1037 1167
1038 1039
1039 1003
1040 1009
1041 1014
1042 997
1043 1010
1044 1225
1045 1224
1046 1157
1047 1066
1048 1032
1049 1033
1050 1084
1051 1188
1052 1179
1053 1181
1054 1023
1055 1021
1056 1017
1057 1125
1058 1175
1059 1206
1060 1176
1061 1037
1062 997
1063 1025
1064 1150
1065 1175
1066 1165
1067 1211
1068 1212
1069 1164
1070 1194
1071 1121
1072 1017
1073 1022
1074 1160
1075 1219
1076 1207
1077 1180
1078 1204
1079 1193
1080 1215
1081 1096
1082 1005
1083 1023
1084 1158
1085 1170
1086 1166
1087 1208
1088 1051
1089 1005
1090 1019
1091 1037
1092 1061
1093 1005
1094 1163
1095 1346
1096 1392
1097 1388
1098 1082
1099 1005
1100 1019
1101 1015
1102 996
1103 1051
1104 1038
1105 1223
1106 1226
1107 1180
1108 1171
1109 1161
1110 1178
1111 1215
1112 1168
1113 1157
1114 1211
1115 1209
1116 1171
1117 1188
1118 1173
1119 1195
1120 1164
1121 1205
1122 1215
1123 1168
1124 1152
1125 1085
1126 1043
1127 1010
1128 1003
1129 1043
1130 1044
1131 1046
1132 1352
1133 1377
1134 1365
1135 1272
1136 1206
1137 1200
1138 1182
1139 1063
1140 1050
1141 1029
1142 1061
1143 1027
1144 1012
1145 1184
1146 1214
1147 1192
1148 1172
1149 1201
1150 1211
1151 1168
1152 1170
1153 1157
1154 1169
1155 1084
1156 1016
1157 1013
1158 1054
1159 1163
1160 1186
1161 1180
1162 1086
1163 1015
1164 1021
1165 1014
1166 1199
1167 1218
1168 1172
1169 1152
1170 1178
1171 1157
1172 1163
1173 1206
1174 1209
1175 1170
1176 1111
1177 1054
1178 1021
1179 1165
1180 1208
1181 1170
1182 1192
1183 1197
1184 1214
1185 1223
1186 1080
1187 1018
1188 1000
1189 1148
1190 1192
1191 1161
1192 1178
1193 1058
1194 1081
1195 1059
1196 1170
1197 1170
1198 1178
1199 1191
1200 1221
1201 1230
1202 1192
1203 1192
1204 1170
1205 1194
1206 1077
1207 1033
1208 1019
1209 1082
1210 1188
1211 1207
1212 1160
1213 1074
1214 1031
1215 1006
1216 1000
1217 1011
1218 1017
1219 1021
1220 1164
1221 1194
1222 1194
1223 1079
1224 1043
1225 1065
1226 1084
1227 1193
1228 1192
1229 1212
1230 1079
1231 1021
1232 1075
1233 1078
1234 1059
1235 1035
1236 1024
1237 1380
1238 1355
1239 1383
1240 1063
1241 1010
1242 1072
1243 1105
1244 1212
1245 1223
1246 1236
1247 1220
1248 1235
1249 1218
1250 1219
1251 1189
1252 1205
1253 1193
1254 1024
1255 1030
1256 1060
1257 1164
1258 1176
1259 1190
1260 1216
1261 1158
1262 1211
1263 1174
1264 1217
1265 1256
1266 1234
1267 1191
1268 1155
1269 1181
1270 1168
1271 1158
1272 1210
1273 1224
1274 1088
1275 1053
1276 1058
1277 1206
1278 1164
1279 1204
1280 1204
1281 1176
1282 1181
1283 1167
1284 1168
1285 1197
1286 1211
1287 1177
1288 1155
1289 1167
1290 1231
1291 1049
1292 1030
1293 1014
1294 1153
1295 1216
1296 1229
1297 1175
1298 1205
1299 1211
1300 1219
1301 1167
1302 1180
1303 1171
1304 1079
1305 1079
1306 1049
1307 1039
1308 1165
1309 1174
1310 1174
1311 1084
1312 1014
1313 1044
1314 1060
1315 1185
1316 1214
1317 1203
1318 1167
1319 1182
1320 1176
1321 1191
1322 1069
1323 1009
1324 1036
1325 1196
1326 1239
1327 1222
1328 1212
1329 1164
1330 1172
1331 1190
1332 1203
1333 1210
1334 1184
1335 1180
1336 1175
1337 1209
1338 1213
1339 1165
1340 1176
1341 1169
1342 1163
1343 1194
1344 1229
1345 1062
1346 1019
1347 1001
1348 1117
1349 1213
1350 1155
1351 1157
1352 1089
1353 1039
1354 1069
1355 1143
1356 1212
1357 1171
1358 1187
1359 1208
1360 1177
1361 1174
1362 1157
1363 1209
1364 1218
1365 1181
1366 1153
1367 1173
1368 1159
1369 1109
1370 1064
1371 1065
1372 1211
1373 1175
1374 1168
1375 1226
1376 1218
1377 1167
1378 1186
1379 1119
1380 1050
1381 1008
1382 1152
1383 1184
1384 1170
1385 1195
1386 1033
1387 1013
1388 1021
1389 1035
1390 1020
1391 1000
1392 1123
1393 1218
1394 1193
1395 1181
1396 1062
1397 1026
1398 1021
1399 1165
1400 1224
1401 1180
1402 1157
1403 1154
1404 1171
1405 1233
1406 1028
1407 1042
1408 1049
1409 1192
1410 1235
1411 1205
1412 1177
1413 1223
1414 1206
1415 1219
1416 1214
1417 1213
1418 1183
1419 1177
1420 1160
1421 1154
1422 1172
1423 1101
1424 1014
1425 1012
1426 1172
1427 1191
1428 1210
1429 1206
1430 1198
1431 1224
1432 1208
1433 1160
1434 1183
1435 1186
1436 1043
1437 1007
1438 1053
1439 1072
1440 1174
1441 1204
1442 1226
1443 1038
1444 1038
1445 1058
1446 1177
1447 1224
1448 1216
1449 1162
1450 1155
1451 1208
1452 1174
1453 1164
1454 1189
1455 1172
1456 1193
1457 1216
1458 1177
1459 1216
1460 1073
1461 1030
1462 1021
1463 1134
1464 1207
1465 1204
1466 1170
1467 1180
1468 1189
1469 1212
1470 1144
1471 1016
1472 1056
1473 1319
1474 1396
1475 1356
1476 1371
1477 1109
1478 1009
1479 1010
1480 1010
1481 997
1482 1014
1483 1119
1484 1236
1485 1177
1486 1185
1487 1085
1488 1017
1489 1047
1490 1083
1491 1011
1492 1030
1493 1025
1494 1164
1495 1186
1496 1179
1497 1079
1498 1026
1499 1039
1500 1149
1501 1183
1502 1183
1503 1173
1504 1093
1505 1066
1506 1016
1507 1148
1508 1191
1509 1174
1510 1171
1511 1169
1512 1206
1513 1158
1514 1068
1515 1065
1516 1006
1517 1005
1518 1049
1519 1047
1520 1021
1521 1201
1522 1216
1523 1221
1524 1171
1525 1201
1526 1206
1527 1168
1528 1157
1529 1204
1530 1243
1531 1045
1532 1045
1533 1034
1534 1176
1535 1168
1536 1207
1537 1215
1538 1202
1539 1219
1540 1183
1541 1221
1542 1232
1543 1214
1544 1208
1545 1184
1546 1179
1547 1168
1548 1079
1549 1025
1550 1001
1551 1025
1552 1046
1553 1011
1554 1010
1555 1198
1556 1175
1557 1171
1558 1103
1559 1018
1560 1006
1561 1103
1562 1186
1563 1205
1564 1222
1565 1088
1566 1061
1567 1024
1568 1171
1569 1194
1570 1169
1571 1182
1572 1177
1573 1196
1574 1172
1575 1073
1576 1052
1577 1011
1578 1039
1579 1011
1580 1017
1581 1023
1582 1212
1583 1185
1584 1213
1585 1207
1586 1219
1587 1185
1588 1170
1589 1170
1590 1205
1591 1195
1592 1058
1593 1034
1594 1059
1595 1249
1596 1197
1597 1175
1598 1205
1599 1204
1600 1165
1601 1153
1602 1119
1603 1018
1604 1002
1605 1045
1606 1062
1607 1027
1608 1031
1609 1198
1610 1182
1611 1180
1612 1075
1613 1078
1614 1064
1615 1071
1616 1204
1617 1161
1618 1217
1619 1082
1620 1023
1621 1016
1622 1193
1623 1236
1624 1173
1625 1171
1626 1155
1627 1169
1628 1191
1629 1041
1630 1003
1631 1018
1632 1175
1633 1220
1634 1169
1635 1214
1636 1210
1637 1166
1638 1190
1639 1183
1640 1165
1641 1157
1642 1209
1643 1157
1644 1157
1645 1200
1646 1057
1647 1023
1648 1030
1649 1067
1650 1012
1651 1041
1652 1226
1653 1363
1654 1367
1655 1355
1656 1172
1657 1032
1658 1073
1659 1135
1660 1193
1661 1203
1662 1250
1663 1106
1664 1079
1665 1040
1666 1161
1667 1221
1668 1221
1669 1328
1670 1400
1671 1346
1672 1371
1673 1180
1674 1018
1675 1019
1676 1021
1677 1016
1678 998
1679 1074
1680 1224
1681 1217
1682 1177
1683 1165
1684 1209
1685 1166
1686 1195
1687 1156
1688 1165
1689 1161
1690 1056
1691 1022
1692 1002
1693 1139
1694 1183
1695 1209
1696 1195
1697 1169
1698 1182
1699 1164
1700 1077
1701 1048
1702 1005
1703 999
1704 1009
1705 1013
1706 1015
1707 1183
1708 1176
1709 1211
1710 1134
1711 1020
1712 1000
1713 1103
1714 1166
1715 1179
1716 1180
1717 1025
1718 1056
1719 1060
1720 1166
1721 1181
1722 1198
1723 1215
1724 1219
1725 1232
1726 1222
1727 1210
1728 1161
1729 1170
1730 1160
1731 1208
1732 1209
1733 1171
1734 1202
1735 1226
1736 1214
1737 1168
1738 1163
1739 1192
1740 1136
1741 1027
1742 1038
1743 1034
1744 1229
1745 1208
1746 1222
1747 1219
1748 1215
1749 1198
1750 1214
1751 1218
1752 1195
1753 1179
1754 1168
1755 1162
1756 1159
1757 1055
1758 1034
1759 1011
1760 1091
1761 1189
1762 1169
1763 1161
1764 1088
1765 1044
1766 1005
1767 1026
1768 1027
1769 1002
1770 1005
1771 1215
1772 1242
1773 1227
1774 1185
1775 1172
1776 1164
1777 1160
1778 1080
1779 1133
1780 1285
1781 1156
1782 1085
1783 1028
1784 1155
1785 1181
1786 1193
1787 1223
1788 1109
1789 1081
1790 1085
1791 1195
1792 1176
1793 1208
1794 1210
1795 1200
1796 1165
1797 1226
1798 1227
1799 1219
1800 1222
1801 1168
1802 1154
1803 1191
1804 1222
1805 1220
1806 1212
1807 1174
1808 1087
1809 1010
1810 1021
1811 1008
1812 997
1813 1008
1814 1013
1815 1192
1816 1170
1817 1168
1818 1083
1819 1027
1820 1011
1821 1068
1822 1187
1823 1179
1824 1247
1825 1087
1826 1025
1827 1024
1828 1140
1829 1212
1830 1244
1831 1186
1832 1187
1833 1157
1834 1175
1835 1078
1836 1012
1837 1053
1838 1126
1839 1228
1840 1173
1841 1217
1842 1077
1843 1062
1844 1007
1845 1177
1846 1176
1847 1165
1848 1192
1849 1176
1850 1156
1851 1154
1852 1091
1853 1058
1854 1063
1855 1176
1856 1219
1857 1176
1858 1161
1859 1173
1860 1175
1861 1164
1862 1103
1863 1058
1864 1044
1865 1142
1866 1372
1867 1388
1868 1404
1869 1177
1870 1014
1871 1005
1872 1020
1873 1014
1874 994
1875 1082
1876 1184
1877 1175
1878 1195
1879 1166
1880 1038
1881 1013
1882 1125
1883 1186
1884 1207
1885 1178
1886 1035
1887 1018
1888 1031
1889 1012
1890 1020
1891 1011
1892 1099
1893 1183
1894 1149
1895 1191
1896 1032
1897 1020
1898 1069
1899 1213
1900 1169
1901 1181
1902 1166
1903 1213
1904 1224
1905 1168
1906 1173
1907 1182
1908 1156
1909 1185
1910 1076
1911 1032
1912 1067
1913 1343
1914 1405
1915 1373
1916 1214
1917 1204
1918 1255
1919 1297
1920 1162
1921 1201
1922 1171
1923 1030
1924 914
1925 890
1926 974
1927 1206
1928 1168
1929 1183
1930 1102
1931 1053
1932 1079
1933 1218
1934 1192
1935 1164
1936 1200
1937 1188
1938 1158
1939 1180
1940 1126
1941 1018
1942 1003
1943 1044
1944 1025
1945 994
1946 1029
1947 1220
1948 1248
1949 1181
1950 1080
1951 1023
1952 1048
1953 1089
1954 1183
1955 1176
1956 1177
1957 1145
1958 1029
1959 1045
1960 1193
1961 1216
1962 1172
1963 1174
1964 1168
1965 1196
1966 1176
1967 1085
1968 1018
1969 1018
1970 1072
1971 1052
1972 1016
1973 1024
1974 1206
1975 1226
1976 1181
1977 1189
1978 1173
1979 1158
1980 1162
1981 1187
1982 1173
1983 1166
1984 1103
1985 1030
1986 1023
1987 1050
1988 1015
1989 1014
1990 1032
1991 1201
1992 1196
1993 1159
1994 1086
1995 1044
1996 1003
1997 1072
1998 1217
1999 1232
2000 1202
2001 1205
2002 1219
2003 1210
2004 1096
2005 1013
2006 1024
2007 1043
2008 1176
2009 1190
2010 1232
2011 1095
2012 1010
2013 1044
2014 1129
2015 1218
2016 1205
2017 1187
2018 1080
2019 1015
2020 1006
2021 1026
2022 1014
2023 1061
2024 1092
2025 1365
2026 1398
2027 1361
2028 1268
2029 1227
2030 1222
2031 1179
2032 1171
2033 1173
2034 1235
2035 1088
2036 1070
2037 1074
2038 1219
2039 1228
2040 1229
2041 1225
2042 1169
2043 1187
2044 1198
2045 1083
2046 1009
2047 1026
2048 1004
2049 1001
2050 1014
2051 1034
2052 1174
2053 1182
2054 1186
2055 1086
2056 1051
2057 1052
2058 1070
2059 1174
2060 1176
2061 1209
2062 1076
2063 1010
2064 1020
2065 1010
2066 1055
2067 1009
2068 1057
2069 1176
2070 1174
2071 1202
2072 1130
2073 1065
2074 1060
2075 1072
2076 1222
2077 1168
2078 1156
2079 1180
2080 1171
2081 1170
2082 1076
2083 1050
2084 1004
2085 1071
2086 1196
2087 1196
2088 1155
2089 1089
2090 1030
2091 1011
2092 1004
2093 1059
2094 1048
2095 1046
2096 1173
2097 1190
2098 1186
2099 1074
2100 1041
2101 1041
2102 1104
2103 1219
2104 1182
2105 1175
2106 1077
2107 1011
2108 1040
2109 1014
2110 1001
2111 1013
2112 1063
2113 1217
2114 1172
2115 1208
2116 1174
2117 1160
2118 1214
2119 1221
2120 1160
2121 1155
2122 1209
2123 1125
2124 1097
2125 1022
2126 1231
2127 1218
2128 1172
2129 1178
2130 1165
2131 1179
2132 1156
2133 1087
2134 1046
2135 1002
2136 1009
2137 1035
2138 1052
2139 1019
2140 1165
2141 1198
2142 1214
2143 1204
2144 1199
2145 1160
2146 1218
2147 1161
2148 1163
2149 1168
2150 1183
2151 1155
2152 1187
2153 1055
2154 1080
2155 1028
2156 1109
2157 1164
2158 1168
2159 1175
2160 1091
2161 1065
2162 1068
2163 1132
2164 1183
2165 1213
2166 1234
2167 1204
2168 1199
2169 1239
2170 1066
2171 1022
2172 1002
2173 1092
2174 1188
2175 1174
2176 1160
2177 1088
2178 1061
2179 1067
2180 1136
2181 1212
2182 1170
2183 1169
2184 1054
2185 1022
2186 1022
2187 1012
2188 1011
2189 1039
2190 1076
2191 1168
2192 1176
2193 1165
2194 1116
2195 1012
2196 1017
2197 1128
2198 1176
2199 1189
2200 1232
2201 1032
2202 1011
2203 1051
2204 1075
2205 1012
2206 1052
2207 1196
2208 1359
2209 1359
2210 1371
2211 1165
2212 1020
2213 1034
2214 1070
2215 1056
2216 1045
2217 1142
2218 1416
2219 1395
2220 1371
2221 1068
2222 1010
2223 1049
2224 1065
2225 1058
2226 1047
2227 1067
2228 1217
2229 1196
2230 1186
2231 1225
2232 1212
2233 1191
2234 1219
2235 1159
2236 1175
2237 1159
2238 1161
2239 1164
2240 1189
2241 1049
2242 1076
2243 1068
2244 1105
2245 1182
2246 1179
2247 1186
2248 1084
2249 1045
2250 1059
2251 1176
2252 1181
2253 1186
2254 1203
2255 1272
2256 1204
2257 1182
2258 1211
2259 1203
2260 1197
2261 1176
2262 1180
2263 1182
2264 1184
2265 1090
2266 1074
2267 1062
2268 1222
2269 1181
2270 1171
2271 1182
2272 1196
2273 1203
2274 1242
2275 1178
2276 1178
2277 1172
2278 1180
2279 1185
2280 1155
2281 1170
2282 1092
2283 1050
2284 1041
2285 1003
2286 1055
2287 1059
2288 1136
2289 1364
2290 1336
2291 1408
2292 1133
2293 1071
2294 993
2295 1180
2296 1216
2297 1198
2298 1204
2299 1174
2300 1206
2301 1197
2302 1102
2303 1031
2304 1014
2305 1102
2306 1229
2307 1172
2308 1183
2309 1021
2310 1022
2311 1028
2312 1153
2313 1169
2314 1179
2315 1187
2316 1166
2317 1165
2318 1172
2319 1095
2320 1022
2321 1010
2322 1019
2323 1027
2324 1011
2325 1052
2326 1217
2327 1244
2328 1167
2329 1187
2330 1173
2331 1179
2332 1194
2333 1231
2334 1204
2335 1193
2336 1047
2337 1020
2338 1018
2339 1068
2340 1057
2341 1004
2342 1029
2343 1203
2344 1200
2345 1166
2346 1078
2347 1038
2348 1013
2349 1079
2350 1201
2351 1178
2352 1179
2353 1044
2354 1021
2355 1022
2356 1007
2357 996
2358 1021
2359 1024
2360 1175
2361 1184
2362 1179
2363 1080
2364 1009
2365 1019
2366 1090
2367 1239
2368 1197
2369 1249
2370 1039
2371 1055
2372 1027
2373 1130
2374 1195
2375 1175
2376 1181
2377 1217
2378 1171
2379 1156
2380 1085
2381 1031
2382 1004
2383 1043
2384 1011
2385 1022
2386 1036
2387 1180
2388 1175
2389 1180
2390 1086
2391 1014
2392 1019
2393 1068
2394 1177
2395 1182
2396 1186
2397 1041
2398 1017
2399 1034
2400 1050
2401 1057
2402 1040
2403 1033
2404 1313
2405 1360
2406 1427
2407 1207
2408 1195
2409 1169
2410 1071
2411 1034
2412 1053
2413 1131
2414 1194
2415 1177
2416 1239
2417 1220
2418 1213
2419 1166
2420 1187
2421 1168
2422 1156
2423 1169
2424 1077
2425 1029
2426 1015
2427 1039
2428 1077
2429 1016
2430 1055
2431 1267
2432 1355
2433 1370
2434 1203
2435 1021
2436 1026
2437 1068
2438 1191
2439 1163
2440 1184
2441 1127
2442 1031
2443 1053
2444 1127
2445 1183
2446 1158
2447 1176
2448 1207
2449 1160
2450 1213
2451 1128
2452 1031
2453 1005
2454 1073
2455 1192
2456 1155
2457 1192
2458 1053
2459 1006
2460 1009
2461 1208
2462 1222
2463 1185
2464 1206
2465 1198
2466 1205
2467 1220
2468 1183
2469 1201
2470 1171
2471 1168
2472 1197
2473 1207
2474 1183
2475 1159
2476 1194
2477 1233
2478 1189
2479 1162
2480 1206
2481 1171
2482 1211
2483 1162
2484 1248
2485 1040
2486 1033
2487 1070
2488 1214
2489 1179
2490 1179
2491 1221
2492 1210
2493 1174
2494 1176
2495 1167
2496 1168
2497 1179
2498 1084
2499 1016
2500 1040
2501 1063
2502 1174
2503 1182
2504 1205
2505 1211
2506 1215
2507 1208
2508 1280
2509 1407
2510 1352
2511 1384
2512 1092
2513 1014
2514 1022
2515 1008
2516 991
2517 1012
2518 1110
2519 1227
2520 1171
2521 1196
2522 1083
2523 1007
2524 1050
2525 1014
2526 1017
2527 1014
2528 1041
2529 1227
2530 1232
2531 1165
2532 1219
2533 1220
2534 1158
2535 1180
2536 1174
2537 1159
2538 1207
2539 1078
2540 1032
2541 1036
2542 1067
2543 1058
2544 1019
2545 1013
2546 1132
2547 1192
2548 1179
2549 1083
2550 1038
2551 1024
2552 1027
2553 1018
2554 1059
2555 1069
2556 1162
2557 1225
2558 1229
2559 1177
2560 1174
2561 1193
2562 1201
2563 1157
2564 1192
2565 1195
2566 1035
2567 1006
2568 1011
2569 1020
2570 1001
2571 1030
2572 1086
2573 1212
2574 1216
2575 1187
2576 1203
2577 1182
2578 1167
2579 1166
2580 1210
2581 1203
2582 1166
2583 1176
2584 1158
2585 1161
2586 1061
2587 1038
2588 1013
2589 1071
2590 1199
2591 1173
2592 1173
2593 1117
2594 1066
2595 1019
2596 1131
2597 1205
2598 1212
2599 1242
2600 1130
2601 1065
2602 1023
2603 1168
2604 1217
2605 1174
2606 1188
2607 1209
2608 1190
2609 1177
2610 1209
2611 1205
2612 1208
2613 1177
2614 1172
2615 1184
2616 1217
2617 1181
2618 1166
2619 1160
2620 1117
2621 1072
2622 1020
2623 1126
2624 1222
2625 1214
2626 1197
2627 1207
2628 1219
2629 1173
2630 1221
2631 1194
2632 1227
2633 1175
2634 1163
2635 1201
2636 1238
2637 1038
2638 1040
2639 1030
2640 1146
2641 1216
2642 1226
2643 1211
2644 1201
2645 1173
2646 1208
2647 1172
2648 1187
2649 1156
2650 1174
2651 1232
2652 1216
2653 1212
2654 1200
2655 1175
2656 1227
2657 1108
2658 1026
2659 1015
2660 1081
2661 1157
2662 1193
2663 1187
2664 1075
2665 1011
2666 1020
2667 1027
2668 1000
2669 1002
2670 1057
2671 1226
2672 1176
2673 1188
2674 1171
2675 1163
2676 1176
2677 1210
2678 1198
2679 1207
2680 1233
2681 1069
2682 1014
2683 1047
2684 1174
2685 1172
2686 1165
2687 1187
2688 1180
2689 1154
2690 1172
2691 1105
2692 1016
2693 1005
2694 1053
2695 1012
2696 1000
2697 1031
2698 1203
2699 1194
2700 1175
2701 1086
2702 1028
2703 1004
2704 1070
2705 1193
2706 1185
2707 1163
2708 1079
2709 1024
2710 1009
2711 1029
2712 1064
2713 1007
2714 1011
2715 1185
2716 1169
2717 1174
2718 1097
2719 1016
2720 1005
2721 1107
2722 1194
2723 1162
2724 1180
2725 1088
2726 1012
2727 996
2728 1030
2729 1008
2730 996
2731 1024
2732 1179
2733 1170
2734 1161
2735 1106
2736 1031
2737 1034
2738 1127
2739 1181
2740 1168
2741 1174
2742 1180
2743 1174
2744 1171
2745 1089
2746 1069
2747 1043
2748 1191
2749 1420
2750 1383
2751 1403
2752 1064
2753 1034
2754 1004
2755 1130
2756 1195
2757 1183
2758 1178
2759 1058
2760 1077
2761 1026
2762 1177
2763 1215
2764 1169
2765 1189
2766 1174
2767 1199
2768 1238
2769 1043
2770 1031
2771 1001
2772 1165
2773 1223
2774 1173
2775 1175
2776 1160
2777 1174
2778 1226
2779 1138
2780 1023
2781 1037
2782 1084
2783 1194
2784 1215
2785 1225
2786 1042
2787 1006
2788 1034
2789 1158
2790 1168
2791 1189
2792 1190
2793 1212
2794 1160
2795 1227
2796 1125
2797 1018
2798 1002
2799 1154
2800 1190
2801 1164
2802 1215
2803 1081
2804 1029
2805 1020
2806 1163
2807 1237
2808 1180
2809 1220
2810 1212
2811 1158
2812 1207
2813 1066
2814 1059
2815 1005
2816 1171
2817 1175
2818 1182
2819 1174
2820 1168
2821 1172
2822 1194
2823 1047
2824 1002
2825 1028
2826 1154
2827 1159
2828 1205
2829 1208
2830 1169
2831 1195
2832 1213
2833 1218
2834 1205
2835 1167
2836 1185
2837 1172
2838 1159
2839 1202
2840 1070
2841 1026
2842 1038
2843 1179
2844 1216
2845 1204
2846 1175
2847 1215
2848 1228
2849 1261
2850 1222
2851 1222
2852 1227
2853 1186
2854 1163
2855 1189
2856 1191
2857 1077
2858 1074
2859 1018
2860 1182
2861 1192
2862 1159
2863 1160
2864 1214
2865 1204
2866 1183
2867 1032
2868 1029
2869 1002
2870 1020
2871 1044
2872 1054
2873 1026
2874 1164
2875 1181
2876 1191
2877 1079
2878 1009
2879 1018
2880 1091
2881 1189
2882 1160
2883 1204
2884 1082
2885 1072
2886 1016
2887 1189
2888 1187
2889 1189
2890 1166
2891 1213
2892 1181
2893 1170
2894 1127
2895 1042
2896 1044
2897 1139
2898 1197
2899 1176
2900 1211
2901 1194
2902 1210
2903 1172
2904 1192
2905 1176
2906 1180
2907 1205
2908 1192
2909 1241
2910 1198
2911 1046
2912 1023
2913 1012
2914 1176
2915 1222
2916 1218
2917 1184
2918 1201
2919 1178
2920 1158
2921 1077
2922 1033
2923 1021
2924 1037
2925 1064
2926 1010
2927 1031
2928 1183
2929 1164
2930 1166
2931 1072
2932 1043
2933 1014
2934 1104
2935 1223
2936 1168
2937 1181
2938 1170
2939 1210
2940 1253
2941 1216
2942 1164
2943 1179
2944 1181
2945 1160
2946 1157
2947 1205
2948 1074
2949 1016
2950 1044
2951 1141
2952 1218
2953 1188
2954 1169
2955 1166
2956 1178
2957 1167
2958 1073
2959 1032
2960 1005
2961 1018
2962 1188
2963 1185
2964 1169
2965 1101
2966 1061
2967 1018
2968 1075
2969 1165
2970 1174
2971 1164
2972 1063
2973 1023
2974 1003
2975 1128
2976 1187
2977 1186
2978 1171
2979 1157
2980 1174
2981 1194
2982 1118
2983 1020
2984 1045
2985 1069
2986 1057
2987 1023
2988 1045
2989 1217
2990 1176
2991 1204
2992 1247
2993 1192
2994 1183
2995 1164
2996 1186
2997 1213
2998 1269
2999 1089
3000 1030
3001 1041
3002 1368
3003 1419
3004 1365
3005 1279
3006 1175
3007 1187
3008 1169
3009 1104
3010 1053
3011 1007
3012 1059
3013 1055
3014 1005
3015 1009
3016 1196
3017 1189
3018 1168
3019 1086
3020 1042
3021 1052
3022 1151
3023 1179
3024 1189
3025 1173
3026 1181
3027 1188
3028 1162
3029 1080
3030 1041
3031 1010
3032 1104
3033 1237
3034 1207
3035 1214
3036 1184
3037 1230
3038 1175
3039 1192
3040 1169
3041 1183
3042 1230
3043 1105
3044 1035
3045 1058
3046 1194
3047 1233
3048 1222
3049 1184
3050 1183
3051 1211
3052 1222
3053 1028
3054 1035
3055 1013
3056 1018
3057 1061
3058 1014
3059 1019
3060 1171
3061 1182
3062 1173
3063 1087
3064 1010
3065 1011
3066 1099
3067 1170
3068 1154
3069 1183
3070 1098
3071 1018
3072 1000
3073 1179
3074 1181
3075 1213
3076 1201
3077 1170
3078 1190
3079 1159
3080 1080
3081 1035
3082 1006
3083 1006
3084 1014
3085 1007
3086 1023
3087 1170
3088 1171
3089 1162
3090 1084
3091 1030
3092 1011
3093 1069
3094 1221
3095 1237
3096 1178
3097 1208
3098 1229
3099 1213
3100 1171
3101 1190
3102 1197
3103 1185
3104 1172
3105 1158
3106 1219
3107 1133
3108 1028
3109 1003
3110 1184
3111 1188
3112 1222
3113 1175
3114 1174
3115 1160
3116 1168
3117 1094
3118 1034
3119 1008
3120 1098
3121 1227
3122 1219
3123 1176
3124 1165
3125 1164
3126 1193
3127 1096
3128 1064
3129 1014
3130 1126
3131 1220
3132 1164
3133 1185
3134 1113
3135 1009
3136 1044
3137 1061
3138 999
3139 1033
3140 1014
3141 1170
3142 1182
3143 1180
3144 1073
3145 1015
3146 1044
3147 1136
3148 1170
3149 1176
3150 1193
3151 1041
3152 1002
3153 1033
3154 1198
3155 1212
3156 1219
3157 1238
3158 1176
3159 1162
3160 1167
3161 1093
3162 1034
3163 1014
3164 1010
3165 1011
3166 1031
3167 1062
3168 1155
3169 1188
3170 1175
3171 1111
3172 1069
3173 1020
3174 1110
3175 1222
3176 1174
3177 1185
3178 1088
3179 1033
3180 1049
3181 1177
3182 1183
3183 1180
3184 1204
3185 1212
3186 1173
3187 1177
3188 1124
3189 1067
3190 1034
3191 1188
3192 1237
3193 1180
3194 1168
3195 1181
3196 1187
3197 1165
3198 1067
3199 1025
3200 1013
3201 1072
3202 1171
3203 1173
3204 1185
3205 1081
3206 1016
3207 1019
3208 1010
3209 1027
3210 1053
3211 1021
3212 1160
3213 1193
3214 1197
3215 1138
3216 1022
3217 1016
3218 1099
3219 1164
3220 1158
3221 1193
3222 1089
3223 1023
3224 993
3225 1019
3226 1035
3227 1036
3228 1044
3229 1189
3230 1166
3231 1179
3232 1092
3233 1045
3234 1008
3235 1124
3236 1163
3237 1178
3238 1178
3239 1080
3240 1015
3241 1042
3242 1084
3243 1029
3244 1004
3245 1040
3246 1175
3247 1203
3248 1230
3249 1237
3250 1226
3251 1174
3252 1183
3253 1171
3254 1168
3255 1179
3256 1097
3257 1027
3258 1000
3259 1023
3260 997
3261 1023
3262 1063
3263 1179
3264 1181
3265 1216
3266 1222
3267 1167
3268 1210
3269 1325
3270 1399
3271 1347
3272 1386
3273 1210
3274 1189
3275 1196
3276 1047
3277 1042
3278 1034
3279 1108
3280 1170
3281 1161
3282 1221
3283 1091
3284 1028
3285 1011
3286 1172
3287 1233
3288 1171
3289 1179
3290 1173
3291 1186
3292 1217
3293 1205
3294 1216
3295 1169
3296 1187
3297 1158
3298 1171
3299 1235
3300 1071
3301 1020
3302 1019
3303 1183
3304 1174
3305 1157
3306 1195
3307 1210
3308 1228
3309 1179
3310 1058
3311 1010
3312 1014
3313 1027
3314 1044
3315 1028
3316 1068
3317 1141
3318 1188
3319 1161
3320 1179
3321 1211
3322 1200
3323 1174
3324 1173
3325 1178
3326 1167
3327 1055
3328 1019
3329 1047
3330 1075
3331 1034
3332 1060
3333 1145
3334 1359
3335 1346
3336 1360
3337 1159
3338 1012
3339 1023
3340 1033
3341 1062
3342 1017
3343 1169
3344 1353
3345 1367
3346 1366
3347 1171
3348 1030
3349 1002
3350 1010
3351 1036
3352 1061
3353 1032
3354 1172
3355 1187
3356 1183
3357 1129
3358 1084
3359 1048
3360 1121
3361 1212
3362 1199
3363 1171
3364 1172
3365 1162
3366 1160
3367 1063
3368 1051
3369 1064
3370 1132
3371 1218
3372 1183
3373 1162
3374 1177
3375 1177
3376 1158
3377 1079
3378 1028
3379 1006
3380 1041
3381 1223
3382 1188
3383 1180
3384 1164
3385 1220
3386 1217
3387 1175
3388 1192
3389 1168
3390 1194
3391 1060
3392 1067
3393 1016
3394 1183
3395 1216
3396 1169
3397 1180
3398 1159
3399 1213
3400 1211
3401 1177
3402 1161
3403 1219
3404 1212
3405 1205
3406 1172
3407 1210
3408 1207
3409 1183
3410 1207
3411 1103
3412 1051
3413 1001
3414 1074
3415 1184
3416 1210
3417 1241
3418 1131
3419 1079
3420 1062
3421 1175
3422 1225
3423 1212
3424 1177
3425 1167
3426 1184
3427 1206
3428 1135
3429 1014
3430 1049
3431 1048
3432 1213
3433 1183
3434 1217
3435 1206
3436 1206
3437 1191
3438 1169
3439 1166
3440 1180
3441 1194
3442 1059
3443 1006
3444 1024
3445 1013
3446 1093
3447 1255
3448 1069
3449 1177
3450 1191
3451 1204
3452 1085
3453 1012
3454 1019
3455 1097
3456 1160
3457 1170
3458 1196
3459 1048
3460 1019
3461 1014
3462 1141
3463 1178
3464 1181
3465 1214
3466 1059
3467 1032
3468 1081
3469 1003
3470 1001
3471 1046
3472 1154
3473 1229
3474 1174
3475 1173
3476 1183
3477 1215
3478 1177
3479 1168
3480 1182
3481 1174
3482 1184
3483 1196
3484 1210
3485 1188
3486 1087
3487 1064
3488 1015
3489 1160
3490 1184
3491 1207
3492 1182
3493 1162
3494 1204
3495 1198
3496 1084
3497 1018
3498 1023
3499 1012
3500 995
3501 1015
3502 1024
3503 1169
3504 1210
3505 1232
3506 1114
3507 1022
3508 1048
3509 1156
3510 1208
3511 1214
3512 1205
3513 1212
3514 1171
3515 1212
3516 1166
3517 1158
3518 1210
3519 1234
3520 1033
3521 1037
3522 1007
3523 1129
3524 1191
3525 1178
3526 1076
3527 1038
3528 1019
3529 1022
3530 1208
3531 1244
3532 1212
3533 1207
3534 1165
3535 1166
3536 1216
3537 1165
3538 1182
3539 1155
3540 1103
3541 1073
3542 1015
3543 1158
3544 1187
3545 1195
3546 1181
3547 1070
3548 1069
3549 1027
3550 1009
3551 1066
3552 1061
3553 1147
3554 1368
3555 1353
3556 1377
3557 1056
3558 999
3559 1015
3560 1052
3561 1050
3562 1042
3563 1144
3564 1346
3565 1370
3566 1419
3567 1176
3568 1061
3569 1022
3570 1009
3571 1043
3572 1053
3573 1025
3574 1189
3575 1186
3576 1201
3577 1084
3578 1010
3579 1056
3580 1158
3581 1232
3582 1209
3583 1194
3584 1211
3585 1170
3586 1165
3587 1081
3588 1040
3589 1051
3590 1136
3591 1201
3592 1210
3593 1224
3594 1255
3595 1282
3596 1248
3597 1225
3598 1239
3599 1203
3600 1237
3601 1226
3602 1195
3603 1274
3604 1112
3605 1055
3606 1033
3607 1092
3608 1170
3609 1179
3610 1173
3611 1095
3612 1027
3613 1069
3614 1181
3615 1188
3616 1165
3617 1178
3618 1179
3619 1191
3620 1224
3621 1095
3622 1016
3623 1001
3624 1179
3625 1171
3626 1186
3627 1210
3628 1216
3629 1205
3630 1202
3631 1081
3632 1056
3633 1074
3634 1135
3635 1210
3636 1170
3637 1162
3638 1050
3639 1007
3640 1024
3641 1189
3642 1179
3643 1199
3644 1237
3645 1050
3646 1008
3647 997
3648 1155
3649 1178
3650 1193
3651 1222
3652 1202
3653 1170
3654 1161
3655 1173
3656 1173
3657 1179
3658 1038
3659 1025
3660 1018
3661 1075
3662 1172
3663 1178
3664 1181
3665 1105
3666 1050
3667 1021
3668 1150
3669 1170
3670 1178
3671 1203
3672 1055
3673 1004
3674 994
3675 1050
3676 1026
3677 997
3678 1163
3679 1351
3680 1365
3681 1352
3682 1100
3683 1021
3684 997
3685 1014
3686 1014
3687 1001
3688 1069
3689 1194
3690 1166
3691 1159
3692 1088
3693 1009
3694 1002
3695 1049
3696 994
3697 1002
3698 1029
3699 1175
3700 1186
3701 1224
3702 1086
3703 1034
3704 1028
3705 1073
3706 1173
3707 1174
3708 1212
3709 1137
3710 1021
3711 1055
3712 1205
3713 1182
3714 1203
3715 1182
3716 1158
3717 1183
3718 1177
3719 1095
3720 1019
3721 1029
3722 1041
3723 1027
3724 1000
3725 1009
3726 1191
3727 1181
3728 1177
3729 1114
3730 1063
3731 1047
3732 1192
3733 1350
3734 1376
3735 1362
3736 1123
3737 1062
3738 1013
3739 1133
3740 1198
3741 1163
3742 1179
3743 1175
3744 1149
3745 1171
3746 1088
3747 1014
3748 996
3749 1020
3750 1008
3751 995
3752 1032
3753 1237
3754 1233
3755 1191
3756 1144
3757 1027
3758 1045
3759 1074
3760 1194
3761 1182
3762 1167
3763 1043
3764 1028
3765 1027
3766 1009
3767 1040
3768 1038
3769 1146
3770 1185
3771 1182
3772 1201
3773 1111
3774 1064
3775 1053
3776 1130
3777 1182
3778 1181
3779 1201
3780 1032
3781 1031
3782 1010
3783 1010
3784 1022
3785 1026
3786 1111
3787 1252
3788 1183
3789 1164
3790 1175
3791 1188
3792 1205
3793 1031
3794 1028
3795 1001
3796 1076
3797 1192
3798 1183
3799 1173
3800 1067
3801 1036
3802 1009
3803 1003
3804 1014
3805 1005
3806 1010
3807 1221
3808 1167
3809 1159
3810 1084
3811 1039
3812 1005
3813 1064
3814 1197
3815 1159
3816 1199
3817 1122
3818 1064
3819 1046
3820 1201
3821 1189
3822 1201
3823 1218
3824 1181
3825 1200
3826 1208
3827 1183
3828 1167
3829 1196
3830 1121
3831 1023
3832 1019
3833 1008
3834 1192
3835 1183
3836 1171
3837 1069
3838 1038
3839 1004
3840 1103
3841 1201
3842 1176
3843 1234
3844 1114
3845 1071
3846 1013
3847 1137
3848 1190
3849 1173
3850 1196
3851 1069
3852 1067
3853 1025
3854 1166
3855 1223
3856 1172
3857 1211
3858 1211
3859 1195
3860 1173
3861 1185
3862 1182
3863 1176
3864 1072
3865 1084
3866 1025
3867 1014
3868 1117
3869 1190
3870 1177
3871 1069
3872 1014
3873 1057
3874 1021
3875 1010
3876 1020
3877 1034
3878 1198
3879 1163
3880 1189
3881 1114
3882 1014
3883 1001
3884 1126
3885 1235
3886 1212
3887 1177
3888 1088
3889 1027
3890 1007
3891 1008
3892 1021
3893 1026
3894 1118
3895 1193
3896 1211
3897 1183
3898 1022
3899 1020
3900 1014
3901 1128
3902 1182
3903 1209
3904 1189
3905 1033
3906 1034
3907 1056
3908 1153
3909 1258
3910 1210
3911 1279
3912 1362
3913 1363
3914 1359
3915 1085
3916 1065
3917 1007
3918 1001
3919 1020
3920 995
3921 1100
3922 1216
3923 1179
3924 1167
3925 1076
3926 1041
3927 1027
3928 1023
3929 1049
3930 1023
3931 1013
3932 1166
3933 1190
3934 1184
3935 1148
3936 1069
3937 1021
3938 1097
3939 1183
3940 1196
3941 1175
3942 1039
3943 1054
3944 1064
3945 1179
3946 1215
3947 1194
3948 1217
3949 1121
3950 1023
3951 1013
3952 1002
3953 1009
3954 997
3955 1093
3956 1193
3957 1179
3958 1190
3959 1124
3960 1020
3961 1025
3962 1130
3963 1193
3964 1213
3965 1200
3966 1185
3967 1163
3968 1171
3969 1185
3970 1187
3971 1155
3972 1214
3973 1214
3974 1169
3975 1189
3976 1219
3977 1193
3978 1241
3979 1192
3980 1203
3981 1169
3982 1192
3983 1179
3984 1154
3985 1219
3986 1064
3987 1013
3988 1001
3989 1158
3990 1179
3991 1151
3992 1197
3993 1054
3994 1011
3995 1006
3996 1063
3997 1023
3998 1001
3999 1099
4000 1186
4001 1204
4002 1225
4003 1063
4004 1062
4005 1070
4006 1203
4007 1174
4008 1184
4009 1170
4010 1163
4011 1173
4012 1176
4013 1107
4014 1060
4015 1040
4016 1178
4017 1172
4018 1163
4019 1184
4020 1177
4021 1158
4022 1176
4023 1102
4024 1046
4025 1069
4026 1108
4027 1171
4028 1218
4029 1208
4030 1083
4031 1048
4032 1007
4033 1138
4034 1187
4035 1183
4036 1162
4037 1213
4038 1213
4039 1197
4040 1125
4041 1019
4042 1032
4043 1134
4044 1199
4045 1184
4046 1196
4047 1034
4048 1011
4049 1048
4050 1067
4051 1016
4052 1062
4053 1193
4054 1379
4055 1394
4056 1411
4057 1186
4058 1052
4059 1054
4060 1200
4061 1202
4062 1212
4063 1222
4064 1170
4065 1212
4066 1171
4067 1176
4068 1170
4069 1171
4070 1077
4071 1032
4072 1006
4073 1012
4074 1229
4075 1223
4076 1171
4077 1159
4078 1174
4079 1165
4080 1163
4081 1169
4082 1190
4083 1186
4084 1089
4085 1059
4086 1057
4087 1154
4088 1187
4089 1170
4090 1208
4091 1212
4092 1219
4093 1198
4094 1090
4095 1056
4096 1032
4097 1137
4098 1176
4099 1210
4100 1238
4101 1038
4102 1031
4103 1030
4104 1186
4105 1172
4106 1188
4107 1181
4108 1193
4109 1216
4110 1168
4111 1055
4112 1014
4113 1007
4114 1199
4115 1252
4116 1175
4117 1160
4118 1210
4119 1173
4120 1177
4121 1092
4122 1018
4123 1032
4124 1057
4125 1012
4126 1009
4127 1013
4128 1192
4129 1171
4130 1185
4131 1087
4132 1032
4133 1009
4134 1128
4135 1256
4136 1213
4137 1178
4138 1082
4139 1013
4140 1032
4141 1189
4142 1174
4143 1158
4144 1188
4145 1182
4146 1158
4147 1158
4148 1116
4149 1023
4150 1029
4151 1050
4152 1006
4153 1016
4154 1003
4155 1198
4156 1211
4157 1218
4158 1205
4159 1181
4160 1172
4161 1182
4162 1168
4163 1196
4164 1226
4165 1040
4166 1030
4167 1014
4168 1156
4169 1180
4170 1180
4171 1217
4172 1197
4173 1211
4174 1230
4175 1058
4176 1031
4177 1007
4178 1034
4179 1057
4180 1074
4181 1048
4182 1274
4183 1370
4184 1344
4185 1175
4186 1046
4187 1016
4188 1107
4189 1189
4190 1162
4191 1166
4192 1061
4193 1028
4194 1002
4195 1022
4196 1044
4197 1066
4198 1196
4199 1396
4200 1415
4201 1353
4202 1274
4203 1224
4204 1246
4205 1148
4206 1051
4207 1009
4208 1038
4209 1168
4210 1187
4211 1187
4212 1047
4213 1036
4214 1101
4215 1104
4216 1219
4217 1168
4218 1160
4219 1116
4220 1070
4221 1019
4222 1142
4223 1192
4224 1178
4225 1180
4226 1074
4227 1061
4228 1027
4229 1137
4230 1210
4231 1220
4232 1171
4233 1173
4234 1149
4235 1201
4236 1054
4237 1015
4238 1029
4239 1161
4240 1220
4241 1213
4242 1230
4243 1225
4244 1216
4245 1217
4246 1165
4247 1186
4248 1171
4249 1165
4250 1159
4251 1178
4252 1178
4253 1030
4254 1022
4255 1009
4256 1013
4257 1022
4258 1003
4259 1079
4260 1188
4261 1179
4262 1162
4263 1129
4264 1062
4265 1023
4266 1124
4267 1222
4268 1221
4269 1180
4270 1182
4271 1154
4272 1190
4273 1080
4274 1010
4275 1021
4276 1090
4277 1200
4278 1206
4279 1237
4280 1127
4281 1057
4282 1026
4283 1216
4284 1222
4285 1207
4286 1191
4287 1209
4288 1207
4289 1182
4290 1071
4291 1019
4292 1030
4293 1135
4294 1209
4295 1210
4296 1163
4297 1210
4298 1160
4299 1193
4300 1170
4301 1184
4302 1200
4303 1176
4304 1155
4305 1153
4306 1188
4307 1048
4308 1012
4309 1000
4310 1156
4311 1176
4312 1170
4313 1232
4314 1078
4315 1029
4316 1018
4317 1136
4318 1215
4319 1181
4320 1182
4321 1167
4322 1168
4323 1238
4324 1093
4325 1050
4326 1035
4327 1153
4328 1221
4329 1223
4330 1201
4331 1246
4332 1218
4333 1221
4334 1184
4335 1214
4336 1201
4337 1170
4338 1178
4339 1168
4340 1167
4341 1065
4342 1042
4343 1012
4344 1011
4345 1027
4346 1053
4347 1114
4348 1185
4349 1199
4350 1220
4351 1143
4352 1023
4353 1034
4354 1175
4355 1208
4356 1227
4357 1229
4358 1170
4359 1182
4360 1204
4361 1120
4362 1009
4363 1006
4364 1143
4365 1186
4366 1176
4367 1235
4368 1175
4369 1181
4370 1212
4371 1216
4372 1205
4373 1167
4374 1214
4375 1220
4376 1205
4377 1211
4378 1173
4379 1181
4380 1178
4381 1199
4382 1189
4383 1156
4384 1184
4385 1191
4386 1156
4387 1175
4388 1079
4389 1016
4390 1017
4391 1029
4392 1002
4393 995
4394 1042
4395 1175
4396 1184
4397 1208
4398 1095
4399 1020
4400 1030
4401 1112
4402 1176
4403 1175
4404 1177
4405 1083
4406 1073
4407 1044
4408 1185
4409 1175
4410 1162
4411 1236
4412 1125
4413 1023
4414 1022
4415 1162
4416 1190
4417 1172
4418 1167
4419 1216
4420 1169
4421 1183
4422 1170
4423 1210
4424 1215
4425 1172
4426 1160
4427 1168
4428 1175
4429 1159
4430 1171
4431 1221
4432 1062
4433 1007
4434 1018
4435 1168
4436 1167
4437 1160
4438 1166
4439 1155
4440 1173
4441 1178
4442 1104
4443 1056
4444 1059
4445 1166
4446 1181
4447 1162
4448 1181
4449 1188
4450 1158
4451 1160
4452 1094
4453 1036
4454 1007
4455 1093
4456 1223
4457 1177
4458 1183
4459 1051
4460 1027
4461 1009
4462 1012
4463 1019
4464 1020
4465 1074
4466 1197
4467 1220
4468 1220
4469 1210
4470 1213
4471 1166
4472 1218
4473 1172
4474 1209
4475 1233
4476 1166
4477 1179
4478 1219
4479 1072
4480 1112
4481 1048
4482 1119
4483 1225
4484 1201
4485 1183
4486 1166
4487 1217
4488 1230
4489 1096
4490 1075
4491 1064
4492 1219
4493 1359
4494 1341
4495 1368
4496 1167
4497 1016
4498 1050
4499 1060
4500 1054
4501 1008
4502 1067
4503 1430
4504 1357
4505 1366
4506 1161
4507 1007
4508 1046
4509 1132
4510 1218
4511 1217
4512 1203
4513 1053
4514 1060
4515 1016
4516 1168
4517 1230
4518 1186
4519 1227
4520 1211
4521 1249
4522 1160
4523 1114
4524 1033
4525 1005
4526 1013
4527 1017
4528 1025
4529 1015
4530 1220
4531 1231
4532 1163
4533 1092
4534 1054
4535 1006
4536 1077
4537 1223
4538 1218
4539 1188
4540 1038
4541 1026
4542 999
4543 1005
4544 1020
4545 998
4546 1067
4547 1188
4548 1218
4549 1195
4550 1174
4551 1173
4552 1183
4553 1109
4554 1074
4555 1037
4556 1053
4557 1223
4558 1216
4559 1221
4560 1211
4561 1218
4562 1220
4563 1232
4564 1172
4565 1207
4566 1208
4567 1162
4568 1169
4569 1163
4570 1069
4571 1027
4572 1035
4573 1086
4574 1212
4575 1172
4576 1196
4577 1087
4578 1065
4579 1010
4580 1144
4581 1168
4582 1184
4583 1194
4584 1037
4585 1013
4586 1039
4587 1012
4588 1018
4589 1038
4590 1132
4591 1186
4592 1207
4593 1210
4594 1094
4595 1064
4596 1059
4597 1174
4598 1187
4599 1159
4600 1208
4601 1178
4602 1217
4603 1220
4604 1236
4605 1182
4606 1155
4607 1185
4608 1178
4609 1166
4610 1173
4611 1084
4612 1059
4613 1021
4614 1157
4615 1185
4616 1213
4617 1235
4618 1167
4619 1232
4620 1202
4621 1216
4622 1170
4623 1169
4624 1205
4625 1205
4626 1186
4627 1169
4628 1162
4629 1175
4630 1161
4631 1068
4632 1046
4633 1054
4634 1138
4635 1168
4636 1177
4637 1187
4638 1200
4639 1168
4640 1179
4641 1088
4642 1045
4643 1006
4644 1100
4645 1170
4646 1201
4647 1214
4648 1079
4649 1010
4650 1004
4651 1165
4652 1188
4653 1197
4654 1206
4655 1211
4656 1174
4657 1170
4658 1076
4659 1059
4660 1018
4661 1145
4662 1186
4663 1191
4664 1162
4665 1198
4666 1182
4667 1193
4668 1149
4669 1079
4670 1051
4671 1173
4672 1238
4673 1182
4674 1215
4675 1183
4676 1214
4677 1201
4678 1169
4679 1184
4680 1175
4681 1176
4682 1174
4683 1153
4684 1222
4685 1104
4686 1019
4687 1008
4688 1163
4689 1230
4690 1205
4691 1201
4692 1164
4693 1159
4694 1167
4695 1095
4696 1020
4697 1001
4698 1027
4699 1012
4700 1025
4701 1029
4702 1197
4703 1168
4704 1178
4705 1087
4706 1019
4707 1042
4708 1162
4709 1220
4710 1211
4711 1224
4712 1035
4713 1016
4714 1018
4715 1134
4716 1176
4717 1178
4718 1194
4719 1033
4720 1002
4721 1026
4722 1127
4723 1171
4724 1197
4725 1188
4726 1161
4727 1189
4728 1251
4729 1064
4730 1017
4731 1007
4732 1020
4733 1022
4734 995
4735 1068
4736 1223
4737 1217
4738 1172
4739 1060
4740 1018
4741 1016
4742 1016
4743 1013
4744 1015
4745 1010
4746 1167
4747 1179
4748 1168
4749 1087
4750 1031
4751 1007
4752 1073
4753 1221
4754 1190
4755 1181
4756 1034
4757 1056
4758 1022
4759 1123
4760 1192
4761 1159
4762 1167
4763 1174
4764 1178
4765 1193
4766 1106
4767 1051
4768 1055
4769 1148
4770 1162
4771 1179
4772 1182
4773 1167
4774 1176
4775 1174
4776 1124
4777 1074
4778 1057
4779 1126
4780 1232
4781 1230
4782 1168
4783 1068
4784 1033
4785 1028
4786 1162
4787 1166
4788 1178
4789 1209
4790 1174
4791 1194
4792 1226
4793 1057
4794 1019
4795 1005
4796 1150
4797 1217
4798 1194
4799 1205
4800 1170
4801 1179
4802 1160
4803 1078
4804 1021
4805 1073
4806 1102
4807 1196
4808 1209
4809 1210
4810 1187
4811 1161
4812 1159
4813 1170
4814 1174
4815 1157
4816 1158
4817 1190
4818 1172
4819 1156
4820 1071
4821 1024
4822 1001
4823 1009
4824 1009
4825 1000
4826 1006
4827 1189
4828 1175
4829 1162
4830 1092
4831 1026
4832 1020
4833 1108
4834 1187
4835 1164
4836 1169
4837 1055
4838 1022
4839 1005
4840 1138
4841 1221
4842 1172
4843 1166
4844 1171
4845 1180
4846 1163
4847 1112
4848 1062
4849 1045
4850 1191
4851 1357
4852 1342
4853 1362
4854 1154
4855 1025
4856 1014
4857 1004
4858 997
4859 1020
4860 998
4861 1128
4862 1185
4863 1177
4864 1073
4865 1007
4866 1021
4867 1028
4868 1007
4869 997
4870 1044
4871 1231
4872 1176
4873 1166
4874 1093
4875 1032
4876 1004
4877 1130
4878 1223
4879 1177
4880 1176
4881 1073
4882 1065
4883 1060
4884 1197
4885 1172
4886 1218
4887 1216
4888 1204
4889 1163
4890 1177
4891 1171
4892 1153
4893 1179
4894 1101
4895 1018
4896 1020
4897 1089
4898 1211
4899 1191
4900 1237
4901 1112
4902 1013
4903 1051
4904 1129
4905 1209
4906 1214
4907 1185
4908 1073
4909 1058
4910 1028
4911 1076
4912 1033
4913 1001
4914 1058
4915 1224
4916 1217
4917 1164
4918 1190
4919 1180
4920 1169
4921 1198
4922 1210
4923 1172
4924 1171
4925 1155
4926 1172
4927 1186
4928 1046
4929 1009
4930 1019
4931 1003
4932 1129
4933 1224
4934 1183
4935 1102
4936 1060
4937 1019
4938 1134
4939 1185
4940 1175
4941 1226
4942 1044
4943 1041
4944 1049
4945 1163
4946 1192
4947 1178
4948 1183
4949 1161
4950 1162
4951 1230
4952 1092
4953 1020
4954 1069
4955 1215
4956 1169
4957 1171
4958 1194
4959 1195
4960 1206
4961 1179
4962 1061
4963 1055
4964 1019
4965 1157
4966 1189
4967 1170
4968 1188
4969 1060
4970 1063
4971 1060
4972 1136
4973 1191
4974 1164
4975 1181
4976 1176
4977 1153
4978 1196
4979 1080
4980 1074
4981 1012
4982 1187
4983 1176
4984 1170
4985 1219
4986 1224
4987 1170
4988 1209
4989 1209
4990 1162
4991 1183
4992 1178
4993 1174
4994 1184
4995 1185
4996 1174
4997 1161
4998 1158
4999 1093
5000 1018
5001 1028
5002 1075
5003 1014
5004 1004
5005 1033
5006 1195
5007 1167
5008 1161
5009 1084
5010 1031
5011 1023
5012 1102
5013 1193
5014 1176
5015 1186
5016 1049
5017 1026
5018 1022
5019 1036
5020 1062
5021 1064
5022 1063
5023 1203
5024 1172
5025 1179
5026 1165
5027 1190
5028 1214
5029 1129
5030 1017
5031 1026
5032 1029
5033 1164
5034 1174
5035 1160
5036 1098
5037 1017
5038 1000
5039 1042
5040 1174
5041 1166
5042 1213
5043 1088
5044 1068
5045 1018
5046 1164
5047 1348
5048 1361
5049 1412
5050 1063
5051 1041
5052 1012
5053 1130
5054 1185
5055 1175
5056 1184
5057 1029
5058 1024
5059 1007
5060 1032
5061 1048
5062 1010
5063 1153
5064 1350
5065 1390
5066 1360
5067 1064
5068 1018
5069 1066
5070 1060
5071 1005
5072 1044
5073 1046
5074 1213
5075 1178
5076 1211
5077 1144
5078 1074
5079 1053
5080 1053
5081 1219
5082 1171
5083 1229
5084 1252
5085 1219
5086 1211
5087 1170
5088 1166
5089 1208
5090 1199
5091 1224
5092 1170
5093 1172
5094 1206
5095 1206
5096 1165
5097 1173
5098 1159
5099 1174
5100 1166
5101 1075
5102 1045
5103 1036
5104 1078
5105 1182
5106 1209
5107 1203
5108 1091
5109 1032
5110 1050
5111 1062
5112 1025
5113 1117
5114 1313
5115 1237
5116 1185
5117 1182
5118 1119
5119 1065
5120 1066
5121 1110
5122 1221
5123 1166
5124 1212
5125 1201
5126 1165
5127 1160
5128 1173
5129 1207
5130 1220
5131 1181
5132 1194
5133 1168
5134 1191
5135 1127
5136 1023
5137 1025
5138 1174
5139 1184
5140 1165
5141 1180
5142 1173
5143 1193
5144 1208
5145 1187
5146 1216
5147 1167
5148 1216
5149 1195
5150 1153
5151 1205
5152 1058
5153 1022
5154 1017
5155 1159
5156 1171
5157 1174
5158 1166
5159 1157
5160 1159
5161 1159
5162 1093
5163 1038
5164 1047
5165 1052
5166 1057
5167 1058
5168 1005
5169 1163
5170 1178
5171 1178
5172 1082
5173 1021
5174 1040
5175 1113
5176 1175
5177 1174
5178 1164
5179 1162
5180 1192
5181 1224
5182 1084
5183 1042
5184 1058
5185 1125
5186 1223
5187 1211
5188 1236
5189 1224
5190 1192
5191 1218
5192 1176
5193 1195
5194 1208
5195 1177
5196 1155
5197 1186
5198 1183
5199 1095
5200 1023
5201 1058
5202 1019
5203 1209
5204 1231
5205 1222
5206 1223
5207 1180
5208 1162
5209 1179
5210 1219
5211 1176
5212 1185
5213 1193
5214 1215
5215 1171
5216 1194
5217 1180
5218 1158
5219 1163
5220 1167
5221 1155
5222 1178
5223 1098
5224 1021
5225 1024
5226 1036
5227 1020
5228 996
5229 1019
5230 1199
5231 1176
5232 1201
5233 1149
5234 1065
5235 1066
5236 1176
5237 1375
5238 1397
5239 1370
5240 1101
5241 1026
5242 1063
5243 1066
5244 1027
5245 1054
5246 1142
5247 1380
5248 1388
5249 1408
5250 1083
5251 1005
5252 1059
5253 1218
5254 1173
5255 1168
5256 1197
5257 1164
5258 1177
5259 1199
5260 1109
5261 1063
5262 1011
5263 1159
5264 1231
5265 1165
5266 1192
5267 1167
5268 1176
5269 1175
5270 1097
5271 1020
5272 1020
5273 1130
5274 1183
5275 1170
5276 1213
5277 1169
5278 1221
5279 1171
5280 1085
5281 1012
5282 1028
5283 1040
5284 1172
5285 1186
5286 1210
5287 1052
5288 1006
5289 1047
5290 1128
5291 1205
5292 1217
5293 1200
5294 1034
5295 1024
5296 1048
5297 1007
5298 999
5299 1043
5300 1062
5301 1220
5302 1321
5303 1225
5304 1221
5305 1180
5306 1216
5307 1170
5308 1176
5309 1190
5310 1160
5311 1106
5312 1071
5313 1021
5314 1161
5315 1221
5316 1169
5317 1194
5318 1178
5319 1177
5320 1173
5321 1080
5322 1032
5323 1054
5324 1096
5325 1186
5326 1198
5327 1214
5328 1085
5329 1065
5330 1050
5331 1194
5332 1183
5333 1178
5334 1173
5335 1167
5336 1175
5337 1158
5338 1076
5339 1025
5340 1003
5341 1004
5342 1015
5343 1041
5344 1014
5345 1165
5346 1178
5347 1182
5348 1129
5349 1012
5350 1000
5351 1125
5352 1170
5353 1153
5354 1202
5355 1096
5356 1044
5357 1055
5358 1142
5359 1161
5360 1211
5361 1212
5362 1158
5363 1173
5364 1197
5365 1034
5366 1009
5367 1018
5368 1214
5369 1226
5370 1207
5371 1329
5372 1377
5373 1359
5374 1361
5375 1159
5376 1042
5377 1047
5378 1142
5379 1158
5380 1173
5381 1212
5382 1237
5383 1173
5384 1167
5385 1192
5386 1215
5387 1173
5388 1213
5389 1207
5390 1176
5391 1182
5392 1045
5393 1025
5394 1008
5395 1010
5396 1052
5397 1080
5398 1121
5399 1221
5400 1210
5401 1194
5402 1161
5403 1175
5404 1178
5405 1093
5406 1008
5407 1006
5408 1038
5409 1211
5410 1174
5411 1167
5412 1084
5413 1064
5414 1010
5415 1114
5416 1209
5417 1173
5418 1168
5419 1154
5420 1172
5421 1169
5422 1105
5423 1073
5424 1013
5425 1021
5426 1165
5427 1179
5428 1195
5429 1043
5430 1014
5431 1044
5432 1074
5433 1212
5434 1173
5435 1196
5436 1074
5437 1004
5438 1048
5439 1023
5440 1019
5441 1071
5442 1036
5443 1166
5444 1175
5445 1179
5446 1066
5447 1032
5448 1052
5449 1114
5450 1174
5451 1214
5452 1232
5453 1166
5454 1177
5455 1220
5456 1038
5457 1065
5458 1049
5459 1139
5460 1366
5461 1340
5462 1360
5463 1156
5464 1011
5465 1024
5466 1014
5467 1004
5468 1009
5469 1015
5470 1171
5471 1176
5472 1176
5473 1072
5474 1045
5475 1024
5476 1130
5477 1241
5478 1212
5479 1218
5480 1157
5481 1208
5482 1235
5483 1041
5484 1044
5485 1062
5486 1083
5487 1174
5488 1173
5489 1231
5490 1063
5491 1056
5492 1008
5493 1160
5494 1243
5495 1169
5496 1175
5497 1178
5498 1157
5499 1155
5500 1080
5501 1033
5502 1007
5503 1062
5504 1190
5505 1201
5506 1219
5507 1028
5508 1035
5509 1044
5510 1194
5511 1223
5512 1205
5513 1171
5514 1202
5515 1276
5516 1215
5517 1078
5518 1034
5519 1001
5520 999
5521 1021
5522 1034
5523 1023
5524 1166
5525 1164
5526 1211
5527 1144
5528 1020
5529 1016
5530 1081
5531 1200
5532 1208
5533 1188
5534 1033
5535 1058
5536 1070
5537 1220
5538 1193
5539 1207
5540 1206
5541 1211
5542 1207
5543 1232
5544 1083
5545 1005
5546 1012
5547 1171
5548 1172
5549 1199
5550 1217
5551 1179
5552 1172
5553 1163
5554 1090
5555 1032
5556 1041
5557 1104
5558 1215
5559 1169
5560 1177
5561 1044
5562 1057
5563 1035
5564 1045
5565 1000
5566 1031
5567 1155
5568 1345
5569 1388
5570 1341
5571 1154
5572 1010
5573 1026
5574 1030
5575 997
5576 1049
5577 1045
5578 1163
5579 1242
5580 1255
5581 1104
5582 1020
5583 1023
5584 1085
5585 1175
5586 1179
5587 1228
5588 1083
5589 1024
5590 1048
5591 1230
5592 1193
5593 1161
5594 1159
5595 1222
5596 1216
5597 1223
5598 1107
5599 1029
5600 1052
5601 1165
5602 1229
5603 1219
5604 1221
5605 1034
5606 1036
5607 1022
5608 1163
5609 1174
5610 1176
5611 1198
5612 1165
5613 1160
5614 1217
5615 1048
5616 1014
5617 1004
5618 1161
5619 1222
5620 1234
5621 1218
5622 1205
5623 1175
5624 1159
5625 1185
5626 1195
5627 1215
5628 1189
5629 1176
5630 1211
5631 1233
5632 1042
5633 1017
5634 1032
5635 1162
5636 1206
5637 1214
5638 1176
5639 1169
5640 1190
5641 1223
5642 1039
5643 1010
5644 1054
5645 1211
5646 1176
5647 1206
5648 1233
5649 1173
5650 1157
5651 1182
5652 1188
5653 1204
5654 1167
5655 1199
5656 1160
5657 1156
5658 1186
5659 1070
5660 1083
5661 1070
5662 1235
5663 1234
5664 1232
5665 1217
5666 1271
5667 1236
5668 1197
5669 1077
5670 1075
5671 1036
5672 1172
5673 1206
5674 1180
5675 1200
5676 1055
5677 1009
5678 1024
5679 1028
5680 1037
5681 1064
5682 1174
5683 1364
5684 1355
5685 1384
5686 1112
5687 1072
5688 1008
5689 1179
5690 1163
5691 1161
5692 1190
5693 1176
5694 1168
5695 1165
5696 1099
5697 1034
5698 1007
5699 1013
5700 1013
5701 1002
5702 1014
5703 1199
5704 1212
5705 1225
5706 1226
5707 1214
5708 1219
5709 1271
5710 1367
5711 1356
5712 1362
5713 1083
5714 1031
5715 1006
5716 1009
5717 1016
5718 1018
5719 1088
5720 1212
5721 1227
5722 1195
5723 1048
5724 1034
5725 1013
5726 1043
5727 1017
5728 1012
5729 1021
5730 1199
5731 1191
5732 1185
5733 1103
5734 1062
5735 1058
5736 1094
5737 1172
5738 1180
5739 1180
5740 1102
5741 1073
5742 1041
5743 1169
5744 1174
5745 1172
5746 1188
5747 1203
5748 1204
5749 1183
5750 1047
5751 1017
5752 1017
5753 1069
5754 1021
5755 1031
5756 1066
5757 1176
5758 1169
5759 1178
5760 1192
5761 1166
5762 1179
5763 1188
5764 1174
5765 1158
5766 1222
5767 1029
5768 1053
5769 1015
5770 1127
5771 1191
5772 1182
5773 1173
5774 1179
5775 1197
5776 1166
5777 1074
5778 1035
5779 997
5780 997
5781 1020
5782 1027
5783 1043
5784 1198
5785 1183
5786 1181
5787 1073
5788 1057
5789 1006
5790 1112
5791 1221
5792 1172
5793 1184
5794 1089
5795 1071
5796 1038
5797 1160
5798 1206
5799 1219
5800 1216
5801 1164
5802 1171
5803 1172
5804 1075
5805 1024
5806 998
5807 1001
5808 1029
5809 1001
5810 1017
5811 1217
5812 1198
5813 1214
5814 1217
5815 1221
5816 1228
5817 1192
5818 1207
5819 1164
5820 1167
5821 1057
5822 1027
5823 1004
5824 1019
5825 1017
5826 1007
5827 1074
5828 1226
5829 1166
5830 1163
5831 1130
5832 1077
5833 1014
5834 1144
5835 1198
5836 1164
5837 1176
5838 1051
5839 1013
5840 1035
5841 1073
5842 1013
5843 1028
5844 1205
5845 1348
5846 1359
5847 1364
5848 1180
5849 1022
5850 1049
5851 1063
5852 1016
5853 1018
5854 1032
5855 1164
5856 1212
5857 1207
5858 1221
5859 1172
5860 1157
5861 1202
5862 1217
5863 1216
5864 1180
5865 1099
5866 1280
5867 1197
5868 1136
5869 1168
5870 1175
5871 1212
5872 1361
5873 1234
5874 1235
5875 1176
5876 1077
5877 1120
5878 1121
5879 1007
5880 978
5881 916
5882 923
5883 1205
5884 1196
5885 1173
5886 1203
5887 1225
5888 1181
5889 1169
5890 1118
5891 1080
5892 1017
5893 1136
5894 1225
5895 1238
5896 1226
5897 1227
5898 1181
5899 1213
5900 1238
5901 1172
5902 1166
5903 1183
5904 1180
5905 1206
5906 1246
5907 1122
5908 1077
5909 1088
5910 1184
5911 1208
5912 1176
5913 1171
5914 1184
5915 1177
5916 1183
5917 1141
5918 1033
5919 1041
5920 1244
5921 1208
5922 1207
5923 1228
5924 1173
5925 1178
5926 1170
5927 1170
5928 1212
5929 1169
5930 1168
5931 1178
5932 1184
5933 1186
5934 1049
5935 1020
5936 1050
5937 1223
5938 1237
5939 1176
5940 1220
5941 1233
5942 1198
5943 1245
5944 1077
5945 1033
5946 1020
5947 1155
5948 1232
5949 1228
5950 1222
5951 1266
5952 1176
5953 1190
5954 1214
5955 1205
5956 1209
5957 1175
5958 1208
5959 1218
5960 1190
5961 1054
5962 1018
5963 1028
5964 1031
5965 1005
5966 1002
5967 1040
5968 1172
5969 1190
5970 1243
5971 1085
5972 1024
5973 1023
5974 1097
5975 1169
5976 1173
5977 1216
5978 1142
5979 1018
5980 1067
5981 1210
5982 1175
5983 1183
5984 1182
5985 1168
5986 1159
5987 1247
5988 1122
5989 1064
5990 1059
5991 1166
5992 1201
5993 1214
5994 1228
5995 1220
5996 1205
5997 1234
5998 1177
5999 1187
6000 1173
6001 1184
6002 1223
6003 1207
6004 1178
6005 1196
6006 1168
6007 1190
6008 1073
6009 1042
6010 1053
6011 1093
6012 1204
6013 1195
6014 1203
6015 1117
6016 1056
6017 1034
6018 1087
6019 1010
6020 1015
6021 1020
6022 1169
6023 1197
6024 1201
6025 1153
6026 1091
6027 1070
6028 1154
6029 1228
6030 1247
6031 1207
6032 1188
6033 1219
6034 1169
6035 1178
6036 1163
6037 1169
6038 1189
6039 1166
6040 1159
6041 1227
6042 1098
6043 1029
6044 1007
6045 1182
6046 1185
6047 1167
6048 1184
6049 1182
6050 1166
6051 1156
6052 1099
6053 1032
6054 1011
6055 1061
6056 1017
6057 1006
6058 1015
6059 1211
6060 1189
6061 1171
6062 1096
6063 1035
6064 1021
6065 1070
6066 1190
6067 1165
6068 1160
6069 1052
6070 1019
6071 1019
6072 1137
6073 1238
6074 1159
6075 1218
6076 1178
6077 1185
6078 1163
6079 1160
6080 1173
6081 1156
6082 1200
6083 1216
6084 1172
6085 1191
6086 1157
6087 1182
6088 1161
6089 1075
6090 1022
6091 1011
6092 1101
6093 1240
6094 1172
6095 1163
6096 1089
6097 1037
6098 1010
6099 1002
6100 1022
6101 1021
6102 1044
6103 1232
6104 1231
6105 1170
6106 1186
6107 1210
6108 1219
6109 1234
6110 1225
6111 1217
6112 1218
6113 1106
6114 1070
6115 1038
6116 1202
6117 1175
6118 1165
6119 1164
6120 1170
6121 1163
6122 1156
6123 1095
6124 1031
6125 1010
6126 1024
6127 1020
6128 1027
6129 1059
6130 1129
6131 1174
6132 1161
6133 1097
6134 1032
6135 1030
6136 1150
6137 1202
6138 1162
6139 1187
6140 1178
6141 1201
6142 1221
6143 1044
6144 1042
6145 1072
6146 1188
6147 1460
6148 1389
6149 1413
6150 1182
6151 1012
6152 1017
6153 1035
6154 1041
6155 1065
6156 1137
6157 1195
6158 1192
6159 1217
6160 1081
6161 1073
6162 1076
6163 1204
6164 1383
6165 1356
6166 1406
6167 1076
6168 1018
6169 1015
6170 1173
6171 1189
6172 1168
6173 1164
6174 1181
6175 1185
6176 1160
6177 1116
6178 1069
6179 1013
6180 1129
6181 1224
6182 1246
6183 1218
6184 1237
6185 1186
6186 1211
6187 1210
6188 1162
6189 1165
6190 1139
6191 1040
6192 1008
6193 1000
6194 1027
6195 1003
6196 1043
6197 1209
6198 1182
6199 1177
6200 1169
6201 1177
6202 1161
6203 1195
6204 1124
6205 1044
6206 1022
6207 1129
6208 1194
6209 1167
6210 1172
6211 1063
6212 1060
6213 1066
6214 1142
6215 1221
6216 1228
6217 1172
6218 1172
6219 1179
6220 1219
6221 1070
6222 1074
6223 1056
6224 1156
6225 1231
6226 1176
6227 1168
6228 1187
6229 1213
6230 1174
6231 1168
6232 1190
6233 1210
6234 1175
6235 1175
6236 1213
6237 1173
6238 1180
6239 1214
6240 1203
6241 1178
6242 1215
6243 1193
6244 1169
6245 1178
6246 1183
6247 1180
6248 1045
6249 1029
6250 1015
6251 1008
6252 1015
6253 1048
6254 1093
6255 1136
6256 1202
6257 1169
6258 1189
6259 1197
6260 1166
6261 1170
6262 1248
6263 1198
6264 1186
6265 1065
6266 1038
6267 1006
6268 1009
6269 1016
6270 1051
6271 1157
6272 1183
6273 1192
6274 1161
6275 1125
6276 1088
6277 1070
6278 1184
6279 1236
6280 1230
6281 1248
6282 1217
6283 1204
6284 1176
6285 1181
6286 1197
6287 1158
6288 1191
6289 1191
6290 1155
6291 1161
6292 1124
6293 1064
6294 1033
6295 1145
6296 1227
6297 1171
6298 1193
6299 1183
6300 1174
6301 1193
6302 1127
6303 1067
6304 1060
6305 1176
6306 1230
6307 1174
6308 1169
6309 1174
6310 1202
6311 1168
6312 1074
6313 1056
6314 1048
6315 1099
6316 1177
6317 1227
6318 1226
6319 1237
6320 1181
6321 1236
6322 1105
6323 1027
6324 1057
6325 1128
6326 1189
6327 1193
6328 1236
6329 1126
6330 1052
6331 1014
6332 1148
6333 1214
6334 1217
6335 1194
6336 1046
6337 1014
6338 1023
6339 1051
6340 1037
6341 1004
6342 1094
6343 1196
6344 1227
6345 1234
6346 1051
6347 1034
6348 1035
6349 1190
6350 1185
6351 1203
6352 1186
6353 1188
6354 1159
6355 1158
6356 1093
6357 1026
6358 1013
6359 1068
6360 1198
6361 1207
6362 1178
6363 1094
6364 1039
6365 1015
6366 999
6367 1017
6368 999
6369 1073
6370 1184
6371 1179
6372 1161
6373 1068
6374 1033
6375 1034
6376 1063
6377 1046
6378 1019
6379 1002
6380 1166
6381 1181
6382 1172
6383 1119
6384 1079
6385 1015
6386 1079
6387 1188
6388 1203
6389 1166
6390 1059
6391 1013
6392 1076
6393 1154
6394 1186
6395 1157
6396 1162
6397 1173
6398 1214
6399 1226
6400 1083
6401 1028
6402 1036
6403 1192
6404 1168
6405 1185
6406 1204
6407 1206
6408 1204
6409 1167
6410 1179
6411 1178
6412 1202
6413 1122
6414 1071
6415 1054
6416 1018
6417 1195
6418 1200
6419 1170
6420 1077
6421 1061
6422 1062
6423 1069
6424 1196
6425 1191
6426 1156
6427 1065
6428 1031
6429 1001
6430 1014
6431 1018
6432 999
6433 1016
6434 1193
6435 1171
6436 1176
6437 1093
6438 1042
6439 1007
6440 1101
6441 1220
6442 1179
6443 1176
6444 1104
6445 1029
6446 1002
6447 1177
6448 1217
6449 1167
6450 1179
6451 1193
6452 1161
6453 1191
6454 1138
6455 1071
6456 1019
6457 1142
6458 1210
6459 1163
6460 1210
6461 1078
6462 1013
6463 1011
6464 1130
6465 1204
6466 1187
6467 1158
6468 1176
6469 1173
6470 1183
6471 1044
6472 1023
6473 1063
6474 1157
6475 1191
6476 1218
6477 1222
6478 1212
6479 1182
6480 1173
6481 1177
6482 1169
6483 1160
6484 1113
6485 1027
6486 998
6487 1025
6488 1199
6489 1185
6490 1187
6491 1060
6492 1027
6493 1014
6494 1092
6495 1174
6496 1193
6497 1235
6498 1042
6499 1031
6500 1040
6501 1162
6502 1179
6503 1154
6504 1209
6505 1208
6506 1213
6507 1185
6508 1089
6509 1055
6510 1067
6511 1133
6512 1199
6513 1164
6514 1179
6515 1086
6516 1057
6517 1022
6518 1181
6519 1204
6520 1169
6521 1157
6522 1179
6523 1152
6524 1238
6525 1082
6526 1022
6527 1012
6528 1168
6529 1201
6530 1234
6531 1185
6532 1204
6533 1191
6534 1199
6535 1118
6536 1019
6537 1019
6538 1126
6539 1233
6540 1180
6541 1170
6542 1180
6543 1176
6544 1167
6545 1072
6546 1036
6547 1004
6548 1071
6549 1188
6550 1194
6551 1235
6552 1101
6553 1054
6554 1069
6555 1134
6556 1214
6557 1209
6558 1287
6559 1382
6560 1394
6561 1361
6562 1172
6563 1060
6564 1007
6565 1013
6566 1017
6567 1017
6568 1013
6569 1169
6570 1191
6571 1210
6572 1074
6573 1076
6574 1066
6575 1187
6576 1416
6577 1391
6578 1371
6579 1123
6580 1016
6581 1060
6582 1182
6583 1172
6584 1190
6585 1212
6586 1204
6587 1213
6588 1227
6589 1175
6590 1188
6591 1212
6592 1221
6593 1246
6594 1228
6595 1174
6596 1185
6597 1197
6598 1214
6599 1213
6600 1173
6601 1158
6602 1204
6603 1190
6604 1198
6605 1183
6606 1091
6607 1017
6608 1021
6609 1007
6610 1004
6611 1015
6612 1039
6613 1183
6614 1166
6615 1196
6616 1124
6617 1075
6618 1023
6619 1139
6620 1218
6621 1159
6622 1217
6623 1129
6624 1051
6625 1056
6626 1183
6627 1182
6628 1173
6629 1193
6630 1183
6631 1176
6632 1168
6633 1075
6634 1027
6635 1014
6636 1010
6637 1020
6638 1001
6639 1006
6640 1193
6641 1188
6642 1168
6643 1079
6644 1039
6645 1003
6646 1071
6647 1187
6648 1166
6649 1176
6650 1056
6651 1038
6652 1007
6653 1031
6654 1062
6655 1052
6656 1199
6657 1373
6658 1350
6659 1403
6660 1094
6661 1031
6662 1000
6663 1169
6664 1189
6665 1207
6666 1211
6667 1043
6668 1005
6669 1036
6670 1020
6671 1002
6672 1017
6673 1124
6674 1222
6675 1204
6676 1242
6677 1226
6678 1217
6679 1189
6680 1184
6681 1176
6682 1162
6683 1210
6684 1173
6685 1167
6686 1159
6687 1094
6688 1082
6689 1034
6690 1152
6691 1212
6692 1214
6693 1203
6694 1209
6695 1188
6696 1186
6697 1184
6698 1172
6699 1168
6700 1173
6701 1183
6702 1182
6703 1166
6704 1089
6705 1068
6706 1017
6707 1138
6708 1229
6709 1193
6710 1209
6711 1213
6712 1220
6713 1227
6714 1160
6715 1177
6716 1210
6717 1132
6718 1020
6719 1021
6720 1037
6721 1221
6722 1175
6723 1185
6724 1179
6725 1202
6726 1163
6727 1196
6728 1171
6729 1160
6730 1180
6731 1111
6732 1037
6733 1009
6734 1033
6735 1057
6736 1007
6737 1144
6738 1381
6739 1393
6740 1365
6741 1119
6742 1021
6743 1005
6744 1053
6745 1045
6746 1009
6747 1055
6748 1196
6749 1164
6750 1218
6751 1167
6752 1164
6753 1180
6754 1178
6755 1172
6756 1150
6757 1185
6758 1059
6759 1062
6760 1013
6761 1157
6762 1216
6763 1211
6764 1151
6765 1207
6766 1228
6767 1213
6768 1210
6769 1176
6770 1160
6771 1179
6772 1180
6773 1196
6774 1227
6775 1051
6776 1024
6777 1003
6778 1180
6779 1221
6780 1287
6781 1242
6782 1194
6783 1203
6784 1183
6785 1179
6786 1161
6787 1157
6788 1176
6789 1160
6790 1075
6791 1069
6792 1077
6793 1187
6794 1190
6795 1243
6796 1252
6797 1228
6798 1192
6799 1179
6800 1182
6801 1170
6802 1158
6803 1177
6804 1185
6805 1215
6806 1209
6807 1182
6808 1176
6809 1211
6810 1094
6811 1078
6812 1020
6813 1143
6814 1373
6815 1355
6816 1366
6817 1165
6818 1045
6819 1063
6820 1143
6821 1188
6822 1178
6823 1195
6824 1046
6825 1011
6826 1030
6827 1023
6828 1003
6829 1018
6830 1068
6831 1184
6832 1169
6833 1179
6834 1182
6835 1168
6836 1207
6837 1235
6838 1236
6839 1214
6840 1157
6841 1177
6842 1170
6843 1154
6844 1122
6845 1014
6846 1000
6847 1033
6848 1190
6849 1185
6850 1183
6851 1077
6852 1033
6853 1071
6854 1083
6855 1213
6856 1159
6857 1174
6858 1086
6859 1018
6860 1008
6861 1031
6862 1013
6863 995
6864 1032
6865 1200
6866 1177
6867 1200
6868 1143
6869 1030
6870 1011
6871 1075
6872 1190
6873 1210
6874 1176
6875 1053
6876 1057
6877 1007
6878 1013
6879 1021
6880 1016
6881 1086
6882 1178
6883 1177
6884 1160
6885 1070
6886 1028
6887 1066
6888 1132
6889 1167
6890 1186
6891 1191
6892 1043
6893 1016
6894 1054
6895 1175
6896 1169
6897 1171
6898 1198
6899 1174
6900 1180
6901 1178
6902 1098
6903 1037
6904 1010
6905 1027
6906 1024
6907 1088
6908 1085
6909 1224
6910 1195
6911 1197
6912 1199
6913 1191
6914 1221
6915 1183
6916 1176
6917 1211
6918 1161
6919 1084
6920 1023
6921 1034
6922 1170
6923 1210
6924 1213
6925 1175
6926 1167
6927 1161
6928 1175
6929 1103
6930 1024
6931 1002
6932 1021
6933 1029
6934 1046
6935 1017
6936 1174
6937 1167
6938 1174
6939 1085
6940 1016
6941 1023
6942 1115
6943 1231
6944 1169
6945 1193
6946 1062
6947 1022
6948 1040
6949 1207
6950 1191
6951 1224
6952 1229
6953 1174
6954 1216
6955 1248
6956 1134
6957 1052
6958 1021
6959 1127
6960 1198
6961 1188
6962 1184
6963 1031
6964 1026
6965 1038
6966 1047
6967 1012
6968 1032
6969 1160
6970 1358
6971 1346
6972 1366
6973 1216
6974 1029
6975 1061
6976 1204
6977 1218
6978 1167
6979 1173
6980 1158
6981 1171
6982 1156
6983 1088
6984 1058
6985 1069
6986 1147
6987 1196
6988 1178
6989 1183
6990 1037
6991 1024
6992 1034
6993 1187
6994 1213
6995 1226
6996 1226
6997 1180
6998 1156
6999 1170
7000 1093
7001 1041
7002 1031
7003 1058
7004 1049
7005 1080
7006 1023
7007 1235
7008 1228
7009 1218
7010 1213
7011 1162
7012 1180
7013 1180
7014 1201
7015 1214
7016 1170
7017 1085
7018 1021
7019 1019
7020 1075
7021 1068
7022 1011
7023 1067
7024 1225
7025 1182
7026 1167
7027 1182
7028 1194
7029 1172
7030 1161
7031 1179
7032 1168
7033 1191
7034 1049
7035 1029
7036 1018
7037 1028
7038 1018
7039 1020
7040 1087
7041 1175
7042 1183
7043 1179
7044 1090
7045 1014
7046 1018
7047 1028
7048 1005
7049 995
7050 1044
7051 1187
7052 1168
7053 1175
7054 1107
7055 1018
7056 1013
7057 1125
7058 1232
7059 1168
7060 1196
7061 1241
7062 1181
7063 1187
7064 1181
7065 1215
7066 1215
7067 1273
7068 1353
7069 1413
7070 1390
7071 1077
7072 1028
7073 1017
7074 1025
7075 1029
7076 1060
7077 1015
7078 1226
7079 1216
7080 1219
7081 1217
7082 1174
7083 1162
7084 1178
7085 1179
7086 1160
7087 1166
7088 1072
7089 1034
7090 1020
7091 1219
7092 1233
7093 1167
7094 1183
7095 1165
7096 1173
7097 1203
7098 1150
7099 1066
7100 1014
7101 1298
7102 1404
7103 1407
7104 1361
7105 1103
7106 1050
7107 1058
7108 1188
7109 1232
7110 1163
7111 1185
7112 1161
7113 1173
7114 1207
7115 1040
7116 1012
7117 1036
7118 1158
7119 1181
7120 1212
7121 1222
7122 1191
7123 1174
7124 1213
7125 1155
7126 1028
7127 1012
7128 1173
7129 1241
7130 1222
7131 1215
7132 1201
7133 1184
7134 1187
7135 1114
7136 1020
7137 1035
7138 1069
7139 1170
7140 1180
7141 1216
7142 1027
7143 1038
7144 1049
7145 1144
7146 1185
7147 1163
7148 1183
7149 1162
7150 1159
7151 1185
7152 1099
7153 1052
7154 1058
7155 1077
7156 1207
7157 1212
7158 1180
7159 1094
7160 1064
7161 1086
7162 1172
7163 1185
7164 1168
7165 1170
7166 1181
7167 1183
7168 1159
7169 1086
7170 1033
7171 1035
7172 1071
7173 1005
7174 1018
7175 1019
7176 1162
7177 1192
7178 1168
7179 1083
7180 1035
7181 1016
7182 1113
7183 1229
7184 1167
7185 1174
7186 1092
7187 1013
7188 1031
7189 1151
7190 1166
7191 1219
7192 1210
7193 1158
7194 1175
7195 1166
7196 1159
7197 1176
7198 1175
7199 1083
7200 1017
7201 1043
7202 1074
7203 1230
7204 1215
7205 1220
7206 1166
7207 1169
7208 1218
7209 1213
7210 1164
7211 1165
7212 1162
7213 1183
7214 1221
7215 1207
7216 1207
7217 1209
7218 1182
7219 1215
7220 1210
7221 1174
7222 1193
7223 1078
7224 1025
7225 1046
7226 1016
7227 1002
7228 1012
7229 1025
7230 1178
7231 1204
7232 1222
7233 1184
7234 1161
7235 1153
7236 1217
7237 1217
7238 1172
7239 1161
7240 1052
7241 1035
7242 1034
7243 1154
7244 1176
7245 1161
7246 1206
7247 1073
7248 1013
7249 1056
7250 1139
7251 1169
7252 1221
7253 1230
7254 1175
7255 1212
7256 1175
7257 1154
7258 1176
7259 1190
7260 1051
7261 1006
7262 1011
7263 1125
7264 1207
7265 1211
7266 1183
7267 1034
7268 1043
7269 1060
7270 1139
7271 1169
7272 1190
7273 1195
7274 1167
7275 1160
7276 1233
7277 1122
7278 1011
7279 1029
7280 1082
7281 1203
7282 1195
7283 1182
7284 1114
7285 1045
7286 1023
7287 1034
7288 1054
7289 1049
7290 1073
7291 1132
7292 1200
7293 1207
7294 1210
7295 1172
7296 1165
7297 1166
7298 1173
7299 1173
7300 1194
7301 1031
7302 1024
7303 1029
7304 1008
7305 1031
7306 1052
7307 1027
7308 1170
7309 1203
7310 1188
7311 1085
7312 1015
7313 1011
7314 1081
7315 1166
7316 1174
7317 1179
7318 1069
7319 1039
7320 1034
7321 1204
7322 1219
7323 1219
7324 1194
7325 1217
7326 1170
7327 1176
7328 1215
7329 1243
7330 1238
7331 1223
7332 1223
7333 1180
7334 1206
7335 1074
7336 1075
7337 1013
7338 1189
7339 1216
7340 1161
7341 1166
7342 1175
7343 1163
7344 1158
7345 1094
7346 1035
7347 1031
7348 1134
7349 1224
7350 1209
7351 1191
7352 1037
7353 1010
7354 1040
7355 1036
7356 1040
7357 1046
7358 1025
7359 1191
7360 1212
7361 1171
7362 1179
7363 1156
7364 1155
7365 1172
7366 1170
7367 1162
7368 1164
7369 1122
7370 1063
7371 1009
7372 1153
7373 1195
7374 1165
7375 1165
7376 1176
7377 1205
7378 1217
7379 1041
7380 1051
7381 1033
7382 1131
7383 1173
7384 1173
7385 1227
7386 1074
7387 1007
7388 1030
7389 1156
7390 1174
7391 1166
7392 1209
7393 1200
7394 1171
7395 1163
7396 1164
7397 1169
7398 1218
7399 1053
7400 1014
7401 1025
7402 1143
7403 1223
7404 1187
7405 1213
7406 1078
7407 1059
7408 1033
7409 1166
7410 1183
7411 1164
7412 1187
7413 1098
7414 1021
7415 1005
7416 1025
7417 1004
7418 997
7419 1089
7420 1223
7421 1225
7422 1182
7423 1066
7424 1013
7425 1005
7426 1052
7427 1050
7428 1040
7429 1093
7430 1177
7431 1164
7432 1181
7433 1097
7434 1011
7435 1003
7436 1092
7437 1208
7438 1168
7439 1163
7440 1089
7441 1079
7442 1029
7443 1150
7444 1186
7445 1169
7446 1162
7447 1179
7448 1198
7449 1166
7450 1119
7451 1058
7452 1047
7453 1207
7454 1181
7455 1167
7456 1167
7457 1174
7458 1161
7459 1161
7460 1102
7461 1036
7462 1033
7463 1135
7464 1191
7465 1184
7466 1175
7467 1161
7468 1160
7469 1192
7470 1044
7471 1008
7472 1022
7473 1075
7474 1170
7475 1214
7476 1249
7477 1082
7478 1061
7479 1007
7480 1136
7481 1188
7482 1184
7483 1180
7484 1047
7485 1035
7486 1005
7487 1002
7488 1017
7489 1019
7490 1078
7491 1170
7492 1184
7493 1177
7494 1103
7495 1086
7496 1020
7497 1171
7498 1169
7499 1180
7500 1186
7501 1162
7502 1189
7503 1223
7504 1054
7505 1017
7506 1024
7507 1124
7508 1229
7509 1214
7510 1178
7511 1161
7512 1178
7513 1175
7514 1076
7515 1017
7516 1046
7517 1102
7518 1208
7519 1201
7520 1222
7521 1037
7522 1041
7523 1011
7524 1205
7525 1233
7526 1166
7527 1159
7528 1185
7529 1182
7530 1185
7531 1090
7532 1040
7533 1019
7534 1027
7535 1037
7536 996
7537 1071
7538 1183
7539 1184
7540 1182
7541 1207
7542 1219
7543 1211
7544 1206
7545 1197
7546 1152
7547 1231
7548 1086
7549 1063
7550 1042
7551 1069
7552 1001
7553 995
7554 1000
7555 1184
7556 1196
7557 1189
7558 1085
7559 1016
7560 1039
7561 1103
7562 1221
7563 1211
7564 1208
7565 1211
7566 1159
7567 1215
7568 1213
7569 1168
7570 1162
7571 1213
7572 1206
7573 1196
7574 1234
7575 1146
7576 1071
7577 1021
7578 1167
7579 1351
7580 1364
7581 1368
7582 1170
7583 1045
7584 1025
7585 1016
7586 1002
7587 1013
7588 1038
7589 1176
7590 1209
7591 1211
7592 1172
7593 1175
7594 1202
7595 1224
7596 1173
7597 1155
7598 1185
7599 1071
7600 1065
7601 1050
7602 1159
7603 1192
7604 1178
7605 1168
7606 1173
7607 1174
7608 1228
7609 1055
7610 1020
7611 1023
7612 1123
7613 1182
7614 1182
7615 1172
7616 1056
7617 1049
7618 1004
7619 1028
7620 1057
7621 1049
7622 1169
7623 1404
7624 1370
7625 1451
7626 1123
7627 1028
7628 1009
7629 1007
7630 1009
7631 1033
7632 1102
7633 1204
7634 1165
7635 1189
7636 1098
7637 1018
7638 1004
7639 1016
7640 1014
7641 1020
7642 1016
7643 1198
7644 1186
7645 1170
7646 1067
7647 1055
7648 1073
7649 1094
7650 1190
7651 1172
7652 1204
7653 1092
7654 1019
7655 1046
7656 1167
7657 1196
7658 1216
7659 1214
7660 1231
7661 1165
7662 1227
7663 1101
7664 1071
7665 1036
7666 1217
7667 1205
7668 1224
7669 1164
7670 1217
7671 1180
7672 1185
7673 1076
7674 1019
7675 1050
7676 1188
7677 1208
7678 1207
7679 1197
7680 1077
7681 1025
7682 1006
7683 1132
7684 1198
7685 1179
7686 1204
7687 1216
7688 1157
7689 1187
7690 1201
7691 1209
7692 1168
7693 1183
7694 1157
7695 1171
7696 1216
7697 1164
7698 1153
7699 1209
7700 1211
7701 1162
7702 1174
7703 1192
7704 1155
7705 1164
7706 1196
7707 1057
7708 1004
7709 1029
7710 1217
7711 1208
7712 1201
7713 1208
7714 1208
7715 1171
7716 1177
7717 1205
7718 1176
7719 1160
7720 1099
7721 1017
7722 1001
7723 1023
7724 1227
7725 1231
7726 1206
7727 1215
7728 1188
7729 1174
7730 1176
7731 1162
7732 1193
7733 1219
7734 1048
7735 1071
7736 1017
7737 1219
7738 1210
7739 1181
7740 1185
7741 1172
7742 1157
7743 1167
7744 1068
7745 1068
7746 1063
7747 1129
7748 1200
7749 1170
7750 1177
7751 1053
7752 1026
7753 1011
7754 1009
7755 1005
7756 1073
7757 1013
7758 1152
7759 1193
7760 1190
7761 1133
7762 1077
7763 1025
7764 1158
7765 1187
7766 1170
7767 1201
7768 1031
7769 1011
7770 1026
7771 1007
7772 1002
7773 1030
7774 1077
7775 1223
7776 1169
7777 1206
7778 1135
7779 1022
7780 1034
7781 1156
7782 1182
7783 1203
7784 1179
7785 1162
7786 1174
7787 1184
7788 1080
7789 1010
7790 1012
7791 1069
7792 1024
7793 1030
7794 1047
7795 1337
7796 1394
7797 1375
7798 1252
7799 1183
7800 1178
7801 1163
7802 1016
7803 1025
7804 1029
7805 1132
7806 1207
7807 1169
7808 1118
7809 1045
7810 1055
7811 1083
7812 1177
7813 1174
7814 1191
7815 1058
7816 1054
7817 1024
7818 1038
7819 1054
7820 1012
7821 1181
7822 1418
7823 1347
7824 1342
7825 1192
7826 1028
7827 1035
7828 1168
7829 1236
7830 1196
7831 1168
7832 1168
7833 1172
7834 1174
7835 1073
7836 1017
7837 1032
7838 1126
7839 1214
7840 1196
7841 1200
7842 1088
7843 1025
7844 1000
7845 1010
7846 1017
7847 1003
7848 1072
7849 1191
7850 1224
7851 1168
7852 1182
7853 1205
7854 1207
7855 1210
7856 1228
7857 1167
7858 1167
7859 1204
7860 1210
7861 1165
7862 1165
7863 1175
7864 1212
7865 1210
7866 1212
7867 1209
7868 1159
7869 1179
7870 1154
7871 1183
7872 1058
7873 1035
7874 1056
7875 1074
7876 1181
7877 1160
7878 1182
7879 1088
7880 1027
7881 1027
7882 1060
7883 1054
7884 1041
7885 1018
7886 1189
7887 1163
7888 1203
7889 1125
7890 1021
7891 1011
7892 1094
7893 1209
7894 1209
7895 1167
7896 1093
7897 1022
7898 1031
7899 1205
7900 1235
7901 1211
7902 1317
7903 1414
7904 1394
7905 1364
7906 1076
7907 1083
7908 1057
7909 1157
7910 1177
7911 1181
7912 1189
7913 1055
7914 1027
7915 1027
7916 1050
7917 1005
7918 1056
7919 1191
7920 1355
7921 1344
7922 1365
7923 1175
7924 1012
7925 1001
7926 1047
7927 1019
7928 1037
7929 1131
7930 1166
7931 1181
7932 1169
7933 1072
7934 1035
7935 1000
7936 1043
7937 1044
7938 1072
7939 1025
7940 1367
7941 1346
7942 1360
7943 1172
7944 1032
7945 1047
7946 1133
7947 1221
7948 1174
7949 1162
7950 1180
7951 1200
7952 1209
7953 1045
7954 1018
7955 1014
7956 1078
7957 1181
7958 1177
7959 1158
7960 1131
7961 1014
7962 1017
7963 1137
7964 1170
7965 1193
7966 1212
7967 1089
7968 1017
7969 1005
7970 1062
7971 1015
7972 1008
7973 1186
7974 1398
7975 1377
7976 1425
7977 1102
7978 1012
7979 1005
7980 1051
7981 1076
7982 999
7983 1080
7984 1217
7985 1164
7986 1170
7987 1069
7988 1011
7989 1012
7990 1069
7991 1058
7992 1051
7993 1063
7994 1256
7995 1179
7996 1202
7997 1200
7998 1179
7999 1183
8000 1168
8001 1035
8002 1013
8003 1028
8004 1203
8005 1215
8006 1229
8007 1043
8008 1055
8009 1051
8010 1136
8011 1203
8012 1218
8013 1196
8014 1041
8015 1048
8016 1068
8017 1143
8018 1202
8019 1213
8020 1182
8021 1193
8022 1209
8023 1214
8024 1163
8025 1155
8026 1178
8027 1232
8028 1185
8029 1156
8030 1209
8031 1082
8032 1019
8033 999
8034 1172
8035 1188
8036 1163
8037 1202
8038 1208
8039 1200
8040 1201
8041 1100
8042 1024
8043 1015
8044 1126
8045 1226
8046 1178
8047 1173
8048 1153
8049 1170
8050 1175
8051 1107
8052 1061
8053 1062
8054 1146
8055 1349
8056 1383
8057 1394
8058 1283
8059 1184
8060 1203
8061 1104
8062 1059
8063 1054
8064 1110
8065 1218
8066 1170
8067 1171
8068 1211
8069 1167
8070 1187
8071 1164
8072 1199
8073 1224
8074 1171
8075 1179
8076 1191
8077 1222
8078 1082
8079 1037
8080 1027
8081 1131
8082 1221
8083 1222
8084 1180
8085 1175
8086 1215
8087 1193
8088 1167
8089 1206
8090 1229
8091 1293
8092 1377
8093 1409
8094 1429
8095 1071
8096 1001
8097 1028
8098 1033
8099 1017
8100 1004
8101 1106
8102 1204
8103 1214
8104 1186
8105 1044
8106 1040
8107 1091
8108 1072
8109 1007
8110 1019
8111 1022
8112 1172
8113 1191
8114 1225
8115 1074
8116 1047
8117 1003
8118 1091
8119 1170
8120 1158
8121 1192
8122 1045
8123 1032
8124 1064
8125 1168
8126 1169
8127 1177
8128 1198
8129 1182
8130 1154
8131 1195
8132 1040
8133 1029
8134 1065
8135 1251
8136 1183
8137 1157
8138 1186
8139 1160
8140 1154
8141 1177
8142 1103
8143 1050
8144 1007
8145 1025
8146 1012
8147 1001
8148 1010
8149 1228
8150 1221
8151 1164
8152 1198
8153 1175
8154 1161
8155 1204
8156 1234
8157 1177
8158 1177
8159 1136
8160 1072
8161 1010
8162 1154
8163 1255
8164 1169
8165 1186
8166 1164
8167 1160
8168 1211
8169 1112
8170 1022
8171 1016
8172 1081
8173 1207
8174 1215
8175 1185
8176 1077
8177 1050
8178 1067
8179 1155
8180 1202
8181 1209
8182 1175
8183 1167
8184 1183
8185 1156
8186 1119
8187 1074
8188 1016
8189 1152
8190 1183
8191 1181
8192 1215
8193 1080
8194 1062
8195 1025
8196 1132
8197 1175
8198 1212
8199 1179
8200 1161
8201 1182
8202 1196
8203 1046
8204 1052
8205 1017
8206 1194
8207 1171
8208 1157
8209 1161
8210 1091
8211 1042
8212 1002
8213 1009
8214 1023
8215 1001
8216 1134
8217 1191
8218 1201
8219 1232
8220 1102
8221 1016
8222 999
8223 1192
8224 1250
8225 1220
8226 1343
8227 1415
8228 1397
8229 1434
8230 1202
8231 1030
8232 1028
8233 1010
8234 1030
8235 1053
8236 1145
8237 1361
8238 1378
8239 1404
8240 1115
8241 1061
8242 1017
8243 1133
8244 1198
8245 1181
8246 1184
8247 1036
8248 1023
8249 1021
8250 1009
8251 1008
8252 1018
8253 1077
8254 1225
8255 1210
8256 1219
8257 1160
8258 1175
8259 1177
8260 1167
8261 1158
8262 1174
8263 1173
8264 1155
8265 1177
8266 1174
8267 1077
8268 1017
8269 1017
8270 1021
8271 1006
8272 1013
8273 1021
8274 1190
8275 1192
8276 1204
8277 1205
8278 1230
8279 1206
8280 1212
8281 1164
8282 1180
8283 1171
8284 1192
8285 1247
8286 1176
8287 1075
8288 1055
8289 1022
8290 1018
8291 1132
8292 1229
8293 1231
8294 1090
8295 1049
8296 1038
8297 1012
8298 994
8299 1019
8300 1008
8301 1160
8302 1187
8303 1164
8304 1076
8305 1032
8306 1020
8307 1071
8308 1243
8309 1224
8310 1234
8311 1051
8312 1014
8313 1062
8314 1204
8315 1164
8316 1179
8317 1184
8318 1164
8319 1165
8320 1178
8321 1106
8322 1024
8323 1009
8324 1024
8325 998
8326 1005
8327 1048
8328 1225
8329 1195
8330 1161
8331 1179
8332 1199
8333 1224
8334 1174
8335 1187
8336 1157
8337 1166
8338 1094
8339 1063
8340 1013
8341 1134
8342 1193
8343 1163
8344 1216
8345 1230
8346 1167
8347 1185
8348 1116
8349 1064
8350 1031
8351 1142
8352 1180
8353 1161
8354 1195
8355 1054
8356 1007
8357 1006
8358 1025
8359 1001
8360 1003
8361 1128
8362 1223
8363 1169
8364 1189
8365 1196
8366 1190
8367 1224
8368 1043
8369 1037
8370 1003
8371 1094
8372 1186
8373 1171
8374 1182
8375 1094
8376 1047
8377 1051
8378 1135
8379 1176
8380 1167
8381 1208
8382 1076
8383 1012
8384 1006
8385 1025
8386 1001
8387 1035
8388 1131
8389 1181
8390 1168
8391 1226
8392 1079
8393 1081
8394 1019
8395 1131
8396 1192
8397 1171
8398 1167
8399 1170
8400 1164
8401 1173
8402 1119
8403 1074
8404 1059
8405 1181
8406 1218
8407 1196
8408 1253
8409 1103
8410 1021
8411 1005
8412 1134
8413 1229
8414 1178
8415 1177
8416 1158
8417 1172
8418 1163
8419 1059
8420 1026
8421 1037
8422 1170
8423 1216
8424 1165
8425 1169
8426 1196
8427 1174
8428 1220
8429 1082
8430 1024
8431 1018
8432 1178
8433 1213
8434 1169
8435 1166
8436 1184
8437 1161
8438 1209
8439 1070
8440 1071
8441 1016
8442 1138
8443 1370
8444 1348
8445 1517
8446 1451
8447 1467
8448 1286
8449 1178
8450 1174
8451 1125
8452 1029
8453 1021
8454 1045
8455 1195
8456 1169
8457 1167
8458 1085
8459 1054
8460 1015
8461 1076
8462 1235
8463 1196
8464 1185
8465 1037
8466 1021
8467 1005
8468 1191
8469 1192
8470 1169
8471 1246
8472 1204
8473 1174
8474 1160
8475 1177
8476 1191
8477 1183
8478 1195
8479 1200
8480 1212
8481 1233
8482 1168
8483 1182
8484 1180
8485 1171
8486 1189
8487 1201
8488 1160
8489 1189
8490 1180
8491 1167
8492 1070
8493 1058
8494 1063
8495 1084
8496 1191
8497 1164
8498 1176
8499 1085
8500 1018
8501 1016
8502 1148
8503 1189
8504 1177
8505 1162
8506 1169
8507 1190
8508 1199
8509 1115
8510 1016
8511 1049
8512 1190
8513 1173
8514 1186
8515 1214
8516 1181
8517 1220
8518 1218
8519 1214
8520 1200
8521 1216
8522 1257
8523 1369
8524 1361
8525 1354
8526 1125
8527 1048
8528 1058
8529 1179
8530 1177
8531 1165
8532 1195
8533 1171
8534 1167
8535 1165
8536 1074
8537 1034
8538 1017
8539 1006
8540 996
8541 1021
8542 1070
8543 1130
8544 1193
8545 1181
8546 1167
8547 1190
8548 1197
8549 1175
8550 1152
8551 1180
8552 1191
8553 1066
8554 1038
8555 1036
8556 1177
8557 1226
8558 1218
8559 1175
8560 1185
8561 1184
8562 1155
8563 1089
8564 1031
8565 1014
8566 1020
8567 1033
8568 1027
8569 1036
8570 1212
8571 1216
8572 1179
8573 1188
8574 1157
8575 1159
8576 1207
8577 1174
8578 1167
8579 1185
8580 1181
8581 1158
8582 1174
8583 1067
8584 1039
8585 1016
8586 1080
8587 1205
8588 1194
8589 1196
8590 1039
8591 1001
8592 1018
8593 1131
8594 1169
8595 1224
8596 1173
8597 1171
8598 1157
8599 1177
8600 1079
8601 1018
8602 1028
8603 1116
8604 1188
8605 1164
8606 1234
8607 1091
8608 1007
8609 1018
8610 1130
8611 1173
8612 1198
8613 1180
8614 1061
8615 1065
8616 1076
8617 1189
8618 1176
8619 1193
8620 1207
8621 1203
8622 1157
8623 1206
8624 1040
8625 1008
8626 1016
8627 1012
8628 1027
8629 1045
8630 1030
8631 1194
8632 1185
8633 1194
8634 1085
8635 1013
8636 1050
8637 1140
8638 1195
8639 1214
8640 1236
8641 1040
8642 1012
8643 1044
8644 1179
8645 1226
8646 1200
8647 1223
8648 1223
8649 1171
8650 1167
8651 1133
8652 1096
8653 1017
8654 1123
8655 1197
8656 1177
8657 1171
8658 1172
8659 1206
8660 1189
8661 1191
8662 1202
8663 1201
8664 1191
8665 1206
8666 1198
8667 1170
8668 1178
8669 1195
8670 1212
8671 1176
8672 1177
8673 1165
8674 1180
8675 1157
8676 1166
8677 1184
8678 1040
8679 1036
8680 1044
8681 1167
8682 1163
8683 1175
8684 1180
8685 1173
8686 1168
8687 1179
8688 1092
8689 1026
8690 1040
8691 1135
8692 1220
8693 1215
8694 1199
8695 1185
8696 1206
8697 1240
8698 1229
8699 1200
8700 1162
8701 1166
8702 1186
8703 1208
8704 1205
8705 1094
8706 1016
8707 1012
8708 1017
8709 1042
8710 1037
8711 1021
8712 1208
8713 1196
8714 1223
8715 1185
8716 1166
8717 1161
8718 1177
8719 1161
8720 1203
8721 1186
8722 1174
8723 1196
8724 1189
8725 1204
8726 1178
8727 1178
8728 1203
8729 1176
8730 1155
8731 1173
8732 1115
8733 1061
8734 1004
8735 1013
8736 1044
8737 1050
8738 1067
8739 1186
8740 1180
8741 1203
8742 1212
8743 1194
8744 1156
8745 1187
8746 1162
8747 1169
8748 1202
8749 1039
8750 1008
8751 1017
8752 1012
8753 1005
8754 1017
8755 1011
8756 1171
8757 1184
8758 1181
8759 1081
8760 1017
8761 1023
8762 1098
8763 1169
8764 1174
8765 1177
8766 1074
8767 1020
8768 1025
8769 1012
8770 997
8771 1008
8772 1027
8773 1184
8774 1169
8775 1191
8776 1109
8777 1021
8778 1002
8779 1105
8780 1183
8781 1170
8782 1195
8783 1044
8784 1006
8785 1010
8786 1201
8787 1233
8788 1176
8789 1174
8790 1174
8791 1179
8792 1154
8793 1066
8794 1025
8795 1020
8796 1011
8797 1005
8798 1025
8799 1025
8800 1170
8801 1184
8802 1190
8803 1110
8804 1010
8805 1048
8806 1076
8807 1212
8808 1204
8809 1227
8810 1168
8811 1188
8812 1222
8813 1175
8814 1158
8815 1196
8816 1164
8817 1181
8818 1158
8819 1158
8820 1098
8821 1045
8822 1004
8823 1087
8824 1204
8825 1187
8826 1166
8827 1075
8828 1054
8829 1064
8830 1127
8831 1190
8832 1163
8833 1162
8834 1062
8835 1047
8836 1045
8837 1184
8838 1235
8839 1189
8840 1209
8841 1211
8842 1174
8843 1177
8844 1089
8845 1027
8846 1003
8847 1026
8848 1012
8849 999
8850 1015
8851 1196
8852 1183
8853 1211
8854 1169
8855 1159
8856 1177
8857 1166
8858 1191
8859 1226
8860 1158
8861 1090
8862 1065
8863 1002
8864 1006
8865 1014
8866 1033
8867 1030
8868 1166
8869 1184
8870 1161
8871 1098
8872 1027
8873 1022
8874 1073
8875 1173
8876 1181
8877 1202
8878 1029
8879 1014
8880 1017
8881 1015
8882 996
8883 1010
8884 1012
8885 1166
8886 1182
8887 1184
8888 1072
8889 1007
8890 1019
8891 1072
8892 1174
8893 1201
8894 1234
8895 1140
8896 1019
8897 1062
8898 1197
8899 1170
8900 1178
8901 1184
8902 1189
8903 1172
8904 1179
8905 1120
8906 1069
8907 1004
8908 1146
8909 1171
8910 1197
8911 1231
8912 1182
8913 1153
8914 1171
8915 1180
8916 1160
8917 1195
8918 1213
8919 1218
8920 1192
8921 1169
8922 1212
8923 1167
8924 1159
8925 1179
8926 1164
8927 1156
8928 1191
8929 1073
8930 1068
8931 1052
8932 1220
8933 1171
8934 1164
8935 1186
8936 1191
8937 1183
8938 1180
8939 1093
8940 1045
8941 1045
8942 1024
8943 1034
8944 1053
8945 1040
8946 1176
8947 1170
8948 1179
8949 1094
8950 1023
8951 994
8952 1089
8953 1209
8954 1195
8955 1165
8956 1075
8957 1012
8958 1052
8959 1165
8960 1173
8961 1205
8962 1222
8963 1189
8964 1191
8965 1173
8966 1083
8967 1049
8968 1006
8969 1131
8970 1193
8971 1166
8972 1179
8973 1052
8974 1062
8975 1028
8976 1025
8977 1042
8978 1040
8979 1183
8980 1413
8981 1375
8982 1363
8983 1090
8984 1038
8985 1035
8986 1048
8987 1023
8988 1014
8989 1084
8990 1226
8991 1207
8992 1219
8993 1094
8994 1040
8995 1050
8996 1020
8997 1010
8998 1022
8999 1057
9000 1219
9001 1172
9002 1167
9003 1085
9004 1036
9005 1005
9006 1069
9007 1194
9008 1162
9009 1199
9010 1096
9011 1036
9012 1035
9013 1043
9014 1014
9015 1038
9016 1181
9017 1380
9018 1379
9019 1361
9020 1133
9021 1014
9022 1014
9023 1130
9024 1214
9025 1214
9026 1179
9027 1159
9028 1180
9029 1169
9030 1072
9031 1030
9032 1026
9033 1069
9034 1170
9035 1207
9036 1245
9037 1093
9038 1016
9039 1024
9040 1038
9041 1033
9042 998
9043 1059
9044 1186
9045 1221
9046 1198
9047 1208
9048 1221
9049 1212
9050 1177
9051 1179
9052 1185
9053 1223
9054 1035
9055 1015
9056 1026
9057 1215
9058 1203
9059 1209
9060 1190
9061 1158
9062 1153
9063 1216
9064 1072
9065 1048
9066 1030
9067 1129
9068 1197
9069 1176
9070 1186
9071 1036
9072 1048
9073 1053
9074 1130
9075 1204
9076 1214
9077 1175
9078 1188
9079 1176
9080 1201
9081 1222
9082 1224
9083 1172
9084 1160
9085 1172
9086 1194
9087 1179
9088 1030
9089 1024
9090 1018
9091 1135
9092 1201
9093 1191
9094 1191
9095 1028
9096 1041
9097 1038
9098 1196
9099 1228
9100 1192
9101 1220
9102 1168
9103 1160
9104 1206
9105 1191
9106 1174
9107 1204
9108 1182
9109 1188
9110 1154
9111 1202
9112 1202
9113 1209
9114 1220
9115 1164
9116 1169
9117 1181
9118 1182
9119 1177
9120 1162
9121 1209
9122 1089
9123 1041
9124 1054
9125 1144
9126 1175
9127 1196
9128 1224
9129 1189
9130 1184
9131 1207
9132 1195
9133 1165
9134 1185
9135 1203
9136 1161
9137 1162
9138 1207
9139 1179
9140 1182
9141 1190
9142 1189
9143 1179
9144 1195
9145 1228
9146 1161
9147 1172
9148 1212
9149 1116
9150 1008
9151 1020
9152 1117
9153 1235
9154 1228
9155 1235
9156 1044
9157 1023
9158 1018
9159 1003
9160 1016
9161 1029
9162 1041
9163 1182
9164 1171
9165 1179
9166 1141
9167 1073
9168 1016
9169 1096
9170 1174
9171 1168
9172 1171
9173 1126
9174 1048
9175 1014
9176 1159
9177 1182
9178 1152
9179 1203
9180 1212
9181 1204
9182 1193
9183 1203
9184 1232
9185 1192
9186 1222
9187 1203
9188 1199
9189 1182
9190 1085
9191 1048
9192 1011
9193 1234
9194 1221
9195 1235
9196 1313
9197 1377
9198 1377
9199 1352
9200 1081
9201 1039
9202 1007
9203 1000
9204 1058
9205 997
9206 1017
9207 1220
9208 1187
9209 1156
9210 1081
9211 1046
9212 1046
9213 1124
9214 1210
9215 1207
9216 1219
9217 1179
9218 1218
9219 1223
9220 1202
9221 1163
9222 1176
9223 1180
9224 1152
9225 1178
9226 1156
9227 1076
9228 1022
9229 1004
9230 1003
9231 1014
9232 1001
9233 1043
9234 1236
9235 1185
9236 1187
9237 1209
9238 1225
9239 1159
9240 1180
9241 1187
9242 1159
9243 1204
9244 1118
9245 1028
9246 1007
9247 1004
9248 1019
9249 1017
9250 1128
9251 1221
9252 1201
9253 1194
9254 1165
9255 1161
9256 1168
9257 1119
9258 1077
9259 1015
9260 1045
9261 1180
9262 1171
9263 1189
9264 1061
9265 1013
9266 1002
9267 1093
9268 1171
9269 1192
9270 1198
9271 1078
9272 1037
9273 1049
9274 1177
9275 1179
9276 1202
9277 1222
9278 1083
9279 1073
9280 1016
9281 1141
9282 1216
9283 1204
9284 1171
9285 1201
9286 1216
9287 1186
9288 1041
9289 1031
9290 1054
9291 1135
9292 1197
9293 1215
9294 1164
9295 1220
9296 1188
9297 1177
9298 1073
9299 1030
9300 1037
9301 1040
9302 1064
9303 1013
9304 1019
9305 1415
9306 1386
9307 1433
9308 1217
9309 1076
9310 1064
9311 1132
9312 1217
9313 1177
9314 1177
9315 1149
9316 1023
9317 1003
9318 1180
9319 1235
9320 1214
9321 1191
9322 1163
9323 1163
9324 1185
9325 1101
9326 1031
9327 1059
9328 1081
9329 1177
9330 1180
9331 1192
9332 1073
9333 1014
9334 1025
9335 1017
9336 996
9337 1019
9338 1012
9339 1160
9340 1196
9341 1201
9342 1114
9343 1035
9344 1019
9345 1098
9346 1216
9347 1196
9348 1226
9349 1039
9350 1030
9351 1048
9352 1063
9353 1052
9354 1008
9355 1191
9356 1402
9357 1344
9358 1369
9359 1188
9360 1020
9361 1028
9362 1041
9363 1059
9364 1034
9365 1054
9366 1180
9367 1192
9368 1175
9369 1171
9370 1175
9371 1176
9372 1167
9373 1160
9374 1161
9375 1159
9376 1089
9377 1012
9378 1005
9379 1159
9380 1184
9381 1184
9382 1216
9383 1161
9384 1160
9385 1190
9386 1087
9387 1014
9388 1005
9389 1038
9390 1046
9391 1028
9392 1015
9393 1194
9394 1216
9395 1163
9396 1088
9397 1068
9398 1083
9399 1090
9400 1211
9401 1188
9402 1184
9403 1086
9404 1020
9405 996
9406 1041
9407 1016
9408 993
9409 1064
9410 1181
9411 1182
9412 1168
9413 1066
9414 1030
9415 1008
9416 1066
9417 1182
9418 1175
9419 1151
9420 1076
9421 1030
9422 1007
9423 1052
9424 1018
9425 1002
9426 1102
9427 1208
9428 1227
9429 1190
9430 1088
9431 1017
9432 998
9433 1018
9434 1000
9435 1004
9436 1036
9437 1240
9438 1280
9439 1222
9440 1175
9441 1185
9442 1161
9443 1168
9444 1180
9445 1199
9446 1196
9447 1168
9448 1181
9449 1172
9450 1161
9451 1178
9452 1199
9453 1168
9454 1163
9455 1177
9456 1157
9457 1083
9458 1025
9459 1012
9460 1001
9461 1012
9462 1002
9463 1035
9464 1190
9465 1182
9466 1167
9467 1125
9468 1028
9469 1011
9470 1129
9471 1225
9472 1150
9473 1182
9474 1081
9475 1012
9476 1032
9477 1211
9478 1225
9479 1159
9480 1190
9481 1166
9482 1161
9483 1212
9484 1077
9485 1051
9486 1030
9487 1164
9488 1204
9489 1167
9490 1189
9491 1186
9492 1192
9493 1167
9494 1167
9495 1177
9496 1158
9497 1176
9498 1203
9499 1200
9500 1159
9501 1200
9502 1221
9503 1164
9504 1191
9505 1187
9506 1180
9507 1169
9508 1179
9509 1172
9510 1157
9511 1068
9512 1055
9513 1013
9514 1132
9515 1226
9516 1217
9517 1190
9518 1056
9519 1062
9520 1061
9521 1140
9522 1169
9523 1178
9524 1158
9525 1192
9526 1188
9527 1170
9528 1103
9529 1029
9530 1014
9531 1002
9532 997
9533 993
9534 1061
9535 1176
9536 1213
9537 1248
9538 1175
9539 1156
9540 1195
9541 1208
9542 1206
9543 1165
9544 1179
9545 1183
9546 1164
9547 1182
9548 1094
9549 1057
9550 1055
9551 1072
9552 1234
9553 1172
9554 1207
9555 1224
9556 1164
9557 1173
9558 1173
9559 1198
9560 1209
9561 1180
9562 1187
9563 1205
9564 1232
9565 1112
9566 1047
9567 1029
9568 1137
9569 1211
9570 1207
9571 1228
9572 1078
9573 1053
9574 1076
9575 1374
9576 1373
9577 1344
9578 1296
9579 1165
9580 1193
9581 1194
9582 1082
9583 1013
9584 1023
9585 1020
9586 1011
9587 1002
9588 1028
9589 1211
9590 1212
9591 1202
9592 1225
9593 1194
9594 1156
9595 1178
9596 1195
9597 1178
9598 1206
9599 1086
9600 1015
9601 1031
9602 1162
9603 1211
9604 1207
9605 1190
9606 1171
9607 1204
9608 1216
9609 1220
9610 1172
9611 1184
9612 1197
9613 1206
9614 1184
9615 1187
9616 1164
9617 1147
9618 1171
9619 1081
9620 1008
9621 1032
9622 1014
9623 1160
9624 1187
9625 1188
9626 1073
9627 1059
9628 1011
9629 1132
9630 1168
9631 1192
9632 1218
9633 1095
9634 1012
9635 1025
9636 1133
9637 1174
9638 1191
9639 1197
9640 1043
9641 1018
9642 1047
9643 1063
9644 1004
9645 992
9646 1099
9647 1167
9648 1162
9649 1179
9650 1112
9651 1057
9652 1041
9653 1134
9654 1218
9655 1161
9656 1198
9657 1204
9658 1184
9659 1168
9660 1101
9661 1025
9662 1001
9663 1039
9664 1018
9665 1003
9666 1020
9667 1188
9668 1238
9669 1275
9670 1193
9671 1177
9672 1185
9673 1170
9674 1194
9675 1180
9676 1209
9677 1045
9678 1031
9679 1023
9680 1021
9681 1005
9682 1008
9683 1017
9684 1172
9685 1184
9686 1183
9687 1092
9688 1008
9689 1025
9690 1077
9691 1214
9692 1216
9693 1226
9694 1112
9695 1057
9696 1005
9697 1158
9698 1178
9699 1176
9700 1237
9701 1101
9702 1017
9703 1004
9704 1187
9705 1213
9706 1214
9707 1272
9708 1352
9709 1365
9710 1359
9711 1109
9712 1053
9713 1008
9714 1132
9715 1184
9716 1205
9717 1166
9718 1153
9719 1178
9720 1168
9721 1110
9722 1049
9723 1024
9724 1146
9725 1177
9726 1172
9727 1198
9728 1036
9729 1004
9730 1019
9731 1031
9732 1027
9733 1033
9734 1171
9735 1359
9736 1410
9737 1424
9738 1174
9739 1028
9740 1030
9741 1124
9742 1211
9743 1231
9744 1181
9745 1211
9746 1208
9747 1210
9748 1222
9749 1166
9750 1171
9751 1225
9752 1159
9753 1167
9754 1184
9755 1098
9756 1023
9757 1023
9758 1011
9759 1003
9760 1014
9761 1035
9762 1218
9763 1209
9764 1184
9765 1219
9766 1169
9767 1174
9768 1163
9769 1153
9770 1181
9771 1224
9772 1113
9773 1066
9774 1080
9775 1184
9776 1224
9777 1211
9778 1204
9779 1167
9780 1165
9781 1167
9782 1188
9783 1192
9784 1195
9785 1263
9786 1389
9787 1337
9788 1380
9789 1238
9790 1037
9791 1000
9792 1019
9793 1017
9794 1008
9795 1075
9796 1214
9797 1224
9798 1230
9799 1090
9800 1030
9801 1008
9802 1183
9803 1214
9804 1184
9805 1191
9806 1213
9807 1190
9808 1195
9809 1202
9810 1158
9811 1155
9812 1201
9813 1226
9814 1192
9815 1197
9816 1123
9817 1060
9818 1045
9819 1051
9820 1068
9821 1010
9822 1036
9823 1345
9824 1387
9825 1367
9826 1171
9827 1015
9828 1042
9829 1100
9830 1174
9831 1200
9832 1196
9833 1048
9834 1005
9835 1043
9836 1038
9837 999
9838 1024
9839 1023
9840 1181
9841 1172
9842 1178
9843 1135
9844 1064
9845 1030
9846 1141
9847 1232
9848 1213
9849 1174
9850 1093
9851 1054
9852 1048
9853 1151
9854 1186
9855 1222
9856 1232
9857 1177
9858 1180
9859 1181
9860 1035
9861 1013
9862 1013
9863 1047
9864 1039
9865 1057
9866 1044
9867 1256
9868 1386
9869 1356
9870 1172
9871 1059
9872 1067
9873 1073
9874 1233
9875 1195
9876 1165
9877 1174
9878 1166
9879 1174
9880 1094
9881 1049
9882 1042
9883 1040
9884 1187
9885 1231
9886 1191
9887 1190
9888 1202
9889 1193
9890 1160
9891 1177
9892 1155
9893 1187
9894 1079
9895 1007
9896 998
9897 1094
9898 1191
9899 1161
9900 1156
9901 1113
9902 1072
9903 1036
9904 1132
9905 1229
9906 1164
9907 1172
9908 1061
9909 1048
9910 1005
9911 1008
9912 1025
9913 1006
9914 1079
9915 1184
9916 1183
9917 1165
9918 1057
9919 1025
9920 1000
9921 1129
9922 1187
9923 1243
9924 1267
9925 1170
9926 1209
9927 1189
9928 1178
9929 1204
9930 1170
9931 1100
9932 1022
9933 1038
9934 1054
9935 1188
9936 1179
9937 1171
9938 1179
9939 1179
9940 1158
9941 1176
9942 1179
9943 1171
9944 1222
9945 1153
9946 1061
9947 1044
9948 1128
9949 1185
9950 1204
9951 1168
9952 1197
9953 1187
9954 1169
9955 1159
9956 1175
9957 1176
9958 1228
9959 1214
9960 1186
9961 1173
9962 1047
9963 1005
9964 1043
9965 1165
9966 1171
9967 1197
9968 1188
9969 1200
9970 1178
9971 1215
9972 1085
9973 1015
9974 1005
9975 1105
9976 1215
9977 1175
9978 1161
9979 1136
9980 1033
9981 1012
9982 998
9983 1040
9984 1015
9985 1066
9986 1207
9987 1218
9988 1179
9989 1184
9990 1191
9991 1178
9992 1111
9993 1061
9994 1029
9995 1034
9996 1238
9997 1189
9998 1169
9999 1158
# sum: 1136
# min: 576
# max: 2325
# err cnt: 4
