1216 1
1222 2
1225 4
1232 5
1245 6
1249 8
1250 9
1251 10
1252 11
1253 16
1254 17
1256 21
1257 30
1258 35
1259 44
1260 53
1261 62
1262 76
1263 90
1264 115
1265 148
1266 193
1267 234
1268 294
1269 356
1270 423
1271 505
1272 583
1273 687
1274 839
1275 970
1276 1121
1277 1300
1278 1513
1279 1704
1280 1935
1281 2191
1282 2419
1283 2676
1284 2920
1285 3149
1286 3383
1287 3639
1288 3891
1289 4110
1290 4366
1291 4585
1292 4815
1293 5046
1294 5290
1295 5488
1296 5688
1297 5888
1298 6057
1299 6218
1300 6410
1301 6574
1302 6737
1303 6895
1304 7043
1305 7154
1306 7253
1307 7356
1308 7451
1309 7527
1310 7599
1311 7660
1312 7713
1313 7765
1314 7820
1315 7864
1316 7902
1317 7944
1318 7980
1319 8019
1320 8051
1321 8074
1322 8096
1323 8120
1324 8141
1325 8162
1326 8190
1327 8206
1328 8221
1329 8242
1330 8259
1331 8277
1332 8292
1333 8314
1334 8334
1335 8348
1336 8365
1337 8382
1338 8411
1339 8428
1340 8449
1341 8467
1342 8494
1343 8533
1344 8559
1345 8592
1346 8621
1347 8658
1348 8679
1349 8718
1350 8746
1351 8781
1352 8806
1353 8843
1354 8880
1355 8918
1356 8948
1357 8984
1358 9012
1359 9053
1360 9082
1361 9111
1362 9147
1363 9168
1364 9213
1365 9254
1366 9286
1367 9324
1368 9354
1369 9388
1370 9413
1371 9442
1372 9468
1373 9490
1374 9500
1375 9519
1376 9534
1377 9548
1378 9564
1379 9577
1380 9592
1381 9603
1382 9609
1383 9624
1384 9632
1385 9639
1386 9644
1387 9662
1388 9667
1389 9675
1390 9681
1391 9686
1392 9691
1393 9693
1394 9695
1395 9697
1396 9699
1397 9700
1398 9701
1399 9702
1400 9704
1401 9705
1405 9706
1407 9707
1411 9709
1412 9710
1414 9711
1415 9712
1416 9713
1417 9715
1418 9717
1419 9718
1420 9719
1421 9722
1422 9724
1423 9725
1424 9727
1425 9729
1427 9734
1428 9736
1429 9738
1430 9741
1431 9745
1432 9748
1433 9752
1434 9754
1435 9764
1436 9767
1437 9773
1438 9781
1439 9786
1440 9791
1441 9795
1442 9799
1443 9802
1444 9810
1445 9814
1446 9820
1447 9823
1448 9826
1449 9832
1450 9836
1451 9842
1452 9850
1453 9853
1454 9860
1455 9862
1456 9865
1457 9867
1458 9873
1459 9877
1460 9879
1461 9882
1462 9884
1463 9886
1464 9887
1465 9889
1466 9890
1467 9895
1468 9897
1469 9898
1471 9900
1473 9902
1474 9903
1476 9905
1477 9906
1478 9909
1480 9910
1482 9911
1484 9912
1485 9913
1487 9914
1488 9915
1490 9917
1491 9919
1492 9920
1493 9921
1494 9923
1496 9925
1506 9927
1507 9928
1512 9929
1514 9930
1517 9931
1519 9933
1521 9934
1523 9935
1527 9936
1530 9939
1531 9941
1532 9943
1535 9945
1536 9946
1537 9947
1539 9948
1540 9949
1541 9952
1543 9953
1544 9957
1545 9962
1546 9963
1547 9964
1548 9966
1549 9967
1550 9968
1551 9969
1552 9972
1553 9973
1554 9976
1555 9978
1558 9979
1560 9980
1561 9981
1562 9982
1563 9984
1564 9985
1565 9987
1566 9988
1569 9989
1571 9990
1572 9991
1573 9992
1574 9994
1579 9995
1581 9996
1585 9997
1623 9998
1663 9999
2669 10000
