1216 1
1222 1
1225 2
1232 1
1245 1
1249 2
1250 1
1251 1
1252 1
1253 5
1254 1
1256 4
1257 9
1258 5
1259 9
1260 9
1261 9
1262 14
1263 14
1264 25
1265 33
1266 45
1267 41
1268 60
1269 62
1270 67
1271 82
1272 78
1273 104
1274 152
1275 131
1276 151
1277 179
1278 213
1279 191
1280 231
1281 256
1282 228
1283 257
1284 244
1285 229
1286 234
1287 256
1288 252
1289 219
1290 256
1291 219
1292 230
1293 231
1294 244
1295 198
1296 200
1297 200
1298 169
1299 161
1300 192
1301 164
1302 163
1303 158
1304 148
1305 111
1306 99
1307 103
1308 95
1309 76
1310 72
1311 61
1312 53
1313 52
1314 55
1315 44
1316 38
1317 42
1318 36
1319 39
1320 32
1321 23
1322 22
1323 24
1324 21
1325 21
1326 28
1327 16
1328 15
1329 21
1330 17
1331 18
1332 15
1333 22
1334 20
1335 14
1336 17
1337 17
1338 29
1339 17
1340 21
1341 18
1342 27
1343 39
1344 26
1345 33
1346 29
1347 37
1348 21
1349 39
1350 28
1351 35
1352 25
1353 37
1354 37
1355 38
1356 30
1357 36
1358 28
1359 41
1360 29
1361 29
1362 36
1363 21
1364 45
1365 41
1366 32
1367 38
1368 30
1369 34
1370 25
1371 29
1372 26
1373 22
1374 10
1375 19
1376 15
1377 14
1378 16
1379 13
1380 15
1381 11
1382 6
1383 15
1384 8
1385 7
1386 5
1387 18
1388 5
1389 8
1390 6
1391 5
1392 5
1393 2
1394 2
1395 2
1396 2
1397 1
1398 1
1399 1
1400 2
1401 1
1405 1
1407 1
1411 2
1412 1
1414 1
1415 1
1416 1
1417 2
1418 2
1419 1
1420 1
1421 3
1422 2
1423 1
1424 2
1425 2
1427 5
1428 2
1429 2
1430 3
1431 4
1432 3
1433 4
1434 2
1435 10
1436 3
1437 6
1438 8
1439 5
1440 5
1441 4
1442 4
1443 3
1444 8
1445 4
1446 6
1447 3
1448 3
1449 6
1450 4
1451 6
1452 8
1453 3
1454 7
1455 2
1456 3
1457 2
1458 6
1459 4
1460 2
1461 3
1462 2
1463 2
1464 1
1465 2
1466 1
1467 5
1468 2
1469 1
1471 2
1473 2
1474 1
1476 2
1477 1
1478 3
1480 1
1482 1
1484 1
1485 1
1487 1
1488 1
1490 2
1491 2
1492 1
1493 1
1494 2
1496 2
1506 2
1507 1
1512 1
1514 1
1517 1
1519 2
1521 1
1523 1
1527 1
1530 3
1531 2
1532 2
1535 2
1536 1
1537 1
1539 1
1540 1
1541 3
1543 1
1544 4
1545 5
1546 1
1547 1
1548 2
1549 1
1550 1
1551 1
1552 3
1553 1
1554 3
1555 2
1558 1
1560 1
1561 1
1562 1
1563 2
1564 1
1565 2
1566 1
1569 1
1571 1
1572 1
1573 1
1574 2
1579 1
1581 1
1585 1
1623 1
1663 1
2669 1
