15 1
16 2
17 3
18 4
19 5
20 6
21 7
22 8
29 10
33 11
40 12
44 13
48 14
50 15
52 16
53 18
56 19
60 21
61 22
63 23
64 24
66 25
68 26
72 27
75 28
77 29
79 31
85 32
88 33
92 34
103 35
106 36
109 37
114 38
116 39
118 40
120 41
123 42
125 43
127 44
128 45
130 47
131 49
137 50
147 51
148 52
150 53
151 54
153 56
155 57
158 58
160 59
169 60
175 61
176 62
178 63
190 64
193 65
195 66
198 68
199 69
201 70
203 72
206 73
208 74
209 75
210 76
215 77
218 78
220 79
223 80
225 82
226 83
231 84
236 86
237 87
238 88
239 89
243 90
247 91
248 92
252 93
254 94
257 96
260 98
262 99
266 100
270 101
272 102
273 104
274 106
276 107
279 108
282 109
287 110
288 111
294 112
295 113
298 114
301 115
306 116
310 118
313 119
314 120
317 121
319 122
320 123
323 125
325 126
326 127
327 128
330 129
332 131
334 132
336 133
337 134
338 135
342 136
344 137
350 138
355 139
357 140
359 142
360 143
370 145
371 146
374 147
385 148
387 149
391 151
396 152
402 153
408 154
410 156
411 157
420 159
422 160
425 161
426 162
427 163
428 165
429 166
430 167
431 168
432 169
433 170
437 171
438 172
440 173
442 174
447 175
449 177
452 178
455 179
456 180
457 181
460 182
462 183
463 184
466 185
469 186
470 187
475 188
476 189
477 191
478 192
480 193
482 194
484 195
488 196
489 197
501 198
505 199
507 200
511 201
512 202
515 203
520 205
521 206
523 207
526 208
540 209
544 211
546 212
548 214
550 215
554 216
556 217
565 218
566 219
569 220
577 221
583 222
584 223
594 224
595 225
597 227
602 228
603 230
605 233
606 235
609 236
610 237
614 238
616 240
617 242
619 244
620 247
623 248
626 249
627 250
628 252
629 253
630 254
637 255
641 256
644 257
647 258
653 259
655 260
656 262
657 263
658 265
666 266
668 268
673 269
676 270
681 271
688 273
691 274
692 275
698 276
702 277
704 279
710 280
712 282
714 283
715 286
718 287
726 288
728 289
729 291
731 292
733 293
738 294
746 295
749 296
752 297
761 298
763 299
765 300
770 301
773 302
779 303
780 304
782 305
786 306
789 307
792 309
794 310
797 311
798 312
799 314
800 315
803 316
805 318
808 319
810 321
813 322
815 324
818 325
819 327
822 328
823 329
824 330
827 331
829 332
837 333
841 334
848 336
850 337
855 338
858 340
859 341
866 342
871 344
874 345
875 347
877 348
879 349
881 350
883 351
890 352
892 354
897 355
898 356
899 357
901 358
905 360
914 361
918 363
920 364
927 365
929 366
933 367
937 368
941 369
944 370
949 371
950 372
955 373
958 374
959 375
962 377
963 378
965 379
966 380
967 382
968 383
975 384
980 385
983 386
985 387
988 388
989 389
992 390
1000 391
1002 392
1006 393
1008 396
1011 397
1012 398
1013 399
1014 400
1016 401
1017 402
1019 403
1020 404
1025 406
1026 407
1040 408
1043 409
1050 410
1051 411
1056 412
1061 413
1063 414
1065 415
1066 416
1067 417
1074 418
1075 419
1078 420
1080 422
1081 423
1082 424
1084 426
1088 427
1090 428
1097 429
1098 430
1100 431
1102 432
1104 433
1109 434
1111 435
1118 436
1123 437
1128 439
1134 440
1138 441
1139 442
1141 443
1144 444
1145 445
1146 446
1148 448
1150 449
1156 450
1159 451
1164 452
1165 453
1166 454
1169 457
1172 458
1175 459
1180 460
1182 461
1183 462
1184 465
1185 466
1187 468
1191 469
1192 471
1196 472
1201 474
1207 475
1209 476
1210 477
1211 478
1213 479
1217 482
1224 483
1227 484
1230 485
1234 486
1236 487
1238 488
1239 489
1242 490
1245 491
1249 492
1250 493
1251 494
1252 495
1253 496
1256 497
1258 499
1259 500
1270 502
1273 503
1276 505
1285 506
1289 507
1293 508
1296 509
1297 511
1298 512
1301 513
1302 514
1304 516
1314 517
1323 518
1324 519
1326 520
1327 521
1328 522
1331 523
1337 524
1340 525
1344 526
1353 527
1357 528
1358 530
1362 531
1366 532
1368 533
1373 535
1374 536
1375 538
1376 539
1379 540
1381 541
1384 542
1386 544
1388 545
1389 546
1390 547
1392 548
1393 549
1396 550
1397 551
1404 552
1409 553
1410 555
1421 557
1425 558
1429 559
1432 562
1441 563
1443 564
1445 565
1446 567
1447 568
1452 569
1456 570
1467 571
1471 572
1473 573
1476 574
1481 575
1482 576
1484 577
1489 578
1490 579
1491 580
1492 581
1494 582
1495 584
1496 585
1503 588
1505 589
1512 590
1516 592
1520 593
1525 594
1526 595
1533 596
1535 597
1536 598
1541 599
1544 600
1545 601
1549 602
1550 604
1554 605
1555 607
1556 610
1558 611
1560 612
1565 613
1566 614
1568 615
1569 616
1574 617
1582 618
1583 620
1585 621
1587 622
1591 624
1595 625
1603 626
1607 627
1610 628
1614 629
1617 630
1618 631
1619 632
1622 633
1628 635
1631 636
1635 637
1636 638
1637 639
1638 640
1639 641
1640 643
1642 644
1645 646
1650 647
1651 648
1652 649
1660 650
1661 651
1663 652
1665 653
1670 654
1673 655
1674 656
1682 657
1687 658
1688 659
1690 660
1698 661
1701 662
1711 663
1714 664
1717 665
1721 666
1726 667
1740 668
1837 670
1838 675
1839 699
1840 754
1841 791
1842 803
1843 811
1844 813
1845 814
1846 815
1848 818
1849 819
1850 821
1854 822
1869 823
1874 824
1882 825
1883 829
1884 835
1885 842
1886 850
1887 856
1888 860
1889 861
1890 863
1891 864
1892 866
1893 871
1894 872
1895 873
1896 874
1898 877
1899 878
1905 879
1909 880
1911 881
1926 882
1936 883
1956 884
1957 885
1958 886
1959 887
1961 890
1962 893
1963 896
1964 904
1965 908
1966 914
1967 917
1968 924
1969 926
1970 927
1971 928
1972 929
1973 930
1974 931
1976 932
1977 934
1979 935
1981 936
1991 937
1994 938
1996 939
1997 1063
1998 1921
1999 3674
2000 6356
2001 8670
2002 9298
2003 9400
2004 9432
2005 9457
2006 9469
2007 9486
2008 9510
2009 9547
2010 9585
2011 9607
2012 9612
2013 9613
2014 9618
2015 9624
2016 9642
2017 9680
2018 9720
2019 9746
2020 9769
2021 9778
2022 9785
2023 9789
2024 9791
2025 9795
2026 9801
2027 9809
2028 9815
2029 9823
2030 9828
2034 9831
2035 9840
2036 9859
2037 9876
2038 9894
2039 9898
2040 9899
2041 9902
2042 9905
2045 9913
2046 9922
2047 9931
2048 9939
2049 9942
2052 9943
2053 9948
2054 9959
2055 9971
2056 9982
2057 9986
2058 9989
2059 9997
2074 9998
2079 9999
2119 10000
