0 15
1 13
2 11
3 11
4 10
5 10
6 10
7 10
8 10
9 10
10 10
11 10
12 11
13 10
14 10
15 10
16 10
17 10
18 10
19 10
20 10
21 10
22 10
23 10
24 11
25 11
26 10
27 10
28 10
29 10
30 10
31 11
32 11
33 11
34 10
35 10
36 10
37 10
38 10
39 10
40 10
41 10
42 10
43 10
44 10
45 10
46 11
47 10
48 10
49 10
50 10
51 10
52 10
53 10
54 10
55 10
56 10
57 10
58 10
59 10
60 10
61 10
62 11
63 10
64 10
65 11
66 10
67 10
68 10
69 10
70 10
71 10
72 10
73 10
74 11
75 10
76 10
77 10
78 11
79 10
80 11
81 10
82 10
83 10
84 11
85 10
86 10
87 10
88 10
89 13
90 11
91 11
92 11
93 11
94 11
95 10
96 11
97 10
98 11
99 10
100 10
101 10
102 11
103 10
104 10
105 10
106 11
107 10
108 10
109 11
110 10
111 10
112 10
113 10
114 11
115 10
116 10
117 10
118 10
119 11
120 10
121 10
122 11
123 10
124 11
125 11
126 10
127 10
128 10
129 10
130 10
131 10
132 10
133 11
134 11
135 10
136 10
137 10
138 10
139 10
140 11
141 10
142 11
143 10
144 11
145 10
146 10
147 10
148 11
149 10
150 10
151 10
152 10
153 10
154 10
155 10
156 10
157 10
158 11
159 11
160 11
161 10
162 11
163 10
164 11
165 11
166 10
167 10
168 11
169 11
170 11
171 11
172 11
173 11
174 10
175 11
176 11
177 10
178 11
179 10
180 10
181 10
182 11
183 10
184 11
185 12
186 10
187 10
188 11
189 10
190 10
191 10
192 10
193 10
194 11
195 11
196 11
197 11
198 11
199 11
200 12
201 11
202 11
203 11
204 10
205 11
206 10
207 10
208 11
209 10
210 11
211 10
212 10
213 10
214 10
215 11
216 10
217 10
218 10
219 11
220 10
221 10
222 10
223 10
224 10
225 10
226 11
227 10
228 10
229 10
230 10
231 10
232 10
233 10
234 10
235 10
236 11
237 10
238 11
239 11
240 10
241 10
242 10
243 10
244 10
245 10
246 10
247 10
248 10
249 10
250 10
251 11
252 10
253 10
254 11
255 10
256 10
257 10
258 10
259 10
260 10
261 11
262 11
263 10
264 10
265 10
266 10
267 10
268 10
269 10
270 10
271 11
272 10
273 10
274 10
275 10
276 11
277 12
278 11
279 10
280 11
281 10
282 10
283 10
284 10
285 10
286 10
287 10
288 11
289 13
290 11
291 11
292 11
293 11
294 11
295 10
296 11
297 10
298 11
299 10
300 11
301 10
302 11
303 10
304 11
305 11
306 11
307 11
308 11
309 11
310 10
311 10
312 10
313 10
314 10
315 10
316 10
317 10
318 10
319 10
320 11
321 10
322 10
323 10
324 10
325 11
326 11
327 10
328 10
329 10
330 10
331 10
332 10
333 10
334 11
335 10
336 11
337 10
338 10
339 11
340 11
341 10
342 10
343 10
344 11
345 10
346 11
347 10
348 10
349 10
350 10
351 10
352 10
353 10
354 11
355 10
356 10
357 10
358 11
359 11
360 11
361 10
362 11
363 10
364 11
365 10
366 10
367 10
368 10
369 10
370 11
371 10
372 10
373 10
374 10
375 10
376 10
377 10
378 11
379 10
380 16
381 11
382 11
383 10
384 11
385 10
386 11
387 11
388 10
389 10
390 10
391 10
392 10
393 10
394 10
395 11
396 10
397 10
398 10
399 11
400 10
401 11
402 10
403 11
404 10
405 10
406 10
407 10
408 11
409 10
410 11
411 10
412 11
413 10
414 10
415 10
416 11
417 11
418 10
419 10
420 10
421 10
422 11
423 10
424 10
425 10
426 11
427 10
428 11
429 10
430 10
431 11
432 11
433 10
434 10
435 10
436 10
437 10
438 10
439 10
440 10
441 11
442 11
443 10
444 11
445 10
446 10
447 10
448 10
449 10
450 11
451 10
452 11
453 11
454 10
455 10
456 11
457 10
458 10
459 10
460 10
461 10
462 10
463 10
464 10
465 11
466 11
467 10
468 11
469 10
470 10
471 10
472 10
473 11
474 10
475 10
476 10
477 10
478 10
479 11
480 12
481 11
482 11
483 10
484 10
485 10
486 10
487 11
488 10
489 11
490 10
491 10
492 10
493 10
494 11
495 10
496 11
497 10
498 13
499 12
500 11
501 11
502 11
503 10
504 11
505 11
506 11
507 11
508 11
509 10
510 10
511 10
512 11
513 10
514 11
515 10
516 10
517 10
518 11
519 11
520 11
521 10
522 11
523 10
524 11
525 10
526 10
527 10
528 11
529 10
530 10
531 10
532 10
533 11
534 11
535 10
536 11
537 10
538 11
539 9
540 10
541 10
542 11
543 11
544 11
545 11
546 10
547 11
548 10
549 10
550 10
551 10
552 11
553 10
554 10
555 10
556 10
557 11
558 10
559 10
560 10
561 10
562 10
563 11
564 10
565 11
566 11
567 10
568 11
569 11
570 11
571 10
572 11
573 10
574 10
575 10
576 10
577 10
578 11
579 11
580 10
581 10
582 10
583 11
584 10
585 10
586 10
587 11
588 11
589 10
590 11
591 10
592 11
593 10
594 10
595 10
596 10
597 10
598 11
599 10
600 10
601 10
602 10
603 10
604 11
605 10
606 10
607 10
608 10
609 10
610 10
611 10
612 11
613 10
614 11
615 10
616 11
617 10
618 10
619 10
620 10
621 10
622 10
623 10
624 11
625 10
626 11
627 10
628 10
629 10
630 11
631 11
632 11
633 11
634 11
635 11
636 10
637 10
638 11
639 10
640 10
641 10
642 10
643 10
644 10
645 11
646 10
647 11
648 10
649 30
650 15
651 12
652 11
653 10
654 11
655 10
656 10
657 10
658 10
659 10
660 11
661 11
662 11
663 10
664 11
665 10
666 10
667 10
668 10
669 11
670 10
671 12
672 11
673 10
674 11
675 10
676 10
677 10
678 10
679 10
680 10
681 11
682 11
683 10
684 11
685 10
686 11
687 10
688 10
689 11
690 11
691 10
692 10
693 11
694 11
695 10
696 10
697 10
698 10
699 10
700 10
701 10
702 10
703 10
704 10
705 10
706 11
707 11
708 10
709 10
710 10
711 10
712 10
713 10
714 10
715 11
716 10
717 10
718 10
719 10
720 10
721 10
722 10
723 10
724 10
725 12
726 10
727 10
728 11
729 11
730 10
731 10
732 10
733 11
734 10
735 10
736 11
737 11
738 14
739 12
740 11
741 11
742 10
743 10
744 10
745 10
746 11
747 10
748 11
749 10
750 10
751 10
752 11
753 10
754 10
755 10
756 10
757 10
758 10
759 10
760 10
761 10
762 10
763 11
764 11
765 11
766 10
767 11
768 10
769 10
770 11
771 10
772 10
773 11
774 11
775 10
776 10
777 11
778 10
779 11
780 11
781 10
782 10
783 11
784 10
785 10
786 10
787 11
788 11
789 10
790 10
791 10
792 11
793 10
794 11
795 11
796 10
797 10
798 10
799 11
800 10
801 11
802 10
803 10
804 10
805 10
806 10
807 10
808 10
809 10
810 10
811 10
812 10
813 10
814 10
815 10
816 10
817 10
818 11
819 10
820 10
821 10
822 11
823 10
824 11
825 11
826 10
827 10
828 10
829 11
830 11
831 10
832 11
833 10
834 10
835 10
836 10
837 10
838 11
839 10
840 10
841 11
842 11
843 11
844 10
845 10
846 9
847 11
848 10
849 10
850 11
851 11
852 10
853 10
854 11
855 11
856 10
857 10
858 11
859 10
860 11
861 10
862 10
863 11
864 11
865 11
866 11
867 10
868 11
869 10
870 10
871 10
872 11
873 11
874 10
875 10
876 11
877 10
878 11
879 10
880 10
881 11
882 11
883 11
884 11
885 11
886 10
887 11
888 10
889 10
890 11
891 11
892 11
893 10
894 10
895 11
896 11
897 10
898 11
899 10
900 10
901 10
902 10
903 10
904 10
905 11
906 11
907 11
908 11
909 10
910 10
911 10
912 10
913 11
914 12
915 12
916 10
917 11
918 11
919 11
920 11
921 10
922 10
923 11
924 10
925 10
926 11
927 10
928 11
929 10
930 10
931 11
932 10
933 10
934 10
935 10
936 10
937 11
938 10
939 11
940 10
941 11
942 11
943 11
944 11
945 11
946 10
947 11
948 10
949 11
950 10
951 11
952 10
953 11
954 11
955 10
956 10
957 10
958 11
959 11
960 11
961 11
962 11
963 10
964 10
965 10
966 10
967 11
968 10
969 10
970 10
971 10
972 10
973 10
974 11
975 11
976 11
977 10
978 11
979 11
980 11
981 10
982 10
983 10
984 10
985 10
986 10
987 10
988 11
989 11
990 11
991 10
992 11
993 10
994 10
995 10
996 10
997 11
998 10
999 10
# sum: 10
# min: 9
# max: 30
# err cnt: 0
