0 4196
1 4095
2 4078
3 4132
4 4195
5 4233
6 4200
7 4182
8 4132
9 4252
10 4252
11 4253
12 4226
13 4182
14 4253
15 4311
16 4076
17 4131
18 4081
19 4252
20 4293
21 4099
22 4338
23 4226
24 4223
25 4195
26 4182
27 4132
28 4131
29 4327
30 4341
31 4131
32 4227
33 4093
34 4115
35 4093
36 4076
37 4251
38 4137
39 4082
40 4187
41 4132
42 4251
43 4076
44 4144
45 4076
46 4252
47 4223
48 4076
49 4131
50 4131
51 4076
52 4076
53 4173
54 4166
55 4127
56 4131
57 4174
58 4111
59 4131
60 4326
61 4179
62 4131
63 4076
64 4076
65 4076
66 4131
67 4174
68 4132
69 4379
70 4183
71 4094
72 4075
73 4173
74 4093
75 4076
76 4182
77 4176
78 4235
79 4226
80 4193
81 4204
82 4127
83 4227
84 4111
85 4279
86 4094
87 4194
88 4131
89 4132
90 4173
91 4193
92 4251
93 4131
94 4131
95 4211
96 4269
97 4183
98 4232
99 4333
100 4278
101 4076
102 4115
103 4143
104 4271
105 4131
106 4223
107 4204
108 4194
109 4076
110 4173
111 4143
112 4131
113 4137
114 4228
115 4252
116 4182
117 4076
118 4076
119 4131
120 4131
121 4251
122 4081
123 4127
124 4226
125 4199
126 4338
127 4177
128 4131
129 4313
130 4115
131 4240
132 4174
133 4076
134 4251
135 4182
136 4338
137 4211
138 4131
139 4181
140 4134
141 4182
142 4076
143 4131
144 4076
145 4076
146 4131
147 4251
148 4251
149 4234
150 4127
151 4076
152 4182
153 4076
154 4131
155 4131
156 4076
157 4131
158 4076
159 4132
160 4312
161 4278
162 4253
163 4195
164 4282
165 4196
166 4149
167 4289
168 4270
169 4331
170 4251
171 4131
172 4131
173 4076
174 4131
175 4127
176 4216
177 4093
178 4131
179 4076
180 4137
181 4076
182 4173
183 4076
184 4194
185 4326
186 4137
187 4181
188 4076
189 4181
190 4131
191 4082
192 4178
193 4139
194 4145
195 4182
196 4226
197 4154
198 4076
199 4076
200 4131
201 4194
202 4194
203 4076
204 4167
205 4249
206 4253
207 4082
208 4115
209 4143
210 4311
211 4076
212 4076
213 4131
214 4279
215 4209
216 4293
217 4148
218 4076
219 4076
220 4076
221 4076
222 4131
223 4131
224 4168
225 4149
226 4304
227 4144
228 4076
229 4306
230 4174
231 4137
232 4182
233 4182
234 4327
235 4182
236 4131
237 4178
238 4194
239 4251
240 4146
241 4182
242 4173
243 4323
244 4182
245 4184
246 4074
247 4286
248 4157
249 4244
250 4114
251 4206
252 4143
253 4131
254 4076
255 4141
256 4239
257 4134
258 4284
259 4144
260 4253
261 4132
262 4167
263 4076
264 4131
265 4076
266 4131
267 4173
268 4193
269 4265
270 4198
271 4239
272 4093
273 4132
274 4173
275 4093
276 4076
277 4137
278 4076
279 4131
280 4131
281 4251
282 4311
283 4132
284 4226
285 4100
286 4311
287 4271
288 4076
289 4076
290 4251
291 4240
292 4098
293 4144
294 4235
295 4131
296 4131
297 4173
298 4160
299 4094
300 4369
301 4176
302 4131
303 4098
304 4131
305 4081
306 4131
307 4294
308 4177
309 4222
310 4173
311 4153
312 4087
313 4173
314 4149
315 4149
316 4131
317 4313
318 4227
319 4148
320 4131
321 4076
322 4131
323 4251
324 4182
325 4187
326 4076
327 4076
328 4076
329 4178
330 4131
331 4137
332 4076
333 4257
334 4258
335 4131
336 4076
337 4194
338 4126
339 4253
340 4076
341 4252
342 4087
343 4222
344 4076
345 4357
346 4144
347 4251
348 4076
349 4223
350 4082
351 4076
352 4313
353 4209
354 4364
355 4182
356 4282
357 4276
358 4131
359 4251
360 4131
361 4131
362 4126
363 4131
364 4075
365 4200
366 4168
367 4347
368 4323
369 4178
370 4126
371 4194
372 4313
373 4138
374 4173
375 4240
376 4279
377 4094
378 4258
379 4131
380 4076
381 4251
382 4253
383 4282
384 4100
385 4270
386 4300
387 4282
388 4148
389 4131
390 4239
391 4198
392 4076
393 4331
394 4187
395 4251
396 4300
397 4076
398 4240
399 4082
400 4076
401 4131
402 4218
403 4163
404 4131
405 4182
406 4194
407 4336
408 4240
409 4209
410 4131
411 4131
412 4226
413 4148
414 4131
415 4194
416 4186
417 4131
418 4181
419 4115
420 4148
421 4076
422 4076
423 4076
424 4251
425 4078
426 4082
427 4194
428 4253
429 4248
430 4251
431 4076
432 4132
433 4204
434 4143
435 4194
436 4131
437 4075
438 4076
439 4131
440 4282
441 4275
442 4076
443 4313
444 4143
445 4134
446 4133
447 4173
448 4154
449 4173
450 4251
451 4077
452 4127
453 4131
454 4131
455 4131
456 4131
457 4131
458 4181
459 4167
460 4143
461 4131
462 4076
463 4194
464 4131
465 4076
466 4076
467 4222
468 4251
469 4076
470 4148
471 4194
472 4372
473 4148
474 4337
475 4360
476 4131
477 4131
478 4182
479 4131
480 4182
481 4251
482 4251
483 4144
484 4173
485 4248
486 4269
487 4252
488 4131
489 4352
490 4076
491 4186
492 4323
493 4148
494 4251
495 4077
496 4082
497 4076
498 4173
499 4076
500 4283
501 4324
502 4251
503 4132
504 4194
505 4253
506 4131
507 4076
508 4126
509 4131
510 4076
511 4076
512 4396
513 4132
514 4184
515 4182
516 4076
517 4131
518 4076
519 4173
520 4076
521 4131
522 4252
523 4132
524 4159
525 4183
526 4076
527 4131
528 4077
529 4132
530 4076
531 4127
532 4131
533 4115
534 4246
535 4173
536 4161
537 4251
538 4261
539 4131
540 4196
541 4132
542 4076
543 4338
544 4330
545 4180
546 4076
547 4293
548 4415
549 4215
550 4200
551 4173
552 4264
553 4132
554 4137
555 4181
556 4182
557 4076
558 4173
559 4199
560 4131
561 4131
562 4131
563 4326
564 4173
565 4076
566 4132
567 4247
568 4270
569 4199
570 4076
571 4327
572 4252
573 4252
574 4181
575 4204
576 4132
577 4076
578 4327
579 4127
580 4225
581 4111
582 4076
583 4131
584 4131
585 4076
586 4131
587 4131
588 4159
589 4115
590 4462
591 4244
592 4226
593 4076
594 4131
595 4076
596 4076
597 4131
598 4183
599 4131
600 4319
601 4093
602 4076
603 4076
604 4076
605 4187
606 4094
607 4187
608 4173
609 4099
610 4194
611 4187
612 4178
613 4187
614 4194
615 4076
616 4131
617 4131
618 4173
619 4154
620 4131
621 4251
622 4076
623 4082
624 4076
625 4182
626 4115
627 4161
628 4094
629 4076
630 4251
631 4076
632 4131
633 4076
634 4178
635 4186
636 4126
637 4131
638 4132
639 4251
640 4214
641 4182
642 4127
643 4076
644 4076
645 4173
646 4173
647 4267
648 4293
649 4193
650 4229
651 4186
652 4284
653 4362
654 4182
655 4075
656 4115
657 4240
658 4131
659 4131
660 4186
661 4076
662 4076
663 4076
664 4131
665 4194
666 4126
667 4194
668 4163
669 4179
670 4131
671 4297
672 4132
673 4251
674 4131
675 4251
676 4182
677 4143
678 4226
679 4337
680 4240
681 4264
682 4240
683 4173
684 4159
685 4187
686 4173
687 4332
688 4196
689 4115
690 4261
691 4179
692 4317
693 4349
694 4245
695 4131
696 4131
697 4075
698 4278
699 4253
700 4112
701 4076
702 4132
703 4131
704 4181
705 4076
706 4076
707 4194
708 4131
709 4339
710 4076
711 4282
712 4143
713 4076
714 4115
715 4366
716 4294
717 4144
718 4340
719 4082
720 4075
721 4126
722 4131
723 4211
724 4140
725 4100
726 4131
727 4251
728 4131
729 4077
730 4076
731 4333
732 4293
733 4226
734 4252
735 4312
736 4115
737 4143
738 4131
739 4182
740 4076
741 4076
742 4226
743 4245
744 4143
745 4180
746 4191
747 4221
748 4182
749 4173
750 4198
751 4229
752 4094
753 4235
754 4306
755 4187
756 4094
757 4131
758 4181
759 4076
760 4181
761 4131
762 4182
763 4279
764 4076
765 4076
766 4076
767 4076
768 4179
769 4127
770 4187
771 4082
772 4333
773 4250
774 4137
775 4076
776 4251
777 4137
778 4131
779 4194
780 4127
781 4131
782 4131
783 4182
784 4371
785 4181
786 4131
787 4173
788 4131
789 4131
790 4131
791 4081
792 4293
793 4181
794 4131
795 4131
796 4131
797 4194
798 4173
799 4076
800 4181
801 4132
802 4326
803 4126
804 4137
805 4076
806 4251
807 4332
808 4198
809 4167
810 4076
811 4130
812 4076
813 4137
814 4076
815 4226
816 4155
817 4115
818 4093
819 4182
820 4144
821 4243
822 4148
823 4076
824 4131
825 4182
826 4239
827 4154
828 4131
829 4132
830 4239
831 4098
832 4173
833 4131
834 4137
835 4362
836 4132
837 4131
838 4338
839 4111
840 4131
841 4076
842 4131
843 4131
844 4181
845 4399
846 4154
847 4361
848 4313
849 4173
850 4179
851 4155
852 4181
853 4076
854 4178
855 4182
856 4143
857 4082
858 4082
859 4076
860 4137
861 4132
862 4082
863 4131
864 4194
865 4131
866 4251
867 4273
868 4176
869 4126
870 4076
871 4252
872 4076
873 4076
874 4186
875 4144
876 4194
877 4279
878 4131
879 4251
880 4194
881 4131
882 4251
883 4173
884 4148
885 4131
886 4081
887 4292
888 4099
889 4292
890 4165
891 4076
892 4093
893 4148
894 4132
895 4251
896 4132
897 4273
898 4115
899 4311
900 4076
901 4127
902 4245
903 4251
904 4131
905 4134
906 4137
907 4076
908 4240
909 4380
910 4076
911 4194
912 4126
913 4131
914 4320
915 4149
916 4211
917 4161
918 4194
919 4131
920 4229
921 4132
922 4326
923 4076
924 4194
925 4132
926 4254
927 4252
928 4399
929 4144
930 4251
931 4131
932 4195
933 4131
934 4076
935 4132
936 4168
937 4144
938 4173
939 4156
940 4312
941 4132
942 4129
943 4199
944 4312
945 4099
946 4251
947 4076
948 4076
949 4076
950 4259
951 4434
952 4139
953 4223
954 4252
955 4131
956 4131
957 4194
958 4251
959 4174
960 4193
961 4194
962 4332
963 4139
964 4251
965 4251
966 4131
967 4076
968 4131
969 4362
970 4173
971 4246
972 4149
973 4204
974 4253
975 4204
976 4182
977 4075
978 4194
979 4076
980 4276
981 4076
982 4131
983 4075
984 4131
985 4178
986 4131
987 4076
988 4131
989 4333
990 4194
991 4131
992 4143
993 4181
994 4173
995 4131
996 4076
997 4226
998 4276
999 4364
1000 4131
1001 4143
1002 4076
1003 4137
1004 4076
1005 4312
1006 4082
1007 4227
1008 4218
1009 4082
1010 4253
1011 4131
1012 4131
1013 4131
1014 4181
1015 4132
1016 4137
1017 4194
1018 4252
1019 4253
1020 4132
1021 4131
1022 4076
1023 4131
1024 4076
1025 4099
1026 4117
1027 4205
1028 4144
1029 4076
1030 4173
1031 4205
1032 4131
1033 4076
1034 4132
1035 4251
1036 4313
1037 4127
1038 4173
1039 4131
1040 4151
1041 4174
1042 4210
1043 4182
1044 4282
1045 4193
1046 4076
1047 4226
1048 4148
1049 4076
1050 4295
1051 4131
1052 4210
1053 4252
1054 4174
1055 4076
1056 4312
1057 4303
1058 4338
1059 4269
1060 4233
1061 4173
1062 4088
1063 4131
1064 4131
1065 4194
1066 4293
1067 4154
1068 4076
1069 4115
1070 4198
1071 4076
1072 4282
1073 4184
1074 4131
1075 4178
1076 4251
1077 4232
1078 4180
1079 4252
1080 4076
1081 4333
1082 4362
1083 4132
1084 4173
1085 4150
1086 4167
1087 4204
1088 4082
1089 4076
1090 4252
1091 4131
1092 4226
1093 4182
1094 4182
1095 4076
1096 4252
1097 4076
1098 4076
1099 4182
1100 4132
1101 4076
1102 4131
1103 4131
1104 4076
1105 4131
1106 4137
1107 4076
1108 4173
1109 4199
1110 4144
1111 4131
1112 4235
1113 4076
1114 4182
1115 4209
1116 4076
1117 4082
1118 4235
1119 4132
1120 4076
1121 4178
1122 4132
1123 4295
1124 4383
1125 4289
1126 4170
1127 4131
1128 4131
1129 4076
1130 4131
1131 4251
1132 4178
1133 4313
1134 4082
1135 4173
1136 4294
1137 4270
1138 4328
1139 4083
1140 4196
1141 4076
1142 4077
1143 4076
1144 4076
1145 4295
1146 4179
1147 4076
1148 4194
1149 4182
1150 4282
1151 4192
1152 4203
1153 4179
1154 4287
1155 4204
1156 4178
1157 4076
1158 4127
1159 4131
1160 4137
1161 4326
1162 4176
1163 4178
1164 4182
1165 4263
1166 4257
1167 4323
1168 4211
1169 4307
1170 4148
1171 4131
1172 4131
1173 4181
1174 4362
1175 4356
1176 4126
1177 4115
1178 4160
1179 4137
1180 4076
1181 4308
1182 4076
1183 4251
1184 4181
1185 4245
1186 4093
1187 4076
1188 4166
1189 4076
1190 4251
1191 4179
1192 4076
1193 4179
1194 4198
1195 4181
1196 4257
1197 4131
1198 4156
1199 4399
1200 4300
1201 4193
1202 4076
1203 4200
1204 4223
1205 4240
1206 4200
1207 4081
1208 4194
1209 4302
1210 4290
1211 4204
1212 4192
1213 4127
1214 4076
1215 4131
1216 4131
1217 4115
1218 4092
1219 4186
1220 4362
1221 4148
1222 4338
1223 4294
1224 4270
1225 4133
1226 4295
1227 4313
1228 4251
1229 4076
1230 4131
1231 4252
1232 4173
1233 4146
1234 4099
1235 4173
1236 4148
1237 4131
1238 4178
1239 4131
1240 4181
1241 4173
1242 4131
1243 4131
1244 4131
1245 4076
1246 4251
1247 4127
1248 4187
1249 4243
1250 4288
1251 4148
1252 4076
1253 4252
1254 4251
1255 4076
1256 4131
1257 4094
1258 4203
1259 4131
1260 4181
1261 4251
1262 4251
1263 4076
1264 4251
1265 4131
1266 4187
1267 4132
1268 4167
1269 4320
1270 4132
1271 4173
1272 4221
1273 4132
1274 4131
1275 4076
1276 4226
1277 4093
1278 4081
1279 4131
1280 4205
1281 4131
1282 4131
1283 4131
1284 4132
1285 4282
1286 4195
1287 4204
1288 4076
1289 4131
1290 4093
1291 4361
1292 4217
1293 4228
1294 4187
1295 4076
1296 4131
1297 4178
1298 4131
1299 4173
1300 4142
1301 4075
1302 4252
1303 4173
1304 4293
1305 4221
1306 4131
1307 4251
1308 4276
1309 4305
1310 4204
1311 4319
1312 4403
1313 4196
1314 4131
1315 4144
1316 4131
1317 4076
1318 4312
1319 4182
1320 4194
1321 4132
1322 4126
1323 4076
1324 4240
1325 4132
1326 4278
1327 4198
1328 4127
1329 4076
1330 4251
1331 4229
1332 4182
1333 4076
1334 4076
1335 4131
1336 4076
1337 4253
1338 4232
1339 4132
1340 4133
1341 4238
1342 4082
1343 4270
1344 4194
1345 4194
1346 4115
1347 4199
1348 4104
1349 4217
1350 4175
1351 4295
1352 4249
1353 4313
1354 4137
1355 4311
1356 4076
1357 4178
1358 4366
1359 4241
1360 4134
1361 4078
1362 4194
1363 4076
1364 4076
1365 4209
1366 4131
1367 4251
1368 4270
1369 4199
1370 4386
1371 4173
1372 4076
1373 4131
1374 4131
1375 4132
1376 4173
1377 4198
1378 4131
1379 4131
1380 4173
1381 4340
1382 4238
1383 4301
1384 4137
1385 4131
1386 4131
1387 4131
1388 4132
1389 4293
1390 4149
1391 4115
1392 4221
1393 4076
1394 4076
1395 4131
1396 4131
1397 4076
1398 4131
1399 4173
1400 4186
1401 4200
1402 4222
1403 4131
1404 4137
1405 4076
1406 4131
1407 4182
1408 4226
1409 4214
1410 4182
1411 4131
1412 4131
1413 4076
1414 4076
1415 4127
1416 4131
1417 4178
1418 4099
1419 4182
1420 4383
1421 4296
1422 4132
1423 4132
1424 4181
1425 4329
1426 4099
1427 4131
1428 4131
1429 4179
1430 4131
1431 4252
1432 4115
1433 4390
1434 4139
1435 4076
1436 4240
1437 4182
1438 4131
1439 4076
1440 4101
1441 4240
1442 4130
1443 4131
1444 4093
1445 4148
1446 4076
1447 4131
1448 4132
1449 4240
1450 4126
1451 4131
1452 4076
1453 4076
1454 4082
1455 4131
1456 4076
1457 4131
1458 4182
1459 4076
1460 4131
1461 4132
1462 4173
1463 4143
1464 4180
1465 4093
1466 4076
1467 4173
1468 4131
1469 4076
1470 4131
1471 4200
1472 4251
1473 4076
1474 4115
1475 4143
1476 4115
1477 4143
1478 4076
1479 4131
1480 4194
1481 4131
1482 4076
1483 4194
1484 4076
1485 4251
1486 4279
1487 4155
1488 4132
1489 4131
1490 4076
1491 4253
1492 4131
1493 4167
1494 4313
1495 4076
1496 4194
1497 4283
1498 4131
1499 4182
1500 4149
1501 4312
1502 4131
1503 4076
1504 4076
1505 4131
1506 4131
1507 4076
1508 4181
1509 4126
1510 4076
1511 4127
1512 4076
1513 4131
1514 4251
1515 4282
1516 4093
1517 4131
1518 4251
1519 4099
1520 4076
1521 4115
1522 4148
1523 4131
1524 4131
1525 4077
1526 4131
1527 4131
1528 4178
1529 4076
1530 4204
1531 4251
1532 4076
1533 4131
1534 4204
1535 4076
1536 4131
1537 4076
1538 4305
1539 4174
1540 4251
1541 4181
1542 4178
1543 4247
1544 4182
1545 4075
1546 4131
1547 4132
1548 4173
1549 4185
1550 4160
1551 4282
1552 4181
1553 4144
1554 4076
1555 4294
1556 4209
1557 4131
1558 4076
1559 4076
1560 4131
1561 4131
1562 4270
1563 4300
1564 4144
1565 4115
1566 4269
1567 4131
1568 4131
1569 4226
1570 4155
1571 4076
1572 4076
1573 4131
1574 4076
1575 4075
1576 4094
1577 4203
1578 4076
1579 4182
1580 4076
1581 4131
1582 4181
1583 4076
1584 4076
1585 4204
1586 4312
1587 4131
1588 4250
1589 4076
1590 4223
1591 4076
1592 4226
1593 4110
1594 4229
1595 4211
1596 4221
1597 4182
1598 4204
1599 4181
1600 4131
1601 4081
1602 4131
1603 4217
1604 4312
1605 4149
1606 4076
1607 4235
1608 4371
1609 4251
1610 4076
1611 4173
1612 4198
1613 4131
1614 4187
1615 4131
1616 4131
1617 4313
1618 4372
1619 4187
1620 4076
1621 4326
1622 4200
1623 4143
1624 4194
1625 4132
1626 4229
1627 4244
1628 4076
1629 4093
1630 4131
1631 4076
1632 4226
1633 4111
1634 4076
1635 4226
1636 4161
1637 4187
1638 4131
1639 4252
1640 4076
1641 4228
1642 4282
1643 4143
1644 4131
1645 4076
1646 4339
1647 4275
1648 4131
1649 4076
1650 4076
1651 4131
1652 4131
1653 4076
1654 4132
1655 4076
1656 4181
1657 4131
1658 4076
1659 4076
1660 4131
1661 4244
1662 4295
1663 4279
1664 4195
1665 4131
1666 4137
1667 4076
1668 4251
1669 4076
1670 4182
1671 4131
1672 4076
1673 4173
1674 4179
1675 4229
1676 4251
1677 4227
1678 4198
1679 4076
1680 4251
1681 4131
1682 4251
1683 4076
1684 4293
1685 4288
1686 4434
1687 4188
1688 4251
1689 4182
1690 4194
1691 4127
1692 4159
1693 4131
1694 4251
1695 4144
1696 4082
1697 4194
1698 4131
1699 4181
1700 4131
1701 4076
1702 4131
1703 4132
1704 4076
1705 4131
1706 4173
1707 4249
1708 4076
1709 4251
1710 4194
1711 4082
1712 4173
1713 4296
1714 4127
1715 4144
1716 4338
1717 4330
1718 4132
1719 4187
1720 4131
1721 4132
1722 4253
1723 4286
1724 4200
1725 4182
1726 4076
1727 4253
1728 4076
1729 4131
1730 4194
1731 4182
1732 4131
1733 4132
1734 4240
1735 4276
1736 4076
1737 4181
1738 4131
1739 4137
1740 4078
1741 4132
1742 4082
1743 4262
1744 4174
1745 4144
1746 4131
1747 4131
1748 4178
1749 4132
1750 4131
1751 4174
1752 4204
1753 4076
1754 4137
1755 4173
1756 4190
1757 4131
1758 4131
1759 4326
1760 4076
1761 4131
1762 4131
1763 4226
1764 4282
1765 4099
1766 4082
1767 4131
1768 4132
1769 4187
1770 4076
1771 4081
1772 4194
1773 4076
1774 4131
1775 4076
1776 4131
1777 4076
1778 4076
1779 4194
1780 4308
1781 4076
1782 4081
1783 4115
1784 4269
1785 4195
1786 4076
1787 4076
1788 4293
1789 4330
1790 4126
1791 4076
1792 4194
1793 4137
1794 4076
1795 4131
1796 4076
1797 4251
1798 4076
1799 4131
1800 4187
1801 4168
1802 4329
1803 4169
1804 4190
1805 4131
1806 4247
1807 4076
1808 4131
1809 4173
1810 4149
1811 4076
1812 4076
1813 4194
1814 4137
1815 4131
1816 4076
1817 4333
1818 4082
1819 4143
1820 4137
1821 4270
1822 4226
1823 4190
1824 4251
1825 4132
1826 4194
1827 4165
1828 4311
1829 4076
1830 4173
1831 4199
1832 4131
1833 4076
1834 4132
1835 4174
1836 4178
1837 4132
1838 4239
1839 4161
1840 4150
1841 4132
1842 4076
1843 4131
1844 4076
1845 4251
1846 4132
1847 4126
1848 4182
1849 4370
1850 4250
1851 4131
1852 4076
1853 4137
1854 4293
1855 4288
1856 4149
1857 4076
1858 4173
1859 4131
1860 4131
1861 4176
1862 4076
1863 4252
1864 4251
1865 4131
1866 4270
1867 4117
1868 4076
1869 4200
1870 4115
1871 4147
1872 4182
1873 4173
1874 4166
1875 4187
1876 4076
1877 4276
1878 4230
1879 4415
1880 4131
1881 4076
1882 4252
1883 4076
1884 4076
1885 4182
1886 4159
1887 4252
1888 4326
1889 4093
1890 4229
1891 4173
1892 4132
1893 4149
1894 4076
1895 4194
1896 4251
1897 4078
1898 4132
1899 4291
1900 4364
1901 4398
1902 4224
1903 4144
1904 4132
1905 4178
1906 4239
1907 4092
1908 4094
1909 4131
1910 4076
1911 4194
1912 4159
1913 4173
1914 4093
1915 4182
1916 4355
1917 4132
1918 4082
1919 4131
1920 4131
1921 4076
1922 4194
1923 4251
1924 4173
1925 4133
1926 4076
1927 4131
1928 4282
1929 4213
1930 4138
1931 4152
1932 4350
1933 4196
1934 4111
1935 4258
1936 4170
1937 4391
1938 4229
1939 4142
1940 4204
1941 4248
1942 4230
1943 4186
1944 4159
1945 4277
1946 4110
1947 4223
1948 4127
1949 4082
1950 4134
1951 4125
1952 4273
1953 4286
1954 4110
1955 4137
1956 4265
1957 4138
1958 4128
1959 4150
1960 4195
1961 4170
1962 4137
1963 4110
1964 4088
1965 4110
1966 4137
1967 4160
1968 4137
1969 4257
1970 4138
1971 4386
1972 4137
1973 4359
1974 4137
1975 4110
1976 4110
1977 4262
1978 4167
1979 4135
1980 4212
1981 4203
1982 4246
1983 4082
1984 4260
1985 4233
1986 4359
1987 4179
1988 4155
1989 4165
1990 4288
1991 4217
1992 4218
1993 4268
1994 4136
1995 4250
1996 4180
1997 4352
1998 4154
1999 4205
2000 4212
2001 4197
2002 4109
2003 4137
2004 4297
2005 4093
2006 4188
2007 4313
2008 4110
2009 4137
2010 4174
2011 4135
2012 4232
2013 4153
2014 4198
2015 4133
2016 4180
2017 4110
2018 4234
2019 4110
2020 4179
2021 4197
2022 4222
2023 4206
2024 4188
2025 4248
2026 4216
2027 4314
2028 4173
2029 4252
2030 4076
2031 4128
2032 4304
2033 4259
2034 4077
2035 4252
2036 4131
2037 4173
2038 4297
2039 4076
2040 4187
2041 4093
2042 4131
2043 4182
2044 4076
2045 4209
2046 4258
2047 4076
2048 4181
2049 4313
2050 4251
2051 4251
2052 4235
2053 4076
2054 4076
2055 4076
2056 4132
2057 4173
2058 4370
2059 4082
2060 4333
2061 4187
2062 4173
2063 4270
2064 4290
2065 4082
2066 4194
2067 4179
2068 4182
2069 4194
2070 4131
2071 4200
2072 4076
2073 4194
2074 4251
2075 4076
2076 4167
2077 4132
2078 4076
2079 4194
2080 4132
2081 4076
2082 4126
2083 4204
2084 4131
2085 4182
2086 4076
2087 4173
2088 4149
2089 4178
2090 4132
2091 4131
2092 4173
2093 4076
2094 4076
2095 4131
2096 4076
2097 4127
2098 4076
2099 4132
2100 4241
2101 4252
2102 4133
2103 4233
2104 4244
2105 4205
2106 4245
2107 4226
2108 4173
2109 4148
2110 4076
2111 4131
2112 4174
2113 4149
2114 4251
2115 4182
2116 4148
2117 4337
2118 4261
2119 4131
2120 4076
2121 4295
2122 4132
2123 4148
2124 4194
2125 4174
2126 4373
2127 4173
2128 4076
2129 4131
2130 4232
2131 4076
2132 4076
2133 4076
2134 4359
2135 4182
2136 4076
2137 4076
2138 4333
2139 4269
2140 4176
2141 4262
2142 4131
2143 4182
2144 4100
2145 4194
2146 4179
2147 4251
2148 4252
2149 4194
2150 4131
2151 4131
2152 4264
2153 4116
2154 4076
2155 4276
2156 4148
2157 4194
2158 4327
2159 4204
2160 4198
2161 4226
2162 4449
2163 4204
2164 4173
2165 4165
2166 4173
2167 4320
2168 4223
2169 4209
2170 4353
2171 4076
2172 4182
2173 4311
2174 4182
2175 4131
2176 4326
2177 4181
2178 4131
2179 4173
2180 4154
2181 4076
2182 4115
2183 4176
2184 4182
2185 4251
2186 4126
2187 4194
2188 4126
2189 4200
2190 4076
2191 4076
2192 4194
2193 4240
2194 4100
2195 4174
2196 4144
2197 4292
2198 4199
2199 4081
2200 4326
2201 4223
2202 4139
2203 4181
2204 4178
2205 4240
2206 4182
2207 4131
2208 4075
2209 4076
2210 4194
2211 4076
2212 4173
2213 4305
2214 4187
2215 4076
2216 4251
2217 4076
2218 4326
2219 4143
2220 4075
2221 4182
2222 4076
2223 4194
2224 4194
2225 4132
2226 4082
2227 4187
2228 4253
2229 4229
2230 4133
2231 4181
2232 4076
2233 4386
2234 4282
2235 4311
2236 4254
2237 4076
2238 4173
2239 4155
2240 4096
2241 4132
2242 4082
2243 4187
2244 4076
2245 4076
2246 4076
2247 4173
2248 4221
2249 4218
2250 4131
2251 4076
2252 4131
2253 4127
2254 4131
2255 4131
2256 4167
2257 4132
2258 4194
2259 4313
2260 4226
2261 4303
2262 4076
2263 4132
2264 4131
2265 4131
2266 4282
2267 4154
2268 4269
2269 4191
2270 4104
2271 4137
2272 4127
2273 4076
2274 4284
2275 4252
2276 4370
2277 4077
2278 4132
2279 4137
2280 4194
2281 4264
2282 4156
2283 4235
2284 4076
2285 4132
2286 4194
2287 4194
2288 4239
2289 4255
2290 4126
2291 4131
2292 4194
2293 4076
2294 4182
2295 4131
2296 4076
2297 4293
2298 4199
2299 4076
2300 4093
2301 4149
2302 4182
2303 4143
2304 4173
2305 4154
2306 4144
2307 4169
2308 4143
2309 4131
2310 4326
2311 4204
2312 4333
2313 4176
2314 4173
2315 4291
2316 4253
2317 4251
2318 4082
2319 4076
2320 4320
2321 4389
2322 4311
2323 4251
2324 4187
2325 4132
2326 4076
2327 4076
2328 4120
2329 4154
2330 4194
2331 4258
2332 4131
2333 4173
2334 4190
2335 4300
2336 4190
2337 4224
2338 4127
2339 4291
2340 4077
2341 4251
2342 4173
2343 4093
2344 4131
2345 4204
2346 4182
2347 4126
2348 4127
2349 4362
2350 4229
2351 4258
2352 4251
2353 4131
2354 4251
2355 4182
2356 4204
2357 4127
2358 4173
2359 4166
2360 4144
2361 4076
2362 4131
2363 4200
2364 4076
2365 4075
2366 4181
2367 4174
2368 4290
2369 4251
2370 4227
2371 4196
2372 4293
2373 4099
2374 4131
2375 4132
2376 4314
2377 4076
2378 4081
2379 4076
2380 4131
2381 4076
2382 4221
2383 4244
2384 4093
2385 4194
2386 4082
2387 4114
2388 4148
2389 4131
2390 4235
2391 4127
2392 4076
2393 4192
2394 4094
2395 4209
2396 4131
2397 4131
2398 4173
2399 4099
2400 4253
2401 4132
2402 4138
2403 4127
2404 4127
2405 4131
2406 4194
2407 4198
2408 4163
2409 4181
2410 4131
2411 4094
2412 4131
2413 4076
2414 4178
2415 4126
2416 4076
2417 4181
2418 4173
2419 4181
2420 4144
2421 4226
2422 4148
2423 4270
2424 4093
2425 4077
2426 4082
2427 4131
2428 4076
2429 4174
2430 4093
2431 4194
2432 4173
2433 4149
2434 4350
2435 4144
2436 4240
2437 4126
2438 4173
2439 4193
2440 4131
2441 4182
2442 4132
2443 4076
2444 4131
2445 4178
2446 4137
2447 4137
2448 4194
2449 4282
2450 4187
2451 4239
2452 4282
2453 4093
2454 4226
2455 4247
2456 4212
2457 4134
2458 4189
2459 4179
2460 4168
2461 4198
2462 4251
2463 4173
2464 4099
2465 4131
2466 4132
2467 4130
2468 4133
2469 4133
2470 4295
2471 4270
2472 4198
2473 4076
2474 4076
2475 4131
2476 4187
2477 4144
2478 4174
2479 4200
2480 4076
2481 4182
2482 4181
2483 4131
2484 4226
2485 4161
2486 4076
2487 4131
2488 4137
2489 4131
2490 4173
2491 4199
2492 4239
2493 4191
2494 4143
2495 4131
2496 4076
2497 4178
2498 4132
2499 4131
2500 4194
2501 4094
2502 4182
2503 4295
2504 4149
2505 4200
2506 4252
2507 4167
2508 4251
2509 4227
2510 4148
2511 4076
2512 4251
2513 4226
2514 4240
2515 4270
2516 4272
2517 4093
2518 4182
2519 4270
2520 4240
2521 4338
2522 4154
2523 4209
2524 4115
2525 4155
2526 4265
2527 4099
2528 4173
2529 4148
2530 4312
2531 4204
2532 4131
2533 4173
2534 4256
2535 4361
2536 4204
2537 4362
2538 4182
2539 4132
2540 4175
2541 4100
2542 4226
2543 4204
2544 4135
2545 4082
2546 4240
2547 4209
2548 4132
2549 4252
2550 4077
2551 4251
2552 4132
2553 4131
2554 4076
2555 4076
2556 4251
2557 4131
2558 4076
2559 4173
2560 4400
2561 4154
2562 4259
2563 4076
2564 4076
2565 4252
2566 4131
2567 4131
2568 4139
2569 4076
2570 4194
2571 4173
2572 4138
2573 4139
2574 4182
2575 4277
2576 4199
2577 4251
2578 4182
2579 4383
2580 4234
2581 4173
2582 4283
2583 4187
2584 4131
2585 4226
2586 4199
2587 4181
2588 4133
2589 4131
2590 4179
2591 4115
2592 4211
2593 4282
2594 4278
2595 4162
2596 4153
2597 4186
2598 4292
2599 4076
2600 4076
2601 4173
2602 4240
2603 4076
2604 4313
2605 4282
2606 4076
2607 4194
2608 4131
2609 4076
2610 4076
2611 4121
2612 4098
2613 4126
2614 4251
2615 4178
2616 4179
2617 4182
2618 4076
2619 4131
2620 4251
2621 4396
2622 4082
2623 4076
2624 4187
2625 4195
2626 4194
2627 4076
2628 4131
2629 4076
2630 4182
2631 4326
2632 4131
2633 4182
2634 4076
2635 4131
2636 4239
2637 4374
2638 4182
2639 4098
2640 4196
2641 4148
2642 4194
2643 4312
2644 4251
2645 4076
2646 4194
2647 4173
2648 4131
2649 4181
2650 4139
2651 4131
2652 4076
2653 4076
2654 4131
2655 4139
2656 4131
2657 4076
2658 4326
2659 4126
2660 4131
2661 4173
2662 4253
2663 4132
2664 4131
2665 4115
2666 4139
2667 4093
2668 4251
2669 4131
2670 4076
2671 4127
2672 4217
2673 4131
2674 4076
2675 4137
2676 4217
2677 4194
2678 4179
2679 4116
2680 4131
2681 4132
2682 4143
2683 4251
2684 4313
2685 4132
2686 4251
2687 4305
2688 4076
2689 4076
2690 4137
2691 4132
2692 4194
2693 4137
2694 4229
2695 4132
2696 4253
2697 4131
2698 4131
2699 4131
2700 4076
2701 4076
2702 4076
2703 4173
2704 4093
2705 4076
2706 4168
2707 4193
2708 4076
2709 4181
2710 4282
2711 4093
2712 4131
2713 4131
2714 4076
2715 4173
2716 4193
2717 4194
2718 4149
2719 4305
2720 4223
2721 4076
2722 4131
2723 4194
2724 4132
2725 4121
2726 4241
2727 4131
2728 4131
2729 4194
2730 4126
2731 4323
2732 4076
2733 4181
2734 4229
2735 4229
2736 4076
2737 4194
2738 4253
2739 4131
2740 4295
2741 4077
2742 4253
2743 4173
2744 4148
2745 4251
2746 4173
2747 4287
2748 4206
2749 4182
2750 4131
2751 4183
2752 4312
2753 4174
2754 4240
2755 4131
2756 4076
2757 4232
2758 4143
2759 4194
2760 4076
2761 4338
2762 4154
2763 4333
2764 4116
2765 4269
2766 4241
2767 4131
2768 4075
2769 4076
2770 4115
2771 4149
2772 4194
2773 4173
2774 4143
2775 4132
2776 4076
2777 4137
2778 4131
2779 4076
2780 4076
2781 4270
2782 4149
2783 4131
2784 4194
2785 4076
2786 4076
2787 4076
2788 4131
2789 4131
2790 4076
2791 4132
2792 4194
2793 4131
2794 4076
2795 4076
2796 4217
2797 4076
2798 4076
2799 4240
2800 4191
2801 4143
2802 4076
2803 4076
2804 4173
2805 4127
2806 4194
2807 4131
2808 4131
2809 4076
2810 4251
2811 4076
2812 4200
2813 4251
2814 4182
2815 4313
2816 4132
2817 4194
2818 4173
2819 4076
2820 4338
2821 4143
2822 4251
2823 4173
2824 4076
2825 4076
2826 4076
2827 4131
2828 4115
2829 4100
2830 4205
2831 4182
2832 4251
2833 4182
2834 4230
2835 4232
2836 4303
2837 4173
2838 4131
2839 4252
2840 4293
2841 4361
2842 4186
2843 4290
2844 4309
2845 4137
2846 4178
2847 4115
2848 4211
2849 4304
2850 4076
2851 4136
2852 4132
2853 4076
2854 4131
2855 4179
2856 4131
2857 4076
2858 4293
2859 4261
2860 4131
2861 4076
2862 4076
2863 4264
2864 4144
2865 4171
2866 4223
2867 4327
2868 4132
2869 4076
2870 4223
2871 4240
2872 4199
2873 4131
2874 4076
2875 4076
2876 4182
2877 4226
2878 4245
2879 4148
2880 4115
2881 4155
2882 4253
2883 4182
2884 4131
2885 4076
2886 4076
2887 4076
2888 4182
2889 4131
2890 4131
2891 4076
2892 4131
2893 4131
2894 4131
2895 4098
2896 4092
2897 4076
2898 4076
2899 4181
2900 4252
2901 4173
2902 4100
2903 4126
2904 4178
2905 4132
2906 4182
2907 4209
2908 4131
2909 4132
2910 4076
2911 4338
2912 4148
2913 4131
2914 4076
2915 4179
2916 4131
2917 4076
2918 4131
2919 4076
2920 4182
2921 4195
2922 4132
2923 4132
2924 4173
2925 4144
2926 4115
2927 4211
2928 4179
2929 4185
2930 4364
2931 4093
2932 4132
2933 4217
2934 4168
2935 4093
2936 4131
2937 4076
2938 4131
2939 4264
2940 4114
2941 4334
2942 4132
2943 4132
2944 4256
2945 4133
2946 4293
2947 4100
2948 4099
2949 4177
2950 4173
2951 4131
2952 4131
2953 4291
2954 4252
2955 4132
2956 4259
2957 4194
2958 4131
2959 4131
2960 4094
2961 4126
2962 4313
2963 4144
2964 4131
2965 4131
2966 4173
2967 4144
2968 4252
2969 4076
2970 4131
2971 4076
2972 4194
2973 4076
2974 4082
2975 4076
2976 4076
2977 4076
2978 4204
2979 4131
2980 4131
2981 4173
2982 4221
2983 4167
2984 4327
2985 4076
2986 4076
2987 4131
2988 4251
2989 4131
2990 4127
2991 4173
2992 4155
2993 4281
2994 4148
2995 4388
2996 4132
2997 4076
2998 4098
2999 4137
3000 4081
3001 4131
3002 4144
3003 4076
3004 4076
3005 4076
3006 4355
3007 4187
3008 4076
3009 4257
3010 4076
3011 4131
3012 4195
3013 4230
3014 4132
3015 4131
3016 4337
3017 4276
3018 4174
3019 4226
3020 4220
3021 4326
3022 4309
3023 4099
3024 4115
3025 4252
3026 4252
3027 4076
3028 4076
3029 4153
3030 4156
3031 4132
3032 4253
3033 4077
3034 4134
3035 4078
3036 4252
3037 4076
3038 4082
3039 4226
3040 4163
3041 4243
3042 4229
3043 4131
3044 4294
3045 4270
3046 4143
3047 4176
3048 4194
3049 4076
3050 4181
3051 4182
3052 4115
3053 4269
3054 4410
3055 4273
3056 4252
3057 4264
3058 4270
3059 4076
3060 4226
3061 4221
3062 4333
3063 4182
3064 4252
3065 4139
3066 4319
3067 4132
3068 4099
3069 4226
3070 4262
3071 4182
3072 4144
3073 4245
3074 4238
3075 4194
3076 4131
3077 4182
3078 4132
3079 4076
3080 4131
3081 4115
3082 4160
3083 4149
3084 4076
3085 4076
3086 4362
3087 4209
3088 4082
3089 4167
3090 4076
3091 4076
3092 4173
3093 4154
3094 4126
3095 4076
3096 4076
3097 4240
3098 4111
3099 4370
3100 4126
3101 4178
3102 4131
3103 4226
3104 4269
3105 4132
3106 4093
3107 4252
3108 4223
3109 4295
3110 4127
3111 4251
3112 4194
3113 4076
3114 4094
3115 4131
3116 4368
3117 4285
3118 4131
3119 4131
3120 4076
3121 4164
3122 4131
3123 4137
3124 4282
3125 4287
3126 4177
3127 4314
3128 4131
3129 4131
3130 4076
3131 4132
3132 4293
3133 4093
3134 4076
3135 4338
3136 4165
3137 4131
3138 4173
3139 4174
3140 4093
3141 4131
3142 4076
3143 4181
3144 4081
3145 4076
3146 4168
3147 4341
3148 4132
3149 4131
3150 4076
3151 4076
3152 4132
3153 4115
3154 4099
3155 4076
3156 4076
3157 4194
3158 4164
3159 4284
3160 4173
3161 4190
3162 4148
3163 4258
3164 4258
3165 4076
3166 4228
3167 4132
3168 4270
3169 4093
3170 4259
3171 4204
3172 4131
3173 4076
3174 4131
3175 4173
3176 4076
3177 4173
3178 4262
3179 4187
3180 4132
3181 4313
3182 4115
3183 4226
3184 4251
3185 4131
3186 4076
3187 4131
3188 4076
3189 4132
3190 4131
3191 4131
3192 4082
3193 4076
3194 4173
3195 4290
3196 4144
3197 4333
3198 4173
3199 4253
3200 4148
3201 4131
3202 4076
3203 4131
3204 4181
3205 4076
3206 4131
3207 4226
3208 4149
3209 4131
3210 4251
3211 4131
3212 4076
3213 4173
3214 4100
3215 4173
3216 4110
3217 4076
3218 4173
3219 4156
3220 4131
3221 4131
3222 4316
3223 4154
3224 4194
3225 4313
3226 4132
3227 4174
3228 4253
3229 4174
3230 4226
3231 4099
3232 4076
3233 4194
3234 4295
3235 4173
3236 4170
3237 4076
3238 4131
3239 4132
3240 4194
3241 4178
3242 4264
3243 4189
3244 4131
3245 4076
3246 4333
3247 4132
3248 4076
3249 4076
3250 4257
3251 4076
3252 4310
3253 4132
3254 4131
3255 4131
3256 4131
3257 4381
3258 4076
3259 4076
3260 4234
3261 4076
3262 4188
3263 4132
3264 4115
3265 4148
3266 4235
3267 4251
3268 4131
3269 4173
3270 4131
3271 4178
3272 4173
3273 4143
3274 4200
3275 4173
3276 4269
3277 4132
3278 4270
3279 4076
3280 4131
3281 4235
3282 4284
3283 4252
3284 4173
3285 4329
3286 4132
3287 4313
3288 4252
3289 4076
3290 4132
3291 4131
3292 4131
3293 4131
3294 4323
3295 4191
3296 4262
3297 4271
3298 4131
3299 4076
3300 4132
3301 4076
3302 4132
3303 4252
3304 4187
3305 4131
3306 4131
3307 4131
3308 4131
3309 4076
3310 4131
3311 4131
3312 4131
3313 4313
3314 4131
3315 4076
3316 4131
3317 4173
3318 4149
3319 4126
3320 4131
3321 4076
3322 4076
3323 4173
3324 4355
3325 4250
3326 4082
3327 4131
3328 4251
3329 4131
3330 4131
3331 4132
3332 4115
3333 4276
3334 4194
3335 4187
3336 4306
3337 4131
3338 4137
3339 4131
3340 4078
3341 4194
3342 4082
3343 4173
3344 4205
3345 4132
3346 4076
3347 4076
3348 4173
3349 4198
3350 4179
3351 4188
3352 4253
3353 4131
3354 4131
3355 4076
3356 4251
3357 4077
3358 4194
3359 4240
3360 4156
3361 4261
3362 4132
3363 4227
3364 4257
3365 4182
3366 4387
3367 4278
3368 4131
3369 4187
3370 4210
3371 4132
3372 4296
3373 4182
3374 4241
3375 4148
3376 4239
3377 4244
3378 4190
3379 4194
3380 4338
3381 4246
3382 4313
3383 4182
3384 4182
3385 4194
3386 4185
3387 4170
3388 4251
3389 4226
3390 4261
3391 4108
3392 4131
3393 4194
3394 4260
3395 4293
3396 4076
3397 4251
3398 4252
3399 4226
3400 4093
3401 4312
3402 4076
3403 4252
3404 4076
3405 4076
3406 4187
3407 4076
3408 4131
3409 4182
3410 4076
3411 4076
3412 4181
3413 4099
3414 4137
3415 4076
3416 4174
3417 4076
3418 4115
3419 4176
3420 4076
3421 4270
3422 4221
3423 4179
3424 4076
3425 4175
3426 4196
3427 4173
3428 4348
3429 4166
3430 4240
3431 4195
3432 4076
3433 4137
3434 4217
3435 4076
3436 4076
3437 4240
3438 4384
3439 4127
3440 4144
3441 4131
3442 4251
3443 4251
3444 4187
3445 4132
3446 4076
3447 4075
3448 4076
3449 4178
3450 4076
3451 4131
3452 4409
3453 4127
3454 4076
3455 4131
3456 4173
3457 4199
3458 4076
3459 4076
3460 4076
3461 4241
3462 4115
3463 4248
3464 4326
3465 4109
3466 4253
3467 4195
3468 4131
3469 4131
3470 4076
3471 4132
3472 4076
3473 4222
3474 4131
3475 4131
3476 4131
3477 4252
3478 4076
3479 4319
3480 4190
3481 4131
3482 4131
3483 4076
3484 4075
3485 4143
3486 4172
3487 4173
3488 4131
3489 4131
3490 4173
3491 4154
3492 4131
3493 4181
3494 4312
3495 4251
3496 4167
3497 4167
3498 4173
3499 4093
3500 4076
3501 4076
3502 4131
3503 4223
3504 4076
3505 4251
3506 4173
3507 4076
3508 4188
3509 4076
3510 4178
3511 4326
3512 4131
3513 4076
3514 4131
3515 4131
3516 4076
3517 4236
3518 4182
3519 4131
3520 4076
3521 4131
3522 4131
3523 4076
3524 4148
3525 4077
3526 4076
3527 4131
3528 4076
3529 4130
3530 4131
3531 4131
3532 4132
3533 4075
3534 4126
3535 4131
3536 4181
3537 4075
3538 4181
3539 4132
3540 4173
3541 4131
3542 4076
3543 4131
3544 4182
3545 4131
3546 4226
3547 4147
3548 4173
3549 4252
3550 4222
3551 4228
3552 4131
3553 4326
3554 4076
3555 4076
3556 4131
3557 4282
3558 4245
3559 4076
3560 4194
3561 4093
3562 4076
3563 4253
3564 4148
3565 4143
3566 4131
3567 4077
3568 4174
3569 4251
3570 4271
3571 4237
3572 4326
3573 4139
3574 4194
3575 4076
3576 4200
3577 4126
3578 4115
3579 4149
3580 4187
3581 4095
3582 4325
3583 4150
3584 4340
3585 4143
3586 4131
3587 4251
3588 4076
3589 4251
3590 4076
3591 4173
3592 4143
3593 4076
3594 4240
3595 4364
3596 4305
3597 4076
3598 4322
3599 4143
3600 4131
3601 4131
3602 4131
3603 4282
3604 4143
3605 4187
3606 4137
3607 4131
3608 4173
3609 4115
3610 4281
3611 4185
3612 4196
3613 4131
3614 4173
3615 4198
3616 4182
3617 4247
3618 4076
3619 4076
3620 4131
3621 4137
3622 4173
3623 4198
3624 4173
3625 4161
3626 4211
3627 4154
3628 4131
3629 4076
3630 4132
3631 4082
3632 4131
3633 4173
3634 4251
3635 4076
3636 4173
3637 4092
3638 4194
3639 4173
3640 4264
3641 4093
3642 4251
3643 4131
3644 4131
3645 4131
3646 4076
3647 4226
3648 4300
3649 4094
3650 4187
3651 4181
3652 4194
3653 4131
3654 4194
3655 4194
3656 4276
3657 4131
3658 4082
3659 4076
3660 4295
3661 4364
3662 4333
3663 4076
3664 4194
3665 4115
3666 4143
3667 4137
3668 4131
3669 4132
3670 4204
3671 4131
3672 4137
3673 4131
3674 4194
3675 4131
3676 4131
3677 4115
3678 4099
3679 4131
3680 4251
3681 4239
3682 4275
3683 4241
3684 4127
3685 4292
3686 4249
3687 4131
3688 4173
3689 4127
3690 4076
3691 4168
3692 4244
3693 4187
3694 4139
3695 4181
3696 4131
3697 4309
3698 4261
3699 4075
3700 4282
3701 4181
3702 4076
3703 4076
3704 4076
3705 4251
3706 4076
3707 4137
3708 4194
3709 4076
3710 4076
3711 4226
3712 4148
3713 4131
3714 4076
3715 4239
3716 4100
3717 4187
3718 4076
3719 4076
3720 4173
3721 4148
3722 4131
3723 4131
3724 4131
3725 4187
3726 4229
3727 4229
3728 4162
3729 4240
3730 4132
3731 4148
3732 4226
3733 4154
3734 4173
3735 4458
3736 4132
3737 4253
3738 4245
3739 4076
3740 4184
3741 4241
3742 4176
3743 4326
3744 4173
3745 4153
3746 4173
3747 4160
3748 4076
3749 4182
3750 4127
3751 4253
3752 4194
3753 4082
3754 4173
3755 4359
3756 4327
3757 4076
3758 4194
3759 4076
3760 4251
3761 4252
3762 4076
3763 4187
3764 4348
3765 4077
3766 4131
3767 4076
3768 4076
3769 4131
3770 4194
3771 4076
3772 4384
3773 4276
3774 4076
3775 4333
3776 4132
3777 4362
3778 4132
3779 4361
3780 4416
3781 4328
3782 4076
3783 4194
3784 4194
3785 4131
3786 4075
3787 4173
3788 4132
3789 4292
3790 4133
3791 4193
3792 4232
3793 4403
3794 4224
3795 4182
3796 4194
3797 4132
3798 4131
3799 4251
3800 4076
3801 4251
3802 4251
3803 4385
3804 4132
3805 4173
3806 4131
3807 4076
3808 4131
3809 4181
3810 4223
3811 4076
3812 4131
3813 4282
3814 4399
3815 4132
3816 4076
3817 4076
3818 4204
3819 4251
3820 4137
3821 4178
3822 4317
3823 4149
3824 4131
3825 4076
3826 4251
3827 4076
3828 4173
3829 4161
3830 4131
3831 4179
3832 4076
3833 4182
3834 4131
3835 4131
3836 4279
3837 4258
3838 4194
3839 4132
3840 4333
3841 4076
3842 4361
3843 4132
3844 4131
3845 4082
3846 4076
3847 4252
3848 4076
3849 4240
3850 4182
3851 4295
3852 4172
3853 4076
3854 4194
3855 4075
3856 4076
3857 4362
3858 4132
3859 4076
3860 4076
3861 4148
3862 4226
3863 4221
3864 4076
3865 4132
3866 4292
3867 4166
3868 4126
3869 4173
3870 4076
3871 4131
3872 4257
3873 4173
3874 4076
3875 4250
3876 4196
3877 4251
3878 4251
3879 4239
3880 4093
3881 4194
3882 4253
3883 4182
3884 4194
3885 4226
3886 4220
3887 4322
3888 4217
3889 4075
3890 4076
3891 4279
3892 4137
3893 4076
3894 4251
3895 4131
3896 4092
3897 4235
3898 4076
3899 4167
3900 4126
3901 4076
3902 4082
3903 4187
3904 4178
3905 4076
3906 4197
3907 4182
3908 4173
3909 4126
3910 4076
3911 4126
3912 4295
3913 4188
3914 4131
3915 4173
3916 4150
3917 4144
3918 4182
3919 4194
3920 4251
3921 4131
3922 4075
3923 4076
3924 4076
3925 4194
3926 4194
3927 4131
3928 4194
3929 4076
3930 4131
3931 4076
3932 4131
3933 4131
3934 4131
3935 4131
3936 4076
3937 4253
3938 4204
3939 4232
3940 4228
3941 4137
3942 4182
3943 4308
3944 4220
3945 4334
3946 4132
3947 4127
3948 4076
3949 4132
3950 4251
3951 4180
3952 4161
3953 4173
3954 4320
3955 4127
3956 4076
3957 4181
3958 4229
3959 4239
3960 4076
3961 4338
3962 4177
3963 4178
3964 4132
3965 4251
3966 4115
3967 4093
3968 4131
3969 4131
3970 4338
3971 4240
3972 4179
3973 4131
3974 4115
3975 4313
3976 4076
3977 4077
3978 4173
3979 4093
3980 4194
3981 4132
3982 4173
3983 4224
3984 4076
3985 4131
3986 4076
3987 4194
3988 4277
3989 4126
3990 4229
3991 4194
3992 4076
3993 4076
3994 4131
3995 4131
3996 4076
3997 4182
3998 4076
3999 4076
4000 4131
4001 4076
4002 4076
4003 4179
4004 4229
4005 4176
4006 4131
4007 4182
4008 4194
4009 4173
4010 4093
4011 4282
4012 4161
4013 4076
4014 4115
4015 4100
4016 4251
4017 4115
4018 4276
4019 4187
4020 4131
4021 4251
4022 4076
4023 4173
4024 4194
4025 4174
4026 4199
4027 4173
4028 4131
4029 4132
4030 4120
4031 4131
4032 4223
4033 4173
4034 4092
4035 4226
4036 4154
4037 4173
4038 4148
4039 4295
4040 4209
4041 4076
4042 4076
4043 4131
4044 4182
4045 4126
4046 4240
4047 4204
4048 4076
4049 4131
4050 4173
4051 4198
4052 4082
4053 4131
4054 4182
4055 4227
4056 4223
4057 4182
4058 4132
4059 4076
4060 4076
4061 4251
4062 4187
4063 4251
4064 4076
4065 4295
4066 4182
4067 4173
4068 4225
4069 4148
4070 4194
4071 4144
4072 4076
4073 4251
4074 4076
4075 4223
4076 4076
4077 4240
4078 4076
4079 4116
4080 4190
4081 4115
4082 4149
4083 4076
4084 4173
4085 4076
4086 4131
4087 4173
4088 4241
4089 4194
4090 4240
4091 4126
4092 4204
4093 4075
4094 4076
4095 4076
4096 4076
4097 4173
4098 4156
4099 4131
4100 4076
4101 4076
4102 4076
4103 4253
4104 4076
4105 4076
4106 4131
4107 4204
4108 4364
4109 4137
4110 4251
4111 4131
4112 4131
4113 4132
4114 4076
4115 4131
4116 4182
4117 4076
4118 4177
4119 4194
4120 4076
4121 4076
4122 4076
4123 4076
4124 4131
4125 4187
4126 4127
4127 4131
4128 4131
4129 4131
4130 4173
4131 4131
4132 4252
4133 4076
4134 4295
4135 4076
4136 4251
4137 4076
4138 4076
4139 4076
4140 4132
4141 4282
4142 4166
4143 4151
4144 4131
4145 4293
4146 4099
4147 4194
4148 4293
4149 4330
4150 4133
4151 4076
4152 4115
4153 4155
4154 4098
4155 4131
4156 4200
4157 4131
4158 4226
4159 4257
4160 4241
4161 4127
4162 4251
4163 4076
4164 4115
4165 4371
4166 4194
4167 4341
4168 4182
4169 4226
4170 4093
4171 4131
4172 4076
4173 4326
4174 4176
4175 4076
4176 4113
4177 4076
4178 4251
4179 4076
4180 4223
4181 4440
4182 4143
4183 4127
4184 4305
4185 4251
4186 4076
4187 4076
4188 4076
4189 4115
4190 4196
4191 4082
4192 4131
4193 4131
4194 4131
4195 4181
4196 4131
4197 4355
4198 4132
4199 4131
4200 4131
4201 4131
4202 4139
4203 4240
4204 4131
4205 4131
4206 4076
4207 4194
4208 4076
4209 4270
4210 4194
4211 4167
4212 4099
4213 4226
4214 4205
4215 4182
4216 4076
4217 4131
4218 4293
4219 4246
4220 4301
4221 4076
4222 4144
4223 4115
4224 4155
4225 4077
4226 4251
4227 4137
4228 4076
4229 4131
4230 4194
4231 4226
4232 4190
4233 4182
4234 4131
4235 4131
4236 4131
4237 4131
4238 4293
4239 4148
4240 4151
4241 4264
4242 4143
4243 4131
4244 4076
4245 4181
4246 4355
4247 4251
4248 4326
4249 4173
4250 4226
4251 4111
4252 4131
4253 4252
4254 4194
4255 4076
4256 4131
4257 4076
4258 4131
4259 4362
4260 4209
4261 4251
4262 4076
4263 4240
4264 4224
4265 4082
4266 4127
4267 4173
4268 4143
4269 4076
4270 4131
4271 4076
4272 4131
4273 4131
4274 4131
4275 4226
4276 4245
4277 4131
4278 4076
4279 4194
4280 4076
4281 4126
4282 4182
4283 4131
4284 4077
4285 4131
4286 4076
4287 4181
4288 4204
4289 4144
4290 4204
4291 4239
4292 4099
4293 4131
4294 4181
4295 4270
4296 4093
4297 4179
4298 4093
4299 4131
4300 4338
4301 4093
4302 4178
4303 4258
4304 4173
4305 4076
4306 4326
4307 4194
4308 4251
4309 4076
4310 4173
4311 4311
4312 4126
4313 4209
4314 4131
4315 4131
4316 4194
4317 4082
4318 4076
4319 4131
4320 4131
4321 4194
4322 4194
4323 4131
4324 4131
4325 4252
4326 4132
4327 4252
4328 4132
4329 4174
4330 4341
4331 4229
4332 4251
4333 4137
4334 4226
4335 4116
4336 4240
4337 4099
4338 4270
4339 4223
4340 4076
4341 4229
4342 4173
4343 4194
4344 4251
4345 4313
4346 4223
4347 4209
4348 4210
4349 4131
4350 4226
4351 4204
4352 4235
4353 4194
4354 4194
4355 4334
4356 4251
4357 4076
4358 4326
4359 4176
4360 4098
4361 4131
4362 4076
4363 4338
4364 4148
4365 4076
4366 4173
4367 4099
4368 4179
4369 4251
4370 4182
4371 4075
4372 4131
4373 4173
4374 4131
4375 4115
4376 4099
4377 4132
4378 4194
4379 4181
4380 4356
4381 4137
4382 4178
4383 4076
4384 4131
4385 4133
4386 4229
4387 4205
4388 4076
4389 4131
4390 4182
4391 4178
4392 4132
4393 4132
4394 4251
4395 4239
4396 4192
4397 4148
4398 4251
4399 4226
4400 4331
4401 4076
4402 4131
4403 4295
4404 4127
4405 4076
4406 4179
4407 4194
4408 4076
4409 4076
4410 4337
4411 4154
4412 4076
4413 4076
4414 4250
4415 4076
4416 4131
4417 4252
4418 4137
4419 4131
4420 4098
4421 4276
4422 4173
4423 4251
4424 4194
4425 4229
4426 4194
4427 4082
4428 4282
4429 4148
4430 4174
4431 4076
4432 4076
4433 4076
4434 4076
4435 4076
4436 4131
4437 4076
4438 4131
4439 4076
4440 4126
4441 4131
4442 4221
4443 4340
4444 4143
4445 4076
4446 4251
4447 4179
4448 4194
4449 4326
4450 4131
4451 4137
4452 4333
4453 4270
4454 4282
4455 4099
4456 4131
4457 4076
4458 4076
4459 4076
4460 4076
4461 4137
4462 4251
4463 4131
4464 4131
4465 4131
4466 4131
4467 4115
4468 4160
4469 4131
4470 4076
4471 4173
4472 4132
4473 4131
4474 4235
4475 4252
4476 4252
4477 4131
4478 4226
4479 4193
4480 4295
4481 4204
4482 4252
4483 4217
4484 4226
4485 4131
4486 4187
4487 4204
4488 4076
4489 4077
4490 4138
4491 4251
4492 4251
4493 4195
4494 4131
4495 4194
4496 4252
4497 4338
4498 4100
4499 4235
4500 4303
4501 4198
4502 4251
4503 4182
4504 4076
4505 4182
4506 4295
4507 4168
4508 4143
4509 4228
4510 4173
4511 4149
4512 4181
4513 4326
4514 4182
4515 4276
4516 4229
4517 4181
4518 4194
4519 4131
4520 4251
4521 4131
4522 4211
4523 4248
4524 4176
4525 4254
4526 4132
4527 4076
4528 4182
4529 4131
4530 4282
4531 4369
4532 4132
4533 4131
4534 4173
4535 4165
4536 4226
4537 4276
4538 4076
4539 4076
4540 4334
4541 4132
4542 4182
4543 4240
4544 4235
4545 4182
4546 4076
4547 4253
4548 4187
4549 4131
4550 4251
4551 4127
4552 4173
4553 4230
4554 4076
4555 4137
4556 4187
4557 4251
4558 4076
4559 4173
4560 4176
4561 4076
4562 4076
4563 4181
4564 4252
4565 4194
4566 4131
4567 4076
4568 4131
4569 4229
4570 4200
4571 4126
4572 4076
4573 4194
4574 4114
4575 4246
4576 4194
4577 4076
4578 4137
4579 4235
4580 4253
4581 4076
4582 4245
4583 4247
4584 4076
4585 4252
4586 4194
4587 4076
4588 4076
4589 4217
4590 4132
4591 4133
4592 4131
4593 4327
4594 4193
4595 4131
4596 4173
4597 4076
4598 4173
4599 4099
4600 4293
4601 4196
4602 4179
4603 4076
4604 4137
4605 4131
4606 4270
4607 4161
4608 4076
4609 4194
4610 4181
4611 4236
4612 4209
4613 4131
4614 4076
4615 4132
4616 4076
4617 4197
4618 4082
4619 4251
4620 4076
4621 4292
4622 4143
4623 4076
4624 4076
4625 4265
4626 4202
4627 4251
4628 4126
4629 4174
4630 4217
4631 4282
4632 4149
4633 4131
4634 4131
4635 4131
4636 4228
4637 4194
4638 4194
4639 4132
4640 4217
4641 4076
4642 4131
4643 4081
4644 4173
4645 4076
4646 4076
4647 4173
4648 4198
4649 4270
4650 4349
4651 4144
4652 4178
4653 4240
4654 4240
4655 4076
4656 4225
4657 4148
4658 4247
4659 4253
4660 4137
4661 4131
4662 4253
4663 4244
4664 4131
4665 4173
4666 4092
4667 4326
4668 4174
4669 4148
4670 4076
4671 4173
4672 4076
4673 4075
4674 4140
4675 4324
4676 4134
4677 4217
4678 4240
4679 4131
4680 4081
4681 4173
4682 4209
4683 4131
4684 4102
4685 4195
4686 4133
4687 4134
4688 4076
4689 4131
4690 4115
4691 4182
4692 4131
4693 4239
4694 4199
4695 4174
4696 4076
4697 4076
4698 4076
4699 4076
4700 4173
4701 4203
4702 4239
4703 4160
4704 4178
4705 4076
4706 4239
4707 4170
4708 4115
4709 4276
4710 4292
4711 4093
4712 4258
4713 4076
4714 4251
4715 4132
4716 4076
4717 4131
4718 4082
4719 4076
4720 4131
4721 4295
4722 4187
4723 4187
4724 4182
4725 4127
4726 4333
4727 4126
4728 4252
4729 4226
4730 4099
4731 4132
4732 4076
4733 4131
4734 4076
4735 4127
4736 4251
4737 4305
4738 4181
4739 4076
4740 4131
4741 4131
4742 4264
4743 4329
4744 4127
4745 4185
4746 4235
4747 4194
4748 4194
4749 4240
4750 4173
4751 4149
4752 4132
4753 4131
4754 4173
4755 4181
4756 4076
4757 4132
4758 4131
4759 4094
4760 4167
4761 4181
4762 4131
4763 4131
4764 4253
4765 4115
4766 4099
4767 4178
4768 4131
4769 4173
4770 4099
4771 4131
4772 4327
4773 4292
4774 4256
4775 4226
4776 4093
4777 4253
4778 4131
4779 4131
4780 4173
4781 4100
4782 4131
4783 4076
4784 4076
4785 4131
4786 4295
4787 4076
4788 4173
4789 4190
4790 4076
4791 4341
4792 4173
4793 4354
4794 4356
4795 4076
4796 4131
4797 4131
4798 4194
4799 4131
4800 4131
4801 4131
4802 4076
4803 4173
4804 4223
4805 4167
4806 4357
4807 4357
4808 4131
4809 4076
4810 4326
4811 4245
4812 4173
4813 4188
4814 4115
4815 4199
4816 4355
4817 4127
4818 4187
4819 4282
4820 4275
4821 4115
4822 4198
4823 4187
4824 4076
4825 4259
4826 4326
4827 4133
4828 4139
4829 4205
4830 4131
4831 4115
4832 4165
4833 4186
4834 4076
4835 4182
4836 4131
4837 4144
4838 4235
4839 4093
4840 4173
4841 4093
4842 4131
4843 4173
4844 4250
4845 4222
4846 4181
4847 4076
4848 4173
4849 4154
4850 4240
4851 4305
4852 4173
4853 4144
4854 4294
4855 4209
4856 4204
4857 4194
4858 4251
4859 4214
4860 4299
4861 4182
4862 4131
4863 4353
4864 4187
4865 4284
4866 4253
4867 4200
4868 4131
4869 4223
4870 4229
4871 4132
4872 4131
4873 4240
4874 4222
4875 4239
4876 4093
4877 4181
4878 4076
4879 4251
4880 4363
4881 4181
4882 4076
4883 4139
4884 4081
4885 4194
4886 4076
4887 4251
4888 4251
4889 4173
4890 4297
4891 4154
4892 4131
4893 4381
4894 4115
4895 4198
4896 4239
4897 4320
4898 4132
4899 4129
4900 4234
4901 4132
4902 4076
4903 4076
4904 4076
4905 4131
4906 4182
4907 4181
4908 4076
4909 4223
4910 4076
4911 4251
4912 4240
4913 4076
4914 4132
4915 4178
4916 4214
4917 4138
4918 4211
4919 4298
4920 4313
4921 4131
4922 4264
4923 4099
4924 4251
4925 4327
4926 4226
4927 4332
4928 4313
4929 4131
4930 4182
4931 4209
4932 4131
4933 4181
4934 4173
4935 4100
4936 4076
4937 4131
4938 4292
4939 4148
4940 4201
4941 4317
4942 4163
4943 4134
4944 4076
4945 4210
4946 4132
4947 4251
4948 4187
4949 4131
4950 4076
4951 4173
4952 4199
4953 4131
4954 4178
4955 4131
4956 4251
4957 4076
4958 4131
4959 4251
4960 4282
4961 4166
4962 4251
4963 4131
4964 4226
4965 4176
4966 4126
4967 4282
4968 4262
4969 4132
4970 4313
4971 4131
4972 4076
4973 4081
4974 4251
4975 4076
4976 4076
4977 4081
4978 4131
4979 4131
4980 4326
4981 4179
4982 4143
4983 4173
4984 4251
4985 4173
4986 4131
4987 4076
4988 4173
4989 4228
4990 4204
4991 4173
4992 4253
4993 4232
4994 4275
4995 4223
4996 4226
4997 4092
4998 4131
4999 4076
5000 4131
5001 4077
5002 4312
5003 4286
5004 4131
5005 4194
5006 4120
5007 4359
5008 4247
5009 4082
5010 4131
5011 4131
5012 4253
5013 4148
5014 4152
5015 4217
5016 4093
5017 4251
5018 4177
5019 4131
5020 4173
5021 4173
5022 4143
5023 4131
5024 4194
5025 4218
5026 4076
5027 4131
5028 4131
5029 4226
5030 4296
5031 4187
5032 4327
5033 4270
5034 4093
5035 4076
5036 4168
5037 4155
5038 4075
5039 4174
5040 4151
5041 4075
5042 4176
5043 4223
5044 4226
5045 4099
5046 4131
5047 4076
5048 4131
5049 4131
5050 4240
5051 4127
5052 4251
5053 4369
5054 4372
5055 4131
5056 4194
5057 4182
5058 4240
5059 4076
5060 4222
5061 4296
5062 4226
5063 4160
5064 4252
5065 4252
5066 4131
5067 4131
5068 4194
5069 4126
5070 4176
5071 4188
5072 4114
5073 4322
5074 4076
5075 4131
5076 4173
5077 4153
5078 4319
5079 4177
5080 4076
5081 4181
5082 4251
5083 4251
5084 4203
5085 4229
5086 4273
5087 4221
5088 4323
5089 4131
5090 4251
5091 4251
5092 4223
5093 4181
5094 4130
5095 4131
5096 4076
5097 4076
5098 4187
5099 4131
5100 4173
5101 4370
5102 4187
5103 4077
5104 4076
5105 4131
5106 4076
5107 4131
5108 4181
5109 4292
5110 4223
5111 4149
5112 4181
5113 4131
5114 4252
5115 4143
5116 4076
5117 4076
5118 4194
5119 4131
5120 4131
5121 4194
5122 4082
5123 4093
5124 4182
5125 4144
5126 4132
5127 4127
5128 4254
5129 4127
5130 4076
5131 4076
5132 4131
5133 4131
5134 4076
5135 4326
5136 4218
5137 4250
5138 4131
5139 4178
5140 4173
5141 4181
5142 4149
5143 4131
5144 4182
5145 4164
5146 4185
5147 4076
5148 4240
5149 4205
5150 4131
5151 4131
5152 4132
5153 4132
5154 4131
5155 4270
5156 4240
5157 4187
5158 4173
5159 4194
5160 4182
5161 4149
5162 4076
5163 4267
5164 4076
5165 4131
5166 4181
5167 4187
5168 4251
5169 4258
5170 4173
5171 4148
5172 4131
5173 4167
5174 4138
5175 4173
5176 4093
5177 4076
5178 4295
5179 4182
5180 4194
5181 4127
5182 4173
5183 4221
5184 4218
5185 4137
5186 4076
5187 4076
5188 4076
5189 4126
5190 4076
5191 4239
5192 4093
5193 4076
5194 4131
5195 4197
5196 4226
5197 4111
5198 4131
5199 4076
5200 4082
5201 4131
5202 4131
5203 4251
5204 4076
5205 4182
5206 4182
5207 4076
5208 4076
5209 4173
5210 4076
5211 4115
5212 4330
5213 4131
5214 4076
5215 4131
5216 4076
5217 4076
5218 4131
5219 4173
5220 4355
5221 4132
5222 4173
5223 4092
5224 4115
5225 4143
5226 4182
5227 4226
5228 4191
5229 4210
5230 4132
5231 4251
5232 4076
5233 4173
5234 4228
5235 4076
5236 4076
5237 4194
5238 4187
5239 4076
5240 4251
5241 4270
5242 4233
5243 4184
5244 4076
5245 4076
5246 4076
5247 4173
5248 4177
5249 4179
5250 4076
5251 4076
5252 4173
5253 4173
5254 4245
5255 4384
5256 4126
5257 4194
5258 4081
5259 4076
5260 4182
5261 4251
5262 4131
5263 4173
5264 4211
5265 4281
5266 4221
5267 4076
5268 4314
5269 4305
5270 4126
5271 4076
5272 4214
5273 4137
5274 4168
5275 4204
5276 4251
5277 4131
5278 4076
5279 4076
5280 4222
5281 4131
5282 4131
5283 4194
5284 4209
5285 4131
5286 4194
5287 4173
5288 4189
5289 4187
5290 4131
5291 4228
5292 4076
5293 4251
5294 4131
5295 4173
5296 4371
5297 4082
5298 4131
5299 4076
5300 4131
5301 4173
5302 4226
5303 4147
5304 4226
5305 4195
5306 4099
5307 4131
5308 4076
5309 4194
5310 4194
5311 4131
5312 4076
5313 4131
5314 4131
5315 4131
5316 4338
5317 4149
5318 4239
5319 4099
5320 4251
5321 4076
5322 4076
5323 4285
5324 4131
5325 4077
5326 4131
5327 4076
5328 4131
5329 4115
5330 4099
5331 4131
5332 4126
5333 4251
5334 4173
5335 4276
5336 4182
5337 4137
5338 4131
5339 4251
5340 4078
5341 4094
5342 4131
5343 4239
5344 4093
5345 4182
5346 4132
5347 4252
5348 4182
5349 4181
5350 4131
5351 4181
5352 4209
5353 4132
5354 4295
5355 4182
5356 4076
5357 4247
5358 4251
5359 4076
5360 4076
5361 4076
5362 4075
5363 4252
5364 4328
5365 4305
5366 4137
5367 4194
5368 4148
5369 4305
5370 4131
5371 4217
5372 4076
5373 4294
5374 4218
5375 4176
5376 4076
5377 4252
5378 4131
5379 4173
5380 4076
5381 4076
5382 4076
5383 4076
5384 4137
5385 4131
5386 4132
5387 4131
5388 4173
5389 4282
5390 4193
5391 4173
5392 4226
5393 4076
5394 4076
5395 4076
5396 4076
5397 4082
5398 4131
5399 4131
5400 4076
5401 4132
5402 4076
5403 4226
5404 4093
5405 4251
5406 4204
5407 4115
5408 4276
5409 4131
5410 4251
5411 4077
5412 4076
5413 4131
5414 4251
5415 4082
5416 4173
5417 4094
5418 4137
5419 4131
5420 4173
5421 4173
5422 4131
5423 4223
5424 4131
5425 4077
5426 4182
5427 4182
5428 4076
5429 4131
5430 4137
5431 4076
5432 4131
5433 4131
5434 4076
5435 4131
5436 4132
5437 4131
5438 4182
5439 4131
5440 4150
5441 4244
5442 4127
5443 4131
5444 4226
5445 4198
5446 4093
5447 4132
5448 4131
5449 4076
5450 4200
5451 4204
5452 4251
5453 4132
5454 4197
5455 4251
5456 4076
5457 4076
5458 4282
5459 4323
5460 4076
5461 4229
5462 4126
5463 4194
5464 4131
5465 4076
5466 4173
5467 4131
5468 4132
5469 4076
5470 4131
5471 4115
5472 4160
5473 4173
5474 4143
5475 4240
5476 4245
5477 4226
5478 4190
5479 4194
5480 4131
5481 4131
5482 4173
5483 4194
5484 4076
5485 4181
5486 4194
5487 4199
5488 4131
5489 4187
5490 4338
5491 4110
5492 4251
5493 4252
5494 4126
5495 4131
5496 4076
5497 4131
5498 4131
5499 4131
5500 4251
5501 4131
5502 4338
5503 4275
5504 4137
5505 4282
5506 4187
5507 4132
5508 4284
5509 4131
5510 4076
5511 4075
5512 4115
5513 4154
5514 4137
5515 4226
5516 4217
5517 4211
5518 4240
5519 4204
5520 4131
5521 4076
5522 4132
5523 4180
5524 4251
5525 4204
5526 4076
5527 4332
5528 4288
5529 4399
5530 4181
5531 4187
5532 4187
5533 4082
5534 4131
5535 4076
5536 4251
5537 4131
5538 4131
5539 4251
5540 4131
5541 4251
5542 4251
5543 4075
5544 4126
5545 4076
5546 4173
5547 4076
5548 4076
5549 4131
5550 4252
5551 4076
5552 4076
5553 4174
5554 4204
5555 4131
5556 4076
5557 4076
5558 4076
5559 4076
5560 4173
5561 4149
5562 4173
5563 4144
5564 4185
5565 4131
5566 4181
5567 4194
5568 4252
5569 4181
5570 4131
5571 4149
5572 4326
5573 4155
5574 4132
5575 4076
5576 4076
5577 4355
5578 4131
5579 4312
5580 4195
5581 4076
5582 4194
5583 4182
5584 4173
5585 4149
5586 4228
5587 4211
5588 4148
5589 4173
5590 4099
5591 4253
5592 4181
5593 4173
5594 4076
5595 4076
5596 4174
5597 4211
5598 4132
5599 4076
5600 4293
5601 4166
5602 4132
5603 4131
5604 4178
5605 4252
5606 4149
5607 4082
5608 4173
5609 4276
5610 4279
5611 4076
5612 4194
5613 4131
5614 4173
5615 4155
5616 4181
5617 4191
5618 4251
5619 4209
5620 4235
5621 4273
5622 4076
5623 4132
5624 4131
5625 4076
5626 4226
5627 4165
5628 4127
5629 4093
5630 4240
5631 4076
5632 4131
5633 4131
5634 4076
5635 4076
5636 4076
5637 4173
5638 4240
5639 4229
5640 4076
5641 4187
5642 4127
5643 4173
5644 4194
5645 4251
5646 4076
5647 4132
5648 4173
5649 4340
5650 4226
5651 4093
5652 4194
5653 4132
5654 4251
5655 4182
5656 4320
5657 4148
5658 4076
5659 4131
5660 4251
5661 4194
5662 4127
5663 4194
5664 4381
5665 4327
5666 4127
5667 4076
5668 4115
5669 4099
5670 4200
5671 4194
5672 4131
5673 4181
5674 4173
5675 4076
5676 4173
5677 4228
5678 4154
5679 4181
5680 4076
5681 4251
5682 4076
5683 4132
5684 4076
5685 4251
5686 4082
5687 4076
5688 4076
5689 4076
5690 4131
5691 4235
5692 4246
5693 4093
5694 4305
5695 4409
5696 4148
5697 4173
5698 4181
5699 4182
5700 4131
5701 4126
5702 4131
5703 4115
5704 4148
5705 4173
5706 4260
5707 4132
5708 4239
5709 4111
5710 4173
5711 4127
5712 4239
5713 4093
5714 4076
5715 4131
5716 4235
5717 4179
5718 4309
5719 4218
5720 4372
5721 4333
5722 4099
5723 4076
5724 4126
5725 4223
5726 4076
5727 4131
5728 4131
5729 4076
5730 4292
5731 4093
5732 4194
5733 4251
5734 4270
5735 4176
5736 4131
5737 4076
5738 4173
5739 4081
5740 4196
5741 4294
5742 4154
5743 4131
5744 4076
5745 4076
5746 4076
5747 4282
5748 4199
5749 4075
5750 4076
5751 4115
5752 4143
5753 4252
5754 4182
5755 4251
5756 4333
5757 4149
5758 4076
5759 4251
5760 4327
5761 4076
5762 4338
5763 4301
5764 4211
5765 4248
5766 4179
5767 4251
5768 4181
5769 4173
5770 4092
5771 4265
5772 4326
5773 4255
5774 4250
5775 4077
5776 4076
5777 4126
5778 4251
5779 4076
5780 4076
5781 4125
5782 4257
5783 4078
5784 4134
5785 4182
5786 4173
5787 4093
5788 4076
5789 4076
5790 4200
5791 4131
5792 4076
5793 4252
5794 4321
5795 4214
5796 4394
5797 4076
5798 4076
5799 4173
5800 4198
5801 4349
5802 4127
5803 4076
5804 4076
5805 4326
5806 4082
5807 4194
5808 4356
5809 4182
5810 4144
5811 4076
5812 4257
5813 4076
5814 4131
5815 4131
5816 4131
5817 4076
5818 4131
5819 4228
5820 4205
5821 4076
5822 4131
5823 4076
5824 4076
5825 4182
5826 4282
5827 4199
5828 4252
5829 4173
5830 4131
5831 4181
5832 4144
5833 4131
5834 4174
5835 4161
5836 4076
5837 4253
5838 4132
5839 4076
5840 4194
5841 4297
5842 4148
5843 4240
5844 4339
5845 4178
5846 4131
5847 4182
5848 4282
5849 4290
5850 4132
5851 4131
5852 4187
5853 4076
5854 4076
5855 4076
5856 4226
5857 4261
5858 4182
5859 4076
5860 4326
5861 4204
5862 4076
5863 4270
5864 4190
5865 4126
5866 4132
5867 4076
5868 4131
5869 4131
5870 4131
5871 4075
5872 4076
5873 4167
5874 4204
5875 4126
5876 4182
5877 4217
5878 4131
5879 4173
5880 4076
5881 4217
5882 4075
5883 4173
5884 4114
5885 4131
5886 4250
5887 4076
5888 4173
5889 4240
5890 4173
5891 4076
5892 4239
5893 4234
5894 4092
5895 4194
5896 4131
5897 4182
5898 4251
5899 4209
5900 4126
5901 4076
5902 4173
5903 4173
5904 4173
5905 4238
5906 4380
5907 4203
5908 4131
5909 4137
5910 4131
5911 4131
5912 4247
5913 4115
5914 4148
5915 4251
5916 4131
5917 4076
5918 4131
5919 4279
5920 4131
5921 4208
5922 4194
5923 4199
5924 4131
5925 4076
5926 4076
5927 4187
5928 4115
5929 4338
5930 4223
5931 4131
5932 4173
5933 4099
5934 4184
5935 4263
5936 4323
5937 4311
5938 4173
5939 4178
5940 4135
5941 4138
5942 4131
5943 4246
5944 4235
5945 4127
5946 4399
5947 4332
5948 4306
5949 4194
5950 4131
5951 4131
5952 4076
5953 4260
5954 4161
5955 4209
5956 4076
5957 4355
5958 4132
5959 4173
5960 4245
5961 4076
5962 4217
5963 4075
5964 4187
5965 4251
5966 4251
5967 4094
5968 4182
5969 4269
5970 4204
5971 4194
5972 4114
5973 4154
5974 4076
5975 4131
5976 4076
5977 4076
5978 4251
5979 4132
5980 4076
5981 4131
5982 4295
5983 4177
5984 4131
5985 4076
5986 4173
5987 4249
5988 4178
5989 4173
5990 4076
5991 4194
5992 4248
5993 4155
5994 4076
5995 4131
5996 4223
5997 4127
5998 4131
5999 4131
6000 4121
6001 4116
6002 4076
6003 4076
6004 4131
6005 4114
6006 4154
6007 4131
6008 4173
6009 4076
6010 4076
6011 4308
6012 4250
6013 4337
6014 4110
6015 4181
6016 4172
6017 4131
6018 4173
6019 4218
6020 4182
6021 4076
6022 4137
6023 4131
6024 4076
6025 4253
6026 4333
6027 4311
6028 4226
6029 4323
6030 4404
6031 4076
6032 4253
6033 4138
6034 4131
6035 4178
6036 4131
6037 4247
6038 4173
6039 4198
6040 4076
6041 4178
6042 4181
6043 4131
6044 4131
6045 4076
6046 4181
6047 4194
6048 4126
6049 4338
6050 4155
6051 4193
6052 4173
6053 4339
6054 4226
6055 4092
6056 4251
6057 4076
6058 4075
6059 4309
6060 4223
6061 4303
6062 4176
6063 4075
6064 4131
6065 4131
6066 4225
6067 4243
6068 4286
6069 4092
6070 4131
6071 4138
6072 4148
6073 4172
6074 4250
6075 4340
6076 4181
6077 4229
6078 4144
6079 4143
6080 4182
6081 4082
6082 4391
6083 4148
6084 4132
6085 4075
6086 4131
6087 4076
6088 4377
6089 4081
6090 4181
6091 4209
6092 4338
6093 4199
6094 4251
6095 4082
6096 4131
6097 4076
6098 4305
6099 4188
6100 4131
6101 4076
6102 4098
6103 4251
6104 4251
6105 4182
6106 4131
6107 4131
6108 4173
6109 4303
6110 4098
6111 4131
6112 4270
6113 4099
6114 4292
6115 4251
6116 4153
6117 4200
6118 4355
6119 4131
6120 4253
6121 4188
6122 4194
6123 4253
6124 4126
6125 4139
6126 4181
6127 4240
6128 4076
6129 4251
6130 4176
6131 4076
6132 4076
6133 4187
6134 4178
6135 4137
6136 4132
6137 4182
6138 4295
6139 4139
6140 4095
6141 4252
6142 4131
6143 4076
6144 4131
6145 4076
6146 4200
6147 4336
6148 4370
6149 4131
6150 4182
6151 4132
6152 4076
6153 4174
6154 4199
6155 4115
6156 4112
6157 4115
6158 4160
6159 4284
6160 4131
6161 4223
6162 4223
6163 4143
6164 4178
6165 4203
6166 4251
6167 4279
6168 4127
6169 4076
6170 4115
6171 4132
6172 4099
6173 4178
6174 4131
6175 4187
6176 4226
6177 4199
6178 4355
6179 4173
6180 4131
6181 4076
6182 4131
6183 4295
6184 4076
6185 4194
6186 4075
6187 4226
6188 4144
6189 4131
6190 4131
6191 4131
6192 4131
6193 4173
6194 4250
6195 4219
6196 4182
6197 4075
6198 4076
6199 4076
6200 4076
6201 4131
6202 4264
6203 4199
6204 4076
6205 4131
6206 4299
6207 4293
6208 4076
6209 4076
6210 4076
6211 4076
6212 4131
6213 4132
6214 4076
6215 4131
6216 4076
6217 4282
6218 4198
6219 4076
6220 4181
6221 4076
6222 4194
6223 4173
6224 4170
6225 4251
6226 4227
6227 4287
6228 4246
6229 4076
6230 4194
6231 4194
6232 4372
6233 4236
6234 4173
6235 4323
6236 4100
6237 4131
6238 4182
6239 4076
6240 4207
6241 4240
6242 4181
6243 4200
6244 4178
6245 4210
6246 4154
6247 4076
6248 4075
6249 4251
6250 4182
6251 4082
6252 4200
6253 4082
6254 4182
6255 4131
6256 4338
6257 4143
6258 4228
6259 4243
6260 4148
6261 4226
6262 4160
6263 4235
6264 4126
6265 4076
6266 4251
6267 4173
6268 4194
6269 4131
6270 4076
6271 4076
6272 4131
6273 4076
6274 4076
6275 4194
6276 4292
6277 4198
6278 4076
6279 4173
6280 4160
6281 4293
6282 4199
6283 4179
6284 4181
6285 4223
6286 4076
6287 4194
6288 4076
6289 4131
6290 4132
6291 4076
6292 4253
6293 4245
6294 4076
6295 4082
6296 4292
6297 4161
6298 4182
6299 4210
6300 4221
6301 4173
6302 4099
6303 4131
6304 4076
6305 4082
6306 4168
6307 4093
6308 4075
6309 4251
6310 4292
6311 4133
6312 4198
6313 4194
6314 4131
6315 4076
6316 4179
6317 4131
6318 4082
6319 4173
6320 4232
6321 4076
6322 4076
6323 4115
6324 4195
6325 4251
6326 4137
6327 4131
6328 4230
6329 4223
6330 4126
6331 4076
6332 4306
6333 4238
6334 4173
6335 4092
6336 4115
6337 4198
6338 4131
6339 4076
6340 4173
6341 4240
6342 4178
6343 4313
6344 4176
6345 4221
6346 4115
6347 4131
6348 4187
6349 4194
6350 4181
6351 4076
6352 4098
6353 4228
6354 4252
6355 4178
6356 4194
6357 4076
6358 4173
6359 4148
6360 4126
6361 4365
6362 4076
6363 4137
6364 4319
6365 4269
6366 4131
6367 4173
6368 4099
6369 4076
6370 4131
6371 4194
6372 4131
6373 4132
6374 4200
6375 4131
6376 4076
6377 4187
6378 4182
6379 4181
6380 4131
6381 4075
6382 4240
6383 4076
6384 4131
6385 4326
6386 4308
6387 4211
6388 4076
6389 4131
6390 4076
6391 4115
6392 4148
6393 4076
6394 4126
6395 4076
6396 4305
6397 4226
6398 4198
6399 4290
6400 4148
6401 4173
6402 4320
6403 4182
6404 4178
6405 4076
6406 4173
6407 4295
6408 4229
6409 4173
6410 4165
6411 4076
6412 4131
6413 4284
6414 4132
6415 4076
6416 4173
6417 4093
6418 4251
6419 4126
6420 4143
6421 4251
6422 4131
6423 4182
6424 4235
6425 4076
6426 4076
6427 4115
6428 4290
6429 4132
6430 4137
6431 4076
6432 4076
6433 4076
6434 4218
6435 4227
6436 4095
6437 4173
6438 4284
6439 4223
6440 4115
6441 4148
6442 4131
6443 4076
6444 4076
6445 4076
6446 4076
6447 4076
6448 4143
6449 4137
6450 4131
6451 4076
6452 4076
6453 4076
6454 4131
6455 4076
6456 4251
6457 4252
6458 4094
6459 4076
6460 4076
6461 4076
6462 4194
6463 4173
6464 4174
6465 4285
6466 4148
6467 4082
6468 4181
6469 4139
6470 4218
6471 4173
6472 4363
6473 4076
6474 4178
6475 4131
6476 4131
6477 4076
6478 4131
6479 4194
6480 4229
6481 4132
6482 4226
6483 4148
6484 4235
6485 4149
6486 4292
6487 4173
6488 4251
6489 4131
6490 4076
6491 4076
6492 4131
6493 4132
6494 4137
6495 4366
6496 4209
6497 4076
6498 4131
6499 4131
6500 4076
6501 4205
6502 4115
6503 4143
6504 4194
6505 4251
6506 4115
6507 4160
6508 4076
6509 4194
6510 4226
6511 4198
6512 4243
6513 4251
6514 4076
6515 4173
6516 4217
6517 4174
6518 4137
6519 4115
6520 4144
6521 4076
6522 4194
6523 4217
6524 4278
6525 4277
6526 4149
6527 4076
6528 4076
6529 4137
6530 4182
6531 4115
6532 4348
6533 4076
6534 4076
6535 4228
6536 4251
6537 4132
6538 4240
6539 4131
6540 4128
6541 4108
6542 4131
6543 4252
6544 4182
6545 4204
6546 4115
6547 4143
6548 4253
6549 4076
6550 4240
6551 4182
6552 4131
6553 4131
6554 4131
6555 4361
6556 4137
6557 4115
6558 4148
6559 4220
6560 4099
6561 4245
6562 4138
6563 4194
6564 4252
6565 4076
6566 4148
6567 4251
6568 4240
6569 4320
6570 4250
6571 4143
6572 4076
6573 4251
6574 4313
6575 4187
6576 4194
6577 4132
6578 4131
6579 4209
6580 4327
6581 4173
6582 4223
6583 4127
6584 4226
6585 4099
6586 4082
6587 4173
6588 4269
6589 4076
6590 4182
6591 4131
6592 4126
6593 4251
6594 4181
6595 4251
6596 4235
6597 4222
6598 4176
6599 4131
6600 4131
6601 4229
6602 4076
6603 4076
6604 4076
6605 4076
6606 4131
6607 4126
6608 4131
6609 4181
6610 4093
6611 4194
6612 4131
6613 4131
6614 4076
6615 4283
6616 4269
6617 4131
6618 4131
6619 4076
6620 4131
6621 4218
6622 4076
6623 4181
6624 4137
6625 4173
6626 4131
6627 4126
6628 4326
6629 4200
6630 4252
6631 4182
6632 4131
6633 4144
6634 4076
6635 4181
6636 4204
6637 4131
6638 4076
6639 4134
6640 4267
6641 4144
6642 4131
6643 4251
6644 4131
6645 4076
6646 4076
6647 4076
6648 4076
6649 4319
6650 4211
6651 4153
6652 4226
6653 4251
6654 4139
6655 4076
6656 4076
6657 4282
6658 4093
6659 4131
6660 4076
6661 4197
6662 4076
6663 4076
6664 4076
6665 4115
6666 4153
6667 4131
6668 4076
6669 4173
6670 4244
6671 4199
6672 4131
6673 4076
6674 4186
6675 4076
6676 4252
6677 4179
6678 4187
6679 4076
6680 4131
6681 4253
6682 4252
6683 4131
6684 4194
6685 4226
6686 4249
6687 4194
6688 4251
6689 4082
6690 4076
6691 4076
6692 4264
6693 4293
6694 4279
6695 4199
6696 4076
6697 4292
6698 4149
6699 4131
6700 4305
6701 4137
6702 4181
6703 4131
6704 4260
6705 4082
6706 4131
6707 4194
6708 4279
6709 4149
6710 4131
6711 4131
6712 4132
6713 4076
6714 4194
6715 4235
6716 4204
6717 4203
6718 4131
6719 4131
6720 4131
6721 4223
6722 4137
6723 4282
6724 4144
6725 4194
6726 4251
6727 4174
6728 4127
6729 4076
6730 4174
6731 4182
6732 4131
6733 4194
6734 4173
6735 4240
6736 4082
6737 4235
6738 4127
6739 4181
6740 4167
6741 4194
6742 4277
6743 4126
6744 4132
6745 4127
6746 4076
6747 4076
6748 4131
6749 4076
6750 4131
6751 4253
6752 4182
6753 4252
6754 4076
6755 4076
6756 4226
6757 4182
6758 4076
6759 4076
6760 4194
6761 4173
6762 4202
6763 4131
6764 4326
6765 4182
6766 4182
6767 4215
6768 4249
6769 4131
6770 4172
6771 4182
6772 4144
6773 4187
6774 4312
6775 4240
6776 4131
6777 4076
6778 4182
6779 4194
6780 4235
6781 4077
6782 4076
6783 4251
6784 4240
6785 4131
6786 4131
6787 4131
6788 4076
6789 4178
6790 4204
6791 4126
6792 4132
6793 4076
6794 4194
6795 4182
6796 4173
6797 4143
6798 4131
6799 4132
6800 4131
6801 4076
6802 4131
6803 4076
6804 4115
6805 4154
6806 4131
6807 4384
6808 4194
6809 4076
6810 4131
6811 4173
6812 4247
6813 4076
6814 4137
6815 4187
6816 4144
6817 4082
6818 4076
6819 4131
6820 4131
6821 4223
6822 4132
6823 4131
6824 4131
6825 4293
6826 4199
6827 4115
6828 4226
6829 4077
6830 4076
6831 4179
6832 4131
6833 4131
6834 4076
6835 4182
6836 4194
6837 4252
6838 4076
6839 4131
6840 4076
6841 4076
6842 4239
6843 4240
6844 4305
6845 4100
6846 4198
6847 4131
6848 4076
6849 4295
6850 4195
6851 4194
6852 4173
6853 4173
6854 4251
6855 4149
6856 4076
6857 4173
6858 4320
6859 4148
6860 4115
6861 4233
6862 4187
6863 4076
6864 4253
6865 4195
6866 4267
6867 4077
6868 4173
6869 4205
6870 4182
6871 4082
6872 4188
6873 4252
6874 4313
6875 4183
6876 4076
6877 4079
6878 4144
6879 4189
6880 4266
6881 4321
6882 4252
6883 4131
6884 4194
6885 4260
6886 4132
6887 4291
6888 4225
6889 4352
6890 4134
6891 4134
6892 4131
6893 4251
6894 4131
6895 4252
6896 4132
6897 4137
6898 4131
6899 4076
6900 4076
6901 4076
6902 4131
6903 4076
6904 4082
6905 4076
6906 4076
6907 4076
6908 4076
6909 4293
6910 4115
6911 4082
6912 4076
6913 4131
6914 4173
6915 4143
6916 4076
6917 4182
6918 4173
6919 4093
6920 4076
6921 4076
6922 4174
6923 4144
6924 4076
6925 4076
6926 4241
6927 4127
6928 4306
6929 4076
6930 4251
6931 4252
6932 4076
6933 4226
6934 4190
6935 4131
6936 4282
6937 4257
6938 4249
6939 4253
6940 4185
6941 4204
6942 4229
6943 4253
6944 4093
6945 4082
6946 4251
6947 4127
6948 4277
6949 4143
6950 4076
6951 4137
6952 4258
6953 4132
6954 4126
6955 4226
6956 4143
6957 4131
6958 4187
6959 4223
6960 4131
6961 4131
6962 4131
6963 4131
6964 4076
6965 4252
6966 4284
6967 4132
6968 4131
6969 4076
6970 4217
6971 4132
6972 4292
6973 4198
6974 4311
6975 4133
6976 4115
6977 4144
6978 4251
6979 4131
6980 4076
6981 4273
6982 4187
6983 4126
6984 4076
6985 4204
6986 4076
6987 4131
6988 4251
6989 4131
6990 4319
6991 4261
6992 4223
6993 4076
6994 4313
6995 4131
6996 4182
6997 4204
6998 4131
6999 4239
7000 4160
7001 4131
7002 4076
7003 4076
7004 4076
7005 4131
7006 4173
7007 4076
7008 4194
7009 4385
7010 4076
7011 4284
7012 4258
7013 4223
7014 4252
7015 4251
7016 4131
7017 4076
7018 4251
7019 4076
7020 4075
7021 4187
7022 4076
7023 4076
7024 4131
7025 4137
7026 4196
7027 4193
7028 4164
7029 4284
7030 4259
7031 4266
7032 4163
7033 4311
7034 4366
7035 4080
7036 4308
7037 4214
7038 4355
7039 4350
7040 4169
7041 4276
7042 4333
7043 4251
7044 4243
7045 4241
7046 4191
7047 4137
7048 4213
7049 4328
7050 4326
7051 4361
7052 4212
7053 4242
7054 4298
7055 4193
7056 4257
7057 4211
7058 4302
7059 4210
7060 4098
7061 4215
7062 4154
7063 4125
7064 4270
7065 4254
7066 4134
7067 4316
7068 4293
7069 4184
7070 4126
7071 4209
7072 4163
7073 4194
7074 4276
7075 4205
7076 4236
7077 4193
7078 4260
7079 4192
7080 4187
7081 4259
7082 4164
7083 4125
7084 4315
7085 4259
7086 4193
7087 4259
7088 4284
7089 4126
7090 4284
7091 4294
7092 4176
7093 4253
7094 4264
7095 4163
7096 4076
7097 4274
7098 4163
7099 4417
7100 4179
7101 4194
7102 4287
7103 4139
7104 4202
7105 4312
7106 4112
7107 4308
7108 4187
7109 4174
7110 4193
7111 4230
7112 4215
7113 4258
7114 4278
7115 4192
7116 4187
7117 4202
7118 4230
7119 4248
7120 4242
7121 4294
7122 4349
7123 4400
7124 4308
7125 4265
7126 4193
7127 4255
7128 4259
7129 4303
7130 4231
7131 4307
7132 4197
7133 4258
7134 4191
7135 4236
7136 4289
7137 4315
7138 4236
7139 4325
7140 4308
7141 4356
7142 4211
7143 4332
7144 4329
7145 4230
7146 4329
7147 4112
7148 4261
7149 4191
7150 4193
7151 4398
7152 4228
7153 4129
7154 4196
7155 4231
7156 4130
7157 4215
7158 4180
7159 4315
7160 4309
7161 4305
7162 4370
7163 4143
7164 4301
7165 4105
7166 4296
7167 4203
7168 4161
7169 4276
7170 4271
7171 4250
7172 4156
7173 4340
7174 4302
7175 4308
7176 4193
7177 4163
7178 4193
7179 4259
7180 4180
7181 4230
7182 4193
7183 4283
7184 4337
7185 4308
7186 4306
7187 4231
7188 4180
7189 4165
7190 4230
7191 4193
7192 4230
7193 4192
7194 4218
7195 4186
7196 4192
7197 4185
7198 4230
7199 4112
7200 4192
7201 4237
7202 4315
7203 4270
7204 4291
7205 4370
7206 4242
7207 4235
7208 4202
7209 4230
7210 4218
7211 4360
7212 4290
7213 4265
7214 4315
7215 4402
7216 4297
7217 4241
7218 4261
7219 4221
7220 4302
7221 4217
7222 4278
7223 4268
7224 4227
7225 4202
7226 4261
7227 4180
7228 4211
7229 4274
7230 4299
7231 4385
7232 4238
7233 4289
7234 4253
7235 4232
7236 4267
7237 4242
7238 4271
7239 4196
7240 4185
7241 4231
7242 4186
7243 4295
7244 4269
7245 4134
7246 4193
7247 4193
7248 4230
7249 4223
7250 4197
7251 4175
7252 4193
7253 4314
7254 4260
7255 4172
7256 4230
7257 4231
7258 4201
7259 4278
7260 4192
7261 4193
7262 4161
7263 4231
7264 4327
7265 4252
7266 4271
7267 4180
7268 4217
7269 4284
7270 4274
7271 4230
7272 4230
7273 4186
7274 4127
7275 4294
7276 4156
7277 4259
7278 4112
7279 4192
7280 4187
7281 4316
7282 4105
7283 4230
7284 4232
7285 4223
7286 4316
7287 4265
7288 4193
7289 4230
7290 4275
7291 4260
7292 4228
7293 4180
7294 4139
7295 4126
7296 4274
7297 4164
7298 4234
7299 4373
7300 4230
7301 4231
7302 4193
7303 4331
7304 4191
7305 4260
7306 4186
7307 4186
7308 4274
7309 4390
7310 4208
7311 4077
7312 4236
7313 4284
7314 4315
7315 4328
7316 4230
7317 4288
7318 4126
7319 4230
7320 4180
7321 4276
7322 4254
7323 4193
7324 4202
7325 4260
7326 4316
7327 4321
7328 4260
7329 4326
7330 4192
7331 4150
7332 4243
7333 4259
7334 4133
7335 4125
7336 4076
7337 4274
7338 4193
7339 4230
7340 4255
7341 4229
7342 4307
7343 4216
7344 4187
7345 4139
7346 4231
7347 4234
7348 4076
7349 4231
7350 4173
7351 4314
7352 4154
7353 4126
7354 4259
7355 4174
7356 4260
7357 4272
7358 4197
7359 4278
7360 4384
7361 4236
7362 4275
7363 4261
7364 4198
7365 4289
7366 4337
7367 4307
7368 4233
7369 4247
7370 4139
7371 4192
7372 4139
7373 4218
7374 4258
7375 4076
7376 4254
7377 4163
7378 4193
7379 4275
7380 4260
7381 4254
7382 4180
7383 4204
7384 4306
7385 4134
7386 4193
7387 4259
7388 4231
7389 4230
7390 4222
7391 4187
7392 4230
7393 4180
7394 4265
7395 4139
7396 4241
7397 4217
7398 4332
7399 4196
7400 4180
7401 4230
7402 4261
7403 4248
7404 4209
7405 4259
7406 4125
7407 4151
7408 4112
7409 4125
7410 4230
7411 4111
7412 4076
7413 4274
7414 4231
7415 4139
7416 4191
7417 4284
7418 4163
7419 4287
7420 4236
7421 4220
7422 4219
7423 4268
7424 4291
7425 4126
7426 4340
7427 4231
7428 4248
7429 4280
7430 4112
7431 4231
7432 4255
7433 4232
7434 4144
7435 4321
7436 4381
7437 4326
7438 4196
7439 4316
7440 4144
7441 4130
7442 4076
7443 4105
7444 4115
7445 4143
7446 4076
7447 4076
7448 4126
7449 4077
7450 4168
7451 4205
7452 4076
7453 4104
7454 4076
7455 4126
7456 4077
7457 4076
7458 4077
7459 4131
7460 4115
7461 4112
7462 4098
7463 4076
7464 4155
7465 4076
7466 4076
7467 4076
7468 4076
7469 4076
7470 4221
7471 4103
7472 4164
7473 4115
7474 4249
7475 4076
7476 4076
7477 4076
7478 4076
7479 4077
7480 4076
7481 4138
7482 4077
7483 4077
7484 4127
7485 4077
7486 4115
7487 4093
7488 4076
7489 4077
7490 4076
7491 4115
7492 4109
7493 4076
7494 4115
7495 4173
7496 4204
7497 4184
7498 4127
7499 4076
7500 4076
7501 4093
7502 4115
7503 4099
7504 4169
7505 4102
7506 4076
7507 4076
7508 4127
7509 4132
7510 4244
7511 4121
7512 4076
7513 4076
7514 4076
7515 4076
7516 4076
7517 4126
7518 4076
7519 4115
7520 4183
7521 4076
7522 4127
7523 4076
7524 4127
7525 4137
7526 4174
7527 4164
7528 4202
7529 4281
7530 4217
7531 4357
7532 4309
7533 4265
7534 4254
7535 4125
7536 4253
7537 4163
7538 4271
7539 4235
7540 4274
7541 4233
7542 4164
7543 4193
7544 4281
7545 4312
7546 4352
7547 4260
7548 4271
7549 4252
7550 4187
7551 4215
7552 4231
7553 4391
7554 4313
7555 4180
7556 4264
7557 4307
7558 4268
7559 4231
7560 4193
7561 4232
7562 4219
7563 4426
7564 4156
7565 4193
7566 4231
7567 4292
7568 4220
7569 4230
7570 4274
7571 4111
7572 4338
7573 4318
7574 4193
7575 4139
7576 4137
7577 4111
7578 4231
7579 4274
7580 4127
7581 4373
7582 4265
7583 4312
7584 4186
7585 4164
7586 4254
7587 4193
7588 4201
7589 4130
7590 4303
7591 4230
7592 4260
7593 4248
7594 4125
7595 4332
7596 4208
7597 4289
7598 4112
7599 4212
7600 4289
7601 4265
7602 4203
7603 4254
7604 4243
7605 4263
7606 4296
7607 4076
7608 4230
7609 4258
7610 4250
7611 4261
7612 4383
7613 4309
7614 4303
7615 4293
7616 4350
7617 4289
7618 4326
7619 4211
7620 4126
7621 4340
7622 4185
7623 4163
7624 4193
7625 4139
7626 4278
7627 4168
7628 4324
7629 4259
7630 4318
7631 4118
7632 4231
7633 4134
7634 4243
7635 4187
7636 4308
7637 4249
7638 4076
7639 4193
7640 4259
7641 4221
7642 4076
7643 4112
7644 4125
7645 4179
7646 4301
7647 4221
7648 4192
7649 4230
7650 4207
7651 4125
7652 4190
7653 4300
7654 4218
7655 4284
7656 4231
7657 4337
7658 4231
7659 4231
7660 4197
7661 4076
7662 4125
7663 4165
7664 4076
7665 4224
7666 4151
7667 4163
7668 4202
7669 4180
7670 4193
7671 4340
7672 4367
7673 4230
7674 4250
7675 4270
7676 4201
7677 4289
7678 4278
7679 4236
7680 4125
7681 4337
7682 4193
7683 4337
7684 4255
7685 4241
7686 4179
7687 4126
7688 4340
7689 4295
7690 4279
7691 4193
7692 4254
7693 4230
7694 4193
7695 4291
7696 4197
7697 4187
7698 4254
7699 4230
7700 4316
7701 4181
7702 4260
7703 4248
7704 4270
7705 4209
7706 4289
7707 4332
7708 4255
7709 4186
7710 4230
7711 4139
7712 4186
7713 4230
7714 4274
7715 4260
7716 4259
7717 4232
7718 4274
7719 4271
7720 4093
7721 4193
7722 4193
7723 4294
7724 4235
7725 4111
7726 4273
7727 4253
7728 4126
7729 4193
7730 4301
7731 4223
7732 4252
7733 4304
7734 4241
7735 4187
7736 4187
7737 4139
7738 4340
7739 4255
7740 4274
7741 4208
7742 4193
7743 4284
7744 4288
7745 4219
7746 4183
7747 4231
7748 4259
7749 4197
7750 4230
7751 4424
7752 4246
7753 4230
7754 4274
7755 4209
7756 4291
7757 4233
7758 4163
7759 4230
7760 4193
7761 4231
7762 4188
7763 4259
7764 4259
7765 4192
7766 4203
7767 4259
7768 4134
7769 4187
7770 4270
7771 4268
7772 4255
7773 4174
7774 4301
7775 4257
7776 4249
7777 4207
7778 4177
7779 4230
7780 4192
7781 4196
7782 4171
7783 4230
7784 4192
7785 4276
7786 4076
7787 4271
7788 4261
7789 4274
7790 4406
7791 4298
7792 4253
7793 4240
7794 4271
7795 4288
7796 4259
7797 4295
7798 4077
7799 4270
7800 4370
7801 4399
7802 4215
7803 4341
7804 4278
7805 4156
7806 4260
7807 4316
7808 4336
7809 4139
7810 4215
7811 4308
7812 4230
7813 4255
7814 4231
7815 4099
7816 4274
7817 4201
7818 4217
7819 4387
7820 4284
7821 4193
7822 4125
7823 4174
7824 4236
7825 4301
7826 4211
7827 4139
7828 4143
7829 4126
7830 4193
7831 4139
7832 4231
7833 4340
7834 4125
7835 4265
7836 4335
7837 4163
7838 4193
7839 4139
7840 4140
7841 4077
7842 4077
7843 4168
7844 4166
7845 4098
7846 4077
7847 4076
7848 4118
7849 4130
7850 4077
7851 4077
7852 4076
7853 4098
7854 4076
7855 4244
7856 4121
7857 4127
7858 4149
7859 4076
7860 4076
7861 4076
7862 4077
7863 4076
7864 4076
7865 4076
7866 4076
7867 4115
7868 4175
7869 4155
7870 4076
7871 4098
7872 4076
7873 4076
7874 4168
7875 4147
7876 4076
7877 4168
7878 4172
7879 4076
7880 4076
7881 4076
7882 4108
7883 4149
7884 4076
7885 4130
7886 4077
7887 4076
7888 4076
7889 4076
7890 4076
7891 4076
7892 4076
7893 4076
7894 4115
7895 4174
7896 4115
7897 4121
7898 4155
7899 4076
7900 4076
7901 4076
7902 4076
7903 4127
7904 4157
7905 4098
7906 4076
7907 4126
7908 4131
7909 4076
7910 4153
7911 4076
7912 4076
7913 4077
7914 4191
7915 4171
7916 4191
7917 4143
7918 4099
7919 4098
7920 4076
7921 4076
7922 4076
7923 4076
7924 4115
7925 4103
7926 4115
7927 4153
7928 4077
7929 4076
7930 4076
7931 4076
7932 4076
7933 4076
7934 4076
7935 4076
7936 4076
7937 4076
7938 4115
7939 4161
7940 4127
7941 4133
7942 4078
7943 4107
7944 4079
7945 4078
7946 4144
7947 4104
7948 4155
7949 4076
7950 4115
7951 4112
7952 4105
7953 4126
7954 4115
7955 4205
7956 4188
7957 4227
7958 4137
7959 4205
7960 4126
7961 4115
7962 4139
7963 4105
7964 4098
7965 4098
7966 4076
7967 4130
7968 4076
7969 4108
7970 4077
7971 4127
7972 4157
7973 4153
7974 4130
7975 4129
7976 4127
7977 4127
7978 4077
7979 4182
7980 4133
7981 4118
7982 4079
7983 4076
7984 4081
7985 4078
7986 4077
7987 4161
7988 4161
7989 4121
7990 4076
7991 4076
7992 4076
7993 4077
7994 4077
7995 4076
7996 4077
7997 4127
7998 4143
7999 4077
8000 4127
8001 4076
8002 4115
8003 4175
8004 4166
8005 4115
8006 4249
8007 4076
8008 4128
8009 4076
8010 4127
8011 4076
8012 4108
8013 4169
8014 4255
8015 4186
8016 4159
8017 4076
8018 4076
8019 4139
8020 4126
8021 4166
8022 4257
8023 4099
8024 4139
8025 4310
8026 4315
8027 4180
8028 4288
8029 4302
8030 4326
8031 4174
8032 4269
8033 4273
8034 4262
8035 4311
8036 4328
8037 4213
8038 4228
8039 4249
8040 4230
8041 4277
8042 4230
8043 4385
8044 4193
8045 4126
8046 4175
8047 4112
8048 4230
8049 4232
8050 4240
8051 4185
8052 4235
8053 4197
8054 4174
8055 4259
8056 4259
8057 4196
8058 4278
8059 4076
8060 4186
8061 4259
8062 4193
8063 4174
8064 4215
8065 4186
8066 4134
8067 4230
8068 4290
8069 4076
8070 4111
8071 4290
8072 4294
8073 4232
8074 4161
8075 4234
8076 4125
8077 4264
8078 4111
8079 4193
8080 4274
8081 4282
8082 4261
8083 4230
8084 4193
8085 4259
8086 4329
8087 4284
8088 4203
8089 4174
8090 4164
8091 4270
8092 4259
8093 4306
8094 4302
8095 4184
8096 4242
8097 4125
8098 4259
8099 4350
8100 4315
8101 4230
8102 4236
8103 4163
8104 4340
8105 4161
8106 4139
8107 4315
8108 4272
8109 4186
8110 4180
8111 4417
8112 4311
8113 4230
8114 4236
8115 4356
8116 4260
8117 4126
8118 4148
8119 4226
8120 4111
8121 4138
8122 4077
8123 4193
8124 4112
8125 4193
8126 4329
8127 4247
8128 4202
8129 4231
8130 4210
8131 4125
8132 4133
8133 4230
8134 4193
8135 4076
8136 4192
8137 4163
8138 4192
8139 4224
8140 4237
8141 4197
8142 4380
8143 4357
8144 4329
8145 4193
8146 4193
8147 4174
8148 4163
8149 4193
8150 4076
8151 4202
8152 4125
8153 4271
8154 4326
8155 4112
8156 4273
8157 4374
8158 4337
8159 4246
8160 4196
8161 4260
8162 4250
8163 4218
8164 4319
8165 4232
8166 4112
8167 4161
8168 4229
8169 4236
8170 4192
8171 4193
8172 4230
8173 4264
8174 4230
8175 4331
8176 4231
8177 4231
8178 4314
8179 4162
8180 4193
8181 4203
8182 4139
8183 4126
8184 4254
8185 4112
8186 4192
8187 4231
8188 4335
8189 4193
8190 4245
8191 4239
8192 4197
8193 4277
8194 4279
8195 4201
8196 4321
8197 4112
8198 4193
8199 4259
8200 4125
8201 4277
8202 4258
8203 4284
8204 4255
8205 4366
8206 4230
8207 4265
8208 4231
8209 4231
8210 4272
8211 4265
8212 4230
8213 4200
8214 4202
8215 4231
8216 4179
8217 4265
8218 4230
8219 4230
8220 4166
8221 4174
8222 4139
8223 4193
8224 4230
8225 4252
8226 4183
8227 4230
8228 4180
8229 4111
8230 4111
8231 4180
8232 4270
8233 4182
8234 4301
8235 4242
8236 4247
8237 4137
8238 4254
8239 4374
8240 4295
8241 4093
8242 4076
8243 4127
8244 4093
8245 4077
8246 4115
8247 4103
8248 4208
8249 4177
8250 4130
8251 4076
8252 4104
8253 4076
8254 4076
8255 4076
8256 4082
8257 4076
8258 4116
8259 4256
8260 4126
8261 4104
8262 4115
8263 4102
8264 4076
8265 4149
8266 4076
8267 4174
8268 4174
8269 4076
8270 4080
8271 4202
8272 4155
8273 4126
8274 4076
8275 4127
8276 4076
8277 4158
8278 4081
8279 4177
8280 4116
8281 4076
8282 4098
8283 4148
8284 4081
8285 4077
8286 4076
8287 4191
8288 4093
8289 4104
8290 4098
8291 4098
8292 4076
8293 4076
8294 4076
8295 4076
8296 4131
8297 4157
8298 4076
8299 4076
8300 4115
8301 4103
8302 4076
8303 4076
8304 4115
8305 4121
8306 4076
8307 4077
8308 4076
8309 4079
8310 4076
8311 4127
8312 4115
8313 4102
8314 4157
8315 4076
8316 4077
8317 4131
8318 4098
8319 4098
8320 4076
8321 4076
8322 4115
8323 4076
8324 4076
8325 4127
8326 4126
8327 4126
8328 4127
8329 4076
8330 4076
8331 4138
8332 4133
8333 4115
8334 4205
8335 4076
8336 4126
8337 4076
8338 4116
8339 4099
8340 4160
8341 4176
8342 4098
8343 4130
8344 4115
8345 4121
8346 4077
8347 4130
8348 4076
8349 4076
8350 4076
8351 4076
8352 4133
8353 4127
8354 4098
8355 4076
8356 4115
8357 4116
8358 4098
8359 4126
8360 4115
8361 4143
8362 4104
8363 4098
8364 4076
8365 4148
8366 4076
8367 4076
8368 4115
8369 4076
8370 4076
8371 4098
8372 4076
8373 4274
8374 4103
8375 4076
8376 4115
8377 4150
8378 4076
8379 4076
8380 4077
8381 4127
8382 4116
8383 4076
8384 4076
8385 4076
8386 4076
8387 4108
8388 4168
8389 4150
8390 4225
8391 4099
8392 4090
8393 4079
8394 4127
8395 4076
8396 4118
8397 4158
8398 4153
8399 4093
8400 4076
8401 4107
8402 4130
8403 4127
8404 4102
8405 4168
8406 4111
8407 4127
8408 4107
8409 4126
8410 4076
8411 4115
8412 4093
8413 4076
8414 4076
8415 4198
8416 4099
8417 4105
8418 4127
8419 4155
8420 4115
8421 4076
8422 4076
8423 4076
8424 4115
8425 4166
8426 4139
8427 4127
8428 4126
8429 4251
8430 4099
8431 4178
8432 4133
8433 4205
8434 4098
8435 4115
8436 4135
8437 4098
8438 4115
8439 4205
8440 4115
8441 4105
8442 4076
8443 4127
8444 4115
8445 4168
8446 4168
8447 4102
8448 4098
8449 4126
8450 4144
8451 4143
8452 4076
8453 4098
8454 4204
8455 4102
8456 4168
8457 4106
8458 4098
8459 4098
8460 4118
8461 4148
8462 4138
8463 4099
8464 4168
8465 4180
8466 4126
8467 4076
8468 4076
8469 4076
8470 4076
8471 4076
8472 4076
8473 4076
8474 4098
8475 4076
8476 4076
8477 4076
8478 4076
8479 4098
8480 4076
8481 4108
8482 4077
8483 4178
8484 4097
8485 4122
8486 4117
8487 4138
8488 4127
8489 4161
8490 4077
8491 4076
8492 4076
8493 4128
8494 4077
8495 4076
8496 4076
8497 4114
8498 4170
8499 4132
8500 4121
8501 4115
8502 4189
8503 4076
8504 4115
8505 4143
8506 4076
8507 4166
8508 4115
8509 4139
8510 4093
8511 4177
8512 4076
8513 4115
8514 4143
8515 4076
8516 4076
8517 4127
8518 4089
8519 4168
8520 4145
8521 4092
8522 4076
8523 4176
8524 4132
8525 4268
8526 4243
8527 4193
8528 4274
8529 4297
8530 4297
8531 4275
8532 4161
8533 4180
8534 4320
8535 4266
8536 4287
8537 4231
8538 4229
8539 4289
8540 4310
8541 4445
8542 4221
8543 4248
8544 4221
8545 4209
8546 4193
8547 4310
8548 4125
8549 4174
8550 4076
8551 4193
8552 4230
8553 4271
8554 4389
8555 4167
8556 4307
8557 4111
8558 4241
8559 4111
8560 4246
8561 4125
8562 4193
8563 4259
8564 4139
8565 4187
8566 4098
8567 4076
8568 4077
8569 4259
8570 4200
8571 4173
8572 4231
8573 4278
8574 4259
8575 4174
8576 4284
8577 4215
8578 4186
8579 4139
8580 4226
8581 4271
8582 4291
8583 4125
8584 4255
8585 4192
8586 4307
8587 4205
8588 4313
8589 4156
8590 4212
8591 4231
8592 4174
8593 4158
8594 4294
8595 4350
8596 4196
8597 4231
8598 4380
8599 4247
8600 4337
8601 4219
8602 4284
8603 4193
8604 4260
8605 4225
8606 4231
8607 4230
8608 4281
8609 4173
8610 4192
8611 4194
8612 4219
8613 4231
8614 4302
8615 4244
8616 4215
8617 4230
8618 4236
8619 4111
8620 4215
8621 4248
8622 4134
8623 4161
8624 4271
8625 4289
8626 4307
8627 4125
8628 4076
8629 4231
8630 4312
8631 4211
8632 4332
8633 4254
8634 4259
8635 4230
8636 4076
8637 4278
8638 4192
8639 4231
8640 4076
8641 4126
8642 4127
8643 4076
8644 4157
8645 4115
8646 4099
8647 4076
8648 4191
8649 4099
8650 4076
8651 4076
8652 4191
8653 4199
8654 4183
8655 4126
8656 4155
8657 4076
8658 4076
8659 4076
8660 4127
8661 4155
8662 4076
8663 4127
8664 4126
8665 4076
8666 4076
8667 4127
8668 4076
8669 4076
8670 4076
8671 4077
8672 4076
8673 4076
8674 4127
8675 4164
8676 4191
8677 4166
8678 4155
8679 4127
8680 4168
8681 4143
8682 4115
8683 4150
8684 4126
8685 4126
8686 4204
8687 4078
8688 4077
8689 4076
8690 4188
8691 4133
8692 4098
8693 4138
8694 4076
8695 4076
8696 4115
8697 4116
8698 4126
8699 4076
8700 4076
8701 4076
8702 4076
8703 4076
8704 4076
8705 4076
8706 4076
8707 4076
8708 4098
8709 4076
8710 4105
8711 4076
8712 4098
8713 4077
8714 4189
8715 4102
8716 4098
8717 4076
8718 4138
8719 4126
8720 4098
8721 4076
8722 4076
8723 4132
8724 4191
8725 4268
8726 4147
8727 4076
8728 4098
8729 4098
8730 4076
8731 4115
8732 4242
8733 4150
8734 4139
8735 4076
8736 4076
8737 4076
8738 4076
8739 4098
8740 4076
8741 4076
8742 4191
8743 4099
8744 4076
8745 4154
8746 4168
8747 4144
8748 4126
8749 4076
8750 4076
8751 4115
8752 4099
8753 4076
8754 4076
8755 4077
8756 4115
8757 4093
8758 4115
8759 4116
8760 4177
8761 4133
8762 4076
8763 4076
8764 4076
8765 4076
8766 4076
8767 4076
8768 4076
8769 4076
8770 4191
8771 4126
8772 4104
8773 4076
8774 4076
8775 4076
8776 4076
8777 4098
8778 4076
8779 4076
8780 4127
8781 4105
8782 4076
8783 4098
8784 4076
8785 4076
8786 4115
8787 4116
8788 4168
8789 4174
8790 4226
8791 4180
8792 4188
8793 4133
8794 4104
8795 4107
8796 4153
8797 4076
8798 4127
8799 4274
8800 4171
8801 4098
8802 4098
8803 4076
8804 4076
8805 4127
8806 4076
8807 4154
8808 4076
8809 4076
8810 4115
8811 4099
8812 4076
8813 4130
8814 4098
8815 4076
8816 4077
8817 4076
8818 4133
8819 4155
8820 4115
8821 4099
8822 4168
8823 4099
8824 4076
8825 4076
8826 4076
8827 4098
8828 4077
8829 4155
8830 4104
8831 4127
8832 4076
8833 4076
8834 4105
8835 4098
8836 4139
8837 4155
8838 4076
8839 4127
8840 4148
8841 4076
8842 4076
8843 4098
8844 4126
8845 4076
8846 4115
8847 4099
8848 4076
8849 4076
8850 4076
8851 4076
8852 4168
8853 4106
8854 4076
8855 4076
8856 4127
8857 4132
8858 4126
8859 4076
8860 4127
8861 4168
8862 4131
8863 4204
8864 4076
8865 4133
8866 4157
8867 4076
8868 4115
8869 4171
8870 4148
8871 4104
8872 4076
8873 4076
8874 4098
8875 4201
8876 4121
8877 4098
8878 4076
8879 4076
8880 4183
8881 4115
8882 4149
8883 4127
8884 4076
8885 4076
8886 4076
8887 4076
8888 4076
8889 4076
8890 4076
8891 4138
8892 4127
8893 4098
8894 4115
8895 4093
8896 4155
8897 4076
8898 4108
8899 4169
8900 4147
8901 4126
8902 4126
8903 4155
8904 4168
8905 4239
8906 4215
8907 4250
8908 4130
8909 4076
8910 4130
8911 4126
8912 4076
8913 4168
8914 4093
8915 4076
8916 4076
8917 4076
8918 4177
8919 4115
8920 4121
8921 4221
8922 4147
8923 4148
8924 4098
8925 4126
8926 4133
8927 4076
8928 4105
8929 4076
8930 4077
8931 4188
8932 4076
8933 4098
8934 4098
8935 4076
8936 4274
8937 4268
8938 4199
8939 4148
8940 4163
8941 4209
8942 4077
8943 4126
8944 4102
8945 4078
8946 4243
8947 4093
8948 4105
8949 4077
8950 4076
8951 4076
8952 4169
8953 4121
8954 4126
8955 4133
8956 4165
8957 4099
8958 4105
8959 4127
8960 4076
8961 4127
8962 4188
8963 4077
8964 4077
8965 4138
8966 4132
8967 4115
8968 4099
8969 4099
8970 4098
8971 4076
8972 4098
8973 4191
8974 4193
8975 4130
8976 4127
8977 4168
8978 4153
8979 4076
8980 4188
8981 4161
8982 4076
8983 4077
8984 4077
8985 4076
8986 4076
8987 4181
8988 4076
8989 4076
8990 4076
8991 4076
8992 4076
8993 4076
8994 4076
8995 4115
8996 4182
8997 4097
8998 4133
8999 4117
9000 4076
9001 4117
9002 4076
9003 4077
9004 4115
9005 4105
9006 4103
9007 4076
9008 4076
9009 4076
9010 4115
9011 4170
9012 4221
9013 4144
9014 4077
9015 4076
9016 4077
9017 4144
9018 4117
9019 4137
9020 4133
9021 4222
9022 4133
9023 4244
9024 4077
9025 4137
9026 4180
9027 4202
9028 4230
9029 4241
9030 4375
9031 4191
9032 4140
9033 4247
9034 4234
9035 4177
9036 4231
9037 4112
9038 4246
9039 4164
9040 4193
9041 4338
9042 4186
9043 4175
9044 4252
9045 4312
9046 4277
9047 4193
9048 4227
9049 4175
9050 4254
9051 4316
9052 4215
9053 4250
9054 4432
9055 4211
9056 4193
9057 4308
9058 4191
9059 4161
9060 4168
9061 4193
9062 4307
9063 4169
9064 4230
9065 4277
9066 4214
9067 4215
9068 4254
9069 4183
9070 4313
9071 4368
9072 4340
9073 4143
9074 4133
9075 4230
9076 4134
9077 4274
9078 4175
9079 4364
9080 4427
9081 4334
9082 4275
9083 4346
9084 4276
9085 4218
9086 4246
9087 4230
9088 4271
9089 4282
9090 4165
9091 4339
9092 4259
9093 4333
9094 4231
9095 4163
9096 4111
9097 4273
9098 4338
9099 4211
9100 4163
9101 4404
9102 4185
9103 4265
9104 4335
9105 4284
9106 4274
9107 4265
9108 4193
9109 4243
9110 4112
9111 4193
9112 4192
9113 4163
9114 4246
9115 4127
9116 4271
9117 4223
9118 4174
9119 4139
9120 4231
9121 4259
9122 4193
9123 4200
9124 4391
9125 4295
9126 4236
9127 4235
9128 4125
9129 4260
9130 4230
9131 4235
9132 4193
9133 4260
9134 4254
9135 4230
9136 4255
9137 4230
9138 4221
9139 4175
9140 4187
9141 4193
9142 4193
9143 4224
9144 4266
9145 4193
9146 4211
9147 4164
9148 4187
9149 4236
9150 4230
9151 4316
9152 4255
9153 4234
9154 4175
9155 4133
9156 4193
9157 4187
9158 4231
9159 4238
9160 4235
9161 4193
9162 4259
9163 4188
9164 4274
9165 4231
9166 4278
9167 4295
9168 4164
9169 4259
9170 4255
9171 4183
9172 4162
9173 4076
9174 4193
9175 4236
9176 4197
9177 4230
9178 4260
9179 4231
9180 4231
9181 4211
9182 4218
9183 4289
9184 4321
9185 4209
9186 4164
9187 4278
9188 4125
9189 4329
9190 4241
9191 4234
9192 4284
9193 4308
9194 4206
9195 4111
9196 4231
9197 4349
9198 4206
9199 4141
9200 4254
9201 4183
9202 4126
9203 4271
9204 4302
9205 4164
9206 4230
9207 4303
9208 4218
9209 4247
9210 4193
9211 4303
9212 4271
9213 4264
9214 4164
9215 4126
9216 4260
9217 4289
9218 4134
9219 4271
9220 4311
9221 4254
9222 4164
9223 4237
9224 4247
9225 4294
9226 4218
9227 4353
9228 4231
9229 4214
9230 4356
9231 4320
9232 4211
9233 4139
9234 4185
9235 4322
9236 4237
9237 4211
9238 4308
9239 4210
9240 4200
9241 4156
9242 4238
9243 4149
9244 4137
9245 4139
9246 4259
9247 4168
9248 4277
9249 4313
9250 4126
9251 4239
9252 4126
9253 4310
9254 4271
9255 4166
9256 4139
9257 4112
9258 4211
9259 4274
9260 4303
9261 4308
9262 4231
9263 4297
9264 4111
9265 4139
9266 4293
9267 4180
9268 4161
9269 4274
9270 4203
9271 4340
9272 4258
9273 4250
9274 4301
9275 4259
9276 4193
9277 4259
9278 4284
9279 4174
9280 4335
9281 4230
9282 4217
9283 4219
9284 4260
9285 4163
9286 4112
9287 4192
9288 4125
9289 4193
9290 4259
9291 4125
9292 4230
9293 4207
9294 4193
9295 4111
9296 4230
9297 4148
9298 4288
9299 4261
9300 4303
9301 4359
9302 4360
9303 4302
9304 4151
9305 4112
9306 4278
9307 4271
9308 4255
9309 4271
9310 4260
9311 4232
9312 4377
9313 4260
9314 4139
9315 4317
9316 4279
9317 4308
9318 4112
9319 4236
9320 4125
9321 4215
9322 4193
9323 4231
9324 4230
9325 4224
9326 4158
9327 4231
9328 4315
9329 4221
9330 4295
9331 4230
9332 4187
9333 4300
9334 4208
9335 4231
9336 4211
9337 4270
9338 4211
9339 4125
9340 4233
9341 4077
9342 4236
9343 4337
9344 4377
9345 4193
9346 4231
9347 4326
9348 4215
9349 4193
9350 4175
9351 4193
9352 4320
9353 4309
9354 4254
9355 4134
9356 4202
9357 4076
9358 4255
9359 4192
9360 4270
9361 4220
9362 4386
9363 4179
9364 4247
9365 4340
9366 4234
9367 4111
9368 4231
9369 4175
9370 4247
9371 4289
9372 4369
9373 4292
9374 4186
9375 4253
9376 4076
9377 4277
9378 4345
9379 4163
9380 4076
9381 4126
9382 4192
9383 4290
9384 4272
9385 4193
9386 4112
9387 4307
9388 4312
9389 4193
9390 4164
9391 4237
9392 4303
9393 4281
9394 4218
9395 4260
9396 4193
9397 4209
9398 4374
9399 4338
9400 4305
9401 4233
9402 4192
9403 4307
9404 4352
9405 4180
9406 4187
9407 4231
9408 4254
9409 4181
9410 4126
9411 4232
9412 4249
9413 4271
9414 4284
9415 4133
9416 4301
9417 4173
9418 4231
9419 4293
9420 4260
9421 4255
9422 4399
9423 4241
9424 4193
9425 4277
9426 4253
9427 4274
9428 4189
9429 4175
9430 4181
9431 4254
9432 4303
9433 4242
9434 4274
9435 4381
9436 4198
9437 4254
9438 4139
9439 4215
9440 4127
9441 4077
9442 4182
9443 4144
9444 4201
9445 4147
9446 4108
9447 4115
9448 4093
9449 4148
9450 4144
9451 4098
9452 4076
9453 4077
9454 4076
9455 4244
9456 4143
9457 4221
9458 4222
9459 4076
9460 4076
9461 4144
9462 4076
9463 4105
9464 4076
9465 4076
9466 4077
9467 4093
9468 4168
9469 4121
9470 4077
9471 4076
9472 4076
9473 4105
9474 4177
9475 4174
9476 4127
9477 4076
9478 4098
9479 4133
9480 4127
9481 4162
9482 4077
9483 4077
9484 4116
9485 4160
9486 4076
9487 4076
9488 4116
9489 4077
9490 4127
9491 4076
9492 4126
9493 4115
9494 4125
9495 4166
9496 4076
9497 4107
9498 4076
9499 4076
9500 4076
9501 4127
9502 4076
9503 4076
9504 4076
9505 4126
9506 4116
9507 4105
9508 4173
9509 4143
9510 4093
9511 4077
9512 4115
9513 4142
9514 4105
9515 4076
9516 4096
9517 4076
9518 4076
9519 4077
9520 4115
9521 4112
9522 4076
9523 4077
9524 4077
9525 4239
9526 4231
9527 4077
9528 4258
9529 4247
9530 4144
9531 4180
9532 4144
9533 4303
9534 4175
9535 4254
9536 4230
9537 4270
9538 4163
9539 4209
9540 4314
9541 4231
9542 4290
9543 4274
9544 4215
9545 4243
9546 4260
9547 4361
9548 4240
9549 4139
9550 4242
9551 4193
9552 4225
9553 4231
9554 4263
9555 4139
9556 4243
9557 4193
9558 4274
9559 4230
9560 4230
9561 4180
9562 4184
9563 4316
9564 4219
9565 4230
9566 4134
9567 4236
9568 4330
9569 4283
9570 4137
9571 4281
9572 4158
9573 4316
9574 4211
9575 4271
9576 4179
9577 4163
9578 4337
9579 4254
9580 4426
9581 4224
9582 4247
9583 4125
9584 4231
9585 4166
9586 4190
9587 4164
9588 4230
9589 4209
9590 4255
9591 4247
9592 4260
9593 4312
9594 4126
9595 4309
9596 4221
9597 4112
9598 4216
9599 4292
9600 4295
9601 4125
9602 4231
9603 4258
9604 4260
9605 4230
9606 4163
9607 4224
9608 4354
9609 4210
9610 4231
9611 4174
9612 4156
9613 4163
9614 4134
9615 4139
9616 4231
9617 4163
9618 4271
9619 4292
9620 4254
9621 4250
9622 4187
9623 4164
9624 4164
9625 4214
9626 4271
9627 4301
9628 4254
9629 4230
9630 4230
9631 4236
9632 4134
9633 4215
9634 4193
9635 4201
9636 4093
9637 4202
9638 4125
9639 4294
9640 4247
9641 4168
9642 4250
9643 4209
9644 4340
9645 4258
9646 4250
9647 4156
9648 4259
9649 4193
9650 4225
9651 4093
9652 4187
9653 4218
9654 4230
9655 4183
9656 4340
9657 4335
9658 4191
9659 4163
9660 4258
9661 4139
9662 4316
9663 4159
9664 4217
9665 4180
9666 4288
9667 4240
9668 4173
9669 4237
9670 4230
9671 4230
9672 4139
9673 4259
9674 4271
9675 4352
9676 4205
9677 4164
9678 4164
9679 4260
9680 4163
9681 4143
9682 4076
9683 4260
9684 4077
9685 4231
9686 4219
9687 4231
9688 4227
9689 4232
9690 4290
9691 4212
9692 4257
9693 4292
9694 4266
9695 4193
9696 4139
9697 4283
9698 4265
9699 4241
9700 4309
9701 4296
9702 4284
9703 4202
9704 4174
9705 4260
9706 4193
9707 4188
9708 4230
9709 4076
9710 4193
9711 4227
9712 4230
9713 4192
9714 4350
9715 4230
9716 4232
9717 4278
9718 4193
9719 4164
9720 4112
9721 4193
9722 4274
9723 4213
9724 4253
9725 4112
9726 4259
9727 4126
9728 4274
9729 4139
9730 4215
9731 4164
9732 4133
9733 4193
9734 4112
9735 4288
9736 4353
9737 4295
9738 4261
9739 4262
9740 4276
9741 4235
9742 4316
9743 4328
9744 4271
9745 4380
9746 4254
9747 4372
9748 4148
9749 4158
9750 4248
9751 4312
9752 4219
9753 4149
9754 4126
9755 4112
9756 4248
9757 4175
9758 4197
9759 4253
9760 4219
9761 4077
9762 4255
9763 4156
9764 4316
9765 4272
9766 4289
9767 4224
9768 4211
9769 4271
9770 4290
9771 4309
9772 4251
9773 4254
9774 4274
9775 4143
9776 4251
9777 4316
9778 4279
9779 4225
9780 4277
9781 4211
9782 4191
9783 4175
9784 4250
9785 4215
9786 4284
9787 4258
9788 4226
9789 4355
9790 4260
9791 4215
9792 4230
9793 4193
9794 4241
9795 4235
9796 4172
9797 4301
9798 4218
9799 4112
9800 4111
9801 4231
9802 4185
9803 4355
9804 4302
9805 4231
9806 4187
9807 4134
9808 4230
9809 4193
9810 4193
9811 4174
9812 4126
9813 4268
9814 4321
9815 4151
9816 4175
9817 4200
9818 4189
9819 4137
9820 4174
9821 4259
9822 4260
9823 4236
9824 4201
9825 4126
9826 4259
9827 4196
9828 4192
9829 4281
9830 4147
9831 4163
9832 4242
9833 4298
9834 4196
9835 4191
9836 4293
9837 4244
9838 4301
9839 4236
9840 4235
9841 4126
9842 4127
9843 4155
9844 4127
9845 4144
9846 4168
9847 4166
9848 4139
9849 4130
9850 4077
9851 4076
9852 4133
9853 4076
9854 4098
9855 4076
9856 4076
9857 4076
9858 4149
9859 4130
9860 4076
9861 4076
9862 4076
9863 4105
9864 4127
9865 4139
9866 4103
9867 4077
9868 4148
9869 4077
9870 4077
9871 4115
9872 4093
9873 4132
9874 4177
9875 4105
9876 4077
9877 4155
9878 4077
9879 4098
9880 4076
9881 4076
9882 4105
9883 4076
9884 4077
9885 4188
9886 4127
9887 4191
9888 4174
9889 4077
9890 4115
9891 4172
9892 4183
9893 4076
9894 4076
9895 4133
9896 4098
9897 4098
9898 4076
9899 4104
9900 4105
9901 4076
9902 4127
9903 4155
9904 4139
9905 4076
9906 4115
9907 4143
9908 4105
9909 4076
9910 4130
9911 4105
9912 4130
9913 4076
9914 4104
9915 4076
9916 4134
9917 4127
9918 4076
9919 4127
9920 4076
9921 4145
9922 4117
9923 4076
9924 4139
9925 4158
9926 4076
9927 4076
9928 4115
9929 4205
9930 4126
9931 4115
9932 4239
9933 4147
9934 4098
9935 4076
9936 4105
9937 4098
9938 4077
9939 4077
9940 4150
9941 4122
9942 4117
9943 4080
9944 4079
9945 4116
9946 4106
9947 4105
9948 4077
9949 4116
9950 4093
9951 4105
9952 4115
9953 4165
9954 4130
9955 4076
9956 4108
9957 4107
9958 4098
9959 4104
9960 4076
9961 4249
9962 4105
9963 4076
9964 4109
9965 4076
9966 4126
9967 4076
9968 4077
9969 4076
9970 4077
9971 4221
9972 4121
9973 4127
9974 4104
9975 4274
9976 4144
9977 4127
9978 4149
9979 4076
9980 4076
9981 4197
9982 4103
9983 4093
9984 4077
9985 4076
9986 4115
9987 4149
9988 4077
9989 4076
9990 4077
9991 4117
9992 4076
9993 4076
9994 4127
9995 4076
9996 4077
9997 4115
9998 4150
9999 4222
# sum: 4174
# min: 4074
# max: 4462
# err cnt: 0
