0 8060
1 7822
2 8018
3 7927
4 8223
5 7901
6 8005
7 8015
8 8016
9 7922
10 7824
11 7930
12 8189
13 8039
14 8058
15 7889
16 8195
17 8096
18 8230
19 7986
20 7864
21 7902
22 8037
23 7834
24 8197
25 7964
26 7881
27 7831
28 8012
29 7879
30 8020
31 7877
32 8020
33 7816
34 8151
35 7836
36 8046
37 7979
38 8098
39 7969
40 8069
41 7899
42 8044
43 8165
44 7842
45 7945
46 8083
47 7894
48 8199
49 8030
50 8063
51 8178
52 8025
53 7895
54 8049
55 7884
56 8167
57 7905
58 8008
59 7829
60 8055
61 7890
62 7854
63 7924
64 7839
65 7883
66 7821
67 7880
68 8013
69 7874
70 8020
71 7831
72 8019
73 7937
74 8034
75 8162
76 8044
77 7962
78 8055
79 7889
80 7823
81 7879
82 7820
83 7810
84 8012
85 7921
86 8081
87 8067
88 7865
89 7908
90 8080
91 7879
92 8025
93 7954
94 8012
95 7866
96 8194
97 8024
98 8014
99 7822
100 7828
101 7887
102 8016
103 7811
104 7820
105 7828
106 8028
107 7867
108 7830
109 7830
110 7828
111 7898
112 8201
113 7897
114 8168
115 8051
116 8036
117 7898
118 7981
119 8099
120 8201
121 7954
122 8238
123 8016
124 8162
125 7964
126 8061
127 7891
128 7823
129 7831
130 7823
131 7822
132 8012
133 7874
134 7820
135 7886
136 8077
137 7864
138 8020
139 7832
140 8016
141 7874
142 7999
143 7888
144 8000
145 7822
146 8183
147 8015
148 8007
149 7879
150 8013
151 7934
152 7917
153 7831
154 8151
155 7969
156 8215
157 8063
158 8188
159 7837
160 8092
161 7852
162 8013
163 7879
164 8194
165 8040
166 8194
167 8024
168 8066
169 7838
170 8010
171 8071
172 7824
173 7822
174 7979
175 8025
176 8027
177 7893
178 8002
179 8020
180 8052
181 7964
182 8058
183 7972
184 7828
185 7822
186 8002
187 7960
188 8023
189 8157
190 8273
191 8104
192 8208
193 8076
194 7834
195 7837
196 8208
197 8158
198 7902
199 8023
200 7871
201 7897
202 8228
203 8031
204 8040
205 7958
206 7999
207 8037
208 7872
209 7891
210 8003
211 7957
212 8002
213 7881
214 8193
215 7954
216 8139
217 7944
218 8232
219 7956
220 8200
221 8172
222 7820
223 7921
224 8020
225 7906
226 7873
227 7883
228 8087
229 7894
230 7853
231 7880
232 8172
233 7905
234 8012
235 7911
236 8013
237 7880
238 7820
239 8029
240 8173
241 7927
242 7827
243 7823
244 8012
245 7953
246 8051
247 8020
248 8026
249 7902
250 8035
251 7828
252 8010
253 7924
254 7883
255 8116
256 8057
257 8018
258 7850
259 7852
260 8340
261 8017
262 8047
263 7867
264 7901
265 7822
266 8025
267 7911
268 8021
269 7822
270 8000
271 7817
272 7827
273 7880
274 8013
275 7822
276 8178
277 7956
278 8023
279 7954
280 8193
281 8104
282 8079
283 8082
284 8169
285 7897
286 8000
287 7810
288 8150
289 7974
290 8052
291 7859
292 8015
293 7867
294 8012
295 7880
296 8012
297 7867
298 7820
299 7822
300 8012
301 7822
302 7828
303 7887
304 8021
305 7932
306 8203
307 7936
308 7883
309 7905
310 8244
311 8030
312 8202
313 7957
314 8156
315 7883
316 7871
317 7924
318 8084
319 7924
320 8070
321 7880
322 7869
323 7822
324 8012
325 7960
326 8151
327 8156
328 8057
329 8206
330 8061
331 7814
332 8052
333 7958
334 7823
335 7894
336 8205
337 8007
338 8003
339 7869
340 8015
341 7886
342 7834
343 7890
344 8072
345 7915
346 8052
347 8009
348 8341
349 8050
350 8378
351 8027
352 8363
353 8064
354 8012
355 8020
356 8150
357 8024
358 7883
359 7829
360 8020
361 7960
362 8058
363 7968
364 8200
365 7834
366 8021
367 7888
368 8152
369 7927
370 8159
371 7937
372 7873
373 7918
374 7923
375 7886
376 7996
377 8022
378 8013
379 7823
380 8013
381 7880
382 8021
383 7893
384 8221
385 8096
386 8235
387 7951
388 8152
389 7858
390 7821
391 7879
392 8025
393 7984
394 8229
395 7946
396 8031
397 8020
398 8347
399 8092
400 7998
401 7961
402 7840
403 7896
404 8201
405 8103
406 8188
407 7891
408 8015
409 7873
410 8015
411 7878
412 8020
413 7810
414 7997
415 8040
416 8152
417 8043
418 8208
419 8083
420 7999
421 8296
422 8069
423 8066
424 7886
425 8070
426 7848
427 8037
428 8016
429 7869
430 8016
431 8125
432 7865
433 7888
434 7980
435 8028
436 7852
437 7892
438 8033
439 8022
440 7999
441 8022
442 8068
443 7899
444 8204
445 8099
446 8033
447 8031
448 8065
449 8008
450 8014
451 7960
452 8177
453 7904
454 8001
455 7880
456 7820
457 7919
458 7884
459 7924
460 8202
461 8052
462 7870
463 7853
464 7821
465 7888
466 8160
467 7981
468 7822
469 7938
470 8215
471 8031
472 8218
473 7852
474 8016
475 7892
476 7890
477 7978
478 8018
479 7811
480 8340
481 8163
482 8245
483 8097
484 8046
485 7934
486 8224
487 7889
488 8137
489 7895
490 8137
491 7894
492 7869
493 8004
494 8049
495 8225
496 7836
497 7902
498 8023
499 7830
500 8020
501 7834
502 8003
503 7812
504 8001
505 7822
506 8158
507 7925
508 7835
509 7823
510 8007
511 7887
512 7815
513 7823
514 8013
515 7830
516 8013
517 7832
518 8001
519 7880
520 7815
521 7943
522 8214
523 8141
524 8071
525 8027
526 8014
527 7894
528 8153
529 8048
530 8027
531 7968
532 8182
533 7919
534 8175
535 7987
536 8173
537 7923
538 7988
539 8027
540 7867
541 7883
542 7834
543 7894
544 8054
545 7865
546 8028
547 7829
548 8015
549 7889
550 8013
551 7879
552 8013
553 7879
554 7820
555 7880
556 8013
557 7879
558 8151
559 7968
560 7809
561 7867
562 7978
563 8015
564 8000
565 7985
566 7865
567 7935
568 7868
569 7973
570 8034
571 7896
572 7978
573 8088
574 8046
575 7880
576 7809
577 7867
578 8013
579 7822
580 7844
581 7920
582 8065
583 7883
584 8012
585 7887
586 8019
587 7875
588 7816
589 7840
590 7845
591 7866
592 7851
593 7880
594 8039
595 7851
596 8193
597 7949
598 8000
599 7890
600 8062
601 8021
602 7811
603 7822
604 8010
605 7831
606 8010
607 7888
608 8011
609 7825
610 8019
611 7825
612 7810
613 7825
614 7854
615 7931
616 7853
617 7883
618 7993
619 8020
620 8041
621 7942
622 7823
623 7822
624 8181
625 8026
626 8006
627 7928
628 7870
629 7837
630 8022
631 7929
632 8059
633 7919
634 8032
635 7889
636 8008
637 7924
638 8188
639 8048
640 7850
641 7882
642 8000
643 7929
644 7832
645 7877
646 7817
647 7887
648 8021
649 7968
650 8379
651 8170
652 7852
653 7833
654 8058
655 7895
656 7815
657 7886
658 8257
659 8098
660 8045
661 7893
662 7851
663 7922
664 7879
665 7822
666 8002
667 7960
668 8186
669 8041
670 8217
671 8096
672 8147
673 7840
674 7848
675 7838
676 8202
677 8096
678 8028
679 8164
680 8155
681 7953
682 8211
683 7883
684 8181
685 8154
686 8075
687 8103
688 8232
689 8023
690 7832
691 7888
692 8012
693 7879
694 8151
695 8083
696 7864
697 7961
698 8043
699 7928
700 8203
701 7894
702 8150
703 7862
704 8014
705 7963
706 8079
707 8119
708 8027
709 7866
710 7818
711 7822
712 8020
713 7882
714 8015
715 7882
716 8015
717 7923
718 8264
719 8083
720 8182
721 8104
722 8199
723 8085
724 7891
725 7935
726 8381
727 8070
728 7895
729 7881
730 8015
731 7894
732 8197
733 7939
734 8012
735 7829
736 8027
737 7887
738 8002
739 7822
740 7820
741 8006
742 7873
743 7921
744 8209
745 7945
746 7905
747 7924
748 8201
749 7825
750 8021
751 7830
752 7808
753 7879
754 8012
755 7883
756 7990
757 8015
758 8012
759 7961
760 8138
761 7968
762 8010
763 8063
764 8219
765 8021
766 8026
767 7897
768 8012
769 7887
770 8041
771 7976
772 8002
773 7866
774 8151
775 7962
776 8158
777 7909
778 8161
779 7898
780 8153
781 7884
782 8153
783 8084
784 7846
785 7829
786 8014
787 7824
788 8197
789 7903
790 8012
791 7879
792 7989
793 8014
794 7876
795 7887
796 8020
797 7929
798 8208
799 7903
800 7821
801 7867
802 8012
803 7822
804 8012
805 7879
806 8012
807 7883
808 8012
809 7810
810 8020
811 8075
812 7868
813 7882
814 8196
815 8017
816 8342
817 8206
818 8266
819 7938
820 8012
821 7882
822 8014
823 7879
824 8159
825 8044
826 8022
827 7822
828 8013
829 7867
830 8012
831 7887
832 8153
833 8038
834 7891
835 7972
836 8026
837 7930
838 8007
839 8022
840 8013
841 7887
842 8150
843 8036
844 7827
845 7879
846 7820
847 7888
848 8161
849 7972
850 8016
851 7868
852 7823
853 7882
854 8072
855 7991
856 8154
857 7882
858 7828
859 7889
860 7865
861 8122
862 8015
863 7953
864 8058
865 7835
866 8013
867 7972
868 7821
869 7893
870 8027
871 7822
872 7833
873 7879
874 8015
875 7880
876 7822
877 8006
878 8040
879 8023
880 8021
881 7910
882 8028
883 7833
884 7992
885 7960
886 7848
887 7913
888 8001
889 7882
890 8187
891 8083
892 7863
893 7920
894 8026
895 8083
896 7864
897 8083
898 8210
899 8083
900 8187
901 8083
902 8439
903 8492
904 8125
905 8064
906 8054
907 8003
908 8194
909 8126
910 7815
911 7979
912 8054
913 7815
914 8020
915 8058
916 8018
917 7927
918 8018
919 7880
920 8013
921 8012
922 7859
923 8079
924 8167
925 7925
926 8368
927 8067
928 8232
929 8083
930 8194
931 8003
932 8013
933 8047
934 8034
935 7889
936 8342
937 8035
938 8086
939 7901
940 8023
941 7898
942 8201
943 8029
944 8035
945 7887
946 7979
947 8105
948 8011
949 8148
950 8106
951 7918
952 8060
953 7999
954 8267
955 8097
956 8046
957 7824
958 7895
959 7915
960 7852
961 7894
962 8074
963 7836
964 8015
965 7880
966 8000
967 7880
968 8013
969 7831
970 8013
971 7928
972 7828
973 7860
974 8061
975 7996
976 7899
977 7877
978 7809
979 7922
980 8028
981 8109
982 7852
983 7890
984 7822
985 7904
986 8024
987 7834
988 7823
989 7883
990 7821
991 7880
992 8153
993 7912
994 8013
995 7830
996 8202
997 7962
998 8026
999 7970
1000 8021
1001 7963
1002 7868
1003 8219
1004 7826
1005 7942
1006 7863
1007 7897
1008 8015
1009 7879
1010 8201
1011 8217
1012 7867
1013 7924
1014 8046
1015 8072
1016 7884
1017 8094
1018 7911
1019 7844
1020 8040
1021 7899
1022 8027
1023 7931
1024 8028
1025 8007
1026 8026
1027 7897
1028 7863
1029 7875
1030 8119
1031 8068
1032 8272
1033 8199
1034 8065
1035 8158
1036 8246
1037 7944
1038 7834
1039 7880
1040 8002
1041 7921
1042 8178
1043 8103
1044 8067
1045 7824
1046 8014
1047 7835
1048 7859
1049 7875
1050 8236
1051 7852
1052 8073
1053 8139
1054 7841
1055 7880
1056 8045
1057 7868
1058 7851
1059 7990
1060 8058
1061 7936
1062 7838
1063 7812
1064 8013
1065 8036
1066 7822
1067 7822
1068 8012
1069 7908
1070 8086
1071 8010
1072 7866
1073 8076
1074 8063
1075 7876
1076 8192
1077 7885
1078 8046
1079 7898
1080 8041
1081 7875
1082 8025
1083 8032
1084 8214
1085 7883
1086 8053
1087 7870
1088 8366
1089 8154
1090 8017
1091 7890
1092 8202
1093 7881
1094 8188
1095 8021
1096 7881
1097 7955
1098 8326
1099 7993
1100 8223
1101 7880
1102 8172
1103 7985
1104 8153
1105 7975
1106 8192
1107 7854
1108 7810
1109 7823
1110 8000
1111 7898
1112 8053
1113 7889
1114 8011
1115 8015
1116 7990
1117 8017
1118 8013
1119 7924
1120 8189
1121 8093
1122 7891
1123 7958
1124 7993
1125 8032
1126 8192
1127 7958
1128 7810
1129 7910
1130 8028
1131 8296
1132 7848
1133 7869
1134 7810
1135 7867
1136 8000
1137 7928
1138 8163
1139 8036
1140 7834
1141 7869
1142 8027
1143 7901
1144 7810
1145 7826
1146 7858
1147 7825
1148 8022
1149 7836
1150 8015
1151 7887
1152 8028
1153 7895
1154 8021
1155 7830
1156 8015
1157 7883
1158 8001
1159 7924
1160 8063
1161 7882
1162 8154
1163 7837
1164 8021
1165 7877
1166 7818
1167 8014
1168 8222
1169 8106
1170 8067
1171 7896
1172 7828
1173 7823
1174 8028
1175 7967
1176 8216
1177 8097
1178 8053
1179 7963
1180 8151
1181 7985
1182 8171
1183 7970
1184 7859
1185 7880
1186 8151
1187 7858
1188 7851
1189 7867
1190 8012
1191 8013
1192 8034
1193 7920
1194 8015
1195 7915
1196 7841
1197 7887
1198 8032
1199 8086
1200 7869
1201 8011
1202 8032
1203 7879
1204 7998
1205 8023
1206 8016
1207 7923
1208 8084
1209 7882
1210 7853
1211 7882
1212 8015
1213 7879
1214 7999
1215 7879
1216 8193
1217 8020
1218 8002
1219 8082
1220 7849
1221 7944
1222 8379
1223 8040
1224 8057
1225 7835
1226 8021
1227 7951
1228 7836
1229 7889
1230 8194
1231 8025
1232 8024
1233 8014
1234 7874
1235 7836
1236 8026
1237 7901
1238 7825
1239 7811
1240 8160
1241 8050
1242 7878
1243 7883
1244 8139
1245 7825
1246 7827
1247 7867
1248 8020
1249 7829
1250 8012
1251 7961
1252 8208
1253 8076
1254 8083
1255 7921
1256 8233
1257 8068
1258 7888
1259 7828
1260 8020
1261 7867
1262 8340
1263 8096
1264 7820
1265 7867
1266 8340
1267 8053
1268 7888
1269 7888
1270 7990
1271 8063
1272 8033
1273 8095
1274 7840
1275 7823
1276 7820
1277 7822
1278 7820
1279 7934
1280 8068
1281 7997
1282 7961
1283 7930
1284 7863
1285 7923
1286 7859
1287 7956
1288 7823
1289 7879
1290 8151
1291 7895
1292 7861
1293 7984
1294 8058
1295 7930
1296 7865
1297 7879
1298 8193
1299 8020
1300 8021
1301 7836
1302 8015
1303 7887
1304 7834
1305 7898
1306 8021
1307 7952
1308 8198
1309 7947
1310 7857
1311 7880
1312 8045
1313 7821
1314 8019
1315 7886
1316 8019
1317 7886
1318 8000
1319 7879
1320 8339
1321 8180
1322 8196
1323 7867
1324 7978
1325 8096
1326 7917
1327 7904
1328 8197
1329 7846
1330 8195
1331 8046
1332 8144
1333 7914
1334 7868
1335 7879
1336 8151
1337 8178
1338 8219
1339 7972
1340 7831
1341 7869
1342 8039
1343 7980
1344 8213
1345 7909
1346 7853
1347 7871
1348 7869
1349 7822
1350 7809
1351 7880
1352 8013
1353 7880
1354 8340
1355 8111
1356 8173
1357 7895
1358 8151
1359 7859
1360 8185
1361 8028
1362 8221
1363 8000
1364 8232
1365 8096
1366 8045
1367 8111
1368 8203
1369 8255
1370 7871
1371 7834
1372 8023
1373 7892
1374 8016
1375 7882
1376 8196
1377 8018
1378 8139
1379 7895
1380 8185
1381 7937
1382 7866
1383 7880
1384 8145
1385 7981
1386 8200
1387 8036
1388 8029
1389 7899
1390 8203
1391 8099
1392 7853
1393 7962
1394 8230
1395 7943
1396 8002
1397 7921
1398 7854
1399 8010
1400 8026
1401 8033
1402 8026
1403 8092
1404 8068
1405 8037
1406 8160
1407 8099
1408 8091
1409 7902
1410 7831
1411 7897
1412 8169
1413 7938
1414 7887
1415 7940
1416 8028
1417 8070
1418 8193
1419 8031
1420 8068
1421 8041
1422 8021
1423 7905
1424 8336
1425 7990
1426 7809
1427 7880
1428 7821
1429 7879
1430 7810
1431 7941
1432 8229
1433 7942
1434 8026
1435 7935
1436 7851
1437 7888
1438 8084
1439 7973
1440 8059
1441 7825
1442 7823
1443 7826
1444 8016
1445 7867
1446 8193
1447 7976
1448 7827
1449 8024
1450 8026
1451 8039
1452 7867
1453 7921
1454 8208
1455 7896
1456 7821
1457 7880
1458 7851
1459 7887
1460 8012
1461 7895
1462 8022
1463 7931
1464 8212
1465 7862
1466 8008
1467 7932
1468 8189
1469 7930
1470 7823
1471 7857
1472 8008
1473 8027
1474 8007
1475 7817
1476 8194
1477 8095
1478 8031
1479 8015
1480 8000
1481 7880
1482 8217
1483 8021
1484 8201
1485 7914
1486 7860
1487 7951
1488 7827
1489 7822
1490 7808
1491 7941
1492 8236
1493 7961
1494 8168
1495 8251
1496 7868
1497 7939
1498 8059
1499 8255
1500 8092
1501 7976
1502 7834
1503 7893
1504 8201
1505 8103
1506 8065
1507 7900
1508 8005
1509 7852
1510 7846
1511 7887
1512 7985
1513 8163
1514 8455
1515 7977
1516 8035
1517 7897
1518 8203
1519 7965
1520 8014
1521 7962
1522 7858
1523 7962
1524 8012
1525 7887
1526 7979
1527 8103
1528 8223
1529 8032
1530 8181
1531 7915
1532 8013
1533 7876
1534 8068
1535 7862
1536 8023
1537 8097
1538 8219
1539 8063
1540 8028
1541 7842
1542 8139
1543 8084
1544 8040
1545 8117
1546 7919
1547 7862
1548 7816
1549 7828
1550 8013
1551 7880
1552 7990
1553 8015
1554 8012
1555 7884
1556 8012
1557 7822
1558 8012
1559 7880
1560 8000
1561 7881
1562 8013
1563 7929
1564 8068
1565 7961
1566 8060
1567 7935
1568 8111
1569 7903
1570 7872
1571 7897
1572 7826
1573 7881
1574 8152
1575 8023
1576 8095
1577 7862
1578 8240
1579 8024
1580 7988
1581 8040
1582 8036
1583 7943
1584 7881
1585 7894
1586 8227
1587 8028
1588 7841
1589 8017
1590 8006
1591 7855
1592 8053
1593 7839
1594 8181
1595 8096
1596 8227
1597 8032
1598 8377
1599 8223
1600 8061
1601 7837
1602 8014
1603 8019
1604 7870
1605 7891
1606 8022
1607 8100
1608 8227
1609 8095
1610 8023
1611 8014
1612 8012
1613 7953
1614 8159
1615 8043
1616 8166
1617 7945
1618 8218
1619 8052
1620 8204
1621 8084
1622 8186
1623 8091
1624 7891
1625 7954
1626 7828
1627 7887
1628 8387
1629 8235
1630 8218
1631 7835
1632 8015
1633 7913
1634 8028
1635 7879
1636 7851
1637 7921
1638 8028
1639 7810
1640 8013
1641 7886
1642 8011
1643 7961
1644 8045
1645 7844
1646 7844
1647 7836
1648 8016
1649 7953
1650 8147
1651 7951
1652 8183
1653 8150
1654 7944
1655 7891
1656 8058
1657 8077
1658 8200
1659 8106
1660 8043
1661 7968
1662 8340
1663 8299
1664 7925
1665 8020
1666 7821
1667 7874
1668 8152
1669 7826
1670 8013
1671 7832
1672 8015
1673 7868
1674 8140
1675 8228
1676 8190
1677 8025
1678 8189
1679 8231
1680 7878
1681 7881
1682 7864
1683 7931
1684 7865
1685 7929
1686 7838
1687 8013
1688 8195
1689 8042
1690 8382
1691 8064
1692 7842
1693 7889
1694 7825
1695 7886
1696 7828
1697 7892
1698 8016
1699 7908
1700 8210
1701 7969
1702 7868
1703 7822
1704 8020
1705 7923
1706 7856
1707 7880
1708 8000
1709 7880
1710 7850
1711 8020
1712 8044
1713 7812
1714 7820
1715 7879
1716 8011
1717 7810
1718 8007
1719 7874
1720 8030
1721 8037
1722 7821
1723 8006
1724 8039
1725 8096
1726 7851
1727 7961
1728 8021
1729 8028
1730 7895
1731 7906
1732 8016
1733 7882
1734 8009
1735 8068
1736 7846
1737 8065
1738 8189
1739 8010
1740 8007
1741 8104
1742 8384
1743 8441
1744 7943
1745 7822
1746 7830
1747 7823
1748 8151
1749 7974
1750 8052
1751 8059
1752 8194
1753 8094
1754 8229
1755 8094
1756 7870
1757 7890
1758 8024
1759 7892
1760 8045
1761 7810
1762 8150
1763 7923
1764 7923
1765 7879
1766 8012
1767 7867
1768 8012
1769 7879
1770 7820
1771 7937
1772 8113
1773 7922
1774 8033
1775 7817
1776 8001
1777 7822
1778 7809
1779 7954
1780 7840
1781 7823
1782 8013
1783 7867
1784 7851
1785 7922
1786 8015
1787 7921
1788 8380
1789 8036
1790 8014
1791 7891
1792 7850
1793 7896
1794 8158
1795 8046
1796 8010
1797 7830
1798 8012
1799 7888
1800 8225
1801 7878
1802 8166
1803 7920
1804 8071
1805 8100
1806 7847
1807 7881
1808 8379
1809 8068
1810 8170
1811 7958
1812 8008
1813 7900
1814 8384
1815 8115
1816 8202
1817 7909
1818 7840
1819 7837
1820 8016
1821 7954
1822 8046
1823 7918
1824 7838
1825 7954
1826 8228
1827 8073
1828 7869
1829 7962
1830 8012
1831 7921
1832 7890
1833 7867
1834 8151
1835 8041
1836 8387
1837 8286
1838 8057
1839 8015
1840 8012
1841 7809
1842 7809
1843 7848
1844 7850
1845 7822
1846 7820
1847 7867
1848 7827
1849 7928
1850 7873
1851 7888
1852 8016
1853 7816
1854 8009
1855 7829
1856 8012
1857 7930
1858 8209
1859 7968
1860 8185
1861 7974
1862 8018
1863 8025
1864 8229
1865 8015
1866 8020
1867 7882
1868 8015
1869 7963
1870 7850
1871 7953
1872 7820
1873 7879
1874 8048
1875 8109
1876 8382
1877 8224
1878 7836
1879 7898
1880 8002
1881 7880
1882 8012
1883 8086
1884 7834
1885 7825
1886 8026
1887 7879
1888 7991
1889 7894
1890 7999
1891 8115
1892 7881
1893 8196
1894 8215
1895 7983
1896 7978
1897 7954
1898 8002
1899 7954
1900 8000
1901 8021
1902 7809
1903 7822
1904 7808
1905 7890
1906 8021
1907 7834
1908 7820
1909 8120
1910 8358
1911 8261
1912 8074
1913 7995
1914 8388
1915 8122
1916 8115
1917 8003
1918 8139
1919 7837
1920 8017
1921 7832
1922 8014
1923 7812
1924 8014
1925 7892
1926 8023
1927 7956
1928 8013
1929 7918
1930 8202
1931 7860
1932 8182
1933 8007
1934 8182
1935 8025
1936 8156
1937 7923
1938 8014
1939 8064
1940 8156
1941 7883
1942 8013
1943 7930
1944 8079
1945 7890
1946 8155
1947 7901
1948 8140
1949 8056
1950 8016
1951 8022
1952 8091
1953 7872
1954 8212
1955 8116
1956 7898
1957 7888
1958 8010
1959 8069
1960 8081
1961 7883
1962 8009
1963 7932
1964 7875
1965 7883
1966 8188
1967 8084
1968 7824
1969 7822
1970 8013
1971 7983
1972 8187
1973 8085
1974 7884
1975 8020
1976 8057
1977 7922
1978 8047
1979 7827
1980 7869
1981 7929
1982 7868
1983 7825
1984 7809
1985 7879
1986 8020
1987 7823
1988 8020
1989 7882
1990 8153
1991 7974
1992 7820
1993 7866
1994 7820
1995 7880
1996 7820
1997 7880
1998 8340
1999 8156
2000 8228
2001 8002
2002 8194
2003 8016
2004 8021
2005 7925
2006 8081
2007 7829
2008 8012
2009 7920
2010 8027
2011 7822
2012 8020
2013 7888
2014 8020
2015 7888
2016 8020
2017 7830
2018 8020
2019 7968
2020 8020
2021 8080
2022 8030
2023 7822
2024 7851
2025 7888
2026 7835
2027 7991
2028 8027
2029 7817
2030 7815
2031 7877
2032 7857
2033 8097
2034 8068
2035 7954
2036 8024
2037 8313
2038 7859
2039 7890
2040 8017
2041 7832
2042 8011
2043 7970
2044 8348
2045 8100
2046 8229
2047 8010
2048 8012
2049 7921
2050 8202
2051 7900
2052 8193
2053 7849
2054 8209
2055 8101
2056 8384
2057 8293
2058 8059
2059 8022
2060 8027
2061 7897
2062 8343
2063 8071
2064 8082
2065 7934
2066 7868
2067 7868
2068 8060
2069 7915
2070 8034
2071 8023
2072 8053
2073 7996
2074 7886
2075 7843
2076 8160
2077 7932
2078 7823
2079 7893
2080 8060
2081 7891
2082 8020
2083 7967
2084 8250
2085 7889
2086 7918
2087 7959
2088 8067
2089 7886
2090 8406
2091 8040
2092 8029
2093 7894
2094 7852
2095 7886
2096 7882
2097 7836
2098 7834
2099 7889
2100 8007
2101 7880
2102 7808
2103 7953
2104 8050
2105 8097
2106 8053
2107 7898
2108 8055
2109 7896
2110 8028
2111 7934
2112 7858
2113 7963
2114 7851
2115 8054
2116 8019
2117 7944
2118 8007
2119 8090
2120 7851
2121 7893
2122 8014
2123 7823
2124 8013
2125 7922
2126 8045
2127 8012
2128 8033
2129 7901
2130 8034
2131 7835
2132 8027
2133 7820
2134 8180
2135 7917
2136 8013
2137 8080
2138 8008
2139 7981
2140 7832
2141 7825
2142 8000
2143 7921
2144 7900
2145 7868
2146 8045
2147 7880
2148 7990
2149 8021
2150 8026
2151 7831
2152 7850
2153 7870
2154 8185
2155 8035
2156 8176
2157 7963
2158 7821
2159 7867
2160 7861
2161 7841
2162 8046
2163 7931
2164 7856
2165 7887
2166 8001
2167 7879
2168 8151
2169 7924
2170 7873
2171 7954
2172 8349
2173 8047
2174 8227
2175 8157
2176 8154
2177 8022
2178 7873
2179 8037
2180 8061
2181 7892
2182 7823
2183 7909
2184 8214
2185 8241
2186 8068
2187 7824
2188 8015
2189 7837
2190 7842
2191 7838
2192 8196
2193 7938
2194 8015
2195 7944
2196 8230
2197 8003
2198 8012
2199 7974
2200 7865
2201 7831
2202 7823
2203 7954
2204 8235
2205 8258
2206 8197
2207 8021
2208 7829
2209 7810
2210 8019
2211 7828
2212 7827
2213 7880
2214 8025
2215 7866
2216 7820
2217 7879
2218 7869
2219 7820
2220 8048
2221 7928
2222 8081
2223 8055
2224 7895
2225 7892
2226 8014
2227 7961
2228 8307
2229 8054
2230 8026
2231 7968
2232 8023
2233 7831
2234 8010
2235 7878
2236 8011
2237 7820
2238 8032
2239 7813
2240 7815
2241 7822
2242 7820
2243 7837
2244 8016
2245 8040
2246 8188
2247 7874
2248 7988
2249 8104
2250 8227
2251 8106
2252 7859
2253 7920
2254 7853
2255 8108
2256 8182
2257 8092
2258 8082
2259 7838
2260 8341
2261 8024
2262 7845
2263 7972
2264 8160
2265 7975
2266 8032
2267 7933
2268 8011
2269 7868
2270 8052
2271 7877
2272 7998
2273 8023
2274 8194
2275 8015
2276 8046
2277 7889
2278 8020
2279 7877
2280 8159
2281 7946
2282 8015
2283 7969
2284 7822
2285 7903
2286 8209
2287 8100
2288 8034
2289 7953
2290 8029
2291 7949
2292 8201
2293 8081
2294 8045
2295 7938
2296 7841
2297 7879
2298 8277
2299 8020
2300 8176
2301 8017
2302 8348
2303 8109
2304 8208
2305 7972
2306 8346
2307 8148
2308 8224
2309 8008
2310 8026
2311 7889
2312 8019
2313 7817
2314 7853
2315 7863
2316 7869
2317 7869
2318 7876
2319 7891
2320 7817
2321 7837
2322 8159
2323 8098
2324 7873
2325 8096
2326 8022
2327 7955
2328 8015
2329 7867
2330 8185
2331 7895
2332 8157
2333 7869
2334 7987
2335 8017
2336 8166
2337 7976
2338 8183
2339 8069
2340 8105
2341 7831
2342 8182
2343 8068
2344 7918
2345 8020
2346 7808
2347 7868
2348 8012
2349 7822
2350 8021
2351 8014
2352 7867
2353 8002
2354 8074
2355 7905
2356 7829
2357 7902
2358 7893
2359 8056
2360 8204
2361 7963
2362 8384
2363 8038
2364 7839
2365 8007
2366 8060
2367 7894
2368 8002
2369 7921
2370 7884
2371 8068
2372 7858
2373 7879
2374 7847
2375 7830
2376 8191
2377 8012
2378 8011
2379 7868
2380 7993
2381 8027
2382 8061
2383 7835
2384 8181
2385 8071
2386 8126
2387 7824
2388 8015
2389 7838
2390 7835
2391 7892
2392 8012
2393 7810
2394 8193
2395 8068
2396 7866
2397 7931
2398 8236
2399 7914
2400 8000
2401 8067
2402 7865
2403 7819
2404 7979
2405 7957
2406 8026
2407 7838
2408 8020
2409 7891
2410 8364
2411 8027
2412 8067
2413 7901
2414 8012
2415 7887
2416 8020
2417 7929
2418 8089
2419 8009
2420 8070
2421 8081
2422 8158
2423 7868
2424 8145
2425 7945
2426 8060
2427 8067
2428 8381
2429 8061
2430 8399
2431 8228
2432 8062
2433 7939
2434 8055
2435 7873
2436 8040
2437 8084
2438 8058
2439 7962
2440 7996
2441 7950
2442 7821
2443 7880
2444 8021
2445 7880
2446 8020
2447 7869
2448 7820
2449 7888
2450 8016
2451 7957
2452 8015
2453 7868
2454 7810
2455 7919
2456 7880
2457 7961
2458 7869
2459 7897
2460 8237
2461 8107
2462 8065
2463 7919
2464 7838
2465 7899
2466 8146
2467 7853
2468 7875
2469 7927
2470 8040
2471 7918
2472 7823
2473 7942
2474 8033
2475 7888
2476 7853
2477 7868
2478 7821
2479 7879
2480 8023
2481 8074
2482 8279
2483 8035
2484 8021
2485 7886
2486 8013
2487 7826
2488 7832
2489 7881
2490 8195
2491 7955
2492 8166
2493 7904
2494 8208
2495 8153
2496 8053
2497 7920
2498 7865
2499 7879
2500 8012
2501 8053
2502 7883
2503 7866
2504 8020
2505 7829
2506 8015
2507 7867
2508 8012
2509 7879
2510 7820
2511 7880
2512 8012
2513 7832
2514 7819
2515 7886
2516 7827
2517 7879
2518 8138
2519 7973
2520 8012
2521 7882
2522 8002
2523 7888
2524 8022
2525 7956
2526 8058
2527 7888
2528 7827
2529 7823
2530 8013
2531 7880
2532 8169
2533 8010
2534 8001
2535 7909
2536 7858
2537 7862
2538 7976
2539 7865
2540 8042
2541 8020
2542 7811
2543 7795
2544 7983
2545 7794
2546 7983
2547 7794
2548 7983
2549 7847
2550 7807
2551 7924
2552 8028
2553 7858
2554 7982
2555 7926
2556 7982
2557 7794
2558 7986
2559 7794
2560 8120
2561 7957
2562 8182
2563 8033
2564 8031
2565 7848
2566 7872
2567 7868
2568 7809
2569 7811
2570 7982
2571 7867
2572 7983
2573 7794
2574 7823
2575 7890
2576 7807
2577 7923
2578 8030
2579 7995
2580 8154
2581 8005
2582 8223
2583 7995
2584 7824
2585 7850
2586 8164
2587 7927
2588 7794
2589 7794
2590 8001
2591 7850
2592 8000
2593 7812
2594 7977
2595 7900
2596 8122
2597 7867
2598 8154
2599 7808
2600 7983
2601 7977
2602 7998
2603 7850
2604 7983
2605 7890
2606 7811
2607 7850
2608 7795
2609 7849
2610 7982
2611 7891
2612 7855
2613 7850
2614 7982
2615 7868
2616 7809
2617 7851
2618 7793
2619 7794
2620 8168
2621 7987
2622 7793
2623 7794
2624 7983
2625 7811
2626 7809
2627 7867
2628 7982
2629 7868
2630 8155
2631 7940
2632 8015
2633 7835
2634 7984
2635 7850
2636 7983
2637 7795
2638 7983
2639 7850
2640 7823
2641 7794
2642 7983
2643 7909
2644 8035
2645 8063
2646 8122
2647 8053
2648 8041
2649 8050
2650 7853
2651 7867
2652 7994
2653 7869
2654 8001
2655 7868
2656 8138
2657 7924
2658 8189
2659 7901
2660 8001
2661 7909
2662 8188
2663 8053
2664 8169
2665 7991
2666 8051
2667 7795
2668 7972
2669 8084
2670 8199
2671 8056
2672 8174
2673 7808
2674 7841
2675 8037
2676 8170
2677 7905
2678 8170
2679 8051
2680 7855
2681 7794
2682 8164
2683 8329
2684 8195
2685 7920
2686 7982
2687 7925
2688 7982
2689 7889
2690 7989
2691 7905
2692 7855
2693 7794
2694 7982
2695 7849
2696 7792
2697 7850
2698 7982
2699 7850
2700 7792
2701 7794
2702 7793
2703 7794
2704 7981
2705 7793
2706 7795
2707 7796
2708 8120
2709 7871
2710 7810
2711 7868
2712 8154
2713 7809
2714 8001
2715 7811
2716 7810
2717 7890
2718 7823
2719 7854
2720 8034
2721 7991
2722 8182
2723 7992
2724 8134
2725 8085
2726 7885
2727 7896
2728 8164
2729 8108
2730 8151
2731 7874
2732 8164
2733 8032
2734 8030
2735 7925
2736 8028
2737 7807
2738 7820
2739 7884
2740 8164
2741 7993
2742 8012
2743 7867
2744 7979
2745 8226
2746 8040
2747 7934
2748 7985
2749 7928
2750 7986
2751 7849
2752 7793
2753 7849
2754 7803
2755 7851
2756 7983
2757 7849
2758 7983
2759 7923
2760 8199
2761 8177
2762 7899
2763 7904
2764 8218
2765 7817
2766 8163
2767 8004
2768 7982
2769 7794
2770 7803
2771 7855
2772 8163
2773 7985
2774 7982
2775 7889
2776 8030
2777 8037
2778 7855
2779 7794
2780 7982
2781 7849
2782 7982
2783 7796
2784 7794
2785 7967
2786 8254
2787 8056
2788 8167
2789 8019
2790 7997
2791 7918
2792 8204
2793 8031
2794 7980
2795 8004
2796 7982
2797 7850
2798 7974
2799 7830
2800 7982
2801 7849
2802 7983
2803 7889
2804 7829
2805 8037
2806 7998
2807 8108
2808 7867
2809 7808
2810 7996
2811 7859
2812 7983
2813 7889
2814 7990
2815 7865
2816 7984
2817 7925
2818 7823
2819 7849
2820 7792
2821 7852
2822 8121
2823 7947
2824 7792
2825 7850
2826 7792
2827 7923
2828 8167
2829 7837
2830 8153
2831 7879
2832 8037
2833 8042
2834 7832
2835 7859
2836 7793
2837 7849
2838 7982
2839 7932
2840 7983
2841 7850
2842 7983
2843 7793
2844 7962
2845 7997
2846 8028
2847 7859
2848 7840
2849 7889
2850 8179
2851 8224
2852 7830
2853 7905
2854 8043
2855 8010
2856 7830
2857 7852
2858 7984
2859 7851
2860 8001
2861 7849
2862 7983
2863 7923
2864 8015
2865 7994
2866 8216
2867 8003
2868 8146
2869 8189
2870 8032
2871 7849
2872 7982
2873 7810
2874 8002
2875 7994
2876 8052
2877 7893
2878 8138
2879 7899
2880 8034
2881 7908
2882 8019
2883 7867
2884 8172
2885 7826
2886 7794
2887 7849
2888 8021
2889 7882
2890 7987
2891 7849
2892 7961
2893 7993
2894 8024
2895 7881
2896 7804
2897 7863
2898 7805
2899 7807
2900 8015
2901 7863
2902 8014
2903 7898
2904 8019
2905 7811
2906 8001
2907 7795
2908 7982
2909 7793
2910 7982
2911 7849
2912 8120
2913 7905
2914 7854
2915 7977
2916 8146
2917 8033
2918 8072
2919 7834
2920 8021
2921 7849
2922 8234
2923 8015
2924 7845
2925 7858
2926 7795
2927 7797
2928 7796
2929 7892
2930 7999
2931 7891
2932 7881
2933 8034
2934 8219
2935 8009
2936 8015
2937 7936
2938 7913
2939 8218
2940 7877
2941 7883
2942 7852
2943 8009
2944 7979
2945 7950
2946 8000
2947 7868
2948 8013
2949 7908
2950 7854
2951 7880
2952 8000
2953 7952
2954 7840
2955 7880
2956 8215
2957 8016
2958 8198
2959 8028
2960 7865
2961 7909
2962 8030
2963 7877
2964 8000
2965 7953
2966 7857
2967 7881
2968 8013
2969 8079
2970 7886
2971 7927
2972 8016
2973 7869
2974 7821
2975 7834
2976 7821
2977 7880
2978 8021
2979 7812
2980 8001
2981 7880
2982 8185
2983 8158
2984 8305
2985 8097
2986 8208
2987 8112
2988 7842
2989 7881
2990 8000
2991 7954
2992 7828
2993 7867
2994 8012
2995 7931
2996 8040
2997 7930
2998 7873
2999 7883
3000 8015
3001 7879
3002 8195
3003 8041
3004 8023
3005 7985
3006 8001
3007 7880
3008 8000
3009 7880
3010 7850
3011 7928
3012 7865
3013 8009
3014 7823
3015 7889
3016 8022
3017 7887
3018 7816
3019 7887
3020 8003
3021 7869
3022 7809
3023 7880
3024 8012
3025 7867
3026 7821
3027 7823
3028 8185
3029 7926
3030 8064
3031 7810
3032 8045
3033 7854
3034 8120
3035 7955
3036 8028
3037 7863
3038 8141
3039 7908
3040 8053
3041 7852
3042 7793
3043 7923
3044 8199
3045 7991
3046 7986
3047 7863
3048 8028
3049 7999
3050 7974
3051 7940
3052 7809
3053 7867
3054 8002
3055 7941
3056 8201
3057 8068
3058 8035
3059 7923
3060 8000
3061 7808
3062 7845
3063 7852
3064 7985
3065 7852
3066 7986
3067 7867
3068 8182
3069 8084
3070 8051
3071 8003
3072 8000
3073 7868
3074 7841
3075 8036
3076 7856
3077 7804
3078 7983
3079 7863
3080 8364
3081 8000
3082 7792
3083 7924
3084 7834
3085 7923
3086 7856
3087 7863
3088 7823
3089 7923
3090 8386
3091 8077
3092 7808
3093 7879
3094 7993
3095 8036
3096 7844
3097 7927
3098 8000
3099 7810
3100 7809
3101 7867
3102 8171
3103 8021
3104 8032
3105 8041
3106 7870
3107 7901
3108 8206
3109 7865
3110 7792
3111 7890
3112 7990
3113 8005
3114 7793
3115 7849
3116 8013
3117 8074
3118 7997
3119 7866
3120 7988
3121 7849
3122 7792
3123 7850
3124 7982
3125 7849
3126 7982
3127 7850
3128 7808
3129 7867
3130 8143
3131 8145
3132 8213
3133 8017
3134 8154
3135 8075
3136 8048
3137 7991
3138 8199
3139 8225
3140 7835
3141 7807
3142 7807
3143 7863
3144 7996
3145 7863
3146 7806
3147 7806
3148 8066
3149 7991
3150 8034
3151 8055
3152 8048
3153 7850
3154 7982
3155 7849
3156 7982
3157 7850
3158 7982
3159 7850
3160 7792
3161 8036
3162 7827
3163 7867
3164 8015
3165 7852
3166 7809
3167 7867
3168 7985
3169 7849
3170 7808
3171 7795
3172 7793
3173 7849
3174 7982
3175 7868
3176 8153
3177 7940
3178 8193
3179 7981
3180 7837
3181 7839
3182 7828
3183 7921
3184 7982
3185 7793
3186 7792
3187 7849
3188 7982
3189 7797
3190 7983
3191 7849
3192 7792
3193 7794
3194 7962
3195 7921
3196 7792
3197 7850
3198 7792
3199 8037
3200 7845
3201 7867
3202 8000
3203 7908
3204 7854
3205 7943
3206 8019
3207 8055
3208 8368
3209 8060
3210 8328
3211 8240
3212 8163
3213 7874
3214 7792
3215 7850
3216 7983
3217 7931
3218 8001
3219 8036
3220 7828
3221 7892
3222 7856
3223 7932
3224 8015
3225 7794
3226 7792
3227 7850
3228 7822
3229 7925
3230 8000
3231 7889
3232 7851
3233 7781
3234 7792
3235 7849
3236 7983
3237 7850
3238 7792
3239 7849
3240 8309
3241 8128
3242 7903
3243 7859
3244 7792
3245 7850
3246 7982
3247 7990
3248 7983
3249 7811
3250 7792
3251 7849
3252 7792
3253 7849
3254 7982
3255 7794
3256 7982
3257 7850
3258 8120
3259 7946
3260 7982
3261 7989
3262 8015
3263 7890
3264 8169
3265 8053
3266 7998
3267 8007
3268 7792
3269 7794
3270 7982
3271 7850
3272 7793
3273 7850
3274 7983
3275 7850
3276 7792
3277 7795
3278 7816
3279 7911
3280 7983
3281 7849
3282 7972
3283 7926
3284 7805
3285 7803
3286 7983
3287 7849
3288 7983
3289 7794
3290 7961
3291 7985
3292 8063
3293 7936
3294 8153
3295 7940
3296 8119
3297 7957
3298 7982
3299 7889
3300 7836
3301 7889
3302 7837
3303 8071
3304 8014
3305 7794
3306 7983
3307 7976
3308 8227
3309 8052
3310 7982
3311 7867
3312 8000
3313 7908
3314 7829
3315 7923
3316 8216
3317 8066
3318 8029
3319 7923
3320 8202
3321 7937
3322 8171
3323 7992
3324 7828
3325 7867
3326 8153
3327 8005
3328 7840
3329 7889
3330 7828
3331 7850
3332 8181
3333 8052
3334 8018
3335 7992
3336 8345
3337 8045
3338 8030
3339 7859
3340 7984
3341 7851
3342 8309
3343 8085
3344 8182
3345 7988
3346 8166
3347 7988
3348 8122
3349 7810
3350 8311
3351 8048
3352 8368
3353 8066
3354 8049
3355 7849
3356 7822
3357 7850
3358 7987
3359 7794
3360 7962
3361 7985
3362 7792
3363 7849
3364 7983
3365 8109
3366 7876
3367 7993
3368 8196
3369 8192
3370 8046
3371 7863
3372 8003
3373 7949
3374 7809
3375 7852
3376 8121
3377 7867
3378 8121
3379 7811
3380 7984
3381 7849
3382 8154
3383 7808
3384 7982
3385 7848
3386 8001
3387 7868
3388 8122
3389 8007
3390 8122
3391 7808
3392 7857
3393 7880
3394 8376
3395 8070
3396 8122
3397 7867
3398 8122
3399 7811
3400 7997
3401 7857
3402 8125
3403 7947
3404 7810
3405 7867
3406 8000
3407 7794
3408 7792
3409 7794
3410 8032
3411 8081
3412 7828
3413 7850
3414 8001
3415 7882
3416 8004
3417 7853
3418 7987
3419 7850
3420 7795
3421 7795
3422 8164
3423 8067
3424 8199
3425 7913
3426 8000
3427 7862
3428 8173
3429 7987
3430 8068
3431 7923
3432 7809
3433 7896
3434 7983
3435 7924
3436 7990
3437 8029
3438 8179
3439 8224
3440 8024
3441 8020
3442 7835
3443 7918
3444 8188
3445 7809
3446 7983
3447 7850
3448 7793
3449 7849
3450 8120
3451 7824
3452 7983
3453 7850
3454 7792
3455 7795
3456 8164
3457 8115
3458 8022
3459 8193
3460 8220
3461 8014
3462 8201
3463 8068
3464 7851
3465 7861
3466 8166
3467 8328
3468 7990
3469 8084
3470 8045
3471 7912
3472 7823
3473 8046
3474 7856
3475 7924
3476 8195
3477 8013
3478 7985
3479 7850
3480 7983
3481 7850
3482 7793
3483 7850
3484 7793
3485 7795
3486 7983
3487 7818
3488 8121
3489 8005
3490 7983
3491 7850
3492 7983
3493 7849
3494 7982
3495 7849
3496 7792
3497 7850
3498 7962
3499 7990
3500 7806
3501 8242
3502 8163
3503 7954
3504 7983
3505 7967
3506 8206
3507 8154
3508 7982
3509 7852
3510 7984
3511 7850
3512 7983
3513 7794
3514 7792
3515 7926
3516 7792
3517 7850
3518 7983
3519 7970
3520 7839
3521 8037
3522 7811
3523 7852
3524 8010
3525 7883
3526 7985
3527 7934
3528 7984
3529 7852
3530 8122
3531 8128
3532 8285
3533 8028
3534 7828
3535 7990
3536 7822
3537 7849
3538 7793
3539 7794
3540 8039
3541 7950
3542 8191
3543 7808
3544 7983
3545 8035
3546 8169
3547 8005
3548 7824
3549 7863
3550 7835
3551 7863
3552 8134
3553 7955
3554 8309
3555 8067
3556 7877
3557 7865
3558 8001
3559 7807
3560 7794
3561 8007
3562 7792
3563 7851
3564 8139
3565 7865
3566 8172
3567 7883
3568 8000
3569 7868
3570 7982
3571 7850
3572 8309
3573 8142
3574 7996
3575 7985
3576 8000
3577 7867
3578 7985
3579 7851
3580 8001
3581 7941
3582 8018
3583 7931
3584 8049
3585 7941
3586 8045
3587 7819
3588 7982
3589 7805
3590 7982
3591 7849
3592 7792
3593 7923
3594 8027
3595 7858
3596 8163
3597 7991
3598 7984
3599 7849
3600 7791
3601 7849
3602 7982
3603 7849
3604 7792
3605 7923
3606 8194
3607 8185
3608 8211
3609 8168
3610 7812
3611 7851
3612 8121
3613 7866
3614 7794
3615 7794
3616 8000
3617 7867
3618 7982
3619 7849
3620 8119
3621 7867
3622 7794
3623 7849
3624 8120
3625 7883
3626 7982
3627 7931
3628 7983
3629 7849
3630 8164
3631 8067
3632 8062
3633 7914
3634 8119
3635 7830
3636 7983
3637 7926
3638 8052
3639 7990
3640 8340
3641 8016
3642 8138
3643 7906
3644 7904
3645 7868
3646 8311
3647 8327
3648 8038
3649 7850
3650 8121
3651 7992
3652 7854
3653 7795
3654 7983
3655 7850
3656 7982
3657 7849
3658 8163
3659 7985
3660 8187
3661 8242
3662 7855
3663 7868
3664 8120
3665 7865
3666 7983
3667 8110
3668 8082
3669 7945
3670 7999
3671 7809
3672 7999
3673 8047
3674 7839
3675 7850
3676 7991
3677 7795
3678 7792
3679 7889
3680 7845
3681 7912
3682 7985
3683 7849
3684 7982
3685 7849
3686 7961
3687 8390
3688 8391
3689 8263
3690 7884
3691 7858
3692 7839
3693 7924
3694 7834
3695 7858
3696 8021
3697 8007
3698 7989
3699 7794
3700 7792
3701 7923
3702 8199
3703 8115
3704 8062
3705 7793
3706 7982
3707 7849
3708 7792
3709 7794
3710 7792
3711 7849
3712 7983
3713 7794
3714 7982
3715 7853
3716 7808
3717 7867
3718 8000
3719 7810
3720 7999
3721 7911
3722 7831
3723 7852
3724 7794
3725 7850
3726 7982
3727 7850
3728 8119
3729 8086
3730 7839
3731 7810
3732 8201
3733 7891
3734 8189
3735 7865
3736 8139
3737 8073
3738 8217
3739 8003
3740 8002
3741 7852
3742 7984
3743 7849
3744 8119
3745 7882
3746 8163
3747 8096
3748 8194
3749 7985
3750 7793
3751 7850
3752 8015
3753 7794
3754 7823
3755 7850
3756 8000
3757 7795
3758 8309
3759 8158
3760 8341
3761 7940
3762 8014
3763 7865
3764 7805
3765 8045
3766 8179
3767 8144
3768 8371
3769 8195
3770 7843
3771 7906
3772 7851
3773 7866
3774 7986
3775 7892
3776 8171
3777 8007
3778 8153
3779 8009
3780 8365
3781 8212
3782 8028
3783 8045
3784 8179
3785 8144
3786 8341
3787 8133
3788 7835
3789 7859
3790 7792
3791 7850
3792 7962
3793 8223
3794 7828
3795 7795
3796 7792
3797 7794
3798 7983
3799 7811
3800 8026
3801 7926
3802 7810
3803 7868
3804 8138
3805 7949
3806 7963
3807 8161
3808 8150
3809 7949
3810 7918
3811 7901
3812 7838
3813 7852
3814 7984
3815 7991
3816 8122
3817 8052
3818 7855
3819 7931
3820 7985
3821 7796
3822 7963
3823 8008
3824 7822
3825 7866
3826 7985
3827 7850
3828 7982
3829 7890
3830 7855
3831 8036
3832 7855
3833 7854
3834 7982
3835 7868
3836 7982
3837 7849
3838 8333
3839 8047
3840 8135
3841 7865
3842 7982
3843 7794
3844 7982
3845 7888
3846 7851
3847 7811
3848 8000
3849 7941
3850 7852
3851 7824
3852 8015
3853 7877
3854 8182
3855 8009
3856 8030
3857 7809
3858 7807
3859 7809
3860 7999
3861 7805
3862 8121
3863 7832
3864 8166
3865 8225
3866 8024
3867 7859
3868 7983
3869 7941
3870 7869
3871 7865
3872 8050
3873 7922
3874 8203
3875 8084
3876 8328
3877 8082
3878 7997
3879 7863
3880 7985
3881 7925
3882 8197
3883 7889
3884 7984
3885 7926
3886 8172
3887 8103
3888 8352
3889 8285
3890 8031
3891 7931
3892 7807
3893 7807
3894 8014
3895 7899
3896 8114
3897 7809
3898 7961
3899 7925
3900 7996
3901 7931
3902 7849
3903 7985
3904 8163
3905 8389
3906 7884
3907 7862
3908 8002
3909 7936
3910 8018
3911 7892
3912 8030
3913 7839
3914 8242
3915 8065
3916 7825
3917 7889
3918 7837
3919 8041
3920 8019
3921 7993
3922 8047
3923 8158
3924 8081
3925 7972
3926 8393
3927 8219
3928 8184
3929 8051
3930 7825
3931 8042
3932 8006
3933 7872
3934 7811
3935 7944
3936 8176
3937 8011
3938 7984
3939 7891
3940 7998
3941 7795
3942 7983
3943 7851
3944 8181
3945 8029
3946 7983
3947 7851
3948 7793
3949 7795
3950 7983
3951 7968
3952 8023
3953 8329
3954 8196
3955 7986
3956 7841
3957 7990
3958 7963
3959 8032
3960 8350
3961 7952
3962 8024
3963 7960
3964 8070
3965 7795
3966 8182
3967 8008
3968 7796
3969 7850
3970 7983
3971 7931
3972 7855
3973 8037
3974 7855
3975 7794
3976 7816
3977 7824
3978 7793
3979 7850
3980 7982
3981 7868
3982 7982
3983 7832
3984 8031
3985 7940
3986 8099
3987 7823
3988 8164
3989 8004
3990 8019
3991 7849
3992 7982
3993 7863
3994 8221
3995 7923
3996 7996
3997 8046
3998 7872
3999 7937
4000 8028
4001 7859
4002 7792
4003 7849
4004 7983
4005 7849
4006 8119
4007 7808
4008 7792
4009 7850
4010 7982
4011 7849
4012 7983
4013 7794
4014 7791
4015 7850
4016 7792
4017 7889
4018 8188
4019 7946
4020 7843
4021 7889
4022 8018
4023 7850
4024 7792
4025 7850
4026 7792
4027 7795
4028 7983
4029 7923
4030 7823
4031 7924
4032 8043
4033 7927
4034 8017
4035 7832
4036 8181
4037 7936
4038 8195
4039 7852
4040 7990
4041 7852
4042 8017
4043 7850
4044 7983
4045 7863
4046 7991
4047 7920
4048 7962
4049 8067
4050 8016
4051 7850
4052 7983
4053 7890
4054 7855
4055 7890
4056 7855
4057 7794
4058 7983
4059 7850
4060 8182
4061 7923
4062 7985
4063 7796
4064 8122
4065 7993
4066 7840
4067 7934
4068 8167
4069 7923
4070 7985
4071 7979
4072 8005
4073 7852
4074 7810
4075 7941
4076 8012
4077 8084
4078 7824
4079 7850
4080 7793
4081 7794
4082 8022
4083 8006
4084 8136
4085 7983
4086 8034
4087 8071
4088 8046
4089 7850
4090 7792
4091 7850
4092 7983
4093 7850
4094 7982
4095 7867
4096 8000
4097 7867
4098 8000
4099 7810
4100 7808
4101 7822
4102 8001
4103 7942
4104 8000
4105 7811
4106 8000
4107 7849
4108 7792
4109 7849
4110 8119
4111 7946
4112 7987
4113 7850
4114 7982
4115 7794
4116 7982
4117 7794
4118 7983
4119 7850
4120 7984
4121 7926
4122 8310
4123 8159
4124 7985
4125 7925
4126 7792
4127 7794
4128 7792
4129 7868
4130 8001
4131 7943
4132 8001
4133 7908
4134 7847
4135 7833
4136 7963
4137 8005
4138 7996
4139 7859
4140 7985
4141 8056
4142 8224
4143 7847
4144 7979
4145 8003
4146 8352
4147 8099
4148 8212
4149 8036
4150 8084
4151 7992
4152 8122
4153 7907
4154 7854
4155 7889
4156 8017
4157 7991
4158 7996
4159 7898
4160 8273
4161 8224
4162 7992
4163 8037
4164 7830
4165 8234
4166 8007
4167 8070
4168 8015
4169 7989
4170 8000
4171 7880
4172 8371
4173 7949
4174 8182
4175 8009
4176 7822
4177 7899
4178 7810
4179 7889
4180 8169
4181 7808
4182 7816
4183 7929
4184 8036
4185 7998
4186 8119
4187 7809
4188 7994
4189 7864
4190 8390
4191 8059
4192 7831
4193 8124
4194 8016
4195 7944
4196 7805
4197 7802
4198 7837
4199 7807
4200 8122
4201 7940
4202 7982
4203 7849
4204 8038
4205 7882
4206 7794
4207 7850
4208 7962
4209 7985
4210 7982
4211 7850
4212 8368
4213 8149
4214 8228
4215 8112
4216 7866
4217 7923
4218 8369
4219 8089
4220 8018
4221 7795
4222 7792
4223 7811
4224 7982
4225 7849
4226 7982
4227 7849
4228 8119
4229 7971
4230 8028
4231 7807
4232 7854
4233 7863
4234 7984
4235 7909
4236 8169
4237 7992
4238 7838
4239 7849
4240 7792
4241 7850
4242 7983
4243 7850
4244 8119
4245 8053
4246 7828
4247 8078
4248 8198
4249 7984
4250 7792
4251 7881
4252 8382
4253 7947
4254 7805
4255 7863
4256 7805
4257 8050
4258 7839
4259 7932
4260 7982
4261 7794
4262 7982
4263 7923
4264 8227
4265 8062
4266 8167
4267 7875
4268 7982
4269 7849
4270 8120
4271 8053
4272 8051
4273 7795
4274 8164
4275 7985
4276 7792
4277 7794
4278 7982
4279 7794
4280 8008
4281 8007
4282 8387
4283 8089
4284 8016
4285 7794
4286 8182
4287 8259
4288 7837
4289 7824
4290 7819
4291 7864
4292 8027
4293 7863
4294 8121
4295 7906
4296 7989
4297 7865
4298 8063
4299 7908
4300 7989
4301 8052
4302 7845
4303 7839
4304 8166
4305 7878
4306 7803
4307 7849
4308 8000
4309 8039
4310 8053
4311 7794
4312 7983
4313 7926
4314 8154
4315 8052
4316 7990
4317 8060
4318 7867
4319 7883
4320 8029
4321 7802
4322 7795
4323 7991
4324 7983
4325 7850
4326 8008
4327 7922
4328 7998
4329 7795
4330 7982
4331 7794
4332 8000
4333 7850
4334 8088
4335 7959
4336 7994
4337 8084
4338 8008
4339 8070
4340 7841
4341 7907
4342 7839
4343 7868
4344 8000
4345 7796
4346 7985
4347 7796
4348 7792
4349 7849
4350 7982
4351 7923
4352 8028
4353 7923
4354 8033
4355 8068
4356 8034
4357 7923
4358 8239
4359 8033
4360 8004
4361 8080
4362 8068
4363 7985
4364 8403
4365 8084
4366 7809
4367 7811
4368 7984
4369 7849
4370 7791
4371 7850
4372 7982
4373 8060
4374 7851
4375 7809
4376 7794
4377 7908
4378 8016
4379 7852
4380 8143
4381 7940
4382 8001
4383 7811
4384 7796
4385 7867
4386 8179
4387 8106
4388 8180
4389 8009
4390 8151
4391 7946
4392 7840
4393 7794
4394 7816
4395 7884
4396 8220
4397 8112
4398 8383
4399 8061
4400 7982
4401 7889
4402 8068
4403 7867
4404 7981
4405 7849
4406 7982
4407 7849
4408 7822
4409 7865
4410 7839
4411 7908
4412 8029
4413 7794
4414 7982
4415 7976
4416 8202
4417 7985
4418 7982
4419 7849
4420 8119
4421 7845
4422 7825
4423 7850
4424 7809
4425 7909
4426 7828
4427 7867
4428 7828
4429 7881
4430 7983
4431 7889
4432 8180
4433 7970
4434 7887
4435 8188
4436 8201
4437 8180
4438 8052
4439 8005
4440 8054
4441 7852
4442 7986
4443 8110
4444 8381
4445 8073
4446 7806
4447 7859
4448 8165
4449 7922
4450 7848
4451 7884
4452 8120
4453 8054
4454 8030
4455 7967
4456 8203
4457 7865
4458 7841
4459 7924
4460 8028
4461 7934
4462 7984
4463 8281
4464 8178
4465 7906
4466 7855
4467 7863
4468 8154
4469 7807
4470 8154
4471 7915
4472 8310
4473 8124
4474 7841
4475 7986
4476 7999
4477 7890
4478 8234
4479 8031
4480 8325
4481 7962
4482 7794
4483 7794
4484 7962
4485 7994
4486 8024
4487 7882
4488 8003
4489 7849
4490 7982
4491 7794
4492 7982
4493 7867
4494 8001
4495 7965
4496 7794
4497 7794
4498 8119
4499 7864
4500 7982
4501 7868
4502 7979
4503 8084
4504 7823
4505 7879
4506 8011
4507 8066
4508 8166
4509 8014
4510 8119
4511 7909
4512 7962
4513 7985
4514 8119
4515 7940
4516 8163
4517 7986
4518 8164
4519 8062
4520 8195
4521 7926
4522 7984
4523 7850
4524 8121
4525 7829
4526 7975
4527 7882
4528 8333
4529 8007
4530 8011
4531 7966
4532 8049
4533 8004
4534 7983
4535 7794
4536 8120
4537 8008
4538 7834
4539 8013
4540 7989
4541 7893
4542 7998
4543 7794
4544 8008
4545 7893
4546 7962
4547 7954
4548 8167
4549 8068
4550 8032
4551 7865
4552 8007
4553 7891
4554 7811
4555 8098
4556 8248
4557 7926
4558 7998
4559 7850
4560 8001
4561 7889
4562 7855
4563 7854
4564 7798
4565 7798
4566 8120
4567 7808
4568 8123
4569 7882
4570 8012
4571 7898
4572 7983
4573 7849
4574 7983
4575 7851
4576 8118
4577 7897
4578 7962
4579 8063
4580 7991
4581 7921
4582 7983
4583 7849
4584 7982
4585 7850
4586 7792
4587 8036
4588 7837
4589 7926
4590 7792
4591 7868
4592 7982
4593 7909
4594 8016
4595 7892
4596 8194
4597 8091
4598 8015
4599 7926
4600 7809
4601 7984
4602 7855
4603 7968
4604 8021
4605 8012
4606 7835
4607 7863
4608 8194
4609 7843
4610 7996
4611 7899
4612 7998
4613 7811
4614 8119
4615 7946
4616 7840
4617 7867
4618 7792
4619 7793
4620 7827
4621 7970
4622 7849
4623 7863
4624 8001
4625 7863
4626 7805
4627 7803
4628 7845
4629 7973
4630 8034
4631 8064
4632 8028
4633 7860
4634 7793
4635 7967
4636 7841
4637 7796
4638 7983
4639 7850
4640 8007
4641 7824
4642 7962
4643 8031
4644 8023
4645 7863
4646 7982
4647 7850
4648 8163
4649 8111
4650 8191
4651 8166
4652 7977
4653 7947
4654 7983
4655 7794
4656 8021
4657 7945
4658 7996
4659 7863
4660 7996
4661 8003
4662 7794
4663 7850
4664 7982
4665 7891
4666 8024
4667 7880
4668 7792
4669 7889
4670 8170
4671 7865
4672 7982
4673 7850
4674 7983
4675 7798
4676 7983
4677 7889
4678 8160
4679 7940
4680 7806
4681 7862
4682 7853
4683 7944
4684 7805
4685 7823
4686 7985
4687 7868
4688 7983
4689 7990
4690 7982
4691 7867
4692 8119
4693 7865
4694 7983
4695 7795
4696 7816
4697 7881
4698 7983
4699 7890
4700 8089
4701 7796
4702 7983
4703 8036
4704 7853
4705 7994
4706 7853
4707 7810
4708 7983
4709 7850
4710 7792
4711 7867
4712 7808
4713 7867
4714 7793
4715 7923
4716 7994
4717 7989
4718 7996
4719 7805
4720 7984
4721 7888
4722 8014
4723 7909
4724 7998
4725 7811
4726 7792
4727 7966
4728 8029
4729 7999
4730 7809
4731 7869
4732 7809
4733 7868
4734 8146
4735 8037
4736 7793
4737 7794
4738 7983
4739 7872
4740 7982
4741 7794
4742 7792
4743 7850
4744 8178
4745 7851
4746 8199
4747 8047
4748 7962
4749 8003
4750 8181
4751 8004
4752 8166
4753 7988
4754 7965
4755 7924
4756 8027
4757 7862
4758 8164
4759 8342
4760 8055
4761 7852
4762 7962
4763 8008
4764 8003
4765 8048
4766 8211
4767 8193
4768 8371
4769 8015
4770 7847
4771 7824
4772 7983
4773 7907
4774 8026
4775 7863
4776 8016
4777 7923
4778 8199
4779 7985
4780 7982
4781 7923
4782 7823
4783 7850
4784 8119
4785 7906
4786 7855
4787 7795
4788 8008
4789 8020
4790 8122
4791 7808
4792 7822
4793 8007
4794 7797
4795 7849
4796 7982
4797 7867
4798 7982
4799 7850
4800 7793
4801 7850
4802 7849
4803 7851
4804 8138
4805 7865
4806 8015
4807 7794
4808 7982
4809 7867
4810 7985
4811 7889
4812 8132
4813 7867
4814 7981
4815 7793
4816 7791
4817 7849
4818 7951
4819 7993
4820 7867
4821 7796
4822 7793
4823 7811
4824 8025
4825 7974
4826 8202
4827 7843
4828 8017
4829 7863
4830 7995
4831 7985
4832 7792
4833 7850
4834 8129
4835 7906
4836 8202
4837 8135
4838 7867
4839 7794
4840 7982
4841 7794
4842 7792
4843 7849
4844 7982
4845 7850
4846 7982
4847 7889
4848 7855
4849 7990
4850 8000
4851 7868
4852 8000
4853 7849
4854 7792
4855 7794
4856 8182
4857 7921
4858 7792
4859 7849
4860 7983
4861 7794
4862 7809
4863 7811
4864 7793
4865 7794
4866 7983
4867 7849
4868 7792
4869 7794
4870 7984
4871 7994
4872 7792
4873 7793
4874 7983
4875 8006
4876 7983
4877 7997
4878 8186
4879 8053
4880 8030
4881 7865
4882 7987
4883 7851
4884 8165
4885 8173
4886 8000
4887 8068
4888 7868
4889 7927
4890 8004
4891 8194
4892 7991
4893 7993
4894 8019
4895 8038
4896 7856
4897 8004
4898 7982
4899 7905
4900 8224
4901 8008
4902 7857
4903 7851
4904 8171
4905 7941
4906 7793
4907 7796
4908 7984
4909 7850
4910 7984
4911 7793
4912 8022
4913 7957
4914 7834
4915 7823
4916 7822
4917 7870
4918 7985
4919 7941
4920 8032
4921 7932
4922 8004
4923 7880
4924 8387
4925 8021
4926 7996
4927 7881
4928 7987
4929 7984
4930 8285
4931 7907
4932 8223
4933 7974
4934 8241
4935 8039
4936 8235
4937 8435
4938 8389
4939 8144
4940 8198
4941 7945
4942 7840
4943 7865
4944 7806
4945 7807
4946 7986
4947 8015
4948 7839
4949 7851
4950 7982
4951 7849
4952 8119
4953 8053
4954 7828
4955 7990
4956 7982
4957 7925
4958 7852
4959 7871
4960 8124
4961 7946
4962 8120
4963 7905
4964 7855
4965 8056
4966 8069
4967 7868
4968 7982
4969 7932
4970 7983
4971 8103
4972 8028
4973 8017
4974 7829
4975 7851
4976 8153
4977 7808
4978 7983
4979 7926
4980 7983
4981 7880
4982 8192
4983 7952
4984 8000
4985 7979
4986 7839
4987 7889
4988 8169
4989 7864
4990 7962
4991 8067
4992 8016
4993 7794
4994 7983
4995 7923
4996 8016
4997 7995
4998 8029
4999 8225
5000 8196
5001 7984
5002 7793
5003 7794
5004 7982
5005 7890
5006 7887
5007 7865
5008 7983
5009 7794
5010 7983
5011 7794
5012 7792
5013 7923
5014 8221
5015 8063
5016 8199
5017 7997
5018 8017
5019 7850
5020 7844
5021 7852
5022 8139
5023 7891
5024 7984
5025 7850
5026 8120
5027 7947
5028 7983
5029 7851
5030 7809
5031 7811
5032 7982
5033 7910
5034 8003
5035 7849
5036 8164
5037 7985
5038 7983
5039 7895
5040 7815
5041 7852
5042 7983
5043 7850
5044 7792
5045 7850
5046 7792
5047 8055
5048 8016
5049 7907
5050 8008
5051 8071
5052 7998
5053 8053
5054 8120
5055 8052
5056 8045
5057 8177
5058 8184
5059 8005
5060 8065
5061 7807
5062 8135
5063 7896
5064 8122
5065 7947
5066 7839
5067 7850
5068 7982
5069 7853
5070 7848
5071 7867
5072 8020
5073 8121
5074 8166
5075 8060
5076 7809
5077 7796
5078 7795
5079 7796
5080 7795
5081 7891
5082 8172
5083 7832
5084 8122
5085 8025
5086 8197
5087 7981
5088 8157
5089 8077
5090 7865
5091 8004
5092 7984
5093 7796
5094 7984
5095 7849
5096 7982
5097 7862
5098 8185
5099 7891
5100 7978
5101 8134
5102 8253
5103 8142
5104 8156
5105 8052
5106 8324
5107 8008
5108 8054
5109 7819
5110 7986
5111 8037
5112 8030
5113 7848
5114 7982
5115 7810
5116 7982
5117 7794
5118 8014
5119 7799
5120 7985
5121 7925
5122 7792
5123 7867
5124 8001
5125 8019
5126 7986
5127 7796
5128 7985
5129 7891
5130 7839
5131 7865
5132 7836
5133 7868
5134 7997
5135 7904
5136 8062
5137 7824
5138 7797
5139 7877
5140 7985
5141 7851
5142 8119
5143 8052
5144 8051
5145 7890
5146 8050
5147 7850
5148 8328
5149 8005
5150 7984
5151 7986
5152 8205
5153 7985
5154 8064
5155 7892
5156 7857
5157 8039
5158 8053
5159 7926
5160 8174
5161 8019
5162 8156
5163 7882
5164 8351
5165 8175
5166 8371
5167 8019
5168 7982
5169 7849
5170 8001
5171 7811
5172 7985
5173 7852
5174 8041
5175 7925
5176 8004
5177 7927
5178 8018
5179 7851
5180 7985
5181 7851
5182 7794
5183 7851
5184 8123
5185 8077
5186 8178
5187 7808
5188 7982
5189 7849
5190 8119
5191 7868
5192 7840
5193 8034
5194 7997
5195 8036
5196 8135
5197 7938
5198 8220
5199 7922
5200 8120
5201 7864
5202 7982
5203 7849
5204 8119
5205 7906
5206 7855
5207 7850
5208 7994
5209 8041
5210 7839
5211 8036
5212 8011
5213 7891
5214 8188
5215 7905
5216 8080
5217 7908
5218 8171
5219 7864
5220 8119
5221 7942
5222 7984
5223 7850
5224 7982
5225 7889
5226 8051
5227 7867
5228 7802
5229 7932
5230 8119
5231 7906
5232 7837
5233 7850
5234 8120
5235 7906
5236 8169
5237 7865
5238 7982
5239 7850
5240 8144
5241 8028
5242 7992
5243 7851
5244 7842
5245 7795
5246 7792
5247 7794
5248 8008
5249 7935
5250 8018
5251 8032
5252 8023
5253 7978
5254 8163
5255 8053
5256 7982
5257 7850
5258 8164
5259 8066
5260 8028
5261 7889
5262 8356
5263 7946
5264 8120
5265 7865
5266 7984
5267 8050
5268 8030
5269 7881
5270 7852
5271 7858
5272 8000
5273 7879
5274 8031
5275 7920
5276 7983
5277 7794
5278 8182
5279 8112
5280 8050
5281 7907
5282 8182
5283 7852
5284 8164
5285 8014
5286 8217
5287 8003
5288 8328
5289 8048
5290 7976
5291 7997
5292 8198
5293 8013
5294 8045
5295 8048
5296 8204
5297 8054
5298 7824
5299 7992
5300 8148
5301 7808
5302 7791
5303 7889
5304 8054
5305 8029
5306 7983
5307 7849
5308 7792
5309 7793
5310 7982
5311 7849
5312 7982
5313 7889
5314 8178
5315 7940
5316 7984
5317 8052
5318 7982
5319 7889
5320 7855
5321 7915
5322 7847
5323 7867
5324 7857
5325 7943
5326 7809
5327 7849
5328 8121
5329 7906
5330 7840
5331 7909
5332 8052
5333 8014
5334 7997
5335 7923
5336 7984
5337 7906
5338 8139
5339 7962
5340 7794
5341 7851
5342 8120
5343 8052
5344 7989
5345 7830
5346 8000
5347 7889
5348 7935
5349 8031
5350 8050
5351 7849
5352 7792
5353 7850
5354 8015
5355 7867
5356 8000
5357 7908
5358 8209
5359 7899
5360 7844
5361 7892
5362 8053
5363 7852
5364 7984
5365 7892
5366 7840
5367 7852
5368 7985
5369 7850
5370 8119
5371 7865
5372 8164
5373 8121
5374 8196
5375 8066
5376 7823
5377 7923
5378 8291
5379 8044
5380 7792
5381 7864
5382 8047
5383 7877
5384 8001
5385 7811
5386 8001
5387 7867
5388 8000
5389 7796
5390 8120
5391 7906
5392 7810
5393 7849
5394 8153
5395 7905
5396 8079
5397 7931
5398 7982
5399 7794
5400 7809
5401 7867
5402 7794
5403 7873
5404 8000
5405 7811
5406 7982
5407 7795
5408 7982
5409 7850
5410 8008
5411 7931
5412 7989
5413 7905
5414 7806
5415 7849
5416 8369
5417 8013
5418 7996
5419 7863
5420 7808
5421 8009
5422 8275
5423 7987
5424 7984
5425 7796
5426 8120
5427 8072
5428 8002
5429 7830
5430 8254
5431 7858
5432 7792
5433 7863
5434 8028
5435 7883
5436 7831
5437 7897
5438 7996
5439 7877
5440 8033
5441 7948
5442 8126
5443 8025
5444 8122
5445 7973
5446 7825
5447 7851
5448 7793
5449 7848
5450 8153
5451 7865
5452 8000
5453 7810
5454 8164
5455 7990
5456 8019
5457 7859
5458 7983
5459 7850
5460 8153
5461 8052
5462 7854
5463 7868
5464 7982
5465 7867
5466 8153
5467 8010
5468 8029
5469 7966
5470 7866
5471 7834
5472 7809
5473 7892
5474 7810
5475 7851
5476 7983
5477 7889
5478 8170
5479 7906
5480 8182
5481 8076
5482 7982
5483 7794
5484 7985
5485 7868
5486 7793
5487 7850
5488 8063
5489 7849
5490 8000
5491 7849
5492 7982
5493 7927
5494 8340
5495 8018
5496 7823
5497 7922
5498 8167
5499 7914
5500 7989
5501 7865
5502 7982
5503 7863
5504 8027
5505 7880
5506 8014
5507 7804
5508 7984
5509 7851
5510 7974
5511 7897
5512 8000
5513 7849
5514 7792
5515 7850
5516 7792
5517 7811
5518 8000
5519 7972
5520 8174
5521 7833
5522 7985
5523 7852
5524 7794
5525 7852
5526 8066
5527 7796
5528 7984
5529 7796
5530 7982
5531 7850
5532 7792
5533 7851
5534 7982
5535 7803
5536 8309
5537 8001
5538 7984
5539 7926
5540 8022
5541 8088
5542 7824
5543 7923
5544 8016
5545 7923
5546 8015
5547 7945
5548 8363
5549 8014
5550 7996
5551 7907
5552 8024
5553 7941
5554 8155
5555 7922
5556 8023
5557 7863
5558 7997
5559 7863
5560 7984
5561 7861
5562 8016
5563 7794
5564 7792
5565 7863
5566 8199
5567 7985
5568 7982
5569 7793
5570 7982
5571 7850
5572 7982
5573 7850
5574 7987
5575 7850
5576 8138
5577 8071
5578 7872
5579 7931
5580 7808
5581 7923
5582 8034
5583 7867
5584 8155
5585 7942
5586 7794
5587 7851
5588 7794
5589 7851
5590 7818
5591 7900
5592 8014
5593 7848
5594 8023
5595 8095
5596 8167
5597 7865
5598 7986
5599 7890
5600 8187
5601 8052
5602 8094
5603 7858
5604 8327
5605 8286
5606 8253
5607 8084
5608 8033
5609 7849
5610 8000
5611 7992
5612 7866
5613 7864
5614 8027
5615 7806
5616 7996
5617 7858
5618 7982
5619 7849
5620 7809
5621 7821
5622 7811
5623 7942
5624 7840
5625 7872
5626 8200
5627 8118
5628 8219
5629 7928
5630 7986
5631 7925
5632 7825
5633 7853
5634 8122
5635 7811
5636 7794
5637 7806
5638 8312
5639 8035
5640 8201
5641 8068
5642 8201
5643 7876
5644 7984
5645 7849
5646 7982
5647 7849
5648 7792
5649 7849
5650 7982
5651 7864
5652 7841
5653 7851
5654 8121
5655 7877
5656 8016
5657 8038
5658 8189
5659 8071
5660 8069
5661 7867
5662 7816
5663 8017
5664 7983
5665 7849
5666 7792
5667 7811
5668 8017
5669 7796
5670 7813
5671 7941
5672 7825
5673 7924
5674 8201
5675 8068
5676 7826
5677 7923
5678 8193
5679 7919
5680 7981
5681 7794
5682 8000
5683 7852
5684 7984
5685 7891
5686 8052
5687 7925
5688 8201
5689 8068
5690 8156
5691 7867
5692 7993
5693 7877
5694 8015
5695 7923
5696 8015
5697 7923
5698 8213
5699 7897
5700 8039
5701 7982
5702 7978
5703 8033
5704 7855
5705 7867
5706 7791
5707 7793
5708 8039
5709 8041
5710 7863
5711 7852
5712 8038
5713 7870
5714 7796
5715 8008
5716 7986
5717 7794
5718 7792
5719 7849
5720 7822
5721 7853
5722 8155
5723 7918
5724 7848
5725 7853
5726 8127
5727 7831
5728 8090
5729 7891
5730 7856
5731 7849
5732 7982
5733 7850
5734 8164
5735 8063
5736 8031
5737 7816
5738 8166
5739 8037
5740 8055
5741 7901
5742 7887
5743 7811
5744 8001
5745 7867
5746 7816
5747 7841
5748 7983
5749 7850
5750 8015
5751 7849
5752 7974
5753 7992
5754 7810
5755 7994
5756 8188
5757 8023
5758 7982
5759 7889
5760 7828
5761 7890
5762 7872
5763 7849
5764 7983
5765 7933
5766 8138
5767 7963
5768 8017
5769 7852
5770 7985
5771 7992
5772 8119
5773 7831
5774 7982
5775 7997
5776 8028
5777 8065
5778 8028
5779 8066
5780 8046
5781 7807
5782 8005
5783 8052
5784 7855
5785 8036
5786 7861
5787 7969
5788 7793
5789 7849
5790 7792
5791 7851
5792 7841
5793 7849
5794 7982
5795 7933
5796 7983
5797 7994
5798 8016
5799 7890
5800 8030
5801 7793
5802 7983
5803 7795
5804 7792
5805 7864
5806 8195
5807 7990
5808 7964
5809 8419
5810 8039
5811 7850
5812 7983
5813 7849
5814 7982
5815 7794
5816 7791
5817 7794
5818 7982
5819 7794
5820 7985
5821 7852
5822 7962
5823 7921
5824 8120
5825 7963
5826 8000
5827 7900
5828 7826
5829 7853
5830 8164
5831 8050
5832 7855
5833 7890
5834 8050
5835 7868
5836 8019
5837 7942
5838 8363
5839 8061
5840 8183
5841 8019
5842 7982
5843 7840
5844 7987
5845 7852
5846 7792
5847 7795
5848 7792
5849 7850
5850 8008
5851 7881
5852 8165
5853 8032
5854 8179
5855 7985
5856 8333
5857 8136
5858 8043
5859 7850
5860 7816
5861 7881
5862 7792
5863 7850
5864 7982
5865 7889
5866 7997
5867 7794
5868 7792
5869 7850
5870 7982
5871 7794
5872 7982
5873 7850
5874 7983
5875 7849
5876 7982
5877 7997
5878 8028
5879 7904
5880 7866
5881 7875
5882 8138
5883 8044
5884 7983
5885 7811
5886 7979
5887 8037
5888 8015
5889 7863
5890 8002
5891 7867
5892 8121
5893 7808
5894 8000
5895 7924
5896 8027
5897 7863
5898 8032
5899 7994
5900 7811
5901 7793
5902 8000
5903 7941
5904 8030
5905 7804
5906 7984
5907 7968
5908 8084
5909 7889
5910 8023
5911 8074
5912 8030
5913 7848
5914 8163
5915 8223
5916 7821
5917 7923
5918 7881
5919 7806
5920 7984
5921 7849
5922 7983
5923 7794
5924 7975
5925 8012
5926 7871
5927 7849
5928 8064
5929 7923
5930 7863
5931 7863
5932 7997
5933 7807
5934 7805
5935 8065
5936 8304
5937 8092
5938 8125
5939 7997
5940 7863
5941 7866
5942 7816
5943 7867
5944 8038
5945 7907
5946 8186
5947 7929
5948 7795
5949 7851
5950 8120
5951 7897
5952 7846
5953 7944
5954 7997
5955 7926
5956 7792
5957 7923
5958 7995
5959 8152
5960 8016
5961 7849
5962 8146
5963 7888
5964 7983
5965 7851
5966 7983
5967 7890
5968 8350
5969 8001
5970 7983
5971 7904
5972 7984
5973 7891
5974 7860
5975 7903
5976 7824
5977 7864
5978 7824
5979 7864
5980 8016
5981 7850
5982 7983
5983 7850
5984 7983
5985 8037
5986 8051
5987 7990
5988 8119
5989 8004
5990 7982
5991 7990
5992 7974
5993 8052
5994 8053
5995 7849
5996 8119
5997 8004
5998 7809
5999 7850
6000 7792
6001 7796
6002 7983
6003 7796
6004 8007
6005 7960
6006 8015
6007 7850
6008 7822
6009 7867
6010 7984
6011 7794
6012 7982
6013 7794
6014 7999
6015 7811
6016 7982
6017 7925
6018 7793
6019 7892
6020 8050
6021 7867
6022 8031
6023 8004
6024 7806
6025 7859
6026 7983
6027 7851
6028 7984
6029 7849
6030 7793
6031 7887
6032 8002
6033 7868
6034 7793
6035 7850
6036 7792
6037 7892
6038 7837
6039 7871
6040 8121
6041 8056
6042 7838
6043 7924
6044 7995
6045 7927
6046 8017
6047 7980
6048 7983
6049 7891
6050 7837
6051 7850
6052 7983
6053 7891
6054 7998
6055 7795
6056 7792
6057 7851
6058 7983
6059 7850
6060 7831
6061 7928
6062 8033
6063 7933
6064 8147
6065 8053
6066 7807
6067 7850
6068 7962
6069 7985
6070 8154
6071 8126
6072 8045
6073 7863
6074 8168
6075 7955
6076 8140
6077 7925
6078 7897
6079 7861
6080 7982
6081 7943
6082 7809
6083 7884
6084 7852
6085 7877
6086 7979
6087 7943
6088 7821
6089 7881
6090 8155
6091 8006
6092 8168
6093 8018
6094 8168
6095 8089
6096 7794
6097 7889
6098 8048
6099 7852
6100 7793
6101 7889
6102 8202
6103 7986
6104 7793
6105 7793
6106 7792
6107 7923
6108 7823
6109 7867
6110 8015
6111 7889
6112 8137
6113 7847
6114 8138
6115 7899
6116 8000
6117 7908
6118 8155
6119 7963
6120 7809
6121 7895
6122 7999
6123 7794
6124 7985
6125 7795
6126 8000
6127 7924
6128 8167
6129 8060
6130 8139
6131 7896
6132 7962
6133 8075
6134 8029
6135 7811
6136 7996
6137 7877
6138 8135
6139 7949
6140 7982
6141 7890
6142 7837
6143 7849
6144 7982
6145 7794
6146 8000
6147 7880
6148 8018
6149 7805
6150 7792
6151 7890
6152 7887
6153 7879
6154 8404
6155 8018
6156 8001
6157 7908
6158 8181
6159 8035
6160 8029
6161 7904
6162 8005
6163 8075
6164 8158
6165 8005
6166 8001
6167 7908
6168 7872
6169 7941
6170 8034
6171 7867
6172 8000
6173 7867
6174 8030
6175 7905
6176 7793
6177 7794
6178 7792
6179 7849
6180 7987
6181 7890
6182 8031
6183 7973
6184 8201
6185 7985
6186 8181
6187 8002
6188 7793
6189 7851
6190 7984
6191 7966
6192 8233
6193 7975
6194 7984
6195 7849
6196 7981
6197 7849
6198 8000
6199 7940
6200 8017
6201 7924
6202 8178
6203 7944
6204 7983
6205 7923
6206 8015
6207 7923
6208 8172
6209 8025
6210 7823
6211 7810
6212 8001
6213 7867
6214 7984
6215 7852
6216 7985
6217 7795
6218 7984
6219 7849
6220 8142
6221 7827
6222 8000
6223 7908
6224 7872
6225 7811
6226 8000
6227 7796
6228 8122
6229 8007
6230 7794
6231 7849
6232 8119
6233 7808
6234 7986
6235 7888
6236 8167
6237 8006
6238 7982
6239 7852
6240 7983
6241 7849
6242 7982
6243 7923
6244 7823
6245 7923
6246 8173
6247 8089
6248 8191
6249 8127
6250 8170
6251 8126
6252 8374
6253 8210
6254 7891
6255 7923
6256 7847
6257 7796
6258 7794
6259 7852
6260 7982
6261 7868
6262 8119
6263 8005
6264 8021
6265 7991
6266 8010
6267 7918
6268 7809
6269 7923
6270 8015
6271 7794
6272 7961
6273 7985
6274 7983
6275 7942
6276 8138
6277 8052
6278 7990
6279 7882
6280 8120
6281 7906
6282 8037
6283 7941
6284 7872
6285 7909
6286 8053
6287 7851
6288 7793
6289 7849
6290 8000
6291 8054
6292 8051
6293 7948
6294 7984
6295 7851
6296 7793
6297 7851
6298 7984
6299 7851
6300 8155
6301 7867
6302 8121
6303 8087
6304 8024
6305 7928
6306 7794
6307 7849
6308 8033
6309 7810
6310 7794
6311 7864
6312 8017
6313 7924
6314 8017
6315 7796
6316 7982
6317 7850
6318 7999
6319 7871
6320 7810
6321 7811
6322 8182
6323 7938
6324 8148
6325 8210
6326 7879
6327 7906
6328 8034
6329 7863
6330 7995
6331 7985
6332 7792
6333 7991
6334 8178
6335 7897
6336 7982
6337 7794
6338 7803
6339 7850
6340 7982
6341 7794
6342 8120
6343 7943
6344 8172
6345 7894
6346 7840
6347 7941
6348 8199
6349 8082
6350 7998
6351 8242
6352 8013
6353 7852
6354 7858
6355 7890
6356 8122
6357 8052
6358 7990
6359 7865
6360 7974
6361 8060
6362 8202
6363 8052
6364 7871
6365 8008
6366 8155
6367 7907
6368 8001
6369 7849
6370 8145
6371 7886
6372 7982
6373 7849
6374 8309
6375 8021
6376 8122
6377 8097
6378 7823
6379 7923
6380 8200
6381 8058
6382 8023
6383 7838
6384 8014
6385 7794
6386 7982
6387 7849
6388 7982
6389 7849
6390 7791
6391 7868
6392 7808
6393 7850
6394 7979
6395 7923
6396 7982
6397 7849
6398 7791
6399 7849
6400 8007
6401 8068
6402 8233
6403 8013
6404 8027
6405 7863
6406 8002
6407 7867
6408 7809
6409 7867
6410 8000
6411 7891
6412 7829
6413 7851
6414 7797
6415 7795
6416 7984
6417 7851
6418 7984
6419 7851
6420 8155
6421 7910
6422 7834
6423 8010
6424 7830
6425 7925
6426 8350
6427 7951
6428 7792
6429 7854
6430 7982
6431 7923
6432 8205
6433 7825
6434 8001
6435 7867
6436 7794
6437 7850
6438 7792
6439 7849
6440 7983
6441 7794
6442 8007
6443 7833
6444 7792
6445 7794
6446 7983
6447 7794
6448 7791
6449 7794
6450 7792
6451 7850
6452 8000
6453 7795
6454 8119
6455 7869
6456 8172
6457 8022
6458 8000
6459 7849
6460 7982
6461 7923
6462 8220
6463 8066
6464 8016
6465 7867
6466 7984
6467 7851
6468 7984
6469 7794
6470 7982
6471 8013
6472 8028
6473 7864
6474 7794
6475 7923
6476 8199
6477 7920
6478 7999
6479 7941
6480 8386
6481 8286
6482 8213
6483 8084
6484 8011
6485 7984
6486 7983
6487 7930
6488 8127
6489 7888
6490 8185
6491 7921
6492 7981
6493 7849
6494 7982
6495 7849
6496 7981
6497 7794
6498 7829
6499 7900
6500 8016
6501 7923
6502 8155
6503 7881
6504 7792
6505 7849
6506 7982
6507 7975
6508 8050
6509 7849
6510 7791
6511 7848
6512 7791
6513 7848
6514 7809
6515 8007
6516 7984
6517 7795
6518 7985
6519 7924
6520 7836
6521 7869
6522 8025
6523 7940
6524 7792
6525 7794
6526 8040
6527 7903
6528 8155
6529 8006
6530 8156
6531 8067
6532 7822
6533 7849
6534 7792
6535 7850
6536 7983
6537 7878
6538 8166
6539 7985
6540 7988
6541 7864
6542 8194
6543 7998
6544 7795
6545 7923
6546 7823
6547 7850
6548 7982
6549 7851
6550 7982
6551 7794
6552 7982
6553 8055
6554 7856
6555 7851
6556 8065
6557 7892
6558 8025
6559 7895
6560 7985
6561 7893
6562 8182
6563 8118
6564 8050
6565 8003
6566 7809
6567 7867
6568 8001
6569 8126
6570 8007
6571 8055
6572 8002
6573 7925
6574 8016
6575 7850
6576 7792
6577 7849
6578 7840
6579 7849
6580 8119
6581 7963
6582 7984
6583 7810
6584 7982
6585 7811
6586 7809
6587 7810
6588 8000
6589 7867
6590 8000
6591 7892
6592 8032
6593 7852
6594 7832
6595 8016
6596 7796
6597 7794
6598 8163
6599 7985
6600 8022
6601 7881
6602 8154
6603 7938
6604 8016
6605 7850
6606 8334
6607 8205
6608 7871
6609 7907
6610 7857
6611 7989
6612 7792
6613 7867
6614 8138
6615 7830
6616 7791
6617 7849
6618 8026
6619 8098
6620 7983
6621 7864
6622 8028
6623 8079
6624 8015
6625 7849
6626 7791
6627 7849
6628 8308
6629 8133
6630 8211
6631 8051
6632 7792
6633 7868
6634 7794
6635 7796
6636 7794
6637 7820
6638 7985
6639 7794
6640 7809
6641 7867
6642 8000
6643 7851
6644 7984
6645 7801
6646 7983
6647 7850
6648 7792
6649 8045
6650 8021
6651 8125
6652 8236
6653 8005
6654 7982
6655 7863
6656 8194
6657 7918
6658 8015
6659 7909
6660 8025
6661 7953
6662 8122
6663 7948
6664 7984
6665 7891
6666 7857
6667 7890
6668 8019
6669 7810
6670 7982
6671 7849
6672 7793
6673 7793
6674 7983
6675 7830
6676 8014
6677 7793
6678 8000
6679 7994
6680 7889
6681 7852
6682 7983
6683 7852
6684 7982
6685 7795
6686 7982
6687 7794
6688 7792
6689 7849
6690 7982
6691 7889
6692 8169
6693 7864
6694 7792
6695 7867
6696 7842
6697 7851
6698 8118
6699 7864
6700 7792
6701 7849
6702 7809
6703 7866
6704 8165
6705 8191
6706 8343
6707 8198
6708 7794
6709 7868
6710 8019
6711 7847
6712 8032
6713 7849
6714 7982
6715 7848
6716 7984
6717 7795
6718 7982
6719 7796
6720 7984
6721 7879
6722 7825
6723 7794
6724 7830
6725 7881
6726 8000
6727 7908
6728 8207
6729 8007
6730 7794
6731 7800
6732 7985
6733 7889
6734 8188
6735 8072
6736 8171
6737 7939
6738 7792
6739 7794
6740 7982
6741 7794
6742 7982
6743 7849
6744 7982
6745 7849
6746 7792
6747 7850
6748 7991
6749 7850
6750 7982
6751 7926
6752 7793
6753 7923
6754 7840
6755 7925
6756 8197
6757 7994
6758 8045
6759 7881
6760 8122
6761 7876
6762 8016
6763 7923
6764 7833
6765 7851
6766 7857
6767 7867
6768 8014
6769 7850
6770 8119
6771 8052
6772 7869
6773 7907
6774 8171
6775 8024
6776 7793
6777 7851
6778 8165
6779 7987
6780 8332
6781 8131
6782 7902
6783 7794
6784 7962
6785 7925
6786 7996
6787 7802
6788 7982
6789 7889
6790 8009
6791 7849
6792 8000
6793 7892
6794 8207
6795 7940
6796 7992
6797 8063
6798 8015
6799 7994
6800 7821
6801 7823
6802 8013
6803 7881
6804 7832
6805 7900
6806 7984
6807 7891
6808 8171
6809 7879
6810 7862
6811 7819
6812 8000
6813 8054
6814 7812
6815 7933
6816 7794
6817 7851
6818 7984
6819 7891
6820 8171
6821 8210
6822 8000
6823 7811
6824 7812
6825 7868
6826 7809
6827 7867
6828 8041
6829 8096
6830 7855
6831 8008
6832 8026
6833 8102
6834 8022
6835 7942
6836 8202
6837 7991
6838 7823
6839 7863
6840 8000
6841 7867
6842 8018
6843 8005
6844 8021
6845 7972
6846 8177
6847 8054
6848 7871
6849 7796
6850 7806
6851 7992
6852 7792
6853 7849
6854 7793
6855 7849
6856 7982
6857 7849
6858 8002
6859 7926
6860 7992
6861 8119
6862 8116
6863 7851
6864 7794
6865 7794
6866 7804
6867 7890
6868 7855
6869 7849
6870 8007
6871 7922
6872 7998
6873 7894
6874 8170
6875 7865
6876 7982
6877 7923
6878 8027
6879 7985
6880 8000
6881 7866
6882 7817
6883 7825
6884 8064
6885 7894
6886 7833
6887 7793
6888 7983
6889 7866
6890 7984
6891 7925
6892 8221
6893 7995
6894 7836
6895 7861
6896 7792
6897 7849
6898 7792
6899 7849
6900 7982
6901 7849
6902 7792
6903 7890
6904 8030
6905 7849
6906 8119
6907 7829
6908 8119
6909 8051
6910 7871
6911 7931
6912 7999
6913 7866
6914 7794
6915 7851
6916 7982
6917 7850
6918 8124
6919 7896
6920 8119
6921 7868
6922 7794
6923 7850
6924 7982
6925 7794
6926 7792
6927 7831
6928 8059
6929 7794
6930 7792
6931 7849
6932 7792
6933 7794
6934 8041
6935 8026
6936 7809
6937 7808
6938 7964
6939 7985
6940 8026
6941 7989
6942 8134
6943 7955
6944 8163
6945 8290
6946 8080
6947 7908
6948 8366
6949 8013
6950 8172
6951 7821
6952 8002
6953 8096
6954 8055
6955 7796
6956 7983
6957 7851
6958 8013
6959 8070
6960 8011
6961 7860
6962 8162
6963 8180
6964 8041
6965 7794
6966 7962
6967 7985
6968 7983
6969 7890
6970 8325
6971 8016
6972 7793
6973 7852
6974 7984
6975 7850
6976 7983
6977 7890
6978 8170
6979 8052
6980 8170
6981 7992
6982 8136
6983 7847
6984 7809
6985 7868
6986 7809
6987 7942
6988 7851
6989 7864
6990 7996
6991 7881
6992 7823
6993 7824
6994 7822
6995 7881
6996 7794
6997 7924
6998 8196
6999 8012
7000 7984
7001 7889
7002 7998
7003 7795
7004 7983
7005 8007
7006 7792
7007 7794
7008 8120
7009 7940
7010 7792
7011 7849
7012 7792
7013 7794
7014 7982
7015 7889
7016 8050
7017 7923
7018 8173
7019 7948
7020 7992
7021 7987
7022 7793
7023 7985
7024 7793
7025 7850
7026 7793
7027 7850
7028 7792
7029 7849
7030 7982
7031 7929
7032 7983
7033 7850
7034 7982
7035 7849
7036 7982
7037 7794
7038 8120
7039 7884
7040 7794
7041 7797
7042 7813
7043 7812
7044 7809
7045 7830
7046 8000
7047 7796
7048 7985
7049 7926
7050 8195
7051 7995
7052 7835
7053 7859
7054 7974
7055 7879
7056 7984
7057 7850
7058 7792
7059 7850
7060 7983
7061 7794
7062 7792
7063 7849
7064 7982
7065 7795
7066 7792
7067 7794
7068 7845
7069 7825
7070 7983
7071 7861
7072 7982
7073 7794
7074 7983
7075 8116
7076 8066
7077 8052
7078 8164
7079 8224
7080 8024
7081 7938
7082 7985
7083 7850
7084 8167
7085 7992
7086 8032
7087 7916
7088 8014
7089 7850
7090 8022
7091 7898
7092 8030
7093 7882
7094 8199
7095 8037
7096 8032
7097 7850
7098 8119
7099 7945
7100 8120
7101 7905
7102 7855
7103 7850
7104 7982
7105 7894
7106 8169
7107 7915
7108 8138
7109 8052
7110 8135
7111 7992
7112 7997
7113 7867
7114 7982
7115 7793
7116 7794
7117 7851
7118 8119
7119 8056
7120 7847
7121 7850
7122 7792
7123 7867
7124 8000
7125 7925
7126 8199
7127 7985
7128 7841
7129 7923
7130 7990
7131 7924
7132 8122
7133 7916
7134 8138
7135 8005
7136 7983
7137 7923
7138 7823
7139 8036
7140 8170
7141 8012
7142 8194
7143 7995
7144 7823
7145 7795
7146 7982
7147 7923
7148 7989
7149 7987
7150 8008
7151 7881
7152 8162
7153 7894
7154 7997
7155 7863
7156 7984
7157 7977
7158 8338
7159 8066
7160 7857
7161 7991
7162 8050
7163 8063
7164 7858
7165 8129
7166 8232
7167 8037
7168 7867
7169 7863
7170 7985
7171 7925
7172 8000
7173 7804
7174 7987
7175 7850
7176 7983
7177 7794
7178 7982
7179 7850
7180 7982
7181 7794
7182 7809
7183 7942
7184 8040
7185 7881
7186 8001
7187 7862
7188 8154
7189 8005
7190 7982
7191 7889
7192 7828
7193 7862
7194 7823
7195 7863
7196 7823
7197 7794
7198 7792
7199 7949
7200 8233
7201 8008
7202 7995
7203 7903
7204 8138
7205 7893
7206 8223
7207 7918
7208 8327
7209 8407
7210 7883
7211 7806
7212 7996
7213 7863
7214 7996
7215 7881
7216 7996
7217 7863
7218 7984
7219 7862
7220 8293
7221 7989
7222 7817
7223 7955
7224 7995
7225 7921
7226 7982
7227 7850
7228 7982
7229 7880
7230 7823
7231 7849
7232 7982
7233 7850
7234 8164
7235 7926
7236 8022
7237 7897
7238 8211
7239 8062
7240 7990
7241 7922
7242 7997
7243 7807
7244 7984
7245 7850
7246 7793
7247 7849
7248 8119
7249 8052
7250 7998
7251 8050
7252 8154
7253 7865
7254 8120
7255 7808
7256 8145
7257 8003
7258 8164
7259 8003
7260 8010
7261 7868
7262 7983
7263 7849
7264 8163
7265 8031
7266 8084
7267 7923
7268 8224
7269 7918
7270 7982
7271 7794
7272 7792
7273 7850
7274 7983
7275 8036
7276 8192
7277 8037
7278 7867
7279 7803
7280 7982
7281 7961
7282 8030
7283 7838
7284 8151
7285 7908
7286 7992
7287 7940
7288 7982
7289 7889
7290 8169
7291 7939
7292 7792
7293 7849
7294 7987
7295 7794
7296 8119
7297 7906
7298 7829
7299 8030
7300 7792
7301 7967
7302 7853
7303 7802
7304 7982
7305 7889
7306 8014
7307 7794
7308 7982
7309 7794
7310 8119
7311 8005
7312 7982
7313 7889
7314 8205
7315 7946
7316 8119
7317 8005
7318 8001
7319 7869
7320 8059
7321 7904
7322 7998
7323 8068
7324 8060
7325 7805
7326 7984
7327 7853
7328 8166
7329 8223
7330 8024
7331 7807
7332 7794
7333 7850
7334 7983
7335 7862
7336 8006
7337 8082
7338 8176
7339 7843
7340 8183
7341 8086
7342 8225
7343 8064
7344 8030
7345 7863
7346 7984
7347 7850
7348 7983
7349 7850
7350 7792
7351 7811
7352 8001
7353 7852
7354 8005
7355 8226
7356 8195
7357 8227
7358 8023
7359 7876
7360 7962
7361 8084
7362 7862
7363 7825
7364 7985
7365 7794
7366 7983
7367 7924
7368 8198
7369 8084
7370 7995
7371 8003
7372 8008
7373 7891
7374 7982
7375 7909
7376 8208
7377 7827
7378 8148
7379 7933
7380 8001
7381 7987
7382 7794
7383 7896
7384 8033
7385 7852
7386 7985
7387 7796
7388 7794
7389 7963
7390 7830
7391 8145
7392 8195
7393 7921
7394 7907
7395 7804
7396 7795
7397 7852
7398 7793
7399 7850
7400 7824
7401 7850
7402 8028
7403 7803
7404 8016
7405 7869
7406 7962
7407 7984
7408 8000
7409 7811
7410 7984
7411 7932
7412 7839
7413 7811
7414 7792
7415 7849
7416 7982
7417 7994
7418 8153
7419 7897
7420 7819
7421 8266
7422 7990
7423 7865
7424 8064
7425 7880
7426 7997
7427 7985
7428 7792
7429 8063
7430 8159
7431 7963
7432 8001
7433 7887
7434 7826
7435 7850
7436 8127
7437 7986
7438 8212
7439 8125
7440 8194
7441 7983
7442 7983
7443 7850
7444 7983
7445 7890
7446 8170
7447 7897
7448 7792
7449 7851
7450 8164
7451 7922
7452 7983
7453 7850
7454 7839
7455 7868
7456 8120
7457 7877
7458 8015
7459 8064
7460 8221
7461 8116
7462 7840
7463 7985
7464 8238
7465 8173
7466 8112
7467 7877
7468 8000
7469 7868
7470 8001
7471 7943
7472 7983
7473 7850
7474 8016
7475 7998
7476 7824
7477 7850
7478 7983
7479 7849
7480 7841
7481 8036
7482 7976
7483 7926
7484 8001
7485 7809
7486 7795
7487 7924
7488 8015
7489 8063
7490 8221
7491 7918
7492 7982
7493 7794
7494 7792
7495 7850
7496 7982
7497 7811
7498 8001
7499 7926
7500 7982
7501 7850
7502 7983
7503 7849
7504 7984
7505 7849
7506 7983
7507 7849
7508 7982
7509 7794
7510 7983
7511 7794
7512 7982
7513 7889
7514 8135
7515 8006
7516 7985
7517 7969
7518 7886
7519 7993
7520 8121
7521 8125
7522 8009
7523 7985
7524 7792
7525 7794
7526 7792
7527 7795
7528 7983
7529 7850
7530 8162
7531 7899
7532 8028
7533 7859
7534 7982
7535 7849
7536 7983
7537 7849
7538 7982
7539 7849
7540 7983
7541 7795
7542 7981
7543 7923
7544 8016
7545 7868
7546 7982
7547 7849
7548 7982
7549 7811
7550 8001
7551 7811
7552 7983
7553 7850
7554 7982
7555 7869
7556 7850
7557 7850
7558 7876
7559 7971
7560 7809
7561 7941
7562 8076
7563 8017
7564 8198
7565 7943
7566 8014
7567 7892
7568 7983
7569 7925
7570 8364
7571 8068
7572 7792
7573 7924
7574 8194
7575 8027
7576 8180
7577 8223
7578 8023
7579 7904
7580 7830
7581 7849
7582 7982
7583 7860
7584 7982
7585 7796
7586 7809
7587 7892
7588 8019
7589 7866
7590 7992
7591 7963
7592 7999
7593 7867
7594 7792
7595 7849
7596 7818
7597 7883
7598 8165
7599 8002
7600 8121
7601 7982
7602 8062
7603 8036
7604 7997
7605 7848
7606 7983
7607 7933
7608 7980
7609 7850
7610 7982
7611 7795
7612 7792
7613 7794
7614 7983
7615 7850
7616 7809
7617 7867
7618 8000
7619 7811
7620 8000
7621 7813
7622 7986
7623 7811
7624 8120
7625 7847
7626 8019
7627 8036
7628 7833
7629 7854
7630 7853
7631 8045
7632 8169
7633 8052
7634 8084
7635 8000
7636 8154
7637 7947
7638 7980
7639 7849
7640 7983
7641 7932
7642 8008
7643 7896
7644 8045
7645 7924
7646 7888
7647 7850
7648 7982
7649 7811
7650 8000
7651 7985
7652 8227
7653 8098
7654 7998
7655 7985
7656 7982
7657 7849
7658 8120
7659 8137
7660 7810
7661 8056
7662 7827
7663 7811
7664 7792
7665 7867
7666 7857
7667 7943
7668 8000
7669 7875
7670 8001
7671 7949
7672 8001
7673 7941
7674 7835
7675 7881
7676 7795
7677 7863
7678 8010
7679 8061
7680 8198
7681 7984
7682 7983
7683 7889
7684 7855
7685 7805
7686 7979
7687 7921
7688 7792
7689 7794
7690 7796
7691 7849
7692 7982
7693 7849
7694 7982
7695 7849
7696 8119
7697 7846
7698 7836
7699 7825
7700 8015
7701 7864
7702 7834
7703 8224
7704 8022
7705 7858
7706 8137
7707 7956
7708 7809
7709 7889
7710 7826
7711 7868
7712 8000
7713 7867
7714 7808
7715 7810
7716 7984
7717 7851
7718 8000
7719 7985
7720 8008
7721 8067
7722 8221
7723 8061
7724 8016
7725 7794
7726 8001
7727 7868
7728 8000
7729 7867
7730 8139
7731 7808
7732 7792
7733 7923
7734 8212
7735 7980
7736 7982
7737 7881
7738 7985
7739 7794
7740 7983
7741 7851
7742 7792
7743 7850
7744 7792
7745 7850
7746 7982
7747 7850
7748 7982
7749 7849
7750 7983
7751 7793
7752 7982
7753 7966
7754 8021
7755 7938
7756 7995
7757 7984
7758 7983
7759 7889
7760 7859
7761 7863
7762 8001
7763 7811
7764 8139
7765 8053
7766 7858
7767 7852
7768 7792
7769 7889
7770 8170
7771 7897
7772 7801
7773 7851
7774 7792
7775 7868
7776 8120
7777 8191
7778 8003
7779 7852
7780 7982
7781 7867
7782 7792
7783 7922
7784 8194
7785 7992
7786 8185
7787 8085
7788 8035
7789 7867
7790 7986
7791 7969
7792 7894
7793 7961
7794 7859
7795 8039
7796 7839
7797 7865
7798 8044
7799 7928
7800 8165
7801 7923
7802 8004
7803 7849
7804 7982
7805 7849
7806 8163
7807 8083
7808 8034
7809 7863
7810 8199
7811 7985
7812 7982
7813 7880
7814 8215
7815 7921
7816 8106
7817 7880
7818 8133
7819 8009
7820 7799
7821 7851
7822 7794
7823 7849
7824 7792
7825 7810
7826 8001
7827 7857
7828 7985
7829 7993
7830 7795
7831 7794
7832 7983
7833 7852
7834 7983
7835 7794
7836 7793
7837 7850
7838 8309
7839 8085
7840 8005
7841 7925
7842 7984
7843 7852
7844 8148
7845 7899
7846 8164
7847 7985
7848 7792
7849 7863
7850 8194
7851 8064
7852 8017
7853 8036
7854 7855
7855 7927
7856 7794
7857 7850
7858 8119
7859 7825
7860 7793
7861 7849
7862 7983
7863 7949
7864 7809
7865 7812
7866 8001
7867 7926
7868 7837
7869 7908
7870 8197
7871 8010
7872 8152
7873 7940
7874 8041
7875 7851
7876 8000
7877 7848
7878 7982
7879 7867
7880 8001
7881 7853
7882 7983
7883 7850
7884 7792
7885 7867
7886 7792
7887 7794
7888 7983
7889 7923
7890 7836
7891 7850
7892 7824
7893 7862
7894 8198
7895 8216
7896 7837
7897 7884
7898 8368
7899 8090
7900 8016
7901 7942
7902 8068
7903 7989
7904 7998
7905 7861
7906 7984
7907 7852
7908 7984
7909 7933
7910 8122
7911 7948
7912 8121
7913 8008
7914 8121
7915 8007
7916 7963
7917 7998
7918 8199
7919 8053
7920 7829
7921 7852
7922 8120
7923 8012
7924 8340
7925 8023
7926 8021
7927 7969
7928 8062
7929 7794
7930 7982
7931 7794
7932 7792
7933 7867
7934 7865
7935 7987
7936 8033
7937 7913
7938 8018
7939 7926
7940 8189
7941 8077
7942 8016
7943 8079
7944 8194
7945 7957
7946 8000
7947 7867
7948 8010
7949 8090
7950 8091
7951 7979
7952 8202
7953 7859
7954 8026
7955 7999
7956 8038
7957 8032
7958 7989
7959 7851
7960 7987
7961 7892
7962 7959
7963 7941
7964 8165
7965 7987
7966 8163
7967 8046
7968 8153
7969 7939
7970 8013
7971 7939
7972 8015
7973 7923
7974 8044
7975 7824
7976 8042
7977 7934
7978 8015
7979 7881
7980 7811
7981 7869
7982 8001
7983 7868
7984 8122
7985 8053
7986 8049
7987 7868
7988 7986
7989 8010
7990 8350
7991 8050
7992 7840
7993 7811
7994 7809
7995 8039
7996 8037
7997 7841
7998 8212
7999 8227
8000 8234
8001 7943
8002 8010
8003 7869
8004 7810
8005 7803
8006 8310
8007 7935
8008 8001
8009 7811
8010 8181
8011 7938
8012 7820
8013 7871
8014 7796
8015 7898
8016 7812
8017 7804
8018 7985
8019 7894
8020 7840
8021 7797
8022 7794
8023 7794
8024 7983
8025 7794
8026 7983
8027 7859
8028 8202
8029 7926
8030 8004
8031 7795
8032 7839
8033 7852
8034 7984
8035 7849
8036 7982
8037 7849
8038 7962
8039 7928
8040 7810
8041 7810
8042 7984
8043 7795
8044 8119
8045 7883
8046 7792
8047 7942
8048 8028
8049 8063
8050 8021
8051 7880
8052 8046
8053 7877
8054 8139
8055 7948
8056 7983
8057 7794
8058 7983
8059 7924
8060 7863
8061 7859
8062 7983
8063 7868
8064 7792
8065 7850
8066 7792
8067 7941
8068 8239
8069 7990
8070 8002
8071 7849
8072 8164
8073 8055
8074 8018
8075 7868
8076 8138
8077 7994
8078 7839
8079 7866
8080 7826
8081 8009
8082 7985
8083 7892
8084 7857
8085 7850
8086 8167
8087 7923
8088 7795
8089 8016
8090 8038
8091 8036
8092 8169
8093 8005
8094 7877
8095 7944
8096 8165
8097 8014
8098 8365
8099 8142
8100 7996
8101 7863
8102 7805
8103 7803
8104 7983
8105 7850
8106 7983
8107 7850
8108 7983
8109 7931
8110 8002
8111 8003
8112 7963
8113 8392
8114 8040
8115 7851
8116 8166
8117 7985
8118 8199
8119 7989
8120 7996
8121 7867
8122 7998
8123 7859
8124 8334
8125 8063
8126 8221
8127 8192
8128 8195
8129 8003
8130 8164
8131 8062
8132 8341
8133 8006
8134 7996
8135 7863
8136 7996
8137 7882
8138 7806
8139 7859
8140 8165
8141 8067
8142 8028
8143 7862
8144 7984
8145 7794
8146 7982
8147 7850
8148 7841
8149 7889
8150 8169
8151 7939
8152 8346
8153 8131
8154 8030
8155 8116
8156 8403
8157 8104
8158 8012
8159 8014
8160 8198
8161 8248
8162 8209
8163 8120
8164 7805
8165 7864
8166 7986
8167 7941
8168 8185
8169 7878
8170 7996
8171 7877
8172 7809
8173 7868
8174 8000
8175 7849
8176 7845
8177 7898
8178 8014
8179 7794
8180 7983
8181 7820
8182 8124
8183 7867
8184 8121
8185 7810
8186 7792
8187 7849
8188 7796
8189 7850
8190 7983
8191 7849
8192 7982
8193 7863
8194 8028
8195 7882
8196 8014
8197 7821
8198 7998
8199 7862
8200 7816
8201 8069
8202 7855
8203 7926
8204 7792
8205 7794
8206 7982
8207 7868
8208 8166
8209 7992
8210 7998
8211 7905
8212 7899
8213 7861
8214 8164
8215 7985
8216 7792
8217 7849
8218 7983
8219 7849
8220 7985
8221 7795
8222 7962
8223 8175
8224 8051
8225 7904
8226 8003
8227 7948
8228 8333
8229 8006
8230 7984
8231 7961
8232 8076
8233 7795
8234 8309
8235 8127
8236 8178
8237 7941
8238 7982
8239 7850
8240 7983
8241 7850
8242 7792
8243 7850
8244 8119
8245 7865
8246 7830
8247 8066
8248 7997
8249 7803
8250 7983
8251 7890
8252 8025
8253 7849
8254 7983
8255 7850
8256 7983
8257 7849
8258 7982
8259 7794
8260 7982
8261 7927
8262 8028
8263 7807
8264 7997
8265 7882
8266 7997
8267 7859
8268 7983
8269 7863
8270 8017
8271 7850
8272 8164
8273 8153
8274 8164
8275 8171
8276 7837
8277 7923
8278 8028
8279 7863
8280 8028
8281 7803
8282 8182
8283 7985
8284 7993
8285 7864
8286 8028
8287 7938
8288 7980
8289 7925
8290 8163
8291 7921
8292 8021
8293 7971
8294 7982
8295 7867
8296 7983
8297 7849
8298 7982
8299 7849
8300 7992
8301 7931
8302 8163
8303 8266
8304 8221
8305 8184
8306 7822
8307 7860
8308 7792
8309 7849
8310 7808
8311 7810
8312 8000
8313 7794
8314 7863
8315 7880
8316 8200
8317 7912
8318 7876
8319 7956
8320 8003
8321 7850
8322 7983
8323 7795
8324 7792
8325 7849
8326 7983
8327 7794
8328 7982
8329 7793
8330 7792
8331 7794
8332 8120
8333 7947
8334 7982
8335 7850
8336 8154
8337 7937
8338 8029
8339 7863
8340 7998
8341 7863
8342 7998
8343 8125
8344 7995
8345 8115
8346 8195
8347 8031
8348 8020
8349 7908
8350 8038
8351 8010
8352 8170
8353 8068
8354 7844
8355 7901
8356 7809
8357 7796
8358 7983
8359 7849
8360 7983
8361 7849
8362 8022
8363 8139
8364 7897
8365 7863
8366 7996
8367 7934
8368 8120
8369 8006
8370 7982
8371 8036
8372 8169
8373 7883
8374 7983
8375 7849
8376 7982
8377 7798
8378 7982
8379 7849
8380 8027
8381 7897
8382 8362
8383 8014
8384 7983
8385 7924
8386 7990
8387 7984
8388 7982
8389 7795
8390 7982
8391 7850
8392 7982
8393 7850
8394 7823
8395 8036
8396 8234
8397 7926
8398 7985
8399 7849
8400 7962
8401 8067
8402 8375
8403 8090
8404 7835
8405 7862
8406 7997
8407 8050
8408 8150
8409 8067
8410 7884
8411 7820
8412 7985
8413 7849
8414 8001
8415 7869
8416 7982
8417 7794
8418 7985
8419 7794
8420 8163
8421 7994
8422 7997
8423 7863
8424 7794
8425 7794
8426 7816
8427 7848
8428 7796
8429 7849
8430 7982
8431 7849
8432 8000
8433 7810
8434 7809
8435 7867
8436 8000
8437 7867
8438 8000
8439 8009
8440 7965
8441 8033
8442 8172
8443 7906
8444 7855
8445 8036
8446 7855
8447 7889
8448 8169
8449 7882
8450 8153
8451 7865
8452 7983
8453 7850
8454 8118
8455 7865
8456 8007
8457 8055
8458 7983
8459 7889
8460 7837
8461 7849
8462 8015
8463 7794
8464 7982
8465 7849
8466 8154
8467 7861
8468 8059
8469 7851
8470 7984
8471 7967
8472 8312
8473 8213
8474 8067
8475 7892
8476 7858
8477 7850
8478 7982
8479 7932
8480 8153
8481 8103
8482 7808
8483 7849
8484 7982
8485 7889
8486 7990
8487 7905
8488 8030
8489 7890
8490 8017
8491 8176
8492 8065
8493 7876
8494 8181
8495 8068
8496 8222
8497 7997
8498 7997
8499 7996
8500 7985
8501 7867
8502 8333
8503 8060
8504 7982
8505 7867
8506 8001
8507 7868
8508 8000
8509 7795
8510 7793
8511 7849
8512 7792
8513 7794
8514 7983
8515 7932
8516 8001
8517 7994
8518 7824
8519 7849
8520 8119
8521 7868
8522 7794
8523 7849
8524 7792
8525 7850
8526 7982
8527 7932
8528 8119
8529 7957
8530 7983
8531 7850
8532 7792
8533 7850
8534 7982
8535 7794
8536 7982
8537 7862
8538 7894
8539 7824
8540 8142
8541 7831
8542 8000
8543 7934
8544 8122
8545 7907
8546 8017
8547 8053
8548 7982
8549 7922
8550 7995
8551 7996
8552 8028
8553 7858
8554 7982
8555 7966
8556 8209
8557 8123
8558 8195
8559 8063
8560 8028
8561 7851
8562 8016
8563 7807
8564 7805
8565 7859
8566 7983
8567 7795
8568 7974
8569 7946
8570 7792
8571 7863
8572 7991
8573 7983
8574 7962
8575 7926
8576 7985
8577 7849
8578 7792
8579 7849
8580 7823
8581 7889
8582 8169
8583 7897
8584 7982
8585 7849
8586 7982
8587 7849
8588 8001
8589 7867
8590 8121
8591 7918
8592 7857
8593 7850
8594 8064
8595 7908
8596 7845
8597 7852
8598 7796
8599 7849
8600 8120
8601 7906
8602 8163
8603 7972
8604 7792
8605 7794
8606 7792
8607 7878
8608 7984
8609 7976
8610 7853
8611 8039
8612 7857
8613 7793
8614 7978
8615 7923
8616 7984
8617 7796
8618 8121
8619 7990
8620 8054
8621 7909
8622 7872
8623 7935
8624 7983
8625 7794
8626 7880
8627 7923
8628 8182
8629 8011
8630 8202
8631 7943
8632 8002
8633 7867
8634 8000
8635 7867
8636 8000
8637 8054
8638 8174
8639 8055
8640 7839
8641 7849
8642 7983
8643 7794
8644 8007
8645 7881
8646 7982
8647 7923
8648 7990
8649 7994
8650 8221
8651 7990
8652 7792
8653 7794
8654 7983
8655 7850
8656 7983
8657 7889
8658 8023
8659 7846
8660 8038
8661 7906
8662 8177
8663 7931
8664 8183
8665 7838
8666 7805
8667 7807
8668 7795
8669 7848
8670 7791
8671 7849
8672 7982
8673 7794
8674 7982
8675 7977
8676 8101
8677 7849
8678 7792
8679 7794
8680 7982
8681 7848
8682 7792
8683 7849
8684 7792
8685 7850
8686 7809
8687 7960
8688 7838
8689 7810
8690 8000
8691 7810
8692 7984
8693 7803
8694 7985
8695 7796
8696 7982
8697 7849
8698 7791
8699 7849
8700 8007
8701 7923
8702 7989
8703 7905
8704 7855
8705 7889
8706 8064
8707 7849
8708 8153
8709 7840
8710 8015
8711 7966
8712 8096
8713 7961
8714 7986
8715 7795
8716 7794
8717 7793
8718 7981
8719 7893
8720 8021
8721 7908
8722 7837
8723 7890
8724 7855
8725 7996
8726 7998
8727 7873
8728 7797
8729 7852
8730 8168
8731 7986
8732 7982
8733 7850
8734 8119
8735 7905
8736 7855
8737 7793
8738 8182
8739 8011
8740 8031
8741 7923
8742 8185
8743 7922
8744 8015
8745 7998
8746 7792
8747 7966
8748 8236
8749 8016
8750 7839
8751 7948
8752 8000
8753 7948
8754 7817
8755 7824
8756 8163
8757 8281
8758 8178
8759 7938
8760 8206
8761 8071
8762 8188
8763 8071
8764 7812
8765 8038
8766 8171
8767 7877
8768 8198
8769 7921
8770 7809
8771 7865
8772 8018
8773 7925
8774 8030
8775 7901
8776 8171
8777 7810
8778 7982
8779 7849
8780 8119
8781 8075
8782 8227
8783 8063
8784 8155
8785 8009
8786 7839
8787 7849
8788 8309
8789 8034
8790 8333
8791 7936
8792 7808
8793 7849
8794 8015
8795 7940
8796 8387
8797 8012
8798 8119
8799 7897
8800 8153
8801 8153
8802 8138
8803 7915
8804 7857
8805 7908
8806 8032
8807 8192
8808 7819
8809 7847
8810 7816
8811 8015
8812 8209
8813 8224
8814 8042
8815 7868
8816 8000
8817 7867
8818 8020
8819 7810
8820 7982
8821 7944
8822 7810
8823 7850
8824 7983
8825 7889
8826 7855
8827 7850
8828 7963
8829 7990
8830 7996
8831 7803
8832 7983
8833 7851
8834 7793
8835 7849
8836 7983
8837 7849
8838 8163
8839 7992
8840 8044
8841 7924
8842 8221
8843 7982
8844 7793
8845 7923
8846 8368
8847 8090
8848 8363
8849 8013
8850 7996
8851 7824
8852 7985
8853 7880
8854 8405
8855 8020
8856 8023
8857 7881
8858 7809
8859 7811
8860 7978
8861 8188
8862 8194
8863 8390
8864 8177
8865 8219
8866 7824
8867 7831
8868 8046
8869 7807
8870 7996
8871 7863
8872 7998
8873 7864
8874 7843
8875 7909
8876 8189
8877 7825
8878 8163
8879 8008
8880 7851
8881 7880
8882 8002
8883 7941
8884 8219
8885 8051
8886 8000
8887 7794
8888 7982
8889 7849
8890 7857
8891 7908
8892 8029
8893 7793
8894 7961
8895 8134
8896 7895
8897 7806
8898 8158
8899 8086
8900 7884
8901 7859
8902 7839
8903 7940
8904 8029
8905 7903
8906 8082
8907 7917
8908 8033
8909 7992
8910 8003
8911 7865
8912 7998
8913 8005
8914 7846
8915 7906
8916 8005
8917 7934
8918 7892
8919 8094
8920 8134
8921 8008
8922 8034
8923 7890
8924 8170
8925 7865
8926 7982
8927 7849
8928 8119
8929 7808
8930 7876
8931 8032
8932 8028
8933 7803
8934 8005
8935 7850
8936 8118
8937 8017
8938 7984
8939 7794
8940 8165
8941 7987
8942 8119
8943 7825
8944 7793
8945 7850
8946 8161
8947 7964
8948 7984
8949 7890
8950 7837
8951 7850
8952 8164
8953 7985
8954 8309
8955 8443
8956 8175
8957 8089
8958 8094
8959 7935
8960 8211
8961 8121
8962 8042
8963 7809
8964 8137
8965 7829
8966 7809
8967 7860
8968 7984
8969 7969
8970 7878
8971 8008
8972 7988
8973 7935
8974 7794
8975 7797
8976 7984
8977 7992
8978 8028
8979 8066
8980 7995
8981 7986
8982 8164
8983 8179
8984 8223
8985 7938
8986 7792
8987 7868
8988 7982
8989 7850
8990 7841
8991 7794
8992 7792
8993 7850
8994 8164
8995 7938
8996 8001
8997 7812
8998 7985
8999 7794
9000 7982
9001 7851
9002 8164
9003 8003
9004 8000
9005 7812
9006 8000
9007 7851
9008 7984
9009 7996
9010 8165
9011 7928
9012 7796
9013 7796
9014 8121
9015 7832
9016 7984
9017 7795
9018 8122
9019 7907
9020 8039
9021 7998
9022 7987
9023 7851
9024 7792
9025 7849
9026 7983
9027 7794
9028 8120
9029 7809
9030 7984
9031 7849
9032 7983
9033 7851
9034 7983
9035 7992
9036 7835
9037 7859
9038 7793
9039 7873
9040 7852
9041 7883
9042 7814
9043 7812
9044 8139
9045 7917
9046 8383
9047 8150
9048 8222
9049 7949
9050 8138
9051 7957
9052 7982
9053 7868
9054 7792
9055 7794
9056 7984
9057 7849
9058 8140
9059 7811
9060 7985
9061 7797
9062 8164
9063 8051
9064 8188
9065 7925
9066 7846
9067 7812
9068 7841
9069 7923
9070 8197
9071 7925
9072 7805
9073 7859
9074 7983
9075 7932
9076 8153
9077 7992
9078 8051
9079 7794
9080 7983
9081 7889
9082 8030
9083 7932
9084 7983
9085 7908
9086 7855
9087 7811
9088 7858
9089 7924
9090 7807
9091 7794
9092 7792
9093 7850
9094 7822
9095 7849
9096 8006
9097 8329
9098 8021
9099 7794
9100 7982
9101 7850
9102 7840
9103 7900
9104 8002
9105 8006
9106 7792
9107 7794
9108 7982
9109 7849
9110 7987
9111 7849
9112 8138
9113 8052
9114 8169
9115 7864
9116 7982
9117 7849
9118 8138
9119 7853
9120 8311
9121 8407
9122 8082
9123 7807
9124 8014
9125 7938
9126 8122
9127 8071
9128 8169
9129 7947
9130 8008
9131 8205
9132 7983
9133 7850
9134 7983
9135 8037
9136 7855
9137 7890
9138 8030
9139 8036
9140 7990
9141 8052
9142 7828
9143 8195
9144 8016
9145 7863
9146 8016
9147 7867
9148 8016
9149 8037
9150 8369
9151 8067
9152 8119
9153 7992
9154 7855
9155 7889
9156 8030
9157 7867
9158 7983
9159 7794
9160 7845
9161 7904
9162 7830
9163 7882
9164 7983
9165 7849
9166 7982
9167 7849
9168 7792
9169 7794
9170 7982
9171 7849
9172 7823
9173 7846
9174 7968
9175 8218
9176 8030
9177 7987
9178 7983
9179 7941
9180 8346
9181 8081
9182 7824
9183 7872
9184 8166
9185 8123
9186 8055
9187 7858
9188 8189
9189 7859
9190 8021
9191 7885
9192 8003
9193 7941
9194 8030
9195 7988
9196 7794
9197 7924
9198 8037
9199 7853
9200 8089
9201 7893
9202 8164
9203 8110
9204 8123
9205 7984
9206 8186
9207 7838
9208 7982
9209 7922
9210 8027
9211 7890
9212 8018
9213 7924
9214 8133
9215 8066
9216 7839
9217 7925
9218 7815
9219 7968
9220 8017
9221 7930
9222 8311
9223 8240
9224 7868
9225 7850
9226 7983
9227 7850
9228 8015
9229 7909
9230 8024
9231 7907
9232 8098
9233 7803
9234 7792
9235 7794
9236 7982
9237 7850
9238 8015
9239 7890
9240 7811
9241 8024
9242 7809
9243 7794
9244 8119
9245 7830
9246 8008
9247 7934
9248 8002
9249 7913
9250 7872
9251 7908
9252 8132
9253 7907
9254 8015
9255 7985
9256 8309
9257 8128
9258 7820
9259 7967
9260 7838
9261 7849
9262 8119
9263 7809
9264 7792
9265 7849
9266 7816
9267 7881
9268 7983
9269 7888
9270 7822
9271 7794
9272 7982
9273 7889
9274 8171
9275 7940
9276 8120
9277 7946
9278 7982
9279 7849
9280 8119
9281 8005
9282 7823
9283 7853
9284 7982
9285 7794
9286 7983
9287 7867
9288 7984
9289 7850
9290 7875
9291 7867
9292 7792
9293 8036
9294 7836
9295 7794
9296 7792
9297 7849
9298 7982
9299 7889
9300 7855
9301 7990
9302 8119
9303 7864
9304 7792
9305 7849
9306 8016
9307 7849
9308 7991
9309 7981
9310 8079
9311 7849
9312 8004
9313 7851
9314 7794
9315 7867
9316 7982
9317 7867
9318 7982
9319 7849
9320 7792
9321 7853
9322 7984
9323 7794
9324 7994
9325 7795
9326 8119
9327 7906
9328 8014
9329 7925
9330 7792
9331 7850
9332 7840
9333 7811
9334 8057
9335 7914
9336 7837
9337 7834
9338 7963
9339 8117
9340 8066
9341 7953
9342 8139
9343 8024
9344 8022
9345 7846
9346 7983
9347 7794
9348 7982
9349 7850
9350 7982
9351 7890
9352 8051
9353 8038
9354 8169
9355 7947
9356 8119
9357 7906
9358 8030
9359 7908
9360 8002
9361 7890
9362 8205
9363 7992
9364 7855
9365 7868
9366 7977
9367 7825
9368 8001
9369 7941
9370 8341
9371 8009
9372 7983
9373 8037
9374 8179
9375 7992
9376 8008
9377 8005
9378 8199
9379 7990
9380 7795
9381 7849
9382 7982
9383 7849
9384 7983
9385 7862
9386 8198
9387 7920
9388 8164
9389 8144
9390 7991
9391 7921
9392 7962
9393 8084
9394 8034
9395 7942
9396 8000
9397 7867
9398 7982
9399 7849
9400 7982
9401 7850
9402 7982
9403 7849
9404 7841
9405 7794
9406 7982
9407 7794
9408 8119
9409 7865
9410 8126
9411 7941
9412 7793
9413 7849
9414 7983
9415 7853
9416 8163
9417 8062
9418 7820
9419 7849
9420 8123
9421 8053
9422 7837
9423 7850
9424 8153
9425 7808
9426 7821
9427 7795
9428 7983
9429 7849
9430 7823
9431 7931
9432 7982
9433 7849
9434 7792
9435 7849
9436 7982
9437 7889
9438 8069
9439 7908
9440 8034
9441 8056
9442 8033
9443 7850
9444 7982
9445 7794
9446 7982
9447 7793
9448 7793
9449 7880
9450 7990
9451 7988
9452 7805
9453 7863
9454 7794
9455 7863
9456 8194
9457 8029
9458 7855
9459 7850
9460 7983
9461 8035
9462 7837
9463 7990
9464 7982
9465 7850
9466 8309
9467 8001
9468 7983
9469 7849
9470 8120
9471 7962
9472 8164
9473 8224
9474 8198
9475 8281
9476 8228
9477 8058
9478 7795
9479 7795
9480 7982
9481 7848
9482 7792
9483 7810
9484 7962
9485 8013
9486 8046
9487 7880
9488 8002
9489 7794
9490 8153
9491 7808
9492 7791
9493 7849
9494 7792
9495 7849
9496 7982
9497 7793
9498 7982
9499 7849
9500 7982
9501 7928
9502 8166
9503 8187
9504 7837
9505 7849
9506 7982
9507 7850
9508 7982
9509 8006
9510 8119
9511 7906
9512 7871
9513 7850
9514 8138
9515 8095
9516 8000
9517 7892
9518 8169
9519 7868
9520 7984
9521 7812
9522 8000
9523 7849
9524 7983
9525 7850
9526 8187
9527 8191
9528 7832
9529 7862
9530 7807
9531 7863
9532 8134
9533 7959
9534 7816
9535 8038
9536 7831
9537 7923
9538 7997
9539 7904
9540 7849
9541 7866
9542 7987
9543 7850
9544 7982
9545 7794
9546 7792
9547 7795
9548 7982
9549 7890
9550 7855
9551 7889
9552 7998
9553 7794
9554 7792
9555 7888
9556 8024
9557 8113
9558 8377
9559 8385
9560 8348
9561 8211
9562 8018
9563 7867
9564 8000
9565 7811
9566 8000
9567 7868
9568 8154
9569 7906
9570 8136
9571 7982
9572 7895
9573 7863
9574 7997
9575 7864
9576 7794
9577 7862
9578 8167
9579 7951
9580 7881
9581 7863
9582 7984
9583 7796
9584 7983
9585 7850
9586 7840
9587 7849
9588 8119
9589 7940
9590 8153
9591 7865
9592 7983
9593 7866
9594 7982
9595 7850
9596 7982
9597 7851
9598 7816
9599 7954
9600 7872
9601 7849
9602 7982
9603 7976
9604 7829
9605 7922
9606 8028
9607 7864
9608 7997
9609 7805
9610 7984
9611 7894
9612 7872
9613 7909
9614 7837
9615 8035
9616 8041
9617 7959
9618 8210
9619 8063
9620 8028
9621 7861
9622 8004
9623 7986
9624 7982
9625 7890
9626 8022
9627 7991
9628 7794
9629 7863
9630 8016
9631 7993
9632 8182
9633 7996
9634 7835
9635 7863
9636 7794
9637 7923
9638 8008
9639 8001
9640 7823
9641 7849
9642 7983
9643 7794
9644 7982
9645 7849
9646 7982
9647 7794
9648 7982
9649 7794
9650 7792
9651 7794
9652 7962
9653 8031
9654 8178
9655 8084
9656 8000
9657 8002
9658 8001
9659 7849
9660 7983
9661 7849
9662 8163
9663 7991
9664 7985
9665 7849
9666 7792
9667 7923
9668 8058
9669 7877
9670 8000
9671 7868
9672 8000
9673 7867
9674 7982
9675 7849
9676 7792
9677 7850
9678 8163
9679 7985
9680 8119
9681 7808
9682 7793
9683 7863
9684 8199
9685 7984
9686 8153
9687 7946
9688 7982
9689 7923
9690 8015
9691 7848
9692 8164
9693 7985
9694 7962
9695 8224
9696 8024
9697 7903
9698 8003
9699 7849
9700 7792
9701 7872
9702 7982
9703 8036
9704 8035
9705 7849
9706 7792
9707 7850
9708 8023
9709 7856
9710 8163
9711 8061
9712 8195
9713 8251
9714 7895
9715 7899
9716 7869
9717 7831
9718 8033
9719 7907
9720 7847
9721 8089
9722 8016
9723 7881
9724 8002
9725 7811
9726 7982
9727 7850
9728 8119
9729 7906
9730 7887
9731 7926
9732 7792
9733 7803
9734 7962
9735 8062
9736 8024
9737 7818
9738 7998
9739 7882
9740 7989
9741 8038
9742 7855
9743 7932
9744 7793
9745 7849
9746 8016
9747 7794
9748 7983
9749 7794
9750 7792
9751 7849
9752 7793
9753 7794
9754 8000
9755 7880
9756 8016
9757 7811
9758 8007
9759 7829
9760 8167
9761 7924
9762 7857
9763 7924
9764 8016
9765 7923
9766 8363
9767 7948
9768 7996
9769 7862
9770 8168
9771 7916
9772 8169
9773 7830
9774 8120
9775 7898
9776 7982
9777 7849
9778 8153
9779 7899
9780 8015
9781 7925
9782 8028
9783 7859
9784 7983
9785 7850
9786 8164
9787 8116
9788 8031
9789 7977
9790 7873
9791 7923
9792 8028
9793 7863
9794 7996
9795 7807
9796 7996
9797 7899
9798 8018
9799 8014
9800 8346
9801 8048
9802 7998
9803 7985
9804 7983
9805 7949
9806 8143
9807 7842
9808 7809
9809 7850
9810 8000
9811 7868
9812 8138
9813 8071
9814 7871
9815 7849
9816 8153
9817 8075
9818 8033
9819 7810
9820 8013
9821 7926
9822 8028
9823 7820
9824 8001
9825 7850
9826 7793
9827 7794
9828 7983
9829 7850
9830 7983
9831 7795
9832 7981
9833 7850
9834 8000
9835 7889
9836 7845
9837 7811
9838 8001
9839 7889
9840 8170
9841 7830
9842 7983
9843 7850
9844 7983
9845 7889
9846 8136
9847 7825
9848 7982
9849 7923
9850 8017
9851 7794
9852 8120
9853 7939
9854 7824
9855 7849
9856 7864
9857 7909
9858 8170
9859 8071
9860 8028
9861 7859
9862 8119
9863 7897
9864 7793
9865 7849
9866 7792
9867 7849
9868 8187
9869 8081
9870 8349
9871 8239
9872 8009
9873 7825
9874 8001
9875 8039
9876 8172
9877 7905
9878 8221
9879 8069
9880 8199
9881 7920
9882 8029
9883 7933
9884 7984
9885 7889
9886 7872
9887 7890
9888 8052
9889 7849
9890 8163
9891 8037
9892 7849
9893 7806
9894 7996
9895 7899
9896 7998
9897 8000
9898 8015
9899 7862
9900 8027
9901 7858
9902 7982
9903 7794
9904 8163
9905 8144
9906 8195
9907 8145
9908 7877
9909 7819
9910 8000
9911 7891
9912 7991
9913 7865
9914 8000
9915 7923
9916 8167
9917 8017
9918 8015
9919 8065
9920 8365
9921 8162
9922 7871
9923 7866
9924 7805
9925 7807
9926 7794
9927 7850
9928 7983
9929 7923
9930 8028
9931 7863
9932 8186
9933 7934
9934 8034
9935 7992
9936 8150
9937 7865
9938 7851
9939 7868
9940 7795
9941 7793
9942 7792
9943 8073
9944 7828
9945 7795
9946 7792
9947 7849
9948 8172
9949 7923
9950 7828
9951 7907
9952 8189
9953 7808
9954 8119
9955 7991
9956 8057
9957 8048
9958 7962
9959 7985
9960 7992
9961 8059
9962 8449
9963 8221
9964 8196
9965 8203
9966 8302
9967 8035
9968 8086
9969 7812
9970 7801
9971 7951
9972 8126
9973 8057
9974 7981
9975 7986
9976 8164
9977 8054
9978 7793
9979 7852
9980 7791
9981 7794
9982 7983
9983 7811
9984 8154
9985 7947
9986 8010
9987 7895
9988 7984
9989 7998
9990 7882
9991 7803
9992 7982
9993 7869
9994 8156
9995 7950
9996 7985
9997 7850
9998 7792
9999 7868
# sum: 7964
# min: 7781
# max: 8492
# err cnt: 0
