0 108
1 10
2 10
3 10
4 10
5 10
6 19
7 20
8 11
9 10
10 10
11 10
12 9
13 10
14 10
15 10
16 10
17 10
18 42
19 11
20 9
21 10
22 9
23 9
24 10
25 9
26 10
27 10
28 9
29 9
30 9
31 9
32 9
33 10
34 9
35 9
36 17
37 10
38 9
39 10
40 9
41 9
42 39
43 10
44 9
45 9
46 9
47 9
48 9
49 9
50 9
51 9
52 9
53 12
54 11
55 9
56 9
57 9
58 9
59 10
60 17
61 10
62 17
63 10
64 9
65 9
66 10
67 10
68 10
69 9
70 9
71 9
72 9
73 10
74 9
75 10
76 10
77 9
78 9
79 9
80 10
81 9
82 9
83 9
84 9
85 9
86 9
87 10
88 9
89 9
90 9
91 10
92 10
93 10
94 9
95 9
96 9
97 10
98 10
99 9
100 9
101 9
102 9
103 10
104 9
105 10
106 9
107 9
108 9
109 9
110 9
111 9
112 9
113 9
114 9
115 9
116 9
117 9
118 9
119 9
120 9
121 9
122 9
123 10
124 10
125 9
126 10
127 10
128 9
129 10
130 9
131 10
132 10
133 9
134 9
135 10
136 10
137 9
138 9
139 9
140 18
141 10
142 9
143 9
144 9
145 10
146 9
147 9
148 9
149 9
150 9
151 10
152 10
153 9
154 9
155 9
156 9
157 9
158 9
159 9
160 19
161 11
162 10
163 10
164 9
165 9
166 9
167 9
168 10
169 10
170 9
171 10
172 10
173 10
174 9
175 9
176 10
177 9
178 10
179 9
180 17
181 11
182 9
183 10
184 9
185 9
186 9
187 9
188 10
189 10
190 9
191 9
192 10
193 9
194 9
195 9
196 17
197 10
198 10
199 9
200 9
201 10
202 10
203 10
204 10
205 10
206 10
207 9
208 9
209 9
210 9
211 9
212 9
213 9
214 9
215 10
216 9
217 9
218 9
219 10
220 9
221 9
222 9
223 9
224 10
225 10
226 9
227 9
228 9
229 9
230 9
231 9
232 17
233 10
234 9
235 9
236 9
237 9
238 9
239 9
240 9
241 9
242 9
243 9
244 16
245 10
246 9
247 9
248 9
249 9
250 11
251 11
252 9
253 9
254 9
255 9
256 9
257 10
258 9
259 9
260 11
261 11
262 9
263 10
264 10
265 9
266 9
267 9
268 9
269 9
270 9
271 10
272 9
273 9
274 9
275 9
276 9
277 9
278 17
279 11
280 17
281 19
282 10
283 9
284 9
285 9
286 10
287 9
288 9
289 10
290 9
291 9
292 9
293 9
294 9
295 9
296 9
297 9
298 9
299 9
300 11
301 11
302 9
303 9
304 9
305 10
306 45
307 19
308 10
309 9
310 9
311 9
312 9
313 10
314 10
315 9
316 9
317 10
318 10
319 10
320 16
321 10
322 9
323 9
324 9
325 9
326 9
327 10
328 16
329 10
330 10
331 9
332 9
333 9
334 10
335 9
336 9
337 64
338 9
339 10
340 9
341 9
342 9
343 10
344 9
345 9
346 9
347 10
348 16
349 10
350 9
351 9
352 9
353 9
354 9
355 10
356 9
357 9
358 17
359 10
360 9
361 9
362 9
363 9
364 9
365 9
366 10
367 9
368 9
369 9
370 9
371 9
372 9
373 9
374 10
375 9
376 11
377 11
378 10
379 9
380 9
381 10
382 9
383 10
384 9
385 9
386 17
387 10
388 9
389 9
390 9
391 9
392 9
393 10
394 9
395 9
396 10
397 9
398 9
399 10
400 9
401 9
402 9
403 9
404 9
405 10
406 10
407 10
408 9
409 10
410 9
411 9
412 9
413 9
414 9
415 9
416 9
417 9
418 9
419 9
420 9
421 9
422 9
423 9
424 9
425 9
426 9
427 9
428 41
429 10
430 10
431 9
432 9
433 9
434 9
435 9
436 9
437 9
438 9
439 9
440 9
441 10
442 9
443 9
444 9
445 9
446 10
447 10
448 9
449 9
450 30
451 10
452 10
453 9
454 9
455 9
456 9
457 9
458 9
459 9
460 10
461 9
462 9
463 10
464 9
465 9
466 9
467 10
468 10
469 9
470 9
471 10
472 9
473 9
474 9
475 9
476 10
477 10
478 9
479 9
480 9
481 9
482 9
483 10
484 10
485 9
486 9
487 9
488 10
489 9
490 10
491 9
492 9
493 10
494 9
495 9
496 10
497 10
498 17
499 10
500 9
501 9
502 10
503 9
504 9
505 10
506 10
507 9
508 19
509 10
510 17
511 10
512 9
513 9
514 9
515 9
516 11
517 11
518 9
519 9
520 9
521 9
522 9
523 9
524 10
525 9
526 9
527 10
528 9
529 9
530 10
531 9
532 17
533 10
534 9
535 9
536 9
537 10
538 9
539 9
540 30
541 10
542 9
543 9
544 10
545 10
546 10
547 9
548 9
549 10
550 9
551 9
552 10
553 10
554 10
555 9
556 30
557 10
558 10
559 10
560 41
561 10
562 10
563 10
564 10
565 9
566 10
567 10
568 9
569 9
570 9
571 10
572 37
573 10
574 38
575 26
576 39
577 10
578 10
579 10
580 10
581 9
582 71
583 73
584 29
585 10
586 9
587 9
588 68
589 10
590 9
591 10
592 10
593 9
594 9
595 10
596 52
597 10
598 9
599 9
600 9
601 10
602 18
603 10
604 16
605 10
606 17
607 10
608 9
609 10
610 10
611 10
612 9
613 9
614 9
615 10
616 9
617 9
618 9
619 9
620 9
621 10
622 9
623 9
624 17
625 10
626 9
627 10
628 9
629 9
630 9
631 10
632 9
633 10
634 9
635 10
636 10
637 10
638 10
639 9
640 10
641 9
642 10
643 10
644 9
645 10
646 9
647 9
648 17
649 10
650 10
651 10
652 9
653 10
654 16
655 10
656 9
657 10
658 10
659 10
660 16
661 10
662 10
663 9
664 10
665 9
666 10
667 10
668 9
669 10
670 10
671 9
672 10
673 10
674 10
675 9
676 9
677 10
678 16
679 10
680 10
681 10
682 10
683 10
684 10
685 10
686 10
687 9
688 10
689 10
690 10
691 10
692 9
693 9
694 9
695 10
696 10
697 10
698 10
699 10
700 17
701 10
702 9
703 10
704 10
705 10
706 11
707 10
708 10
709 10
710 9
711 9
712 9
713 9
714 9
715 9
716 9
717 9
718 10
719 9
720 11
721 11
722 9
723 10
724 10
725 9
726 9
727 9
728 9
729 9
730 9
731 9
732 17
733 11
734 9
735 10
736 9
737 9
738 9
739 10
740 9
741 9
742 10
743 9
744 9
745 11
746 11
747 9
748 9
749 9
750 9
751 10
752 10
753 10
754 71
755 10
756 11
757 10
758 9
759 9
760 10
761 10
762 17
763 11
764 10
765 10
766 10
767 9
768 10
769 10
770 10
771 10
772 10
773 10
774 9
775 10
776 10
777 9
778 10
779 10
780 9
781 10
782 17
783 19
784 10
785 10
786 10
787 10
788 10
789 9
790 9
791 9
792 11
793 12
794 39
795 10
796 10
797 10
798 10
799 9
800 9
801 10
802 10
803 9
804 10
805 10
806 9
807 10
808 10
809 11
810 11
811 10
812 9
813 10
814 9
815 9
816 9
817 9
818 10
819 10
820 9
821 10
822 10
823 10
824 10
825 9
826 9
827 9
828 38
829 70
830 10
831 10
832 29
833 11
834 9
835 10
836 9
837 9
838 9
839 10
840 17
841 10
842 10
843 10
844 10
845 10
846 9
847 10
848 9
849 10
850 10
851 10
852 10
853 9
854 9
855 10
856 10
857 9
858 9
859 10
860 9
861 10
862 18
863 11
864 9
865 9
866 16
867 10
868 9
869 10
870 10
871 10
872 9
873 10
874 10
875 9
876 9
877 9
878 17
879 10
880 10
881 10
882 10
883 9
884 10
885 9
886 10
887 10
888 21
889 10
890 9
891 11
892 11
893 9
894 10
895 9
896 10
897 10
898 9
899 11
900 17
901 10
902 62
903 19
904 17
905 20
906 15
907 15
908 15
909 9
910 29
911 9
912 9
913 10
914 10
915 10
916 9
917 9
918 9
919 9
920 37
921 11
922 10
923 10
924 10
925 10
926 10
927 10
928 10
929 10
930 10
931 10
932 10
933 10
934 10
935 10
936 10
937 10
938 10
939 10
940 10
941 9
942 10
943 10
944 10
945 10
946 10
947 9
948 10
949 10
950 10
951 9
952 10
953 9
954 9
955 9
956 10
957 10
958 18
959 11
960 10
961 10
962 10
963 10
964 10
965 10
966 10
967 10
968 10
969 10
970 17
971 11
972 10
973 10
974 10
975 10
976 10
977 10
978 10
979 10
980 20
981 10
982 18
983 10
984 10
985 10
986 10
987 10
988 10
989 10
990 19
991 10
992 10
993 10
994 10
995 10
996 10
997 10
998 10
999 12
1000 17
1001 11
1002 38
1003 73
1004 18
1005 10
1006 10
1007 10
1008 17
1009 12
1010 11
1011 10
1012 10
1013 10
1014 10
1015 10
1016 10
1017 10
1018 10
1019 10
1020 10
1021 10
1022 17
1023 11
1024 10
1025 10
1026 10
1027 10
1028 10
1029 9
1030 10
1031 10
1032 10
1033 10
1034 10
1035 10
1036 10
1037 10
1038 10
1039 10
1040 10
1041 10
1042 9
1043 10
1044 10
1045 10
1046 17
1047 10
1048 10
1049 10
1050 9
1051 10
1052 10
1053 10
1054 10
1055 10
1056 10
1057 10
1058 10
1059 10
1060 17
1061 11
1062 9
1063 9
1064 9
1065 10
1066 29
1067 10
1068 10
1069 10
1070 10
1071 10
1072 9
1073 9
1074 9
1075 10
1076 9
1077 10
1078 10
1079 10
1080 10
1081 9
1082 9
1083 10
1084 10
1085 10
1086 10
1087 10
1088 9
1089 9
1090 9
1091 10
1092 10
1093 9
1094 11
1095 11
1096 10
1097 10
1098 10
1099 10
1100 10
1101 10
1102 9
1103 10
1104 10
1105 10
1106 10
1107 10
1108 9
1109 10
1110 9
1111 10
1112 10
1113 10
1114 10
1115 9
1116 9
1117 11
1118 17
1119 10
1120 17
1121 10
1122 17
1123 10
1124 10
1125 10
1126 10
1127 9
1128 9
1129 10
1130 17
1131 10
1132 10
1133 9
1134 10
1135 10
1136 10
1137 9
1138 9
1139 10
1140 11
1141 11
1142 10
1143 9
1144 10
1145 9
1146 8
1147 9
1148 10
1149 10
1150 10
1151 9
1152 9
1153 9
1154 10
1155 9
1156 9
1157 10
1158 10
1159 9
1160 9
1161 10
1162 9
1163 10
1164 17
1165 11
1166 17
1167 10
1168 10
1169 9
1170 17
1171 10
1172 10
1173 9
1174 9
1175 9
1176 9
1177 10
1178 10
1179 10
1180 10
1181 10
1182 10
1183 9
1184 10
1185 10
1186 9
1187 10
1188 10
1189 10
1190 10
1191 10
1192 10
1193 10
1194 10
1195 9
1196 9
1197 9
1198 10
1199 10
1200 9
1201 10
1202 10
1203 10
1204 9
1205 9
1206 9
1207 9
1208 10
1209 9
1210 10
1211 10
1212 9
1213 9
1214 10
1215 10
1216 10
1217 10
1218 10
1219 10
1220 10
1221 10
1222 10
1223 10
1224 9
1225 10
1226 9
1227 9
1228 10
1229 9
1230 10
1231 10
1232 10
1233 10
1234 10
1235 9
1236 37
1237 10
1238 9
1239 9
1240 9
1241 9
1242 9
1243 9
1244 17
1245 11
1246 10
1247 10
1248 10
1249 10
1250 10
1251 10
1252 17
1253 10
1254 9
1255 9
1256 10
1257 9
1258 9
1259 10
1260 9
1261 9
1262 9
1263 9
1264 9
1265 10
1266 9
1267 10
1268 10
1269 9
1270 9
1271 9
1272 10
1273 9
1274 9
1275 10
1276 9
1277 9
1278 10
1279 10
1280 10
1281 9
1282 10
1283 10
1284 10
1285 10
1286 10
1287 10
1288 10
1289 10
1290 24
1291 11
1292 10
1293 9
1294 9
1295 10
1296 10
1297 10
1298 10
1299 9
1300 9
1301 10
1302 9
1303 10
1304 10
1305 10
1306 10
1307 9
1308 9
1309 9
1310 9
1311 9
1312 9
1313 9
1314 9
1315 9
1316 9
1317 9
1318 9
1319 9
1320 38
1321 9
1322 9
1323 9
1324 9
1325 9
1326 38
1327 70
1328 9
1329 9
1330 9
1331 9
1332 10
1333 11
1334 11
1335 10
1336 11
1337 11
1338 9
1339 9
1340 10
1341 9
1342 10
1343 10
1344 10
1345 10
1346 10
1347 10
1348 10
1349 10
1350 10
1351 10
1352 10
1353 10
1354 17
1355 10
1356 17
1357 10
1358 9
1359 9
1360 10
1361 9
1362 10
1363 10
1364 10
1365 9
1366 10
1367 10
1368 10
1369 10
1370 9
1371 9
1372 10
1373 9
1374 10
1375 10
1376 9
1377 9
1378 9
1379 10
1380 10
1381 10
1382 10
1383 10
1384 10
1385 9
1386 9
1387 10
1388 9
1389 9
1390 10
1391 10
1392 10
1393 10
1394 10
1395 9
1396 10
1397 10
1398 9
1399 9
1400 9
1401 10
1402 9
1403 9
1404 9
1405 9
1406 10
1407 10
1408 9
1409 10
1410 9
1411 9
1412 9
1413 10
1414 10
1415 10
1416 10
1417 9
1418 17
1419 10
1420 17
1421 10
1422 10
1423 10
1424 9
1425 9
1426 10
1427 9
1428 10
1429 10
1430 10
1431 9
1432 10
1433 10
1434 10
1435 10
1436 10
1437 10
1438 10
1439 10
1440 9
1441 10
1442 10
1443 9
1444 9
1445 9
1446 9
1447 10
1448 10
1449 10
1450 9
1451 10
1452 9
1453 10
1454 18
1455 10
1456 9
1457 9
1458 18
1459 10
1460 17
1461 10
1462 10
1463 9
1464 9
1465 9
1466 9
1467 9
1468 9
1469 10
1470 9
1471 9
1472 17
1473 10
1474 9
1475 10
1476 9
1477 11
1478 11
1479 9
1480 17
1481 10
1482 10
1483 9
1484 9
1485 9
1486 9
1487 9
1488 9
1489 9
1490 10
1491 9
1492 16
1493 10
1494 10
1495 10
1496 10
1497 9
1498 10
1499 10
1500 10
1501 10
1502 9
1503 9
1504 10
1505 10
1506 10
1507 10
1508 10
1509 9
1510 9
1511 9
1512 10
1513 10
1514 9
1515 10
1516 9
1517 10
1518 16
1519 11
1520 10
1521 10
1522 10
1523 10
1524 10
1525 10
1526 10
1527 10
1528 10
1529 10
1530 10
1531 10
1532 9
1533 8
1534 10
1535 10
1536 16
1537 10
1538 10
1539 10
1540 9
1541 10
1542 9
1543 9
1544 10
1545 9
1546 9
1547 9
1548 9
1549 10
1550 9
1551 10
1552 10
1553 10
1554 9
1555 9
1556 10
1557 10
1558 10
1559 10
1560 10
1561 9
1562 9
1563 10
1564 9
1565 9
1566 10
1567 10
1568 9
1569 9
1570 10
1571 10
1572 10
1573 9
1574 10
1575 10
1576 9
1577 9
1578 10
1579 9
1580 10
1581 9
1582 9
1583 10
1584 9
1585 10
1586 9
1587 9
1588 10
1589 9
1590 9
1591 9
1592 11
1593 11
1594 9
1595 10
1596 37
1597 9
1598 10
1599 9
1600 10
1601 10
1602 10
1603 10
1604 9
1605 9
1606 19
1607 11
1608 10
1609 10
1610 9
1611 10
1612 9
1613 10
1614 10
1615 10
1616 10
1617 10
1618 10
1619 9
1620 9
1621 10
1622 9
1623 10
1624 10
1625 9
1626 10
1627 10
1628 10
1629 10
1630 9
1631 10
1632 10
1633 10
1634 9
1635 10
1636 9
1637 10
1638 9
1639 9
1640 9
1641 9
1642 18
1643 10
1644 10
1645 9
1646 16
1647 10
1648 10
1649 10
1650 17
1651 10
1652 10
1653 9
1654 10
1655 9
1656 17
1657 10
1658 9
1659 10
1660 9
1661 10
1662 10
1663 9
1664 10
1665 10
1666 10
1667 10
1668 10
1669 10
1670 9
1671 9
1672 9
1673 10
1674 9
1675 10
1676 10
1677 10
1678 10
1679 10
1680 10
1681 10
1682 11
1683 8
1684 9
1685 9
1686 10
1687 10
1688 9
1689 10
1690 10
1691 10
1692 11
1693 11
1694 10
1695 10
1696 10
1697 10
1698 10
1699 9
1700 10
1701 10
1702 9
1703 10
1704 10
1705 9
1706 18
1707 10
1708 10
1709 10
1710 9
1711 10
1712 10
1713 10
1714 71
1715 71
1716 10
1717 10
1718 10
1719 10
1720 10
1721 10
1722 10
1723 10
1724 10
1725 10
1726 10
1727 10
1728 9
1729 9
1730 9
1731 10
1732 17
1733 10
1734 10
1735 10
1736 10
1737 10
1738 10
1739 9
1740 9
1741 10
1742 9
1743 10
1744 9
1745 10
1746 9
1747 9
1748 10
1749 10
1750 17
1751 10
1752 10
1753 10
1754 9
1755 9
1756 9
1757 9
1758 9
1759 9
1760 9
1761 9
1762 9
1763 9
1764 9
1765 9
1766 9
1767 9
1768 9
1769 9
1770 9
1771 9
1772 9
1773 9
1774 9
1775 9
1776 9
1777 9
1778 9
1779 10
1780 9
1781 11
1782 11
1783 10
1784 10
1785 10
1786 10
1787 9
1788 10
1789 10
1790 10
1791 10
1792 10
1793 10
1794 9
1795 10
1796 19
1797 10
1798 10
1799 10
1800 10
1801 10
1802 52
1803 10
1804 10
1805 10
1806 10
1807 9
1808 69
1809 10
1810 10
1811 10
1812 10
1813 10
1814 9
1815 9
1816 10
1817 10
1818 69
1819 9
1820 10
1821 10
1822 16
1823 77
1824 30
1825 10
1826 10
1827 10
1828 29
1829 10
1830 10
1831 10
1832 9
1833 9
1834 10
1835 10
1836 10
1837 10
1838 10
1839 10
1840 10
1841 9
1842 16
1843 10
1844 10
1845 9
1846 10
1847 9
1848 10
1849 10
1850 10
1851 10
1852 9
1853 10
1854 10
1855 9
1856 9
1857 10
1858 18
1859 11
1860 46
1861 10
1862 9
1863 10
1864 10
1865 10
1866 10
1867 10
1868 10
1869 9
1870 10
1871 9
1872 10
1873 10
1874 10
1875 10
1876 17
1877 10
1878 10
1879 10
1880 10
1881 11
1882 11
1883 10
1884 10
1885 10
1886 10
1887 9
1888 10
1889 10
1890 17
1891 10
1892 10
1893 10
1894 10
1895 10
1896 10
1897 10
1898 17
1899 10
1900 10
1901 9
1902 10
1903 10
1904 10
1905 10
1906 10
1907 10
1908 13
1909 43
1910 16
1911 19
1912 13
1913 17
1914 16
1915 14
1916 9
1917 9
1918 39
1919 10
1920 9
1921 10
1922 10
1923 10
1924 10
1925 10
1926 10
1927 10
1928 10
1929 10
1930 10
1931 10
1932 10
1933 9
1934 10
1935 10
1936 10
1937 10
1938 10
1939 10
1940 10
1941 10
1942 10
1943 10
1944 10
1945 10
1946 9
1947 10
1948 10
1949 9
1950 9
1951 10
1952 10
1953 10
1954 10
1955 10
1956 10
1957 10
1958 9
1959 12
1960 11
1961 10
1962 10
1963 10
1964 10
1965 10
1966 10
1967 10
1968 10
1969 10
1970 11
1971 11
1972 9
1973 10
1974 10
1975 10
1976 10
1977 10
1978 10
1979 10
1980 10
1981 10
1982 10
1983 10
1984 10
1985 10
1986 10
1987 10
1988 9
1989 10
1990 10
1991 10
1992 10
1993 10
1994 10
1995 10
1996 20
1997 10
1998 10
1999 10
2000 10
2001 10
2002 19
2003 11
2004 10
2005 10
2006 10
2007 10
2008 18
2009 74
2010 10
2011 10
2012 10
2013 10
2014 10
2015 10
2016 10
2017 10
2018 10
2019 10
2020 10
2021 10
2022 9
2023 10
2024 10
2025 10
2026 30
2027 11
2028 10
2029 10
2030 10
2031 10
2032 10
2033 10
2034 11
2035 10
2036 11
2037 10
2038 24
2039 12
2040 10
2041 10
2042 10
2043 10
2044 18
2045 11
2046 10
2047 10
2048 10
2049 10
2050 9
2051 10
2052 10
2053 9
2054 10
2055 10
2056 10
2057 10
2058 10
2059 10
2060 10
2061 10
2062 10
2063 10
2064 72
2065 10
2066 9
2067 10
2068 10
2069 10
2070 10
2071 10
2072 10
2073 10
2074 9
2075 10
2076 9
2077 10
2078 10
2079 10
2080 10
2081 10
2082 10
2083 10
2084 10
2085 10
2086 10
2087 10
2088 9
2089 10
2090 10
2091 10
2092 10
2093 9
2094 10
2095 10
2096 10
2097 10
2098 10
2099 10
2100 10
2101 10
2102 17
2103 11
2104 72
2105 70
2106 9
2107 10
2108 9
2109 9
2110 9
2111 9
2112 9
2113 10
2114 9
2115 10
2116 10
2117 9
2118 9
2119 9
2120 9
2121 9
2122 9
2123 9
2124 17
2125 20
2126 11
2127 10
2128 10
2129 9
2130 9
2131 9
2132 10
2133 9
2134 10
2135 9
2136 9
2137 9
2138 9
2139 9
2140 9
2141 9
2142 10
2143 9
2144 9
2145 9
2146 10
2147 9
2148 10
2149 9
2150 10
2151 10
2152 10
2153 10
2154 9
2155 10
2156 17
2157 10
2158 9
2159 9
2160 9
2161 9
2162 17
2163 10
2164 10
2165 9
2166 16
2167 10
2168 9
2169 9
2170 9
2171 10
2172 10
2173 9
2174 9
2175 9
2176 9
2177 9
2178 10
2179 10
2180 11
2181 11
2182 10
2183 9
2184 9
2185 9
2186 10
2187 9
2188 9
2189 9
2190 9
2191 9
2192 9
2193 10
2194 9
2195 9
2196 10
2197 10
2198 10
2199 9
2200 10
2201 9
2202 10
2203 10
2204 9
2205 9
2206 10
2207 9
2208 10
2209 10
2210 9
2211 9
2212 9
2213 10
2214 9
2215 9
2216 9
2217 10
2218 9
2219 9
2220 9
2221 9
2222 9
2223 9
2224 38
2225 9
2226 10
2227 9
2228 9
2229 9
2230 9
2231 9
2232 10
2233 9
2234 9
2235 10
2236 9
2237 9
2238 17
2239 10
2240 9
2241 9
2242 16
2243 10
2244 9
2245 9
2246 9
2247 9
2248 9
2249 9
2250 9
2251 9
2252 39
2253 70
2254 9
2255 9
2256 38
2257 9
2258 9
2259 9
2260 9
2261 9
2262 17
2263 10
2264 9
2265 10
2266 9
2267 10
2268 9
2269 10
2270 9
2271 9
2272 10
2273 10
2274 9
2275 10
2276 9
2277 10
2278 11
2279 11
2280 69
2281 9
2282 9
2283 9
2284 9
2285 9
2286 17
2287 10
2288 9
2289 9
2290 9
2291 10
2292 9
2293 9
2294 9
2295 9
2296 9
2297 9
2298 9
2299 9
2300 9
2301 10
2302 9
2303 9
2304 10
2305 10
2306 10
2307 9
2308 10
2309 9
2310 9
2311 10
2312 9
2313 9
2314 9
2315 9
2316 9
2317 9
2318 9
2319 9
2320 9
2321 9
2322 9
2323 9
2324 29
2325 10
2326 9
2327 9
2328 9
2329 9
2330 9
2331 9
2332 9
2333 9
2334 10
2335 9
2336 38
2337 9
2338 17
2339 10
2340 9
2341 9
2342 9
2343 9
2344 9
2345 9
2346 9
2347 10
2348 9
2349 8
2350 10
2351 9
2352 9
2353 9
2354 9
2355 9
2356 9
2357 9
2358 9
2359 9
2360 10
2361 9
2362 9
2363 10
2364 9
2365 9
2366 9
2367 9
2368 9
2369 9
2370 9
2371 9
2372 10
2373 9
2374 17
2375 10
2376 10
2377 10
2378 9
2379 9
2380 9
2381 9
2382 9
2383 9
2384 9
2385 10
2386 9
2387 9
2388 9
2389 9
2390 9
2391 9
2392 37
2393 9
2394 9
2395 9
2396 18
2397 9
2398 9
2399 9
2400 9
2401 10
2402 10
2403 10
2404 17
2405 10
2406 10
2407 9
2408 9
2409 10
2410 9
2411 9
2412 9
2413 9
2414 10
2415 10
2416 9
2417 9
2418 9
2419 10
2420 10
2421 9
2422 25
2423 11
2424 9
2425 9
2426 9
2427 9
2428 11
2429 11
2430 22
2431 10
2432 9
2433 9
2434 9
2435 10
2436 10
2437 9
2438 9
2439 9
2440 17
2441 10
2442 10
2443 9
2444 9
2445 10
2446 10
2447 9
2448 9
2449 9
2450 9
2451 9
2452 69
2453 9
2454 9
2455 9
2456 9
2457 9
2458 9
2459 9
2460 10
2461 9
2462 9
2463 9
2464 9
2465 9
2466 9
2467 9
2468 10
2469 9
2470 9
2471 10
2472 9
2473 9
2474 9
2475 9
2476 10
2477 9
2478 10
2479 9
2480 41
2481 10
2482 9
2483 9
2484 9
2485 10
2486 38
2487 9
2488 10
2489 9
2490 17
2491 19
2492 10
2493 9
2494 10
2495 10
2496 10
2497 10
2498 10
2499 9
2500 9
2501 10
2502 10
2503 10
2504 9
2505 9
2506 9
2507 10
2508 9
2509 10
2510 9
2511 9
2512 9
2513 9
2514 9
2515 9
2516 10
2517 9
2518 9
2519 10
2520 9
2521 9
2522 9
2523 9
2524 9
2525 9
2526 9
2527 9
2528 9
2529 9
2530 9
2531 9
2532 10
2533 9
2534 10
2535 9
2536 9
2537 9
2538 9
2539 9
2540 9
2541 9
2542 30
2543 31
2544 11
2545 10
2546 9
2547 9
2548 17
2549 10
2550 17
2551 10
2552 10
2553 10
2554 10
2555 10
2556 10
2557 11
2558 17
2559 20
2560 11
2561 10
2562 10
2563 10
2564 29
2565 11
2566 10
2567 10
2568 9
2569 9
2570 10
2571 10
2572 10
2573 9
2574 9
2575 9
2576 10
2577 10
2578 9
2579 10
2580 10
2581 9
2582 9
2583 10
2584 10
2585 10
2586 10
2587 10
2588 21
2589 10
2590 10
2591 10
2592 10
2593 10
2594 10
2595 10
2596 10
2597 10
2598 10
2599 10
2600 9
2601 10
2602 10
2603 10
2604 9
2605 10
2606 11
2607 10
2608 9
2609 10
2610 9
2611 10
2612 38
2613 10
2614 10
2615 10
2616 9
2617 10
2618 10
2619 10
2620 9
2621 9
2622 10
2623 9
2624 9
2625 10
2626 42
2627 11
2628 10
2629 10
2630 68
2631 10
2632 30
2633 11
2634 10
2635 10
2636 10
2637 10
2638 10
2639 10
2640 10
2641 10
2642 10
2643 10
2644 9
2645 10
2646 9
2647 10
2648 10
2649 10
2650 21
2651 11
2652 10
2653 9
2654 30
2655 27
2656 10
2657 10
2658 38
2659 70
2660 10
2661 10
2662 9
2663 9
2664 10
2665 9
2666 9
2667 9
2668 9
2669 9
2670 9
2671 9
2672 9
2673 10
2674 9
2675 10
2676 68
2677 9
2678 9
2679 9
2680 9
2681 9
2682 9
2683 9
2684 9
2685 10
2686 9
2687 9
2688 9
2689 10
2690 9
2691 9
2692 9
2693 9
2694 9
2695 9
2696 10
2697 9
2698 9
2699 9
2700 10
2701 10
2702 10
2703 10
2704 9
2705 9
2706 60
2707 9
2708 37
2709 9
2710 9
2711 9
2712 30
2713 27
2714 10
2715 9
2716 17
2717 10
2718 17
2719 10
2720 9
2721 9
2722 9
2723 9
2724 9
2725 9
2726 9
2727 9
2728 9
2729 9
2730 9
2731 9
2732 17
2733 10
2734 10
2735 10
2736 10
2737 10
2738 9
2739 9
2740 9
2741 10
2742 9
2743 10
2744 9
2745 10
2746 9
2747 10
2748 39
2749 10
2750 9
2751 9
2752 46
2753 10
2754 10
2755 10
2756 10
2757 10
2758 10
2759 12
2760 11
2761 10
2762 10
2763 10
2764 10
2765 10
2766 10
2767 10
2768 10
2769 10
2770 17
2771 11
2772 10
2773 10
2774 10
2775 10
2776 10
2777 10
2778 10
2779 10
2780 10
2781 10
2782 17
2783 11
2784 10
2785 10
2786 10
2787 10
2788 10
2789 9
2790 9
2791 9
2792 9
2793 9
2794 10
2795 9
2796 30
2797 11
2798 10
2799 9
2800 10
2801 9
2802 17
2803 19
2804 17
2805 19
2806 10
2807 9
2808 9
2809 9
2810 9
2811 9
2812 9
2813 9
2814 9
2815 9
2816 9
2817 9
2818 9
2819 9
2820 10
2821 9
2822 10
2823 9
2824 9
2825 9
2826 9
2827 10
2828 9
2829 10
2830 19
2831 11
2832 9
2833 9
2834 17
2835 10
2836 9
2837 9
2838 9
2839 9
2840 10
2841 9
2842 9
2843 9
2844 9
2845 10
2846 9
2847 9
2848 9
2849 10
2850 10
2851 9
2852 16
2853 10
2854 9
2855 9
2856 10
2857 9
2858 22
2859 11
2860 9
2861 9
2862 9
2863 11
2864 11
2865 10
2866 10
2867 10
2868 9
2869 9
2870 37
2871 9
2872 10
2873 9
2874 9
2875 9
2876 17
2877 11
2878 9
2879 9
2880 10
2881 10
2882 10
2883 10
2884 9
2885 9
2886 10
2887 10
2888 9
2889 10
2890 9
2891 9
2892 10
2893 9
2894 17
2895 10
2896 9
2897 10
2898 9
2899 9
2900 10
2901 10
2902 9
2903 9
2904 9
2905 10
2906 10
2907 10
2908 9
2909 10
2910 9
2911 10
2912 10
2913 9
2914 9
2915 33
2916 18
2917 15
2918 15
2919 15
2920 16
2921 13
2922 9
2923 9
2924 33
2925 23
2926 11
2927 10
2928 9
2929 9
2930 9
2931 10
2932 9
2933 9
2934 10
2935 10
2936 20
2937 11
2938 10
2939 10
2940 9
2941 10
2942 9
2943 10
2944 18
2945 11
2946 9
2947 9
2948 9
2949 10
2950 18
2951 11
2952 10
2953 9
2954 9
2955 10
2956 9
2957 10
2958 9
2959 9
2960 9
2961 9
2962 9
2963 10
2964 9
2965 9
2966 9
2967 10
2968 9
2969 10
2970 9
2971 10
2972 9
2973 10
2974 10
2975 9
2976 9
2977 10
2978 10
2979 10
2980 10
2981 10
2982 18
2983 11
2984 9
2985 10
2986 10
2987 10
2988 10
2989 10
2990 9
2991 9
2992 9
2993 10
2994 10
2995 9
2996 9
2997 9
2998 9
2999 9
3000 9
3001 9
3002 9
3003 9
3004 9
3005 10
3006 10
3007 10
3008 19
3009 11
3010 9
3011 10
3012 9
3013 9
3014 9
3015 10
3016 9
3017 9
3018 9
3019 9
3020 9
3021 9
3022 10
3023 9
3024 10
3025 9
3026 10
3027 9
3028 9
3029 10
3030 10
3031 10
3032 9
3033 9
3034 9
3035 10
3036 9
3037 9
3038 18
3039 11
3040 9
3041 9
3042 9
3043 9
3044 9
3045 9
3046 9
3047 10
3048 9
3049 9
3050 9
3051 9
3052 9
3053 9
3054 10
3055 9
3056 10
3057 10
3058 9
3059 9
3060 10
3061 9
3062 9
3063 10
3064 9
3065 9
3066 9
3067 9
3068 9
3069 9
3070 9
3071 9
3072 9
3073 9
3074 9
3075 9
3076 18
3077 11
3078 53
3079 10
3080 10
3081 9
3082 71
3083 9
3084 9
3085 10
3086 9
3087 9
3088 10
3089 12
3090 11
3091 10
3092 9
3093 9
3094 42
3095 10
3096 18
3097 10
3098 9
3099 10
3100 9
3101 10
3102 9
3103 9
3104 11
3105 11
3106 10
3107 10
3108 9
3109 9
3110 9
3111 9
3112 10
3113 9
3114 9
3115 9
3116 9
3117 9
3118 9
3119 10
3120 9
3121 9
3122 9
3123 9
3124 9
3125 9
3126 9
3127 9
3128 17
3129 11
3130 9
3131 9
3132 9
3133 11
3134 19
3135 11
3136 9
3137 9
3138 9
3139 9
3140 9
3141 9
3142 9
3143 9
3144 17
3145 10
3146 9
3147 9
3148 9
3149 9
3150 9
3151 9
3152 9
3153 9
3154 9
3155 10
3156 9
3157 9
3158 9
3159 9
3160 9
3161 9
3162 9
3163 9
3164 9
3165 9
3166 9
3167 9
3168 18
3169 11
3170 9
3171 9
3172 9
3173 9
3174 9
3175 9
3176 9
3177 9
3178 9
3179 9
3180 9
3181 9
3182 9
3183 9
3184 9
3185 9
3186 17
3187 20
3188 10
3189 9
3190 37
3191 11
3192 11
3193 9
3194 9
3195 9
3196 17
3197 11
3198 9
3199 10
3200 10
3201 10
3202 17
3203 10
3204 17
3205 10
3206 10
3207 10
3208 9
3209 10
3210 9
3211 10
3212 11
3213 11
3214 10
3215 9
3216 9
3217 9
3218 9
3219 9
3220 9
3221 9
3222 9
3223 10
3224 9
3225 10
3226 9
3227 9
3228 17
3229 11
3230 9
3231 9
3232 9
3233 9
3234 9
3235 9
3236 9
3237 10
3238 9
3239 9
3240 9
3241 9
3242 10
3243 10
3244 9
3245 9
3246 9
3247 10
3248 9
3249 9
3250 30
3251 11
3252 10
3253 9
3254 9
3255 10
3256 9
3257 9
3258 9
3259 9
3260 9
3261 11
3262 11
3263 9
3264 11
3265 11
3266 9
3267 9
3268 9
3269 10
3270 17
3271 10
3272 9
3273 9
3274 9
3275 9
3276 9
3277 9
3278 9
3279 9
3280 10
3281 9
3282 9
3283 9
3284 9
3285 9
3286 30
3287 27
3288 10
3289 10
3290 9
3291 9
3292 9
3293 9
3294 11
3295 11
3296 17
3297 10
3298 9
3299 9
3300 52
3301 32
3302 30
3303 10
3304 18
3305 10
3306 54
3307 11
3308 9
3309 9
3310 9
3311 9
3312 9
3313 9
3314 9
3315 10
3316 10
3317 9
3318 9
3319 9
3320 9
3321 10
3322 9
3323 9
3324 9
3325 9
3326 10
3327 9
3328 9
3329 9
3330 9
3331 9
3332 9
3333 9
3334 30
3335 10
3336 37
3337 9
3338 17
3339 11
3340 9
3341 9
3342 10
3343 9
3344 10
3345 10
3346 9
3347 9
3348 9
3349 9
3350 9
3351 9
3352 9
3353 9
3354 9
3355 9
3356 9
3357 9
3358 9
3359 9
3360 9
3361 9
3362 9
3363 10
3364 9
3365 9
3366 9
3367 9
3368 9
3369 9
3370 9
3371 9
3372 9
3373 9
3374 9
3375 9
3376 11
3377 11
3378 9
3379 9
3380 9
3381 9
3382 9
3383 9
3384 9
3385 9
3386 9
3387 10
3388 9
3389 9
3390 9
3391 9
3392 9
3393 9
3394 9
3395 9
3396 17
3397 10
3398 17
3399 11
3400 9
3401 9
3402 9
3403 10
3404 9
3405 9
3406 10
3407 9
3408 9
3409 9
3410 9
3411 9
3412 17
3413 11
3414 9
3415 9
3416 9
3417 9
3418 9
3419 10
3420 9
3421 9
3422 10
3423 9
3424 9
3425 9
3426 9
3427 9
3428 9
3429 9
3430 9
3431 9
3432 9
3433 10
3434 9
3435 9
3436 9
3437 9
3438 10
3439 9
3440 17
3441 10
3442 10
3443 9
3444 10
3445 9
3446 37
3447 9
3448 38
3449 70
3450 9
3451 9
3452 17
3453 10
3454 9
3455 9
3456 9
3457 10
3458 10
3459 9
3460 9
3461 9
3462 68
3463 9
3464 9
3465 9
3466 9
3467 9
3468 10
3469 9
3470 9
3471 10
3472 30
3473 10
3474 30
3475 10
3476 9
3477 9
3478 9
3479 9
3480 9
3481 9
3482 9
3483 9
3484 9
3485 9
3486 9
3487 9
3488 9
3489 9
3490 9
3491 9
3492 9
3493 9
3494 71
3495 9
3496 9
3497 9
3498 17
3499 10
3500 9
3501 9
3502 9
3503 9
3504 10
3505 9
3506 10
3507 9
3508 10
3509 9
3510 9
3511 9
3512 9
3513 9
3514 9
3515 9
3516 17
3517 11
3518 9
3519 9
3520 11
3521 9
3522 9
3523 9
3524 18
3525 11
3526 10
3527 9
3528 9
3529 9
3530 9
3531 9
3532 9
3533 9
3534 9
3535 10
3536 9
3537 9
3538 9
3539 10
3540 9
3541 9
3542 17
3543 10
3544 9
3545 9
3546 9
3547 9
3548 9
3549 9
3550 9
3551 9
3552 9
3553 9
3554 9
3555 11
3556 11
3557 9
3558 17
3559 11
3560 9
3561 10
3562 9
3563 9
3564 9
3565 9
3566 9
3567 9
3568 9
3569 10
3570 9
3571 9
3572 9
3573 9
3574 9
3575 10
3576 9
3577 10
3578 10
3579 9
3580 10
3581 9
3582 17
3583 11
3584 9
3585 9
3586 9
3587 9
3588 8
3589 9
3590 10
3591 9
3592 9
3593 9
3594 9
3595 9
3596 30
3597 10
3598 9
3599 9
3600 10
3601 10
3602 9
3603 9
3604 22
3605 11
3606 10
3607 9
3608 9
3609 9
3610 9
3611 9
3612 9
3613 9
3614 9
3615 9
3616 9
3617 9
3618 9
3619 9
3620 9
3621 9
3622 9
3623 10
3624 9
3625 9
3626 9
3627 9
3628 10
3629 9
3630 9
3631 9
3632 9
3633 9
3634 9
3635 9
3636 9
3637 9
3638 9
3639 9
3640 9
3641 10
3642 38
3643 10
3644 10
3645 9
3646 19
3647 11
3648 10
3649 10
3650 9
3651 9
3652 42
3653 11
3654 11
3655 11
3656 10
3657 10
3658 9
3659 9
3660 17
3661 10
3662 9
3663 9
3664 9
3665 9
3666 9
3667 9
3668 17
3669 11
3670 11
3671 11
3672 10
3673 9
3674 9
3675 9
3676 10
3677 9
3678 39
3679 9
3680 9
3681 9
3682 10
3683 9
3684 11
3685 14
3686 9
3687 9
3688 9
3689 9
3690 9
3691 9
3692 41
3693 10
3694 17
3695 10
3696 11
3697 10
3698 10
3699 9
3700 9
3701 9
3702 9
3703 9
3704 9
3705 9
3706 49
3707 11
3708 10
3709 9
3710 9
3711 9
3712 9
3713 9
3714 10
3715 10
3716 10
3717 9
3718 9
3719 9
3720 9
3721 9
3722 17
3723 11
3724 9
3725 10
3726 9
3727 9
3728 9
3729 9
3730 9
3731 9
3732 9
3733 9
3734 9
3735 9
3736 9
3737 10
3738 9
3739 10
3740 10
3741 9
3742 37
3743 9
3744 30
3745 10
3746 10
3747 10
3748 10
3749 10
3750 10
3751 10
3752 10
3753 10
3754 9
3755 10
3756 10
3757 10
3758 10
3759 10
3760 10
3761 10
3762 10
3763 10
3764 10
3765 10
3766 10
3767 10
3768 10
3769 10
3770 10
3771 10
3772 10
3773 10
3774 9
3775 10
3776 10
3777 10
3778 9
3779 10
3780 9
3781 10
3782 10
3783 10
3784 10
3785 10
3786 10
3787 10
3788 10
3789 9
3790 9
3791 9
3792 9
3793 10
3794 10
3795 9
3796 9
3797 10
3798 9
3799 10
3800 17
3801 11
3802 9
3803 10
3804 9
3805 9
3806 10
3807 9
3808 69
3809 10
3810 17
3811 20
3812 11
3813 9
3814 17
3815 10
3816 10
3817 9
3818 9
3819 9
3820 10
3821 10
3822 9
3823 10
3824 10
3825 10
3826 10
3827 10
3828 10
3829 10
3830 10
3831 10
3832 9
3833 10
3834 10
3835 10
3836 9
3837 9
3838 9
3839 9
3840 17
3841 10
3842 9
3843 10
3844 9
3845 9
3846 9
3847 9
3848 18
3849 10
3850 17
3851 10
3852 18
3853 10
3854 23
3855 11
3856 20
3857 11
3858 10
3859 10
3860 10
3861 10
3862 10
3863 10
3864 38
3865 10
3866 10
3867 10
3868 10
3869 10
3870 10
3871 10
3872 10
3873 9
3874 10
3875 10
3876 9
3877 9
3878 10
3879 9
3880 9
3881 10
3882 10
3883 10
3884 10
3885 10
3886 10
3887 10
3888 10
3889 10
3890 10
3891 9
3892 10
3893 10
3894 9
3895 10
3896 9
3897 9
3898 10
3899 10
3900 10
3901 10
3902 9
3903 10
3904 10
3905 10
3906 10
3907 10
3908 18
3909 11
3910 10
3911 10
3912 10
3913 10
3914 9
3915 9
3916 10
3917 10
3918 10
3919 9
3920 10
3921 30
3922 20
3923 17
3924 16
3925 16
3926 19
3927 159
3928 80
3929 11
3930 9
3931 10
3932 10
3933 10
3934 20
3935 11
3936 40
3937 10
3938 18
3939 11
3940 10
3941 10
3942 10
3943 10
3944 17
3945 20
3946 17
3947 20
3948 11
3949 10
3950 10
3951 10
3952 9
3953 10
3954 10
3955 10
3956 10
3957 10
3958 10
3959 10
3960 10
3961 10
3962 10
3963 12
3964 11
3965 10
3966 18
3967 11
3968 10
3969 10
3970 10
3971 10
3972 10
3973 10
3974 10
3975 10
3976 10
3977 9
3978 10
3979 10
3980 10
3981 10
3982 30
3983 11
3984 17
3985 10
3986 10
3987 10
3988 10
3989 10
3990 17
3991 11
3992 17
3993 11
3994 10
3995 10
3996 9
3997 10
3998 17
3999 10
4000 10
4001 10
4002 10
4003 10
4004 38
4005 10
4006 10
4007 10
4008 10
4009 10
4010 10
4011 10
4012 9
4013 10
4014 10
4015 10
4016 38
4017 10
4018 18
4019 11
4020 10
4021 10
4022 9
4023 10
4024 10
4025 10
4026 10
4027 10
4028 10
4029 10
4030 10
4031 10
4032 18
4033 10
4034 10
4035 10
4036 10
4037 9
4038 38
4039 70
4040 10
4041 10
4042 10
4043 10
4044 10
4045 9
4046 9
4047 9
4048 9
4049 10
4050 10
4051 9
4052 9
4053 9
4054 36
4055 11
4056 9
4057 11
4058 10
4059 10
4060 10
4061 10
4062 32
4063 11
4064 9
4065 10
4066 10
4067 10
4068 10
4069 9
4070 10
4071 10
4072 10
4073 10
4074 10
4075 10
4076 9
4077 10
4078 10
4079 9
4080 10
4081 10
4082 9
4083 10
4084 10
4085 10
4086 10
4087 10
4088 10
4089 10
4090 39
4091 9
4092 71
4093 10
4094 9
4095 9
4096 9
4097 9
4098 9
4099 9
4100 9
4101 9
4102 9
4103 9
4104 9
4105 9
4106 10
4107 10
4108 9
4109 9
4110 10
4111 10
4112 10
4113 9
4114 10
4115 9
4116 9
4117 9
4118 10
4119 9
4120 9
4121 9
4122 9
4123 12
4124 11
4125 10
4126 17
4127 11
4128 9
4129 10
4130 9
4131 9
4132 9
4133 9
4134 9
4135 9
4136 10
4137 10
4138 17
4139 11
4140 10
4141 9
4142 9
4143 10
4144 9
4145 10
4146 9
4147 9
4148 9
4149 9
4150 9
4151 10
4152 9
4153 10
4154 17
4155 11
4156 17
4157 11
4158 10
4159 10
4160 9
4161 10
4162 9
4163 10
4164 10
4165 10
4166 9
4167 10
4168 17
4169 10
4170 9
4171 10
4172 9
4173 10
4174 10
4175 10
4176 9
4177 10
4178 9
4179 10
4180 17
4181 20
4182 53
4183 31
4184 10
4185 10
4186 37
4187 10
4188 10
4189 10
4190 9
4191 9
4192 10
4193 9
4194 10
4195 10
4196 10
4197 10
4198 10
4199 10
4200 10
4201 10
4202 9
4203 10
4204 10
4205 10
4206 10
4207 10
4208 17
4209 11
4210 9
4211 10
4212 9
4213 10
4214 10
4215 10
4216 10
4217 10
4218 9
4219 10
4220 17
4221 11
4222 10
4223 10
4224 10
4225 10
4226 10
4227 10
4228 17
4229 10
4230 10
4231 11
4232 11
4233 10
4234 9
4235 10
4236 10
4237 10
4238 10
4239 10
4240 10
4241 10
4242 9
4243 10
4244 10
4245 10
4246 10
4247 10
4248 9
4249 10
4250 30
4251 10
4252 10
4253 10
4254 10
4255 10
4256 9
4257 9
4258 10
4259 10
4260 10
4261 10
4262 10
4263 10
4264 10
4265 10
4266 9
4267 10
4268 10
4269 10
4270 10
4271 10
4272 10
4273 10
4274 10
4275 10
4276 10
4277 10
4278 11
4279 11
4280 10
4281 10
4282 10
4283 11
4284 10
4285 10
4286 10
4287 10
4288 10
4289 9
4290 9
4291 10
4292 10
4293 10
4294 9
4295 9
4296 37
4297 10
4298 10
4299 10
4300 9
4301 10
4302 10
4303 10
4304 17
4305 11
4306 10
4307 10
4308 9
4309 10
4310 10
4311 10
4312 17
4313 11
4314 9
4315 10
4316 10
4317 10
4318 17
4319 10
4320 10
4321 10
4322 10
4323 9
4324 9
4325 10
4326 10
4327 10
4328 10
4329 10
4330 10
4331 10
4332 10
4333 10
4334 9
4335 10
4336 10
4337 10
4338 10
4339 10
4340 10
4341 10
4342 10
4343 10
4344 10
4345 10
4346 10
4347 10
4348 17
4349 10
4350 10
4351 10
4352 11
4353 11
4354 10
4355 9
4356 10
4357 10
4358 17
4359 11
4360 10
4361 10
4362 10
4363 10
4364 10
4365 9
4366 9
4367 10
4368 10
4369 10
4370 10
4371 10
4372 10
4373 10
4374 9
4375 10
4376 10
4377 9
4378 9
4379 10
4380 10
4381 10
4382 10
4383 10
4384 10
4385 10
4386 9
4387 9
4388 10
4389 72
4390 9
4391 10
4392 9
4393 9
4394 9
4395 10
4396 10
4397 10
4398 9
4399 10
4400 10
4401 10
4402 10
4403 10
4404 10
4405 10
4406 10
4407 10
4408 9
4409 10
4410 10
4411 10
4412 10
4413 10
4414 11
4415 11
4416 10
4417 10
4418 17
4419 11
4420 38
4421 9
4422 9
4423 10
4424 18
4425 11
4426 10
4427 10
4428 17
4429 10
4430 9
4431 10
4432 29
4433 10
4434 9
4435 10
4436 10
4437 10
4438 10
4439 10
4440 9
4441 10
4442 10
4443 10
4444 10
4445 9
4446 17
4447 11
4448 17
4449 10
4450 10
4451 10
4452 10
4453 10
4454 10
4455 10
4456 9
4457 10
4458 10
4459 10
4460 10
4461 10
4462 10
4463 10
4464 10
4465 10
4466 10
4467 10
4468 17
4469 11
4470 10
4471 10
4472 16
4473 10
4474 10
4475 10
4476 10
4477 10
4478 10
4479 10
4480 17
4481 10
4482 10
4483 10
4484 10
4485 10
4486 9
4487 10
4488 9
4489 9
4490 9
4491 10
4492 9
4493 9
4494 9
4495 9
4496 9
4497 9
4498 10
4499 9
4500 17
4501 10
4502 10
4503 10
4504 10
4505 10
4506 10
4507 10
4508 9
4509 11
4510 11
4511 10
4512 10
4513 10
4514 9
4515 9
4516 9
4517 9
4518 30
4519 10
4520 9
4521 9
4522 9
4523 9
4524 9
4525 10
4526 19
4527 10
4528 9
4529 10
4530 9
4531 10
4532 10
4533 9
4534 9
4535 9
4536 17
4537 10
4538 10
4539 10
4540 10
4541 9
4542 10
4543 10
4544 9
4545 9
4546 9
4547 11
4548 10
4549 9
4550 9
4551 9
4552 9
4553 10
4554 10
4555 10
4556 10
4557 9
4558 10
4559 10
4560 10
4561 9
4562 10
4563 10
4564 37
4565 9
4566 9
4567 9
4568 71
4569 9
4570 9
4571 10
4572 9
4573 9
4574 9
4575 9
4576 9
4577 10
4578 10
4579 10
4580 9
4581 10
4582 17
4583 11
4584 9
4585 10
4586 9
4587 10
4588 10
4589 10
4590 10
4591 9
4592 9
4593 10
4594 10
4595 10
4596 10
4597 10
4598 9
4599 10
4600 9
4601 10
4602 9
4603 10
4604 10
4605 10
4606 10
4607 10
4608 10
4609 10
4610 10
4611 10
4612 10
4613 10
4614 10
4615 10
4616 10
4617 10
4618 10
4619 10
4620 10
4621 10
4622 10
4623 10
4624 10
4625 10
4626 10
4627 10
4628 10
4629 10
4630 30
4631 11
4632 10
4633 10
4634 37
4635 10
4636 10
4637 10
4638 10
4639 10
4640 9
4641 10
4642 10
4643 10
4644 17
4645 10
4646 10
4647 10
4648 11
4649 11
4650 10
4651 10
4652 10
4653 10
4654 10
4655 10
4656 10
4657 10
4658 10
4659 10
4660 10
4661 10
4662 9
4663 10
4664 10
4665 9
4666 30
4667 11
4668 10
4669 9
4670 9
4671 10
4672 18
4673 10
4674 10
4675 10
4676 17
4677 10
4678 17
4679 10
4680 10
4681 10
4682 10
4683 10
4684 10
4685 10
4686 10
4687 10
4688 10
4689 31
4690 10
4691 9
4692 17
4693 10
4694 10
4695 10
4696 10
4697 10
4698 17
4699 19
4700 10
4701 10
4702 10
4703 10
4704 9
4705 11
4706 56
4707 11
4708 10
4709 10
4710 10
4711 10
4712 9
4713 10
4714 9
4715 9
4716 10
4717 9
4718 10
4719 10
4720 9
4721 9
4722 10
4723 10
4724 9
4725 10
4726 10
4727 9
4728 10
4729 10
4730 10
4731 10
4732 10
4733 9
4734 10
4735 10
4736 30
4737 11
4738 10
4739 10
4740 10
4741 10
4742 10
4743 9
4744 10
4745 10
4746 10
4747 10
4748 9
4749 10
4750 10
4751 10
4752 10
4753 10
4754 10
4755 10
4756 10
4757 10
4758 10
4759 10
4760 10
4761 10
4762 10
4763 10
4764 10
4765 10
4766 10
4767 10
4768 10
4769 10
4770 10
4771 10
4772 10
4773 10
4774 10
4775 10
4776 9
4777 10
4778 10
4779 10
4780 10
4781 10
4782 10
4783 10
4784 10
4785 10
4786 10
4787 10
4788 9
4789 10
4790 10
4791 10
4792 9
4793 9
4794 9
4795 9
4796 9
4797 9
4798 17
4799 74
4800 17
4801 20
4802 72
4803 73
4804 10
4805 10
4806 10
4807 10
4808 9
4809 10
4810 10
4811 10
4812 10
4813 10
4814 10
4815 10
4816 10
4817 10
4818 10
4819 10
4820 10
4821 10
4822 10
4823 10
4824 10
4825 10
4826 9
4827 10
4828 9
4829 10
4830 9
4831 9
4832 9
4833 9
4834 10
4835 9
4836 10
4837 9
4838 10
4839 9
4840 9
4841 9
4842 10
4843 10
4844 9
4845 9
4846 9
4847 9
4848 38
4849 9
4850 71
4851 10
4852 17
4853 10
4854 59
4855 11
4856 10
4857 10
4858 10
4859 10
4860 17
4861 10
4862 10
4863 10
4864 10
4865 12
4866 17
4867 11
4868 10
4869 10
4870 10
4871 10
4872 10
4873 10
4874 10
4875 10
4876 37
4877 10
4878 10
4879 10
4880 30
4881 10
4882 10
4883 10
4884 10
4885 11
4886 11
4887 9
4888 10
4889 10
4890 10
4891 10
4892 9
4893 9
4894 10
4895 9
4896 68
4897 11
4898 10
4899 9
4900 10
4901 9
4902 10
4903 10
4904 9
4905 10
4906 10
4907 9
4908 38
4909 9
4910 10
4911 9
4912 17
4913 11
4914 10
4915 10
4916 9
4917 10
4918 9
4919 9
4920 10
4921 9
4922 10
4923 10
4924 9
4925 10
4926 9
4927 10
4928 105
4929 17
4930 56
4931 14
4932 15
4933 98
4934 15
4935 12
4936 10
4937 9
4938 10
4939 10
4940 10
4941 10
4942 9
4943 10
4944 10
4945 10
4946 10
4947 9
4948 10
4949 10
4950 9
4951 10
4952 37
4953 10
4954 10
4955 10
4956 20
4957 21
4958 11
4959 10
4960 10
4961 10
4962 10
4963 10
4964 18
4965 11
4966 10
4967 10
4968 10
4969 10
4970 10
4971 9
4972 10
4973 10
4974 10
4975 10
4976 10
4977 10
4978 10
4979 10
4980 10
4981 9
4982 10
4983 10
4984 10
4985 9
4986 9
4987 10
4988 10
4989 10
4990 10
4991 9
4992 10
4993 9
4994 12
4995 11
4996 10
4997 10
4998 9
4999 10
5000 10
5001 10
5002 9
5003 10
5004 10
5005 10
5006 10
5007 10
5008 18
5009 11
5010 10
5011 10
5012 9
5013 10
5014 9
5015 10
5016 10
5017 10
5018 10
5019 9
5020 10
5021 10
5022 10
5023 9
5024 10
5025 10
5026 9
5027 10
5028 10
5029 10
5030 9
5031 10
5032 9
5033 10
5034 9
5035 9
5036 18
5037 10
5038 10
5039 9
5040 9
5041 10
5042 10
5043 10
5044 10
5045 9
5046 17
5047 19
5048 11
5049 9
5050 10
5051 9
5052 10
5053 8
5054 10
5055 9
5056 10
5057 9
5058 10
5059 10
5060 9
5061 9
5062 10
5063 9
5064 9
5065 9
5066 9
5067 10
5068 10
5069 10
5070 9
5071 10
5072 9
5073 9
5074 9
5075 9
5076 9
5077 9
5078 10
5079 10
5080 9
5081 9
5082 9
5083 10
5084 9
5085 10
5086 9
5087 10
5088 10
5089 9
5090 10
5091 10
5092 9
5093 10
5094 9
5095 9
5096 10
5097 9
5098 17
5099 10
5100 9
5101 10
5102 17
5103 10
5104 9
5105 10
5106 87
5107 10
5108 9
5109 10
5110 10
5111 10
5112 9
5113 9
5114 10
5115 10
5116 10
5117 9
5118 9
5119 9
5120 30
5121 11
5122 10
5123 9
5124 9
5125 10
5126 17
5127 11
5128 10
5129 9
5130 9
5131 10
5132 10
5133 10
5134 9
5135 9
5136 9
5137 10
5138 9
5139 10
5140 10
5141 10
5142 10
5143 9
5144 9
5145 10
5146 9
5147 9
5148 10
5149 10
5150 9
5151 9
5152 9
5153 10
5154 9
5155 9
5156 10
5157 9
5158 38
5159 9
5160 10
5161 9
5162 9
5163 10
5164 9
5165 9
5166 38
5167 10
5168 9
5169 9
5170 9
5171 10
5172 10
5173 9
5174 68
5175 10
5176 10
5177 11
5178 11
5179 10
5180 10
5181 9
5182 19
5183 11
5184 9
5185 9
5186 9
5187 10
5188 10
5189 9
5190 37
5191 9
5192 10
5193 10
5194 9
5195 10
5196 9
5197 10
5198 9
5199 9
5200 9
5201 9
5202 9
5203 9
5204 10
5205 10
5206 10
5207 9
5208 9
5209 9
5210 10
5211 9
5212 10
5213 9
5214 9
5215 10
5216 10
5217 9
5218 10
5219 9
5220 10
5221 9
5222 17
5223 11
5224 9
5225 10
5226 9
5227 10
5228 9
5229 9
5230 9
5231 10
5232 10
5233 10
5234 30
5235 11
5236 10
5237 10
5238 10
5239 9
5240 9
5241 9
5242 30
5243 11
5244 10
5245 9
5246 10
5247 10
5248 10
5249 9
5250 9
5251 10
5252 10
5253 9
5254 9
5255 9
5256 10
5257 9
5258 9
5259 9
5260 10
5261 10
5262 21
5263 10
5264 38
5265 10
5266 9
5267 10
5268 9
5269 10
5270 9
5271 10
5272 9
5273 9
5274 10
5275 9
5276 9
5277 9
5278 9
5279 9
5280 10
5281 9
5282 9
5283 9
5284 9
5285 10
5286 10
5287 11
5288 10
5289 10
5290 10
5291 9
5292 9
5293 9
5294 9
5295 9
5296 17
5297 11
5298 9
5299 9
5300 9
5301 10
5302 9
5303 9
5304 9
5305 10
5306 10
5307 10
5308 9
5309 11
5310 11
5311 9
5312 10
5313 10
5314 17
5315 10
5316 9
5317 9
5318 9
5319 10
5320 30
5321 11
5322 10
5323 9
5324 9
5325 9
5326 9
5327 10
5328 9
5329 9
5330 9
5331 9
5332 9
5333 9
5334 9
5335 9
5336 9
5337 9
5338 9
5339 9
5340 9
5341 10
5342 10
5343 10
5344 10
5345 10
5346 10
5347 9
5348 10
5349 9
5350 9
5351 9
5352 10
5353 10
5354 9
5355 10
5356 10
5357 9
5358 9
5359 10
5360 9
5361 10
5362 9
5363 10
5364 10
5365 10
5366 10
5367 9
5368 9
5369 9
5370 9
5371 9
5372 9
5373 9
5374 9
5375 9
5376 9
5377 10
5378 9
5379 9
5380 9
5381 9
5382 9
5383 9
5384 9
5385 9
5386 10
5387 9
5388 10
5389 9
5390 9
5391 9
5392 9
5393 9
5394 9
5395 9
5396 10
5397 9
5398 9
5399 10
5400 9
5401 9
5402 9
5403 10
5404 10
5405 11
5406 45
5407 19
5408 11
5409 9
5410 9
5411 9
5412 9
5413 9
5414 9
5415 9
5416 9
5417 9
5418 9
5419 10
5420 9
5421 9
5422 9
5423 9
5424 9
5425 9
5426 17
5427 10
5428 10
5429 9
5430 9
5431 9
5432 9
5433 9
5434 17
5435 10
5436 9
5437 9
5438 10
5439 9
5440 10
5441 10
5442 10
5443 9
5444 10
5445 9
5446 9
5447 10
5448 21
5449 10
5450 9
5451 10
5452 37
5453 9
5454 10
5455 9
5456 9
5457 9
5458 9
5459 9
5460 10
5461 9
5462 9
5463 9
5464 10
5465 10
5466 9
5467 10
5468 41
5469 10
5470 10
5471 9
5472 10
5473 10
5474 9
5475 9
5476 9
5477 9
5478 41
5479 10
5480 9
5481 9
5482 9
5483 9
5484 10
5485 10
5486 9
5487 9
5488 10
5489 10
5490 9
5491 10
5492 9
5493 9
5494 9
5495 9
5496 9
5497 9
5498 10
5499 9
5500 9
5501 9
5502 9
5503 10
5504 38
5505 9
5506 10
5507 9
5508 42
5509 11
5510 37
5511 10
5512 10
5513 9
5514 9
5515 9
5516 9
5517 9
5518 9
5519 10
5520 9
5521 9
5522 11
5523 14
5524 10
5525 9
5526 9
5527 9
5528 10
5529 9
5530 9
5531 9
5532 10
5533 9
5534 9
5535 10
5536 52
5537 10
5538 9
5539 9
5540 10
5541 10
5542 10
5543 9
5544 52
5545 10
5546 71
5547 70
5548 10
5549 9
5550 10
5551 10
5552 9
5553 9
5554 9
5555 9
5556 9
5557 11
5558 11
5559 10
5560 9
5561 9
5562 9
5563 9
5564 9
5565 9
5566 9
5567 9
5568 9
5569 9
5570 9
5571 9
5572 9
5573 9
5574 11
5575 11
5576 9
5577 9
5578 9
5579 9
5580 9
5581 9
5582 10
5583 10
5584 9
5585 9
5586 9
5587 9
5588 10
5589 9
5590 10
5591 9
5592 10
5593 9
5594 9
5595 10
5596 10
5597 10
5598 10
5599 10
5600 10
5601 10
5602 9
5603 9
5604 10
5605 10
5606 59
5607 10
5608 9
5609 9
5610 10
5611 10
5612 10
5613 9
5614 10
5615 10
5616 10
5617 10
5618 10
5619 10
5620 9
5621 10
5622 9
5623 9
5624 9
5625 10
5626 9
5627 10
5628 9
5629 9
5630 9
5631 10
5632 10
5633 9
5634 10
5635 9
5636 9
5637 9
5638 10
5639 9
5640 9
5641 9
5642 10
5643 11
5644 11
5645 10
5646 10
5647 9
5648 9
5649 10
5650 9
5651 10
5652 10
5653 9
5654 10
5655 10
5656 21
5657 10
5658 10
5659 9
5660 9
5661 9
5662 10
5663 9
5664 10
5665 9
5666 9
5667 10
5668 10
5669 10
5670 9
5671 10
5672 9
5673 9
5674 10
5675 9
5676 9
5677 10
5678 10
5679 9
5680 9
5681 9
5682 10
5683 10
5684 10
5685 9
5686 10
5687 10
5688 10
5689 9
5690 20
5691 10
5692 9
5693 9
5694 9
5695 10
5696 10
5697 9
5698 71
5699 9
5700 17
5701 10
5702 9
5703 9
5704 10
5705 10
5706 44
5707 11
5708 10
5709 10
5710 10
5711 9
5712 10
5713 10
5714 37
5715 10
5716 9
5717 10
5718 9
5719 10
5720 17
5721 10
5722 10
5723 9
5724 9
5725 10
5726 10
5727 9
5728 10
5729 9
5730 10
5731 10
5732 9
5733 9
5734 10
5735 9
5736 9
5737 10
5738 9
5739 9
5740 9
5741 11
5742 10
5743 10
5744 9
5745 10
5746 9
5747 9
5748 9
5749 9
5750 9
5751 9
5752 10
5753 10
5754 9
5755 10
5756 10
5757 10
5758 17
5759 11
5760 10
5761 10
5762 10
5763 10
5764 10
5765 10
5766 10
5767 10
5768 9
5769 10
5770 10
5771 10
5772 10
5773 10
5774 10
5775 10
5776 10
5777 11
5778 11
5779 10
5780 10
5781 10
5782 10
5783 10
5784 9
5785 10
5786 10
5787 10
5788 9
5789 9
5790 9
5791 9
5792 17
5793 10
5794 10
5795 10
5796 17
5797 10
5798 9
5799 9
5800 10
5801 9
5802 9
5803 10
5804 10
5805 10
5806 10
5807 10
5808 10
5809 10
5810 10
5811 10
5812 10
5813 10
5814 10
5815 10
5816 10
5817 10
5818 10
5819 10
5820 10
5821 10
5822 10
5823 9
5824 10
5825 10
5826 9
5827 10
5828 17
5829 11
5830 10
5831 10
5832 10
5833 10
5834 17
5835 10
5836 10
5837 9
5838 9
5839 10
5840 10
5841 10
5842 10
5843 10
5844 9
5845 10
5846 10
5847 10
5848 30
5849 10
5850 10
5851 10
5852 17
5853 10
5854 9
5855 12
5856 11
5857 10
5858 37
5859 10
5860 10
5861 10
5862 10
5863 9
5864 70
5865 10
5866 10
5867 10
5868 25
5869 11
5870 9
5871 10
5872 9
5873 9
5874 9
5875 9
5876 10
5877 10
5878 10
5879 10
5880 9
5881 9
5882 9
5883 9
5884 10
5885 9
5886 9
5887 9
5888 10
5889 10
5890 10
5891 9
5892 10
5893 9
5894 10
5895 10
5896 10
5897 10
5898 10
5899 9
5900 18
5901 10
5902 9
5903 9
5904 11
5905 10
5906 10
5907 9
5908 9
5909 10
5910 9
5911 9
5912 11
5913 11
5914 9
5915 9
5916 9
5917 9
5918 10
5919 10
5920 10
5921 11
5922 11
5923 9
5924 10
5925 10
5926 10
5927 9
5928 10
5929 10
5930 9
5931 9
5932 9
5933 10
5934 10
5935 19
5936 63
5937 19
5938 74
5939 15
5940 14
5941 97
5942 10
5943 9
5944 30
5945 12
5946 11
5947 10
5948 10
5949 10
5950 10
5951 10
5952 10
5953 9
5954 10
5955 10
5956 10
5957 9
5958 18
5959 11
5960 10
5961 10
5962 10
5963 10
5964 10
5965 10
5966 10
5967 9
5968 10
5969 10
5970 12
5971 8
5972 10
5973 10
5974 10
5975 10
5976 10
5977 10
5978 18
5979 11
5980 17
5981 11
5982 10
5983 10
5984 17
5985 10
5986 10
5987 10
5988 10
5989 10
5990 10
5991 10
5992 10
5993 10
5994 10
5995 10
5996 10
5997 10
5998 10
5999 10
6000 10
6001 10
6002 10
6003 10
6004 10
6005 10
6006 10
6007 10
6008 10
6009 10
6010 10
6011 10
6012 10
6013 10
6014 10
6015 10
6016 10
6017 10
6018 10
6019 10
6020 9
6021 10
6022 10
6023 10
6024 10
6025 11
6026 10
6027 10
6028 10
6029 10
6030 10
6031 10
6032 10
6033 10
6034 39
6035 10
6036 10
6037 10
6038 18
6039 11
6040 17
6041 11
6042 10
6043 10
6044 10
6045 10
6046 10
6047 10
6048 10
6049 10
6050 10
6051 10
6052 10
6053 10
6054 10
6055 10
6056 10
6057 10
6058 10
6059 10
6060 10
6061 9
6062 39
6063 10
6064 17
6065 11
6066 10
6067 10
6068 17
6069 10
6070 10
6071 10
6072 10
6073 10
6074 10
6075 10
6076 10
6077 10
6078 10
6079 10
6080 10
6081 10
6082 10
6083 10
6084 10
6085 10
6086 10
6087 10
6088 10
6089 10
6090 34
6091 27
6092 11
6093 10
6094 18
6095 10
6096 10
6097 10
6098 10
6099 10
6100 10
6101 10
6102 10
6103 10
6104 10
6105 10
6106 10
6107 10
6108 10
6109 10
6110 10
6111 10
6112 10
6113 10
6114 30
6115 11
6116 10
6117 10
6118 10
6119 10
6120 10
6121 10
6122 10
6123 10
6124 10
6125 10
6126 10
6127 10
6128 10
6129 11
6130 10
6131 10
6132 10
6133 10
6134 10
6135 10
6136 10
6137 10
6138 10
6139 10
6140 21
6141 11
6142 10
6143 10
6144 17
6145 19
6146 10
6147 9
6148 10
6149 9
6150 10
6151 10
6152 10
6153 10
6154 10
6155 9
6156 18
6157 11
6158 10
6159 10
6160 10
6161 10
6162 10
6163 10
6164 10
6165 10
6166 10
6167 10
6168 10
6169 11
6170 10
6171 10
6172 10
6173 10
6174 10
6175 10
6176 10
6177 10
6178 17
6179 11
6180 10
6181 10
6182 10
6183 10
6184 10
6185 10
6186 10
6187 10
6188 10
6189 10
6190 10
6191 10
6192 10
6193 10
6194 10
6195 10
6196 17
6197 10
6198 9
6199 10
6200 10
6201 10
6202 10
6203 10
6204 10
6205 9
6206 10
6207 10
6208 9
6209 10
6210 9
6211 10
6212 30
6213 11
6214 10
6215 10
6216 10
6217 10
6218 10
6219 10
6220 19
6221 10
6222 10
6223 10
6224 10
6225 10
6226 10
6227 10
6228 10
6229 10
6230 10
6231 10
6232 10
6233 9
6234 9
6235 10
6236 10
6237 10
6238 10
6239 9
6240 17
6241 10
6242 9
6243 10
6244 17
6245 10
6246 10
6247 10
6248 10
6249 14
6250 10
6251 10
6252 12
6253 11
6254 10
6255 10
6256 10
6257 10
6258 10
6259 10
6260 38
6261 74
6262 68
6263 10
6264 10
6265 10
6266 9
6267 10
6268 10
6269 10
6270 10
6271 10
6272 10
6273 10
6274 10
6275 10
6276 10
6277 10
6278 10
6279 10
6280 39
6281 10
6282 36
6283 10
6284 10
6285 10
6286 10
6287 10
6288 10
6289 10
6290 10
6291 10
6292 9
6293 10
6294 10
6295 10
6296 10
6297 10
6298 10
6299 10
6300 10
6301 10
6302 10
6303 10
6304 10
6305 10
6306 10
6307 10
6308 37
6309 10
6310 10
6311 10
6312 12
6313 11
6314 9
6315 10
6316 10
6317 10
6318 10
6319 10
6320 10
6321 10
6322 10
6323 9
6324 10
6325 10
6326 18
6327 11
6328 10
6329 10
6330 10
6331 10
6332 10
6333 10
6334 10
6335 10
6336 10
6337 9
6338 10
6339 10
6340 10
6341 9
6342 10
6343 10
6344 10
6345 10
6346 10
6347 9
6348 10
6349 9
6350 9
6351 10
6352 9
6353 10
6354 9
6355 10
6356 9
6357 10
6358 18
6359 11
6360 9
6361 9
6362 17
6363 11
6364 10
6365 10
6366 10
6367 9
6368 10
6369 10
6370 10
6371 10
6372 11
6373 11
6374 10
6375 10
6376 10
6377 10
6378 9
6379 10
6380 10
6381 10
6382 10
6383 10
6384 10
6385 10
6386 10
6387 10
6388 10
6389 10
6390 10
6391 9
6392 10
6393 10
6394 10
6395 10
6396 10
6397 10
6398 29
6399 10
6400 10
6401 10
6402 17
6403 10
6404 10
6405 10
6406 10
6407 10
6408 10
6409 10
6410 10
6411 10
6412 10
6413 10
6414 10
6415 10
6416 9
6417 10
6418 10
6419 10
6420 10
6421 10
6422 10
6423 10
6424 9
6425 10
6426 10
6427 10
6428 17
6429 10
6430 10
6431 10
6432 10
6433 10
6434 10
6435 10
6436 10
6437 10
6438 10
6439 10
6440 10
6441 10
6442 10
6443 10
6444 10
6445 9
6446 10
6447 10
6448 10
6449 10
6450 9
6451 9
6452 10
6453 10
6454 17
6455 10
6456 10
6457 10
6458 10
6459 10
6460 10
6461 10
6462 37
6463 10
6464 10
6465 10
6466 10
6467 10
6468 10
6469 9
6470 10
6471 10
6472 10
6473 9
6474 10
6475 10
6476 10
6477 10
6478 10
6479 10
6480 10
6481 10
6482 20
6483 10
6484 9
6485 10
6486 9
6487 9
6488 10
6489 10
6490 9
6491 9
6492 10
6493 9
6494 10
6495 9
6496 9
6497 9
6498 10
6499 9
6500 9
6501 9
6502 37
6503 10
6504 9
6505 9
6506 10
6507 10
6508 9
6509 10
6510 9
6511 9
6512 11
6513 11
6514 10
6515 10
6516 10
6517 10
6518 10
6519 10
6520 41
6521 11
6522 9
6523 10
6524 10
6525 10
6526 10
6527 10
6528 36
6529 10
6530 10
6531 10
6532 9
6533 10
6534 10
6535 10
6536 9
6537 10
6538 10
6539 9
6540 10
6541 10
6542 37
6543 9
6544 10
6545 10
6546 10
6547 10
6548 17
6549 11
6550 10
6551 10
6552 32
6553 11
6554 10
6555 10
6556 10
6557 10
6558 10
6559 10
6560 10
6561 10
6562 10
6563 10
6564 10
6565 10
6566 10
6567 10
6568 17
6569 11
6570 10
6571 10
6572 10
6573 9
6574 10
6575 10
6576 10
6577 10
6578 10
6579 10
6580 10
6581 10
6582 10
6583 10
6584 10
6585 10
6586 10
6587 10
6588 10
6589 10
6590 10
6591 10
6592 10
6593 11
6594 11
6595 10
6596 10
6597 10
6598 9
6599 10
6600 19
6601 74
6602 30
6603 10
6604 9
6605 9
6606 10
6607 10
6608 9
6609 10
6610 10
6611 9
6612 10
6613 10
6614 30
6615 11
6616 10
6617 9
6618 9
6619 10
6620 10
6621 10
6622 10
6623 9
6624 38
6625 10
6626 41
6627 11
6628 10
6629 9
6630 9
6631 10
6632 10
6633 10
6634 10
6635 10
6636 10
6637 10
6638 10
6639 10
6640 10
6641 10
6642 10
6643 10
6644 10
6645 10
6646 10
6647 9
6648 10
6649 10
6650 10
6651 9
6652 18
6653 10
6654 17
6655 10
6656 10
6657 9
6658 10
6659 10
6660 10
6661 9
6662 10
6663 10
6664 10
6665 10
6666 10
6667 10
6668 9
6669 10
6670 9
6671 10
6672 10
6673 10
6674 10
6675 10
6676 10
6677 10
6678 9
6679 10
6680 17
6681 10
6682 10
6683 10
6684 9
6685 10
6686 10
6687 10
6688 9
6689 31
6690 30
6691 31
6692 10
6693 10
6694 10
6695 10
6696 10
6697 9
6698 10
6699 10
6700 10
6701 10
6702 10
6703 10
6704 10
6705 10
6706 10
6707 10
6708 38
6709 9
6710 10
6711 10
6712 10
6713 10
6714 17
6715 11
6716 18
6717 10
6718 10
6719 10
6720 10
6721 10
6722 10
6723 10
6724 10
6725 9
6726 10
6727 10
6728 10
6729 10
6730 10
6731 10
6732 10
6733 10
6734 10
6735 10
6736 10
6737 10
6738 10
6739 10
6740 10
6741 10
6742 10
6743 10
6744 10
6745 10
6746 9
6747 10
6748 10
6749 10
6750 10
6751 10
6752 9
6753 10
6754 18
6755 10
6756 24
6757 10
6758 9
6759 10
6760 10
6761 10
6762 10
6763 10
6764 9
6765 9
6766 10
6767 10
6768 10
6769 10
6770 9
6771 10
6772 9
6773 10
6774 9
6775 9
6776 9
6777 9
6778 9
6779 10
6780 10
6781 10
6782 10
6783 10
6784 10
6785 10
6786 10
6787 10
6788 10
6789 10
6790 38
6791 10
6792 9
6793 10
6794 9
6795 9
6796 9
6797 9
6798 9
6799 9
6800 9
6801 10
6802 17
6803 10
6804 10
6805 10
6806 45
6807 11
6808 9
6809 10
6810 9
6811 10
6812 10
6813 10
6814 38
6815 10
6816 9
6817 10
6818 10
6819 10
6820 10
6821 10
6822 10
6823 10
6824 10
6825 10
6826 10
6827 9
6828 10
6829 9
6830 10
6831 10
6832 10
6833 9
6834 17
6835 10
6836 10
6837 10
6838 10
6839 10
6840 10
6841 10
6842 9
6843 9
6844 10
6845 10
6846 10
6847 10
6848 10
6849 10
6850 10
6851 10
6852 17
6853 10
6854 24
6855 11
6856 41
6857 8
6858 10
6859 10
6860 10
6861 10
6862 12
6863 11
6864 10
6865 10
6866 10
6867 10
6868 17
6869 10
6870 10
6871 10
6872 10
6873 10
6874 17
6875 11
6876 10
6877 10
6878 10
6879 10
6880 10
6881 10
6882 10
6883 10
6884 10
6885 10
6886 10
6887 10
6888 10
6889 10
6890 10
6891 10
6892 10
6893 9
6894 9
6895 9
6896 10
6897 10
6898 9
6899 9
6900 9
6901 10
6902 10
6903 9
6904 9
6905 10
6906 10
6907 10
6908 18
6909 11
6910 37
6911 10
6912 37
6913 10
6914 37
6915 10
6916 10
6917 10
6918 38
6919 10
6920 10
6921 10
6922 10
6923 10
6924 10
6925 10
6926 17
6927 10
6928 10
6929 10
6930 10
6931 10
6932 10
6933 10
6934 10
6935 10
6936 9
6937 10
6938 10
6939 9
6940 10
6941 10
6942 16
6943 17
6944 17
6945 14
6946 37
6947 15
6948 19
6949 14
6950 9
6951 11
6952 10
6953 10
6954 10
6955 10
6956 10
6957 9
6958 46
6959 21
6960 11
6961 10
6962 18
6963 11
6964 10
6965 10
6966 9
6967 9
6968 9
6969 9
6970 71
6971 9
6972 10
6973 9
6974 18
6975 11
6976 10
6977 9
6978 17
6979 10
6980 9
6981 10
6982 9
6983 10
6984 17
6985 11
6986 10
6987 9
6988 10
6989 9
6990 9
6991 9
6992 10
6993 9
6994 9
6995 9
6996 10
6997 10
6998 10
6999 9
7000 20
7001 11
7002 10
7003 9
7004 9
7005 9
7006 10
7007 10
7008 9
7009 9
7010 10
7011 10
7012 10
7013 9
7014 10
7015 9
7016 18
7017 11
7018 10
7019 9
7020 9
7021 9
7022 9
7023 9
7024 9
7025 9
7026 12
7027 11
7028 9
7029 9
7030 9
7031 10
7032 17
7033 20
7034 42
7035 10
7036 10
7037 10
7038 17
7039 19
7040 11
7041 10
7042 9
7043 10
7044 10
7045 10
7046 10
7047 10
7048 10
7049 10
7050 9
7051 10
7052 30
7053 10
7054 10
7055 9
7056 9
7057 9
7058 9
7059 10
7060 10
7061 10
7062 10
7063 9
7064 10
7065 10
7066 10
7067 9
7068 10
7069 9
7070 9
7071 10
7072 19
7073 10
7074 9
7075 10
7076 10
7077 10
7078 9
7079 10
7080 10
7081 10
7082 10
7083 10
7084 9
7085 9
7086 10
7087 10
7088 17
7089 10
7090 9
7091 10
7092 10
7093 10
7094 9
7095 9
7096 10
7097 10
7098 9
7099 10
7100 10
7101 10
7102 9
7103 10
7104 11
7105 11
7106 47
7107 11
7108 9
7109 10
7110 10
7111 10
7112 10
7113 10
7114 9
7115 10
7116 17
7117 10
7118 9
7119 10
7120 29
7121 10
7122 10
7123 9
7124 10
7125 10
7126 30
7127 27
7128 10
7129 10
7130 10
7131 10
7132 9
7133 10
7134 10
7135 9
7136 9
7137 9
7138 10
7139 10
7140 10
7141 9
7142 9
7143 9
7144 9
7145 9
7146 9
7147 9
7148 9
7149 10
7150 10
7151 9
7152 9
7153 9
7154 37
7155 9
7156 9
7157 9
7158 9
7159 10
7160 9
7161 9
7162 9
7163 9
7164 9
7165 11
7166 11
7167 9
7168 9
7169 9
7170 9
7171 9
7172 9
7173 9
7174 9
7175 9
7176 17
7177 11
7178 9
7179 9
7180 9
7181 9
7182 11
7183 11
7184 17
7185 10
7186 9
7187 9
7188 10
7189 9
7190 10
7191 9
7192 9
7193 10
7194 17
7195 10
7196 9
7197 9
7198 9
7199 9
7200 9
7201 9
7202 10
7203 9
7204 9
7205 9
7206 47
7207 11
7208 42
7209 77
7210 9
7211 9
7212 9
7213 9
7214 9
7215 9
7216 11
7217 12
7218 38
7219 9
7220 9
7221 9
7222 9
7223 9
7224 9
7225 9
7226 9
7227 9
7228 9
7229 9
7230 10
7231 10
7232 10
7233 9
7234 10
7235 9
7236 30
7237 10
7238 9
7239 9
7240 9
7241 10
7242 71
7243 9
7244 9
7245 10
7246 30
7247 11
7248 9
7249 9
7250 30
7251 10
7252 30
7253 10
7254 9
7255 9
7256 10
7257 10
7258 68
7259 9
7260 9
7261 10
7262 9
7263 10
7264 9
7265 9
7266 9
7267 9
7268 9
7269 9
7270 9
7271 9
7272 9
7273 9
7274 30
7275 10
7276 9
7277 9
7278 9
7279 9
7280 9
7281 9
7282 17
7283 10
7284 17
7285 10
7286 9
7287 9
7288 10
7289 9
7290 9
7291 10
7292 10
7293 9
7294 9
7295 9
7296 17
7297 10
7298 9
7299 10
7300 9
7301 9
7302 16
7303 10
7304 41
7305 10
7306 19
7307 9
7308 10
7309 9
7310 10
7311 10
7312 17
7313 11
7314 30
7315 10
7316 10
7317 10
7318 9
7319 10
7320 9
7321 9
7322 10
7323 10
7324 9
7325 9
7326 10
7327 9
7328 9
7329 9
7330 9
7331 9
7332 27
7333 10
7334 9
7335 9
7336 9
7337 10
7338 9
7339 9
7340 9
7341 9
7342 9
7343 9
7344 9
7345 9
7346 9
7347 9
7348 9
7349 9
7350 9
7351 11
7352 29
7353 11
7354 9
7355 9
7356 9
7357 9
7358 10
7359 9
7360 17
7361 10
7362 10
7363 10
7364 38
7365 9
7366 10
7367 10
7368 36
7369 10
7370 10
7371 10
7372 9
7373 9
7374 9
7375 10
7376 9
7377 9
7378 9
7379 9
7380 10
7381 10
7382 9
7383 9
7384 9
7385 10
7386 17
7387 10
7388 10
7389 9
7390 9
7391 10
7392 10
7393 10
7394 10
7395 9
7396 9
7397 9
7398 10
7399 9
7400 9
7401 9
7402 17
7403 10
7404 10
7405 10
7406 44
7407 19
7408 11
7409 9
7410 9
7411 9
7412 9
7413 10
7414 9
7415 9
7416 9
7417 9
7418 9
7419 10
7420 10
7421 9
7422 9
7423 11
7424 11
7425 9
7426 21
7427 10
7428 9
7429 9
7430 9
7431 10
7432 9
7433 9
7434 38
7435 9
7436 17
7437 10
7438 9
7439 9
7440 9
7441 10
7442 17
7443 10
7444 9
7445 10
7446 9
7447 10
7448 9
7449 10
7450 9
7451 9
7452 10
7453 9
7454 9
7455 9
7456 68
7457 10
7458 9
7459 10
7460 9
7461 9
7462 9
7463 9
7464 9
7465 10
7466 9
7467 9
7468 9
7469 10
7470 9
7471 10
7472 9
7473 9
7474 9
7475 10
7476 11
7477 11
7478 10
7479 9
7480 16
7481 10
7482 9
7483 9
7484 9
7485 9
7486 10
7487 10
7488 17
7489 10
7490 17
7491 10
7492 9
7493 9
7494 9
7495 10
7496 17
7497 10
7498 10
7499 9
7500 17
7501 10
7502 17
7503 10
7504 16
7505 10
7506 10
7507 9
7508 9
7509 9
7510 45
7511 10
7512 9
7513 9
7514 10
7515 9
7516 68
7517 9
7518 10
7519 10
7520 9
7521 9
7522 9
7523 9
7524 9
7525 9
7526 9
7527 9
7528 9
7529 9
7530 33
7531 10
7532 10
7533 9
7534 9
7535 9
7536 9
7537 9
7538 9
7539 9
7540 9
7541 10
7542 9
7543 9
7544 9
7545 9
7546 9
7547 10
7548 53
7549 10
7550 9
7551 9
7552 9
7553 10
7554 9
7555 9
7556 9
7557 10
7558 9
7559 10
7560 10
7561 9
7562 9
7563 9
7564 9
7565 9
7566 9
7567 9
7568 10
7569 9
7570 38
7571 9
7572 9
7573 9
7574 9
7575 9
7576 10
7577 9
7578 9
7579 9
7580 30
7581 11
7582 9
7583 9
7584 30
7585 32
7586 10
7587 9
7588 9
7589 9
7590 9
7591 10
7592 9
7593 9
7594 17
7595 10
7596 10
7597 9
7598 9
7599 9
7600 17
7601 10
7602 9
7603 9
7604 9
7605 9
7606 10
7607 10
7608 37
7609 9
7610 9
7611 9
7612 30
7613 10
7614 30
7615 10
7616 30
7617 32
7618 10
7619 9
7620 10
7621 9
7622 17
7623 10
7624 18
7625 19
7626 10
7627 10
7628 9
7629 9
7630 10
7631 9
7632 10
7633 9
7634 10
7635 9
7636 10
7637 9
7638 9
7639 9
7640 17
7641 11
7642 9
7643 9
7644 9
7645 10
7646 9
7647 10
7648 10
7649 10
7650 9
7651 10
7652 9
7653 9
7654 9
7655 9
7656 10
7657 9
7658 9
7659 10
7660 9
7661 9
7662 9
7663 9
7664 10
7665 10
7666 42
7667 10
7668 9
7669 10
7670 9
7671 9
7672 68
7673 9
7674 9
7675 9
7676 9
7677 10
7678 17
7679 10
7680 9
7681 9
7682 9
7683 9
7684 9
7685 10
7686 9
7687 10
7688 10
7689 9
7690 9
7691 9
7692 9
7693 10
7694 9
7695 9
7696 9
7697 9
7698 9
7699 9
7700 10
7701 9
7702 9
7703 9
7704 9
7705 9
7706 10
7707 10
7708 9
7709 10
7710 9
7711 9
7712 9
7713 9
7714 9
7715 9
7716 10
7717 10
7718 9
7719 9
7720 30
7721 10
7722 9
7723 9
7724 9
7725 9
7726 9
7727 9
7728 9
7729 9
7730 9
7731 10
7732 49
7733 10
7734 9
7735 9
7736 9
7737 9
7738 9
7739 9
7740 9
7741 9
7742 9
7743 9
7744 9
7745 10
7746 9
7747 10
7748 29
7749 10
7750 10
7751 10
7752 10
7753 10
7754 10
7755 10
7756 38
7757 9
7758 10
7759 10
7760 17
7761 11
7762 10
7763 10
7764 9
7765 10
7766 9
7767 10
7768 10
7769 10
7770 10
7771 10
7772 10
7773 10
7774 16
7775 10
7776 10
7777 10
7778 10
7779 10
7780 10
7781 10
7782 38
7783 10
7784 10
7785 10
7786 10
7787 10
7788 10
7789 10
7790 9
7791 9
7792 9
7793 9
7794 9
7795 9
7796 10
7797 9
7798 9
7799 10
7800 9
7801 9
7802 8
7803 10
7804 9
7805 9
7806 43
7807 75
7808 10
7809 9
7810 9
7811 10
7812 10
7813 10
7814 9
7815 10
7816 20
7817 10
7818 9
7819 10
7820 9
7821 9
7822 9
7823 10
7824 9
7825 10
7826 9
7827 9
7828 33
7829 11
7830 38
7831 10
7832 9
7833 9
7834 9
7835 10
7836 9
7837 9
7838 20
7839 10
7840 17
7841 10
7842 10
7843 9
7844 9
7845 9
7846 9
7847 9
7848 9
7849 9
7850 9
7851 9
7852 17
7853 10
7854 9
7855 9
7856 24
7857 11
7858 10
7859 10
7860 17
7861 10
7862 10
7863 10
7864 10
7865 10
7866 10
7867 10
7868 10
7869 10
7870 10
7871 10
7872 10
7873 10
7874 10
7875 10
7876 38
7877 10
7878 10
7879 10
7880 37
7881 10
7882 18
7883 10
7884 9
7885 10
7886 10
7887 10
7888 10
7889 9
7890 10
7891 10
7892 10
7893 9
7894 9
7895 9
7896 17
7897 10
7898 10
7899 11
7900 11
7901 10
7902 10
7903 10
7904 42
7905 11
7906 10
7907 10
7908 10
7909 10
7910 17
7911 11
7912 10
7913 10
7914 10
7915 10
7916 10
7917 9
7918 10
7919 10
7920 10
7921 10
7922 10
7923 10
7924 9
7925 10
7926 9
7927 10
7928 10
7929 10
7930 10
7931 10
7932 10
7933 10
7934 18
7935 10
7936 10
7937 10
7938 17
7939 10
7940 10
7941 10
7942 11
7943 11
7944 10
7945 10
7946 9
7947 10
7948 10
7949 108
7950 96
7951 97
7952 14
7953 17
7954 13
7955 24
7956 13
7957 9
7958 9
7959 11
7960 9
7961 10
7962 12
7963 11
7964 10
7965 9
7966 10
7967 9
7968 10
7969 10
7970 10
7971 9
7972 9
7973 9
7974 9
7975 9
7976 9
7977 9
7978 9
7979 9
7980 10
7981 10
7982 9
7983 9
7984 10
7985 9
7986 9
7987 10
7988 10
7989 10
7990 19
7991 11
7992 9
7993 10
7994 9
7995 10
7996 9
7997 9
7998 9
7999 9
8000 10
8001 9
8002 17
8003 11
8004 10
8005 10
8006 10
8007 10
8008 10
8009 10
8010 9
8011 12
8012 18
8013 11
8014 69
8015 10
8016 9
8017 10
8018 9
8019 9
8020 71
8021 10
8022 10
8023 9
8024 9
8025 9
8026 10
8027 10
8028 9
8029 9
8030 10
8031 9
8032 71
8033 73
8034 18
8035 10
8036 9
8037 9
8038 10
8039 9
8040 10
8041 10
8042 10
8043 10
8044 42
8045 11
8046 31
8047 11
8048 9
8049 10
8050 9
8051 10
8052 9
8053 9
8054 9
8055 10
8056 10
8057 9
8058 10
8059 9
8060 9
8061 9
8062 10
8063 10
8064 9
8065 10
8066 9
8067 10
8068 10
8069 10
8070 9
8071 9
8072 9
8073 10
8074 11
8075 11
8076 10
8077 10
8078 9
8079 9
8080 10
8081 10
8082 10
8083 10
8084 10
8085 10
8086 10
8087 9
8088 10
8089 10
8090 9
8091 10
8092 10
8093 9
8094 30
8095 11
8096 11
8097 10
8098 10
8099 10
8100 21
8101 20
8102 10
8103 10
8104 10
8105 9
8106 15
8107 10
8108 10
8109 9
8110 10
8111 10
8112 17
8113 10
8114 9
8115 11
8116 10
8117 10
8118 9
8119 10
8120 42
8121 11
8122 10
8123 10
8124 9
8125 10
8126 10
8127 9
8128 10
8129 11
8130 42
8131 10
8132 37
8133 10
8134 9
8135 10
8136 25
8137 11
8138 10
8139 9
8140 10
8141 9
8142 9
8143 9
8144 17
8145 19
8146 11
8147 9
8148 10
8149 10
8150 10
8151 10
8152 9
8153 10
8154 22
8155 11
8156 9
8157 9
8158 17
8159 11
8160 10
8161 10
8162 9
8163 9
8164 17
8165 11
8166 9
8167 9
8168 17
8169 11
8170 17
8171 10
8172 9
8173 9
8174 9
8175 9
8176 17
8177 10
8178 9
8179 9
8180 9
8181 9
8182 9
8183 9
8184 41
8185 20
8186 17
8187 10
8188 10
8189 9
8190 10
8191 9
8192 10
8193 10
8194 17
8195 10
8196 10
8197 10
8198 11
8199 11
8200 9
8201 9
8202 9
8203 9
8204 9
8205 10
8206 10
8207 10
8208 10
8209 10
8210 9
8211 9
8212 10
8213 10
8214 9
8215 9
8216 17
8217 10
8218 9
8219 10
8220 9
8221 9
8222 21
8223 10
8224 10
8225 9
8226 17
8227 10
8228 10
8229 9
8230 10
8231 10
8232 17
8233 10
8234 9
8235 10
8236 9
8237 10
8238 9
8239 10
8240 10
8241 10
8242 9
8243 10
8244 20
8245 10
8246 37
8247 9
8248 9
8249 9
8250 17
8251 10
8252 9
8253 9
8254 17
8255 10
8256 9
8257 9
8258 9
8259 9
8260 18
8261 11
8262 41
8263 10
8264 10
8265 10
8266 17
8267 10
8268 9
8269 9
8270 10
8271 9
8272 9
8273 9
8274 9
8275 9
8276 17
8277 19
8278 10
8279 10
8280 11
8281 11
8282 9
8283 9
8284 17
8285 10
8286 17
8287 19
8288 10
8289 10
8290 16
8291 10
8292 9
8293 10
8294 16
8295 10
8296 9
8297 9
8298 9
8299 10
8300 17
8301 10
8302 9
8303 9
8304 9
8305 9
8306 10
8307 9
8308 9
8309 9
8310 9
8311 9
8312 30
8313 10
8314 17
8315 10
8316 9
8317 9
8318 38
8319 9
8320 10
8321 9
8322 9
8323 9
8324 9
8325 9
8326 9
8327 9
8328 33
8329 10
8330 9
8331 10
8332 9
8333 10
8334 9
8335 9
8336 9
8337 10
8338 17
8339 10
8340 9
8341 9
8342 9
8343 10
8344 9
8345 9
8346 16
8347 10
8348 10
8349 9
8350 9
8351 9
8352 28
8353 10
8354 18
8355 10
8356 9
8357 9
8358 10
8359 10
8360 9
8361 9
8362 17
8363 10
8364 9
8365 10
8366 9
8367 9
8368 9
8369 10
8370 11
8371 20
8372 9
8373 9
8374 9
8375 10
8376 9
8377 9
8378 10
8379 9
8380 9
8381 9
8382 9
8383 9
8384 9
8385 9
8386 17
8387 10
8388 10
8389 9
8390 17
8391 10
8392 10
8393 10
8394 9
8395 9
8396 9
8397 9
8398 9
8399 9
8400 9
8401 10
8402 9
8403 10
8404 9
8405 9
8406 42
8407 9
8408 9
8409 9
8410 9
8411 10
8412 9
8413 9
8414 9
8415 10
8416 17
8417 11
8418 10
8419 9
8420 9
8421 9
8422 9
8423 9
8424 9
8425 9
8426 9
8427 9
8428 10
8429 9
8430 10
8431 10
8432 68
8433 10
8434 10
8435 9
8436 9
8437 10
8438 10
8439 9
8440 9
8441 9
8442 9
8443 9
8444 9
8445 9
8446 9
8447 10
8448 10
8449 9
8450 9
8451 9
8452 9
8453 9
8454 9
8455 9
8456 9
8457 9
8458 9
8459 9
8460 10
8461 9
8462 71
8463 9
8464 10
8465 9
8466 10
8467 9
8468 17
8469 10
8470 10
8471 10
8472 9
8473 10
8474 10
8475 9
8476 9
8477 10
8478 9
8479 10
8480 9
8481 9
8482 10
8483 9
8484 10
8485 10
8486 9
8487 9
8488 10
8489 10
8490 9
8491 10
8492 10
8493 10
8494 10
8495 9
8496 9
8497 10
8498 9
8499 9
8500 17
8501 11
8502 10
8503 9
8504 9
8505 9
8506 11
8507 20
8508 10
8509 10
8510 9
8511 9
8512 9
8513 9
8514 9
8515 9
8516 9
8517 9
8518 9
8519 10
8520 10
8521 9
8522 9
8523 9
8524 10
8525 9
8526 9
8527 10
8528 9
8529 9
8530 9
8531 9
8532 10
8533 10
8534 9
8535 10
8536 9
8537 10
8538 10
8539 10
8540 10
8541 9
8542 9
8543 9
8544 9
8545 10
8546 17
8547 10
8548 10
8549 9
8550 10
8551 9
8552 71
8553 10
8554 10
8555 10
8556 10
8557 10
8558 10
8559 11
8560 11
8561 10
8562 9
8563 10
8564 9
8565 10
8566 9
8567 10
8568 11
8569 11
8570 10
8571 10
8572 10
8573 10
8574 10
8575 10
8576 10
8577 10
8578 10
8579 10
8580 10
8581 10
8582 38
8583 10
8584 19
8585 11
8586 10
8587 10
8588 10
8589 10
8590 17
8591 10
8592 10
8593 10
8594 10
8595 10
8596 10
8597 10
8598 37
8599 10
8600 9
8601 10
8602 38
8603 10
8604 30
8605 10
8606 10
8607 10
8608 30
8609 10
8610 10
8611 10
8612 10
8613 10
8614 10
8615 10
8616 10
8617 10
8618 10
8619 10
8620 10
8621 9
8622 10
8623 10
8624 10
8625 10
8626 10
8627 10
8628 10
8629 9
8630 17
8631 11
8632 10
8633 10
8634 9
8635 9
8636 10
8637 10
8638 9
8639 9
8640 17
8641 10
8642 10
8643 10
8644 9
8645 9
8646 9
8647 10
8648 10
8649 10
8650 10
8651 10
8652 10
8653 9
8654 10
8655 9
8656 10
8657 10
8658 10
8659 9
8660 11
8661 11
8662 17
8663 10
8664 10
8665 9
8666 37
8667 10
8668 10
8669 10
8670 17
8671 10
8672 9
8673 9
8674 17
8675 10
8676 9
8677 10
8678 9
8679 9
8680 17
8681 10
8682 52
8683 10
8684 9
8685 9
8686 9
8687 9
8688 9
8689 11
8690 11
8691 10
8692 10
8693 10
8694 9
8695 9
8696 9
8697 10
8698 9
8699 10
8700 9
8701 10
8702 10
8703 10
8704 17
8705 11
8706 10
8707 10
8708 10
8709 10
8710 10
8711 10
8712 10
8713 10
8714 17
8715 10
8716 10
8717 9
8718 10
8719 10
8720 10
8721 10
8722 10
8723 10
8724 10
8725 11
8726 11
8727 19
8728 17
8729 10
8730 10
8731 10
8732 9
8733 10
8734 10
8735 10
8736 10
8737 10
8738 10
8739 10
8740 10
8741 10
8742 10
8743 10
8744 10
8745 10
8746 17
8747 10
8748 10
8749 9
8750 10
8751 10
8752 10
8753 10
8754 10
8755 10
8756 10
8757 9
8758 10
8759 10
8760 9
8761 10
8762 9
8763 10
8764 10
8765 10
8766 10
8767 10
8768 10
8769 10
8770 17
8771 10
8772 10
8773 10
8774 10
8775 10
8776 10
8777 10
8778 10
8779 10
8780 10
8781 10
8782 10
8783 10
8784 71
8785 10
8786 11
8787 86
8788 10
8789 9
8790 11
8791 11
8792 10
8793 10
8794 10
8795 10
8796 10
8797 10
8798 10
8799 10
8800 17
8801 10
8802 9
8803 10
8804 10
8805 10
8806 10
8807 10
8808 10
8809 10
8810 9
8811 10
8812 10
8813 9
8814 10
8815 10
8816 10
8817 9
8818 10
8819 10
8820 10
8821 9
8822 10
8823 9
8824 10
8825 10
8826 10
8827 10
8828 10
8829 10
8830 10
8831 10
8832 10
8833 9
8834 17
8835 11
8836 9
8837 9
8838 10
8839 9
8840 9
8841 9
8842 10
8843 11
8844 11
8845 10
8846 9
8847 10
8848 9
8849 10
8850 17
8851 10
8852 17
8853 10
8854 9
8855 9
8856 10
8857 10
8858 10
8859 9
8860 9
8861 10
8862 9
8863 10
8864 9
8865 9
8866 10
8867 9
8868 9
8869 9
8870 9
8871 9
8872 9
8873 9
8874 9
8875 9
8876 10
8877 10
8878 9
8879 10
8880 9
8881 10
8882 10
8883 9
8884 10
8885 10
8886 9
8887 9
8888 10
8889 23
8890 10
8891 9
8892 37
8893 10
8894 11
8895 11
8896 10
8897 10
8898 10
8899 10
8900 9
8901 10
8902 9
8903 10
8904 9
8905 9
8906 8
8907 10
8908 18
8909 11
8910 9
8911 10
8912 10
8913 10
8914 10
8915 10
8916 10
8917 11
8918 11
8919 11
8920 10
8921 9
8922 10
8923 9
8924 10
8925 10
8926 10
8927 10
8928 10
8929 10
8930 9
8931 10
8932 10
8933 10
8934 9
8935 10
8936 10
8937 10
8938 17
8939 11
8940 11
8941 10
8942 18
8943 10
8944 10
8945 10
8946 9
8947 10
8948 9
8949 9
8950 10
8951 10
8952 9
8953 10
8954 10
8955 10
8956 16
8957 139
8958 17
8959 15
8960 15
8961 96
8962 59
8963 9
8964 9
8965 9
8966 29
8967 11
8968 10
8969 10
8970 10
8971 9
8972 10
8973 10
8974 20
8975 20
8976 11
8977 10
8978 10
8979 10
8980 9
8981 10
8982 38
8983 10
8984 9
8985 10
8986 10
8987 9
8988 10
8989 10
8990 9
8991 9
8992 9
8993 9
8994 10
8995 9
8996 10
8997 9
8998 10
8999 9
9000 9
9001 9
9002 9
9003 9
9004 9
9005 9
9006 10
9007 9
9008 9
9009 10
9010 10
9011 9
9012 10
9013 10
9014 9
9015 9
9016 9
9017 9
9018 9
9019 9
9020 10
9021 9
9022 10
9023 9
9024 9
9025 10
9026 9
9027 9
9028 10
9029 9
9030 9
9031 10
9032 9
9033 9
9034 9
9035 10
9036 10
9037 10
9038 18
9039 11
9040 10
9041 10
9042 10
9043 9
9044 12
9045 11
9046 10
9047 9
9048 10
9049 10
9050 10
9051 10
9052 10
9053 9
9054 10
9055 10
9056 10
9057 9
9058 10
9059 10
9060 9
9061 10
9062 30
9063 11
9064 9
9065 10
9066 9
9067 9
9068 10
9069 10
9070 10
9071 10
9072 9
9073 9
9074 9
9075 10
9076 10
9077 10
9078 10
9079 10
9080 10
9081 10
9082 9
9083 10
9084 9
9085 9
9086 9
9087 10
9088 10
9089 10
9090 10
9091 9
9092 10
9093 9
9094 9
9095 10
9096 10
9097 9
9098 10
9099 10
9100 9
9101 10
9102 9
9103 10
9104 9
9105 10
9106 10
9107 9
9108 18
9109 11
9110 17
9111 10
9112 9
9113 9
9114 9
9115 9
9116 9
9117 10
9118 10
9119 10
9120 10
9121 10
9122 10
9123 10
9124 10
9125 10
9126 10
9127 10
9128 38
9129 10
9130 9
9131 10
9132 9
9133 10
9134 9
9135 9
9136 9
9137 9
9138 9
9139 9
9140 9
9141 9
9142 9
9143 9
9144 11
9145 19
9146 11
9147 9
9148 9
9149 10
9150 9
9151 10
9152 9
9153 9
9154 9
9155 9
9156 10
9157 9
9158 9
9159 9
9160 10
9161 9
9162 9
9163 10
9164 10
9165 9
9166 10
9167 10
9168 10
9169 9
9170 17
9171 11
9172 9
9173 9
9174 9
9175 9
9176 9
9177 9
9178 9
9179 10
9180 9
9181 9
9182 10
9183 9
9184 9
9185 9
9186 10
9187 10
9188 10
9189 11
9190 44
9191 9
9192 9
9193 9
9194 9
9195 9
9196 9
9197 10
9198 9
9199 9
9200 17
9201 10
9202 9
9203 9
9204 9
9205 10
9206 10
9207 9
9208 17
9209 10
9210 17
9211 10
9212 9
9213 9
9214 17
9215 10
9216 10
9217 9
9218 9
9219 9
9220 9
9221 9
9222 9
9223 9
9224 9
9225 9
9226 9
9227 10
9228 10
9229 9
9230 17
9231 10
9232 10
9233 10
9234 17
9235 10
9236 10
9237 10
9238 10
9239 10
9240 9
9241 9
9242 9
9243 9
9244 9
9245 9
9246 9
9247 9
9248 9
9249 11
9250 22
9251 11
9252 10
9253 9
9254 10
9255 9
9256 9
9257 9
9258 37
9259 9
9260 9
9261 10
9262 10
9263 10
9264 9
9265 10
9266 9
9267 10
9268 9
9269 10
9270 9
9271 10
9272 10
9273 9
9274 37
9275 10
9276 38
9277 9
9278 10
9279 10
9280 30
9281 11
9282 9
9283 9
9284 9
9285 10
9286 10
9287 9
9288 10
9289 9
9290 9
9291 10
9292 10
9293 10
9294 37
9295 9
9296 9
9297 9
9298 17
9299 19
9300 10
9301 10
9302 10
9303 10
9304 9
9305 10
9306 10
9307 10
9308 9
9309 9
9310 10
9311 9
9312 9
9313 10
9314 9
9315 10
9316 9
9317 9
9318 9
9319 10
9320 10
9321 9
9322 9
9323 10
9324 9
9325 9
9326 9
9327 10
9328 17
9329 11
9330 10
9331 10
9332 9
9333 10
9334 10
9335 9
9336 17
9337 10
9338 9
9339 10
9340 17
9341 10
9342 9
9343 10
9344 9
9345 10
9346 10
9347 10
9348 17
9349 11
9350 17
9351 10
9352 10
9353 10
9354 10
9355 9
9356 10
9357 9
9358 9
9359 10
9360 9
9361 9
9362 9
9363 10
9364 10
9365 9
9366 9
9367 9
9368 9
9369 9
9370 10
9371 9
9372 9
9373 9
9374 30
9375 11
9376 10
9377 9
9378 9
9379 9
9380 9
9381 9
9382 10
9383 9
9384 10
9385 9
9386 9
9387 9
9388 9
9389 9
9390 10
9391 9
9392 17
9393 11
9394 11
9395 9
9396 9
9397 9
9398 17
9399 10
9400 38
9401 72
9402 9
9403 9
9404 9
9405 9
9406 56
9407 10
9408 10
9409 9
9410 9
9411 9
9412 10
9413 10
9414 9
9415 10
9416 9
9417 9
9418 9
9419 9
9420 9
9421 9
9422 9
9423 9
9424 56
9425 10
9426 33
9427 10
9428 9
9429 10
9430 9
9431 9
9432 9
9433 9
9434 9
9435 10
9436 10
9437 10
9438 9
9439 10
9440 10
9441 10
9442 10
9443 9
9444 10
9445 10
9446 9
9447 9
9448 10
9449 9
9450 10
9451 9
9452 9
9453 9
9454 10
9455 10
9456 19
9457 11
9458 9
9459 9
9460 9
9461 9
9462 9
9463 10
9464 17
9465 10
9466 9
9467 10
9468 9
9469 9
9470 10
9471 9
9472 10
9473 9
9474 10
9475 9
9476 17
9477 10
9478 41
9479 10
9480 9
9481 10
9482 10
9483 10
9484 9
9485 9
9486 9
9487 9
9488 9
9489 9
9490 17
9491 10
9492 10
9493 10
9494 9
9495 10
9496 9
9497 9
9498 10
9499 10
9500 9
9501 9
9502 9
9503 9
9504 16
9505 10
9506 43
9507 10
9508 9
9509 9
9510 9
9511 9
9512 9
9513 9
9514 9
9515 9
9516 9
9517 9
9518 9
9519 9
9520 10
9521 10
9522 17
9523 10
9524 17
9525 74
9526 71
9527 72
9528 41
9529 10
9530 9
9531 10
9532 10
9533 10
9534 10
9535 9
9536 9
9537 9
9538 17
9539 10
9540 10
9541 10
9542 17
9543 10
9544 10
9545 9
9546 20
9547 10
9548 9
9549 10
9550 9
9551 9
9552 9
9553 9
9554 9
9555 10
9556 9
9557 9
9558 9
9559 10
9560 10
9561 9
9562 68
9563 10
9564 9
9565 10
9566 9
9567 9
9568 10
9569 10
9570 9
9571 9
9572 10
9573 10
9574 9
9575 9
9576 17
9577 11
9578 9
9579 9
9580 9
9581 9
9582 10
9583 9
9584 68
9585 10
9586 9
9587 10
9588 10
9589 9
9590 10
9591 9
9592 9
9593 10
9594 9
9595 10
9596 10
9597 9
9598 17
9599 10
9600 9
9601 9
9602 10
9603 10
9604 9
9605 9
9606 10
9607 10
9608 18
9609 11
9610 17
9611 10
9612 9
9613 10
9614 9
9615 10
9616 10
9617 9
9618 9
9619 9
9620 9
9621 10
9622 30
9623 10
9624 9
9625 9
9626 9
9627 9
9628 41
9629 10
9630 9
9631 10
9632 9
9633 9
9634 18
9635 10
9636 42
9637 10
9638 10
9639 10
9640 10
9641 9
9642 9
9643 9
9644 9
9645 9
9646 9
9647 12
9648 11
9649 9
9650 11
9651 11
9652 9
9653 10
9654 10
9655 9
9656 45
9657 10
9658 10
9659 9
9660 9
9661 10
9662 10
9663 10
9664 9
9665 10
9666 9
9667 9
9668 9
9669 9
9670 9
9671 9
9672 33
9673 10
9674 9
9675 9
9676 9
9677 9
9678 9
9679 9
9680 9
9681 9
9682 9
9683 9
9684 9
9685 9
9686 30
9687 10
9688 9
9689 10
9690 10
9691 9
9692 9
9693 9
9694 10
9695 9
9696 9
9697 9
9698 9
9699 9
9700 10
9701 9
9702 9
9703 10
9704 10
9705 10
9706 10
9707 9
9708 10
9709 10
9710 9
9711 9
9712 11
9713 10
9714 9
9715 9
9716 11
9717 11
9718 9
9719 9
9720 42
9721 19
9722 17
9723 19
9724 10
9725 9
9726 9
9727 9
9728 9
9729 9
9730 9
9731 9
9732 10
9733 10
9734 17
9735 10
9736 10
9737 10
9738 9
9739 9
9740 9
9741 9
9742 10
9743 10
9744 10
9745 9
9746 10
9747 9
9748 10
9749 10
9750 9
9751 9
9752 9
9753 11
9754 10
9755 10
9756 10
9757 10
9758 10
9759 10
9760 10
9761 10
9762 9
9763 10
9764 10
9765 10
9766 10
9767 10
9768 10
9769 10
9770 10
9771 10
9772 10
9773 10
9774 10
9775 10
9776 10
9777 10
9778 10
9779 10
9780 10
9781 10
9782 17
9783 11
9784 10
9785 10
9786 10
9787 10
9788 10
9789 10
9790 9
9791 10
9792 10
9793 9
9794 9
9795 10
9796 9
9797 9
9798 17
9799 10
9800 10
9801 10
9802 10
9803 11
9804 11
9805 10
9806 10
9807 10
9808 10
9809 10
9810 10
9811 10
9812 10
9813 10
9814 10
9815 10
9816 10
9817 10
9818 10
9819 10
9820 10
9821 10
9822 10
9823 10
9824 10
9825 10
9826 10
9827 10
9828 10
9829 10
9830 10
9831 10
9832 17
9833 11
9834 9
9835 10
9836 10
9837 10
9838 10
9839 10
9840 17
9841 10
9842 10
9843 10
9844 17
9845 10
9846 10
9847 10
9848 10
9849 10
9850 9
9851 10
9852 17
9853 9
9854 9
9855 9
9856 10
9857 10
9858 11
9859 11
9860 10
9861 9
9862 9
9863 11
9864 11
9865 10
9866 18
9867 10
9868 9
9869 10
9870 10
9871 9
9872 10
9873 9
9874 9
9875 10
9876 9
9877 10
9878 9
9879 10
9880 10
9881 9
9882 9
9883 9
9884 9
9885 9
9886 10
9887 10
9888 10
9889 10
9890 10
9891 9
9892 53
9893 10
9894 10
9895 10
9896 10
9897 10
9898 9
9899 9
9900 9
9901 11
9902 10
9903 10
9904 10
9905 9
9906 10
9907 9
9908 10
9909 10
9910 17
9911 11
9912 10
9913 9
9914 17
9915 20
9916 11
9917 10
9918 10
9919 9
9920 10
9921 10
9922 10
9923 10
9924 9
9925 9
9926 9
9927 9
9928 9
9929 9
9930 17
9931 19
9932 10
9933 10
9934 10
9935 10
9936 10
9937 10
9938 17
9939 10
9940 10
9941 9
9942 9
9943 9
9944 9
9945 10
9946 9
9947 9
9948 9
9949 9
9950 9
9951 9
9952 10
9953 10
9954 9
9955 9
9956 9
9957 10
9958 10
9959 9
9960 9
9961 10
9962 16
9963 56
9964 78
9965 15
9966 14
9967 16
9968 100
9969 10
9970 9
9971 9
9972 9
9973 10
9974 10
9975 10
9976 10
9977 10
9978 26
9979 11
9980 18
9981 11
9982 10
9983 10
9984 18
9985 11
9986 10
9987 10
9988 10
9989 10
9990 10
9991 9
9992 10
9993 10
9994 39
9995 10
9996 10
9997 10
9998 10
9999 10
# sum: 11
# min: 8
# max: 159
# err cnt: 0
