5076 1
5082 3
5083 5
5084 7
5086 8
5087 13
5088 17
5089 27
5090 39
5091 47
5092 57
5093 68
5094 88
5095 118
5096 146
5097 174
5098 202
5099 247
5100 292
5101 338
5102 382
5103 443
5104 503
5105 560
5106 609
5107 660
5108 707
5109 756
5110 792
5111 823
5112 847
5113 869
5114 883
5115 893
5116 909
5117 921
5118 926
5119 939
5120 944
5121 951
5122 955
5123 959
5124 961
5125 965
5126 966
5128 968
5129 970
5131 971
5132 974
5133 977
5135 978
5136 979
5140 980
5141 982
5142 984
5143 985
5145 987
5148 988
5150 990
5156 991
5165 992
5166 993
5169 994
5178 995
5181 996
5201 998
5225 999
5348 1000
