5076 1
5082 2
5083 2
5084 2
5086 1
5087 5
5088 4
5089 10
5090 12
5091 8
5092 10
5093 11
5094 20
5095 30
5096 28
5097 28
5098 28
5099 45
5100 45
5101 46
5102 44
5103 61
5104 60
5105 57
5106 49
5107 51
5108 47
5109 49
5110 36
5111 31
5112 24
5113 22
5114 14
5115 10
5116 16
5117 12
5118 5
5119 13
5120 5
5121 7
5122 4
5123 4
5124 2
5125 4
5126 1
5128 2
5129 2
5131 1
5132 3
5133 3
5135 1
5136 1
5140 1
5141 2
5142 2
5143 1
5145 2
5148 1
5150 2
5156 1
5165 1
5166 1
5169 1
5178 1
5181 1
5201 2
5225 1
5348 1
