0 4316
1 4143
2 4093
3 4063
4 4064
5 4064
6 4065
7 4063
8 4064
9 4063
10 4064
11 4064
12 4264
13 4127
14 4065
15 4146
16 4064
17 4063
18 4064
19 4232
20 4082
21 4136
22 4065
23 4156
24 4082
25 4063
26 4065
27 4078
28 4065
29 4063
30 4264
31 4116
32 4065
33 4063
34 4064
35 4148
36 4113
37 4156
38 4128
39 4062
40 4234
41 4203
42 4279
43 4175
44 4064
45 4062
46 4065
47 4084
48 4065
49 4064
50 4063
51 4063
52 4064
53 4063
54 4234
55 4126
56 4092
57 4146
58 4063
59 4063
60 4065
61 4135
62 4064
63 4062
64 4064
65 4062
66 4063
67 4063
68 4064
69 4064
70 4234
71 4277
72 4102
73 4146
74 4091
75 4063
76 4263
77 4279
78 4248
79 4126
80 4112
81 4147
82 4064
83 4233
84 4279
85 4179
86 4064
87 4062
88 4064
89 4062
90 4063
91 4183
92 4065
93 4063
94 4064
95 4063
96 4234
97 4106
98 4064
99 4063
100 4064
101 4062
102 4064
103 4062
104 4234
105 4279
106 4078
107 4187
108 4236
109 4278
110 4249
111 4108
112 4065
113 4232
114 4103
115 4136
116 4064
117 4156
118 4280
119 4202
120 4279
121 4191
122 4064
123 4062
124 4063
125 4063
126 4113
127 4157
128 4103
129 4146
130 4065
131 4062
132 4234
133 4105
134 4234
135 4062
136 4064
137 4062
138 4064
139 4062
140 4234
141 4179
142 4064
143 4125
144 4064
145 4063
146 4064
147 4062
148 4063
149 4062
150 4063
151 4062
152 4233
153 4179
154 4064
155 4062
156 4263
157 4279
158 4102
159 4231
160 4102
161 4146
162 4234
163 4106
164 4063
165 4062
166 4064
167 4063
168 4064
169 4063
170 4064
171 4062
172 4064
173 4063
174 4064
175 4062
176 4064
177 4157
178 4079
179 4063
180 4064
181 4064
182 4064
183 4062
184 4064
185 4155
186 4107
187 4157
188 4107
189 4232
190 4079
191 4232
192 4079
193 4146
194 4281
195 4191
196 4234
197 4126
198 4063
199 4157
200 4078
201 4063
202 4083
203 4062
204 4064
205 4146
206 4064
207 4156
208 4107
209 4062
210 4235
211 4127
212 4064
213 4063
214 4234
215 4278
216 4128
217 4063
218 4064
219 4063
220 4064
221 4062
222 4063
223 4146
224 4264
225 4203
226 4128
227 4146
228 4093
229 4115
230 4084
231 4062
232 4063
233 4147
234 4065
235 4063
236 4064
237 4126
238 4263
239 4192
240 4064
241 4062
242 4064
243 4123
244 4065
245 4063
246 4064
247 4070
248 4068
249 4065
250 4064
251 4063
252 4064
253 4062
254 4064
255 4062
256 4065
257 4063
258 4065
259 4178
260 4235
261 4126
262 4065
263 4062
264 4064
265 4064
266 4265
267 4203
268 4128
269 4135
270 4065
271 4062
272 4064
273 4156
274 4079
275 4156
276 4083
277 4127
278 4064
279 4062
280 4063
281 4064
282 4064
283 4062
284 4064
285 4062
286 4064
287 4155
288 4254
289 4212
290 4279
291 4180
292 4264
293 4127
294 4064
295 4156
296 4362
297 4065
298 4064
299 4063
300 4265
301 4279
302 4127
303 4232
304 4083
305 4233
306 4106
307 4146
308 4064
309 4062
310 4065
311 4232
312 4102
313 4062
314 4065
315 4156
316 4102
317 4147
318 4064
319 4062
320 4235
321 4126
322 4064
323 4063
324 4064
325 4232
326 4278
327 4107
328 4064
329 4062
330 4235
331 4126
332 4093
333 4063
334 4064
335 4147
336 4064
337 4156
338 4249
339 4178
340 4091
341 4136
342 4064
343 4254
344 4079
345 4063
346 4064
347 4156
348 4102
349 4156
350 4280
351 4192
352 4063
353 4146
354 4113
355 4062
356 4263
357 4116
358 4235
359 4190
360 4234
361 4191
362 4092
363 4146
364 4112
365 4156
366 4278
367 4107
368 4091
369 4156
370 4102
371 4062
372 4064
373 4062
374 4064
375 4063
376 4064
377 4232
378 4279
379 4107
380 4063
381 4146
382 4112
383 4155
384 4078
385 4062
386 4063
387 4062
388 4067
389 4147
390 4233
391 4114
392 4101
393 4063
394 4233
395 4127
396 4064
397 4062
398 4063
399 4064
400 4064
401 4063
402 4092
403 4063
404 4063
405 4062
406 4063
407 4062
408 4064
409 4156
410 4082
411 4062
412 4063
413 4062
414 4064
415 4063
416 4064
417 4146
418 4063
419 4062
420 4064
421 4064
422 4063
423 4063
424 4264
425 4179
426 4064
427 4073
428 4234
429 4106
430 4064
431 4063
432 4064
433 4062
434 4064
435 4156
436 4078
437 4063
438 4234
439 4106
440 4064
441 4064
442 4064
443 4095
444 4235
445 4233
446 4079
447 4200
448 4065
449 4062
450 4234
451 4106
452 4104
453 4063
454 4113
455 4064
456 4064
457 4157
458 4107
459 4233
460 4107
461 4062
462 4064
463 4063
464 4264
465 4114
466 4085
467 4137
468 4236
469 4106
470 4065
471 4135
472 4235
473 4126
474 4065
475 4156
476 4080
477 4062
478 4235
479 4178
480 4064
481 4106
482 4065
483 4062
484 4113
485 4126
486 4093
487 4063
488 4064
489 4062
490 4064
491 4062
492 4064
493 4064
494 4234
495 4191
496 4065
497 4157
498 4102
499 4062
500 4235
501 4318
502 4082
503 4148
504 4355
505 4160
506 4079
507 4233
508 4279
509 4107
510 4064
511 4135
512 4234
513 4127
514 4067
515 4063
516 4235
517 4179
518 4066
519 4064
520 4066
521 4063
522 4065
523 4147
524 4113
525 4064
526 4064
527 4062
528 4237
529 4179
530 4065
531 4157
532 4083
533 4063
534 4064
535 4063
536 4064
537 4156
538 4250
539 4285
540 4107
541 4062
542 4065
543 4116
544 4064
545 4065
546 4064
547 4063
548 4114
549 4073
550 4066
551 4064
552 4064
553 4063
554 4064
555 4064
556 4064
557 4232
558 4083
559 4234
560 4127
561 4146
562 4065
563 4065
564 4064
565 4065
566 4113
567 4062
568 4064
569 4063
570 4234
571 4190
572 4264
573 4180
574 4064
575 4232
576 4107
577 4062
578 4112
579 4233
580 4079
581 4065
582 4064
583 4063
584 4093
585 4062
586 4064
587 4156
588 4107
589 4063
590 4065
591 4232
592 4079
593 4063
594 4235
595 4126
596 4064
597 4063
598 4064
599 4063
600 4065
601 4063
602 4064
603 4184
604 4066
605 4063
606 4064
607 4062
608 4112
609 4156
610 4250
611 4107
612 4064
613 4146
614 4065
615 4156
616 4107
617 4062
618 4112
619 4067
620 4065
621 4063
622 4063
623 4062
624 4064
625 4062
626 4233
627 4126
628 4113
629 4232
630 4250
631 4190
632 4064
633 4156
634 4078
635 4064
636 4063
637 4063
638 4064
639 4062
640 4064
641 4063
642 4263
643 4241
644 4065
645 4063
646 4065
647 4240
648 4251
649 4116
650 4234
651 4277
652 4279
653 4203
654 4069
655 4146
656 4092
657 4147
658 4064
659 4064
660 4092
661 4062
662 4065
663 4063
664 4064
665 4134
666 4093
667 4064
668 4064
669 4156
670 4279
671 4279
672 4250
673 4128
674 4065
675 4062
676 4234
677 4279
678 4102
679 4231
680 4079
681 4062
682 4234
683 4179
684 4234
685 4278
686 4107
687 4063
688 4064
689 4147
690 4064
691 4063
692 4234
693 4126
694 4064
695 4062
696 4064
697 4156
698 4103
699 4146
700 4113
701 4147
702 4233
703 4278
704 4127
705 4232
706 4251
707 4127
708 4264
709 4107
710 4064
711 4064
712 4064
713 4063
714 4264
715 4107
716 4233
717 4180
718 4233
719 4203
720 4250
721 4191
722 4065
723 4135
724 4064
725 4062
726 4063
727 4156
728 4279
729 4179
730 4064
731 4156
732 4102
733 4232
734 4107
735 4147
736 4092
737 4146
738 4113
739 4147
740 4064
741 4063
742 4063
743 4194
744 4080
745 4146
746 4263
747 4107
748 4234
749 4190
750 4114
751 4186
752 4065
753 4062
754 4065
755 4147
756 4264
757 4279
758 4107
759 4063
760 4065
761 4135
762 4064
763 4233
764 4102
765 4233
766 4279
767 4107
768 4064
769 4063
770 4113
771 4146
772 4093
773 4146
774 4064
775 4063
776 4064
777 4062
778 4234
779 4115
780 4093
781 4064
782 4064
783 4062
784 4092
785 4062
786 4064
787 4063
788 4234
789 4180
790 4064
791 4062
792 4101
793 4064
794 4065
795 4062
796 4064
797 4062
798 4064
799 4147
800 4233
801 4127
802 4065
803 4156
804 4128
805 4232
806 4103
807 4062
808 4101
809 4065
810 4064
811 4063
812 4064
813 4063
814 4233
815 4126
816 4113
817 4146
818 4064
819 4063
820 4064
821 4063
822 4234
823 4179
824 4068
825 4063
826 4233
827 4126
828 4113
829 4136
830 4093
831 4147
832 4113
833 4157
834 4079
835 4156
836 4079
837 4062
838 4064
839 4063
840 4064
841 4063
842 4064
843 4105
844 4235
845 4278
846 4103
847 4084
848 4234
849 4278
850 4251
851 4278
852 4107
853 4063
854 4064
855 4156
856 4102
857 4147
858 4264
859 4203
860 4279
861 4179
862 4112
863 4146
864 4112
865 4063
866 4064
867 4063
868 4063
869 4232
870 4279
871 4203
872 4083
873 4063
874 4113
875 4064
876 4092
877 4146
878 4233
879 4278
880 4079
881 4063
882 4064
883 4062
884 4063
885 4062
886 4064
887 4063
888 4063
889 4063
890 4235
891 4107
892 4064
893 4156
894 4103
895 4146
896 4064
897 4062
898 4235
899 4115
900 4264
901 4116
902 4151
903 4161
904 4371
905 4105
906 4093
907 4193
908 4265
909 4111
910 4087
911 4074
912 4070
913 4198
914 4285
915 4318
916 4109
917 4193
918 4108
919 4081
920 4102
921 4326
922 4286
923 4206
924 4082
925 4071
926 4067
927 4066
928 4065
929 4063
930 4067
931 4156
932 4108
933 4063
934 4064
935 4063
936 4065
937 4062
938 4064
939 4146
940 4263
941 4279
942 4079
943 4222
944 4107
945 4063
946 4064
947 4064
948 4064
949 4156
950 4127
951 4062
952 4102
953 4135
954 4065
955 4062
956 4064
957 4062
958 4064
959 4062
960 4065
961 4146
962 4235
963 4116
964 4064
965 4146
966 4092
967 4232
968 4250
969 4126
970 4264
971 4117
972 4063
973 4063
974 4064
975 4063
976 4064
977 4232
978 4128
979 4232
980 4280
981 4127
982 4092
983 4063
984 4064
985 4062
986 4064
987 4156
988 4280
989 4127
990 4065
991 4062
992 4064
993 4155
994 4103
995 4063
996 4092
997 4147
998 4235
999 4126
1000 4092
1001 4064
1002 4064
1003 4062
1004 4064
1005 4062
1006 4064
1007 4062
1008 4065
1009 4062
1010 4064
1011 4062
1012 4112
1013 4157
1014 4083
1015 4063
1016 4064
1017 4062
1018 4064
1019 4063
1020 4234
1021 4278
1022 4079
1023 4064
1024 4063
1025 4062
1026 4064
1027 4063
1028 4064
1029 4064
1030 4064
1031 4062
1032 4064
1033 4156
1034 4279
1035 4128
1036 4065
1037 4146
1038 4263
1039 4202
1040 4078
1041 4157
1042 4064
1043 4168
1044 4234
1045 4190
1046 4064
1047 4147
1048 4239
1049 4106
1050 4064
1051 4063
1052 4065
1053 4062
1054 4064
1055 4062
1056 4235
1057 4126
1058 4263
1059 4180
1060 4093
1061 4232
1062 4107
1063 4062
1064 4264
1065 4180
1066 4064
1067 4148
1068 4234
1069 4126
1070 4065
1071 4146
1072 4065
1073 4156
1074 4108
1075 4146
1076 4234
1077 4279
1078 4083
1079 4232
1080 4103
1081 4233
1082 4107
1083 4063
1084 4064
1085 4063
1086 4064
1087 4062
1088 4064
1089 4062
1090 4064
1091 4062
1092 4065
1093 4062
1094 4113
1095 4062
1096 4092
1097 4146
1098 4064
1099 4062
1100 4064
1101 4064
1102 4064
1103 4062
1104 4064
1105 4062
1106 4064
1107 4062
1108 4064
1109 4063
1110 4064
1111 4062
1112 4064
1113 4063
1114 4064
1115 4065
1116 4065
1117 4062
1118 4063
1119 4156
1120 4082
1121 4062
1122 4064
1123 4063
1124 4064
1125 4155
1126 4107
1127 4062
1128 4233
1129 4277
1130 4102
1131 4064
1132 4064
1133 4062
1134 4064
1135 4062
1136 4064
1137 4062
1138 4064
1139 4062
1140 4064
1141 4147
1142 4063
1143 4097
1144 4064
1145 4148
1146 4264
1147 4203
1148 4082
1149 4146
1150 4064
1151 4156
1152 4102
1153 4062
1154 4063
1155 4063
1156 4063
1157 4062
1158 4064
1159 4062
1160 4234
1161 4106
1162 4234
1163 4190
1164 4234
1165 4127
1166 4064
1167 4147
1168 4064
1169 4062
1170 4064
1171 4063
1172 4064
1173 4062
1174 4063
1175 4062
1176 4263
1177 4127
1178 4063
1179 4064
1180 4234
1181 4278
1182 4102
1183 4157
1184 4082
1185 4146
1186 4064
1187 4156
1188 4082
1189 4062
1190 4064
1191 4062
1192 4064
1193 4062
1194 4263
1195 4345
1196 4100
1197 4062
1198 4063
1199 4135
1200 4063
1201 4062
1202 4063
1203 4156
1204 4079
1205 4063
1206 4064
1207 4062
1208 4065
1209 4146
1210 4063
1211 4062
1212 4063
1213 4063
1214 4233
1215 4126
1216 4233
1217 4106
1218 4065
1219 4155
1220 4078
1221 4063
1222 4063
1223 4062
1224 4064
1225 4062
1226 4064
1227 4071
1228 4064
1229 4146
1230 4234
1231 4115
1232 4064
1233 4063
1234 4234
1235 4126
1236 4064
1237 4232
1238 4079
1239 4062
1240 4063
1241 4063
1242 4064
1243 4104
1244 4065
1245 4063
1246 4064
1247 4201
1248 4064
1249 4063
1250 4064
1251 4156
1252 4250
1253 4126
1254 4064
1255 4063
1256 4233
1257 4191
1258 4063
1259 4063
1260 4064
1261 4147
1262 4064
1263 4063
1264 4112
1265 4156
1266 4107
1267 4062
1268 4264
1269 4203
1270 4128
1271 4063
1272 4233
1273 4115
1274 4263
1275 4107
1276 4234
1277 4126
1278 4092
1279 4146
1280 4234
1281 4106
1282 4111
1283 4147
1284 4064
1285 4062
1286 4064
1287 4063
1288 4064
1289 4146
1290 4063
1291 4063
1292 4064
1293 4064
1294 4064
1295 4062
1296 4063
1297 4063
1298 4063
1299 4062
1300 4063
1301 4062
1302 4064
1303 4146
1304 4064
1305 4063
1306 4064
1307 4062
1308 4064
1309 4063
1310 4234
1311 4278
1312 4078
1313 4135
1314 4063
1315 4062
1316 4092
1317 4232
1318 4102
1319 4063
1320 4066
1321 4063
1322 4064
1323 4062
1324 4113
1325 4232
1326 4250
1327 4202
1328 4082
1329 4063
1330 4064
1331 4063
1332 4064
1333 4155
1334 4280
1335 4179
1336 4092
1337 4232
1338 4127
1339 4146
1340 4063
1341 4063
1342 4064
1343 4095
1344 4064
1345 4062
1346 4092
1347 4146
1348 4063
1349 4232
1350 4082
1351 4062
1352 4262
1353 4107
1354 4233
1355 4278
1356 4078
1357 4062
1358 4234
1359 4179
1360 4234
1361 4126
1362 4264
1363 4203
1364 4250
1365 4126
1366 4064
1367 4063
1368 4064
1369 4146
1370 4064
1371 4063
1372 4064
1373 4062
1374 4064
1375 4233
1376 4128
1377 4146
1378 4064
1379 4146
1380 4112
1381 4062
1382 4064
1383 4063
1384 4113
1385 4063
1386 4064
1387 4063
1388 4064
1389 4147
1390 4064
1391 4063
1392 4064
1393 4063
1394 4066
1395 4156
1396 4079
1397 4062
1398 4063
1399 4062
1400 4064
1401 4062
1402 4063
1403 4063
1404 4233
1405 4277
1406 4278
1407 4128
1408 4263
1409 4192
1410 4113
1411 4232
1412 4127
1413 4063
1414 4064
1415 4064
1416 4063
1417 4063
1418 4064
1419 4063
1420 4063
1421 4064
1422 4064
1423 4066
1424 4064
1425 4157
1426 4279
1427 4202
1428 4079
1429 4064
1430 4063
1431 4062
1432 4064
1433 4062
1434 4063
1435 4062
1436 4064
1437 4062
1438 4064
1439 4062
1440 4233
1441 4191
1442 4091
1443 4160
1444 4064
1445 4063
1446 4064
1447 4187
1448 4092
1449 4063
1450 4093
1451 4146
1452 4264
1453 4203
1454 4280
1455 4107
1456 4064
1457 4063
1458 4065
1459 4062
1460 4064
1461 4062
1462 4064
1463 4063
1464 4064
1465 4062
1466 4064
1467 4156
1468 4103
1469 4232
1470 4079
1471 4062
1472 4064
1473 4062
1474 4064
1475 4063
1476 4064
1477 4063
1478 4064
1479 4064
1480 4065
1481 4063
1482 4063
1483 4063
1484 4093
1485 4064
1486 4233
1487 4203
1488 4250
1489 4106
1490 4263
1491 4279
1492 4078
1493 4063
1494 4092
1495 4063
1496 4064
1497 4063
1498 4064
1499 4063
1500 4064
1501 4063
1502 4063
1503 4156
1504 4102
1505 4156
1506 4279
1507 4107
1508 4064
1509 4063
1510 4064
1511 4062
1512 4064
1513 4063
1514 4064
1515 4062
1516 4064
1517 4146
1518 4063
1519 4063
1520 4064
1521 4062
1522 4064
1523 4062
1524 4064
1525 4063
1526 4112
1527 4147
1528 4064
1529 4063
1530 4064
1531 4063
1532 4064
1533 4063
1534 4233
1535 4178
1536 4063
1537 4063
1538 4064
1539 4063
1540 4064
1541 4064
1542 4064
1543 4164
1544 4064
1545 4146
1546 4064
1547 4063
1548 4078
1549 4232
1550 4262
1551 4182
1552 4064
1553 4232
1554 4103
1555 4146
1556 4065
1557 4063
1558 4064
1559 4146
1560 4234
1561 4062
1562 4112
1563 4232
1564 4251
1565 4127
1566 4235
1567 4178
1568 4065
1569 4156
1570 4079
1571 4062
1572 4234
1573 4278
1574 4079
1575 4062
1576 4064
1577 4062
1578 4064
1579 4062
1580 4064
1581 4062
1582 4063
1583 4063
1584 4065
1585 4063
1586 4064
1587 4064
1588 4065
1589 4146
1590 4064
1591 4064
1592 4064
1593 4233
1594 4102
1595 4184
1596 4066
1597 4063
1598 4064
1599 4156
1600 4103
1601 4146
1602 4112
1603 4232
1604 4103
1605 4232
1606 4107
1607 4062
1608 4064
1609 4135
1610 4092
1611 4064
1612 4064
1613 4062
1614 4064
1615 4063
1616 4234
1617 4278
1618 4279
1619 4107
1620 4234
1621 4107
1622 4064
1623 4063
1624 4065
1625 4062
1626 4092
1627 4149
1628 4093
1629 4148
1630 4064
1631 4062
1632 4233
1633 4127
1634 4112
1635 4232
1636 4279
1637 4279
1638 4079
1639 4062
1640 4065
1641 4065
1642 4113
1643 4111
1644 4065
1645 4064
1646 4065
1647 4083
1648 4065
1649 4062
1650 4237
1651 4191
1652 4115
1653 4063
1654 4064
1655 4186
1656 4114
1657 4065
1658 4064
1659 4156
1660 4127
1661 4156
1662 4107
1663 4063
1664 4063
1665 4065
1666 4067
1667 4063
1668 4064
1669 4232
1670 4127
1671 4063
1672 4234
1673 4278
1674 4079
1675 4063
1676 4065
1677 4232
1678 4127
1679 4062
1680 4064
1681 4156
1682 4083
1683 4156
1684 4102
1685 4135
1686 4233
1687 4126
1688 4263
1689 4107
1690 4064
1691 4062
1692 4235
1693 4278
1694 4107
1695 4063
1696 4092
1697 4062
1698 4064
1699 4062
1700 4064
1701 4156
1702 4103
1703 4156
1704 4103
1705 4147
1706 4264
1707 4277
1708 4113
1709 4063
1710 4264
1711 4183
1712 4067
1713 4065
1714 4067
1715 4064
1716 4065
1717 4063
1718 4065
1719 4063
1720 4112
1721 4068
1722 4065
1723 4062
1724 4064
1725 4062
1726 4264
1727 4179
1728 4065
1729 4156
1730 4080
1731 4062
1732 4234
1733 4126
1734 4064
1735 4063
1736 4064
1737 4064
1738 4064
1739 4064
1740 4064
1741 4063
1742 4065
1743 4108
1744 4065
1745 4064
1746 4064
1747 4146
1748 4065
1749 4148
1750 4064
1751 4063
1752 4064
1753 4062
1754 4065
1755 4062
1756 4093
1757 4232
1758 4102
1759 4146
1760 4264
1761 4128
1762 4065
1763 4063
1764 4064
1765 4063
1766 4064
1767 4156
1768 4079
1769 4064
1770 4064
1771 4063
1772 4234
1773 4280
1774 4280
1775 4127
1776 4064
1777 4062
1778 4113
1779 4156
1780 4103
1781 4063
1782 4264
1783 4127
1784 4092
1785 4233
1786 4279
1787 4203
1788 4102
1789 4147
1790 4264
1791 4203
1792 4079
1793 4062
1794 4264
1795 4180
1796 4064
1797 4064
1798 4065
1799 4064
1800 4064
1801 4135
1802 4064
1803 4157
1804 4078
1805 4063
1806 4064
1807 4156
1808 4279
1809 4279
1810 4102
1811 4232
1812 4127
1813 4146
1814 4065
1815 4063
1816 4064
1817 4135
1818 4064
1819 4134
1820 4092
1821 4147
1822 4092
1823 4062
1824 4263
1825 4203
1826 4127
1827 4232
1828 4250
1829 4179
1830 4113
1831 4156
1832 4145
1833 4064
1834 4064
1835 4156
1836 4079
1837 4062
1838 4064
1839 4063
1840 4064
1841 4062
1842 4064
1843 4166
1844 4065
1845 4062
1846 4092
1847 4135
1848 4068
1849 4063
1850 4065
1851 4146
1852 4113
1853 4063
1854 4064
1855 4146
1856 4092
1857 4232
1858 4249
1859 4062
1860 4064
1861 4064
1862 4064
1863 4063
1864 4064
1865 4135
1866 4264
1867 4107
1868 4064
1869 4157
1870 4082
1871 4232
1872 4079
1873 4062
1874 4064
1875 4062
1876 4064
1877 4134
1878 4065
1879 4146
1880 4092
1881 4062
1882 4063
1883 4064
1884 4263
1885 4202
1886 4127
1887 4064
1888 4234
1889 4127
1890 4064
1891 4062
1892 4063
1893 4233
1894 4079
1895 4156
1896 4102
1897 4062
1898 4064
1899 4064
1900 4063
1901 4062
1902 4064
1903 4062
1904 4064
1905 4233
1906 4082
1907 4062
1908 4064
1909 4183
1910 4065
1911 4063
1912 4065
1913 4063
1914 4064
1915 4062
1916 4063
1917 4062
1918 4063
1919 4062
1920 4064
1921 4063
1922 4133
1923 4253
1924 4158
1925 4235
1926 4113
1927 4094
1928 4071
1929 4072
1930 4071
1931 4069
1932 4070
1933 4067
1934 4069
1935 4244
1936 4256
1937 4186
1938 4068
1939 4174
1940 4135
1941 4189
1942 4111
1943 4270
1944 4065
1945 4185
1946 4071
1947 4064
1948 4065
1949 4135
1950 4065
1951 4156
1952 4103
1953 4146
1954 4064
1955 4156
1956 4279
1957 4107
1958 4064
1959 4064
1960 4064
1961 4062
1962 4092
1963 4062
1964 4234
1965 4190
1966 4234
1967 4232
1968 4079
1969 4062
1970 4112
1971 4135
1972 4065
1973 4064
1974 4234
1975 4277
1976 4079
1977 4062
1978 4234
1979 4277
1980 4249
1981 4106
1982 4264
1983 4179
1984 4113
1985 4063
1986 4064
1987 4146
1988 4064
1989 4062
1990 4064
1991 4232
1992 4083
1993 4146
1994 4112
1995 4151
1996 4066
1997 4158
1998 4250
1999 4106
2000 4064
2001 4233
2002 4079
2003 4062
2004 4065
2005 4064
2006 4063
2007 4062
2008 4064
2009 4135
2010 4064
2011 4146
2012 4235
2013 4127
2014 4064
2015 4063
2016 4092
2017 4146
2018 4064
2019 4063
2020 4063
2021 4062
2022 4064
2023 4062
2024 4065
2025 4156
2026 4279
2027 4220
2028 4083
2029 4146
2030 4263
2031 4279
2032 4079
2033 4147
2034 4265
2035 4107
2036 4233
2037 4181
2038 4113
2039 4063
2040 4064
2041 4064
2042 4064
2043 4209
2044 4114
2045 4062
2046 4065
2047 4085
2048 4113
2049 4063
2050 4064
2051 4146
2052 4064
2053 4063
2054 4065
2055 4063
2056 4064
2057 4062
2058 4092
2059 4146
2060 4264
2061 4179
2062 4112
2063 4062
2064 4064
2065 4063
2066 4065
2067 4063
2068 4063
2069 4156
2070 4106
2071 4146
2072 4092
2073 4064
2074 4063
2075 4157
2076 4127
2077 4232
2078 4078
2079 4156
2080 4127
2081 4063
2082 4064
2083 4156
2084 4082
2085 4064
2086 4064
2087 4062
2088 4235
2089 4106
2090 4064
2091 4232
2092 4107
2093 4062
2094 4064
2095 4233
2096 4250
2097 4115
2098 4064
2099 4064
2100 4064
2101 4062
2102 4064
2103 4062
2104 4064
2105 4062
2106 4063
2107 4062
2108 4064
2109 4062
2110 4063
2111 4063
2112 4262
2113 4202
2114 4107
2115 4062
2116 4064
2117 4062
2118 4063
2119 4062
2120 4063
2121 4062
2122 4063
2123 4063
2124 4233
2125 4106
2126 4064
2127 4156
2128 4250
2129 4278
2130 4079
2131 4062
2132 4063
2133 4147
2134 4111
2135 4063
2136 4063
2137 4063
2138 4064
2139 4183
2140 4065
2141 4062
2142 4064
2143 4205
2144 4263
2145 4279
2146 4107
2147 4232
2148 4079
2149 4062
2150 4064
2151 4062
2152 4064
2153 4062
2154 4065
2155 4066
2156 4265
2157 4191
2158 4063
2159 4063
2160 4233
2161 4278
2162 4249
2163 4105
2164 4063
2165 4062
2166 4063
2167 4062
2168 4263
2169 4202
2170 4127
2171 4146
2172 4063
2173 4062
2174 4233
2175 4190
2176 4064
2177 4062
2178 4063
2179 4062
2180 4063
2181 4062
2182 4063
2183 4062
2184 4064
2185 4146
2186 4263
2187 4203
2188 4107
2189 4063
2190 4233
2191 4126
2192 4234
2193 4277
2194 4250
2195 4190
2196 4064
2197 4194
2198 4238
2199 4186
2200 4065
2201 4063
2202 4064
2203 4064
2204 4065
2205 4063
2206 4065
2207 4135
2208 4064
2209 4156
2210 4107
2211 4146
2212 4064
2213 4064
2214 4064
2215 4232
2216 4079
2217 4063
2218 4234
2219 4203
2220 4079
2221 4135
2222 4064
2223 4064
2224 4064
2225 4062
2226 4064
2227 4062
2228 4064
2229 4063
2230 4064
2231 4062
2232 4264
2233 4203
2234 4079
2235 4064
2236 4063
2237 4146
2238 4113
2239 4232
2240 4250
2241 4278
2242 4108
2243 4108
2244 4065
2245 4062
2246 4063
2247 4189
2248 4243
2249 4280
2250 4280
2251 4280
2252 4279
2253 4192
2254 4113
2255 4156
2256 4083
2257 4063
2258 4265
2259 4180
2260 4064
2261 4062
2262 4064
2263 4156
2264 4082
2265 4232
2266 4079
2267 4064
2268 4265
2269 4180
2270 4092
2271 4156
2272 4079
2273 4232
2274 4082
2275 4062
2276 4064
2277 4063
2278 4063
2279 4062
2280 4063
2281 4063
2282 4263
2283 4107
2284 4064
2285 4063
2286 4064
2287 4063
2288 4064
2289 4156
2290 4250
2291 4107
2292 4064
2293 4062
2294 4264
2295 4107
2296 4064
2297 4064
2298 4064
2299 4063
2300 4113
2301 4156
2302 4279
2303 4128
2304 4064
2305 4146
2306 4264
2307 4107
2308 4065
2309 4062
2310 4064
2311 4062
2312 4064
2313 4062
2314 4063
2315 4062
2316 4063
2317 4156
2318 4108
2319 4135
2320 4064
2321 4062
2322 4233
2323 4107
2324 4092
2325 4066
2326 4263
2327 4107
2328 4063
2329 4062
2330 4063
2331 4063
2332 4112
2333 4063
2334 4064
2335 4156
2336 4078
2337 4156
2338 4107
2339 4062
2340 4064
2341 4062
2342 4064
2343 4102
2344 4101
2345 4234
2346 4079
2347 4063
2348 4064
2349 4062
2350 4234
2351 4277
2352 4083
2353 4135
2354 4064
2355 4156
2356 4107
2357 4062
2358 4063
2359 4063
2360 4238
2361 4190
2362 4092
2363 4062
2364 4063
2365 4063
2366 4064
2367 4062
2368 4064
2369 4156
2370 4078
2371 4155
2372 4082
2373 4156
2374 4103
2375 4063
2376 4092
2377 4155
2378 4107
2379 4062
2380 4065
2381 4062
2382 4233
2383 4277
2384 4278
2385 4127
2386 4233
2387 4105
2388 4064
2389 4062
2390 4064
2391 4063
2392 4063
2393 4062
2394 4063
2395 4269
2396 4083
2397 4146
2398 4064
2399 4063
2400 4064
2401 4157
2402 4249
2403 4107
2404 4063
2405 4062
2406 4233
2407 4279
2408 4250
2409 4278
2410 4102
2411 4232
2412 4103
2413 4062
2414 4263
2415 4107
2416 4063
2417 4063
2418 4064
2419 4157
2420 4279
2421 4179
2422 4264
2423 4127
2424 4064
2425 4146
2426 4112
2427 4156
2428 4065
2429 4062
2430 4233
2431 4278
2432 4107
2433 4232
2434 4079
2435 4063
2436 4064
2437 4063
2438 4064
2439 4063
2440 4064
2441 4063
2442 4063
2443 4097
2444 4064
2445 4062
2446 4065
2447 4280
2448 4264
2449 4202
2450 4083
2451 4062
2452 4063
2453 4062
2454 4064
2455 4062
2456 4064
2457 4062
2458 4064
2459 4147
2460 4063
2461 4062
2462 4063
2463 4062
2464 4063
2465 4062
2466 4064
2467 4063
2468 4064
2469 4062
2470 4064
2471 4062
2472 4063
2473 4062
2474 4064
2475 4062
2476 4064
2477 4062
2478 4064
2479 4232
2480 4079
2481 4233
2482 4078
2483 4064
2484 4233
2485 4126
2486 4093
2487 4156
2488 4279
2489 4107
2490 4064
2491 4063
2492 4064
2493 4063
2494 4064
2495 4063
2496 4063
2497 4062
2498 4064
2499 4062
2500 4064
2501 4062
2502 4064
2503 4062
2504 4093
2505 4064
2506 4064
2507 4297
2508 4065
2509 4063
2510 4064
2511 4063
2512 4063
2513 4063
2514 4064
2515 4064
2516 4112
2517 4146
2518 4092
2519 4147
2520 4233
2521 4106
2522 4064
2523 4232
2524 4078
2525 4062
2526 4063
2527 4063
2528 4064
2529 4232
2530 4078
2531 4156
2532 4078
2533 4063
2534 4064
2535 4062
2536 4064
2537 4156
2538 4103
2539 4064
2540 4263
2541 4202
2542 4127
2543 4278
2544 4064
2545 4146
2546 4264
2547 4279
2548 4171
2549 4138
2550 4077
2551 4067
2552 4065
2553 4063
2554 4065
2555 4063
2556 4065
2557 4063
2558 4064
2559 4064
2560 4064
2561 4064
2562 4065
2563 4062
2564 4064
2565 4064
2566 4064
2567 4063
2568 4234
2569 4179
2570 4092
2571 4232
2572 4128
2573 4063
2574 4065
2575 4232
2576 4250
2577 4107
2578 4064
2579 4156
2580 4102
2581 4063
2582 4112
2583 4146
2584 4092
2585 4064
2586 4235
2587 4126
2588 4064
2589 4135
2590 4234
2591 4190
2592 4075
2593 4156
2594 4280
2595 4107
2596 4264
2597 4397
2598 4128
2599 4146
2600 4064
2601 4156
2602 4103
2603 4146
2604 4064
2605 4062
2606 4234
2607 4178
2608 4263
2609 4203
2610 4078
2611 4062
2612 4064
2613 4146
2614 4263
2615 4127
2616 4064
2617 4156
2618 4078
2619 4156
2620 4128
2621 4233
2622 4106
2623 4063
2624 4064
2625 4232
2626 4127
2627 4146
2628 4064
2629 4063
2630 4063
2631 4062
2632 4068
2633 4062
2634 4064
2635 4062
2636 4064
2637 4063
2638 4064
2639 4062
2640 4064
2641 4063
2642 4063
2643 4102
2644 4064
2645 4062
2646 4112
2647 4264
2648 4064
2649 4062
2650 4092
2651 4297
2652 4065
2653 4064
2654 4064
2655 4062
2656 4234
2657 4190
2658 4064
2659 4062
2660 4112
2661 4062
2662 4234
2663 4203
2664 4078
2665 4062
2666 4064
2667 4065
2668 4065
2669 4062
2670 4064
2671 4062
2672 4064
2673 4062
2674 4112
2675 4146
2676 4064
2677 4062
2678 4233
2679 4106
2680 4064
2681 4146
2682 4063
2683 4062
2684 4234
2685 4278
2686 4107
2687 4062
2688 4064
2689 4062
2690 4063
2691 4062
2692 4064
2693 4063
2694 4065
2695 4062
2696 4063
2697 4062
2698 4064
2699 4062
2700 4064
2701 4062
2702 4063
2703 4062
2704 4063
2705 4063
2706 4063
2707 4062
2708 4063
2709 4062
2710 4064
2711 4063
2712 4064
2713 4062
2714 4064
2715 4062
2716 4064
2717 4062
2718 4064
2719 4063
2720 4063
2721 4062
2722 4064
2723 4062
2724 4063
2725 4062
2726 4064
2727 4156
2728 4081
2729 4147
2730 4064
2731 4062
2732 4063
2733 4062
2734 4064
2735 4064
2736 4063
2737 4062
2738 4064
2739 4062
2740 4064
2741 4062
2742 4063
2743 4097
2744 4064
2745 4062
2746 4064
2747 4062
2748 4063
2749 4147
2750 4092
2751 4136
2752 4064
2753 4062
2754 4065
2755 4232
2756 4102
2757 4062
2758 4091
2759 4062
2760 4064
2761 4063
2762 4064
2763 4063
2764 4064
2765 4063
2766 4063
2767 4062
2768 4064
2769 4062
2770 4065
2771 4062
2772 4063
2773 4156
2774 4127
2775 4064
2776 4063
2777 4062
2778 4064
2779 4062
2780 4063
2781 4064
2782 4064
2783 4062
2784 4092
2785 4147
2786 4064
2787 4147
2788 4065
2789 4157
2790 4082
2791 4063
2792 4264
2793 4202
2794 4128
2795 4232
2796 4250
2797 4157
2798 4281
2799 4140
2800 4065
2801 4156
2802 4082
2803 4185
2804 4065
2805 4063
2806 4092
2807 4146
2808 4263
2809 4107
2810 4064
2811 4063
2812 4112
2813 4271
2814 4109
2815 4233
2816 4249
2817 4126
2818 4064
2819 4232
2820 4079
2821 4147
2822 4065
2823 4232
2824 4079
2825 4156
2826 4127
2827 4071
2828 4264
2829 4203
2830 4127
2831 4062
2832 4063
2833 4062
2834 4233
2835 4278
2836 4250
2837 4279
2838 4102
2839 4157
2840 4127
2841 4135
2842 4064
2843 4195
2844 4064
2845 4062
2846 4064
2847 4083
2848 4065
2849 4064
2850 4064
2851 4157
2852 4279
2853 4180
2854 4234
2855 4126
2856 4144
2857 4063
2858 4065
2859 4062
2860 4063
2861 4232
2862 4128
2863 4232
2864 4078
2865 4062
2866 4064
2867 4062
2868 4234
2869 4278
2870 4079
2871 4146
2872 4268
2873 4191
2874 4234
2875 4202
2876 4249
2877 4107
2878 4092
2879 4062
2880 4234
2881 4114
2882 4113
2883 4063
2884 4064
2885 4062
2886 4235
2887 4126
2888 4264
2889 4203
2890 4102
2891 4232
2892 4127
2893 4063
2894 4234
2895 4127
2896 4092
2897 4135
2898 4112
2899 4146
2900 4113
2901 4146
2902 4064
2903 4063
2904 4263
2905 4202
2906 4082
2907 4062
2908 4064
2909 4062
2910 4064
2911 4063
2912 4063
2913 4062
2914 4064
2915 4062
2916 4064
2917 4062
2918 4064
2919 4063
2920 4064
2921 4156
2922 4279
2923 4107
2924 4064
2925 4063
2926 4064
2927 4156
2928 4081
2929 4232
2930 4079
2931 4148
2932 4064
2933 4062
2934 4064
2935 4064
2936 4234
2937 4178
2938 4263
2939 4202
2940 4107
2941 4156
2942 4121
2943 4281
2944 4130
2945 4107
2946 4093
2947 4173
2948 4290
2949 4188
2950 4271
2951 4138
2952 4170
2953 4154
2954 4107
2955 4154
2956 4094
2957 4240
2958 4106
2959 4195
2960 4081
2961 4289
2962 4166
2963 4066
2964 4242
2965 4068
2966 4095
2967 4167
2968 4108
2969 4156
2970 4080
2971 4157
2972 4103
2973 4063
2974 4065
2975 4066
2976 4064
2977 4062
2978 4065
2979 4063
2980 4064
2981 4063
2982 4064
2983 4136
2984 4113
2985 4062
2986 4065
2987 4063
2988 4064
2989 4146
2990 4065
2991 4063
2992 4234
2993 4126
2994 4263
2995 4203
2996 4079
2997 4136
2998 4235
2999 4178
3000 4064
3001 4062
3002 4264
3003 4128
3004 4092
3005 4232
3006 4083
3007 4062
3008 4064
3009 4146
3010 4093
3011 4062
3012 4063
3013 4063
3014 4063
3015 4062
3016 4063
3017 4232
3018 4128
3019 4062
3020 4263
3021 4191
3022 4064
3023 4063
3024 4092
3025 4062
3026 4112
3027 4064
3028 4065
3029 4064
3030 4064
3031 4064
3032 4263
3033 4180
3034 4113
3035 4147
3036 4064
3037 4156
3038 4083
3039 4063
3040 4063
3041 4064
3042 4234
3043 4308
3044 4235
3045 4190
3046 4065
3047 4147
3048 4068
3049 4064
3050 4065
3051 4063
3052 4065
3053 4063
3054 4065
3055 4063
3056 4065
3057 4232
3058 4102
3059 4063
3060 4065
3061 4064
3062 4065
3063 4156
3064 4251
3065 4280
3066 4103
3067 4232
3068 4251
3069 4108
3070 4065
3071 4064
3072 4064
3073 4063
3074 4064
3075 4062
3076 4264
3077 4109
3078 4064
3079 4062
3080 4064
3081 4063
3082 4064
3083 4135
3084 4064
3085 4063
3086 4064
3087 4064
3088 4064
3089 4062
3090 4064
3091 4062
3092 4065
3093 4062
3094 4112
3095 4064
3096 4064
3097 4156
3098 4107
3099 4156
3100 4107
3101 4062
3102 4264
3103 4279
3104 4078
3105 4135
3106 4112
3107 4232
3108 4279
3109 4128
3110 4263
3111 4179
3112 4233
3113 4190
3114 4093
3115 4156
3116 4102
3117 4063
3118 4092
3119 4146
3120 4233
3121 4190
3122 4234
3123 4126
3124 4063
3125 4062
3126 4063
3127 4063
3128 4465
3129 4064
3130 4063
3131 4156
3132 4102
3133 4062
3134 4263
3135 4127
3136 4112
3137 4156
3138 4279
3139 4115
3140 4064
3141 4062
3142 4064
3143 4099
3144 4064
3145 4064
3146 4063
3147 4063
3148 4064
3149 4062
3150 4064
3151 4157
3152 4078
3153 4064
3154 4063
3155 4064
3156 4063
3157 4062
3158 4064
3159 4062
3160 4063
3161 4062
3162 4064
3163 4183
3164 4065
3165 4063
3166 4063
3167 4062
3168 4092
3169 4233
3170 4249
3171 4107
3172 4064
3173 4063
3174 4064
3175 4155
3176 4078
3177 4062
3178 4064
3179 4066
3180 4235
3181 4105
3182 4064
3183 4062
3184 4064
3185 4146
3186 4112
3187 4064
3188 4233
3189 4277
3190 4078
3191 4062
3192 4063
3193 4063
3194 4091
3195 4234
3196 4079
3197 4146
3198 4263
3199 4065
3200 4064
3201 4063
3202 4064
3203 4063
3204 4064
3205 4062
3206 4064
3207 4062
3208 4064
3209 4062
3210 4064
3211 4062
3212 4064
3213 4135
3214 4064
3215 4062
3216 4064
3217 4062
3218 4064
3219 4063
3220 4063
3221 4062
3222 4063
3223 4063
3224 4064
3225 4062
3226 4092
3227 4071
3228 4064
3229 4062
3230 4063
3231 4064
3232 4063
3233 4062
3234 4063
3235 4063
3236 4064
3237 4063
3238 4063
3239 4146
3240 4063
3241 4232
3242 4103
3243 4171
3244 4064
3245 4157
3246 4279
3247 4264
3248 4117
3249 4351
3250 4082
3251 4066
3252 4066
3253 4306
3254 4066
3255 4065
3256 4066
3257 4193
3258 4066
3259 4184
3260 4067
3261 4184
3262 4095
3263 4137
3264 4066
3265 4065
3266 4085
3267 4136
3268 4066
3269 4063
3270 4065
3271 4063
3272 4234
3273 4106
3274 4092
3275 4064
3276 4063
3277 4155
3278 4080
3279 4062
3280 4264
3281 4279
3282 4079
3283 4062
3284 4063
3285 4062
3286 4063
3287 4063
3288 4064
3289 4064
3290 4064
3291 4063
3292 4063
3293 4135
3294 4064
3295 4063
3296 4234
3297 4105
3298 4064
3299 4157
3300 4102
3301 4064
3302 4063
3303 4062
3304 4063
3305 4156
3306 4250
3307 4178
3308 4234
3309 4117
3310 4113
3311 4136
3312 4264
3313 4180
3314 4064
3315 4063
3316 4064
3317 4064
3318 4064
3319 4063
3320 4064
3321 4062
3322 4064
3323 4063
3324 4264
3325 4191
3326 4233
3327 4277
3328 4279
3329 4191
3330 4237
3331 4115
3332 4092
3333 4146
3334 4234
3335 4126
3336 4234
3337 4106
3338 4064
3339 4135
3340 4263
3341 4127
3342 4064
3343 4113
3344 4235
3345 4128
3346 4064
3347 4156
3348 4127
3349 4064
3350 4063
3351 4064
3352 4264
3353 4127
3354 4263
3355 4107
3356 4064
3357 4156
3358 4279
3359 4279
3360 4127
3361 4234
3362 4127
3363 4135
3364 4233
3365 4190
3366 4233
3367 4115
3368 4066
3369 4064
3370 4099
3371 4064
3372 4264
3373 4107
3374 4064
3375 4063
3376 4064
3377 4156
3378 4079
3379 4063
3380 4064
3381 4062
3382 4065
3383 4146
3384 4092
3385 4062
3386 4064
3387 4063
3388 4233
3389 4126
3390 4064
3391 4062
3392 4264
3393 4108
3394 4263
3395 4107
3396 4233
3397 4277
3398 4249
3399 4107
3400 4101
3401 4063
3402 4234
3403 4107
3404 4064
3405 4062
3406 4063
3407 4154
3408 4063
3409 4156
3410 4079
3411 4157
3412 4079
3413 4158
3414 4079
3415 4156
3416 4127
3417 4147
3418 4233
3419 4278
3420 4079
3421 4064
3422 4234
3423 4202
3424 4082
3425 4062
3426 4063
3427 4064
3428 4064
3429 4136
3430 4064
3431 4063
3432 4063
3433 4062
3434 4064
3435 4063
3436 4234
3437 4277
3438 4103
3439 4062
3440 4063
3441 4063
3442 4064
3443 4096
3444 4065
3445 4156
3446 4279
3447 4199
3448 4238
3449 4106
3450 4064
3451 4157
3452 4156
3453 4063
3454 4065
3455 4062
3456 4065
3457 4062
3458 4065
3459 4156
3460 4084
3461 4156
3462 4103
3463 4064
3464 4264
3465 4128
3466 4092
3467 4156
3468 4280
3469 4203
3470 4107
3471 4063
3472 4065
3473 4156
3474 4082
3475 4062
3476 4065
3477 4156
3478 4079
3479 4063
3480 4264
3481 4203
3482 4279
3483 4107
3484 4064
3485 4062
3486 4065
3487 4065
3488 4065
3489 4156
3490 4079
3491 4062
3492 4064
3493 4063
3494 4064
3495 4062
3496 4064
3497 4063
3498 4065
3499 4147
3500 4064
3501 4064
3502 4064
3503 4063
3504 4064
3505 4063
3506 4064
3507 4233
3508 4108
3509 4064
3510 4064
3511 4062
3512 4263
3513 4107
3514 4092
3515 4064
3516 4064
3517 4064
3518 4064
3519 4064
3520 4063
3521 4232
3522 4102
3523 4064
3524 4064
3525 4147
3526 4064
3527 4156
3528 4078
3529 4062
3530 4112
3531 4064
3532 4064
3533 4157
3534 4078
3535 4062
3536 4064
3537 4232
3538 4079
3539 4063
3540 4063
3541 4156
3542 4079
3543 4098
3544 4065
3545 4062
3546 4064
3547 4063
3548 4317
3549 4236
3550 4089
3551 4063
3552 4066
3553 4062
3554 4065
3555 4062
3556 4092
3557 4147
3558 4265
3559 4127
3560 4112
3561 4063
3562 4064
3563 4065
3564 4065
3565 4156
3566 4083
3567 4157
3568 4280
3569 4107
3570 4063
3571 4062
3572 4064
3573 4184
3574 4065
3575 4062
3576 4064
3577 4062
3578 4263
3579 4203
3580 4079
3581 4156
3582 4107
3583 4064
3584 4065
3585 4146
3586 4064
3587 4156
3588 4083
3589 4136
3590 4064
3591 4147
3592 4065
3593 4157
3594 4127
3595 4063
3596 4093
3597 4232
3598 4279
3599 4109
3600 4064
3601 4064
3602 4234
3603 4115
3604 4112
3605 4063
3606 4065
3607 4063
3608 4112
3609 4146
3610 4064
3611 4062
3612 4112
3613 4062
3614 4092
3615 4135
3616 4064
3617 4062
3618 4113
3619 4146
3620 4064
3621 4062
3622 4064
3623 4063
3624 4064
3625 4062
3626 4264
3627 4189
3628 4064
3629 4062
3630 4263
3631 4192
3632 4064
3633 4063
3634 4264
3635 4203
3636 4250
3637 4126
3638 4234
3639 4126
3640 4064
3641 4062
3642 4112
3643 4181
3644 4064
3645 4063
3646 4065
3647 4084
3648 4064
3649 4232
3650 4065
3651 4062
3652 4063
3653 4064
3654 4112
3655 4062
3656 4065
3657 4156
3658 4250
3659 4106
3660 4233
3661 4190
3662 4064
3663 4062
3664 4264
3665 4202
3666 4249
3667 4106
3668 4063
3669 4135
3670 4064
3671 4063
3672 4064
3673 4063
3674 4064
3675 4268
3676 4108
3677 4156
3678 4126
3679 4063
3680 4064
3681 4062
3682 4064
3683 4062
3684 4233
3685 4106
3686 4234
3687 4115
3688 4064
3689 4062
3690 4064
3691 4065
3692 4065
3693 4146
3694 4092
3695 4064
3696 4064
3697 4062
3698 4064
3699 4156
3700 4064
3701 4064
3702 4064
3703 4063
3704 4234
3705 4107
3706 4064
3707 4146
3708 4264
3709 4279
3710 4079
3711 4063
3712 4064
3713 4156
3714 4127
3715 4156
3716 4078
3717 4156
3718 4279
3719 4202
3720 4078
3721 4062
3722 4264
3723 4280
3724 4078
3725 4062
3726 4064
3727 4062
3728 4063
3729 4062
3730 4233
3731 4106
3732 4234
3733 4106
3734 4065
3735 4062
3736 4063
3737 4156
3738 4092
3739 4062
3740 4064
3741 4062
3742 4264
3743 4253
3744 4063
3745 4062
3746 4064
3747 4155
3748 4079
3749 4156
3750 4264
3751 4180
3752 4263
3753 4128
3754 4264
3755 4179
3756 4064
3757 4063
3758 4064
3759 4062
3760 4234
3761 4277
3762 4078
3763 4156
3764 4128
3765 4146
3766 4063
3767 4062
3768 4064
3769 4062
3770 4064
3771 4232
3772 4127
3773 4062
3774 4063
3775 4062
3776 4064
3777 4063
3778 4065
3779 4232
3780 4250
3781 4277
3782 4079
3783 4062
3784 4092
3785 4062
3786 4063
3787 4063
3788 4234
3789 4107
3790 4064
3791 4155
3792 4078
3793 4156
3794 4080
3795 4135
3796 4264
3797 4279
3798 4079
3799 4063
3800 4100
3801 4064
3802 4064
3803 4062
3804 4064
3805 4157
3806 4279
3807 4127
3808 4064
3809 4063
3810 4064
3811 4062
3812 4092
3813 4063
3814 4063
3815 4232
3816 4107
3817 4062
3818 4064
3819 4062
3820 4064
3821 4062
3822 4064
3823 4064
3824 4064
3825 4062
3826 4063
3827 4063
3828 4063
3829 4065
3830 4233
3831 4277
3832 4078
3833 4063
3834 4064
3835 4067
3836 4064
3837 4063
3838 4065
3839 4156
3840 4079
3841 4063
3842 4064
3843 4099
3844 4093
3845 4063
3846 4092
3847 4187
3848 4067
3849 4062
3850 4114
3851 4156
3852 4128
3853 4062
3854 4064
3855 4063
3856 4064
3857 4064
3858 4113
3859 4062
3860 4065
3861 4066
3862 4113
3863 4062
3864 4235
3865 4105
3866 4234
3867 4126
3868 4263
3869 4107
3870 4065
3871 4062
3872 4235
3873 4126
3874 4064
3875 4063
3876 4234
3877 4190
3878 4065
3879 4064
3880 4102
3881 4065
3882 4064
3883 4064
3884 4065
3885 4063
3886 4113
3887 4147
3888 4264
3889 4180
3890 4064
3891 4062
3892 4064
3893 4062
3894 4065
3895 4157
3896 4107
3897 4147
3898 4064
3899 4062
3900 4064
3901 4064
3902 4064
3903 4134
3904 4264
3905 4107
3906 4063
3907 4232
3908 4107
3909 4232
3910 4279
3911 4107
3912 4064
3913 4156
3914 4082
3915 4066
3916 4065
3917 4146
3918 4092
3919 4063
3920 4112
3921 4064
3922 4064
3923 4064
3924 4063
3925 4063
3926 4237
3927 4278
3928 4083
3929 4150
3930 4064
3931 4064
3932 4233
3933 4126
3934 4063
3935 4062
3936 4066
3937 4065
3938 4065
3939 4063
3940 4063
3941 4186
3942 4066
3943 4098
3944 4064
3945 4062
3946 4064
3947 4147
3948 4063
3949 4062
3950 4064
3951 4186
3952 4065
3953 4063
3954 4064
3955 4063
3956 4064
3957 4063
3958 4063
3959 4063
3960 4063
3961 4144
3962 4110
3963 4290
3964 4160
3965 4149
3966 4108
3967 4243
3968 4256
3969 4098
3970 4073
3971 4072
3972 4300
3973 4225
3974 4113
3975 4160
3976 4112
3977 4074
3978 4136
3979 4082
3980 4086
3981 4065
3982 4064
3983 4236
3984 4251
3985 4108
3986 4068
3987 4065
3988 4065
3989 4064
3990 4064
3991 4064
3992 4064
3993 4062
3994 4064
3995 4063
3996 4065
3997 4063
3998 4064
3999 4064
4000 4234
4001 4203
4002 4079
4003 4064
4004 4235
4005 4203
4006 4079
4007 4063
4008 4064
4009 4063
4010 4063
4011 4062
4012 4064
4013 4063
4014 4092
4015 4156
4016 4082
4017 4156
4018 4103
4019 4146
4020 4065
4021 4062
4022 4063
4023 4146
4024 4064
4025 4062
4026 4064
4027 4077
4028 4235
4029 4126
4030 4064
4031 4136
4032 4234
4033 4114
4034 4064
4035 4136
4036 4092
4037 4233
4038 4128
4039 4232
4040 4128
4041 4063
4042 4063
4043 4246
4044 4103
4045 4063
4046 4063
4047 4084
4048 4065
4049 4064
4050 4066
4051 4156
4052 4083
4053 4063
4054 4063
4055 4063
4056 4064
4057 4062
4058 4064
4059 4156
4060 4107
4061 4062
4062 4233
4063 4277
4064 4078
4065 4232
4066 4279
4067 4179
4068 4235
4069 4279
4070 4250
4071 4126
4072 4064
4073 4064
4074 4264
4075 4107
4076 4063
4077 4063
4078 4064
4079 4062
4080 4234
4081 4277
4082 4279
4083 4107
4084 4065
4085 4157
4086 4083
4087 4062
4088 4263
4089 4179
4090 4063
4091 4063
4092 4234
4093 4278
4094 4279
4095 4107
4096 4063
4097 4062
4098 4264
4099 4202
4100 4107
4101 4136
4102 4092
4103 4062
4104 4092
4105 4063
4106 4112
4107 4064
4108 4234
4109 4126
4110 4064
4111 4063
4112 4064
4113 4063
4114 4063
4115 4062
4116 4233
4117 4190
4118 4064
4119 4062
4120 4064
4121 4062
4122 4065
4123 4156
4124 4107
4125 4063
4126 4233
4127 4178
4128 4064
4129 4157
4130 4079
4131 4062
4132 4264
4133 4180
4134 4064
4135 4062
4136 4064
4137 4063
4138 4064
4139 4063
4140 4064
4141 4063
4142 4234
4143 4199
4144 4102
4145 4146
4146 4064
4147 4062
4148 4064
4149 4062
4150 4064
4151 4063
4152 4064
4153 4062
4154 4063
4155 4062
4156 4064
4157 4062
4158 4064
4159 4062
4160 4064
4161 4063
4162 4064
4163 4062
4164 4064
4165 4062
4166 4064
4167 4062
4168 4069
4169 4063
4170 4064
4171 4062
4172 4064
4173 4062
4174 4064
4175 4062
4176 4063
4177 4063
4178 4064
4179 4063
4180 4065
4181 4062
4182 4064
4183 4062
4184 4065
4185 4158
4186 4079
4187 4184
4188 4065
4189 4232
4190 4102
4191 4147
4192 4064
4193 4062
4194 4064
4195 4062
4196 4092
4197 4062
4198 4264
4199 4116
4200 4100
4201 4064
4202 4064
4203 4067
4204 4235
4205 4106
4206 4235
4207 4279
4208 4081
4209 4062
4210 4064
4211 4064
4212 4064
4213 4063
4214 4064
4215 4062
4216 4064
4217 4062
4218 4064
4219 4062
4220 4112
4221 4062
4222 4063
4223 4063
4224 4064
4225 4146
4226 4064
4227 4063
4228 4264
4229 4199
4230 4264
4231 4279
4232 4078
4233 4064
4234 4064
4235 4233
4236 4127
4237 4063
4238 4063
4239 4063
4240 4064
4241 4063
4242 4064
4243 4095
4244 4065
4245 4062
4246 4064
4247 4232
4248 4065
4249 4063
4250 4093
4251 4062
4252 4064
4253 4062
4254 4264
4255 4279
4256 4107
4257 4147
4258 4263
4259 4107
4260 4234
4261 4277
4262 4082
4263 4063
4264 4063
4265 4156
4266 4082
4267 4147
4268 4064
4269 4063
4270 4063
4271 4064
4272 4064
4273 4062
4274 4063
4275 4063
4276 4063
4277 4063
4278 4064
4279 4062
4280 4063
4281 4063
4282 4064
4283 4156
4284 4079
4285 4064
4286 4064
4287 4062
4288 4064
4289 4064
4290 4065
4291 4063
4292 4092
4293 4063
4294 4065
4295 4062
4296 4064
4297 4062
4298 4063
4299 4136
4300 4064
4301 4062
4302 4234
4303 4106
4304 4064
4305 4156
4306 4080
4307 4064
4308 4064
4309 4136
4310 4063
4311 4062
4312 4063
4313 4063
4314 4064
4315 4155
4316 4280
4317 4115
4318 4112
4319 4062
4320 4065
4321 4062
4322 4064
4323 4062
4324 4064
4325 4062
4326 4233
4327 4127
4328 4063
4329 4062
4330 4064
4331 4062
4332 4064
4333 4063
4334 4063
4335 4063
4336 4064
4337 4062
4338 4064
4339 4062
4340 4234
4341 4105
4342 4064
4343 4220
4344 4079
4345 4062
4346 4065
4347 4063
4348 4065
4349 4062
4350 4064
4351 4062
4352 4063
4353 4062
4354 4063
4355 4063
4356 4064
4357 4156
4358 4107
4359 4062
4360 4234
4361 4201
4362 4278
4363 4203
4364 4279
4365 4116
4366 4064
4367 4064
4368 4263
4369 4180
4370 4064
4371 4062
4372 4064
4373 4063
4374 4063
4375 4063
4376 4064
4377 4063
4378 4063
4379 4062
4380 4063
4381 4063
4382 4064
4383 4063
4384 4065
4385 4146
4386 4113
4387 4147
4388 4233
4389 4278
4390 4127
4391 4233
4392 4251
4393 4205
4394 4079
4395 4063
4396 4064
4397 4063
4398 4064
4399 4063
4400 4064
4401 4063
4402 4065
4403 4063
4404 4064
4405 4063
4406 4064
4407 4156
4408 4110
4409 4063
4410 4264
4411 4203
4412 4079
4413 4063
4414 4234
4415 4106
4416 4092
4417 4233
4418 4079
4419 4232
4420 4127
4421 4136
4422 4263
4423 4179
4424 4064
4425 4063
4426 4064
4427 4071
4428 4064
4429 4156
4430 4127
4431 4146
4432 4064
4433 4063
4434 4064
4435 4063
4436 4233
4437 4106
4438 4063
4439 4063
4440 4064
4441 4156
4442 4250
4443 4160
4444 4064
4445 4062
4446 4234
4447 4341
4448 4279
4449 4107
4450 4065
4451 4156
4452 4079
4453 4063
4454 4064
4455 4064
4456 4064
4457 4063
4458 4064
4459 4064
4460 4064
4461 4062
4462 4064
4463 4062
4464 4091
4465 4146
4466 4264
4467 4202
4468 4107
4469 4157
4470 4078
4471 4062
4472 4063
4473 4063
4474 4064
4475 4232
4476 4079
4477 4062
4478 4263
4479 4117
4480 4092
4481 4063
4482 4064
4483 4232
4484 4079
4485 4156
4486 4250
4487 4279
4488 4107
4489 4062
4490 4064
4491 4064
4492 4064
4493 4062
4494 4064
4495 4063
4496 4064
4497 4062
4498 4065
4499 4062
4500 4064
4501 4062
4502 4063
4503 4063
4504 4064
4505 4062
4506 4064
4507 4062
4508 4064
4509 4063
4510 4064
4511 4063
4512 4064
4513 4062
4514 4065
4515 4062
4516 4064
4517 4063
4518 4064
4519 4062
4520 4063
4521 4062
4522 4063
4523 4062
4524 4064
4525 4156
4526 4079
4527 4063
4528 4064
4529 4062
4530 4064
4531 4062
4532 4064
4533 4062
4534 4064
4535 4062
4536 4064
4537 4062
4538 4063
4539 4062
4540 4064
4541 4110
4542 4064
4543 4094
4544 4234
4545 4202
4546 4079
4547 4063
4548 4079
4549 4064
4550 4076
4551 4270
4552 4282
4553 4279
4554 4079
4555 4063
4556 4065
4557 4156
4558 4084
4559 4064
4560 4235
4561 4277
4562 4280
4563 4203
4564 4106
4565 4065
4566 4064
4567 4062
4568 4112
4569 4232
4570 4249
4571 4126
4572 4234
4573 4278
4574 4082
4575 4147
4576 4112
4577 4146
4578 4234
4579 4126
4580 4093
4581 4156
4582 4079
4583 4062
4584 4065
4585 4064
4586 4064
4587 4157
4588 4250
4589 4106
4590 4065
4591 4063
4592 4064
4593 4062
4594 4112
4595 4148
4596 4065
4597 4064
4598 4064
4599 4063
4600 4274
4601 4108
4602 4064
4603 4062
4604 4064
4605 4062
4606 4063
4607 4147
4608 4063
4609 4157
4610 4079
4611 4135
4612 4064
4613 4063
4614 4064
4615 4062
4616 4064
4617 4147
4618 4064
4619 4156
4620 4103
4621 4062
4622 4064
4623 4062
4624 4064
4625 4063
4626 4065
4627 4063
4628 4064
4629 4064
4630 4064
4631 4062
4632 4064
4633 4063
4634 4064
4635 4062
4636 4064
4637 4063
4638 4063
4639 4062
4640 4093
4641 4063
4642 4064
4643 4164
4644 4235
4645 4192
4646 4064
4647 4146
4648 4068
4649 4135
4650 4265
4651 4107
4652 4064
4653 4146
4654 4093
4655 4232
4656 4079
4657 4063
4658 4064
4659 4062
4660 4065
4661 4062
4662 4065
4663 4064
4664 4064
4665 4232
4666 4102
4667 4146
4668 4235
4669 4190
4670 4064
4671 4062
4672 4065
4673 4064
4674 4065
4675 4062
4676 4065
4677 4147
4678 4263
4679 4128
4680 4233
4681 4106
4682 4064
4683 4063
4684 4065
4685 4063
4686 4064
4687 4062
4688 4065
4689 4155
4690 4107
4691 4062
4692 4064
4693 4062
4694 4064
4695 4064
4696 4064
4697 4063
4698 4064
4699 4065
4700 4065
4701 4063
4702 4234
4703 4203
4704 4079
4705 4063
4706 4064
4707 4062
4708 4065
4709 4146
4710 4065
4711 4062
4712 4063
4713 4063
4714 4064
4715 4066
4716 4065
4717 4063
4718 4064
4719 4062
4720 4064
4721 4062
4722 4063
4723 4062
4724 4233
4725 4127
4726 4233
4727 4178
4728 4064
4729 4062
4730 4064
4731 4062
4732 4065
4733 4063
4734 4064
4735 4062
4736 4064
4737 4062
4738 4065
4739 4063
4740 4063
4741 4062
4742 4064
4743 4097
4744 4065
4745 4156
4746 4079
4747 4063
4748 4063
4749 4063
4750 4064
4751 4063
4752 4064
4753 4062
4754 4064
4755 4062
4756 4064
4757 4066
4758 4063
4759 4063
4760 4064
4761 4062
4762 4063
4763 4062
4764 4065
4765 4146
4766 4064
4767 4062
4768 4063
4769 4063
4770 4064
4771 4063
4772 4234
4773 4278
4774 4107
4775 4148
4776 4064
4777 4063
4778 4063
4779 4233
4780 4106
4781 4063
4782 4064
4783 4062
4784 4064
4785 4135
4786 4263
4787 4179
4788 4064
4789 4063
4790 4063
4791 4156
4792 4078
4793 4146
4794 4063
4795 4146
4796 4064
4797 4062
4798 4064
4799 4062
4800 4063
4801 4062
4802 4066
4803 4064
4804 4064
4805 4062
4806 4063
4807 4114
4808 4064
4809 4156
4810 4078
4811 4232
4812 4078
4813 4062
4814 4064
4815 4063
4816 4064
4817 4155
4818 4104
4819 4135
4820 4263
4821 4107
4822 4064
4823 4062
4824 4063
4825 4155
4826 4249
4827 4187
4828 4264
4829 4203
4830 4078
4831 4146
4832 4264
4833 4202
4834 4082
4835 4063
4836 4234
4837 4191
4838 4112
4839 4062
4840 4064
4841 4062
4842 4064
4843 4097
4844 4092
4845 4063
4846 4093
4847 4177
4848 4107
4849 4064
4850 4264
4851 4107
4852 4063
4853 4063
4854 4064
4855 4157
4856 4078
4857 4063
4858 4064
4859 4066
4860 4065
4861 4062
4862 4064
4863 4062
4864 4234
4865 4106
4866 4113
4867 4064
4868 4063
4869 4062
4870 4064
4871 4064
4872 4064
4873 4063
4874 4092
4875 4147
4876 4234
4877 4105
4878 4234
4879 4278
4880 4102
4881 4062
4882 4065
4883 4062
4884 4233
4885 4178
4886 4064
4887 4062
4888 4065
4889 4062
4890 4064
4891 4063
4892 4064
4893 4062
4894 4234
4895 4115
4896 4064
4897 4062
4898 4064
4899 4063
4900 4064
4901 4062
4902 4064
4903 4233
4904 4081
4905 4063
4906 4064
4907 4063
4908 4234
4909 4105
4910 4064
4911 4064
4912 4064
4913 4062
4914 4064
4915 4062
4916 4064
4917 4064
4918 4064
4919 4063
4920 4068
4921 4062
4922 4064
4923 4157
4924 4127
4925 4063
4926 4064
4927 4062
4928 4064
4929 4064
4930 4112
4931 4062
4932 4063
4933 4063
4934 4063
4935 4233
4936 4103
4937 4064
4938 4092
4939 4233
4940 4279
4941 4203
4942 4102
4943 4144
4944 4102
4945 4146
4946 4064
4947 4062
4948 4063
4949 4062
4950 4234
4951 4105
4952 4063
4953 4062
4954 4064
4955 4063
4956 4234
4957 4106
4958 4063
4959 4062
4960 4064
4961 4062
4962 4064
4963 4062
4964 4064
4965 4062
4966 4064
4967 4062
4968 4063
4969 4063
4970 4064
4971 4062
4972 4234
4973 4178
4974 4064
4975 4062
4976 4064
4977 4062
4978 4234
4979 4106
4980 4116
4981 4093
4982 4180
4983 4108
4984 4299
4985 4119
4986 4247
4987 4142
4988 4081
4989 4074
4990 4379
4991 4070
4992 4106
4993 4076
4994 4270
4995 4200
4996 4072
4997 4313
4998 4096
4999 4094
5000 4120
5001 4065
5002 4143
5003 4189
5004 4067
5005 4188
5006 4068
5007 4064
5008 4234
5009 4107
5010 4065
5011 4063
5012 4064
5013 4062
5014 4065
5015 4063
5016 4066
5017 4063
5018 4113
5019 4146
5020 4064
5021 4156
5022 4080
5023 4062
5024 4065
5025 4135
5026 4112
5027 4064
5028 4064
5029 4065
5030 4065
5031 4063
5032 4065
5033 4062
5034 4064
5035 4063
5036 4064
5037 4062
5038 4064
5039 4063
5040 4112
5041 4232
5042 4250
5043 4246
5044 4265
5045 4279
5046 4078
5047 4072
5048 4068
5049 4156
5050 4103
5051 4232
5052 4104
5053 4062
5054 4064
5055 4063
5056 4065
5057 4156
5058 4107
5059 4146
5060 4064
5061 4156
5062 4280
5063 4107
5064 4068
5065 4232
5066 4108
5067 4135
5068 4065
5069 4146
5070 4092
5071 4146
5072 4065
5073 4146
5074 4064
5075 4063
5076 4064
5077 4232
5078 4127
5079 4063
5080 4234
5081 4107
5082 4066
5083 4064
5084 4064
5085 4062
5086 4065
5087 4062
5088 4112
5089 4062
5090 4112
5091 4064
5092 4066
5093 4062
5094 4065
5095 4064
5096 4066
5097 4063
5098 4092
5099 4064
5100 4064
5101 4062
5102 4065
5103 4062
5104 4234
5105 4277
5106 4080
5107 4066
5108 4265
5109 4181
5110 4065
5111 4064
5112 4064
5113 4156
5114 4280
5115 4128
5116 4064
5117 4064
5118 4065
5119 4157
5120 4127
5121 4233
5122 4079
5123 4156
5124 4250
5125 4107
5126 4064
5127 4156
5128 4289
5129 4128
5130 4064
5131 4063
5132 4064
5133 4062
5134 4063
5135 4064
5136 4064
5137 4063
5138 4064
5139 4062
5140 4234
5141 4190
5142 4092
5143 4144
5144 4080
5145 4062
5146 4065
5147 4062
5148 4064
5149 4062
5150 4064
5151 4063
5152 4064
5153 4062
5154 4063
5155 4062
5156 4235
5157 4277
5158 4127
5159 4062
5160 4093
5161 4063
5162 4063
5163 4156
5164 4078
5165 4063
5166 4233
5167 4279
5168 4079
5169 4146
5170 4063
5171 4146
5172 4064
5173 4062
5174 4064
5175 4062
5176 4064
5177 4063
5178 4112
5179 4063
5180 4233
5181 4179
5182 4263
5183 4107
5184 4064
5185 4063
5186 4064
5187 4156
5188 4102
5189 4232
5190 4107
5191 4064
5192 4234
5193 4106
5194 4264
5195 4107
5196 4092
5197 4156
5198 4278
5199 4107
5200 4234
5201 4108
5202 4065
5203 4063
5204 4064
5205 4062
5206 4092
5207 4062
5208 4063
5209 4062
5210 4064
5211 4183
5212 4065
5213 4063
5214 4065
5215 4062
5216 4064
5217 4062
5218 4064
5219 4062
5220 4233
5221 4126
5222 4264
5223 4279
5224 4082
5225 4063
5226 4064
5227 4165
5228 4080
5229 4063
5230 4064
5231 4157
5232 4107
5233 4232
5234 4079
5235 4062
5236 4063
5237 4063
5238 4092
5239 4147
5240 4063
5241 4062
5242 4064
5243 4098
5244 4065
5245 4146
5246 4064
5247 4203
5248 4064
5249 4147
5250 4065
5251 4062
5252 4093
5253 4148
5254 4112
5255 4064
5256 4065
5257 4147
5258 4113
5259 4232
5260 4250
5261 4180
5262 4064
5263 4062
5264 4065
5265 4063
5266 4064
5267 4062
5268 4064
5269 4157
5270 4127
5271 4062
5272 4063
5273 4062
5274 4064
5275 4233
5276 4079
5277 4063
5278 4064
5279 4063
5280 4064
5281 4062
5282 4233
5283 4180
5284 4064
5285 4062
5286 4113
5287 4234
5288 4128
5289 4063
5290 4234
5291 4278
5292 4079
5293 4063
5294 4064
5295 4062
5296 4234
5297 4106
5298 4235
5299 4107
5300 4064
5301 4062
5302 4234
5303 4126
5304 4064
5305 4063
5306 4064
5307 4063
5308 4064
5309 4063
5310 4233
5311 4189
5312 4112
5313 4062
5314 4065
5315 4146
5316 4234
5317 4279
5318 4079
5319 4063
5320 4234
5321 4126
5322 4064
5323 4063
5324 4234
5325 4116
5326 4063
5327 4155
5328 4079
5329 4062
5330 4065
5331 4063
5332 4234
5333 4277
5334 4079
5335 4062
5336 4064
5337 4062
5338 4064
5339 4063
5340 4063
5341 4063
5342 4064
5343 4138
5344 4083
5345 4062
5346 4064
5347 4063
5348 4064
5349 4062
5350 4064
5351 4063
5352 4064
5353 4062
5354 4064
5355 4062
5356 4064
5357 4062
5358 4063
5359 4063
5360 4234
5361 4105
5362 4263
5363 4107
5364 4064
5365 4062
5366 4064
5367 4062
5368 4063
5369 4062
5370 4063
5371 4066
5372 4065
5373 4062
5374 4233
5375 4278
5376 4250
5377 4279
5378 4079
5379 4062
5380 4063
5381 4156
5382 4280
5383 4127
5384 4065
5385 4156
5386 4103
5387 4146
5388 4092
5389 4135
5390 4092
5391 4064
5392 4063
5393 4156
5394 4102
5395 4147
5396 4064
5397 4232
5398 4107
5399 4063
5400 4092
5401 4156
5402 4079
5403 4184
5404 4065
5405 4135
5406 4263
5407 4279
5408 4082
5409 4146
5410 4064
5411 4063
5412 4234
5413 4203
5414 4127
5415 4063
5416 4101
5417 4064
5418 4064
5419 4062
5420 4064
5421 4062
5422 4064
5423 4146
5424 4234
5425 4106
5426 4064
5427 4063
5428 4064
5429 4157
5430 4280
5431 4202
5432 4111
5433 4146
5434 4263
5435 4107
5436 4063
5437 4064
5438 4064
5439 4135
5440 4064
5441 4156
5442 4079
5443 4297
5444 4092
5445 4232
5446 4107
5447 4186
5448 4065
5449 4062
5450 4092
5451 4232
5452 4080
5453 4063
5454 4113
5455 4156
5456 4079
5457 4146
5458 4112
5459 4062
5460 4064
5461 4062
5462 4065
5463 4232
5464 4250
5465 4107
5466 4065
5467 4064
5468 4065
5469 4062
5470 4064
5471 4157
5472 4249
5473 4178
5474 4092
5475 4063
5476 4064
5477 4063
5478 4064
5479 4135
5480 4092
5481 4146
5482 4064
5483 4062
5484 4065
5485 4063
5486 4233
5487 4126
5488 4092
5489 4062
5490 4092
5491 4147
5492 4112
5493 4062
5494 4112
5495 4063
5496 4063
5497 4156
5498 4127
5499 4146
5500 4121
5501 4063
5502 4112
5503 4063
5504 4263
5505 4128
5506 4064
5507 4062
5508 4234
5509 4278
5510 4250
5511 4126
5512 4112
5513 4146
5514 4063
5515 4062
5516 4092
5517 4147
5518 4091
5519 4136
5520 4064
5521 4156
5522 4107
5523 4232
5524 4079
5525 4156
5526 4279
5527 4179
5528 4064
5529 4062
5530 4064
5531 4062
5532 4064
5533 4063
5534 4064
5535 4062
5536 4065
5537 4155
5538 4280
5539 4107
5540 4064
5541 4063
5542 4113
5543 4179
5544 4064
5545 4063
5546 4065
5547 4063
5548 4338
5549 4136
5550 4075
5551 4063
5552 4065
5553 4063
5554 4065
5555 4063
5556 4065
5557 4063
5558 4065
5559 4064
5560 4065
5561 4156
5562 4128
5563 4063
5564 4065
5565 4063
5566 4093
5567 4232
5568 4107
5569 4064
5570 4064
5571 4146
5572 4065
5573 4157
5574 4250
5575 4146
5576 4065
5577 4135
5578 4113
5579 4232
5580 4250
5581 4280
5582 4083
5583 4063
5584 4065
5585 4062
5586 4064
5587 4063
5588 4234
5589 4126
5590 4064
5591 4146
5592 4064
5593 4156
5594 4279
5595 4279
5596 4279
5597 4202
5598 4079
5599 4147
5600 4112
5601 4135
5602 4065
5603 4156
5604 4280
5605 4107
5606 4064
5607 4135
5608 4264
5609 4279
5610 4079
5611 4156
5612 4127
5613 4062
5614 4064
5615 4062
5616 4063
5617 4062
5618 4063
5619 4062
5620 4092
5621 4147
5622 4092
5623 4062
5624 4064
5625 4157
5626 4250
5627 4200
5628 4064
5629 4063
5630 4064
5631 4062
5632 4064
5633 4062
5634 4234
5635 4277
5636 4250
5637 4107
5638 4064
5639 4062
5640 4234
5641 4179
5642 4063
5643 4222
5644 4250
5645 4107
5646 4064
5647 4083
5648 4065
5649 4062
5650 4065
5651 4062
5652 4113
5653 4063
5654 4064
5655 4062
5656 4063
5657 4062
5658 4233
5659 4105
5660 4264
5661 4191
5662 4234
5663 4279
5664 4078
5665 4062
5666 4064
5667 4063
5668 4064
5669 4062
5670 4063
5671 4062
5672 4065
5673 4062
5674 4234
5675 4126
5676 4234
5677 4106
5678 4234
5679 4178
5680 4234
5681 4106
5682 4234
5683 4105
5684 4092
5685 4064
5686 4064
5687 4063
5688 4063
5689 4063
5690 4064
5691 4062
5692 4234
5693 4179
5694 4063
5695 4063
5696 4113
5697 4063
5698 4064
5699 4062
5700 4064
5701 4062
5702 4064
5703 4063
5704 4065
5705 4062
5706 4064
5707 4063
5708 4064
5709 4062
5710 4064
5711 4062
5712 4064
5713 4063
5714 4065
5715 4063
5716 4064
5717 4062
5718 4065
5719 4062
5720 4064
5721 4156
5722 4078
5723 4184
5724 4065
5725 4063
5726 4064
5727 4063
5728 4064
5729 4062
5730 4064
5731 4063
5732 4064
5733 4155
5734 4103
5735 4063
5736 4064
5737 4062
5738 4233
5739 4109
5740 4065
5741 4063
5742 4064
5743 4097
5744 4107
5745 4156
5746 4083
5747 4063
5748 4064
5749 4065
5750 4065
5751 4062
5752 4234
5753 4127
5754 4092
5755 4063
5756 4064
5757 4063
5758 4234
5759 4278
5760 4249
5761 4107
5762 4092
5763 4064
5764 4064
5765 4135
5766 4064
5767 4063
5768 4063
5769 4062
5770 4064
5771 4062
5772 4063
5773 4062
5774 4064
5775 4233
5776 4102
5777 4062
5778 4264
5779 4107
5780 4064
5781 4232
5782 4079
5783 4062
5784 4064
5785 4063
5786 4065
5787 4063
5788 4063
5789 4063
5790 4064
5791 4063
5792 4063
5793 4063
5794 4063
5795 4063
5796 4234
5797 4202
5798 4079
5799 4062
5800 4064
5801 4156
5802 4250
5803 4228
5804 4065
5805 4063
5806 4064
5807 4064
5808 4064
5809 4062
5810 4064
5811 4062
5812 4064
5813 4063
5814 4063
5815 4062
5816 4064
5817 4063
5818 4064
5819 4062
5820 4063
5821 4063
5822 4064
5823 4062
5824 4063
5825 4063
5826 4065
5827 4062
5828 4064
5829 4062
5830 4092
5831 4062
5832 4064
5833 4233
5834 4079
5835 4062
5836 4065
5837 4062
5838 4063
5839 4062
5840 4234
5841 4179
5842 4065
5843 4094
5844 4064
5845 4062
5846 4234
5847 4277
5848 4250
5849 4126
5850 4233
5851 4179
5852 4264
5853 4202
5854 4078
5855 4156
5856 4250
5857 4278
5858 4079
5859 4062
5860 4064
5861 4063
5862 4234
5863 4106
5864 4064
5865 4063
5866 4064
5867 4062
5868 4234
5869 4106
5870 4235
5871 4278
5872 4106
5873 4062
5874 4063
5875 4062
5876 4064
5877 4147
5878 4064
5879 4062
5880 4063
5881 4063
5882 4064
5883 4066
5884 4235
5885 4279
5886 4079
5887 4063
5888 4113
5889 4146
5890 4093
5891 4147
5892 4233
5893 4277
5894 4079
5895 4062
5896 4235
5897 4106
5898 4112
5899 4156
5900 4280
5901 4107
5902 4063
5903 4062
5904 4064
5905 4064
5906 4234
5907 4107
5908 4063
5909 4147
5910 4263
5911 4202
5912 4107
5913 4156
5914 4128
5915 4232
5916 4280
5917 4191
5918 4064
5919 4147
5920 4064
5921 4062
5922 4234
5923 4203
5924 4079
5925 4063
5926 4092
5927 4063
5928 4324
5929 4159
5930 4083
5931 4146
5932 4065
5933 4063
5934 4064
5935 4063
5936 4065
5937 4062
5938 4064
5939 4062
5940 4063
5941 4062
5942 4064
5943 4139
5944 4077
5945 4189
5946 4066
5947 4063
5948 4065
5949 4063
5950 4065
5951 4063
5952 4065
5953 4155
5954 4128
5955 4233
5956 4079
5957 4063
5958 4064
5959 4063
5960 4065
5961 4063
5962 4113
5963 4062
5964 4065
5965 4232
5966 4279
5967 4128
5968 4263
5969 4203
5970 4078
5971 4062
5972 4234
5973 4190
5974 4092
5975 4147
5976 4064
5977 4062
5978 4065
5979 4062
5980 4065
5981 4232
5982 4083
5983 4232
5984 4107
5985 4064
5986 4064
5987 4063
5988 4065
5989 4062
5990 4234
5991 4106
5992 4065
5993 4062
5994 4064
5995 4062
5996 4064
5997 4062
5998 4065
5999 4157
6000 4194
6001 4295
6002 4165
6003 4114
6004 4105
6005 4208
6006 4088
6007 4145
6008 4097
6009 4167
6010 4107
6011 4100
6012 4074
6013 4072
6014 4078
6015 4076
6016 4097
6017 4103
6018 4284
6019 4317
6020 4063
6021 4065
6022 4092
6023 4065
6024 4237
6025 4279
6026 4102
6027 4248
6028 4079
6029 4064
6030 4064
6031 4236
6032 4250
6033 4107
6034 4065
6035 4063
6036 4064
6037 4063
6038 4064
6039 4232
6040 4280
6041 4179
6042 4234
6043 4171
6044 4065
6045 4064
6046 4065
6047 4202
6048 4264
6049 4128
6050 4112
6051 4064
6052 4065
6053 4062
6054 4064
6055 4063
6056 4065
6057 4232
6058 4250
6059 4126
6060 4064
6061 4064
6062 4064
6063 4156
6064 4103
6065 4135
6066 4264
6067 4128
6068 4064
6069 4156
6070 4279
6071 4127
6072 4064
6073 4062
6074 4264
6075 4280
6076 4279
6077 4107
6078 4063
6079 4062
6080 4063
6081 4232
6082 4083
6083 4135
6084 4113
6085 4147
6086 4064
6087 4064
6088 4064
6089 4063
6090 4063
6091 4062
6092 4064
6093 4156
6094 4078
6095 4156
6096 4107
6097 4147
6098 4264
6099 4202
6100 4107
6101 4063
6102 4264
6103 4107
6104 4064
6105 4062
6106 4064
6107 4232
6108 4078
6109 4062
6110 4064
6111 4063
6112 4064
6113 4062
6114 4064
6115 4063
6116 4063
6117 4063
6118 4064
6119 4064
6120 4064
6121 4064
6122 4063
6123 4063
6124 4064
6125 4062
6126 4064
6127 4063
6128 4063
6129 4063
6130 4065
6131 4063
6132 4063
6133 4136
6134 4064
6135 4064
6136 4112
6137 4156
6138 4106
6139 4135
6140 4063
6141 4063
6142 4063
6143 4135
6144 4064
6145 4062
6146 4065
6147 4063
6148 4063
6149 4157
6150 4250
6151 4201
6152 4250
6153 4126
6154 4063
6155 4062
6156 4064
6157 4062
6158 4064
6159 4062
6160 4064
6161 4063
6162 4264
6163 4179
6164 4263
6165 4107
6166 4064
6167 4147
6168 4064
6169 4062
6170 4064
6171 4063
6172 4064
6173 4062
6174 4064
6175 4062
6176 4063
6177 4062
6178 4065
6179 4063
6180 4064
6181 4062
6182 4064
6183 4062
6184 4064
6185 4064
6186 4064
6187 4062
6188 4064
6189 4062
6190 4064
6191 4157
6192 4126
6193 4157
6194 4279
6195 4179
6196 4063
6197 4063
6198 4064
6199 4063
6200 4064
6201 4063
6202 4263
6203 4398
6204 4065
6205 4063
6206 4064
6207 4063
6208 4064
6209 4136
6210 4263
6211 4127
6212 4063
6213 4062
6214 4064
6215 4063
6216 4064
6217 4134
6218 4064
6219 4063
6220 4064
6221 4062
6222 4064
6223 4063
6224 4233
6225 4106
6226 4234
6227 4184
6228 4094
6229 4135
6230 4064
6231 4063
6232 4064
6233 4147
6234 4063
6235 4159
6236 4080
6237 4066
6238 4065
6239 4135
6240 4063
6241 4062
6242 4066
6243 4135
6244 4064
6245 4156
6246 4102
6247 4062
6248 4237
6249 4106
6250 4093
6251 4067
6252 4068
6253 4065
6254 4302
6255 4117
6256 4065
6257 4156
6258 4083
6259 4063
6260 4234
6261 4126
6262 4064
6263 4064
6264 4065
6265 4065
6266 4065
6267 4067
6268 4066
6269 4157
6270 4250
6271 4107
6272 4235
6273 4126
6274 4234
6275 4106
6276 4065
6277 4063
6278 4234
6279 4202
6280 4079
6281 4062
6282 4065
6283 4063
6284 4065
6285 4062
6286 4064
6287 4146
6288 4064
6289 4062
6290 4263
6291 4107
6292 4064
6293 4062
6294 4112
6295 4156
6296 4107
6297 4062
6298 4064
6299 4062
6300 4064
6301 4064
6302 4064
6303 4063
6304 4064
6305 4062
6306 4064
6307 4062
6308 4064
6309 4062
6310 4234
6311 4105
6312 4064
6313 4062
6314 4064
6315 4062
6316 4064
6317 4062
6318 4064
6319 4062
6320 4063
6321 4062
6322 4234
6323 4278
6324 4127
6325 4147
6326 4234
6327 4279
6328 4279
6329 4107
6330 4063
6331 4064
6332 4064
6333 4062
6334 4064
6335 4063
6336 4064
6337 4062
6338 4065
6339 4062
6340 4233
6341 4106
6342 4064
6343 4106
6344 4064
6345 4062
6346 4064
6347 4147
6348 4064
6349 4062
6350 4064
6351 4156
6352 4078
6353 4062
6354 4065
6355 4062
6356 4063
6357 4062
6358 4063
6359 4062
6360 4064
6361 4062
6362 4234
6363 4106
6364 4063
6365 4063
6366 4063
6367 4063
6368 4064
6369 4062
6370 4064
6371 4062
6372 4063
6373 4062
6374 4064
6375 4062
6376 4234
6377 4106
6378 4064
6379 4062
6380 4064
6381 4233
6382 4249
6383 4279
6384 4102
6385 4146
6386 4092
6387 4062
6388 4263
6389 4179
6390 4233
6391 4126
6392 4092
6393 4062
6394 4064
6395 4160
6396 4080
6397 4063
6398 4092
6399 4062
6400 4233
6401 4115
6402 4113
6403 4233
6404 4279
6405 4239
6406 4264
6407 4107
6408 4064
6409 4232
6410 4249
6411 4190
6412 4064
6413 4156
6414 4279
6415 4107
6416 4064
6417 4063
6418 4064
6419 4232
6420 4078
6421 4063
6422 4233
6423 4179
6424 4234
6425 4126
6426 4063
6427 4072
6428 4233
6429 4189
6430 4264
6431 4107
6432 4264
6433 4279
6434 4079
6435 4062
6436 4113
6437 4157
6438 4102
6439 4135
6440 4272
6441 4108
6442 4264
6443 4243
6444 4064
6445 4146
6446 4064
6447 4081
6448 4065
6449 4156
6450 4079
6451 4147
6452 4143
6453 4063
6454 4064
6455 4062
6456 4068
6457 4063
6458 4064
6459 4146
6460 4064
6461 4063
6462 4263
6463 4107
6464 4064
6465 4156
6466 4249
6467 4278
6468 4079
6469 4063
6470 4064
6471 4063
6472 4264
6473 4202
6474 4102
6475 4146
6476 4064
6477 4062
6478 4063
6479 4156
6480 4249
6481 4106
6482 4064
6483 4156
6484 4102
6485 4135
6486 4064
6487 4063
6488 4064
6489 4063
6490 4064
6491 4063
6492 4234
6493 4126
6494 4063
6495 4064
6496 4064
6497 4062
6498 4064
6499 4156
6500 4108
6501 4136
6502 4264
6503 4202
6504 4079
6505 4063
6506 4233
6507 4278
6508 4250
6509 4179
6510 4063
6511 4062
6512 4064
6513 4062
6514 4263
6515 4107
6516 4063
6517 4062
6518 4063
6519 4063
6520 4063
6521 4062
6522 4064
6523 4062
6524 4063
6525 4135
6526 4092
6527 4148
6528 4064
6529 4157
6530 4079
6531 4063
6532 4064
6533 4063
6534 4111
6535 4063
6536 4064
6537 4062
6538 4112
6539 4232
6540 4079
6541 4063
6542 4063
6543 4151
6544 4079
6545 4156
6546 4107
6547 4063
6548 4341
6549 4111
6550 4076
6551 4065
6552 4094
6553 4063
6554 4065
6555 4063
6556 4066
6557 4232
6558 4128
6559 4156
6560 4103
6561 4064
6562 4065
6563 4062
6564 4064
6565 4064
6566 4064
6567 4064
6568 4065
6569 4063
6570 4064
6571 4064
6572 4234
6573 4178
6574 4064
6575 4063
6576 4092
6577 4232
6578 4107
6579 4063
6580 4113
6581 4062
6582 4064
6583 4064
6584 4113
6585 4135
6586 4112
6587 4156
6588 4079
6589 4157
6590 4250
6591 4107
6592 4065
6593 4064
6594 4092
6595 4135
6596 4234
6597 4278
6598 4079
6599 4135
6600 4064
6601 4146
6602 4264
6603 4107
6604 4064
6605 4064
6606 4064
6607 4147
6608 4065
6609 4135
6610 4064
6611 4135
6612 4113
6613 4062
6614 4064
6615 4064
6616 4064
6617 4156
6618 4079
6619 4156
6620 4082
6621 4232
6622 4107
6623 4146
6624 4234
6625 4106
6626 4064
6627 4156
6628 4249
6629 4107
6630 4064
6631 4156
6632 4107
6633 4146
6634 4064
6635 4063
6636 4063
6637 4063
6638 4064
6639 4063
6640 4064
6641 4063
6642 4064
6643 4102
6644 4064
6645 4063
6646 4235
6647 4349
6648 4093
6649 4062
6650 4065
6651 4062
6652 4064
6653 4063
6654 4065
6655 4062
6656 4063
6657 4233
6658 4106
6659 4062
6660 4065
6661 4147
6662 4234
6663 4126
6664 4264
6665 4127
6666 4263
6667 4191
6668 4234
6669 4178
6670 4064
6671 4062
6672 4064
6673 4062
6674 4064
6675 4147
6676 4263
6677 4184
6678 4065
6679 4064
6680 4093
6681 4146
6682 4063
6683 4063
6684 4065
6685 4156
6686 4280
6687 4203
6688 4103
6689 4062
6690 4093
6691 4062
6692 4064
6693 4063
6694 4264
6695 4191
6696 4064
6697 4063
6698 4064
6699 4063
6700 4064
6701 4063
6702 4064
6703 4063
6704 4064
6705 4062
6706 4064
6707 4062
6708 4064
6709 4062
6710 4065
6711 4063
6712 4064
6713 4155
6714 4103
6715 4064
6716 4064
6717 4157
6718 4079
6719 4062
6720 4065
6721 4062
6722 4064
6723 4062
6724 4064
6725 4063
6726 4063
6727 4062
6728 4064
6729 4062
6730 4064
6731 4063
6732 4064
6733 4064
6734 4064
6735 4063
6736 4064
6737 4063
6738 4234
6739 4179
6740 4064
6741 4063
6742 4264
6743 4146
6744 4064
6745 4063
6746 4064
6747 4185
6748 4065
6749 4063
6750 4070
6751 4064
6752 4066
6753 4184
6754 4066
6755 4064
6756 4112
6757 4146
6758 4263
6759 4202
6760 4078
6761 4063
6762 4063
6763 4066
6764 4065
6765 4062
6766 4064
6767 4062
6768 4063
6769 4062
6770 4064
6771 4062
6772 4064
6773 4156
6774 4107
6775 4063
6776 4264
6777 4127
6778 4064
6779 4064
6780 4234
6781 4178
6782 4092
6783 4062
6784 4065
6785 4063
6786 4234
6787 4107
6788 4064
6789 4062
6790 4112
6791 4232
6792 4280
6793 4202
6794 4249
6795 4108
6796 4092
6797 4232
6798 4079
6799 4062
6800 4092
6801 4063
6802 4064
6803 4062
6804 4064
6805 4182
6806 4235
6807 4279
6808 4079
6809 4064
6810 4064
6811 4158
6812 4127
6813 4232
6814 4107
6815 4063
6816 4064
6817 4157
6818 4107
6819 4232
6820 4082
6821 4062
6822 4064
6823 4063
6824 4064
6825 4156
6826 4079
6827 4168
6828 4079
6829 4062
6830 4064
6831 4146
6832 4234
6833 4277
6834 4106
6835 4064
6836 4064
6837 4062
6838 4064
6839 4147
6840 4234
6841 4126
6842 4092
6843 4128
6844 4064
6845 4156
6846 4083
6847 4201
6848 4092
6849 4156
6850 4130
6851 4063
6852 4064
6853 4107
6854 4112
6855 4156
6856 4108
6857 4063
6858 4064
6859 4062
6860 4064
6861 4062
6862 4093
6863 4063
6864 4112
6865 4064
6866 4065
6867 4063
6868 4264
6869 4107
6870 4234
6871 4277
6872 4249
6873 4178
6874 4064
6875 4063
6876 4064
6877 4063
6878 4064
6879 4063
6880 4064
6881 4157
6882 4079
6883 4127
6884 4064
6885 4062
6886 4064
6887 4063
6888 4264
6889 4179
6890 4264
6891 4179
6892 4064
6893 4063
6894 4064
6895 4063
6896 4234
6897 4178
6898 4064
6899 4062
6900 4113
6901 4157
6902 4082
6903 4063
6904 4233
6905 4277
6906 4079
6907 4150
6908 4068
6909 4064
6910 4263
6911 4203
6912 4078
6913 4062
6914 4063
6915 4063
6916 4064
6917 4063
6918 4239
6919 4127
6920 4066
6921 4064
6922 4063
6923 4063
6924 4064
6925 4064
6926 4064
6927 4064
6928 4064
6929 4156
6930 4279
6931 4203
6932 4082
6933 4064
6934 4064
6935 4156
6936 4107
6937 4063
6938 4064
6939 4156
6940 4083
6941 4156
6942 4103
6943 4211
6944 4107
6945 4232
6946 4106
6947 4062
6948 4064
6949 4065
6950 4234
6951 4278
6952 4281
6953 4192
6954 4065
6955 4063
6956 4064
6957 4062
6958 4064
6959 4064
6960 4064
6961 4063
6962 4234
6963 4106
6964 4234
6965 4277
6966 4128
6967 4063
6968 4068
6969 4063
6970 4065
6971 4063
6972 4064
6973 4064
6974 4064
6975 4063
6976 4064
6977 4064
6978 4063
6979 4063
6980 4064
6981 4063
6982 4064
6983 4063
6984 4064
6985 4232
6986 4279
6987 4107
6988 4064
6989 4062
6990 4064
6991 4063
6992 4064
6993 4062
6994 4080
6995 4115
6996 4092
6997 4063
6998 4064
6999 4064
7000 4064
7001 4062
7002 4064
7003 4063
7004 4063
7005 4157
7006 4078
7007 4063
7008 4264
7009 4203
7010 4280
7011 4191
7012 4064
7013 4063
7014 4064
7015 4063
7016 4064
7017 4156
7018 4103
7019 4064
7020 4151
7021 4193
7022 4140
7023 4110
7024 4137
7025 4183
7026 4130
7027 4165
7028 4118
7029 4083
7030 4125
7031 4167
7032 4087
7033 4272
7034 4084
7035 4074
7036 4155
7037 4397
7038 4088
7039 4067
7040 4071
7041 4073
7042 4238
7043 4210
7044 4065
7045 4063
7046 4064
7047 4063
7048 4068
7049 4065
7050 4065
7051 4063
7052 4066
7053 4063
7054 4066
7055 4064
7056 4066
7057 4135
7058 4235
7059 4106
7060 4065
7061 4063
7062 4064
7063 4135
7064 4093
7065 4232
7066 4083
7067 4156
7068 4082
7069 4063
7070 4065
7071 4063
7072 4065
7073 4156
7074 4102
7075 4146
7076 4064
7077 4063
7078 4065
7079 4064
7080 4063
7081 4135
7082 4112
7083 4064
7084 4065
7085 4064
7086 4234
7087 4128
7088 4064
7089 4156
7090 4103
7091 4063
7092 4065
7093 4063
7094 4093
7095 4064
7096 4064
7097 4156
7098 4280
7099 4279
7100 4106
7101 4146
7102 4264
7103 4107
7104 4064
7105 4233
7106 4079
7107 4062
7108 4064
7109 4155
7110 4103
7111 4062
7112 4265
7113 4107
7114 4112
7115 4146
7116 4264
7117 4107
7118 4064
7119 4135
7120 4112
7121 4135
7122 4112
7123 4062
7124 4064
7125 4062
7126 4064
7127 4062
7128 4068
7129 4063
7130 4065
7131 4146
7132 4064
7133 4232
7134 4102
7135 4062
7136 4063
7137 4156
7138 4128
7139 4146
7140 4233
7141 4202
7142 4078
7143 4206
7144 4064
7145 4062
7146 4064
7147 4062
7148 4064
7149 4156
7150 4249
7151 4107
7152 4064
7153 4062
7154 4063
7155 4062
7156 4064
7157 4063
7158 4064
7159 4062
7160 4064
7161 4062
7162 4064
7163 4062
7164 4233
7165 4178
7166 4064
7167 4062
7168 4064
7169 4062
7170 4233
7171 4105
7172 4064
7173 4063
7174 4064
7175 4062
7176 4064
7177 4062
7178 4064
7179 4062
7180 4064
7181 4062
7182 4063
7183 4062
7184 4065
7185 4062
7186 4064
7187 4062
7188 4065
7189 4146
7190 4064
7191 4146
7192 4092
7193 4146
7194 4064
7195 4146
7196 4092
7197 4063
7198 4064
7199 4062
7200 4064
7201 4062
7202 4092
7203 4156
7204 4278
7205 4317
7206 4083
7207 4062
7208 4064
7209 4135
7210 4093
7211 4146
7212 4064
7213 4064
7214 4264
7215 4179
7216 4064
7217 4062
7218 4064
7219 4062
7220 4063
7221 4062
7222 4064
7223 4063
7224 4063
7225 4062
7226 4063
7227 4077
7228 4263
7229 4127
7230 4233
7231 4126
7232 4064
7233 4062
7234 4064
7235 4146
7236 4233
7237 4190
7238 4064
7239 4062
7240 4234
7241 4106
7242 4064
7243 4113
7244 4235
7245 4190
7246 4064
7247 4084
7248 4065
7249 4062
7250 4093
7251 4146
7252 4064
7253 4135
7254 4092
7255 4156
7256 4082
7257 4156
7258 4082
7259 4183
7260 4265
7261 4127
7262 4234
7263 4178
7264 4063
7265 4064
7266 4063
7267 4062
7268 4064
7269 4063
7270 4065
7271 4135
7272 4064
7273 4063
7274 4064
7275 4063
7276 4065
7277 4157
7278 4103
7279 4064
7280 4064
7281 4064
7282 4064
7283 4063
7284 4064
7285 4232
7286 4103
7287 4064
7288 4064
7289 4062
7290 4064
7291 4063
7292 4063
7293 4232
7294 4128
7295 4157
7296 4249
7297 4114
7298 4064
7299 4063
7300 4235
7301 4127
7302 4064
7303 4063
7304 4092
7305 4156
7306 4127
7307 4232
7308 4102
7309 4156
7310 4079
7311 4063
7312 4064
7313 4062
7314 4064
7315 4063
7316 4064
7317 4064
7318 4064
7319 4062
7320 4064
7321 4062
7322 4064
7323 4062
7324 4064
7325 4062
7326 4093
7327 4062
7328 4063
7329 4156
7330 4103
7331 4062
7332 4063
7333 4063
7334 4064
7335 4156
7336 4249
7337 4126
7338 4092
7339 4064
7340 4235
7341 4179
7342 4064
7343 4113
7344 4064
7345 4062
7346 4064
7347 4146
7348 4234
7349 4191
7350 4064
7351 4062
7352 4064
7353 4063
7354 4064
7355 4233
7356 4127
7357 4136
7358 4063
7359 4062
7360 4064
7361 4232
7362 4108
7363 4156
7364 4082
7365 4232
7366 4078
7367 4063
7368 4264
7369 4179
7370 4063
7371 4063
7372 4234
7373 4190
7374 4065
7375 4142
7376 4266
7377 4280
7378 4080
7379 4135
7380 4063
7381 4156
7382 4107
7383 4063
7384 4067
7385 4065
7386 4065
7387 4135
7388 4064
7389 4065
7390 4265
7391 4185
7392 4234
7393 4126
7394 4063
7395 4064
7396 4064
7397 4062
7398 4093
7399 4158
7400 4081
7401 4063
7402 4064
7403 4063
7404 4063
7405 4062
7406 4233
7407 4126
7408 4064
7409 4063
7410 4112
7411 4064
7412 4064
7413 4063
7414 4064
7415 4062
7416 4064
7417 4063
7418 4064
7419 4063
7420 4064
7421 4232
7422 4079
7423 4062
7424 4064
7425 4232
7426 4079
7427 4157
7428 4082
7429 4146
7430 4064
7431 4064
7432 4264
7433 4107
7434 4235
7435 4190
7436 4264
7437 4107
7438 4064
7439 4062
7440 4092
7441 4146
7442 4064
7443 4113
7444 4064
7445 4063
7446 4064
7447 4068
7448 4067
7449 4064
7450 4065
7451 4062
7452 4264
7453 4203
7454 4079
7455 4062
7456 4065
7457 4135
7458 4092
7459 4062
7460 4234
7461 4277
7462 4107
7463 4062
7464 4274
7465 4204
7466 4280
7467 4108
7468 4065
7469 4062
7470 4264
7471 4107
7472 4064
7473 4063
7474 4064
7475 4063
7476 4064
7477 4062
7478 4065
7479 4062
7480 4062
7481 4064
7482 4064
7483 4063
7484 4234
7485 4126
7486 4064
7487 4147
7488 4064
7489 4064
7490 4064
7491 4232
7492 4079
7493 4062
7494 4234
7495 4107
7496 4064
7497 4063
7498 4064
7499 4062
7500 4064
7501 4062
7502 4064
7503 4063
7504 4063
7505 4063
7506 4064
7507 4156
7508 4127
7509 4064
7510 4064
7511 4064
7512 4064
7513 4063
7514 4063
7515 4146
7516 4065
7517 4064
7518 4064
7519 4232
7520 4079
7521 4063
7522 4063
7523 4136
7524 4234
7525 4107
7526 4063
7527 4062
7528 4063
7529 4062
7530 4064
7531 4063
7532 4234
7533 4126
7534 4064
7535 4063
7536 4063
7537 4062
7538 4064
7539 4063
7540 4233
7541 4201
7542 4249
7543 4140
7544 4065
7545 4156
7546 4079
7547 4157
7548 4332
7549 4234
7550 4090
7551 4063
7552 4065
7553 4063
7554 4065
7555 4158
7556 4103
7557 4064
7558 4065
7559 4062
7560 4064
7561 4135
7562 4065
7563 4062
7564 4065
7565 4062
7566 4065
7567 4063
7568 4065
7569 4064
7570 4064
7571 4062
7572 4264
7573 4203
7574 4079
7575 4063
7576 4234
7577 4126
7578 4234
7579 4127
7580 4234
7581 4126
7582 4112
7583 4063
7584 4234
7585 4105
7586 4234
7587 4190
7588 4064
7589 4063
7590 4113
7591 4232
7592 4079
7593 4062
7594 4064
7595 4063
7596 4234
7597 4178
7598 4063
7599 4063
7600 4064
7601 4147
7602 4063
7603 4062
7604 4064
7605 4062
7606 4064
7607 4156
7608 4416
7609 4235
7610 4279
7611 4107
7612 4064
7613 4062
7614 4233
7615 4127
7616 4092
7617 4062
7618 4063
7619 4062
7620 4112
7621 4135
7622 4063
7623 4063
7624 4064
7625 4156
7626 4127
7627 4166
7628 4280
7629 4116
7630 4263
7631 4179
7632 4064
7633 4062
7634 4063
7635 4062
7636 4233
7637 4126
7638 4233
7639 4127
7640 4063
7641 4232
7642 4108
7643 4102
7644 4064
7645 4062
7646 4064
7647 4156
7648 4065
7649 4062
7650 4065
7651 4156
7652 4079
7653 4156
7654 4078
7655 4155
7656 4078
7657 4146
7658 4064
7659 4062
7660 4064
7661 4062
7662 4064
7663 4062
7664 4063
7665 4062
7666 4064
7667 4062
7668 4064
7669 4064
7670 4064
7671 4062
7672 4064
7673 4062
7674 4064
7675 4147
7676 4065
7677 4062
7678 4234
7679 4190
7680 4092
7681 4063
7682 4063
7683 4064
7684 4063
7685 4063
7686 4064
7687 4156
7688 4279
7689 4203
7690 4249
7691 4126
7692 4092
7693 4062
7694 4063
7695 4156
7696 4079
7697 4062
7698 4064
7699 4063
7700 4064
7701 4062
7702 4064
7703 4062
7704 4063
7705 4063
7706 4064
7707 4063
7708 4064
7709 4157
7710 4107
7711 4063
7712 4064
7713 4064
7714 4064
7715 4062
7716 4064
7717 4064
7718 4063
7719 4062
7720 4323
7721 4064
7722 4063
7723 4062
7724 4063
7725 4062
7726 4234
7727 4278
7728 4278
7729 4191
7730 4091
7731 4062
7732 4092
7733 4062
7734 4064
7735 4062
7736 4063
7737 4062
7738 4234
7739 4126
7740 4064
7741 4062
7742 4063
7743 4095
7744 4064
7745 4232
7746 4249
7747 4201
7748 4102
7749 4182
7750 4235
7751 4105
7752 4064
7753 4062
7754 4064
7755 4063
7756 4063
7757 4063
7758 4091
7759 4063
7760 4064
7761 4062
7762 4234
7763 4277
7764 4250
7765 4127
7766 4112
7767 4063
7768 4268
7769 4063
7770 4064
7771 4183
7772 4065
7773 4062
7774 4234
7775 4115
7776 4064
7777 4062
7778 4065
7779 4062
7780 4063
7781 4062
7782 4064
7783 4062
7784 4063
7785 4063
7786 4064
7787 4065
7788 4065
7789 4063
7790 4064
7791 4062
7792 4064
7793 4063
7794 4063
7795 4063
7796 4064
7797 4063
7798 4064
7799 4063
7800 4233
7801 4278
7802 4082
7803 4157
7804 4107
7805 4064
7806 4064
7807 4065
7808 4064
7809 4156
7810 4249
7811 4202
7812 4078
7813 4062
7814 4064
7815 4063
7816 4064
7817 4062
7818 4092
7819 4064
7820 4063
7821 4062
7822 4065
7823 4062
7824 4064
7825 4063
7826 4234
7827 4190
7828 4065
7829 4062
7830 4063
7831 4063
7832 4064
7833 4147
7834 4234
7835 4178
7836 4064
7837 4062
7838 4064
7839 4063
7840 4063
7841 4063
7842 4064
7843 4105
7844 4065
7845 4063
7846 4064
7847 4186
7848 4235
7849 4127
7850 4113
7851 4232
7852 4079
7853 4063
7854 4064
7855 4062
7856 4064
7857 4062
7858 4064
7859 4062
7860 4064
7861 4062
7862 4064
7863 4063
7864 4065
7865 4232
7866 4079
7867 4062
7868 4065
7869 4063
7870 4064
7871 4062
7872 4064
7873 4062
7874 4065
7875 4062
7876 4063
7877 4062
7878 4064
7879 4063
7880 4232
7881 4106
7882 4064
7883 4063
7884 4063
7885 4063
7886 4063
7887 4063
7888 4064
7889 4063
7890 4066
7891 4232
7892 4102
7893 4062
7894 4063
7895 4063
7896 4233
7897 4105
7898 4235
7899 4126
7900 4233
7901 4191
7902 4233
7903 4202
7904 4064
7905 4063
7906 4065
7907 4062
7908 4234
7909 4201
7910 4079
7911 4062
7912 4063
7913 4062
7914 4063
7915 4063
7916 4064
7917 4063
7918 4112
7919 4064
7920 4064
7921 4063
7922 4065
7923 4063
7924 4064
7925 4063
7926 4092
7927 4146
7928 4264
7929 4107
7930 4064
7931 4062
7932 4065
7933 4064
7934 4064
7935 4063
7936 4063
7937 4062
7938 4063
7939 4063
7940 4064
7941 4063
7942 4063
7943 4105
7944 4064
7945 4063
7946 4064
7947 4155
7948 4079
7949 4156
7950 4107
7951 4148
7952 4234
7953 4106
7954 4064
7955 4063
7956 4064
7957 4063
7958 4063
7959 4062
7960 4064
7961 4064
7962 4064
7963 4063
7964 4064
7965 4062
7966 4064
7967 4063
7968 4064
7969 4063
7970 4064
7971 4063
7972 4234
7973 4106
7974 4233
7975 4105
7976 4273
7977 4128
7978 4234
7979 4106
7980 4063
7981 4062
7982 4064
7983 4062
7984 4064
7985 4062
7986 4092
7987 4062
7988 4064
7989 4062
7990 4064
7991 4233
7992 4253
7993 4202
7994 4250
7995 4203
7996 4250
7997 4179
7998 4234
7999 4190
8000 4063
8001 4062
8002 4065
8003 4062
8004 4234
8005 4202
8006 4103
8007 4157
8008 4502
8009 4065
8010 4064
8011 4156
8012 4279
8013 4107
8014 4064
8015 4135
8016 4234
8017 4278
8018 4249
8019 4201
8020 4078
8021 4063
8022 4064
8023 4233
8024 4078
8025 4064
8026 4065
8027 4072
8028 4065
8029 4063
8030 4064
8031 4062
8032 4064
8033 4062
8034 4064
8035 4062
8036 4234
8037 4277
8038 4280
8039 4170
8040 4314
8041 4413
8042 4148
8043 4189
8044 4331
8045 4149
8046 4248
8047 4150
8048 4145
8049 4093
8050 4098
8051 4071
8052 4098
8053 4122
8054 4070
8055 4097
8056 4133
8057 4147
8058 4093
8059 4165
8060 4192
8061 4066
8062 4235
8063 4280
8064 4082
8065 4065
8066 4065
8067 4157
8068 4080
8069 4065
8070 4112
8071 4063
8072 4064
8073 4064
8074 4234
8075 4108
8076 4064
8077 4063
8078 4065
8079 4064
8080 4093
8081 4233
8082 4103
8083 4064
8084 4065
8085 4146
8086 4093
8087 4156
8088 4250
8089 4062
8090 4235
8091 4277
8092 4250
8093 4191
8094 4093
8095 4155
8096 4250
8097 4203
8098 4079
8099 4063
8100 4064
8101 4063
8102 4093
8103 4064
8104 4064
8105 4146
8106 4113
8107 4063
8108 4264
8109 4179
8110 4064
8111 4062
8112 4064
8113 4063
8114 4064
8115 4157
8116 4250
8117 4126
8118 4064
8119 4064
8120 4066
8121 4136
8122 4065
8123 4146
8124 4065
8125 4062
8126 4064
8127 4063
8128 4093
8129 4063
8130 4064
8131 4064
8132 4064
8133 4156
8134 4078
8135 4063
8136 4064
8137 4063
8138 4065
8139 4063
8140 4234
8141 4115
8142 4264
8143 4174
8144 4064
8145 4156
8146 4103
8147 4062
8148 4065
8149 4062
8150 4093
8151 4062
8152 4264
8153 4179
8154 4064
8155 4146
8156 4063
8157 4062
8158 4063
8159 4062
8160 4063
8161 4062
8162 4113
8163 4062
8164 4065
8165 4157
8166 4279
8167 4179
8168 4113
8169 4136
8170 4234
8171 4115
8172 4063
8173 4063
8174 4264
8175 4107
8176 4064
8177 4232
8178 4250
8179 4278
8180 4250
8181 4127
8182 4064
8183 4156
8184 4083
8185 4156
8186 4102
8187 4146
8188 4064
8189 4233
8190 4083
8191 4062
8192 4064
8193 4062
8194 4234
8195 4190
8196 4064
8197 4063
8198 4065
8199 4062
8200 4064
8201 4156
8202 4079
8203 4232
8204 4278
8205 4106
8206 4112
8207 4062
8208 4112
8209 4232
8210 4093
8211 4062
8212 4092
8213 4063
8214 4064
8215 4062
8216 4064
8217 4062
8218 4064
8219 4062
8220 4065
8221 4064
8222 4063
8223 4063
8224 4064
8225 4063
8226 4234
8227 4126
8228 4064
8229 4064
8230 4263
8231 4280
8232 4249
8233 4126
8234 4092
8235 4064
8236 4063
8237 4062
8238 4064
8239 4063
8240 4064
8241 4063
8242 4064
8243 4062
8244 4064
8245 4156
8246 4078
8247 4062
8248 4068
8249 4064
8250 4065
8251 4063
8252 4264
8253 4107
8254 4065
8255 4062
8256 4064
8257 4147
8258 4263
8259 4279
8260 4079
8261 4156
8262 4103
8263 4146
8264 4112
8265 4062
8266 4234
8267 4191
8268 4064
8269 4062
8270 4064
8271 4062
8272 4065
8273 4146
8274 4064
8275 4063
8276 4112
8277 4063
8278 4064
8279 4155
8280 4279
8281 4279
8282 4079
8283 4183
8284 4065
8285 4062
8286 4064
8287 4063
8288 4064
8289 4062
8290 4064
8291 4155
8292 4103
8293 4062
8294 4064
8295 4062
8296 4064
8297 4062
8298 4063
8299 4066
8300 4065
8301 4156
8302 4249
8303 4202
8304 4127
8305 4062
8306 4235
8307 4280
8308 4102
8309 4062
8310 4064
8311 4146
8312 4234
8313 4106
8314 4063
8315 4232
8316 4078
8317 4062
8318 4064
8319 4062
8320 4064
8321 4062
8322 4064
8323 4147
8324 4234
8325 4278
8326 4078
8327 4062
8328 4064
8329 4062
8330 4064
8331 4063
8332 4063
8333 4062
8334 4063
8335 4062
8336 4064
8337 4063
8338 4064
8339 4062
8340 4113
8341 4062
8342 4063
8343 4063
8344 4064
8345 4156
8346 4107
8347 4156
8348 4082
8349 4062
8350 4064
8351 4062
8352 4063
8353 4062
8354 4092
8355 4156
8356 4079
8357 4063
8358 4064
8359 4062
8360 4063
8361 4063
8362 4064
8363 4064
8364 4063
8365 4063
8366 4064
8367 4155
8368 4106
8369 4062
8370 4063
8371 4062
8372 4233
8373 4178
8374 4233
8375 4201
8376 4279
8377 4106
8378 4064
8379 4062
8380 4063
8381 4062
8382 4064
8383 4062
8384 4064
8385 4062
8386 4065
8387 4156
8388 4127
8389 4135
8390 4112
8391 4062
8392 4112
8393 4232
8394 4079
8395 4232
8396 4107
8397 4232
8398 4082
8399 4156
8400 4082
8401 4156
8402 4251
8403 4191
8404 4112
8405 4062
8406 4234
8407 4279
8408 4080
8409 4063
8410 4064
8411 4062
8412 4092
8413 4062
8414 4064
8415 4062
8416 4064
8417 4064
8418 4064
8419 4156
8420 4102
8421 4062
8422 4063
8423 4063
8424 4064
8425 4062
8426 4234
8427 4199
8428 4264
8429 4116
8430 4092
8431 4062
8432 4063
8433 4063
8434 4063
8435 4062
8436 4064
8437 4156
8438 4280
8439 4107
8440 4064
8441 4063
8442 4064
8443 4062
8444 4065
8445 4062
8446 4092
8447 4084
8448 4064
8449 4063
8450 4064
8451 4063
8452 4064
8453 4157
8454 4102
8455 4062
8456 4092
8457 4156
8458 4279
8459 4127
8460 4263
8461 4107
8462 4064
8463 4146
8464 4234
8465 4190
8466 4092
8467 4064
8468 4063
8469 4064
8470 4064
8471 4064
8472 4234
8473 4278
8474 4079
8475 4156
8476 4082
8477 4146
8478 4264
8479 4279
8480 4249
8481 4106
8482 4064
8483 4062
8484 4063
8485 4064
8486 4063
8487 4135
8488 4066
8489 4136
8490 4064
8491 4156
8492 4107
8493 4062
8494 4064
8495 4232
8496 4079
8497 4063
8498 4064
8499 4063
8500 4063
8501 4063
8502 4092
8503 4136
8504 4267
8505 4279
8506 4107
8507 4156
8508 4083
8509 4062
8510 4064
8511 4063
8512 4064
8513 4063
8514 4063
8515 4063
8516 4064
8517 4063
8518 4064
8519 4062
8520 4064
8521 4188
8522 4066
8523 4147
8524 4063
8525 4063
8526 4064
8527 4062
8528 4063
8529 4062
8530 4064
8531 4140
8532 4066
8533 4136
8534 4092
8535 4062
8536 4066
8537 4064
8538 4300
8539 4107
8540 4064
8541 4062
8542 4063
8543 4063
8544 4065
8545 4063
8546 4067
8547 4064
8548 4500
8549 4065
8550 4246
8551 4111
8552 4065
8553 4063
8554 4064
8555 4156
8556 4103
8557 4146
8558 4264
8559 4280
8560 4104
8561 4064
8562 4235
8563 4126
8564 4064
8565 4064
8566 4235
8567 4126
8568 4064
8569 4232
8570 4127
8571 4063
8572 4234
8573 4279
8574 4107
8575 4063
8576 4065
8577 4062
8578 4065
8579 4146
8580 4065
8581 4232
8582 4127
8583 4134
8584 4093
8585 4063
8586 4065
8587 4063
8588 4064
8589 4063
8590 4064
8591 4147
8592 4065
8593 4156
8594 4107
8595 4062
8596 4064
8597 4063
8598 4064
8599 4232
8600 4127
8601 4135
8602 4234
8603 4106
8604 4064
8605 4157
8606 4082
8607 4146
8608 4064
8609 4062
8610 4065
8611 4156
8612 4107
8613 4135
8614 4092
8615 4063
8616 4264
8617 4179
8618 4112
8619 4147
8620 4112
8621 4232
8622 4078
8623 4063
8624 4064
8625 4156
8626 4082
8627 4232
8628 4082
8629 4136
8630 4065
8631 4064
8632 4264
8633 4116
8634 4234
8635 4127
8636 4264
8637 4203
8638 4127
8639 4135
8640 4092
8641 4146
8642 4263
8643 4226
8644 4107
8645 4135
8646 4063
8647 4272
8648 4283
8649 4108
8650 4065
8651 4063
8652 4064
8653 4062
8654 4064
8655 4062
8656 4234
8657 4126
8658 4066
8659 4063
8660 4265
8661 4107
8662 4064
8663 4064
8664 4065
8665 4063
8666 4234
8667 4127
8668 4093
8669 4156
8670 4280
8671 4192
8672 4113
8673 4232
8674 4128
8675 4063
8676 4064
8677 4062
8678 4112
8679 4232
8680 4082
8681 4062
8682 4264
8683 4191
8684 4113
8685 4062
8686 4064
8687 4062
8688 4092
8689 4062
8690 4064
8691 4062
8692 4093
8693 4064
8694 4065
8695 4062
8696 4065
8697 4156
8698 4250
8699 4278
8700 4079
8701 4062
8702 4064
8703 4063
8704 4064
8705 4062
8706 4064
8707 4062
8708 4064
8709 4063
8710 4112
8711 4064
8712 4065
8713 4156
8714 4128
8715 4063
8716 4064
8717 4063
8718 4064
8719 4063
8720 4063
8721 4062
8722 4064
8723 4063
8724 4063
8725 4062
8726 4234
8727 4126
8728 4064
8729 4062
8730 4063
8731 4063
8732 4064
8733 4062
8734 4064
8735 4062
8736 4064
8737 4147
8738 4063
8739 4062
8740 4064
8741 4063
8742 4064
8743 4062
8744 4064
8745 4063
8746 4064
8747 4156
8748 4280
8749 4203
8750 4279
8751 4108
8752 4064
8753 4063
8754 4063
8755 4062
8756 4064
8757 4063
8758 4064
8759 4062
8760 4234
8761 4277
8762 4078
8763 4062
8764 4234
8765 4190
8766 4064
8767 4157
8768 4079
8769 4063
8770 4063
8771 4062
8772 4064
8773 4062
8774 4234
8775 4203
8776 4102
8777 4147
8778 4233
8779 4127
8780 4064
8781 4062
8782 4064
8783 4232
8784 4102
8785 4062
8786 4264
8787 4191
8788 4234
8789 4190
8790 4092
8791 4157
8792 4107
8793 4156
8794 4102
8795 4183
8796 4065
8797 4146
8798 4064
8799 4155
8800 4279
8801 4107
8802 4065
8803 4063
8804 4063
8805 4232
8806 4078
8807 4157
8808 4080
8809 4062
8810 4064
8811 4066
8812 4065
8813 4156
8814 4127
8815 4147
8816 4265
8817 4107
8818 4264
8819 4107
8820 4064
8821 4156
8822 4250
8823 4201
8824 4249
8825 4115
8826 4235
8827 4198
8828 4064
8829 4063
8830 4063
8831 4157
8832 4250
8833 4278
8834 4079
8835 4062
8836 4064
8837 4062
8838 4064
8839 4063
8840 4064
8841 4062
8842 4064
8843 4062
8844 4092
8845 4146
8846 4264
8847 4248
8848 4264
8849 4107
8850 4235
8851 4105
8852 4064
8853 4062
8854 4063
8855 4062
8856 4113
8857 4063
8858 4064
8859 4063
8860 4064
8861 4232
8862 4106
8863 4146
8864 4065
8865 4063
8866 4064
8867 4157
8868 4078
8869 4064
8870 4263
8871 4203
8872 4079
8873 4232
8874 4249
8875 4115
8876 4234
8877 4179
8878 4063
8879 4064
8880 4064
8881 4062
8882 4064
8883 4063
8884 4065
8885 4062
8886 4234
8887 4127
8888 4064
8889 4063
8890 4064
8891 4156
8892 4127
8893 4146
8894 4064
8895 4063
8896 4064
8897 4062
8898 4065
8899 4063
8900 4234
8901 4191
8902 4113
8903 4146
8904 4113
8905 4147
8906 4264
8907 4179
8908 4092
8909 4063
8910 4234
8911 4126
8912 4092
8913 4157
8914 4104
8915 4147
8916 4263
8917 4192
8918 4063
8919 4063
8920 4101
8921 4063
8922 4064
8923 4137
8924 4265
8925 4128
8926 4064
8927 4063
8928 4064
8929 4063
8930 4264
8931 4191
8932 4064
8933 4063
8934 4064
8935 4063
8936 4063
8937 4147
8938 4233
8939 4278
8940 4127
8941 4146
8942 4233
8943 4179
8944 4065
8945 4062
8946 4064
8947 4232
8948 4078
8949 4233
8950 4107
8951 4147
8952 4264
8953 4203
8954 4250
8955 4107
8956 4233
8957 4126
8958 4264
8959 4203
8960 4078
8961 4063
8962 4064
8963 4063
8964 4063
8965 4064
8966 4063
8967 4064
8968 4062
8969 4064
8970 4063
8971 4136
8972 4112
8973 4062
8974 4064
8975 4063
8976 4235
8977 4277
8978 4078
8979 4062
8980 4264
8981 4203
8982 4078
8983 4064
8984 4064
8985 4062
8986 4064
8987 4064
8988 4063
8989 4063
8990 4065
8991 4062
8992 4064
8993 4062
8994 4233
8995 4105
8996 4063
8997 4062
8998 4064
8999 4062
9000 4101
9001 4064
9002 4064
9003 4062
9004 4065
9005 4064
9006 4264
9007 4202
9008 4249
9009 4127
9010 4065
9011 4063
9012 4064
9013 4062
9014 4064
9015 4063
9016 4067
9017 4064
9018 4064
9019 4157
9020 4078
9021 4062
9022 4064
9023 4062
9024 4065
9025 4062
9026 4064
9027 4062
9028 4064
9029 4063
9030 4064
9031 4062
9032 4064
9033 4156
9034 4079
9035 4233
9036 4082
9037 4062
9038 4064
9039 4062
9040 4264
9041 4191
9042 4064
9043 4064
9044 4065
9045 4064
9046 4234
9047 4321
9048 4105
9049 4156
9050 4082
9051 4063
9052 4263
9053 4107
9054 4092
9055 4232
9056 4127
9057 4232
9058 4103
9059 4281
9060 4113
9061 4259
9062 4186
9063 4111
9064 4135
9065 4280
9066 4113
9067 4159
9068 4070
9069 4081
9070 4073
9071 4079
9072 4121
9073 4250
9074 4106
9075 4111
9076 4110
9077 4094
9078 4110
9079 4188
9080 4065
9081 4158
9082 4083
9083 4067
9084 4343
9085 4066
9086 4071
9087 4181
9088 4066
9089 4063
9090 4066
9091 4063
9092 4065
9093 4065
9094 4064
9095 4063
9096 4235
9097 4178
9098 4093
9099 4135
9100 4065
9101 4158
9102 4079
9103 4064
9104 4065
9105 4063
9106 4066
9107 4065
9108 4064
9109 4062
9110 4234
9111 4203
9112 4079
9113 4062
9114 4064
9115 4157
9116 4079
9117 4062
9118 4065
9119 4062
9120 4065
9121 4232
9122 4107
9123 4062
9124 4235
9125 4203
9126 4107
9127 4147
9128 4064
9129 4062
9130 4064
9131 4062
9132 4234
9133 4190
9134 4065
9135 4146
9136 4093
9137 4135
9138 4092
9139 4146
9140 4264
9141 4107
9142 4264
9143 4108
9144 4235
9145 4127
9146 4064
9147 4156
9148 4108
9149 4146
9150 4064
9151 4062
9152 4063
9153 4062
9154 4263
9155 4203
9156 4107
9157 4156
9158 4250
9159 4278
9160 4107
9161 4135
9162 4064
9163 4062
9164 4063
9165 4063
9166 4092
9167 4062
9168 4234
9169 4114
9170 4063
9171 4063
9172 4063
9173 4062
9174 4064
9175 4064
9176 4263
9177 4107
9178 4063
9179 4063
9180 4064
9181 4062
9182 4063
9183 4063
9184 4063
9185 4156
9186 4102
9187 4063
9188 4233
9189 4178
9190 4233
9191 4127
9192 4264
9193 4106
9194 4064
9195 4063
9196 4064
9197 4062
9198 4064
9199 4063
9200 4263
9201 4279
9202 4279
9203 4179
9204 4064
9205 4065
9206 4065
9207 4063
9208 4064
9209 4232
9210 4078
9211 4149
9212 4113
9213 4063
9214 4063
9215 4156
9216 4093
9217 4135
9218 4113
9219 4232
9220 4102
9221 4064
9222 4063
9223 4232
9224 4280
9225 4179
9226 4064
9227 4079
9228 4065
9229 4062
9230 4064
9231 4062
9232 4064
9233 4063
9234 4064
9235 4062
9236 4064
9237 4063
9238 4063
9239 4064
9240 4064
9241 4156
9242 4127
9243 4063
9244 4235
9245 4179
9246 4264
9247 4129
9248 4093
9249 4156
9250 4280
9251 4202
9252 4102
9253 4156
9254 4079
9255 4157
9256 4081
9257 4063
9258 4063
9259 4062
9260 4063
9261 4062
9262 4064
9263 4063
9264 4063
9265 4062
9266 4063
9267 4063
9268 4064
9269 4062
9270 4064
9271 4062
9272 4234
9273 4278
9274 4102
9275 4062
9276 4064
9277 4062
9278 4064
9279 4062
9280 4064
9281 4062
9282 4064
9283 4063
9284 4063
9285 4063
9286 4092
9287 4062
9288 4069
9289 4062
9290 4233
9291 4106
9292 4234
9293 4107
9294 4064
9295 4062
9296 4064
9297 4063
9298 4064
9299 4063
9300 4233
9301 4190
9302 4263
9303 4127
9304 4263
9305 4116
9306 4264
9307 4181
9308 4065
9309 4063
9310 4064
9311 4063
9312 4064
9313 4063
9314 4064
9315 4062
9316 4064
9317 4064
9318 4064
9319 4062
9320 4064
9321 4063
9322 4234
9323 4231
9324 4064
9325 4156
9326 4078
9327 4063
9328 4064
9329 4157
9330 4127
9331 4136
9332 4063
9333 4063
9334 4065
9335 4063
9336 4064
9337 4157
9338 4107
9339 4062
9340 4064
9341 4063
9342 4063
9343 4064
9344 4065
9345 4062
9346 4234
9347 4116
9348 4064
9349 4135
9350 4064
9351 4063
9352 4234
9353 4190
9354 4233
9355 4190
9356 4065
9357 4062
9358 4063
9359 4157
9360 4079
9361 4156
9362 4082
9363 4064
9364 4064
9365 4062
9366 4063
9367 4062
9368 4064
9369 4062
9370 4063
9371 4062
9372 4064
9373 4156
9374 4127
9375 4063
9376 4064
9377 4062
9378 4064
9379 4062
9380 4064
9381 4062
9382 4064
9383 4155
9384 4127
9385 4146
9386 4093
9387 4062
9388 4065
9389 4062
9390 4092
9391 4232
9392 4079
9393 4155
9394 4078
9395 4062
9396 4112
9397 4062
9398 4063
9399 4062
9400 4063
9401 4156
9402 4078
9403 4156
9404 4079
9405 4233
9406 4279
9407 4202
9408 4078
9409 4063
9410 4265
9411 4279
9412 4079
9413 4062
9414 4064
9415 4063
9416 4064
9417 4062
9418 4064
9419 4062
9420 4064
9421 4062
9422 4064
9423 4064
9424 4264
9425 4107
9426 4234
9427 4190
9428 4092
9429 4063
9430 4064
9431 4062
9432 4092
9433 4062
9434 4064
9435 4062
9436 4064
9437 4063
9438 4233
9439 4126
9440 4092
9441 4063
9442 4233
9443 4278
9444 4279
9445 4191
9446 4064
9447 4187
9448 4064
9449 4156
9450 4279
9451 4203
9452 4157
9453 4064
9454 4064
9455 4062
9456 4064
9457 4157
9458 4106
9459 4062
9460 4064
9461 4232
9462 4079
9463 4063
9464 4064
9465 4147
9466 4263
9467 4116
9468 4235
9469 4126
9470 4064
9471 4063
9472 4113
9473 4146
9474 4063
9475 4062
9476 4234
9477 4277
9478 4081
9479 4063
9480 4063
9481 4062
9482 4064
9483 4063
9484 4063
9485 4063
9486 4264
9487 4107
9488 4233
9489 4190
9490 4063
9491 4062
9492 4063
9493 4063
9494 4064
9495 4062
9496 4063
9497 4063
9498 4063
9499 4062
9500 4063
9501 4063
9502 4063
9503 4062
9504 4063
9505 4062
9506 4064
9507 4135
9508 4064
9509 4062
9510 4063
9511 4062
9512 4100
9513 4136
9514 4263
9515 4107
9516 4064
9517 4156
9518 4127
9519 4135
9520 4235
9521 4279
9522 4107
9523 4156
9524 4078
9525 4147
9526 4264
9527 4202
9528 4127
9529 4062
9530 4064
9531 4063
9532 4063
9533 4064
9534 4064
9535 4232
9536 4279
9537 4202
9538 4102
9539 4146
9540 4063
9541 4156
9542 4079
9543 4157
9544 4103
9545 4135
9546 4063
9547 4062
9548 4113
9549 4064
9550 4077
9551 4064
9552 4236
9553 4106
9554 4064
9555 4063
9556 4235
9557 4280
9558 4279
9559 4204
9560 4107
9561 4146
9562 4065
9563 4062
9564 4234
9565 4128
9566 4065
9567 4232
9568 4250
9569 4117
9570 4092
9571 4148
9572 4093
9573 4156
9574 4102
9575 4232
9576 4078
9577 4147
9578 4065
9579 4232
9580 4102
9581 4156
9582 4107
9583 4156
9584 4128
9585 4156
9586 4264
9587 4107
9588 4092
9589 4147
9590 4065
9591 4232
9592 4279
9593 4203
9594 4127
9595 4063
9596 4264
9597 4279
9598 4279
9599 4279
9600 4249
9601 4126
9602 4264
9603 4107
9604 4112
9605 4146
9606 4064
9607 4063
9608 4064
9609 4156
9610 4102
9611 4066
9612 4065
9613 4135
9614 4092
9615 4158
9616 4079
9617 4156
9618 4082
9619 4135
9620 4264
9621 4127
9622 4092
9623 4156
9624 4064
9625 4063
9626 4064
9627 4073
9628 4092
9629 4062
9630 4264
9631 4129
9632 4092
9633 4064
9634 4064
9635 4156
9636 4249
9637 4126
9638 4064
9639 4063
9640 4092
9641 4063
9642 4063
9643 4064
9644 4065
9645 4062
9646 4064
9647 4083
9648 4064
9649 4063
9650 4065
9651 4146
9652 4113
9653 4063
9654 4233
9655 4126
9656 4234
9657 4127
9658 4093
9659 4062
9660 4263
9661 4107
9662 4065
9663 4064
9664 4064
9665 4062
9666 4064
9667 4062
9668 4065
9669 4147
9670 4064
9671 4063
9672 4064
9673 4062
9674 4112
9675 4135
9676 4064
9677 4062
9678 4064
9679 4063
9680 4263
9681 4116
9682 4233
9683 4126
9684 4064
9685 4063
9686 4264
9687 4279
9688 4079
9689 4233
9690 4280
9691 4179
9692 4064
9693 4232
9694 4279
9695 4202
9696 4107
9697 4146
9698 4112
9699 4062
9700 4063
9701 4063
9702 4092
9703 4062
9704 4266
9705 4234
9706 4067
9707 4064
9708 4064
9709 4064
9710 4063
9711 4062
9712 4064
9713 4062
9714 4066
9715 4184
9716 4066
9717 4235
9718 4079
9719 4187
9720 4066
9721 4188
9722 4066
9723 4297
9724 4065
9725 4156
9726 4103
9727 4146
9728 4093
9729 4064
9730 4066
9731 4064
9732 4063
9733 4063
9734 4234
9735 4179
9736 4263
9737 4203
9738 4249
9739 4126
9740 4064
9741 4063
9742 4234
9743 4106
9744 4065
9745 4156
9746 4102
9747 4146
9748 4234
9749 4109
9750 4067
9751 4065
9752 4124
9753 4064
9754 4065
9755 4271
9756 4109
9757 4157
9758 4102
9759 4147
9760 4263
9761 4180
9762 4093
9763 4146
9764 4264
9765 4117
9766 4233
9767 4126
9768 4263
9769 4179
9770 4063
9771 4063
9772 4234
9773 4107
9774 4063
9775 4146
9776 4064
9777 4064
9778 4063
9779 4146
9780 4063
9781 4156
9782 4083
9783 4232
9784 4079
9785 4062
9786 4264
9787 4179
9788 4064
9789 4156
9790 4082
9791 4063
9792 4064
9793 4156
9794 4107
9795 4064
9796 4063
9797 4064
9798 4064
9799 4063
9800 4064
9801 4156
9802 4078
9803 4064
9804 4063
9805 4062
9806 4064
9807 4062
9808 4234
9809 4278
9810 4127
9811 4063
9812 4064
9813 4063
9814 4064
9815 4156
9816 4082
9817 4062
9818 4064
9819 4183
9820 4065
9821 4157
9822 4082
9823 4064
9824 4064
9825 4062
9826 4064
9827 4062
9828 4064
9829 4064
9830 4233
9831 4126
9832 4112
9833 4147
9834 4064
9835 4067
9836 4066
9837 4063
9838 4064
9839 4063
9840 4233
9841 4127
9842 4092
9843 4147
9844 4065
9845 4232
9846 4279
9847 4128
9848 4064
9849 4146
9850 4264
9851 4107
9852 4092
9853 4063
9854 4064
9855 4146
9856 4063
9857 4233
9858 4078
9859 4062
9860 4064
9861 4064
9862 4064
9863 4063
9864 4064
9865 4062
9866 4264
9867 4179
9868 4063
9869 4063
9870 4233
9871 4126
9872 4064
9873 4063
9874 4064
9875 4063
9876 4064
9877 4064
9878 4064
9879 4156
9880 4079
9881 4062
9882 4065
9883 4062
9884 4235
9885 4191
9886 4063
9887 4233
9888 4083
9889 4146
9890 4234
9891 4115
9892 4263
9893 4180
9894 4063
9895 4156
9896 4127
9897 4063
9898 4263
9899 4180
9900 4064
9901 4147
9902 4263
9903 4179
9904 4233
9905 4277
9906 4103
9907 4062
9908 4063
9909 4062
9910 4064
9911 4063
9912 4063
9913 4062
9914 4063
9915 4063
9916 4063
9917 4062
9918 4064
9919 4063
9920 4064
9921 4062
9922 4066
9923 4156
9924 4127
9925 4063
9926 4064
9927 4156
9928 4280
9929 4202
9930 4078
9931 4062
9932 4064
9933 4155
9934 4079
9935 4064
9936 4064
9937 4063
9938 4065
9939 4062
9940 4113
9941 4062
9942 4234
9943 4127
9944 4064
9945 4062
9946 4064
9947 4062
9948 4093
9949 4146
9950 4263
9951 4179
9952 4093
9953 4062
9954 4064
9955 4232
9956 4128
9957 4156
9958 4106
9959 4146
9960 4264
9961 4107
9962 4064
9963 4156
9964 4106
9965 4062
9966 4063
9967 4062
9968 4234
9969 4278
9970 4280
9971 4279
9972 4103
9973 4063
9974 4064
9975 4062
9976 4065
9977 4063
9978 4234
9979 4106
9980 4264
9981 4179
9982 4064
9983 4062
9984 4064
9985 4062
9986 4064
9987 4062
9988 4064
9989 4063
9990 4064
9991 4063
9992 4233
9993 4191
9994 4064
9995 4062
9996 4064
9997 4062
9998 4064
9999 4146
# sum: 4112
# min: 4062
# max: 4502
# err cnt: 0
