4062 1220
4063 2668
4064 4677
4065 5166
4066 5240
4067 5266
4068 5288
4069 5293
4070 5300
4071 5311
4072 5318
4073 5324
4074 5329
4075 5331
4076 5335
4077 5340
4078 5428
4079 5603
4080 5622
4081 5634
4082 5692
4083 5736
4084 5746
4085 5749
4086 5750
4087 5752
4088 5754
4089 5755
4090 5756
4091 5766
4092 5927
4093 5993
4094 6001
4095 6007
4096 6009
4097 6018
4098 6024
4099 6027
4100 6032
4101 6040
4102 6117
4103 6173
4104 6179
4105 6206
4106 6295
4107 6524
4108 6555
4109 6562
4110 6568
4111 6579
4112 6679
4113 6762
4114 6775
4115 6797
4116 6814
4117 6821
4118 6822
4119 6823
4120 6824
4121 6827
4122 6828
4123 6829
4124 6830
4125 6832
4126 6928
4127 7054
4128 7107
4129 7109
4130 7112
4133 7114
4134 7120
4135 7216
4136 7250
4137 7254
4138 7257
4139 7258
4140 7262
4142 7264
4143 7267
4144 7271
4145 7274
4146 7486
4147 7591
4148 7605
4149 7609
4150 7612
4151 7616
4154 7619
4155 7653
4156 7969
4157 8057
4158 8067
4159 8070
4160 8076
4161 8077
4164 8079
4165 8083
4166 8086
4167 8089
4168 8091
4170 8093
4171 8096
4173 8097
4174 8099
4175 8100
4177 8101
4178 8128
4179 8191
4180 8213
4181 8218
4182 8221
4183 8233
4184 8245
4185 8249
4186 8258
4187 8264
4188 8269
4189 8277
4190 8318
4191 8351
4192 8361
4193 8365
4194 8368
4195 8370
4198 8372
4199 8376
4200 8379
4201 8389
4202 8434
4203 8495
4204 8497
4205 8499
4206 8501
4208 8502
4209 8503
4210 8504
4211 8505
4212 8506
4220 8508
4222 8510
4225 8511
4226 8512
4228 8513
4231 8516
4232 8698
4233 8865
4234 9134
4235 9206
4236 9212
4237 9218
4238 9222
4239 9225
4240 9227
4241 9228
4242 9229
4243 9232
4244 9233
4246 9236
4247 9237
4248 9241
4249 9280
4250 9346
4251 9355
4253 9358
4254 9360
4256 9362
4259 9363
4262 9366
4263 9461
4264 9615
4265 9633
4266 9635
4267 9636
4268 9639
4269 9640
4270 9643
4271 9646
4272 9649
4273 9650
4274 9652
4277 9691
4278 9757
4279 9889
4280 9941
4281 9946
4282 9947
4283 9948
4284 9949
4285 9951
4286 9952
4289 9954
4290 9956
4295 9957
4297 9961
4299 9962
4300 9964
4302 9965
4306 9966
4308 9967
4313 9968
4314 9969
4316 9970
4317 9973
4318 9975
4321 9976
4323 9977
4324 9978
4326 9979
4331 9980
4332 9981
4338 9982
4341 9984
4343 9985
4345 9986
4349 9987
4351 9988
4355 9989
4362 9990
4371 9991
4379 9992
4397 9994
4398 9995
4413 9996
4416 9997
4465 9998
4500 9999
4502 10000
