0 4724
1 4547
2 4555
3 4578
4 4519
5 4575
6 4518
7 4551
8 4553
9 4569
10 4663
11 4579
12 4525
13 4682
14 4767
15 4697
16 4569
17 4764
18 4695
19 4659
20 4760
21 4552
22 4595
23 4693
24 4713
25 4718
26 4560
27 4553
28 4526
29 4591
30 4733
31 4751
32 4768
33 4568
34 4547
35 4640
36 4534
37 4563
38 4535
39 4700
40 4544
41 4571
42 4535
43 4534
44 4513
45 4566
46 4568
47 4523
48 4538
49 4545
50 4531
51 4574
52 4528
53 4619
54 4536
55 4533
56 4553
57 4517
58 4516
59 4532
60 4515
61 4583
62 4527
63 4574
64 4592
65 4576
66 4576
67 4578
68 4541
69 4571
70 4616
71 4668
72 4573
73 4610
74 4561
75 4602
76 4570
77 4583
78 4551
79 4573
80 4535
81 4511
82 4534
83 4554
84 4593
85 4540
86 4563
87 4552
88 4565
89 4536
90 4512
91 4526
92 4563
93 4536
94 4585
95 4572
96 4563
97 4642
98 4532
99 4564
100 4593
101 4549
102 4583
103 4548
104 4542
105 4571
106 4518
107 4524
108 4559
109 4544
110 4509
111 4630
112 4578
113 4581
114 4702
115 4548
116 4518
117 4559
118 4545
119 4562
120 4587
121 4648
122 4539
123 4723
124 4527
125 4557
126 4529
127 4535
128 4561
129 4542
130 4518
131 4643
132 4728
133 4709
134 4744
135 4573
136 4513
137 4569
138 4728
139 4574
140 4676
141 4557
142 4581
143 4655
144 4562
145 4609
146 4578
147 4547
148 4699
149 4690
150 4758
151 4534
152 4606
153 4688
154 4713
155 4522
156 4596
157 4538
158 4538
159 4584
160 4691
161 4586
162 4595
163 4608
164 4562
165 4613
166 4518
167 4566
168 4517
169 4565
170 4554
171 4555
172 4536
173 4557
174 4555
175 4588
176 4725
177 4628
178 4577
179 4546
180 4538
181 4572
182 4523
183 4521
184 4537
185 4551
186 4522
187 4531
188 4561
189 4539
190 4522
191 4560
192 4535
193 4600
194 4565
195 4545
196 4549
197 4546
198 4530
199 4585
200 4565
201 4605
202 4729
203 4607
204 4535
205 4577
206 4510
207 4525
208 4560
209 4569
210 4515
211 4540
212 4540
213 4565
214 4565
215 4573
216 4514
217 4547
218 4537
219 4618
220 4722
221 4582
222 4641
223 4600
224 4539
225 4567
226 4538
227 4540
228 4510
229 4543
230 4554
231 4561
232 4563
233 4633
234 4525
235 4534
236 4527
237 4554
238 4540
239 4609
240 4524
241 4537
242 4557
243 4620
244 4564
245 4550
246 4530
247 4565
248 4534
249 4748
250 4498
251 4528
252 4523
253 4530
254 4532
255 4563
256 4541
257 4543
258 4540
259 4553
260 4543
261 4562
262 4553
263 4551
264 4540
265 4525
266 4507
267 4635
268 4718
269 4612
270 4703
271 4577
272 4537
273 4558
274 4585
275 4630
276 4564
277 4575
278 4560
279 4538
280 4540
281 4537
282 4497
283 4544
284 4490
285 4558
286 4584
287 4554
288 4555
289 4677
290 4717
291 4559
292 4531
293 4615
294 4596
295 4630
296 4543
297 4538
298 4573
299 4749
300 4760
301 4945
302 4739
303 4556
304 4604
305 4702
306 4519
307 4657
308 4692
309 4643
310 4543
311 4577
312 4565
313 4532
314 4554
315 4686
316 4543
317 4528
318 4534
319 4535
320 4559
321 4578
322 4734
323 4543
324 4519
325 4542
326 4566
327 4548
328 4587
329 4592
330 4550
331 4558
332 4532
333 4581
334 4716
335 4561
336 4556
337 4496
338 4517
339 4535
340 4572
341 4614
342 4717
343 4600
344 4565
345 4544
346 4548
347 4653
348 4700
349 4775
350 4710
351 4587
352 4714
353 4515
354 4542
355 4583
356 4712
357 4518
358 4554
359 4565
360 4550
361 4651
362 4541
363 4512
364 4521
365 4553
366 4520
367 4567
368 4571
369 4530
370 4526
371 4553
372 4523
373 4647
374 4541
375 4539
376 4527
377 4552
378 4563
379 4560
380 4530
381 4555
382 4531
383 4663
384 4551
385 4539
386 4528
387 4583
388 4542
389 4582
390 4728
391 4668
392 4562
393 4575
394 4533
395 4604
396 4756
397 4585
398 4577
399 4548
400 4539
401 4610
402 4781
403 4683
404 4534
405 4585
406 4560
407 4555
408 4534
409 4514
410 4557
411 4518
412 4535
413 4543
414 4532
415 4561
416 4558
417 4608
418 4540
419 4572
420 4532
421 4549
422 4522
423 4588
424 4690
425 4542
426 4489
427 4519
428 4530
429 4558
430 4526
431 4562
432 4528
433 4666
434 4557
435 4618
436 4697
437 4662
438 4693
439 4728
440 4709
441 4614
442 4528
443 4571
444 4696
445 4606
446 4717
447 4575
448 4521
449 4538
450 4566
451 4545
452 4565
453 4539
454 4543
455 4540
456 4547
457 4593
458 4535
459 4615
460 4560
461 4548
462 4538
463 4546
464 4554
465 4560
466 4545
467 4526
468 4523
469 4531
470 4490
471 4544
472 4501
473 4540
474 4535
475 4543
476 4543
477 4554
478 4538
479 4526
480 4516
481 4550
482 4533
483 4573
484 4527
485 4628
486 4544
487 4556
488 4534
489 4542
490 4526
491 4514
492 4558
493 4622
494 4690
495 4637
496 4709
497 4562
498 4496
499 4542
500 4539
501 4536
502 4564
503 4730
504 4763
505 4666
506 4522
507 4529
508 4521
509 4568
510 4535
511 4565
512 4540
513 4534
514 4532
515 4584
516 4515
517 4576
518 4711
519 4522
520 4531
521 4612
522 4699
523 4577
524 4733
525 4534
526 4535
527 4550
528 4521
529 4573
530 4541
531 4529
532 4533
533 4534
534 4525
535 4549
536 4499
537 4581
538 4534
539 4560
540 4548
541 4565
542 4566
543 4612
544 4678
545 4553
546 4520
547 4535
548 4552
549 4552
550 4523
551 4579
552 4555
553 4606
554 4548
555 4620
556 4696
557 4572
558 4670
559 4626
560 4548
561 4667
562 4571
563 4589
564 4565
565 4532
566 4532
567 4561
568 4502
569 4544
570 4551
571 4589
572 4569
573 4607
574 4738
575 4658
576 4746
577 4632
578 4540
579 4571
580 4564
581 4540
582 4539
583 4562
584 4769
585 4735
586 4529
587 4561
588 4553
589 4577
590 4545
591 4561
592 4556
593 4535
594 4541
595 4539
596 4533
597 4616
598 4554
599 4577
600 4567
601 4706
602 4554
603 4599
604 4565
605 4558
606 4559
607 4559
608 4569
609 4534
610 4519
611 4544
612 4520
613 4558
614 4775
615 4714
616 4498
617 4634
618 4506
619 4634
620 4561
621 4623
622 4493
623 4597
624 4771
625 4645
626 4539
627 4541
628 4537
629 4550
630 4488
631 4556
632 4517
633 4559
634 4548
635 4536
636 4528
637 4566
638 4512
639 4594
640 4695
641 4514
642 4567
643 4557
644 4557
645 4557
646 4750
647 4615
648 4725
649 4547
650 4544
651 4544
652 4553
653 4549
654 4588
655 4632
656 4521
657 4534
658 4527
659 4600
660 4689
661 4684
662 4699
663 4516
664 4494
665 4533
666 4549
667 4609
668 4559
669 4575
670 4573
671 4576
672 4539
673 4531
674 4538
675 4592
676 4699
677 4577
678 4527
679 4536
680 4569
681 4557
682 4509
683 4547
684 4508
685 4554
686 4566
687 4662
688 4536
689 4666
690 4717
691 4559
692 4510
693 4541
694 4521
695 4563
696 4545
697 4532
698 4585
699 4658
700 4733
701 4654
702 4630
703 4623
704 4515
705 4547
706 4521
707 4578
708 4520
709 4571
710 4691
711 4590
712 4698
713 4555
714 4557
715 4584
716 4683
717 4541
718 4531
719 4553
720 4560
721 4547
722 4575
723 4559
724 4490
725 4601
726 4545
727 4597
728 4710
729 4519
730 4550
731 4549
732 4608
733 4649
734 4545
735 4557
736 4546
737 4547
738 4568
739 4567
740 4520
741 4599
742 4539
743 4601
744 4687
745 4659
746 4703
747 4606
748 4520
749 4556
750 4567
751 4538
752 4519
753 4573
754 4752
755 4626
756 4549
757 4664
758 4538
759 4569
760 4545
761 4599
762 4747
763 4552
764 4550
765 4555
766 4519
767 4521
768 4519
769 4563
770 4568
771 4559
772 4530
773 4566
774 4567
775 4641
776 4668
777 4534
778 4543
779 4507
780 4564
781 4599
782 4537
783 4550
784 4519
785 4558
786 4542
787 4514
788 4567
789 4618
790 4706
791 4621
792 4550
793 4582
794 4706
795 4541
796 4564
797 4556
798 4487
799 4543
800 4556
801 5083
802 4562
803 4560
804 4527
805 4549
806 4510
807 4601
808 4534
809 4721
810 4550
811 4552
812 4734
813 4754
814 4738
815 4680
816 4702
817 4547
818 4556
819 4552
820 4573
821 4544
822 4565
823 4613
824 4563
825 4701
826 4537
827 4549
828 4526
829 4674
830 4673
831 4611
832 4693
833 4573
834 4730
835 4641
836 4519
837 4569
838 4528
839 4560
840 4533
841 4537
842 4497
843 4562
844 4512
845 4607
846 4740
847 4521
848 4526
849 4560
850 4583
851 4561
852 4527
853 4515
854 4580
855 4558
856 4572
857 4622
858 4540
859 4620
860 4554
861 4521
862 4516
863 4605
864 4549
865 4547
866 4520
867 4537
868 4545
869 4543
870 4560
871 4567
872 4578
873 4548
874 4562
875 4666
876 4715
877 4573
878 4563
879 4663
880 4736
881 4557
882 4522
883 4595
884 4774
885 4634
886 4538
887 4565
888 4563
889 4647
890 4576
891 4564
892 4555
893 4582
894 4726
895 4546
896 4532
897 4541
898 4539
899 4619
900 4536
901 4608
902 4866
903 4886
904 4642
905 4647
906 4596
907 4699
908 4734
909 4642
910 4800
911 4631
912 4783
913 4655
914 4566
915 4581
916 4590
917 4706
918 4852
919 4737
920 4678
921 4669
922 4641
923 4597
924 4530
925 4558
926 4590
927 4732
928 4547
929 4557
930 4584
931 4658
932 4570
933 4587
934 4555
935 4697
936 4733
937 4659
938 4694
939 4537
940 4535
941 4599
942 4697
943 4728
944 4542
945 4631
946 4511
947 4566
948 4551
949 4538
950 4543
951 4696
952 4718
953 4555
954 4518
955 4556
956 4491
957 4611
958 4531
959 4507
960 4524
961 4724
962 4534
963 4582
964 4765
965 4766
966 4503
967 4668
968 4697
969 4609
970 4726
971 4613
972 4726
973 4685
974 4775
975 4653
976 4548
977 4546
978 4534
979 4610
980 4540
981 4564
982 4534
983 4539
984 4519
985 4562
986 4533
987 4623
988 4553
989 4557
990 4533
991 4533
992 4521
993 4555
994 4550
995 4665
996 4713
997 4686
998 4530
999 4598
1000 4730
1001 4571
1002 4564
1003 4581
1004 4506
1005 4532
1006 4522
1007 4559
1008 4520
1009 4608
1010 4688
1011 4535
1012 4567
1013 4618
1014 4538
1015 4534
1016 4530
1017 4614
1018 4533
1019 4545
1020 4551
1021 4549
1022 4518
1023 4538
1024 4553
1025 4565
1026 4536
1027 4586
1028 4522
1029 4530
1030 4522
1031 4594
1032 4535
1033 4579
1034 4488
1035 4533
1036 4537
1037 4548
1038 4704
1039 4550
1040 4551
1041 4649
1042 4529
1043 4634
1044 4578
1045 4556
1046 4598
1047 4558
1048 4585
1049 4667
1050 4590
1051 4655
1052 4529
1053 4529
1054 4513
1055 4650
1056 4706
1057 4560
1058 4510
1059 4536
1060 4549
1061 4533
1062 4516
1063 4537
1064 4489
1065 4549
1066 4523
1067 4556
1068 4537
1069 4551
1070 4527
1071 4549
1072 4525
1073 4537
1074 4538
1075 4560
1076 4732
1077 4623
1078 4547
1079 4634
1080 4522
1081 4572
1082 4710
1083 4577
1084 4555
1085 4543
1086 4579
1087 4596
1088 4527
1089 4599
1090 4751
1091 4509
1092 4523
1093 4542
1094 4516
1095 4579
1096 4539
1097 4546
1098 4564
1099 4533
1100 4489
1101 4541
1102 4551
1103 4618
1104 4566
1105 4734
1106 4680
1107 4569
1108 4541
1109 4658
1110 4742
1111 4574
1112 4527
1113 4576
1114 4565
1115 4540
1116 4535
1117 4549
1118 4552
1119 4616
1120 4718
1121 4538
1122 4526
1123 4580
1124 4577
1125 4588
1126 4725
1127 4556
1128 4524
1129 4609
1130 4547
1131 4539
1132 4540
1133 4596
1134 4566
1135 4564
1136 4565
1137 4532
1138 4565
1139 4530
1140 4555
1141 4580
1142 4531
1143 4644
1144 4509
1145 4551
1146 4516
1147 4604
1148 4582
1149 4648
1150 4527
1151 4570
1152 4525
1153 4663
1154 4669
1155 4583
1156 4533
1157 4544
1158 4572
1159 4558
1160 4554
1161 4578
1162 4538
1163 4673
1164 4690
1165 4539
1166 4571
1167 4609
1168 4561
1169 4565
1170 4750
1171 4616
1172 4519
1173 4558
1174 4530
1175 4578
1176 4566
1177 4524
1178 4526
1179 4615
1180 4529
1181 4557
1182 4552
1183 4534
1184 4531
1185 4537
1186 4533
1187 4601
1188 4775
1189 4639
1190 4523
1191 4597
1192 4706
1193 4700
1194 4539
1195 4551
1196 4541
1197 4593
1198 4766
1199 4642
1200 4587
1201 4560
1202 4531
1203 4651
1204 4557
1205 4558
1206 4536
1207 4578
1208 4730
1209 4674
1210 4766
1211 4558
1212 4510
1213 4565
1214 4521
1215 4638
1216 4758
1217 4764
1218 4706
1219 4663
1220 4575
1221 4636
1222 4525
1223 4597
1224 4567
1225 4587
1226 4698
1227 4544
1228 4562
1229 4657
1230 4566
1231 4596
1232 4721
1233 4642
1234 4540
1235 4689
1236 4551
1237 4702
1238 4513
1239 4551
1240 4529
1241 4658
1242 4735
1243 4553
1244 4536
1245 4554
1246 4550
1247 4658
1248 4775
1249 4567
1250 4525
1251 4564
1252 4531
1253 4549
1254 4533
1255 4513
1256 4532
1257 4533
1258 4565
1259 4594
1260 4530
1261 4538
1262 4523
1263 4532
1264 4571
1265 4641
1266 4577
1267 4509
1268 4708
1269 4610
1270 4741
1271 4587
1272 4565
1273 4565
1274 4540
1275 4560
1276 4530
1277 4621
1278 4572
1279 4605
1280 4531
1281 4538
1282 4523
1283 4529
1284 4528
1285 4569
1286 4558
1287 4594
1288 4741
1289 4582
1290 4521
1291 4551
1292 4539
1293 4535
1294 4523
1295 4535
1296 4566
1297 4530
1298 4547
1299 4564
1300 4572
1301 4744
1302 4752
1303 4534
1304 4522
1305 4547
1306 4533
1307 4681
1308 4565
1309 4567
1310 4578
1311 4577
1312 4521
1313 4541
1314 4545
1315 4624
1316 4730
1317 4519
1318 4486
1319 4548
1320 4533
1321 4565
1322 4531
1323 4635
1324 4547
1325 4574
1326 4541
1327 4638
1328 4521
1329 4574
1330 4724
1331 4567
1332 4521
1333 4546
1334 4562
1335 4534
1336 4530
1337 4555
1338 4567
1339 4590
1340 4710
1341 4632
1342 4553
1343 4537
1344 4554
1345 4561
1346 4681
1347 4572
1348 4595
1349 4627
1350 4550
1351 4592
1352 4726
1353 4566
1354 4522
1355 4525
1356 4503
1357 4607
1358 4714
1359 4547
1360 4506
1361 4520
1362 4579
1363 4666
1364 4708
1365 4525
1366 4530
1367 4530
1368 4535
1369 4578
1370 4711
1371 4526
1372 4546
1373 4634
1374 4595
1375 4654
1376 4726
1377 4804
1378 4711
1379 4553
1380 4568
1381 4557
1382 4532
1383 4601
1384 4506
1385 4600
1386 4687
1387 4557
1388 4552
1389 4545
1390 4567
1391 4551
1392 4514
1393 4586
1394 4695
1395 4532
1396 4535
1397 4586
1398 4553
1399 4624
1400 4517
1401 4665
1402 4702
1403 4554
1404 4530
1405 4664
1406 4747
1407 4731
1408 4712
1409 4572
1410 4553
1411 4541
1412 4539
1413 4578
1414 4563
1415 4559
1416 4542
1417 4529
1418 4549
1419 4523
1420 4604
1421 4583
1422 4529
1423 4732
1424 4555
1425 4548
1426 4566
1427 4563
1428 4518
1429 4546
1430 4519
1431 4548
1432 4545
1433 4609
1434 4518
1435 4544
1436 4554
1437 4596
1438 4531
1439 4552
1440 4553
1441 4578
1442 4552
1443 4693
1444 4726
1445 4554
1446 4521
1447 4549
1448 4538
1449 4601
1450 4691
1451 4540
1452 4543
1453 4527
1454 4563
1455 4563
1456 4530
1457 4551
1458 4513
1459 4566
1460 4522
1461 4636
1462 4700
1463 4694
1464 4546
1465 4532
1466 4494
1467 4548
1468 4557
1469 4554
1470 4561
1471 4537
1472 4541
1473 4692
1474 4733
1475 4765
1476 4772
1477 4599
1478 4512
1479 4550
1480 4547
1481 4660
1482 4546
1483 4545
1484 4562
1485 4672
1486 4706
1487 4599
1488 4733
1489 4661
1490 4518
1491 4561
1492 4550
1493 4640
1494 4775
1495 4749
1496 4642
1497 4536
1498 4487
1499 4545
1500 4563
1501 4647
1502 4685
1503 4647
1504 4693
1505 4612
1506 4537
1507 4549
1508 4542
1509 4536
1510 4567
1511 4552
1512 4554
1513 4594
1514 4717
1515 4520
1516 4608
1517 4605
1518 4760
1519 4558
1520 4518
1521 4540
1522 4528
1523 4542
1524 4515
1525 4532
1526 4520
1527 4610
1528 4558
1529 4681
1530 4522
1531 4538
1532 4552
1533 4630
1534 4684
1535 4526
1536 4550
1537 4525
1538 4559
1539 4544
1540 4519
1541 4540
1542 4510
1543 4562
1544 4520
1545 4645
1546 4703
1547 4658
1548 4702
1549 4624
1550 4543
1551 4534
1552 4547
1553 4540
1554 4532
1555 4539
1556 4519
1557 4559
1558 4530
1559 4536
1560 4524
1561 4577
1562 4695
1563 4516
1564 4498
1565 4560
1566 4513
1567 4503
1568 4534
1569 4602
1570 4550
1571 4534
1572 4568
1573 4538
1574 4554
1575 4573
1576 4546
1577 4550
1578 4530
1579 4553
1580 4544
1581 4536
1582 4546
1583 4638
1584 4733
1585 4635
1586 4532
1587 4612
1588 4531
1589 4661
1590 4716
1591 4557
1592 4572
1593 4627
1594 4562
1595 4547
1596 4523
1597 4531
1598 4565
1599 4528
1600 4540
1601 4563
1602 4531
1603 4550
1604 4552
1605 4533
1606 4524
1607 4620
1608 4513
1609 4599
1610 4753
1611 4583
1612 4767
1613 4621
1614 4545
1615 4509
1616 4547
1617 4572
1618 4708
1619 4585
1620 4529
1621 4659
1622 4564
1623 4611
1624 4563
1625 4669
1626 4752
1627 4585
1628 4731
1629 4649
1630 4533
1631 4539
1632 4511
1633 4604
1634 4712
1635 4558
1636 4535
1637 4572
1638 4522
1639 4593
1640 4538
1641 4554
1642 4527
1643 4532
1644 4522
1645 4553
1646 4523
1647 4542
1648 4552
1649 4549
1650 4544
1651 4507
1652 4535
1653 4571
1654 4557
1655 4563
1656 4518
1657 4672
1658 4773
1659 4768
1660 4713
1661 4558
1662 4549
1663 4544
1664 4598
1665 4580
1666 4540
1667 4535
1668 4524
1669 4566
1670 4539
1671 4532
1672 4530
1673 4608
1674 4707
1675 4610
1676 4723
1677 4551
1678 4596
1679 4549
1680 4560
1681 4647
1682 4704
1683 4578
1684 4728
1685 4660
1686 4528
1687 4545
1688 4577
1689 4609
1690 4729
1691 4537
1692 4521
1693 4532
1694 4544
1695 4514
1696 4526
1697 4568
1698 4528
1699 4520
1700 4543
1701 4558
1702 4536
1703 4542
1704 4517
1705 4548
1706 4526
1707 4553
1708 4568
1709 4566
1710 4689
1711 4549
1712 4556
1713 4622
1714 4551
1715 4605
1716 4532
1717 4561
1718 4537
1719 4571
1720 4743
1721 4561
1722 4547
1723 4666
1724 4717
1725 4539
1726 4560
1727 4566
1728 4500
1729 4672
1730 4756
1731 4685
1732 4531
1733 4558
1734 4541
1735 4557
1736 4527
1737 4591
1738 4668
1739 4620
1740 4499
1741 4558
1742 4544
1743 4684
1744 4702
1745 4515
1746 4575
1747 4607
1748 4588
1749 4568
1750 4568
1751 4559
1752 4505
1753 4558
1754 4563
1755 4598
1756 4521
1757 4563
1758 4539
1759 4571
1760 4738
1761 4643
1762 4530
1763 4641
1764 4545
1765 4548
1766 4567
1767 4548
1768 4566
1769 4583
1770 4521
1771 4545
1772 4566
1773 4551
1774 4566
1775 4547
1776 4542
1777 4570
1778 4528
1779 4558
1780 4547
1781 4548
1782 4557
1783 4691
1784 4503
1785 4497
1786 4553
1787 4726
1788 4554
1789 4630
1790 4553
1791 4530
1792 4564
1793 4518
1794 4509
1795 4529
1796 4562
1797 4550
1798 4486
1799 4577
1800 4748
1801 4735
1802 4539
1803 4639
1804 4536
1805 4611
1806 4533
1807 4556
1808 4534
1809 4547
1810 4531
1811 4563
1812 4526
1813 4569
1814 4563
1815 4549
1816 4547
1817 4533
1818 4534
1819 4504
1820 4507
1821 4707
1822 4556
1823 4574
1824 4583
1825 4653
1826 4533
1827 4528
1828 4523
1829 4544
1830 4699
1831 4562
1832 4715
1833 4552
1834 4540
1835 4536
1836 4600
1837 4597
1838 4553
1839 4562
1840 4520
1841 4572
1842 4528
1843 4573
1844 4612
1845 4530
1846 4529
1847 4668
1848 4731
1849 4530
1850 4534
1851 4586
1852 4690
1853 4715
1854 4521
1855 4541
1856 4567
1857 4562
1858 4567
1859 4567
1860 4553
1861 4562
1862 4563
1863 4542
1864 4520
1865 4577
1866 4510
1867 4620
1868 4688
1869 4500
1870 4596
1871 4540
1872 4550
1873 4536
1874 4554
1875 4564
1876 4560
1877 4663
1878 4705
1879 4693
1880 4558
1881 4601
1882 4501
1883 4627
1884 4597
1885 4605
1886 4561
1887 4550
1888 4544
1889 4559
1890 4542
1891 4530
1892 4566
1893 4623
1894 4546
1895 4662
1896 4733
1897 4564
1898 4549
1899 4578
1900 4540
1901 4537
1902 4551
1903 4551
1904 4515
1905 4543
1906 4540
1907 4530
1908 4527
1909 4650
1910 4733
1911 4552
1912 4538
1913 4556
1914 4529
1915 4537
1916 4542
1917 4550
1918 4534
1919 4537
1920 4560
1921 4682
1922 4732
1923 4728
1924 4698
1925 4714
1926 4588
1927 4803
1928 4726
1929 4580
1930 4585
1931 4736
1932 4591
1933 4752
1934 4755
1935 4599
1936 4547
1937 4571
1938 4667
1939 4668
1940 4763
1941 4763
1942 4609
1943 4682
1944 4567
1945 4645
1946 4567
1947 4715
1948 4729
1949 4553
1950 4578
1951 4641
1952 4520
1953 4563
1954 4532
1955 4598
1956 4737
1957 4542
1958 4543
1959 4557
1960 4548
1961 4566
1962 4555
1963 4556
1964 4524
1965 4526
1966 4510
1967 4653
1968 4501
1969 4572
1970 4727
1971 4605
1972 4542
1973 4552
1974 4490
1975 4531
1976 4488
1977 4571
1978 4557
1979 4594
1980 4721
1981 4588
1982 4505
1983 4576
1984 4488
1985 4665
1986 4740
1987 4617
1988 4532
1989 4558
1990 4527
1991 4542
1992 4486
1993 4494
1994 4586
1995 4647
1996 4598
1997 4640
1998 4701
1999 4646
2000 4582
2001 4596
2002 4677
2003 4528
2004 4604
2005 4542
2006 4548
2007 4531
2008 4535
2009 4662
2010 4743
2011 4692
2012 4570
2013 4584
2014 4550
2015 4562
2016 4560
2017 4581
2018 4537
2019 4534
2020 4533
2021 4564
2022 4540
2023 4559
2024 4546
2025 4552
2026 4524
2027 4530
2028 4519
2029 4675
2030 4720
2031 4673
2032 4676
2033 4707
2034 4762
2035 4545
2036 4567
2037 4557
2038 4560
2039 4538
2040 4512
2041 4552
2042 4523
2043 4576
2044 4547
2045 4562
2046 4573
2047 4527
2048 4557
2049 4673
2050 4714
2051 4579
2052 4543
2053 4546
2054 4523
2055 4552
2056 4540
2057 4533
2058 4508
2059 4509
2060 4597
2061 4578
2062 4530
2063 4680
2064 4726
2065 4561
2066 4709
2067 4613
2068 4616
2069 4570
2070 4741
2071 4734
2072 4761
2073 4655
2074 4707
2075 4583
2076 4724
2077 4768
2078 4707
2079 4516
2080 4537
2081 4551
2082 4544
2083 4531
2084 4570
2085 4580
2086 4524
2087 4541
2088 4543
2089 4529
2090 4571
2091 4545
2092 4559
2093 4578
2094 4530
2095 4646
2096 4641
2097 4524
2098 4524
2099 4546
2100 4512
2101 4532
2102 4565
2103 4594
2104 4525
2105 4531
2106 4515
2107 4562
2108 4527
2109 4557
2110 4511
2111 4572
2112 4525
2113 4566
2114 4528
2115 4566
2116 4524
2117 4557
2118 4579
2119 4613
2120 4569
2121 4574
2122 4557
2123 4548
2124 4557
2125 4594
2126 4715
2127 4549
2128 4535
2129 4537
2130 4558
2131 4554
2132 4536
2133 4548
2134 4549
2135 4506
2136 4566
2137 4570
2138 4550
2139 4597
2140 4693
2141 4672
2142 4566
2143 4546
2144 4545
2145 4624
2146 4547
2147 4547
2148 4511
2149 4508
2150 4523
2151 4651
2152 4732
2153 4570
2154 4575
2155 4526
2156 4552
2157 4620
2158 4545
2159 4596
2160 4714
2161 4725
2162 4725
2163 4559
2164 4556
2165 4543
2166 4563
2167 4543
2168 4513
2169 4571
2170 4536
2171 4648
2172 4523
2173 4613
2174 4534
2175 4531
2176 4543
2177 4537
2178 4556
2179 4570
2180 4569
2181 4528
2182 4589
2183 4567
2184 4541
2185 4548
2186 4518
2187 4573
2188 4724
2189 4667
2190 4547
2191 4528
2192 4549
2193 4536
2194 4496
2195 4552
2196 4554
2197 4549
2198 4526
2199 4531
2200 4532
2201 4557
2202 4554
2203 4550
2204 4526
2205 4578
2206 4495
2207 4570
2208 4537
2209 4604
2210 4738
2211 4665
2212 4722
2213 4660
2214 4556
2215 4557
2216 4565
2217 4548
2218 4495
2219 4554
2220 4533
2221 4538
2222 4554
2223 4588
2224 4697
2225 4505
2226 4565
2227 4567
2228 4568
2229 4588
2230 4639
2231 4529
2232 4550
2233 4542
2234 4579
2235 4579
2236 4523
2237 4641
2238 4724
2239 4565
2240 4519
2241 4554
2242 4542
2243 4532
2244 4521
2245 4574
2246 4529
2247 4576
2248 4521
2249 4579
2250 4519
2251 4590
2252 4512
2253 4557
2254 4529
2255 4554
2256 4537
2257 4570
2258 4552
2259 4546
2260 4532
2261 4660
2262 4545
2263 4565
2264 4526
2265 4547
2266 4555
2267 4650
2268 4750
2269 4597
2270 4535
2271 4596
2272 4529
2273 4523
2274 4537
2275 4556
2276 4525
2277 4544
2278 4564
2279 4705
2280 4536
2281 4539
2282 4550
2283 4562
2284 4538
2285 4643
2286 4712
2287 4636
2288 4566
2289 4544
2290 4522
2291 4544
2292 4547
2293 4558
2294 4568
2295 4629
2296 4487
2297 4533
2298 4527
2299 4541
2300 4598
2301 4744
2302 4537
2303 4623
2304 4541
2305 4537
2306 4524
2307 4591
2308 4740
2309 4577
2310 4712
2311 4656
2312 4706
2313 4640
2314 4566
2315 4672
2316 4546
2317 4550
2318 4537
2319 4543
2320 4528
2321 4558
2322 4545
2323 4567
2324 4569
2325 4562
2326 4520
2327 4670
2328 4768
2329 4551
2330 4555
2331 4700
2332 4734
2333 4660
2334 4546
2335 4660
2336 4764
2337 4615
2338 4594
2339 4686
2340 4569
2341 4666
2342 4499
2343 4566
2344 4546
2345 4567
2346 4576
2347 4661
2348 4534
2349 4562
2350 4521
2351 4569
2352 4525
2353 4531
2354 4527
2355 4548
2356 4550
2357 4575
2358 4687
2359 4565
2360 4524
2361 4650
2362 4527
2363 4526
2364 4527
2365 4620
2366 4688
2367 4646
2368 4720
2369 4609
2370 4583
2371 4552
2372 4527
2373 4561
2374 4520
2375 4534
2376 4525
2377 4556
2378 4525
2379 4565
2380 4522
2381 4540
2382 4549
2383 4564
2384 4537
2385 4576
2386 4685
2387 4520
2388 4488
2389 4591
2390 4513
2391 4584
2392 4745
2393 4717
2394 4727
2395 4527
2396 4542
2397 4541
2398 4546
2399 4714
2400 4518
2401 4627
2402 4544
2403 4546
2404 4541
2405 4568
2406 4524
2407 4561
2408 4523
2409 4578
2410 4771
2411 4685
2412 4693
2413 4534
2414 4496
2415 4542
2416 4532
2417 4556
2418 4486
2419 4507
2420 4533
2421 4554
2422 4524
2423 4690
2424 4724
2425 4629
2426 4493
2427 4607
2428 4574
2429 4533
2430 4525
2431 4665
2432 4747
2433 4601
2434 4527
2435 4526
2436 4497
2437 4645
2438 4551
2439 4530
2440 4525
2441 4672
2442 4737
2443 4709
2444 4538
2445 4533
2446 4531
2447 4529
2448 4541
2449 4570
2450 4536
2451 4577
2452 4525
2453 4556
2454 4569
2455 4545
2456 4555
2457 4624
2458 4548
2459 4549
2460 4522
2461 4553
2462 4521
2463 4539
2464 4566
2465 4538
2466 4593
2467 4698
2468 4756
2469 4632
2470 4553
2471 4569
2472 4728
2473 4632
2474 4529
2475 4515
2476 4548
2477 4558
2478 4539
2479 4551
2480 4548
2481 4571
2482 4525
2483 4574
2484 4521
2485 4599
2486 4533
2487 4604
2488 4525
2489 4529
2490 4553
2491 4617
2492 4538
2493 4566
2494 4548
2495 4541
2496 4526
2497 4544
2498 4523
2499 4655
2500 4695
2501 4555
2502 4538
2503 4529
2504 4514
2505 4569
2506 4546
2507 4654
2508 4525
2509 4581
2510 4555
2511 4637
2512 4557
2513 4531
2514 4544
2515 4546
2516 4523
2517 4552
2518 4551
2519 4548
2520 4524
2521 4631
2522 4708
2523 4665
2524 4542
2525 4570
2526 4516
2527 4531
2528 4555
2529 4571
2530 4520
2531 4641
2532 4709
2533 4606
2534 4735
2535 4544
2536 4529
2537 4521
2538 4712
2539 4566
2540 4547
2541 4568
2542 4541
2543 4532
2544 4564
2545 4632
2546 4509
2547 4549
2548 4552
2549 4557
2550 4544
2551 4546
2552 4534
2553 4538
2554 4564
2555 4562
2556 4549
2557 4617
2558 4519
2559 4626
2560 4565
2561 4546
2562 4571
2563 4609
2564 4713
2565 4645
2566 4693
2567 4572
2568 4531
2569 4580
2570 4683
2571 4546
2572 4558
2573 4540
2574 4531
2575 4628
2576 4542
2577 4567
2578 4523
2579 4543
2580 4548
2581 4722
2582 4700
2583 4636
2584 4725
2585 4554
2586 4559
2587 4654
2588 4531
2589 4560
2590 4537
2591 4572
2592 4530
2593 4656
2594 4559
2595 4659
2596 4533
2597 4685
2598 4568
2599 4531
2600 4515
2601 4545
2602 4535
2603 4584
2604 4689
2605 4604
2606 4725
2607 4625
2608 4549
2609 4581
2610 4535
2611 4554
2612 4512
2613 4527
2614 4512
2615 4616
2616 4731
2617 4587
2618 4558
2619 4556
2620 4522
2621 4540
2622 4547
2623 4567
2624 4519
2625 4552
2626 4516
2627 4534
2628 4533
2629 4553
2630 4487
2631 4567
2632 4669
2633 4670
2634 4732
2635 4663
2636 4534
2637 4530
2638 4521
2639 4538
2640 4547
2641 4573
2642 4537
2643 4535
2644 4524
2645 4573
2646 4685
2647 4591
2648 4588
2649 4598
2650 4699
2651 4729
2652 4722
2653 4533
2654 4555
2655 4564
2656 4568
2657 4596
2658 4685
2659 4633
2660 4534
2661 4591
2662 4707
2663 4714
2664 4513
2665 4542
2666 4492
2667 4589
2668 4725
2669 4551
2670 4578
2671 4577
2672 4535
2673 4664
2674 4536
2675 4610
2676 4507
2677 4570
2678 4551
2679 4564
2680 4523
2681 4528
2682 4561
2683 4573
2684 4524
2685 4542
2686 4580
2687 4684
2688 4684
2689 4552
2690 4518
2691 4601
2692 4723
2693 4568
2694 4697
2695 4543
2696 4567
2697 4647
2698 4551
2699 4573
2700 4524
2701 4541
2702 4589
2703 4676
2704 4523
2705 4555
2706 4538
2707 4547
2708 4607
2709 4695
2710 4563
2711 4635
2712 4553
2713 4554
2714 4529
2715 4557
2716 4529
2717 4547
2718 4534
2719 4570
2720 4549
2721 4547
2722 4543
2723 4575
2724 4510
2725 4541
2726 4523
2727 4576
2728 4539
2729 4569
2730 4533
2731 4660
2732 4682
2733 4700
2734 4556
2735 4675
2736 4550
2737 4549
2738 4513
2739 4580
2740 4538
2741 4589
2742 4579
2743 4549
2744 4569
2745 4565
2746 4518
2747 4537
2748 4581
2749 4622
2750 4554
2751 4588
2752 4537
2753 4629
2754 4588
2755 4649
2756 4549
2757 4555
2758 4571
2759 4558
2760 4551
2761 4604
2762 4585
2763 4636
2764 4546
2765 4553
2766 4537
2767 4597
2768 4581
2769 4554
2770 4540
2771 4571
2772 4549
2773 4597
2774 4515
2775 4579
2776 4570
2777 4576
2778 4549
2779 4550
2780 4629
2781 4584
2782 4556
2783 4543
2784 4545
2785 4628
2786 4533
2787 4538
2788 4519
2789 4546
2790 4537
2791 4572
2792 4701
2793 4624
2794 4520
2795 4633
2796 4554
2797 4559
2798 4550
2799 4544
2800 4593
2801 4746
2802 4731
2803 4558
2804 4591
2805 4540
2806 4590
2807 4536
2808 4524
2809 4538
2810 4538
2811 4573
2812 4545
2813 4629
2814 4773
2815 4694
2816 4532
2817 4549
2818 4536
2819 4736
2820 4730
2821 4598
2822 4523
2823 4678
2824 4705
2825 4560
2826 4522
2827 4679
2828 4577
2829 4708
2830 4536
2831 4597
2832 4582
2833 4602
2834 4693
2835 4571
2836 4540
2837 4568
2838 4710
2839 4721
2840 4762
2841 4494
2842 4543
2843 4646
2844 4715
2845 4546
2846 4519
2847 4571
2848 4570
2849 4549
2850 4556
2851 4539
2852 4613
2853 4579
2854 4715
2855 4613
2856 4697
2857 4624
2858 4509
2859 4543
2860 4525
2861 4552
2862 4539
2863 4574
2864 4528
2865 4652
2866 4736
2867 4596
2868 4546
2869 4528
2870 4548
2871 4597
2872 4716
2873 4553
2874 4555
2875 4604
2876 4781
2877 4705
2878 4710
2879 4584
2880 4731
2881 4541
2882 4534
2883 4517
2884 4556
2885 4561
2886 4506
2887 4744
2888 4722
2889 4605
2890 4733
2891 4675
2892 4694
2893 4561
2894 4554
2895 4627
2896 4537
2897 4577
2898 4533
2899 4605
2900 4495
2901 4561
2902 4542
2903 4566
2904 4541
2905 4522
2906 4523
2907 4568
2908 4544
2909 4534
2910 4539
2911 4566
2912 4519
2913 4543
2914 4506
2915 4563
2916 4522
2917 4580
2918 4709
2919 4615
2920 4587
2921 4540
2922 4563
2923 4596
2924 4521
2925 4605
2926 4719
2927 4549
2928 4551
2929 4553
2930 4486
2931 4585
2932 4527
2933 4560
2934 4537
2935 4539
2936 4567
2937 4630
2938 4570
2939 4603
2940 4814
2941 4728
2942 4874
2943 4730
2944 4835
2945 4733
2946 4562
2947 4602
2948 4547
2949 4650
2950 4552
2951 4552
2952 4586
2953 4608
2954 4580
2955 4745
2956 4820
2957 4676
2958 4689
2959 4622
2960 4552
2961 4633
2962 4698
2963 4558
2964 4527
2965 4534
2966 4542
2967 4695
2968 4778
2969 4550
2970 4526
2971 4556
2972 4527
2973 4589
2974 4728
2975 4718
2976 4568
2977 4562
2978 4527
2979 4561
2980 4564
2981 4538
2982 4547
2983 4541
2984 4518
2985 4533
2986 4566
2987 4551
2988 4515
2989 4576
2990 4704
2991 4616
2992 4559
2993 4533
2994 4537
2995 4546
2996 4747
2997 4766
2998 4719
2999 4552
3000 4563
3001 4521
3002 4556
3003 4526
3004 4591
3005 4594
3006 4755
3007 4597
3008 4689
3009 4547
3010 4553
3011 4571
3012 4759
3013 4667
3014 4684
3015 4580
3016 4524
3017 4571
3018 4527
3019 4675
3020 4559
3021 4565
3022 4539
3023 4651
3024 4569
3025 4762
3026 4757
3027 4599
3028 4506
3029 4522
3030 4584
3031 4609
3032 4516
3033 4597
3034 4519
3035 4547
3036 4512
3037 4550
3038 4560
3039 4618
3040 4772
3041 4646
3042 4534
3043 4546
3044 4542
3045 4626
3046 4687
3047 4614
3048 4736
3049 4692
3050 4703
3051 4654
3052 4567
3053 4615
3054 4534
3055 4532
3056 4489
3057 4662
3058 4690
3059 4542
3060 4544
3061 4551
3062 4553
3063 4552
3064 4516
3065 4638
3066 4533
3067 4542
3068 4523
3069 4566
3070 4566
3071 4666
3072 4709
3073 4567
3074 4527
3075 4551
3076 4521
3077 4579
3078 4516
3079 4603
3080 4696
3081 4616
3082 4498
3083 4542
3084 4526
3085 4638
3086 4509
3087 4585
3088 4755
3089 4562
3090 4512
3091 4581
3092 4764
3093 4683
3094 4733
3095 4679
3096 4700
3097 4715
3098 4697
3099 4648
3100 4553
3101 4568
3102 4540
3103 4522
3104 4560
3105 4555
3106 4539
3107 4555
3108 4529
3109 4528
3110 4563
3111 4623
3112 4543
3113 4703
3114 4547
3115 4709
3116 4599
3117 4690
3118 4525
3119 4543
3120 4523
3121 4565
3122 4530
3123 4691
3124 4714
3125 4632
3126 4552
3127 4622
3128 4566
3129 4584
3130 4549
3131 4586
3132 4716
3133 4660
3134 4718
3135 4546
3136 4562
3137 4554
3138 4561
3139 4655
3140 4728
3141 4657
3142 4729
3143 4553
3144 4562
3145 4696
3146 4577
3147 4651
3148 4547
3149 4591
3150 4550
3151 4571
3152 4527
3153 4523
3154 4524
3155 4607
3156 4540
3157 4583
3158 4707
3159 4747
3160 4567
3161 4534
3162 4545
3163 4524
3164 4529
3165 4589
3166 4568
3167 4549
3168 4556
3169 4547
3170 4524
3171 4538
3172 4530
3173 4569
3174 4503
3175 4561
3176 4567
3177 4579
3178 4506
3179 4521
3180 4521
3181 4565
3182 4554
3183 4615
3184 4531
3185 4591
3186 4545
3187 4512
3188 4547
3189 4688
3190 4539
3191 4562
3192 4525
3193 4562
3194 4527
3195 4553
3196 4565
3197 4525
3198 4537
3199 4623
3200 4566
3201 4647
3202 4560
3203 4575
3204 4537
3205 4535
3206 4523
3207 4536
3208 4519
3209 4651
3210 4718
3211 4710
3212 4706
3213 4561
3214 4495
3215 4672
3216 4539
3217 4571
3218 4531
3219 4607
3220 4684
3221 4575
3222 4500
3223 4583
3224 4517
3225 4582
3226 4723
3227 4552
3228 4572
3229 4514
3230 4509
3231 4540
3232 4532
3233 4584
3234 4691
3235 4569
3236 4735
3237 4579
3238 4556
3239 4517
3240 4521
3241 4644
3242 4716
3243 4510
3244 4528
3245 4559
3246 4543
3247 4529
3248 4508
3249 4538
3250 4508
3251 4539
3252 4562
3253 4537
3254 4528
3255 4587
3256 4661
3257 4562
3258 4536
3259 4561
3260 4519
3261 4613
3262 4747
3263 4589
3264 4712
3265 4580
3266 4542
3267 4663
3268 4729
3269 4544
3270 4553
3271 4670
3272 4568
3273 4598
3274 4720
3275 4665
3276 4749
3277 4731
3278 4731
3279 4607
3280 4753
3281 4698
3282 4563
3283 4534
3284 4567
3285 4619
3286 4551
3287 4556
3288 4521
3289 4557
3290 4544
3291 4538
3292 4528
3293 4558
3294 4517
3295 4662
3296 4702
3297 4591
3298 4712
3299 4551
3300 4593
3301 4743
3302 4558
3303 4656
3304 4685
3305 4580
3306 4561
3307 4547
3308 4579
3309 4632
3310 4532
3311 4526
3312 4516
3313 4606
3314 4499
3315 4546
3316 4584
3317 4625
3318 4722
3319 4579
3320 4571
3321 4619
3322 4575
3323 4571
3324 4531
3325 4574
3326 4562
3327 4639
3328 4697
3329 4558
3330 4492
3331 4554
3332 4535
3333 4595
3334 4705
3335 4642
3336 4516
3337 4573
3338 4522
3339 4531
3340 4531
3341 4598
3342 4526
3343 4570
3344 4535
3345 4595
3346 4747
3347 4708
3348 4565
3349 4497
3350 4487
3351 4549
3352 4530
3353 4578
3354 4550
3355 4682
3356 4764
3357 4544
3358 4502
3359 4559
3360 4541
3361 4529
3362 4534
3363 4621
3364 4568
3365 4623
3366 4602
3367 4669
3368 4554
3369 4681
3370 4676
3371 4600
3372 4555
3373 4554
3374 4505
3375 4538
3376 4527
3377 4583
3378 4698
3379 4588
3380 4719
3381 4519
3382 4555
3383 4588
3384 4667
3385 4652
3386 4533
3387 4657
3388 4756
3389 4654
3390 4560
3391 4535
3392 4569
3393 4638
3394 4527
3395 4596
3396 4719
3397 4713
3398 4498
3399 4565
3400 4732
3401 4567
3402 4485
3403 4527
3404 4545
3405 4544
3406 4511
3407 4543
3408 4536
3409 4546
3410 4523
3411 4561
3412 4518
3413 4534
3414 4530
3415 4559
3416 4522
3417 4583
3418 4685
3419 4618
3420 4522
3421 4567
3422 4525
3423 4538
3424 4536
3425 4557
3426 4529
3427 4568
3428 4542
3429 4606
3430 4554
3431 4553
3432 4556
3433 4653
3434 4559
3435 4618
3436 4488
3437 4507
3438 4552
3439 4634
3440 4533
3441 4613
3442 4698
3443 4632
3444 4714
3445 4711
3446 4547
3447 4709
3448 4545
3449 4579
3450 4567
3451 4553
3452 4532
3453 4537
3454 4521
3455 4539
3456 4525
3457 4626
3458 4535
3459 4643
3460 4687
3461 4545
3462 4535
3463 4540
3464 4523
3465 4552
3466 4494
3467 4612
3468 4545
3469 4627
3470 4526
3471 4624
3472 4560
3473 4556
3474 4519
3475 4603
3476 4691
3477 4574
3478 4486
3479 4579
3480 4716
3481 4692
3482 4520
3483 4544
3484 4546
3485 4661
3486 4574
3487 4539
3488 4515
3489 4528
3490 4553
3491 4609
3492 4710
3493 4674
3494 4736
3495 4697
3496 4538
3497 4580
3498 4522
3499 4581
3500 4727
3501 4634
3502 4547
3503 4579
3504 4720
3505 4540
3506 4547
3507 4652
3508 4733
3509 4615
3510 4498
3511 4596
3512 4521
3513 4620
3514 4740
3515 4538
3516 4541
3517 4609
3518 4525
3519 4547
3520 4519
3521 4534
3522 4523
3523 4545
3524 4563
3525 4578
3526 4729
3527 4621
3528 4486
3529 4551
3530 4549
3531 4535
3532 4498
3533 4567
3534 4526
3535 4541
3536 4555
3537 4565
3538 4550
3539 4576
3540 4527
3541 4564
3542 4550
3543 4538
3544 4539
3545 4531
3546 4554
3547 4660
3548 4743
3549 4653
3550 4525
3551 4535
3552 4543
3553 4546
3554 4519
3555 4541
3556 4487
3557 4545
3558 4519
3559 4541
3560 4557
3561 4559
3562 4528
3563 4534
3564 4533
3565 4585
3566 4526
3567 4538
3568 4555
3569 4553
3570 4561
3571 4600
3572 4735
3573 4556
3574 4567
3575 4538
3576 4548
3577 4602
3578 4550
3579 4563
3580 4529
3581 4542
3582 4542
3583 4555
3584 4548
3585 4585
3586 4714
3587 4572
3588 4563
3589 4552
3590 4542
3591 4540
3592 4550
3593 4707
3594 4718
3595 4561
3596 4510
3597 4548
3598 4534
3599 4569
3600 4527
3601 4574
3602 4530
3603 4636
3604 4533
3605 4562
3606 4533
3607 4579
3608 4720
3609 4584
3610 4737
3611 4623
3612 4704
3613 4544
3614 4562
3615 4551
3616 4521
3617 4650
3618 4540
3619 4540
3620 4556
3621 4527
3622 4556
3623 4539
3624 4529
3625 4587
3626 4518
3627 4556
3628 4726
3629 4690
3630 4549
3631 4537
3632 4521
3633 4567
3634 4539
3635 4601
3636 4698
3637 4761
3638 4690
3639 4533
3640 4532
3641 4643
3642 4552
3643 4574
3644 4523
3645 4501
3646 4396
3647 4350
3648 4349
3649 4360
3650 4335
3651 4381
3652 4376
3653 4360
3654 4327
3655 4394
3656 4350
3657 4354
3658 4346
3659 4378
3660 4347
3661 4351
3662 4352
3663 4424
3664 4345
3665 4334
3666 4342
3667 4327
3668 4337
3669 4357
3670 4340
3671 4405
3672 4482
3673 4431
3674 4543
3675 4327
3676 4360
3677 4331
3678 4352
3679 4452
3680 4521
3681 4512
3682 4373
3683 4441
3684 4488
3685 4327
3686 4284
3687 4329
3688 4525
3689 4406
3690 4494
3691 4462
3692 4511
3693 4315
3694 4377
3695 4335
3696 4343
3697 4332
3698 4302
3699 4415
3700 4303
3701 4374
3702 4335
3703 4383
3704 4345
3705 4413
3706 4356
3707 4358
3708 4331
3709 4362
3710 4353
3711 4436
3712 4356
3713 4338
3714 4352
3715 4360
3716 4350
3717 4348
3718 4351
3719 4317
3720 4342
3721 4335
3722 4351
3723 4329
3724 4339
3725 4347
3726 4335
3727 4399
3728 4342
3729 4332
3730 4339
3731 4338
3732 4359
3733 4310
3734 4361
3735 4346
3736 4345
3737 4335
3738 4317
3739 4334
3740 4327
3741 4327
3742 4334
3743 4343
3744 4341
3745 4369
3746 4402
3747 4327
3748 4355
3749 4403
3750 4496
3751 4447
3752 4344
3753 4357
3754 4543
3755 4380
3756 4349
3757 4430
3758 4333
3759 4336
3760 4539
3761 4432
3762 4331
3763 4348
3764 4352
3765 4333
3766 4380
3767 4386
3768 4527
3769 4393
3770 4398
3771 4444
3772 4554
3773 4373
3774 4358
3775 4475
3776 4367
3777 4357
3778 4375
3779 4446
3780 4532
3781 4400
3782 4486
3783 4373
3784 4329
3785 4354
3786 4326
3787 4341
3788 4316
3789 4325
3790 4393
3791 4466
3792 4328
3793 4432
3794 4483
3795 4343
3796 4339
3797 4328
3798 4335
3799 4344
3800 4391
3801 4743
3802 4368
3803 4362
3804 4490
3805 4382
3806 4606
3807 4444
3808 4499
3809 4362
3810 4517
3811 4329
3812 4334
3813 4341
3814 4338
3815 4342
3816 4329
3817 4336
3818 4329
3819 4330
3820 4373
3821 4399
3822 4356
3823 4426
3824 4371
3825 4349
3826 4385
3827 4520
3828 4461
3829 4359
3830 4377
3831 4457
3832 4334
3833 4369
3834 4357
3835 4337
3836 4333
3837 4336
3838 4412
3839 4522
3840 4381
3841 4339
3842 4505
3843 4327
3844 4356
3845 4317
3846 4397
3847 4334
3848 4337
3849 4327
3850 4518
3851 4370
3852 4367
3853 4337
3854 4339
3855 4363
3856 4322
3857 4523
3858 4528
3859 4317
3860 4338
3861 4359
3862 4372
3863 4384
3864 4497
3865 4427
3866 4530
3867 4439
3868 4481
3869 4355
3870 4351
3871 4431
3872 4411
3873 4343
3874 4369
3875 4321
3876 4296
3877 4331
3878 4380
3879 4331
3880 4346
3881 4332
3882 4300
3883 4372
3884 4346
3885 4351
3886 4287
3887 4350
3888 4351
3889 4371
3890 4336
3891 4355
3892 4339
3893 4325
3894 4344
3895 4420
3896 4367
3897 4339
3898 4522
3899 4325
3900 4343
3901 4342
3902 4481
3903 4327
3904 4320
3905 4413
3906 4385
3907 4386
3908 4347
3909 4367
3910 4355
3911 4412
3912 4514
3913 4429
3914 4508
3915 4338
3916 4397
3917 4343
3918 4339
3919 4299
3920 4351
3921 4338
3922 4338
3923 4337
3924 4330
3925 4324
3926 4515
3927 4344
3928 4342
3929 4352
3930 4329
3931 4345
3932 4329
3933 4387
3934 4378
3935 4322
3936 4338
3937 4348
3938 4526
3939 4340
3940 4378
3941 4385
3942 4335
3943 4335
3944 4316
3945 4348
3946 4347
3947 4489
3948 4363
3949 4471
3950 4359
3951 4352
3952 4358
3953 4361
3954 4373
3955 4443
3956 4340
3957 4315
3958 4324
3959 4361
3960 4425
3961 4548
3962 4456
3963 4458
3964 4631
3965 4475
3966 4400
3967 4448
3968 4593
3969 4542
3970 4428
3971 4452
3972 4416
3973 4423
3974 4433
3975 4547
3976 4498
3977 4445
3978 4663
3979 4562
3980 4364
3981 4364
3982 4357
3983 4351
3984 4325
3985 4362
3986 4549
3987 4399
3988 4458
3989 4423
3990 4350
3991 4317
3992 4347
3993 4328
3994 4508
3995 4425
3996 4340
3997 4358
3998 4486
3999 4329
4000 4365
4001 4327
4002 4331
4003 4343
4004 4349
4005 4319
4006 4360
4007 4370
4008 4507
4009 4365
4010 4334
4011 4324
4012 4322
4013 4351
4014 4332
4015 4321
4016 4360
4017 4355
4018 4367
4019 4326
4020 4347
4021 4337
4022 4310
4023 4383
4024 4341
4025 4508
4026 4388
4027 4342
4028 4334
4029 4375
4030 4564
4031 4434
4032 4321
4033 4368
4034 4557
4035 4456
4036 4546
4037 4528
4038 4544
4039 4333
4040 4329
4041 4330
4042 4320
4043 4334
4044 4355
4045 4349
4046 4411
4047 4474
4048 4324
4049 4334
4050 4363
4051 4357
4052 4361
4053 4347
4054 4315
4055 4320
4056 4523
4057 4340
4058 4353
4059 4291
4060 4303
4061 4444
4062 4339
4063 4334
4064 4349
4065 4409
4066 4353
4067 4341
4068 4368
4069 4421
4070 4335
4071 4327
4072 4324
4073 4376
4074 4330
4075 4330
4076 4334
4077 4372
4078 4293
4079 4333
4080 4336
4081 4383
4082 4548
4083 4350
4084 4529
4085 4337
4086 4323
4087 4323
4088 4332
4089 4361
4090 4364
4091 4434
4092 4327
4093 4344
4094 4321
4095 4317
4096 4371
4097 4330
4098 4357
4099 4350
4100 4330
4101 4302
4102 4351
4103 4314
4104 4304
4105 4347
4106 4322
4107 4397
4108 4494
4109 4320
4110 4389
4111 4367
4112 4363
4113 4339
4114 4346
4115 4296
4116 4295
4117 4354
4118 4396
4119 4359
4120 4527
4121 4472
4122 4352
4123 4409
4124 4390
4125 4341
4126 4289
4127 4361
4128 4319
4129 4390
4130 4288
4131 4351
4132 4378
4133 4542
4134 4342
4135 4286
4136 4292
4137 4358
4138 4377
4139 4388
4140 4512
4141 4356
4142 4293
4143 4357
4144 4296
4145 4338
4146 4375
4147 4368
4148 4340
4149 4340
4150 4335
4151 4350
4152 4345
4153 4323
4154 4335
4155 4317
4156 4324
4157 4358
4158 4335
4159 4412
4160 4331
4161 4379
4162 4355
4163 4355
4164 4378
4165 4406
4166 4336
4167 4352
4168 4359
4169 4320
4170 4342
4171 4421
4172 4516
4173 4396
4174 4340
4175 4337
4176 4296
4177 4329
4178 4392
4179 4466
4180 4493
4181 4333
4182 4323
4183 4330
4184 4398
4185 4352
4186 4335
4187 4346
4188 4336
4189 4338
4190 4377
4191 4316
4192 4352
4193 4330
4194 4360
4195 4345
4196 4321
4197 4333
4198 4321
4199 4327
4200 4333
4201 4346
4202 4514
4203 4322
4204 4330
4205 4441
4206 4363
4207 4328
4208 4311
4209 4356
4210 4329
4211 4332
4212 4322
4213 4394
4214 4297
4215 4314
4216 4351
4217 4328
4218 4348
4219 4336
4220 4566
4221 4426
4222 4316
4223 4334
4224 4347
4225 4391
4226 4317
4227 4409
4228 4365
4229 4312
4230 4353
4231 4331
4232 4517
4233 4386
4234 4399
4235 4309
4236 4287
4237 4342
4238 4288
4239 4333
4240 4489
4241 4323
4242 4317
4243 4349
4244 4318
4245 4333
4246 4339
4247 4328
4248 4367
4249 4363
4250 4328
4251 4338
4252 4323
4253 4351
4254 4335
4255 4416
4256 4340
4257 4350
4258 4374
4259 4360
4260 4317
4261 4408
4262 4475
4263 4422
4264 4340
4265 4340
4266 4555
4267 4505
4268 4526
4269 4333
4270 4503
4271 4363
4272 4367
4273 4353
4274 4288
4275 4341
4276 4325
4277 4355
4278 4323
4279 4359
4280 4297
4281 4389
4282 4355
4283 4337
4284 4364
4285 4385
4286 4331
4287 4364
4288 4350
4289 4349
4290 4348
4291 4352
4292 4399
4293 4369
4294 4336
4295 4343
4296 4336
4297 4392
4298 4488
4299 4508
4300 4359
4301 4745
4302 4471
4303 4541
4304 4366
4305 4441
4306 4394
4307 4382
4308 4359
4309 4342
4310 4319
4311 4297
4312 4330
4313 4346
4314 4347
4315 4442
4316 4316
4317 4338
4318 4302
4319 4307
4320 4355
4321 4353
4322 4483
4323 4328
4324 4357
4325 4393
4326 4326
4327 4354
4328 4530
4329 4330
4330 4479
4331 4539
4332 4364
4333 4435
4334 4292
4335 4325
4336 4351
4337 4471
4338 4317
4339 4341
4340 4365
4341 4369
4342 4325
4343 4301
4344 4366
4345 4418
4346 4418
4347 4382
4348 4323
4349 4334
4350 4508
4351 4554
4352 4329
4353 4371
4354 4332
4355 4334
4356 4299
4357 4319
4358 4327
4359 4356
4360 4340
4361 4326
4362 4366
4363 4333
4364 4319
4365 4330
4366 4358
4367 4319
4368 4313
4369 4329
4370 4376
4371 4335
4372 4346
4373 4365
4374 4350
4375 4531
4376 4358
4377 4366
4378 4365
4379 4355
4380 4341
4381 4436
4382 4518
4383 4413
4384 4501
4385 4434
4386 4324
4387 4321
4388 4515
4389 4392
4390 4323
4391 4434
4392 4331
4393 4343
4394 4494
4395 4481
4396 4318
4397 4354
4398 4333
4399 4368
4400 4335
4401 4350
4402 4319
4403 4352
4404 4526
4405 4373
4406 4368
4407 4350
4408 4353
4409 4503
4410 4359
4411 4350
4412 4359
4413 4421
4414 4355
4415 4537
4416 4336
4417 4360
4418 4334
4419 4332
4420 4519
4421 4354
4422 4358
4423 4326
4424 4335
4425 4364
4426 4325
4427 4364
4428 4325
4429 4325
4430 4289
4431 4364
4432 4330
4433 4338
4434 4335
4435 4436
4436 4362
4437 4433
4438 4359
4439 4346
4440 4322
4441 4460
4442 4351
4443 4357
4444 4535
4445 4432
4446 4413
4447 4324
4448 4345
4449 4353
4450 4501
4451 4459
4452 4302
4453 4361
4454 4352
4455 4328
4456 4332
4457 4345
4458 4354
4459 4436
4460 4324
4461 4327
4462 4386
4463 4454
4464 4528
4465 4454
4466 4355
4467 4392
4468 4509
4469 4434
4470 4344
4471 4407
4472 4471
4473 4436
4474 4326
4475 4361
4476 4356
4477 4333
4478 4371
4479 4382
4480 4324
4481 4343
4482 4359
4483 4316
4484 4483
4485 4353
4486 4517
4487 4501
4488 4338
4489 4334
4490 4361
4491 4352
4492 4348
4493 4360
4494 4321
4495 4353
4496 4307
4497 4331
4498 4472
4499 4318
4500 4337
4501 4325
4502 4355
4503 4342
4504 4372
4505 4347
4506 4487
4507 4357
4508 4335
4509 4363
4510 4324
4511 4453
4512 4530
4513 4426
4514 4318
4515 4317
4516 4384
4517 4335
4518 4512
4519 4333
4520 4319
4521 4503
4522 4360
4523 4335
4524 4314
4525 4404
4526 4354
4527 4358
4528 4315
4529 4383
4530 4526
4531 4321
4532 4341
4533 4321
4534 4355
4535 4436
4536 4515
4537 4351
4538 4378
4539 4286
4540 4376
4541 4363
4542 4349
4543 4409
4544 4303
4545 4322
4546 4343
4547 4371
4548 4604
4549 4311
4550 4354
4551 4417
4552 4571
4553 4427
4554 4380
4555 4365
4556 4359
4557 4348
4558 4321
4559 4346
4560 4351
4561 4372
4562 4288
4563 4313
4564 4336
4565 4350
4566 4321
4567 4355
4568 4313
4569 4315
4570 4505
4571 4394
4572 4359
4573 4457
4574 4352
4575 4423
4576 4372
4577 4359
4578 4340
4579 4408
4580 4339
4581 4329
4582 4321
4583 4338
4584 4320
4585 4312
4586 4353
4587 4345
4588 4345
4589 4330
4590 4360
4591 4328
4592 4332
4593 4342
4594 4349
4595 4455
4596 4315
4597 4344
4598 4393
4599 4354
4600 4315
4601 4452
4602 4315
4603 4366
4604 4520
4605 4393
4606 4306
4607 4543
4608 4324
4609 4375
4610 4359
4611 4456
4612 4321
4613 4355
4614 4371
4615 4313
4616 4350
4617 4336
4618 4340
4619 4374
4620 4357
4621 4328
4622 4331
4623 4325
4624 4389
4625 4447
4626 4357
4627 4398
4628 4536
4629 4437
4630 4352
4631 4365
4632 4343
4633 4440
4634 4333
4635 4357
4636 4318
4637 4326
4638 4319
4639 4389
4640 4351
4641 4417
4642 4364
4643 4333
4644 4356
4645 4326
4646 4402
4647 4343
4648 4352
4649 4314
4650 4352
4651 4368
4652 4506
4653 4380
4654 4372
4655 4361
4656 4367
4657 4425
4658 4489
4659 4321
4660 4321
4661 4363
4662 4345
4663 4305
4664 4378
4665 4367
4666 4531
4667 4391
4668 4320
4669 4391
4670 4361
4671 4349
4672 4339
4673 4377
4674 4381
4675 4334
4676 4331
4677 4332
4678 4371
4679 4346
4680 4378
4681 4446
4682 4392
4683 4359
4684 4353
4685 4330
4686 4339
4687 4362
4688 4367
4689 4349
4690 4317
4691 4406
4692 4354
4693 4362
4694 4350
4695 4372
4696 4402
4697 4344
4698 4559
4699 4335
4700 4297
4701 4405
4702 4557
4703 4360
4704 4460
4705 4369
4706 4330
4707 4348
4708 4342
4709 4348
4710 4354
4711 4468
4712 4294
4713 4306
4714 4342
4715 4359
4716 4317
4717 4352
4718 4381
4719 4361
4720 4288
4721 4369
4722 4517
4723 4456
4724 4363
4725 4357
4726 4350
4727 4450
4728 4340
4729 4309
4730 4326
4731 4353
4732 4321
4733 4346
4734 4319
4735 4423
4736 4345
4737 4430
4738 4370
4739 4344
4740 4331
4741 4337
4742 4530
4743 4423
4744 4514
4745 4393
4746 4551
4747 4317
4748 4358
4749 4346
4750 4340
4751 4352
4752 4334
4753 4378
4754 4482
4755 4358
4756 4333
4757 4382
4758 4337
4759 4317
4760 4361
4761 4351
4762 4480
4763 4346
4764 4333
4765 4408
4766 4482
4767 4361
4768 4323
4769 4410
4770 4349
4771 4305
4772 4355
4773 4325
4774 4542
4775 4444
4776 4351
4777 4359
4778 4534
4779 4331
4780 4337
4781 4360
4782 4520
4783 4323
4784 4324
4785 4365
4786 4372
4787 4337
4788 4342
4789 4345
4790 4336
4791 4339
4792 4319
4793 4345
4794 4326
4795 4353
4796 4496
4797 4387
4798 4344
4799 4329
4800 4358
4801 4447
4802 4805
4803 4373
4804 4515
4805 4288
4806 4366
4807 4329
4808 4559
4809 4386
4810 4323
4811 4346
4812 4517
4813 4351
4814 4321
4815 4381
4816 4363
4817 4499
4818 4524
4819 4324
4820 4322
4821 4355
4822 4327
4823 4352
4824 4320
4825 4315
4826 4521
4827 4364
4828 4361
4829 4342
4830 4394
4831 4335
4832 4323
4833 4332
4834 4365
4835 4346
4836 4547
4837 4425
4838 4339
4839 4411
4840 4324
4841 4332
4842 4320
4843 4369
4844 4484
4845 4306
4846 4528
4847 4516
4848 4332
4849 4377
4850 4339
4851 4357
4852 4365
4853 4336
4854 4350
4855 4349
4856 4317
4857 4356
4858 4378
4859 4324
4860 4364
4861 4343
4862 4523
4863 4378
4864 4385
4865 4364
4866 4362
4867 4337
4868 4336
4869 4343
4870 4368
4871 4370
4872 4364
4873 4327
4874 4319
4875 4324
4876 4347
4877 4344
4878 4370
4879 4547
4880 4335
4881 4456
4882 4507
4883 4453
4884 4366
4885 4352
4886 4336
4887 4313
4888 4343
4889 4349
4890 4375
4891 4346
4892 4287
4893 4356
4894 4495
4895 4349
4896 4371
4897 4349
4898 4360
4899 4325
4900 4316
4901 4322
4902 4522
4903 4493
4904 4333
4905 4372
4906 4329
4907 4432
4908 4475
4909 4328
4910 4333
4911 4323
4912 4362
4913 4339
4914 4332
4915 4344
4916 4336
4917 4351
4918 4329
4919 4300
4920 4330
4921 4360
4922 4348
4923 4378
4924 4344
4925 4371
4926 4337
4927 4333
4928 4334
4929 4356
4930 4327
4931 4324
4932 4346
4933 4375
4934 4485
4935 4339
4936 4341
4937 4401
4938 4499
4939 4337
4940 4345
4941 4369
4942 4340
4943 4337
4944 4353
4945 4371
4946 4562
4947 4360
4948 4362
4949 4376
4950 4328
4951 4419
4952 4360
4953 4326
4954 4324
4955 4341
4956 4348
4957 4315
4958 4336
4959 4320
4960 4331
4961 4321
4962 4313
4963 4400
4964 4372
4965 4325
4966 4321
4967 4315
4968 4482
4969 4324
4970 4333
4971 4365
4972 4343
4973 4340
4974 4337
4975 4318
4976 4521
4977 4495
4978 4672
4979 4565
4980 4454
4981 4684
4982 4705
4983 4512
4984 4444
4985 4425
4986 4547
4987 4376
4988 4379
4989 4392
4990 4563
4991 4398
4992 4424
4993 4354
4994 4538
4995 4539
4996 4463
4997 4324
4998 4366
4999 4333
5000 4335
5001 4390
5002 4320
5003 4325
5004 4533
5005 4342
5006 4408
5007 4333
5008 4355
5009 4349
5010 4350
5011 4365
5012 4353
5013 4405
5014 4349
5015 4327
5016 4512
5017 4354
5018 4495
5019 4369
5020 4344
5021 4339
5022 4331
5023 4395
5024 4338
5025 4338
5026 4514
5027 4389
5028 4518
5029 4362
5030 4335
5031 4368
5032 4501
5033 4325
5034 4332
5035 4456
5036 4564
5037 4378
5038 4374
5039 4330
5040 4285
5041 4315
5042 4372
5043 4406
5044 4562
5045 4386
5046 4393
5047 4415
5048 4564
5049 4393
5050 4333
5051 4360
5052 4326
5053 4345
5054 4517
5055 4345
5056 4327
5057 4423
5058 4500
5059 4518
5060 4494
5061 4424
5062 4333
5063 4407
5064 4298
5065 4319
5066 4361
5067 4349
5068 4326
5069 4365
5070 4344
5071 4327
5072 4321
5073 4336
5074 4387
5075 4336
5076 4346
5077 4392
5078 4501
5079 4425
5080 4488
5081 4498
5082 4361
5083 4376
5084 4379
5085 4360
5086 4352
5087 4336
5088 4329
5089 4341
5090 4509
5091 4303
5092 4383
5093 4424
5094 4486
5095 4424
5096 4327
5097 4356
5098 4326
5099 4320
5100 4384
5101 4321
5102 4363
5103 4323
5104 4335
5105 4321
5106 4310
5107 4343
5108 4519
5109 4482
5110 4474
5111 4331
5112 4371
5113 4433
5114 4364
5115 4334
5116 4321
5117 4408
5118 4319
5119 4368
5120 4325
5121 4351
5122 4343
5123 4317
5124 4350
5125 4355
5126 4355
5127 4348
5128 4550
5129 4498
5130 4481
5131 4362
5132 4328
5133 4314
5134 4489
5135 4340
5136 4362
5137 4320
5138 4320
5139 4417
5140 4321
5141 4471
5142 4357
5143 4325
5144 4363
5145 4330
5146 4474
5147 4435
5148 4330
5149 4339
5150 4367
5151 4342
5152 4317
5153 4333
5154 4335
5155 4329
5156 4327
5157 4352
5158 4350
5159 4354
5160 4288
5161 4340
5162 4506
5163 4354
5164 4323
5165 4371
5166 4324
5167 4361
5168 4346
5169 4315
5170 4370
5171 4318
5172 4341
5173 4374
5174 4320
5175 4316
5176 4351
5177 4342
5178 4349
5179 4324
5180 4339
5181 4349
5182 4347
5183 4350
5184 4547
5185 4410
5186 4381
5187 4493
5188 4339
5189 4404
5190 4361
5191 4360
5192 4530
5193 4387
5194 4483
5195 4350
5196 4320
5197 4339
5198 4318
5199 4365
5200 4319
5201 4455
5202 4355
5203 4321
5204 4372
5205 4391
5206 4319
5207 4345
5208 4311
5209 4329
5210 4342
5211 4333
5212 4317
5213 4353
5214 4353
5215 4329
5216 4358
5217 4322
5218 4318
5219 4424
5220 4337
5221 4353
5222 4353
5223 4355
5224 4362
5225 4384
5226 4358
5227 4348
5228 4528
5229 4464
5230 4362
5231 4347
5232 4350
5233 4384
5234 4538
5235 4426
5236 4353
5237 4319
5238 4347
5239 4283
5240 4356
5241 4470
5242 4341
5243 4354
5244 4343
5245 4507
5246 4400
5247 4358
5248 4332
5249 4318
5250 4350
5251 4468
5252 4525
5253 4466
5254 4523
5255 4321
5256 4524
5257 4326
5258 4350
5259 4336
5260 4323
5261 4345
5262 4323
5263 4336
5264 4362
5265 4349
5266 4367
5267 4353
5268 4356
5269 4411
5270 4482
5271 4423
5272 4513
5273 4356
5274 4503
5275 4389
5276 4497
5277 4323
5278 4332
5279 4350
5280 4340
5281 4322
5282 4517
5283 4349
5284 4430
5285 4325
5286 4548
5287 4369
5288 4338
5289 4343
5290 4338
5291 4349
5292 4335
5293 4388
5294 4313
5295 4398
5296 4494
5297 4353
5298 4361
5299 4349
5300 4328
5301 4328
5302 4358
5303 4743
5304 4375
5305 4504
5306 4362
5307 4322
5308 4518
5309 4344
5310 4332
5311 4359
5312 4407
5313 4386
5314 4353
5315 4350
5316 4320
5317 4326
5318 4355
5319 4347
5320 4485
5321 4323
5322 4501
5323 4328
5324 4327
5325 4358
5326 4317
5327 4350
5328 4362
5329 4504
5330 4351
5331 4438
5332 4347
5333 4326
5334 4354
5335 4359
5336 4358
5337 4329
5338 4325
5339 4361
5340 4482
5341 4382
5342 4324
5343 4349
5344 4495
5345 4349
5346 4417
5347 4326
5348 4321
5349 4428
5350 4514
5351 4447
5352 4373
5353 4356
5354 4335
5355 4363
5356 4342
5357 4325
5358 4399
5359 4360
5360 4542
5361 4440
5362 4313
5363 4384
5364 4317
5365 4378
5366 4365
5367 4370
5368 4556
5369 4520
5370 4485
5371 4427
5372 4378
5373 4363
5374 4328
5375 4367
5376 4486
5377 4400
5378 4452
5379 4399
5380 4343
5381 4343
5382 4337
5383 4429
5384 4515
5385 4436
5386 4373
5387 4341
5388 4360
5389 4338
5390 4379
5391 4363
5392 4501
5393 4538
5394 4524
5395 4417
5396 4310
5397 4411
5398 4318
5399 4339
5400 4338
5401 4321
5402 4362
5403 4357
5404 4332
5405 4360
5406 4480
5407 4470
5408 4548
5409 4407
5410 4352
5411 4358
5412 4547
5413 4416
5414 4329
5415 4315
5416 4375
5417 4421
5418 4350
5419 4401
5420 4503
5421 4335
5422 4348
5423 4350
5424 4351
5425 4324
5426 4323
5427 4324
5428 4323
5429 4333
5430 4351
5431 4342
5432 4330
5433 4360
5434 4376
5435 4348
5436 4325
5437 4376
5438 4357
5439 4363
5440 4352
5441 4327
5442 4313
5443 4337
5444 4366
5445 4403
5446 4391
5447 4366
5448 4307
5449 4354
5450 4528
5451 4339
5452 4363
5453 4365
5454 4381
5455 4445
5456 4362
5457 4318
5458 4368
5459 4322
5460 4345
5461 4355
5462 4321
5463 4344
5464 4339
5465 4324
5466 4335
5467 4402
5468 4351
5469 4338
5470 4346
5471 4373
5472 4540
5473 4323
5474 4355
5475 4336
5476 4328
5477 4318
5478 4321
5479 4343
5480 4344
5481 4396
5482 4352
5483 4489
5484 4320
5485 4320
5486 4330
5487 4332
5488 4324
5489 4332
5490 4319
5491 4379
5492 4310
5493 4417
5494 4521
5495 4441
5496 4333
5497 4330
5498 4327
5499 4511
5500 4370
5501 4377
5502 4404
5503 4380
5504 4452
5505 4354
5506 4376
5507 4342
5508 4299
5509 4308
5510 4320
5511 4415
5512 4337
5513 4396
5514 4321
5515 4338
5516 4545
5517 4334
5518 4297
5519 4352
5520 4376
5521 4289
5522 4395
5523 4352
5524 4294
5525 4341
5526 4354
5527 4382
5528 4321
5529 4324
5530 4322
5531 4436
5532 4303
5533 4332
5534 4354
5535 4317
5536 4369
5537 4405
5538 4379
5539 4372
5540 4336
5541 4337
5542 4342
5543 4348
5544 4333
5545 4323
5546 4400
5547 4348
5548 4328
5549 4323
5550 4353
5551 4282
5552 4352
5553 4502
5554 4376
5555 4329
5556 4345
5557 4379
5558 4397
5559 4432
5560 4362
5561 4330
5562 4484
5563 4416
5564 4347
5565 4321
5566 4353
5567 4456
5568 4323
5569 4344
5570 4367
5571 4340
5572 4323
5573 4329
5574 4342
5575 4365
5576 4298
5577 4324
5578 4351
5579 4386
5580 4344
5581 4529
5582 4391
5583 4337
5584 4332
5585 4425
5586 4335
5587 4446
5588 4512
5589 4521
5590 4331
5591 4421
5592 4359
5593 4320
5594 4346
5595 4332
5596 4322
5597 4334
5598 4331
5599 4317
5600 4334
5601 4332
5602 4343
5603 4364
5604 4356
5605 4365
5606 4538
5607 4362
5608 4320
5609 4352
5610 4360
5611 4338
5612 4495
5613 4461
5614 4336
5615 4391
5616 4337
5617 4402
5618 4400
5619 4370
5620 4328
5621 4354
5622 4352
5623 4349
5624 4329
5625 4357
5626 4486
5627 4433
5628 4322
5629 4326
5630 4339
5631 4332
5632 4355
5633 4380
5634 4336
5635 4328
5636 4336
5637 4388
5638 4547
5639 4360
5640 4356
5641 4419
5642 4348
5643 4319
5644 4291
5645 4309
5646 4519
5647 4416
5648 4373
5649 4357
5650 4348
5651 4419
5652 4356
5653 4323
5654 4375
5655 4350
5656 4364
5657 4438
5658 4525
5659 4362
5660 4338
5661 4333
5662 4333
5663 4376
5664 4329
5665 4352
5666 4362
5667 4415
5668 4499
5669 4340
5670 4361
5671 4388
5672 4371
5673 4301
5674 4368
5675 4336
5676 4347
5677 4343
5678 4334
5679 4384
5680 4543
5681 4441
5682 4385
5683 4349
5684 4491
5685 4478
5686 4328
5687 4337
5688 4363
5689 4331
5690 4317
5691 4355
5692 4334
5693 4350
5694 4325
5695 4330
5696 4561
5697 4370
5698 4379
5699 4357
5700 4560
5701 4318
5702 4504
5703 4376
5704 4372
5705 4322
5706 4356
5707 4356
5708 4369
5709 4376
5710 4452
5711 4362
5712 4388
5713 4333
5714 4488
5715 4414
5716 4341
5717 4360
5718 4366
5719 4569
5720 4387
5721 4364
5722 4361
5723 4330
5724 4345
5725 4323
5726 4475
5727 4526
5728 4343
5729 4328
5730 4515
5731 4330
5732 4318
5733 4330
5734 4345
5735 4329
5736 4340
5737 4324
5738 4368
5739 4321
5740 4375
5741 4415
5742 4341
5743 4365
5744 4340
5745 4334
5746 4395
5747 4328
5748 4353
5749 4339
5750 4344
5751 4343
5752 4295
5753 4324
5754 4407
5755 4332
5756 4313
5757 4411
5758 4333
5759 4332
5760 4329
5761 4339
5762 4363
5763 4356
5764 4321
5765 4399
5766 4359
5767 4379
5768 4308
5769 4382
5770 4511
5771 4354
5772 4310
5773 4492
5774 4341
5775 4348
5776 4356
5777 4333
5778 4526
5779 4425
5780 4337
5781 4322
5782 4339
5783 4355
5784 4342
5785 4396
5786 4347
5787 4355
5788 4338
5789 4328
5790 4315
5791 4324
5792 4365
5793 4381
5794 4334
5795 4354
5796 4340
5797 4367
5798 4351
5799 4336
5800 4498
5801 4320
5802 4338
5803 4378
5804 4752
5805 4364
5806 4334
5807 4313
5808 4346
5809 4345
5810 4357
5811 4399
5812 4497
5813 4422
5814 4339
5815 4354
5816 4324
5817 4390
5818 4467
5819 4348
5820 4355
5821 4341
5822 4340
5823 4358
5824 4363
5825 4326
5826 4342
5827 4310
5828 4326
5829 4431
5830 4500
5831 4455
5832 4518
5833 4422
5834 4503
5835 4344
5836 4334
5837 4329
5838 4486
5839 4429
5840 4334
5841 4408
5842 4485
5843 4378
5844 4332
5845 4358
5846 4372
5847 4330
5848 4372
5849 4331
5850 4337
5851 4317
5852 4391
5853 4338
5854 4324
5855 4333
5856 4324
5857 4333
5858 4339
5859 4326
5860 4481
5861 4332
5862 4339
5863 4307
5864 4340
5865 4323
5866 4343
5867 4311
5868 4320
5869 4322
5870 4341
5871 4413
5872 4327
5873 4458
5874 4335
5875 4374
5876 4323
5877 4442
5878 4320
5879 4333
5880 4293
5881 4331
5882 4363
5883 4392
5884 4328
5885 4380
5886 4454
5887 4346
5888 4371
5889 4374
5890 4513
5891 4439
5892 4533
5893 4375
5894 4352
5895 4429
5896 4336
5897 4532
5898 4328
5899 4341
5900 4339
5901 4315
5902 4349
5903 4374
5904 4359
5905 4361
5906 4329
5907 4358
5908 4345
5909 4346
5910 4354
5911 4334
5912 4317
5913 4379
5914 4392
5915 4374
5916 4515
5917 4487
5918 4501
5919 4322
5920 4329
5921 4349
5922 4356
5923 4322
5924 4341
5925 4354
5926 4339
5927 4330
5928 4338
5929 4419
5930 4332
5931 4319
5932 4323
5933 4296
5934 4537
5935 4552
5936 4338
5937 4337
5938 4479
5939 4357
5940 4519
5941 4358
5942 4332
5943 4354
5944 4486
5945 4435
5946 4407
5947 4346
5948 4347
5949 4362
5950 4341
5951 4432
5952 4519
5953 4443
5954 4353
5955 4332
5956 4350
5957 4455
5958 4517
5959 4360
5960 4374
5961 4353
5962 4310
5963 4323
5964 4338
5965 4380
5966 4334
5967 4337
5968 4332
5969 4317
5970 4301
5971 4353
5972 4487
5973 4330
5974 4355
5975 4524
5976 4354
5977 4347
5978 4333
5979 4359
5980 4344
5981 4453
5982 4492
5983 4400
5984 4481
5985 4336
5986 4339
5987 4331
5988 4330
5989 4349
5990 4507
5991 4367
5992 4484
5993 4463
5994 4300
5995 4308
5996 4413
5997 4555
5998 4704
5999 4495
6000 4549
6001 4524
6002 4577
6003 4585
6004 4375
6005 4440
6006 4418
6007 4425
6008 4471
6009 4594
6010 4538
6011 4517
6012 4635
6013 4525
6014 4504
6015 4340
6016 4327
6017 4314
6018 4324
6019 4350
6020 4576
6021 4342
6022 4537
6023 4358
6024 4382
6025 4385
6026 4334
6027 4323
6028 4297
6029 4393
6030 4324
6031 4336
6032 4518
6033 4348
6034 4482
6035 4349
6036 4542
6037 4341
6038 4325
6039 4319
6040 4391
6041 4451
6042 4382
6043 4370
6044 4355
6045 4442
6046 4409
6047 4399
6048 4345
6049 4379
6050 4342
6051 4342
6052 4358
6053 4341
6054 4327
6055 4361
6056 4340
6057 4360
6058 4323
6059 4355
6060 4457
6061 4467
6062 4342
6063 4397
6064 4362
6065 4423
6066 4361
6067 4325
6068 4338
6069 4331
6070 4348
6071 4346
6072 4372
6073 4393
6074 4490
6075 4480
6076 4336
6077 4331
6078 4520
6079 4426
6080 4521
6081 4336
6082 4341
6083 4354
6084 4376
6085 4362
6086 4355
6087 4339
6088 4327
6089 4336
6090 4350
6091 4312
6092 4363
6093 4467
6094 4372
6095 4434
6096 4354
6097 4394
6098 4370
6099 4347
6100 4334
6101 4381
6102 4288
6103 4358
6104 4489
6105 4330
6106 4322
6107 4311
6108 4518
6109 4333
6110 4407
6111 4342
6112 4332
6113 4359
6114 4339
6115 4349
6116 4323
6117 4351
6118 4320
6119 4397
6120 4353
6121 4411
6122 4484
6123 4373
6124 4388
6125 4302
6126 4329
6127 4347
6128 4479
6129 4437
6130 4355
6131 4334
6132 4356
6133 4331
6134 4336
6135 4356
6136 4517
6137 4370
6138 4361
6139 4458
6140 4353
6141 4436
6142 4350
6143 4333
6144 4343
6145 4337
6146 4404
6147 4345
6148 4345
6149 4513
6150 4369
6151 4357
6152 4370
6153 4423
6154 4356
6155 4433
6156 4516
6157 4456
6158 4342
6159 4362
6160 4536
6161 4518
6162 4319
6163 4344
6164 4350
6165 4350
6166 4375
6167 4336
6168 4380
6169 4372
6170 4498
6171 4427
6172 4457
6173 4381
6174 4329
6175 4381
6176 4540
6177 4440
6178 4348
6179 4426
6180 4513
6181 4519
6182 4325
6183 4341
6184 4326
6185 4332
6186 4389
6187 4334
6188 4391
6189 4438
6190 4345
6191 4327
6192 4375
6193 4363
6194 4323
6195 4406
6196 4320
6197 4401
6198 4356
6199 4323
6200 4401
6201 4346
6202 4510
6203 4335
6204 4322
6205 4360
6206 4497
6207 4335
6208 4363
6209 4359
6210 4345
6211 4337
6212 4340
6213 4328
6214 4355
6215 4359
6216 4322
6217 4333
6218 4314
6219 4320
6220 4347
6221 4363
6222 4485
6223 4374
6224 4330
6225 4337
6226 4322
6227 4365
6228 4357
6229 4333
6230 4504
6231 4360
6232 4378
6233 4309
6234 4293
6235 4433
6236 4380
6237 4318
6238 4407
6239 4463
6240 4339
6241 4378
6242 4365
6243 4342
6244 4355
6245 4364
6246 4542
6247 4331
6248 4345
6249 4373
6250 4360
6251 4424
6252 4352
6253 4373
6254 4339
6255 4348
6256 4499
6257 4348
6258 4342
6259 4332
6260 4335
6261 4290
6262 4353
6263 4353
6264 4359
6265 4367
6266 4321
6267 4401
6268 4521
6269 4337
6270 4331
6271 4422
6272 4328
6273 4398
6274 4355
6275 4407
6276 4320
6277 4335
6278 4307
6279 4337
6280 4524
6281 4427
6282 4349
6283 4328
6284 4344
6285 4359
6286 4344
6287 4327
6288 4345
6289 4328
6290 4521
6291 4458
6292 4339
6293 4356
6294 4364
6295 4494
6296 4340
6297 4298
6298 4335
6299 4335
6300 4343
6301 4329
6302 4363
6303 4458
6304 4357
6305 4935
6306 4564
6307 4343
6308 4484
6309 4438
6310 4478
6311 4363
6312 4315
6313 4363
6314 4346
6315 4330
6316 4323
6317 4356
6318 4525
6319 4461
6320 4487
6321 4370
6322 4508
6323 4365
6324 4377
6325 4336
6326 4343
6327 4330
6328 4507
6329 4343
6330 4333
6331 4340
6332 4294
6333 4337
6334 4351
6335 4318
6336 4347
6337 4333
6338 4338
6339 4369
6340 4357
6341 4453
6342 4479
6343 4357
6344 4551
6345 4423
6346 4352
6347 4334
6348 4366
6349 4316
6350 4319
6351 4336
6352 4318
6353 4334
6354 4319
6355 4332
6356 4346
6357 4361
6358 4517
6359 4368
6360 4340
6361 4401
6362 4360
6363 4361
6364 4376
6365 4380
6366 4376
6367 4437
6368 4326
6369 4479
6370 4347
6371 4352
6372 4336
6373 4339
6374 4332
6375 4348
6376 4369
6377 4407
6378 4528
6379 4339
6380 4333
6381 4471
6382 4388
6383 4449
6384 4389
6385 4330
6386 4354
6387 4388
6388 4327
6389 4331
6390 4314
6391 4345
6392 4368
6393 4370
6394 4314
6395 4318
6396 4353
6397 4361
6398 4529
6399 4357
6400 4338
6401 4422
6402 4330
6403 4315
6404 4566
6405 4426
6406 4511
6407 4465
6408 4329
6409 4351
6410 4538
6411 4532
6412 4334
6413 4385
6414 4386
6415 4361
6416 4494
6417 4454
6418 4344
6419 4327
6420 4291
6421 4341
6422 4490
6423 4356
6424 4336
6425 4387
6426 4372
6427 4358
6428 4506
6429 4365
6430 4332
6431 4344
6432 4336
6433 4342
6434 4335
6435 4433
6436 4352
6437 4376
6438 4415
6439 4362
6440 4338
6441 4606
6442 4331
6443 4343
6444 4332
6445 4364
6446 4401
6447 4540
6448 4337
6449 4428
6450 4304
6451 4402
6452 4356
6453 4570
6454 4544
6455 4447
6456 4497
6457 4326
6458 4343
6459 4353
6460 4521
6461 4365
6462 4344
6463 4495
6464 4344
6465 4358
6466 4333
6467 4345
6468 4339
6469 4343
6470 4356
6471 4498
6472 4498
6473 4367
6474 4528
6475 4331
6476 4362
6477 4359
6478 4487
6479 4343
6480 4318
6481 4412
6482 4529
6483 4428
6484 4363
6485 4349
6486 4332
6487 4403
6488 4338
6489 4337
6490 4338
6491 4354
6492 4365
6493 4359
6494 4371
6495 4342
6496 4322
6497 4335
6498 4340
6499 4423
6500 4338
6501 4323
6502 4342
6503 4374
6504 4383
6505 4326
6506 4350
6507 4317
6508 4320
6509 4358
6510 4341
6511 4368
6512 4487
6513 4358
6514 4334
6515 4348
6516 4329
6517 4335
6518 4337
6519 4325
6520 4341
6521 4385
6522 4326
6523 4330
6524 4320
6525 4325
6526 4349
6527 4340
6528 4352
6529 4334
6530 4343
6531 4340
6532 4334
6533 4364
6534 4336
6535 4323
6536 4314
6537 4345
6538 4330
6539 4342
6540 4318
6541 4363
6542 4389
6543 4415
6544 4360
6545 4342
6546 4365
6547 4308
6548 4343
6549 4325
6550 4357
6551 4334
6552 4355
6553 4333
6554 4513
6555 4366
6556 4347
6557 4426
6558 4321
6559 4386
6560 4476
6561 4341
6562 4562
6563 4351
6564 4341
6565 4380
6566 4366
6567 4338
6568 4300
6569 4347
6570 4331
6571 4403
6572 4362
6573 4370
6574 4354
6575 4369
6576 4345
6577 4344
6578 4360
6579 4333
6580 4343
6581 4322
6582 4366
6583 4344
6584 4354
6585 4336
6586 4369
6587 4446
6588 4526
6589 4545
6590 4323
6591 4370
6592 4348
6593 4434
6594 4475
6595 4352
6596 4391
6597 4463
6598 4317
6599 4348
6600 4338
6601 4435
6602 4512
6603 4320
6604 4373
6605 4406
6606 4421
6607 4334
6608 4364
6609 4410
6610 4333
6611 4390
6612 4341
6613 4359
6614 4320
6615 4343
6616 4322
6617 4356
6618 4349
6619 4408
6620 4475
6621 4368
6622 4343
6623 4432
6624 4346
6625 4337
6626 4339
6627 4311
6628 4347
6629 4358
6630 4318
6631 4386
6632 4337
6633 4349
6634 4328
6635 4337
6636 4345
6637 4321
6638 4350
6639 4348
6640 4330
6641 4323
6642 4334
6643 4336
6644 4322
6645 4358
6646 4368
6647 4348
6648 4411
6649 4331
6650 4325
6651 4330
6652 4320
6653 4373
6654 4375
6655 4353
6656 4542
6657 4431
6658 4344
6659 4325
6660 4369
6661 4338
6662 4348
6663 4322
6664 4317
6665 4355
6666 4475
6667 4430
6668 4485
6669 4418
6670 4319
6671 4349
6672 4495
6673 4351
6674 4358
6675 4351
6676 4320
6677 4337
6678 4340
6679 4331
6680 4317
6681 4356
6682 4336
6683 4356
6684 4320
6685 4367
6686 4510
6687 4284
6688 4328
6689 4347
6690 4333
6691 4460
6692 4516
6693 4461
6694 4519
6695 4349
6696 4548
6697 4382
6698 4358
6699 4496
6700 4353
6701 4346
6702 4369
6703 4465
6704 4401
6705 4515
6706 4358
6707 4338
6708 4298
6709 4305
6710 4365
6711 4319
6712 4345
6713 4348
6714 4507
6715 4383
6716 4328
6717 4439
6718 4484
6719 4342
6720 4353
6721 4333
6722 4366
6723 4520
6724 4356
6725 4317
6726 4336
6727 4346
6728 4338
6729 4363
6730 4365
6731 4337
6732 4377
6733 4538
6734 4499
6735 4513
6736 4337
6737 4318
6738 4449
6739 4324
6740 4324
6741 4322
6742 4501
6743 4363
6744 4330
6745 4427
6746 4456
6747 4362
6748 4512
6749 4419
6750 4323
6751 4348
6752 4521
6753 4357
6754 4330
6755 4361
6756 4526
6757 4424
6758 4395
6759 4338
6760 4331
6761 4353
6762 4344
6763 4330
6764 4337
6765 4349
6766 4295
6767 4328
6768 4338
6769 4442
6770 4359
6771 4399
6772 4388
6773 4336
6774 4303
6775 4354
6776 4341
6777 4306
6778 4341
6779 4344
6780 4354
6781 4345
6782 4355
6783 4332
6784 4354
6785 4388
6786 4487
6787 4320
6788 4337
6789 4369
6790 4390
6791 4495
6792 4379
6793 4317
6794 4357
6795 4374
6796 4334
6797 4382
6798 4343
6799 4426
6800 4324
6801 4483
6802 4352
6803 4348
6804 4313
6805 4328
6806 4785
6807 4338
6808 4324
6809 4318
6810 4361
6811 4449
6812 4292
6813 4361
6814 4415
6815 4309
6816 4497
6817 4378
6818 4358
6819 4422
6820 4332
6821 4341
6822 4350
6823 4334
6824 4362
6825 4472
6826 4355
6827 4324
6828 4340
6829 4360
6830 4365
6831 4314
6832 4342
6833 4406
6834 4330
6835 4376
6836 4302
6837 4475
6838 4449
6839 4397
6840 4348
6841 4347
6842 4336
6843 4485
6844 4342
6845 4364
6846 4329
6847 4346
6848 4492
6849 4486
6850 4335
6851 4324
6852 4332
6853 4331
6854 4334
6855 4332
6856 4338
6857 4373
6858 4456
6859 4375
6860 4342
6861 4337
6862 4334
6863 4348
6864 4335
6865 4330
6866 4463
6867 4355
6868 4366
6869 4302
6870 4329
6871 4432
6872 4512
6873 4356
6874 4469
6875 4418
6876 4363
6877 4474
6878 4495
6879 4353
6880 4340
6881 4341
6882 4351
6883 4329
6884 4337
6885 4327
6886 4322
6887 4360
6888 4367
6889 4358
6890 4323
6891 4328
6892 4385
6893 4379
6894 4373
6895 4375
6896 4325
6897 4354
6898 4351
6899 4353
6900 4351
6901 4342
6902 4363
6903 4319
6904 4338
6905 4351
6906 4339
6907 4343
6908 4338
6909 4313
6910 4361
6911 4484
6912 4317
6913 4356
6914 4346
6915 4351
6916 4358
6917 4341
6918 4367
6919 4349
6920 4341
6921 4342
6922 4539
6923 4347
6924 4343
6925 4349
6926 4342
6927 4325
6928 4362
6929 4448
6930 4493
6931 4317
6932 4525
6933 4311
6934 4327
6935 4430
6936 4316
6937 4408
6938 4468
6939 4549
6940 4526
6941 4347
6942 4356
6943 4307
6944 4540
6945 4322
6946 4404
6947 4448
6948 4353
6949 4324
6950 4355
6951 4354
6952 4328
6953 4398
6954 4372
6955 4340
6956 4365
6957 4373
6958 4321
6959 4367
6960 4381
6961 4327
6962 4482
6963 4353
6964 4388
6965 4568
6966 4340
6967 4363
6968 4336
6969 4381
6970 4340
6971 4318
6972 4369
6973 4347
6974 4331
6975 4335
6976 4354
6977 4354
6978 4367
6979 4338
6980 4362
6981 4308
6982 4360
6983 4367
6984 4360
6985 4346
6986 4343
6987 4349
6988 4338
6989 4330
6990 4527
6991 4408
6992 4341
6993 4370
6994 4339
6995 4336
6996 4553
6997 4375
6998 4346
6999 4481
7000 4469
7001 4325
7002 4374
7003 4538
7004 4472
7005 4549
7006 4319
7007 4384
7008 4336
7009 4373
7010 4373
7011 4331
7012 4380
7013 4357
7014 4452
7015 4472
7016 4429
7017 4520
7018 4483
7019 4460
7020 4392
7021 4364
7022 4610
7023 4511
7024 4388
7025 4513
7026 4600
7027 4400
7028 4628
7029 4712
7030 4673
7031 4612
7032 4379
7033 4460
7034 4362
7035 4379
7036 4357
7037 4399
7038 4360
7039 4341
7040 4299
7041 4330
7042 4319
7043 4384
7044 4381
7045 4358
7046 4379
7047 4435
7048 4292
7049 4364
7050 4310
7051 4328
7052 4297
7053 4387
7054 4478
7055 4326
7056 4322
7057 4410
7058 4370
7059 4335
7060 4323
7061 4327
7062 4481
7063 4291
7064 4332
7065 4331
7066 4417
7067 4342
7068 4325
7069 4326
7070 4352
7071 4375
7072 4395
7073 4357
7074 4318
7075 4335
7076 4309
7077 4333
7078 4351
7079 4530
7080 4546
7081 4419
7082 4356
7083 4341
7084 4350
7085 4338
7086 4337
7087 4339
7088 4353
7089 4439
7090 4388
7091 4376
7092 4357
7093 4325
7094 4323
7095 4353
7096 4368
7097 4344
7098 4326
7099 4304
7100 4370
7101 4371
7102 4526
7103 4340
7104 4336
7105 4324
7106 4528
7107 4453
7108 4358
7109 4362
7110 4486
7111 4325
7112 4331
7113 4414
7114 4326
7115 4328
7116 4322
7117 4393
7118 4473
7119 4351
7120 4372
7121 4321
7122 4515
7123 4548
7124 4390
7125 4385
7126 4349
7127 4352
7128 4338
7129 4349
7130 4363
7131 4311
7132 4314
7133 4331
7134 4349
7135 4348
7136 4345
7137 4348
7138 4343
7139 4393
7140 4361
7141 4411
7142 4523
7143 4432
7144 4339
7145 4335
7146 4359
7147 4324
7148 4325
7149 4455
7150 4486
7151 4386
7152 4342
7153 4383
7154 4397
7155 4456
7156 4326
7157 4316
7158 4326
7159 4318
7160 4340
7161 4332
7162 4356
7163 4374
7164 4320
7165 4336
7166 4324
7167 4380
7168 4323
7169 4365
7170 4318
7171 4306
7172 4525
7173 4450
7174 4321
7175 4320
7176 4368
7177 4436
7178 4501
7179 4305
7180 4320
7181 4330
7182 4368
7183 4351
7184 4519
7185 4437
7186 4506
7187 4326
7188 4347
7189 4350
7190 4358
7191 4326
7192 4318
7193 4321
7194 4321
7195 4316
7196 4317
7197 4341
7198 4357
7199 4363
7200 4313
7201 4368
7202 4324
7203 4336
7204 4321
7205 4313
7206 4491
7207 4341
7208 4323
7209 4349
7210 4368
7211 4335
7212 4353
7213 4392
7214 4314
7215 4341
7216 4373
7217 4310
7218 4361
7219 4339
7220 4324
7221 4387
7222 4331
7223 4323
7224 4490
7225 4433
7226 4320
7227 4362
7228 4321
7229 4364
7230 4540
7231 4359
7232 4355
7233 4491
7234 4364
7235 4455
7236 4360
7237 4354
7238 4517
7239 4329
7240 4371
7241 4527
7242 4379
7243 4455
7244 4368
7245 4355
7246 4366
7247 4356
7248 4348
7249 4370
7250 4322
7251 4326
7252 4368
7253 4362
7254 4331
7255 4358
7256 4340
7257 4334
7258 4380
7259 4520
7260 4340
7261 4459
7262 4352
7263 4344
7264 4552
7265 4375
7266 4546
7267 4459
7268 4516
7269 4422
7270 4341
7271 4391
7272 4352
7273 4349
7274 4354
7275 4341
7276 4361
7277 4355
7278 4360
7279 4402
7280 4335
7281 4345
7282 4511
7283 4351
7284 4331
7285 4327
7286 4357
7287 4319
7288 4385
7289 4367
7290 4355
7291 4493
7292 4299
7293 4326
7294 4332
7295 4431
7296 4505
7297 4420
7298 4354
7299 4506
7300 4362
7301 4366
7302 4360
7303 4423
7304 4348
7305 4341
7306 4371
7307 5153
7308 4382
7309 4338
7310 4394
7311 4345
7312 4356
7313 4397
7314 4354
7315 4327
7316 4514
7317 4425
7318 4345
7319 4351
7320 4325
7321 4338
7322 4361
7323 4403
7324 4347
7325 4384
7326 4355
7327 4333
7328 4496
7329 4340
7330 4316
7331 4332
7332 4322
7333 4377
7334 4350
7335 4378
7336 4376
7337 4343
7338 4484
7339 4336
7340 4333
7341 4413
7342 4357
7343 4425
7344 4347
7345 4348
7346 4337
7347 4348
7348 4328
7349 4318
7350 4320
7351 4306
7352 4487
7353 4316
7354 4498
7355 4425
7356 4329
7357 4373
7358 4356
7359 4342
7360 4332
7361 4346
7362 4321
7363 4600
7364 4534
7365 4420
7366 4509
7367 4365
7368 4537
7369 4460
7370 4514
7371 4477
7372 4358
7373 4357
7374 4393
7375 4299
7376 4323
7377 4358
7378 4356
7379 4448
7380 4334
7381 4342
7382 4342
7383 4356
7384 4291
7385 4336
7386 4310
7387 4341
7388 4316
7389 4328
7390 4309
7391 4324
7392 4350
7393 4343
7394 4564
7395 4478
7396 4319
7397 4304
7398 4333
7399 4358
7400 4515
7401 4322
7402 4337
7403 4329
7404 4337
7405 4332
7406 4322
7407 4337
7408 4289
7409 4330
7410 4298
7411 4410
7412 4360
7413 4413
7414 4369
7415 4328
7416 4338
7417 4378
7418 4320
7419 4298
7420 4336
7421 4472
7422 4363
7423 4353
7424 4360
7425 4525
7426 4459
7427 4350
7428 4332
7429 4326
7430 4317
7431 4354
7432 4326
7433 4346
7434 4328
7435 4340
7436 4321
7437 4345
7438 4505
7439 4375
7440 4501
7441 4400
7442 4326
7443 4354
7444 4344
7445 4345
7446 4374
7447 4329
7448 4357
7449 4366
7450 4475
7451 4319
7452 4356
7453 4336
7454 4486
7455 4430
7456 4353
7457 4323
7458 4510
7459 4533
7460 4512
7461 4483
7462 4328
7463 4353
7464 4527
7465 4465
7466 4342
7467 4349
7468 4354
7469 4323
7470 4292
7471 4326
7472 4512
7473 4400
7474 4484
7475 4416
7476 4383
7477 4357
7478 4321
7479 4330
7480 4371
7481 4334
7482 4520
7483 4383
7484 4311
7485 4330
7486 4325
7487 4327
7488 4288
7489 4320
7490 4369
7491 4327
7492 4310
7493 4347
7494 4344
7495 4353
7496 4530
7497 4524
7498 4361
7499 4336
7500 4370
7501 4352
7502 4366
7503 4343
7504 4531
7505 4435
7506 4354
7507 4470
7508 4327
7509 4336
7510 4340
7511 4327
7512 4340
7513 4313
7514 4536
7515 4443
7516 4332
7517 4345
7518 4379
7519 4326
7520 4324
7521 4336
7522 4340
7523 4354
7524 4479
7525 4349
7526 4331
7527 4346
7528 4480
7529 4347
7530 4338
7531 4354
7532 4336
7533 4321
7534 4347
7535 4308
7536 4299
7537 4371
7538 4289
7539 4368
7540 4390
7541 4376
7542 4328
7543 4427
7544 4354
7545 4432
7546 4360
7547 4332
7548 4483
7549 4385
7550 4480
7551 4417
7552 4356
7553 4381
7554 4340
7555 4427
7556 4309
7557 4337
7558 4330
7559 4325
7560 4332
7561 4446
7562 4326
7563 4387
7564 4299
7565 4334
7566 4385
7567 4459
7568 4343
7569 4372
7570 4391
7571 4333
7572 4334
7573 4327
7574 4368
7575 4328
7576 4320
7577 4358
7578 4323
7579 4352
7580 4312
7581 4361
7582 4366
7583 4349
7584 4348
7585 4440
7586 4331
7587 4337
7588 4362
7589 4500
7590 4321
7591 4341
7592 4342
7593 4332
7594 4523
7595 4367
7596 4345
7597 4338
7598 4329
7599 4360
7600 4343
7601 4341
7602 4320
7603 4321
7604 4338
7605 4329
7606 4357
7607 4320
7608 4384
7609 4330
7610 4323
7611 4388
7612 4337
7613 4434
7614 4323
7615 4321
7616 4522
7617 4495
7618 4354
7619 4482
7620 4350
7621 4339
7622 4385
7623 4407
7624 4326
7625 4320
7626 4338
7627 4317
7628 4458
7629 4407
7630 4301
7631 4335
7632 4367
7633 4419
7634 4380
7635 4372
7636 4352
7637 4343
7638 4322
7639 4359
7640 4484
7641 4363
7642 4323
7643 4397
7644 4479
7645 4330
7646 4452
7647 4449
7648 4399
7649 4362
7650 4332
7651 4406
7652 4294
7653 4401
7654 4344
7655 4431
7656 4487
7657 4359
7658 4349
7659 4330
7660 4283
7661 4523
7662 4358
7663 4359
7664 4514
7665 4366
7666 4500
7667 4446
7668 4333
7669 4406
7670 4508
7671 4442
7672 4328
7673 4417
7674 4344
7675 4348
7676 4354
7677 4360
7678 4369
7679 4327
7680 4328
7681 4363
7682 4326
7683 4328
7684 4317
7685 4342
7686 4319
7687 4416
7688 4337
7689 4382
7690 4321
7691 4326
7692 4380
7693 4332
7694 4329
7695 4372
7696 4481
7697 4418
7698 4306
7699 4378
7700 4309
7701 4358
7702 4319
7703 4321
7704 4322
7705 4318
7706 4343
7707 4318
7708 4323
7709 4366
7710 4325
7711 4415
7712 4352
7713 4473
7714 4466
7715 4362
7716 4365
7717 4342
7718 4312
7719 4321
7720 4530
7721 4434
7722 4489
7723 4333
7724 4325
7725 4329
7726 4330
7727 4345
7728 4322
7729 4412
7730 4355
7731 4351
7732 4322
7733 4315
7734 4346
7735 4341
7736 4359
7737 4372
7738 4333
7739 4364
7740 4518
7741 4362
7742 4327
7743 4307
7744 4352
7745 4373
7746 4349
7747 4358
7748 4322
7749 4346
7750 4515
7751 4362
7752 4328
7753 4311
7754 4328
7755 4416
7756 4333
7757 4348
7758 4344
7759 4324
7760 4329
7761 4351
7762 4335
7763 4351
7764 4352
7765 4331
7766 4320
7767 4406
7768 4581
7769 4391
7770 4380
7771 4378
7772 4529
7773 4351
7774 4331
7775 4335
7776 4323
7777 4292
7778 4303
7779 4451
7780 4321
7781 4359
7782 4555
7783 4337
7784 4346
7785 4327
7786 4314
7787 4330
7788 4534
7789 4451
7790 4336
7791 4350
7792 4513
7793 4360
7794 4339
7795 4326
7796 4328
7797 4326
7798 4366
7799 4368
7800 4290
7801 4332
7802 4329
7803 4358
7804 4356
7805 4329
7806 4513
7807 5133
7808 4316
7809 4339
7810 4357
7811 4338
7812 4369
7813 4381
7814 4328
7815 4458
7816 4335
7817 4328
7818 4393
7819 4546
7820 4349
7821 4335
7822 4366
7823 4347
7824 4339
7825 4369
7826 4362
7827 4362
7828 4520
7829 4324
7830 4319
7831 4289
7832 4346
7833 4349
7834 4320
7835 4308
7836 4322
7837 4352
7838 4357
7839 4457
7840 4304
7841 4357
7842 4346
7843 4435
7844 4481
7845 4335
7846 4500
7847 4518
7848 4335
7849 4335
7850 4337
7851 4356
7852 4327
7853 4321
7854 4324
7855 4383
7856 4484
7857 4390
7858 4324
7859 4442
7860 4337
7861 4333
7862 4484
7863 4370
7864 4339
7865 4382
7866 4361
7867 4431
7868 4326
7869 4405
7870 4318
7871 4377
7872 4513
7873 4356
7874 4324
7875 4348
7876 4397
7877 4321
7878 4339
7879 4337
7880 4340
7881 4339
7882 4331
7883 4338
7884 4504
7885 4360
7886 4321
7887 4313
7888 4323
7889 4341
7890 4324
7891 4354
7892 4329
7893 4345
7894 4408
7895 4472
7896 4320
7897 4324
7898 4326
7899 4362
7900 4319
7901 4330
7902 4390
7903 4353
7904 4519
7905 4442
7906 4296
7907 4312
7908 4546
7909 4433
7910 4320
7911 4345
7912 4475
7913 4327
7914 4497
7915 4339
7916 4370
7917 4383
7918 4353
7919 4441
7920 4325
7921 4332
7922 4342
7923 4352
7924 4329
7925 4300
7926 4363
7927 4315
7928 4324
7929 4340
7930 4324
7931 4350
7932 4320
7933 4333
7934 4502
7935 4457
7936 4518
7937 4446
7938 4364
7939 4383
7940 4296
7941 4374
7942 4458
7943 4374
7944 4344
7945 4347
7946 4342
7947 4337
7948 4320
7949 4325
7950 4321
7951 4318
7952 4509
7953 4356
7954 4513
7955 4316
7956 4527
7957 4437
7958 4290
7959 4377
7960 4337
7961 4412
7962 4299
7963 4350
7964 4431
7965 4316
7966 4327
7967 4322
7968 4322
7969 4353
7970 4356
7971 4347
7972 4354
7973 4360
7974 4336
7975 4360
7976 4330
7977 4318
7978 4357
7979 4501
7980 4545
7981 4533
7982 4356
7983 4381
7984 4318
7985 4326
7986 4342
7987 4351
7988 4378
7989 4446
7990 4359
7991 4357
7992 4366
7993 4414
7994 4297
7995 4583
7996 4335
7997 4334
7998 4365
7999 4319
8000 4321
8001 4338
8002 4315
8003 4359
8004 4337
8005 4326
8006 4359
8007 4361
8008 4293
8009 4369
8010 4287
8011 4353
8012 4527
8013 4437
8014 4500
8015 4338
8016 4391
8017 4542
8018 4501
8019 4379
8020 4318
8021 4326
8022 4296
8023 4292
8024 4315
8025 4314
8026 4369
8027 4332
8028 4322
8029 4318
8030 4321
8031 4446
8032 4420
8033 4632
8034 4461
8035 4463
8036 4644
8037 4602
8038 4558
8039 4374
8040 4369
8041 4604
8042 4539
8043 4410
8044 4516
8045 4376
8046 4442
8047 4572
8048 4645
8049 4456
8050 4425
8051 4313
8052 4569
8053 4423
8054 4383
8055 4352
8056 4402
8057 4547
8058 4415
8059 4515
8060 4347
8061 4419
8062 4508
8063 4484
8064 4344
8065 4371
8066 4367
8067 4372
8068 4369
8069 4383
8070 4368
8071 4337
8072 4354
8073 4336
8074 4378
8075 4328
8076 4363
8077 4382
8078 4368
8079 4367
8080 4339
8081 4353
8082 4352
8083 4378
8084 4336
8085 4326
8086 4343
8087 4395
8088 4495
8089 4421
8090 4349
8091 4388
8092 4325
8093 4357
8094 4520
8095 4385
8096 4387
8097 4340
8098 4342
8099 4353
8100 4373
8101 4446
8102 4333
8103 4357
8104 4573
8105 4360
8106 4504
8107 4369
8108 4542
8109 4368
8110 4341
8111 4335
8112 4344
8113 4382
8114 4336
8115 4358
8116 4376
8117 4395
8118 4329
8119 4354
8120 4324
8121 4367
8122 4344
8123 4450
8124 4322
8125 4520
8126 4370
8127 4347
8128 4336
8129 4365
8130 4398
8131 4386
8132 4381
8133 4327
8134 4333
8135 4359
8136 4354
8137 4350
8138 4354
8139 4350
8140 4325
8141 4327
8142 4321
8143 4326
8144 4369
8145 4357
8146 4349
8147 4338
8148 4529
8149 4345
8150 4349
8151 4328
8152 4325
8153 4308
8154 4352
8155 4342
8156 4357
8157 4445
8158 4351
8159 4323
8160 4373
8161 4335
8162 4358
8163 4345
8164 4296
8165 4356
8166 4488
8167 4388
8168 4377
8169 4361
8170 4378
8171 4407
8172 4342
8173 4362
8174 4358
8175 4328
8176 4395
8177 4378
8178 4483
8179 4346
8180 4522
8181 4437
8182 4374
8183 4513
8184 4350
8185 4324
8186 4546
8187 4512
8188 4290
8189 4305
8190 4545
8191 4405
8192 4326
8193 4499
8194 4347
8195 4337
8196 4321
8197 4334
8198 4534
8199 4348
8200 4292
8201 4362
8202 4326
8203 4369
8204 4499
8205 4538
8206 4382
8207 4334
8208 4338
8209 4326
8210 4350
8211 4334
8212 4321
8213 4331
8214 4372
8215 4349
8216 4319
8217 4386
8218 4494
8219 4342
8220 4346
8221 4327
8222 4324
8223 4318
8224 4342
8225 4332
8226 4342
8227 4349
8228 4326
8229 4357
8230 4363
8231 4348
8232 4371
8233 4415
8234 4329
8235 4399
8236 4328
8237 4341
8238 4312
8239 4362
8240 4354
8241 4350
8242 4373
8243 4500
8244 4488
8245 4338
8246 4513
8247 4447
8248 4491
8249 4330
8250 4351
8251 4383
8252 4335
8253 4335
8254 4379
8255 4352
8256 4329
8257 4422
8258 4517
8259 4503
8260 4297
8261 4347
8262 4285
8263 4406
8264 4365
8265 4506
8266 4346
8267 4461
8268 4322
8269 4417
8270 4320
8271 4366
8272 4324
8273 4357
8274 4349
8275 4328
8276 4349
8277 4316
8278 4323
8279 4333
8280 4493
8281 4346
8282 4379
8283 4513
8284 4358
8285 4329
8286 4322
8287 4348
8288 4358
8289 4340
8290 4323
8291 4375
8292 4317
8293 4394
8294 4335
8295 4346
8296 4329
8297 4364
8298 4333
8299 4333
8300 4337
8301 4337
8302 4374
8303 4317
8304 4340
8305 4352
8306 4330
8307 5183
8308 4344
8309 4321
8310 4370
8311 4406
8312 4328
8313 4331
8314 4488
8315 4511
8316 4330
8317 4394
8318 4333
8319 4353
8320 4524
8321 4410
8322 4343
8323 4359
8324 4321
8325 4329
8326 4326
8327 4327
8328 4325
8329 4329
8330 4387
8331 4348
8332 4493
8333 4344
8334 4363
8335 4359
8336 4328
8337 4388
8338 4314
8339 4306
8340 4347
8341 4333
8342 4353
8343 4319
8344 4348
8345 4352
8346 4423
8347 4320
8348 4320
8349 4309
8350 4323
8351 4314
8352 4363
8353 4450
8354 4511
8355 4324
8356 4322
8357 4320
8358 4493
8359 4412
8360 4360
8361 4380
8362 4341
8363 4430
8364 4374
8365 4434
8366 4515
8367 4316
8368 4327
8369 4355
8370 4300
8371 4352
8372 4385
8373 4320
8374 4327
8375 4343
8376 4358
8377 4365
8378 4324
8379 4421
8380 4485
8381 4356
8382 4348
8383 4321
8384 4328
8385 4337
8386 4486
8387 4452
8388 4521
8389 4456
8390 4568
8391 4420
8392 4503
8393 4410
8394 4501
8395 4325
8396 4321
8397 4326
8398 4366
8399 4340
8400 4343
8401 4368
8402 4357
8403 4361
8404 4334
8405 4332
8406 4347
8407 4400
8408 4320
8409 4383
8410 4323
8411 4331
8412 4325
8413 4358
8414 4346
8415 4364
8416 4345
8417 4474
8418 4511
8419 4357
8420 4341
8421 4330
8422 4372
8423 4418
8424 4353
8425 4417
8426 4334
8427 4375
8428 4341
8429 4522
8430 4359
8431 4381
8432 4368
8433 4363
8434 4334
8435 4334
8436 4323
8437 4329
8438 4346
8439 4373
8440 4378
8441 4365
8442 4376
8443 4492
8444 4355
8445 4344
8446 4427
8447 4444
8448 4560
8449 4436
8450 4323
8451 4452
8452 4336
8453 4424
8454 4351
8455 4355
8456 4368
8457 4318
8458 4370
8459 4343
8460 4340
8461 4369
8462 4325
8463 4412
8464 4305
8465 4331
8466 4299
8467 4371
8468 4324
8469 4319
8470 4355
8471 4367
8472 4560
8473 4440
8474 4484
8475 4488
8476 4334
8477 4351
8478 4322
8479 4331
8480 4326
8481 4321
8482 4319
8483 4398
8484 4551
8485 4339
8486 4331
8487 4354
8488 4516
8489 4303
8490 4342
8491 4382
8492 4356
8493 4338
8494 4367
8495 4310
8496 4324
8497 4353
8498 4317
8499 4355
8500 4511
8501 4375
8502 4324
8503 4357
8504 4323
8505 4329
8506 4329
8507 4332
8508 4321
8509 4356
8510 4296
8511 4359
8512 4284
8513 4296
8514 4384
8515 4335
8516 4304
8517 4335
8518 4364
8519 4430
8520 4528
8521 4327
8522 4360
8523 4337
8524 4320
8525 4335
8526 4354
8527 4332
8528 4344
8529 4331
8530 4409
8531 4348
8532 4294
8533 4332
8534 4511
8535 4395
8536 4348
8537 4340
8538 4317
8539 4318
8540 4358
8541 4332
8542 4349
8543 4326
8544 4339
8545 4392
8546 4405
8547 4394
8548 4364
8549 4422
8550 4515
8551 4321
8552 4557
8553 4389
8554 4358
8555 4341
8556 4338
8557 4388
8558 4330
8559 4306
8560 4320
8561 4359
8562 4320
8563 4387
8564 4505
8565 4401
8566 4381
8567 4319
8568 4340
8569 4382
8570 4363
8571 4438
8572 4371
8573 4384
8574 4367
8575 4434
8576 4354
8577 4323
8578 4334
8579 4396
8580 4350
8581 4361
8582 4524
8583 4359
8584 4341
8585 4339
8586 4322
8587 4440
8588 4349
8589 4342
8590 4325
8591 4332
8592 4320
8593 4424
8594 4332
8595 4351
8596 4513
8597 4381
8598 4366
8599 4344
8600 4340
8601 4310
8602 4327
8603 4317
8604 4387
8605 4354
8606 4344
8607 4368
8608 4371
8609 4352
8610 4513
8611 4445
8612 4318
8613 4333
8614 4336
8615 4472
8616 4304
8617 4348
8618 4367
8619 4342
8620 4320
8621 4349
8622 4335
8623 4473
8624 4490
8625 4425
8626 4297
8627 4341
8628 4351
8629 4342
8630 4296
8631 4349
8632 4296
8633 4341
8634 4330
8635 4345
8636 4323
8637 4497
8638 4329
8639 4356
8640 4483
8641 4376
8642 4325
8643 4433
8644 4324
8645 4304
8646 4347
8647 4328
8648 4332
8649 4341
8650 4324
8651 4343
8652 4363
8653 4331
8654 4325
8655 4379
8656 4508
8657 4361
8658 4360
8659 4341
8660 4375
8661 4334
8662 4335
8663 4344
8664 4456
8665 4357
8666 4317
8667 4305
8668 4367
8669 4317
8670 4320
8671 4414
8672 4531
8673 4338
8674 4335
8675 4341
8676 4399
8677 4321
8678 4426
8679 4362
8680 4320
8681 4396
8682 4371
8683 4328
8684 4352
8685 4320
8686 4316
8687 4338
8688 4325
8689 4362
8690 4327
8691 4318
8692 4365
8693 4355
8694 4500
8695 4357
8696 4355
8697 4329
8698 4358
8699 4386
8700 4508
8701 4467
8702 4375
8703 4356
8704 4332
8705 4439
8706 4364
8707 4329
8708 4327
8709 4449
8710 4374
8711 4336
8712 4352
8713 4438
8714 4481
8715 4325
8716 4339
8717 4368
8718 4349
8719 4338
8720 4345
8721 4335
8722 4409
8723 4441
8724 4356
8725 4302
8726 4322
8727 4345
8728 4294
8729 4327
8730 4293
8731 4336
8732 4516
8733 4323
8734 4316
8735 4377
8736 4339
8737 4344
8738 4329
8739 4391
8740 4382
8741 4340
8742 4355
8743 4393
8744 4336
8745 4439
8746 4514
8747 4421
8748 4334
8749 4345
8750 4367
8751 4319
8752 4323
8753 4339
8754 4355
8755 4344
8756 4347
8757 4331
8758 4352
8759 4340
8760 4318
8761 4446
8762 4332
8763 4331
8764 4533
8765 4493
8766 4314
8767 4334
8768 4335
8769 4344
8770 4552
8771 4334
8772 4370
8773 4359
8774 4326
8775 4431
8776 4498
8777 4416
8778 4335
8779 4314
8780 4510
8781 4371
8782 4322
8783 4357
8784 4330
8785 4326
8786 4325
8787 4359
8788 4456
8789 4311
8790 4357
8791 4422
8792 4376
8793 4434
8794 4354
8795 4341
8796 4363
8797 4323
8798 4340
8799 4321
8800 4369
8801 4365
8802 4348
8803 4355
8804 4390
8805 4403
8806 4329
8807 4469
8808 5382
8809 4342
8810 4532
8811 4524
8812 4489
8813 4572
8814 4345
8815 4345
8816 4331
8817 4348
8818 4327
8819 4362
8820 4366
8821 4350
8822 4389
8823 4342
8824 4337
8825 4334
8826 4322
8827 4326
8828 4357
8829 4508
8830 4516
8831 4328
8832 4378
8833 4432
8834 4504
8835 4385
8836 4327
8837 4476
8838 4292
8839 4366
8840 4319
8841 4350
8842 4364
8843 4495
8844 4344
8845 4349
8846 4363
8847 4319
8848 4370
8849 4343
8850 4372
8851 4418
8852 4349
8853 4447
8854 4320
8855 4360
8856 4322
8857 4387
8858 4485
8859 4443
8860 4484
8861 4449
8862 4329
8863 4334
8864 4335
8865 4325
8866 4320
8867 4375
8868 4294
8869 4364
8870 4365
8871 4474
8872 4347
8873 4357
8874 4323
8875 4361
8876 4353
8877 4358
8878 4328
8879 4344
8880 4347
8881 4323
8882 4357
8883 4386
8884 4359
8885 4353
8886 4574
8887 4335
8888 4336
8889 4336
8890 4356
8891 4341
8892 4324
8893 4348
8894 4326
8895 4353
8896 4343
8897 4371
8898 4362
8899 4480
8900 4339
8901 4401
8902 4358
8903 4480
8904 4502
8905 4322
8906 4366
8907 4316
8908 4535
8909 4350
8910 4321
8911 4346
8912 4326
8913 4352
8914 4324
8915 4333
8916 4299
8917 4322
8918 4354
8919 4333
8920 4396
8921 4346
8922 4357
8923 4393
8924 4491
8925 4365
8926 4323
8927 4440
8928 4507
8929 4326
8930 4335
8931 4301
8932 4368
8933 4354
8934 4295
8935 4334
8936 4323
8937 4343
8938 4360
8939 4351
8940 4394
8941 4531
8942 4336
8943 4370
8944 4328
8945 4335
8946 4386
8947 4457
8948 4354
8949 4365
8950 4322
8951 4337
8952 4359
8953 4335
8954 4371
8955 4387
8956 4387
8957 4330
8958 4487
8959 4322
8960 4323
8961 4321
8962 4330
8963 4323
8964 4341
8965 4315
8966 4354
8967 4461
8968 4323
8969 4346
8970 4326
8971 4332
8972 4373
8973 4352
8974 4406
8975 4369
8976 4487
8977 4356
8978 4355
8979 4346
8980 4339
8981 4352
8982 4336
8983 4369
8984 4325
8985 4320
8986 4526
8987 4356
8988 4335
8989 4380
8990 4299
8991 4300
8992 4324
8993 4404
8994 4525
8995 4357
8996 4321
8997 4331
8998 4337
8999 4532
9000 4321
9001 4354
9002 4322
9003 4349
9004 4321
9005 4329
9006 4372
9007 4326
9008 4331
9009 4400
9010 4285
9011 4347
9012 4368
9013 4343
9014 4366
9015 4298
9016 4345
9017 4462
9018 4313
9019 4342
9020 4323
9021 4398
9022 4369
9023 4331
9024 4325
9025 4323
9026 4352
9027 4515
9028 4556
9029 4364
9030 4350
9031 4422
9032 4329
9033 4339
9034 4285
9035 4349
9036 4345
9037 4442
9038 4505
9039 4403
9040 4530
9041 4316
9042 4327
9043 4324
9044 4358
9045 4341
9046 4346
9047 4369
9048 4395
9049 4359
9050 4617
9051 4414
9052 4468
9053 4458
9054 4487
9055 4600
9056 4378
9057 4411
9058 4423
9059 4602
9060 4571
9061 4514
9062 4622
9063 4406
9064 4577
9065 4431
9066 4465
9067 4415
9068 4430
9069 4431
9070 4329
9071 4334
9072 4336
9073 4338
9074 4492
9075 4349
9076 4520
9077 4350
9078 4339
9079 4415
9080 4334
9081 4344
9082 4325
9083 4389
9084 4384
9085 4356
9086 4351
9087 4343
9088 4301
9089 4358
9090 4397
9091 4389
9092 4321
9093 4321
9094 4332
9095 4360
9096 4369
9097 4359
9098 4368
9099 4362
9100 4523
9101 4473
9102 4338
9103 4373
9104 4488
9105 4353
9106 4396
9107 4461
9108 4514
9109 4402
9110 4321
9111 4364
9112 4491
9113 4295
9114 4375
9115 4438
9116 4355
9117 4341
9118 4491
9119 4341
9120 4321
9121 4413
9122 4485
9123 4339
9124 4329
9125 4313
9126 4354
9127 4351
9128 4355
9129 4334
9130 4357
9131 4295
9132 4358
9133 4335
9134 4350
9135 4362
9136 4498
9137 4535
9138 4361
9139 4377
9140 4323
9141 4346
9142 4329
9143 4325
9144 4337
9145 4324
9146 4382
9147 4357
9148 4342
9149 4399
9150 4345
9151 4362
9152 4346
9153 4367
9154 4486
9155 4332
9156 4321
9157 4341
9158 4539
9159 4508
9160 4368
9161 4355
9162 4315
9163 4351
9164 4358
9165 4403
9166 4504
9167 4338
9168 4329
9169 4339
9170 4374
9171 4558
9172 4358
9173 4426
9174 4354
9175 4345
9176 4325
9177 4328
9178 4367
9179 4434
9180 4395
9181 4392
9182 4333
9183 4341
9184 4307
9185 4329
9186 4294
9187 4352
9188 4327
9189 4342
9190 4483
9191 4319
9192 4335
9193 4349
9194 4359
9195 4328
9196 4321
9197 4332
9198 4361
9199 4379
9200 4323
9201 4329
9202 4554
9203 4465
9204 4497
9205 4342
9206 4502
9207 4532
9208 4361
9209 4393
9210 4322
9211 4413
9212 4336
9213 4326
9214 4326
9215 4384
9216 4312
9217 4311
9218 4499
9219 4319
9220 4332
9221 4340
9222 4328
9223 4319
9224 4337
9225 4311
9226 4353
9227 4372
9228 4369
9229 4430
9230 4355
9231 4395
9232 4471
9233 4346
9234 4324
9235 4448
9236 4537
9237 4566
9238 4540
9239 4317
9240 4328
9241 4353
9242 4351
9243 4345
9244 4338
9245 4344
9246 4411
9247 4455
9248 4357
9249 4326
9250 4380
9251 4347
9252 4396
9253 4386
9254 4352
9255 4442
9256 4363
9257 4366
9258 4369
9259 4347
9260 4310
9261 4337
9262 4343
9263 4392
9264 4358
9265 4398
9266 4529
9267 4435
9268 4371
9269 4432
9270 4501
9271 4468
9272 4379
9273 4418
9274 4353
9275 4385
9276 4399
9277 4447
9278 4353
9279 4352
9280 4383
9281 4350
9282 4334
9283 4332
9284 4354
9285 4356
9286 4346
9287 4310
9288 4340
9289 4312
9290 4334
9291 4332
9292 4508
9293 4327
9294 4358
9295 4340
9296 4372
9297 4367
9298 4360
9299 4338
9300 4326
9301 4363
9302 4338
9303 4340
9304 4354
9305 4352
9306 4396
9307 4384
9308 4340
9309 5154
9310 4337
9311 4333
9312 4357
9313 4533
9314 4366
9315 4354
9316 4363
9317 4317
9318 4335
9319 4391
9320 4355
9321 4438
9322 4336
9323 4384
9324 4324
9325 4328
9326 4343
9327 4334
9328 4335
9329 4382
9330 4350
9331 4369
9332 4365
9333 4364
9334 4381
9335 4392
9336 4558
9337 4328
9338 4348
9339 4414
9340 4294
9341 4353
9342 4347
9343 4352
9344 4330
9345 4323
9346 4335
9347 4319
9348 4373
9349 4335
9350 4319
9351 4322
9352 4331
9353 4341
9354 4374
9355 4377
9356 4377
9357 4369
9358 4336
9359 4370
9360 4511
9361 4342
9362 4395
9363 4361
9364 4346
9365 4363
9366 4508
9367 4366
9368 4370
9369 4428
9370 4364
9371 4402
9372 4352
9373 4372
9374 4371
9375 4320
9376 4378
9377 4377
9378 4502
9379 4449
9380 4353
9381 4341
9382 4339
9383 4347
9384 4346
9385 4368
9386 4368
9387 4346
9388 4358
9389 4421
9390 4331
9391 4350
9392 4349
9393 4362
9394 4350
9395 4332
9396 4322
9397 4379
9398 4455
9399 4372
9400 4346
9401 4335
9402 4334
9403 4389
9404 4349
9405 4361
9406 4334
9407 4417
9408 4463
9409 4298
9410 4520
9411 4465
9412 4329
9413 4342
9414 4380
9415 4361
9416 4340
9417 4359
9418 4513
9419 4328
9420 4333
9421 4426
9422 4508
9423 4350
9424 4330
9425 4361
9426 4534
9427 4377
9428 4345
9429 4327
9430 4335
9431 4350
9432 4346
9433 4332
9434 4344
9435 4350
9436 4340
9437 4448
9438 4391
9439 4349
9440 4337
9441 4337
9442 4340
9443 4350
9444 4370
9445 4339
9446 4379
9447 4336
9448 4343
9449 4350
9450 4345
9451 4319
9452 4349
9453 4375
9454 4340
9455 4320
9456 4334
9457 4378
9458 4347
9459 4350
9460 4546
9461 4361
9462 4353
9463 4481
9464 4486
9465 4335
9466 4345
9467 4353
9468 4368
9469 4372
9470 4348
9471 4400
9472 4519
9473 4345
9474 4503
9475 4344
9476 4487
9477 4509
9478 4323
9479 4344
9480 4340
9481 4367
9482 4350
9483 4337
9484 4336
9485 4367
9486 4363
9487 4435
9488 4370
9489 4381
9490 4350
9491 4364
9492 4335
9493 4323
9494 4325
9495 4331
9496 4344
9497 4329
9498 4533
9499 4385
9500 4399
9501 4415
9502 4338
9503 4379
9504 4344
9505 4349
9506 4537
9507 4446
9508 4335
9509 4360
9510 4381
9511 4384
9512 4546
9513 4348
9514 4375
9515 4356
9516 4393
9517 4381
9518 4365
9519 4348
9520 4321
9521 4485
9522 4362
9523 4349
9524 4299
9525 4339
9526 4349
9527 4341
9528 4340
9529 4352
9530 4336
9531 4443
9532 4349
9533 4375
9534 4344
9535 4340
9536 4340
9537 4308
9538 4357
9539 4531
9540 4321
9541 4354
9542 4347
9543 4361
9544 4357
9545 4451
9546 4395
9547 4327
9548 4341
9549 4416
9550 4332
9551 4341
9552 4348
9553 4393
9554 4527
9555 4491
9556 4350
9557 4394
9558 4298
9559 4319
9560 4289
9561 4317
9562 4342
9563 4463
9564 4363
9565 4358
9566 4361
9567 4362
9568 4369
9569 4325
9570 4374
9571 4343
9572 4358
9573 4311
9574 4364
9575 4374
9576 4387
9577 4531
9578 4469
9579 4356
9580 4538
9581 4348
9582 4334
9583 4503
9584 4370
9585 4324
9586 4305
9587 4412
9588 4324
9589 4431
9590 4445
9591 4410
9592 4505
9593 4511
9594 4377
9595 4340
9596 4331
9597 4332
9598 4367
9599 4414
9600 4338
9601 4314
9602 4511
9603 4457
9604 4348
9605 4359
9606 4398
9607 4422
9608 4305
9609 4327
9610 4307
9611 4415
9612 4404
9613 4417
9614 4349
9615 4372
9616 4506
9617 4430
9618 4335
9619 4366
9620 4361
9621 4322
9622 4493
9623 4399
9624 4306
9625 4352
9626 4319
9627 4358
9628 4341
9629 4335
9630 4313
9631 4360
9632 4356
9633 4309
9634 4319
9635 4304
9636 4502
9637 4416
9638 4500
9639 4423
9640 4357
9641 4393
9642 4371
9643 4324
9644 4502
9645 4474
9646 4339
9647 4420
9648 4347
9649 4314
9650 4332
9651 4492
9652 4301
9653 4383
9654 4396
9655 4402
9656 4360
9657 4308
9658 4359
9659 4348
9660 4346
9661 4446
9662 4362
9663 4324
9664 4303
9665 4367
9666 4300
9667 4351
9668 4363
9669 4345
9670 4531
9671 4462
9672 4339
9673 4541
9674 4527
9675 4399
9676 4365
9677 4350
9678 4392
9679 4393
9680 4558
9681 4497
9682 4334
9683 4335
9684 4361
9685 4312
9686 4392
9687 4313
9688 4326
9689 4355
9690 4304
9691 4346
9692 4307
9693 4327
9694 4323
9695 4350
9696 4328
9697 4333
9698 4338
9699 4323
9700 4345
9701 4395
9702 4335
9703 4344
9704 4377
9705 4358
9706 4503
9707 4536
9708 4375
9709 4407
9710 4372
9711 4379
9712 4340
9713 4348
9714 4378
9715 4417
9716 4342
9717 4352
9718 4338
9719 4339
9720 4368
9721 4462
9722 4334
9723 4462
9724 4316
9725 4405
9726 4340
9727 4369
9728 4319
9729 4352
9730 4345
9731 4338
9732 4334
9733 4311
9734 4345
9735 4324
9736 4369
9737 4323
9738 4340
9739 4377
9740 4355
9741 4443
9742 4346
9743 4517
9744 4389
9745 4427
9746 4452
9747 4333
9748 4350
9749 4337
9750 4349
9751 4340
9752 4294
9753 4389
9754 4340
9755 4349
9756 4342
9757 4469
9758 4342
9759 4324
9760 4324
9761 4364
9762 4337
9763 4341
9764 4341
9765 4320
9766 4345
9767 4363
9768 4316
9769 4336
9770 4332
9771 4352
9772 4503
9773 4335
9774 4311
9775 4352
9776 4352
9777 4342
9778 4365
9779 4379
9780 4522
9781 4492
9782 4496
9783 4379
9784 4360
9785 4370
9786 4336
9787 4360
9788 4364
9789 4327
9790 4361
9791 4366
9792 4496
9793 4352
9794 4343
9795 4348
9796 4544
9797 4500
9798 4538
9799 4443
9800 4373
9801 4437
9802 4479
9803 4325
9804 4342
9805 4346
9806 4352
9807 4332
9808 4332
9809 4352
9810 5148
9811 4402
9812 4338
9813 4354
9814 4334
9815 4417
9816 4363
9817 4330
9818 4342
9819 4370
9820 4347
9821 4477
9822 4353
9823 4394
9824 4444
9825 4354
9826 4366
9827 4345
9828 4480
9829 4432
9830 4302
9831 4366
9832 4351
9833 4361
9834 4346
9835 4351
9836 4392
9837 4345
9838 4342
9839 4326
9840 4352
9841 4343
9842 4393
9843 4331
9844 4569
9845 4503
9846 4406
9847 4337
9848 4357
9849 4354
9850 4326
9851 4337
9852 4366
9853 4502
9854 4372
9855 4438
9856 4361
9857 4350
9858 4362
9859 4354
9860 4346
9861 4348
9862 4349
9863 4348
9864 4509
9865 4420
9866 4419
9867 4327
9868 4353
9869 4309
9870 4329
9871 4396
9872 4333
9873 4334
9874 4380
9875 4372
9876 4517
9877 4486
9878 4366
9879 4315
9880 4363
9881 4325
9882 4340
9883 4350
9884 4306
9885 4344
9886 4508
9887 4365
9888 4362
9889 4396
9890 4367
9891 4324
9892 4344
9893 4351
9894 4543
9895 4418
9896 4543
9897 4472
9898 4344
9899 4397
9900 4324
9901 4399
9902 4360
9903 4363
9904 4372
9905 4353
9906 4365
9907 4331
9908 4328
9909 4335
9910 4331
9911 4351
9912 4341
9913 4338
9914 4330
9915 4344
9916 4337
9917 4420
9918 4313
9919 4377
9920 4340
9921 4342
9922 4384
9923 4510
9924 4307
9925 4393
9926 4335
9927 4355
9928 4325
9929 4343
9930 4330
9931 4333
9932 4333
9933 4373
9934 4546
9935 4376
9936 4506
9937 4464
9938 4505
9939 4297
9940 4357
9941 4311
9942 4366
9943 4336
9944 4354
9945 4338
9946 4377
9947 4399
9948 4398
9949 4348
9950 4302
9951 4388
9952 4307
9953 4340
9954 4329
9955 4348
9956 4359
9957 4325
9958 4334
9959 4333
9960 4391
9961 4349
9962 4370
9963 4312
9964 4354
9965 4528
9966 4350
9967 4352
9968 4527
9969 4513
9970 4366
9971 4339
9972 4355
9973 4368
9974 4325
9975 4304
9976 4303
9977 4355
9978 4347
9979 4342
9980 4543
9981 4366
9982 4335
9983 4339
9984 4363
9985 4440
9986 4502
9987 4540
9988 4370
9989 4418
9990 4300
9991 4317
9992 4356
9993 4353
9994 4327
9995 4345
9996 4337
9997 4354
9998 4327
9999 4385
# sum: 4451
# min: 4282
# max: 5382
# err cnt: 0
