4055 2
4056 68
4057 114
4058 48
4059 12
4060 1
4061 1
4062 121
4063 694
4064 360
4065 59
4066 12
4067 2
4068 2
4069 15
4070 6
4071 2
4073 2
4074 2
4075 8
4076 40
4077 13
4078 16
4079 19
4080 2
4081 2
4082 5
4083 5
4084 434
4085 396
4086 37
4087 127
4088 35
4089 5
4091 1
4092 4
4093 42
4094 29
4095 6
4096 5
4097 19
4098 62
4099 32
4100 58
4101 28
4102 21
4103 13
4104 23
4105 2
4106 6
4107 3
4110 1
4111 21
4112 21
4113 4
4114 2
4115 16
4116 11
4117 15
4118 4
4119 2
4120 31
4121 18
4122 2
4123 2
4124 15
4125 10
4126 7
4127 1
4128 1
4129 6
4130 1
4132 3
4133 14
4134 18
4137 6
4138 2
4142 1
4143 1
4144 1
4145 2
4146 43
4147 65
4148 18
4149 1
4151 2
4152 1
4153 2
4154 2
4155 1
4157 2
4158 34
4159 15
4160 1
4161 1
4162 3
4163 1
4164 65
4165 115
4166 45
4167 7
4168 12
4169 2
4170 5
4171 6
4172 17
4173 4
4175 1
4176 95
4177 229
4178 81
4179 7
4180 3
4181 6
4182 23
4183 488
4184 573
4185 201
4186 53
4187 34
4188 9
4189 10
4190 6
4191 3
4192 1
4193 1
4194 4
4196 2
4197 4
4198 4
4200 1
4203 1
4211 1
4214 1
4216 41
4217 5
4218 2
4219 1
4220 1
4223 2
4225 1
4226 1
4227 23
4228 1
4229 4
4230 12
4231 7
4233 1
4238 2
4242 10
4243 9
4244 7
4245 8
4246 44
4247 33
4248 4
4249 4
4250 1
4252 1
4255 1
4256 1
4257 1
4258 2
4259 2
4260 5
4261 17
4262 34
4263 41
4264 97
4265 16
4266 8
4267 6
4268 17
4269 103
4270 156
4271 81
4272 35
4273 47
4274 9
4275 4
4276 4
4277 5
4278 12
4279 8
4280 1
4281 1
4282 1
4283 2
4284 6
4285 7
4286 5
4287 6
4288 16
4289 26
4290 32
4291 95
4292 227
4293 109
4294 17
4295 14
4296 20
4297 43
4298 71
4299 67
4300 30
4301 6
4302 11
4303 20
4304 32
4305 32
4306 14
4307 4
4308 2
4310 9
4311 11
4312 4
4313 7
4314 6
4315 15
4316 17
4317 12
4318 38
4319 11
4320 84
4321 162
4322 100
4323 142
4324 259
4325 220
4326 58
4327 46
4328 13
4329 4
4330 8
4331 4
4332 16
4333 21
4334 10
4335 9
4336 7
4337 12
4338 16
4339 12
4340 11
4341 8
4342 10
4343 13
4344 16
4345 15
4346 13
4347 8
4348 10
4349 10
4350 5
4351 1
4352 3
4353 4
4354 2
4355 2
4356 7
4357 3
4358 5
4359 5
4360 3
4361 3
4362 11
4363 11
4364 15
4365 20
4366 7
4367 11
4368 20
4369 18
4370 7
4371 3
4372 1
4374 1
4375 1
4377 1
4380 2
4382 10
4383 27
4384 11
4385 4
4386 8
4387 11
4388 7
4389 15
4390 24
4391 35
4392 19
4393 1
4394 1
4395 1
4396 5
4397 13
4398 5
4399 9
4400 9
4401 10
4402 7
4403 8
4404 4
4405 7
4406 8
4407 6
4408 7
4409 5
4410 11
4411 9
4412 6
4413 3
4414 9
4415 12
4416 6
4417 3
4418 2
4419 4
4420 2
4421 1
4422 4
4423 2
4424 5
4425 5
4426 4
4428 1
4429 2
4430 2
4433 1
4435 2
4444 2
4445 1
4446 2
4449 5
4450 6
4451 2
4453 1
4454 1
4455 4
4456 8
4457 11
4458 9
4459 6
4460 6
4461 4
4462 13
4463 4
4464 2
4465 6
4467 2
4468 1
4469 8
4470 2
4471 3
4472 1
4473 2
4474 2
4475 9
4476 4
4477 5
4478 14
4479 15
4480 24
4481 10
4482 11
4483 12
4484 15
4485 5
4486 4
4487 8
4488 18
4489 5
4490 25
4491 22
4492 26
4493 12
4494 16
4495 17
4496 7
4497 9
4498 8
4499 13
4500 7
4501 16
4502 16
4503 7
4504 14
4505 7
4506 9
4507 7
4508 6
4509 8
4510 8
4511 2
4512 6
4513 2
4514 2
4515 5
4516 7
4517 7
4518 5
4519 1
4521 2
4522 1
4523 1
4526 1
4528 2
4529 3
4540 1
4546 1
