0 5319
1 6844
2 5689
3 9862
4 8545
5 6831
6 4878
7 6222
8 5706
9 6202
10 5696
11 6214
12 5691
13 6215
14 5686
15 6219
16 5684
17 6220
18 5687
19 6206
20 5685
21 6213
22 5689
23 6207
24 5687
25 6213
26 5687
27 6215
28 5685
29 6161
30 5742
31 5708
32 5687
33 6211
34 6212
35 5685
36 9847
37 8536
38 6827
39 4875
40 6218
41 5688
42 6209
43 5705
44 6202
45 5685
46 6212
47 5687
48 6210
49 5701
50 6202
51 5692
52 6213
53 5684
54 6212
55 5688
56 6216
57 5683
58 6201
59 5688
60 6164
61 5723
62 6152
63 5735
64 5685
65 5686
66 6189
67 6202
68 5687
69 9824
70 8535
71 6823
72 4870
73 6208
74 5688
75 6279
76 5704
77 6253
78 5731
79 6249
80 5732
81 6242
82 5697
83 6233
84 5687
85 6193
86 5687
87 6198
88 5680
89 6214
90 5695
91 6178
92 5730
93 5695
94 5687
95 6206
96 6215
97 5691
98 9861
99 8560
100 6834
101 4872
102 6211
103 5689
104 6216
105 5699
106 6214
107 5689
108 6214
109 5691
110 6210
111 5684
112 6209
113 5688
114 6213
115 5687
116 6211
117 5692
118 6216
119 5685
120 6214
121 5691
122 6222
123 5692
124 6210
125 5704
126 6163
127 5726
128 6169
129 5737
130 5702
131 5686
132 6206
133 6209
134 5687
135 9844
136 8528
137 6820
138 4874
139 6207
140 5696
141 6217
142 5687
143 6197
144 5686
145 6212
146 5677
147 6210
148 5691
149 6212
150 5717
151 6214
152 5690
153 6210
154 5685
155 6226
156 5685
157 6207
158 5680
159 6218
160 5691
161 6165
162 5736
163 6165
164 5727
165 5679
166 5701
167 6211
168 6216
169 5693
170 5687
171 6222
172 6217
173 5686
174 5678
175 8867
176 9763
177 5528
178 4548
179 6827
180 5691
181 6215
182 5684
183 6206
184 5684
185 6214
186 5691
187 6215
188 5679
189 6224
190 5695
191 6194
192 5690
193 6205
194 5690
195 6203
196 5687
197 6197
198 5690
199 6221
200 5688
201 6210
202 5697
203 6207
204 5687
205 6164
206 5755
207 6168
208 5723
209 5683
210 5682
211 6220
212 6209
213 5696
214 5704
215 6214
216 6211
217 5691
218 9842
219 8532
220 6826
221 4868
222 6205
223 5686
224 6202
225 5684
226 6208
227 5682
228 6215
229 5693
230 6202
231 5688
232 6205
233 5681
234 6204
235 5688
236 6213
237 5686
238 6210
239 5679
240 6207
241 5681
242 6205
243 5678
244 6196
245 5689
246 6156
247 5732
248 6158
249 5745
250 5686
251 5685
252 6220
253 6198
254 5687
255 5693
256 6210
257 6207
258 5687
259 5683
260 6205
261 6211
262 5688
263 9844
264 8525
265 6826
266 4867
267 6208
268 5686
269 6221
270 5686
271 6221
272 5691
273 6213
274 5684
275 6200
276 5686
277 6212
278 5686
279 6204
280 5689
281 6207
282 5687
283 6209
284 5696
285 6214
286 6213
287 5736
288 5695
289 5682
290 6214
291 6224
292 5685
293 5682
294 6225
295 6216
296 5682
297 5691
298 6221
299 6198
300 5686
301 9832
302 8522
303 6827
304 4872
305 6208
306 5685
307 6211
308 5688
309 6218
310 5693
311 6209
312 5687
313 6205
314 5685
315 6217
316 5688
317 6200
318 5678
319 6210
320 5695
321 6223
322 5691
323 6195
324 5693
325 6206
326 5688
327 5681
328 5701
329 6215
330 6210
331 5686
332 5680
333 6209
334 6205
335 5688
336 9855
337 8521
338 6841
339 4872
340 6210
341 5692
342 6201
343 5687
344 6215
345 5687
346 6206
347 5690
348 6210
349 5684
350 6213
351 5694
352 6202
353 5690
354 6212
355 5686
356 6209
357 5692
358 6213
359 5687
360 6215
361 5683
362 6169
363 5731
364 6163
365 5755
366 5677
367 5692
368 6212
369 6214
370 5686
371 5683
372 6204
373 6197
374 5689
375 9176
376 8541
377 6821
378 4867
379 6213
380 5717
381 6214
382 5688
383 6218
384 5693
385 6204
386 5691
387 6221
388 5695
389 6206
390 5687
391 6200
392 5694
393 6233
394 5695
395 6209
396 5694
397 6211
398 5692
399 6224
400 5689
401 6216
402 5696
403 5676
404 5681
405 6212
406 6216
407 5682
408 5691
409 6208
410 6213
411 5688
412 5687
413 6206
414 6212
415 5709
416 9834
417 8537
418 6828
419 4874
420 6213
421 5682
422 6210
423 5676
424 6210
425 5688
426 6198
427 5690
428 6195
429 5681
430 6207
431 5686
432 6144
433 5689
434 6223
435 5689
436 6205
437 5681
438 6200
439 5686
440 6205
441 5680
442 5679
443 5700
444 6205
445 6235
446 5686
447 5692
448 6215
449 6218
450 5690
451 5681
452 6207
453 6204
454 5690
455 9825
456 8524
457 6829
458 4862
459 6204
460 5688
461 6207
462 5686
463 6213
464 5690
465 6211
466 5690
467 6220
468 5689
469 6205
470 5695
471 6214
472 5696
473 6204
474 5710
475 6310
476 5722
477 6211
478 5692
479 6214
480 5686
481 5684
482 5686
483 6212
484 6199
485 5689
486 9867
487 8535
488 6848
489 4875
490 6240
491 5697
492 6210
493 5685
494 6222
495 5694
496 6216
497 5689
498 6212
499 5687
500 6202
501 5687
502 6216
503 5687
504 6212
505 5695
506 6202
507 5694
508 6205
509 5686
510 6168
511 5735
512 6172
513 5735
514 5693
515 5688
516 6213
517 6207
518 5691
519 9842
520 8523
521 6828
522 4874
523 6214
524 5697
525 6217
526 5690
527 6210
528 5685
529 6206
530 5682
531 6247
532 5691
533 6213
534 5683
535 6214
536 5687
537 6197
538 5688
539 6213
540 5690
541 6204
542 5682
543 6224
544 5692
545 6209
546 5692
547 6202
548 5694
549 6164
550 5724
551 6160
552 5729
553 5682
554 5674
555 6209
556 6214
557 5688
558 5687
559 6207
560 6210
561 5690
562 9844
563 8523
564 6833
565 4873
566 6221
567 5683
568 6205
569 5705
570 6214
571 5691
572 6204
573 5689
574 6228
575 5690
576 6206
577 5695
578 6209
579 5690
580 6206
581 5692
582 6230
583 5694
584 6206
585 5695
586 6224
587 5692
588 6174
589 5737
590 6169
591 5727
592 5686
593 5696
594 6222
595 6212
596 5679
597 5677
598 6211
599 6202
600 5692
601 5693
602 6224
603 6202
604 5685
605 5685
606 6209
607 6210
608 5680
609 5688
610 6205
611 6211
612 5679
613 5689
614 6213
615 6208
616 5682
617 5677
618 6215
619 6215
620 5680
621 5679
622 6213
623 6214
624 5684
625 5686
626 6215
627 6204
628 5699
629 9838
630 8533
631 6830
632 4871
633 6212
634 5687
635 6216
636 5686
637 6212
638 5684
639 6207
640 5689
641 6212
642 5687
643 6207
644 5688
645 6206
646 5680
647 6204
648 5688
649 6209
650 5684
651 6200
652 5690
653 6164
654 5734
655 6159
656 5733
657 5713
658 5681
659 6215
660 6207
661 5684
662 9833
663 8623
664 6818
665 4875
666 6220
667 5693
668 6196
669 5685
670 6201
671 5686
672 6210
673 5684
674 6209
675 5684
676 6215
677 5687
678 6219
679 5687
680 6201
681 5686
682 6206
683 5696
684 6206
685 5691
686 6206
687 5696
688 6169
689 5734
690 6169
691 5735
692 5691
693 5687
694 6218
695 6209
696 5685
697 9853
698 8531
699 6825
700 4872
701 6213
702 5696
703 6209
704 5684
705 6215
706 5694
707 6213
708 5686
709 6202
710 5678
711 6223
712 5694
713 6202
714 5686
715 6211
716 5691
717 6198
718 5687
719 6207
720 5695
721 6208
722 5683
723 6217
724 5693
725 6212
726 5695
727 6157
728 5735
729 6168
730 5737
731 5697
732 5683
733 6210
734 6215
735 5690
736 5707
737 6213
738 6205
739 5691
740 9829
741 8540
742 6817
743 4876
744 6214
745 5689
746 6219
747 5687
748 6208
749 5693
750 6211
751 5693
752 6206
753 5683
754 6229
755 5692
756 6210
757 5685
758 6225
759 5693
760 6206
761 5688
762 6223
763 5693
764 6201
765 5685
766 6211
767 5684
768 6163
769 5731
770 6158
771 5736
772 5680
773 5691
774 6208
775 6209
776 5684
777 9853
778 8516
779 6821
780 4872
781 6212
782 5683
783 6214
784 5700
785 6209
786 5690
787 6215
788 5686
789 6202
790 5688
791 6205
792 5686
793 6198
794 5693
795 6225
796 5682
797 6230
798 5690
799 6206
800 5699
801 6216
802 5677
803 6176
804 5730
805 5685
806 5678
807 6203
808 6205
809 5691
810 5679
811 6197
812 6218
813 5695
814 9858
815 8530
816 6824
817 4871
818 6204
819 5688
820 6226
821 5686
822 6206
823 5689
824 6217
825 5695
826 6225
827 5681
828 6206
829 5685
830 6221
831 5693
832 6212
833 5691
834 6206
835 5688
836 6203
837 5688
838 6161
839 5730
840 6162
841 5736
842 5689
843 5688
844 6212
845 6219
846 5685
847 5685
848 6208
849 6217
850 5689
851 9856
852 8543
853 6823
854 4891
855 6206
856 5691
857 6210
858 5683
859 6216
860 5695
861 6206
862 5687
863 6201
864 5690
865 6204
866 5683
867 6201
868 5692
869 6221
870 5683
871 6201
872 5687
873 6225
874 5682
875 6208
876 5694
877 6155
878 5732
879 6161
880 5730
881 5687
882 5714
883 6230
884 5693
885 5691
886 6206
887 6216
888 5698
889 9845
890 8535
891 6830
892 4866
893 6210
894 5690
895 6205
896 5692
897 6208
898 5686
899 6211
900 5693
901 6218
902 5681
903 6206
904 5694
905 6210
906 5687
907 6209
908 5690
909 6207
910 5695
911 6202
912 5689
913 6214
914 5685
915 6155
916 5728
917 6165
918 5735
919 5686
920 5682
921 6212
922 6216
923 8652
924 9780
925 5558
926 4550
927 6846
928 5690
929 6218
930 5695
931 6216
932 5684
933 6203
934 5684
935 6208
936 5686
937 6218
938 5682
939 6200
940 5687
941 6216
942 5682
943 6205
944 5682
945 6208
946 5688
947 6159
948 5738
949 5694
950 5686
951 6225
952 6214
953 5791
954 5727
955 6221
956 5690
957 5692
958 6213
959 6220
960 5690
961 9839
962 8537
963 6819
964 4866
965 6218
966 5689
967 6221
968 5686
969 6205
970 5689
971 6211
972 5688
973 6214
974 5690
975 6209
976 5697
977 6209
978 5681
979 6197
980 5688
981 6230
982 5694
983 6215
984 5692
985 6163
986 5725
987 6161
988 5731
989 5686
990 5694
991 6210
992 6213
993 5692
994 5683
995 6209
996 6214
997 5684
998 5715
999 6211
# sum: 6104
# min: 4548
# max: 9867
# err cnt: 25
