4305 1
5900 3
5903 5
5904 6
5906 8
5907 9
5908 11
5909 13
5910 14
5911 15
5912 20
5913 24
5914 25
5915 31
5916 35
5917 41
5918 51
5919 64
5920 74
5921 89
5922 97
5923 108
5924 129
5925 157
5926 175
5927 196
5928 222
5929 250
5930 277
5931 319
5932 361
5933 398
5934 454
5935 496
5936 537
5937 589
5938 652
5939 722
5940 789
5941 855
5942 920
5943 996
5944 1074
5945 1157
5946 1241
5947 1324
5948 1435
5949 1527
5950 1615
5951 1726
5952 1830
5953 1935
5954 2029
5955 2140
5956 2275
5957 2387
5958 2486
5959 2609
5960 2741
5961 2873
5962 3000
5963 3110
5964 3248
5965 3390
5966 3519
5967 3647
5968 3789
5969 3929
5970 4080
5971 4212
5972 4371
5973 4521
5974 4665
5975 4813
5976 4952
5977 5089
5978 5226
5979 5374
5980 5525
5981 5660
5982 5794
5983 5921
5984 6055
5985 6199
5986 6323
5987 6468
5988 6593
5989 6747
5990 6868
5991 6995
5992 7102
5993 7220
5994 7317
5995 7431
5996 7536
5997 7645
5998 7744
5999 7837
6000 7937
6001 8032
6002 8115
6003 8197
6004 8278
6005 8341
6006 8407
6007 8474
6008 8523
6009 8569
6010 8623
6011 8662
6012 8718
6013 8758
6014 8794
6015 8848
6016 8904
6017 8936
6018 8969
6019 8992
6020 9019
6021 9043
6022 9077
6023 9101
6024 9123
6025 9147
6026 9164
6027 9188
6028 9205
6029 9218
6030 9240
6031 9265
6032 9280
6033 9291
6034 9307
6035 9323
6036 9334
6037 9344
6038 9353
6039 9359
6040 9365
6041 9368
6042 9375
6043 9383
6044 9389
6045 9397
6046 9408
6047 9419
6048 9422
6049 9427
6050 9431
6051 9437
6052 9441
6053 9447
6054 9451
6055 9454
6056 9459
6057 9461
6058 9464
6060 9469
6061 9471
6062 9472
6063 9478
6064 9481
6065 9484
6066 9486
6068 9488
6069 9493
6070 9499
6071 9501
6072 9503
6073 9507
6075 9509
6077 9512
6078 9514
6080 9518
6081 9524
6082 9528
6083 9532
6084 9534
6085 9538
6086 9539
6087 9541
6088 9544
6089 9547
6090 9550
6091 9551
6092 9552
6093 9554
6095 9557
6096 9559
6097 9561
6099 9562
6100 9568
6102 9569
6104 9572
6105 9573
6106 9574
6108 9575
6109 9576
6111 9577
6112 9578
6113 9580
6114 9581
6115 9583
6118 9585
6123 9588
6124 9589
6125 9591
6139 9592
6153 9593
6171 9594
6174 9595
7758 9596
7850 9597
7870 9598
7953 9599
7961 9600
7967 9601
7985 9602
8084 9603
8131 9604
8171 9605
8209 9606
8222 9607
8224 9608
8233 9609
8250 9610
8251 9611
8258 9612
8285 9613
8300 9614
8306 9615
8320 9616
8322 9617
8346 9618
8363 9619
8367 9620
8371 9621
8377 9622
8382 9623
8384 9624
8393 9625
8414 9626
8415 9628
8418 9629
8424 9630
8428 9631
8431 9632
8437 9633
8443 9634
8444 9636
8449 9638
8450 9639
8460 9641
8471 9642
8484 9643
8513 9644
8514 9645
8522 9646
8538 9647
8548 9648
8552 9649
8570 9650
8576 9652
8577 9653
8578 9654
8590 9655
8591 9658
8593 9660
8601 9661
8608 9662
8610 9663
8611 9664
8614 9666
8615 9667
8618 9668
8622 9670
8625 9671
8632 9672
8636 9673
8642 9674
8644 9675
8647 9676
8649 9677
8650 9678
8661 9679
8663 9680
8673 9681
8675 9682
8677 9683
8680 9684
8686 9685
8691 9686
8694 9687
8697 9688
8701 9689
8705 9690
8706 9691
8707 9692
8711 9693
8716 9694
8720 9695
8724 9696
8726 9697
8731 9698
8743 9699
8748 9700
8749 9701
8752 9702
8758 9703
8759 9705
8763 9706
8766 9707
8767 9708
8768 9709
8779 9710
8797 9711
8803 9712
8815 9713
8820 9714
8822 9715
8827 9716
8838 9717
8843 9718
8844 9719
8850 9720
8856 9721
8865 9722
8871 9724
8879 9725
8882 9726
8895 9727
8898 9728
8916 9730
8919 9731
8922 9732
8929 9733
8933 9734
8937 9735
8942 9736
8949 9737
8951 9738
8958 9739
8959 9740
8960 9742
8965 9743
8966 9744
8975 9745
8987 9747
8989 9749
9005 9750
9010 9751
9012 9753
9016 9754
9018 9755
9023 9756
9024 9757
9029 9758
9035 9760
9038 9761
9039 9762
9044 9763
9046 9764
9049 9765
9051 9766
9058 9767
9061 9768
9077 9769
9080 9770
9088 9771
9089 9772
9090 9773
9095 9774
9098 9775
9102 9776
9110 9777
9115 9778
9138 9779
9142 9780
9146 9781
9160 9783
9161 9784
9164 9785
9167 9786
9169 9787
9173 9788
9174 9789
9176 9790
9177 9791
9184 9792
9186 9793
9196 9794
9200 9795
9210 9796
9212 9797
9219 9799
9228 9800
9237 9801
9239 9802
9240 9803
9251 9804
9261 9805
9270 9806
9273 9807
9278 9808
9287 9809
9293 9810
9294 9811
9300 9813
9301 9814
9304 9815
9306 9816
9308 9817
9312 9818
9316 9820
9328 9821
9330 9822
9334 9823
9336 9824
9337 9825
9342 9826
9343 9828
9344 9830
9346 9831
9351 9832
9352 9833
9365 9834
9367 9835
9375 9837
9378 9838
9379 9839
9383 9840
9389 9841
9391 9842
9413 9843
9416 9844
9430 9845
9439 9846
9442 9848
9449 9849
9463 9850
9470 9851
9482 9853
9483 9854
9496 9855
9497 9856
9501 9857
9502 9858
9503 9859
9505 9860
9506 9861
9509 9862
9513 9863
9514 9864
9520 9865
9522 9866
9528 9867
9530 9869
9531 9871
9536 9872
9544 9874
9548 9875
9551 9877
9555 9878
9567 9879
9569 9880
9574 9881
9579 9882
9596 9883
9602 9885
9603 9886
9610 9888
9611 9889
9612 9890
9613 9892
9617 9894
9620 9895
9621 9896
9626 9897
9627 9898
9628 9899
9631 9900
9635 9901
9637 9902
9641 9903
9644 9904
9649 9906
9650 9908
9653 9909
9655 9911
9657 9912
9660 9913
9662 9914
9666 9916
9667 9918
9669 9919
9670 9921
9673 9923
9676 9924
9677 9925
9681 9926
9686 9927
9689 9928
9691 9929
9692 9930
9700 9932
9705 9933
9724 9934
9726 9935
9728 9937
9729 9938
9733 9939
9736 9940
9739 9941
9745 9942
9752 9943
9755 9944
9756 9945
9758 9947
9762 9948
9763 9949
9764 9951
9767 9952
9768 9954
9772 9955
9774 9957
9775 9958
9776 9959
9777 9960
9781 9961
9782 9962
9785 9963
9791 9964
9802 9965
9803 9966
9810 9968
9811 9969
9812 9970
9816 9971
9825 9972
9831 9973
9832 9974
9835 9975
9839 9976
9840 9977
9852 9978
9861 9979
9877 9980
9888 9981
9896 9982
9898 9983
9900 9984
9915 9985
9919 9986
9921 9987
9927 9988
9928 9989
9931 9990
9935 9991
9936 9992
9941 9993
9952 9994
9954 9995
9957 9996
9980 9997
9984 9999
9988 10000
