372 1
376 1
381 1
386 1
387 1
391 2
393 1
394 2
395 1
397 1
400 2
401 1
402 3
404 2
406 2
407 1
408 2
409 2
410 4
411 3
412 2
413 2
414 5
415 4
416 4
417 4
418 1
419 4
420 2
421 2
422 5
423 1
424 7
425 4
426 11
427 8
428 4
429 12
430 9
431 5
432 11
433 8
434 11
435 8
436 13
437 16
438 17
439 18
440 14
441 22
442 20
443 12
444 22
445 10
446 23
447 16
448 25
449 21
450 22
451 22
452 29
453 26
454 31
455 22
456 28
457 24
458 27
459 39
460 40
461 24
462 48
463 52
464 40
465 39
466 47
467 40
468 40
469 58
470 51
471 52
472 43
486 3
487 10
488 15
489 35
490 39
491 51
492 91
493 89
494 74
495 84
496 82
497 74
498 65
499 67
500 78
501 87
502 70
503 92
504 77
505 77
506 95
507 73
508 111
509 113
510 94
511 125
512 116
513 117
514 113
515 118
516 94
517 97
518 102
519 108
520 93
521 94
522 92
523 89
524 91
525 100
526 73
527 84
528 77
529 73
530 78
531 64
532 71
533 51
534 66
535 60
536 56
537 52
538 50
539 61
540 55
541 39
542 60
543 44
544 59
545 54
546 36
547 50
548 54
549 51
550 51
551 44
552 60
553 51
554 58
555 50
556 60
557 46
558 50
559 56
560 52
561 50
562 41
563 32
564 49
565 41
566 56
567 52
568 47
569 40
570 46
571 49
572 51
573 40
574 47
575 38
576 43
577 30
578 45
579 43
580 34
581 40
582 27
583 32
584 28
585 27
586 20
587 30
588 22
589 27
590 16
591 24
592 20
593 26
594 18
595 15
596 10
597 13
598 18
599 11
600 12
601 9
602 14
603 15
604 9
605 15
606 5
607 5
608 8
609 11
610 6
611 9
612 5
613 11
614 10
615 7
616 6
617 6
618 8
619 4
620 6
621 11
622 7
623 13
624 8
625 12
626 8
627 6
628 9
629 8
630 8
631 3
632 7
633 6
634 5
635 8
636 7
637 9
638 5
639 9
640 10
641 4
642 5
643 4
644 4
645 4
646 6
647 2
648 12
649 5
651 3
652 2
653 3
654 3
655 7
656 8
657 2
658 1
659 8
660 1
661 5
662 2
663 2
664 3
665 2
666 3
667 1
668 4
670 2
671 2
672 2
673 5
674 3
675 6
676 3
677 3
678 2
679 4
680 3
681 1
682 1
683 2
685 2
686 3
687 4
688 2
689 3
690 1
691 2
692 1
693 3
694 4
695 2
696 1
699 2
700 4
702 1
703 2
704 1
705 2
706 3
707 1
708 4
709 2
710 1
711 2
712 5
713 1
714 8
715 4
716 4
717 1
718 1
719 2
720 4
721 2
722 3
723 3
724 2
725 3
726 1
727 3
728 1
729 2
730 1
731 1
732 2
733 3
734 4
735 1
736 1
737 3
739 1
740 1
741 2
742 2
743 1
744 3
745 1
746 4
747 3
748 3
749 2
750 1
752 2
753 1
756 3
758 1
759 1
760 1
761 2
763 3
765 1
766 1
767 3
768 3
769 2
770 2
771 3
772 3
773 3
774 3
775 1
776 2
777 2
778 2
779 5
780 1
782 1
783 2
784 1
786 3
787 1
788 4
789 1
790 3
791 1
793 3
795 4
796 1
797 3
799 3
802 2
803 3
804 2
806 2
807 2
808 3
809 2
810 2
811 1
812 1
813 1
814 2
815 2
816 2
817 2
818 2
819 1
820 1
821 2
822 1
823 3
824 2
825 1
826 1
827 3
828 2
829 4
830 5
831 1
832 3
833 5
835 1
836 2
838 4
839 1
840 5
841 3
843 6
844 6
845 2
846 1
847 2
848 4
849 5
850 3
851 2
852 3
853 6
854 2
856 2
857 4
858 2
859 1
860 1
861 1
862 5
863 3
864 2
865 2
866 1
867 1
868 3
869 1
870 1
871 4
873 2
875 5
876 3
877 1
878 1
879 1
880 2
881 2
882 5
883 1
886 1
888 1
889 2
890 2
891 4
892 1
893 3
894 1
895 1
900 1
901 1
902 5
903 1
904 2
905 1
907 1
909 2
910 1
911 2
912 3
914 1
915 3
916 3
918 1
919 1
920 3
921 1
922 2
924 1
925 1
926 1
927 2
928 3
929 1
931 1
934 2
935 2
936 1
937 1
939 1
942 1
943 2
945 1
946 2
947 1
948 1
949 1
950 1
953 1
958 2
959 1
960 1
961 2
962 1
963 1
965 2
966 2
967 1
968 1
971 1
972 2
973 1
974 3
975 3
976 1
977 1
979 2
980 2
981 1
982 2
983 1
985 3
986 1
987 2
988 1
990 2
991 4
992 3
993 3
995 3
996 3
997 1
998 1
999 1
1001 1
1002 1
1003 2
1004 1
1005 1
1006 4
1007 1
1008 1
1010 1
1012 1
1013 1
1015 1
1016 1
1017 1
1018 1
1019 2
1021 1
1022 1
1024 1
1026 1
1027 1
1028 3
1029 1
1030 2
1031 1
1032 1
1033 2
1037 2
1038 3
1039 1
1040 2
1041 3
1042 1
1045 2
1047 2
1050 3
1051 1
1052 2
1053 2
1054 3
1055 1
1056 1
1057 1
1059 1
1060 1
1063 1
1064 2
1069 2
1070 1
1071 3
1072 3
1073 4
1074 1
1075 3
1076 1
1077 1
1078 3
1079 1
1080 1
1081 1
1082 2
1083 1
1084 1
1085 1
1086 2
1087 1
1091 1
1093 1
1096 1
1097 1
1098 2
1100 1
1101 1
1102 2
1103 1
1105 1
1106 1
1107 1
1109 2
1111 1
1115 1
1116 1
1117 1
1118 1
1119 1
1120 2
1121 1
1122 2
1124 2
1125 1
1126 1
1127 4
1128 2
1129 2
1130 1
1131 2
1132 1
1134 2
1136 4
1137 1
1139 2
1141 2
1142 1
1143 2
1144 1
1145 1
1149 1
1150 1
1151 1
1153 1
1154 2
1155 1
1156 1
1157 2
1158 2
1161 1
1162 1
1164 2
1165 2
1166 1
1167 3
1172 1
1173 1
1174 1
1175 1
1176 3
1179 2
1181 3
1182 3
1183 1
1185 1
1186 1
1187 2
1190 2
1191 1
1192 2
1194 2
1196 1
1197 3
1198 1
1199 1
1200 2
1201 1
1202 1
1203 1
1204 1
1205 1
1207 1
1208 1
1209 1
1210 2
1211 1
1212 3
1213 3
1215 2
1216 2
1217 2
1218 1
1220 1
1224 2
1225 1
1226 2
1230 4
1231 1
1232 1
1233 1
1234 1
1235 2
1236 3
1238 1
1239 1
1240 1
1241 1
1242 1
1243 2
1245 1
1247 2
1248 3
1250 2
1251 3
1253 1
1254 2
1255 2
1256 2
1258 1
1259 1
1260 1
1261 1
1262 1
1263 1
1264 2
1267 1
1270 1
1271 1
1272 1
1276 1
1277 2
1279 3
1280 1
1281 1
1282 1
1283 1
1286 1
1287 2
1288 1
1289 1
1293 2
1294 1
1295 1
1296 1
1299 1
1303 1
1308 1
1309 2
1310 2
1311 3
1313 1
1314 1
1315 1
1316 1
1317 1
1318 3
1320 1
1322 1
1323 2
1324 1
1326 2
1329 2
1330 3
1332 2
1333 1
1334 1
1336 1
1339 1
1340 1
1343 4
1344 2
1347 1
1348 1
1349 1
1352 1
1353 1
1355 1
1356 2
1357 1
1358 1
1359 2
1366 1
1368 2
1374 1
1379 2
1380 2
1381 4
1382 1
1383 2
1385 1
1386 4
1388 2
1390 2
1391 1
1392 1
1396 1
1398 3
1399 1
1400 1
1401 1
1402 1
1403 2
1406 1
1410 1
1412 2
1413 2
1415 1
1416 1
1419 1
1421 2
1422 2
1423 2
1427 1
1429 2
1430 1
1431 2
1432 2
1435 2
1440 1
1442 3
1443 1
1444 2
1445 1
1446 2
1447 1
1448 1
1449 1
1451 1
1452 1
1453 1
1457 1
1458 2
1459 1
1461 1
1462 2
1463 3
1464 3
1466 1
1468 3
1470 2
1488 2
1491 2
1492 1
1494 1
1495 2
1497 1
1504 1
1507 1
1509 1
1511 1
1513 2
1514 1
1516 2
1517 1
1518 1
1519 1
1520 1
1521 2
1522 1
1523 1
1524 1
1525 1
1532 1
1533 1
1534 1
1535 1
1537 1
1538 2
1539 1
1540 2
1541 2
1542 3
1543 2
1545 1
1548 1
1549 2
1550 1
1553 1
1562 1
1563 1
1566 1
1567 2
1568 1
1570 1
1571 2
1572 2
1573 2
1579 2
1580 1
1581 3
1584 1
1585 1
1587 1
1588 1
1590 1
1592 1
1593 1
1594 3
1595 1
1596 3
1597 1
1598 1
1599 1
1600 1
1602 1
1603 1
1604 1
1605 2
1608 3
1613 3
1615 3
1616 1
1622 1
1623 1
1626 1
1631 3
1634 2
1635 1
1636 1
1637 2
1641 2
1644 1
1645 1
1648 1
1650 3
1651 1
1652 1
1653 1
1654 2
1662 2
1666 3
1667 1
1672 1
1675 2
1676 1
1678 1
1679 1
1680 1
1681 1
1684 2
1686 1
1687 1
1688 2
1690 1
1691 1
1692 2
1693 1
1696 3
1700 1
1702 2
1705 4
1708 1
1709 4
1710 3
1712 1
1715 2
1717 2
1718 1
1719 1
1720 1
1722 1
1724 2
1725 1
1726 2
1727 2
1729 1
1730 1
1732 1
1733 1
1734 2
1735 1
1736 2
1738 1
1740 2
1743 1
1744 1
1745 1
1746 3
1747 1
1748 2
1750 2
1753 1
1754 1
1756 1
1758 2
1760 1
1761 1
1762 1
1765 1
1767 1
1773 1
1775 1
1777 3
1784 2
1785 1
1788 2
1789 1
1790 1
1791 1
1792 1
1794 1
1797 1
1798 1
1799 2
1800 1
1802 1
1808 1
1809 1
1812 1
1815 2
1822 2
1825 1
1827 2
1828 1
1832 1
1834 2
1835 1
1837 1
1839 1
1840 1
1841 1
1842 1
1851 1
1858 2
1860 1
1865 1
1867 1
1868 1
1870 1
1874 2
1875 1
1877 2
1878 1
1880 1
1881 1
1882 1
1883 1
1886 1
1887 1
1889 1
1890 1
1892 3
1893 1
1894 1
1896 2
1897 1
1899 1
1901 1
1904 2
1905 4
1914 1
1916 1
1923 1
1925 1
1927 1
1932 1
1933 1
1934 1
1936 1
1937 1
1940 1
1947 1
1948 1
1950 1
1952 2
1954 1
1959 3
1960 1
1962 2
1964 3
1966 2
1969 1
1970 1
1973 1
1977 1
1984 1
1985 1
1986 2
1988 2
1991 1
1994 1
1996 1
1999 2
2003 2
2004 1
2006 1
2008 1
2009 4
2012 1
2017 1
2018 2
2022 1
2024 1
2025 1
2028 3
2030 1
2034 1
2037 1
2039 2
2048 1
2049 2
2053 2
2054 1
2057 2
2058 2
2060 1
2062 1
2069 1
2074 1
2077 2
2081 1
2083 2
2085 2
2086 1
2090 2
2094 1
2099 1
2101 1
2102 1
2105 1
2109 1
2110 2
2115 1
2116 1
2118 1
2120 1
2122 1
2123 1
2132 1
2137 1
2138 1
2140 2
2141 1
2142 1
2145 1
2149 1
2161 1
2162 2
2169 1
2171 1
2172 1
2178 1
2179 1
2181 1
2183 1
2184 1
2185 1
2186 2
2187 1
2189 1
2190 1
2191 1
2192 1
2193 2
2197 1
2200 1
2202 1
2205 2
2209 1
2210 1
2212 1
2213 1
2214 2
2216 1
2217 1
2223 1
2224 1
2226 1
2227 1
2228 1
2229 1
2230 2
2231 2
2233 2
2235 3
2238 1
2240 1
2244 1
2246 1
2248 1
2253 1
2255 1
2258 1
2259 2
2260 1
2261 1
2263 2
2271 1
2272 1
2274 1
2277 1
2280 1
2286 1
2287 1
2290 1
2292 1
2294 1
2297 1
2299 2
2300 1
2301 1
2305 1
2306 1
2307 1
2308 1
2310 1
2311 1
2312 2
2313 1
2318 1
2319 1
2323 1
2324 1
2330 1
2333 1
2336 1
2338 1
2341 2
2344 2
2347 1
2355 3
2363 2
2370 1
2371 1
2372 1
2376 1
2377 2
2379 1
2380 1
2382 1
2383 1
2391 1
2396 1
2398 2
2399 1
2404 1
2406 1
2411 1
2421 1
2428 2
2432 4
2436 2
2446 1
2451 1
2458 1
2463 1
2465 1
2466 1
2469 2
2471 1
2509 1
2510 1
2515 2
2516 1
2521 1
2528 2
2530 1
2545 1
2552 1
2558 1
2566 1
2568 1
2569 1
2575 1
2579 1
2581 1
2582 1
2585 1
2591 1
2592 1
2593 1
2598 2
2599 1
2602 1
2606 1
2607 1
2609 1
2613 1
2614 1
2631 1
2637 1
2638 1
2645 1
2659 1
2660 1
2661 1
2663 1
2665 1
2673 2
2674 1
2675 2
2687 1
2688 1
2692 1
2699 1
2711 1
2718 1
2720 1
2725 1
2729 2
2730 1
2732 1
2756 1
2758 2
2760 1
2764 1
2780 1
2784 1
2788 1
2796 1
2800 1
2802 1
2808 1
2818 1
2831 1
2834 1
2836 1
2837 1
2838 1
2842 1
2843 1
2848 1
2852 1
2862 1
2893 1
2897 1
2902 1
2905 1
2910 1
2917 1
2935 1
2937 1
2971 1
2985 1
2987 1
2992 1
