4056 8
4057 51
4058 101
4059 602
4060 1893
4061 3036
4062 3458
4063 3685
4064 3848
4065 4053
4066 4450
4067 4865
4068 5119
4069 5245
4070 5318
4071 5367
4072 5395
4073 5416
4074 5432
4075 5455
4076 5549
4077 5659
4078 5696
4079 5710
4080 5724
4081 5740
4082 5766
4083 5790
4084 5807
4085 5819
4086 5831
4087 6054
4088 6483
4089 6621
4090 6638
4091 6679
4092 6730
4093 6783
4094 6804
4095 6815
4096 6821
4097 6823
4098 6827
4099 6829
4100 6832
4101 6840
4102 6874
4103 7006
4104 7055
4105 7069
4106 7074
4107 7094
4108 7110
4109 7115
4110 7120
4111 7121
4112 7122
4113 7123
4115 7124
4116 7125
4118 7126
4119 7128
4120 7129
4121 7130
4122 7131
4124 7132
4125 7133
4128 7134
4130 7135
4131 7137
4132 7138
4133 7139
4134 7140
4140 7141
4142 7142
4143 7143
4144 7148
4145 7153
4146 7164
4147 7198
4148 7296
4149 7340
4150 7364
4151 7380
4152 7390
4153 7406
4154 7418
4155 7440
4156 7452
4157 7458
4159 7462
4160 7463
4161 7475
4162 7506
4163 7586
4164 7630
4165 7657
4166 7667
4167 7672
4168 7678
4169 7691
4170 7703
4171 7708
4172 7713
4173 7715
4175 7718
4176 7720
4178 7721
4179 7724
4180 7729
4181 7737
4182 7765
4183 7836
4184 8022
4185 8102
4186 8124
4187 8140
4188 8149
4189 8165
4190 8180
4191 8212
4192 8236
4193 8254
4194 8259
4195 8262
4196 8264
4197 8266
4198 8268
4200 8270
4201 8271
4202 8273
4204 8274
4208 8275
4210 8276
4211 8277
4213 8278
4216 8279
4217 8287
4218 8371
4219 8477
4220 8497
4221 8505
4222 8513
4223 8516
4225 8520
4226 8523
4227 8524
4228 8526
4246 8527
4247 8531
4248 8582
4249 8639
4250 8655
4251 8704
4252 8752
4253 8776
4254 8805
4255 8863
4256 8897
4257 8930
4258 8992
4259 9038
4260 9054
4261 9064
4262 9074
4263 9081
4264 9083
4265 9085
4268 9087
4269 9088
4270 9090
4271 9091
4272 9098
4273 9102
4274 9126
4275 9213
4276 9363
4277 9441
4278 9460
4279 9476
4280 9485
4281 9512
4282 9547
4283 9570
4284 9589
4285 9594
4286 9608
4287 9613
4288 9625
4289 9658
4290 9675
4291 9678
4292 9682
4293 9683
4294 9689
4297 9691
4298 9692
4299 9699
4300 9702
4301 9704
4302 9705
4307 9706
4308 9707
4309 9709
4310 9712
4311 9723
4312 9734
4313 9790
4314 9836
4315 9841
4316 9844
4317 9853
4318 9856
4319 9858
4320 9860
4321 9862
4325 9863
4328 9864
4329 9865
4330 9886
4331 9908
4332 9923
4333 9928
4334 9929
4335 9931
4336 9932
4337 9933
4338 9935
4339 9937
4340 9938
4342 9939
4343 9940
4345 9941
4346 9943
4349 9944
4354 9945
4360 9946
4361 9948
4373 9950
4374 9951
4386 9952
4398 9953
4402 9954
4407 9955
4418 9956
4426 9957
4427 9961
4428 9977
4429 9987
4430 9989
4431 9990
4432 9992
4434 9993
4436 9994
4437 9995
4440 9996
4461 9997
4490 9998
4511 9999
4544 10000
