0 17
1 15
2 15
3 14
4 15
5 15
6 14
7 13
8 14
9 14
10 15
11 14
12 14
13 15
14 14
15 13
16 14
17 13
18 14
19 13
20 13
21 14
22 13
23 14
24 13
25 14
26 14
27 14
28 14
29 14
30 13
31 15
32 14
33 15
34 12
35 13
36 13
37 14
38 13
39 14
40 13
41 13
42 13
43 13
44 13
45 13
46 14
47 13
48 13
49 13
50 13
51 13
52 13
53 14
54 14
55 14
56 13
57 15
58 12
59 14
60 14
61 15
62 14
63 15
64 15
65 15
66 14
67 14
68 14
69 14
70 14
71 15
72 13
73 15
74 15
75 15
76 14
77 14
78 14
79 14
80 14
81 15
82 14
83 16
84 14
85 15
86 13
87 14
88 14
89 14
90 13
91 14
92 14
93 14
94 14
95 13
96 14
97 12
98 14
99 13
100 13
101 13
102 14
103 13
104 14
105 15
106 14
107 13
108 14
109 15
110 15
111 13
112 12
113 15
114 14
115 14
116 13
117 14
118 14
119 15
120 15
121 13
122 15
123 15
124 13
125 13
126 14
127 13
128 13
129 13
130 13
131 15
132 15
133 14
134 14
135 15
136 13
137 14
138 13
139 13
140 14
141 14
142 13
143 13
144 14
145 14
146 14
147 13
148 13
149 14
150 14
151 14
152 13
153 13
154 13
155 13
156 14
157 14
158 14
159 14
160 14
161 15
162 13
163 13
164 14
165 14
166 14
167 14
168 14
169 13
170 13
171 14
172 14
173 14
174 15
175 14
176 14
177 14
178 15
179 13
180 14
181 14
182 13
183 14
184 13
185 13
186 13
187 14
188 13
189 13
190 14
191 14
192 15
193 15
194 13
195 14
196 13
197 13
198 13
199 13
200 12
201 12
202 13
203 13
204 12
205 14
206 13
207 14
208 13
209 13
210 14
211 14
212 13
213 14
214 13
215 14
216 14
217 14
218 14
219 13
220 13
221 14
222 13
223 15
224 14
225 13
226 13
227 14
228 14
229 14
230 13
231 14
232 13
233 13
234 13
235 14
236 14
237 13
238 13
239 12
240 14
241 15
242 14
243 14
244 14
245 15
246 14
247 13
248 13
249 13
250 14
251 14
252 13
253 13
254 13
255 14
256 14
257 13
258 13
259 13
260 13
261 13
262 13
263 13
264 13
265 13
266 13
267 13
268 13
269 14
270 13
271 14
272 14
273 14
274 13
275 13
276 13
277 13
278 13
279 14
280 14
281 14
282 14
283 14
284 14
285 13
286 13
287 15
288 13
289 14
290 14
291 14
292 14
293 13
294 14
295 15
296 14
297 15
298 14
299 13
300 13
301 13
302 14
303 14
304 14
305 14
306 14
307 15
308 14
309 15
310 14
311 14
312 15
313 15
314 14
315 14
316 15
317 14
318 15
319 15
320 14
321 14
322 14
323 13
324 13
325 13
326 13
327 13
328 13
329 13
330 14
331 14
332 13
333 13
334 13
335 13
336 14
337 14
338 13
339 15
340 13
341 12
342 12
343 13
344 14
345 15
346 13
347 13
348 14
349 15
350 14
351 15
352 13
353 13
354 14
355 14
356 13
357 14
358 13
359 13
360 13
361 14
362 14
363 14
364 14
365 14
366 14
367 15
368 14
369 15
370 13
371 14
372 13
373 15
374 14
375 13
376 13
377 15
378 13
379 15
380 14
381 13
382 12
383 13
384 14
385 14
386 14
387 13
388 13
389 13
390 14
391 14
392 15
393 14
394 13
395 12
396 13
397 14
398 15
399 15
400 14
401 13
402 13
403 13
404 13
405 14
406 13
407 13
408 12
409 13
410 13
411 14
412 14
413 15
414 13
415 14
416 13
417 13
418 13
419 14
420 14
421 13
422 13
423 14
424 13
425 13
426 13
427 14
428 14
429 13
430 14
431 14
432 13
433 13
434 14
435 14
436 14
437 14
438 14
439 14
440 13
441 13
442 14
443 14
444 12
445 14
446 13
447 14
448 13
449 14
450 12
451 14
452 13
453 14
454 13
455 14
456 13
457 13
458 13
459 14
460 14
461 13
462 14
463 15
464 14
465 14
466 16
467 15
468 15
469 15
470 15
471 13
472 13
473 14
474 14
475 15
476 13
477 13
478 13
479 15
480 14
481 14
482 14
483 13
484 13
485 13
486 13
487 14
488 14
489 14
490 14
491 14
492 13
493 14
494 13
495 14
496 13
497 14
498 14
499 14
500 15
501 14
502 15
503 14
504 14
505 14
506 13
507 14
508 14
509 14
510 14
511 14
512 14
513 15
514 14
515 13
516 13
517 14
518 13
519 13
520 13
521 13
522 13
523 13
524 13
525 14
526 13
527 13
528 14
529 14
530 13
531 14
532 14
533 13
534 13
535 13
536 12
537 13
538 13
539 13
540 14
541 13
542 13
543 14
544 14
545 13
546 13
547 13
548 14
549 15
550 14
551 14
552 13
553 14
554 13
555 14
556 14
557 14
558 13
559 15
560 14
561 15
562 14
563 14
564 14
565 14
566 14
567 14
568 14
569 14
570 14
571 14
572 14
573 13
574 14
575 14
576 13
577 11
578 14
579 15
580 14
581 15
582 15
583 13
584 13
585 14
586 14
587 15
588 14
589 14
590 13
591 15
592 13
593 14
594 13
595 13
596 13
597 14
598 13
599 14
600 15
601 14
602 13
603 14
604 13
605 14
606 14
607 15
608 13
609 14
610 15
611 16
612 13
613 15
614 14
615 14
616 14
617 16
618 15
619 15
620 14
621 13
622 14
623 14
624 14
625 14
626 13
627 13
628 13
629 13
630 14
631 14
632 13
633 14
634 13
635 14
636 13
637 13
638 13
639 13
640 13
641 14
642 14
643 14
644 14
645 15
646 13
647 15
648 14
649 14
650 14
651 14
652 13
653 14
654 13
655 13
656 14
657 14
658 13
659 14
660 14
661 15
662 13
663 13
664 13
665 13
666 14
667 15
668 13
669 15
670 14
671 13
672 13
673 14
674 13
675 15
676 17
677 13
678 15
679 15
680 14
681 13
682 14
683 14
684 13
685 13
686 14
687 15
688 13
689 14
690 13
691 13
692 13
693 13
694 13
695 14
696 14
697 14
698 14
699 13
700 14
701 14
702 14
703 15
704 13
705 13
706 14
707 13
708 13
709 13
710 14
711 14
712 14
713 14
714 14
715 14
716 14
717 14
718 13
719 15
720 14
721 14
722 14
723 14
724 13
725 14
726 14
727 15
728 14
729 13
730 14
731 14
732 14
733 14
734 13
735 14
736 13
737 14
738 13
739 14
740 13
741 14
742 14
743 14
744 14
745 15
746 13
747 14
748 13
749 13
750 14
751 15
752 13
753 14
754 14
755 15
756 14
757 14
758 14
759 15
760 13
761 15
762 13
763 14
764 13
765 14
766 14
767 14
768 14
769 15
770 14
771 14
772 13
773 14
774 14
775 14
776 14
777 14
778 13
779 14
780 14
781 13
782 13
783 14
784 14
785 13
786 13
787 14
788 13
789 14
790 14
791 14
792 14
793 14
794 14
795 14
796 13
797 14
798 14
799 15
800 14
801 14
802 13
803 14
804 13
805 14
806 15
807 13
808 13
809 15
810 14
811 14
812 14
813 15
814 14
815 14
816 14
817 14
818 13
819 13
820 13
821 15
822 14
823 15
824 14
825 15
826 14
827 14
828 13
829 13
830 14
831 14
832 13
833 14
834 14
835 14
836 13
837 14
838 14
839 13
840 14
841 14
842 14
843 14
844 14
845 14
846 14
847 14
848 14
849 13
850 13
851 14
852 14
853 14
854 13
855 14
856 14
857 15
858 14
859 13
860 13
861 14
862 13
863 13
864 13
865 14
866 15
867 14
868 14
869 14
870 14
871 14
872 15
873 14
874 13
875 13
876 13
877 13
878 13
879 14
880 14
881 15
882 14
883 15
884 14
885 13
886 14
887 14
888 14
889 14
890 13
891 13
892 13
893 14
894 13
895 13
896 13
897 14
898 14
899 14
900 14
901 14
902 32
903 25
904 17
905 19
906 18
907 37
908 14
909 15
910 16
911 15
912 14
913 16
914 14
915 14
916 13
917 14
918 14
919 14
920 13
921 14
922 14
923 13
924 14
925 14
926 14
927 14
928 13
929 15
930 15
931 15
932 13
933 13
934 13
935 15
936 13
937 13
938 14
939 14
940 14
941 15
942 13
943 14
944 14
945 13
946 13
947 13
948 13
949 13
950 14
951 15
952 14
953 13
954 13
955 13
956 14
957 15
958 13
959 13
960 13
961 14
962 15
963 14
964 13
965 14
966 14
967 14
968 14
969 13
970 13
971 14
972 13
973 13
974 13
975 14
976 14
977 15
978 16
979 15
980 15
981 14
982 15
983 15
984 14
985 13
986 15
987 13
988 14
989 14
990 14
991 14
992 14
993 14
994 14
995 14
996 13
997 13
998 14
999 15
1000 13
1001 14
1002 14
1003 14
1004 14
1005 13
1006 15
1007 14
1008 14
1009 14
1010 15
1011 13
1012 13
1013 15
1014 14
1015 14
1016 14
1017 14
1018 13
1019 13
1020 13
1021 13
1022 14
1023 14
1024 12
1025 13
1026 14
1027 13
1028 12
1029 14
1030 13
1031 13
1032 13
1033 13
1034 14
1035 14
1036 13
1037 13
1038 12
1039 15
1040 14
1041 14
1042 14
1043 14
1044 13
1045 13
1046 13
1047 14
1048 14
1049 14
1050 14
1051 14
1052 14
1053 14
1054 13
1055 16
1056 13
1057 14
1058 13
1059 14
1060 14
1061 14
1062 13
1063 14
1064 14
1065 14
1066 13
1067 12
1068 13
1069 14
1070 13
1071 13
1072 14
1073 14
1074 13
1075 15
1076 13
1077 15
1078 14
1079 15
1080 13
1081 13
1082 14
1083 13
1084 14
1085 15
1086 13
1087 14
1088 13
1089 13
1090 13
1091 14
1092 14
1093 15
1094 13
1095 13
1096 13
1097 14
1098 13
1099 14
1100 14
1101 14
1102 15
1103 13
1104 14
1105 14
1106 13
1107 13
1108 13
1109 14
1110 15
1111 13
1112 14
1113 14
1114 14
1115 13
1116 15
1117 16
1118 13
1119 14
1120 14
1121 14
1122 14
1123 14
1124 14
1125 13
1126 13
1127 15
1128 14
1129 13
1130 13
1131 13
1132 15
1133 15
1134 14
1135 15
1136 14
1137 15
1138 14
1139 15
1140 15
1141 14
1142 14
1143 13
1144 14
1145 14
1146 14
1147 14
1148 14
1149 14
1150 13
1151 14
1152 13
1153 14
1154 14
1155 14
1156 14
1157 13
1158 14
1159 14
1160 13
1161 14
1162 13
1163 13
1164 12
1165 13
1166 13
1167 15
1168 14
1169 14
1170 14
1171 15
1172 15
1173 13
1174 13
1175 14
1176 13
1177 14
1178 13
1179 13
1180 14
1181 13
1182 14
1183 15
1184 13
1185 13
1186 13
1187 14
1188 14
1189 14
1190 13
1191 13
1192 13
1193 14
1194 13
1195 13
1196 13
1197 13
1198 13
1199 14
1200 14
1201 13
1202 13
1203 13
1204 14
1205 14
1206 14
1207 14
1208 14
1209 14
1210 15
1211 14
1212 13
1213 15
1214 13
1215 14
1216 14
1217 14
1218 14
1219 15
1220 14
1221 13
1222 14
1223 13
1224 14
1225 14
1226 14
1227 15
1228 14
1229 13
1230 13
1231 14
1232 13
1233 12
1234 13
1235 12
1236 13
1237 13
1238 14
1239 14
1240 15
1241 14
1242 15
1243 15
1244 13
1245 12
1246 13
1247 15
1248 14
1249 14
1250 13
1251 13
1252 13
1253 13
1254 13
1255 14
1256 14
1257 14
1258 13
1259 14
1260 14
1261 14
1262 14
1263 14
1264 14
1265 15
1266 13
1267 13
1268 13
1269 13
1270 13
1271 12
1272 14
1273 13
1274 14
1275 15
1276 14
1277 14
1278 13
1279 14
1280 12
1281 14
1282 13
1283 14
1284 13
1285 14
1286 13
1287 14
1288 13
1289 13
1290 13
1291 13
1292 13
1293 13
1294 13
1295 13
1296 13
1297 13
1298 13
1299 14
1300 13
1301 14
1302 14
1303 15
1304 14
1305 14
1306 14
1307 13
1308 13
1309 14
1310 14
1311 15
1312 14
1313 15
1314 15
1315 15
1316 14
1317 13
1318 13
1319 13
1320 13
1321 14
1322 15
1323 13
1324 13
1325 14
1326 13
1327 14
1328 13
1329 15
1330 13
1331 15
1332 14
1333 15
1334 14
1335 14
1336 13
1337 15
1338 15
1339 14
1340 15
1341 15
1342 13
1343 15
1344 14
1345 13
1346 14
1347 15
1348 14
1349 13
1350 14
1351 14
1352 15
1353 14
1354 14
1355 13
1356 14
1357 13
1358 14
1359 14
1360 13
1361 14
1362 14
1363 14
1364 14
1365 15
1366 14
1367 14
1368 13
1369 16
1370 13
1371 13
1372 15
1373 14
1374 13
1375 14
1376 13
1377 13
1378 13
1379 14
1380 14
1381 14
1382 14
1383 12
1384 13
1385 14
1386 13
1387 13
1388 13
1389 14
1390 14
1391 13
1392 13
1393 13
1394 13
1395 14
1396 12
1397 13
1398 16
1399 15
1400 14
1401 13
1402 14
1403 13
1404 13
1405 14
1406 15
1407 15
1408 13
1409 14
1410 15
1411 13
1412 14
1413 13
1414 13
1415 14
1416 12
1417 14
1418 13
1419 14
1420 14
1421 13
1422 13
1423 14
1424 14
1425 13
1426 13
1427 14
1428 13
1429 13
1430 13
1431 13
1432 12
1433 13
1434 13
1435 13
1436 14
1437 13
1438 13
1439 14
1440 14
1441 14
1442 13
1443 13
1444 13
1445 14
1446 13
1447 14
1448 13
1449 15
1450 14
1451 14
1452 14
1453 13
1454 13
1455 14
1456 13
1457 13
1458 13
1459 14
1460 14
1461 14
1462 13
1463 13
1464 13
1465 13
1466 13
1467 14
1468 13
1469 13
1470 13
1471 15
1472 14
1473 15
1474 13
1475 13
1476 13
1477 14
1478 13
1479 15
1480 14
1481 15
1482 15
1483 14
1484 14
1485 14
1486 13
1487 13
1488 13
1489 14
1490 14
1491 15
1492 14
1493 13
1494 15
1495 14
1496 14
1497 13
1498 13
1499 14
1500 14
1501 15
1502 14
1503 14
1504 13
1505 12
1506 13
1507 13
1508 14
1509 12
1510 14
1511 14
1512 13
1513 13
1514 14
1515 13
1516 13
1517 14
1518 13
1519 13
1520 13
1521 13
1522 13
1523 13
1524 12
1525 14
1526 14
1527 13
1528 13
1529 13
1530 13
1531 13
1532 12
1533 13
1534 13
1535 14
1536 14
1537 15
1538 14
1539 14
1540 14
1541 14
1542 14
1543 13
1544 13
1545 13
1546 13
1547 13
1548 14
1549 13
1550 13
1551 13
1552 13
1553 13
1554 14
1555 14
1556 14
1557 14
1558 13
1559 14
1560 14
1561 13
1562 13
1563 14
1564 14
1565 14
1566 13
1567 13
1568 15
1569 14
1570 14
1571 14
1572 12
1573 14
1574 12
1575 14
1576 13
1577 13
1578 14
1579 15
1580 14
1581 14
1582 14
1583 15
1584 15
1585 13
1586 13
1587 13
1588 15
1589 13
1590 13
1591 14
1592 14
1593 15
1594 13
1595 13
1596 13
1597 13
1598 13
1599 15
1600 14
1601 13
1602 13
1603 14
1604 13
1605 14
1606 13
1607 14
1608 14
1609 14
1610 15
1611 14
1612 13
1613 15
1614 13
1615 15
1616 15
1617 14
1618 13
1619 14
1620 13
1621 14
1622 15
1623 14
1624 13
1625 13
1626 13
1627 15
1628 14
1629 14
1630 14
1631 13
1632 13
1633 13
1634 12
1635 13
1636 13
1637 14
1638 13
1639 15
1640 14
1641 14
1642 13
1643 13
1644 14
1645 13
1646 13
1647 15
1648 13
1649 13
1650 13
1651 14
1652 15
1653 13
1654 13
1655 14
1656 13
1657 15
1658 14
1659 14
1660 13
1661 14
1662 13
1663 14
1664 13
1665 14
1666 14
1667 14
1668 14
1669 16
1670 14
1671 13
1672 12
1673 13
1674 13
1675 15
1676 15
1677 16
1678 14
1679 15
1680 14
1681 14
1682 14
1683 14
1684 14
1685 14
1686 14
1687 15
1688 14
1689 14
1690 14
1691 14
1692 13
1693 14
1694 14
1695 14
1696 14
1697 13
1698 13
1699 13
1700 13
1701 13
1702 13
1703 14
1704 13
1705 14
1706 14
1707 14
1708 14
1709 14
1710 15
1711 15
1712 14
1713 12
1714 14
1715 15
1716 14
1717 13
1718 14
1719 13
1720 12
1721 13
1722 13
1723 13
1724 13
1725 13
1726 14
1727 13
1728 14
1729 13
1730 14
1731 13
1732 13
1733 13
1734 13
1735 14
1736 13
1737 14
1738 13
1739 15
1740 13
1741 14
1742 13
1743 15
1744 15
1745 14
1746 14
1747 14
1748 15
1749 13
1750 14
1751 13
1752 13
1753 13
1754 13
1755 15
1756 13
1757 14
1758 14
1759 15
1760 13
1761 14
1762 13
1763 14
1764 13
1765 14
1766 14
1767 14
1768 13
1769 14
1770 14
1771 13
1772 14
1773 14
1774 13
1775 14
1776 14
1777 15
1778 14
1779 14
1780 14
1781 15
1782 14
1783 14
1784 12
1785 13
1786 13
1787 13
1788 13
1789 14
1790 13
1791 14
1792 13
1793 14
1794 14
1795 14
1796 13
1797 14
1798 13
1799 13
1800 13
1801 14
1802 13
1803 13
1804 13
1805 13
1806 13
1807 14
1808 14
1809 13
1810 14
1811 13
1812 15
1813 12
1814 13
1815 14
1816 13
1817 13
1818 13
1819 14
1820 14
1821 13
1822 14
1823 13
1824 14
1825 13
1826 14
1827 14
1828 14
1829 13
1830 13
1831 14
1832 14
1833 15
1834 12
1835 13
1836 14
1837 13
1838 14
1839 14
1840 14
1841 14
1842 15
1843 13
1844 13
1845 15
1846 14
1847 14
1848 15
1849 12
1850 13
1851 14
1852 14
1853 14
1854 13
1855 13
1856 13
1857 14
1858 13
1859 15
1860 13
1861 13
1862 13
1863 14
1864 14
1865 14
1866 13
1867 14
1868 14
1869 14
1870 14
1871 14
1872 13
1873 14
1874 13
1875 14
1876 14
1877 14
1878 14
1879 15
1880 14
1881 13
1882 13
1883 13
1884 14
1885 13
1886 13
1887 13
1888 13
1889 14
1890 14
1891 13
1892 14
1893 14
1894 13
1895 13
1896 14
1897 15
1898 14
1899 15
1900 14
1901 14
1902 14
1903 14
1904 14
1905 14
1906 15
1907 13
1908 31
1909 25
1910 20
1911 19
1912 17
1913 41
1914 19
1915 15
1916 14
1917 14
1918 14
1919 16
1920 14
1921 12
1922 13
1923 15
1924 13
1925 15
1926 14
1927 13
1928 14
1929 15
1930 14
1931 12
1932 13
1933 14
1934 14
1935 13
1936 13
1937 14
1938 14
1939 15
1940 14
1941 14
1942 13
1943 13
1944 14
1945 14
1946 13
1947 14
1948 14
1949 13
1950 14
1951 16
1952 14
1953 14
1954 15
1955 15
1956 13
1957 13
1958 14
1959 15
1960 14
1961 14
1962 13
1963 13
1964 13
1965 14
1966 13
1967 13
1968 13
1969 14
1970 13
1971 14
1972 13
1973 14
1974 13
1975 14
1976 14
1977 14
1978 12
1979 14
1980 14
1981 13
1982 13
1983 14
1984 14
1985 14
1986 13
1987 14
1988 14
1989 14
1990 13
1991 14
1992 13
1993 14
1994 14
1995 14
1996 13
1997 13
1998 13
1999 12
2000 14
2001 13
2002 15
2003 15
2004 15
2005 16
2006 15
2007 15
2008 14
2009 15
2010 15
2011 15
2012 12
2013 12
2014 15
2015 15
2016 13
2017 13
2018 13
2019 13
2020 14
2021 14
2022 13
2023 15
2024 13
2025 13
2026 14
2027 14
2028 13
2029 14
2030 14
2031 15
2032 15
2033 15
2034 14
2035 15
2036 14
2037 14
2038 13
2039 15
2040 13
2041 13
2042 13
2043 14
2044 14
2045 13
2046 14
2047 13
2048 13
2049 13
2050 14
2051 14
2052 13
2053 14
2054 14
2055 15
2056 13
2057 15
2058 14
2059 15
2060 14
2061 15
2062 14
2063 14
2064 14
2065 12
2066 12
2067 12
2068 13
2069 12
2070 12
2071 14
2072 13
2073 13
2074 14
2075 13
2076 14
2077 14
2078 14
2079 14
2080 14
2081 13
2082 12
2083 13
2084 13
2085 14
2086 14
2087 14
2088 14
2089 14
2090 14
2091 14
2092 13
2093 13
2094 12
2095 13
2096 13
2097 14
2098 14
2099 13
2100 14
2101 14
2102 14
2103 14
2104 15
2105 14
2106 15
2107 14
2108 14
2109 13
2110 14
2111 13
2112 12
2113 12
2114 15
2115 13
2116 13
2117 14
2118 14
2119 15
2120 14
2121 14
2122 14
2123 13
2124 13
2125 12
2126 13
2127 14
2128 12
2129 14
2130 13
2131 14
2132 14
2133 14
2134 14
2135 14
2136 14
2137 13
2138 13
2139 13
2140 13
2141 14
2142 13
2143 15
2144 13
2145 13
2146 13
2147 14
2148 14
2149 14
2150 15
2151 13
2152 14
2153 14
2154 13
2155 14
2156 13
2157 14
2158 13
2159 13
2160 13
2161 15
2162 13
2163 13
2164 13
2165 15
2166 13
2167 14
2168 13
2169 14
2170 14
2171 13
2172 13
2173 13
2174 12
2175 14
2176 13
2177 15
2178 13
2179 14
2180 13
2181 13
2182 14
2183 14
2184 14
2185 15
2186 14
2187 14
2188 14
2189 14
2190 14
2191 15
2192 14
2193 12
2194 13
2195 12
2196 13
2197 13
2198 14
2199 14
2200 13
2201 13
2202 13
2203 14
2204 13
2205 14
2206 14
2207 13
2208 14
2209 13
2210 14
2211 13
2212 13
2213 11
2214 14
2215 13
2216 14
2217 13
2218 13
2219 13
2220 13
2221 13
2222 14
2223 14
2224 12
2225 14
2226 13
2227 15
2228 13
2229 13
2230 12
2231 15
2232 14
2233 15
2234 15
2235 13
2236 13
2237 14
2238 13
2239 13
2240 14
2241 15
2242 14
2243 14
2244 14
2245 14
2246 14
2247 15
2248 14
2249 14
2250 14
2251 13
2252 13
2253 14
2254 14
2255 14
2256 15
2257 15
2258 14
2259 14
2260 15
2261 13
2262 14
2263 14
2264 13
2265 15
2266 14
2267 14
2268 13
2269 14
2270 13
2271 13
2272 12
2273 14
2274 14
2275 14
2276 13
2277 14
2278 14
2279 14
2280 14
2281 14
2282 13
2283 14
2284 13
2285 13
2286 12
2287 13
2288 13
2289 14
2290 13
2291 13
2292 13
2293 13
2294 13
2295 13
2296 13
2297 15
2298 14
2299 14
2300 14
2301 13
2302 14
2303 14
2304 13
2305 13
2306 14
2307 15
2308 13
2309 13
2310 14
2311 14
2312 14
2313 11
2314 13
2315 13
2316 13
2317 13
2318 13
2319 14
2320 14
2321 13
2322 12
2323 13
2324 14
2325 13
2326 14
2327 13
2328 14
2329 13
2330 13
2331 14
2332 13
2333 14
2334 14
2335 13
2336 13
2337 13
2338 13
2339 15
2340 14
2341 14
2342 14
2343 14
2344 13
2345 14
2346 13
2347 12
2348 13
2349 12
2350 13
2351 14
2352 13
2353 14
2354 14
2355 14
2356 14
2357 14
2358 14
2359 14
2360 14
2361 14
2362 14
2363 14
2364 15
2365 14
2366 13
2367 15
2368 13
2369 13
2370 13
2371 13
2372 14
2373 13
2374 14
2375 13
2376 13
2377 14
2378 14
2379 15
2380 14
2381 14
2382 14
2383 15
2384 14
2385 13
2386 13
2387 13
2388 13
2389 13
2390 13
2391 13
2392 13
2393 14
2394 13
2395 14
2396 14
2397 14
2398 13
2399 14
2400 13
2401 14
2402 14
2403 13
2404 13
2405 13
2406 12
2407 13
2408 13
2409 13
2410 13
2411 14
2412 13
2413 11
2414 13
2415 13
2416 13
2417 15
2418 13
2419 15
2420 15
2421 15
2422 13
2423 14
2424 13
2425 15
2426 14
2427 13
2428 13
2429 14
2430 13
2431 13
2432 13
2433 13
2434 13
2435 14
2436 13
2437 13
2438 14
2439 14
2440 14
2441 14
2442 13
2443 14
2444 14
2445 13
2446 13
2447 14
2448 14
2449 14
2450 14
2451 14
2452 13
2453 14
2454 14
2455 13
2456 14
2457 14
2458 13
2459 13
2460 13
2461 16
2462 14
2463 16
2464 13
2465 14
2466 13
2467 13
2468 13
2469 15
2470 13
2471 15
2472 14
2473 14
2474 14
2475 14
2476 14
2477 13
2478 13
2479 13
2480 13
2481 15
2482 14
2483 13
2484 13
2485 13
2486 14
2487 15
2488 14
2489 15
2490 14
2491 15
2492 14
2493 13
2494 14
2495 14
2496 13
2497 13
2498 13
2499 15
2500 14
2501 15
2502 13
2503 13
2504 14
2505 15
2506 15
2507 14
2508 13
2509 14
2510 14
2511 13
2512 13
2513 11
2514 14
2515 15
2516 15
2517 15
2518 14
2519 12
2520 14
2521 15
2522 14
2523 14
2524 14
2525 14
2526 14
2527 13
2528 14
2529 13
2530 14
2531 13
2532 13
2533 13
2534 14
2535 14
2536 13
2537 14
2538 13
2539 14
2540 14
2541 14
2542 14
2543 13
2544 13
2545 13
2546 14
2547 14
2548 14
2549 13
2550 13
2551 13
2552 13
2553 13
2554 12
2555 14
2556 14
2557 14
2558 13
2559 13
2560 13
2561 13
2562 14
2563 14
2564 13
2565 13
2566 13
2567 14
2568 15
2569 14
2570 14
2571 15
2572 14
2573 13
2574 13
2575 14
2576 14
2577 15
2578 14
2579 14
2580 14
2581 15
2582 13
2583 13
2584 13
2585 14
2586 14
2587 15
2588 14
2589 14
2590 14
2591 15
2592 14
2593 13
2594 13
2595 12
2596 13
2597 14
2598 14
2599 14
2600 13
2601 13
2602 13
2603 14
2604 14
2605 14
2606 13
2607 13
2608 13
2609 13
2610 14
2611 14
2612 14
2613 10
2614 14
2615 13
2616 13
2617 13
2618 14
2619 15
2620 14
2621 14
2622 14
2623 13
2624 14
2625 14
2626 14
2627 13
2628 13
2629 13
2630 13
2631 13
2632 13
2633 14
2634 13
2635 13
2636 14
2637 14
2638 14
2639 13
2640 13
2641 14
2642 15
2643 14
2644 14
2645 14
2646 13
2647 14
2648 14
2649 14
2650 13
2651 13
2652 14
2653 14
2654 14
2655 14
2656 14
2657 14
2658 14
2659 15
2660 14
2661 16
2662 13
2663 15
2664 15
2665 15
2666 14
2667 14
2668 14
2669 14
2670 14
2671 15
2672 14
2673 15
2674 14
2675 18
2676 16
2677 14
2678 15
2679 15
2680 13
2681 13
2682 13
2683 14
2684 14
2685 14
2686 13
2687 13
2688 13
2689 14
2690 14
2691 13
2692 15
2693 13
2694 13
2695 12
2696 12
2697 13
2698 12
2699 13
2700 13
2701 13
2702 13
2703 14
2704 12
2705 14
2706 13
2707 13
2708 13
2709 14
2710 15
2711 13
2712 13
2713 10
2714 15
2715 13
2716 13
2717 14
2718 13
2719 14
2720 13
2721 13
2722 14
2723 15
2724 14
2725 14
2726 14
2727 14
2728 13
2729 13
2730 13
2731 14
2732 13
2733 14
2734 13
2735 13
2736 13
2737 15
2738 14
2739 15
2740 14
2741 13
2742 14
2743 14
2744 12
2745 14
2746 13
2747 13
2748 13
2749 13
2750 13
2751 13
2752 12
2753 13
2754 13
2755 13
2756 13
2757 14
2758 14
2759 14
2760 14
2761 14
2762 14
2763 15
2764 13
2765 13
2766 13
2767 14
2768 15
2769 13
2770 14
2771 13
2772 13
2773 14
2774 13
2775 13
2776 14
2777 13
2778 12
2779 13
2780 13
2781 13
2782 12
2783 13
2784 13
2785 13
2786 14
2787 14
2788 15
2789 13
2790 13
2791 13
2792 13
2793 13
2794 14
2795 13
2796 16
2797 15
2798 14
2799 13
2800 14
2801 15
2802 14
2803 14
2804 13
2805 13
2806 15
2807 13
2808 13
2809 13
2810 15
2811 14
2812 14
2813 11
2814 14
2815 13
2816 13
2817 14
2818 14
2819 14
2820 13
2821 13
2822 14
2823 13
2824 14
2825 14
2826 13
2827 14
2828 14
2829 14
2830 15
2831 14
2832 13
2833 13
2834 13
2835 13
2836 13
2837 14
2838 14
2839 14
2840 13
2841 13
2842 13
2843 15
2844 14
2845 15
2846 14
2847 13
2848 12
2849 13
2850 13
2851 13
2852 13
2853 13
2854 13
2855 14
2856 13
2857 13
2858 13
2859 14
2860 13
2861 14
2862 14
2863 15
2864 13
2865 13
2866 13
2867 13
2868 14
2869 14
2870 14
2871 14
2872 14
2873 13
2874 13
2875 15
2876 14
2877 14
2878 13
2879 13
2880 13
2881 15
2882 14
2883 15
2884 14
2885 14
2886 13
2887 13
2888 14
2889 13
2890 14
2891 14
2892 13
2893 13
2894 14
2895 15
2896 13
2897 13
2898 15
2899 15
2900 14
2901 12
2902 14
2903 14
2904 14
2905 14
2906 13
2907 14
2908 14
2909 14
2910 15
2911 14
2912 14
2913 11
2914 57
2915 33
2916 20
2917 24
2918 18
2919 32
2920 17
2921 15
2922 15
2923 16
2924 14
2925 13
2926 14
2927 14
2928 14
2929 14
2930 14
2931 14
2932 13
2933 13
2934 14
2935 13
2936 14
2937 14
2938 13
2939 15
2940 14
2941 13
2942 14
2943 14
2944 13
2945 14
2946 14
2947 15
2948 14
2949 14
2950 13
2951 14
2952 14
2953 13
2954 13
2955 13
2956 14
2957 15
2958 13
2959 14
2960 12
2961 13
2962 13
2963 14
2964 14
2965 15
2966 13
2967 14
2968 12
2969 14
2970 13
2971 14
2972 13
2973 14
2974 12
2975 14
2976 14
2977 14
2978 13
2979 14
2980 12
2981 14
2982 13
2983 13
2984 13
2985 13
2986 12
2987 13
2988 13
2989 13
2990 13
2991 15
2992 15
2993 14
2994 13
2995 13
2996 13
2997 13
2998 13
2999 14
3000 14
3001 13
3002 13
3003 14
3004 13
3005 14
3006 14
3007 15
3008 15
3009 15
3010 15
3011 14
3012 13
3013 11
3014 13
3015 15
3016 13
3017 15
3018 14
3019 13
3020 13
3021 14
3022 13
3023 12
3024 13
3025 13
3026 15
3027 14
3028 13
3029 14
3030 13
3031 15
3032 13
3033 14
3034 13
3035 14
3036 13
3037 14
3038 13
3039 13
3040 14
3041 15
3042 14
3043 12
3044 13
3045 13
3046 13
3047 13
3048 14
3049 15
3050 13
3051 14
3052 13
3053 15
3054 13
3055 15
3056 14
3057 14
3058 12
3059 14
3060 13
3061 14
3062 15
3063 14
3064 13
3065 13
3066 13
3067 13
3068 13
3069 15
3070 11
3071 13
3072 12
3073 14
3074 14
3075 13
3076 13
3077 14
3078 13
3079 13
3080 13
3081 14
3082 14
3083 14
3084 14
3085 14
3086 14
3087 14
3088 14
3089 15
3090 15
3091 14
3092 14
3093 14
3094 14
3095 13
3096 14
3097 14
3098 14
3099 14
3100 13
3101 14
3102 13
3103 14
3104 13
3105 13
3106 13
3107 13
3108 13
3109 14
3110 15
3111 15
3112 14
3113 10
3114 15
3115 14
3116 15
3117 14
3118 15
3119 14
3120 12
3121 13
3122 13
3123 14
3124 13
3125 12
3126 14
3127 13
3128 13
3129 14
3130 14
3131 14
3132 14
3133 15
3134 14
3135 13
3136 14
3137 14
3138 14
3139 14
3140 14
3141 14
3142 14
3143 14
3144 13
3145 14
3146 13
3147 13
3148 14
3149 14
3150 13
3151 14
3152 15
3153 14
3154 14
3155 13
3156 13
3157 14
3158 13
3159 15
3160 14
3161 14
3162 13
3163 13
3164 14
3165 14
3166 14
3167 15
3168 14
3169 14
3170 14
3171 14
3172 13
3173 13
3174 13
3175 13
3176 14
3177 14
3178 14
3179 15
3180 14
3181 13
3182 13
3183 15
3184 14
3185 13
3186 14
3187 13
3188 14
3189 14
3190 12
3191 15
3192 13
3193 14
3194 13
3195 14
3196 13
3197 14
3198 13
3199 15
3200 14
3201 13
3202 13
3203 14
3204 15
3205 13
3206 13
3207 14
3208 13
3209 13
3210 14
3211 13
3212 13
3213 11
3214 14
3215 14
3216 14
3217 13
3218 14
3219 14
3220 14
3221 14
3222 14
3223 14
3224 13
3225 14
3226 13
3227 14
3228 13
3229 14
3230 13
3231 13
3232 14
3233 13
3234 13
3235 14
3236 13
3237 14
3238 13
3239 14
3240 14
3241 14
3242 14
3243 13
3244 12
3245 13
3246 13
3247 14
3248 13
3249 14
3250 14
3251 13
3252 13
3253 13
3254 13
3255 14
3256 13
3257 14
3258 13
3259 13
3260 12
3261 13
3262 14
3263 14
3264 13
3265 14
3266 13
3267 15
3268 14
3269 14
3270 13
3271 15
3272 13
3273 13
3274 14
3275 13
3276 13
3277 14
3278 13
3279 15
3280 14
3281 14
3282 14
3283 14
3284 14
3285 14
3286 14
3287 15
3288 13
3289 13
3290 13
3291 13
3292 13
3293 14
3294 13
3295 15
3296 14
3297 14
3298 13
3299 14
3300 13
3301 14
3302 13
3303 14
3304 13
3305 14
3306 14
3307 14
3308 14
3309 15
3310 14
3311 13
3312 14
3313 11
3314 15
3315 14
3316 14
3317 13
3318 14
3319 13
3320 13
3321 15
3322 14
3323 14
3324 14
3325 13
3326 13
3327 13
3328 14
3329 15
3330 14
3331 13
3332 13
3333 13
3334 13
3335 15
3336 14
3337 14
3338 14
3339 13
3340 13
3341 12
3342 12
3343 13
3344 13
3345 13
3346 13
3347 14
3348 12
3349 12
3350 12
3351 13
3352 14
3353 15
3354 13
3355 14
3356 13
3357 13
3358 13
3359 14
3360 14
3361 14
3362 14
3363 15
3364 14
3365 14
3366 14
3367 13
3368 14
3369 15
3370 14
3371 16
3372 14
3373 15
3374 12
3375 13
3376 14
3377 14
3378 13
3379 15
3380 15
3381 15
3382 14
3383 13
3384 14
3385 14
3386 13
3387 14
3388 15
3389 15
3390 14
3391 14
3392 13
3393 14
3394 13
3395 14
3396 13
3397 13
3398 15
3399 14
3400 15
3401 15
3402 14
3403 14
3404 13
3405 13
3406 14
3407 13
3408 14
3409 13
3410 14
3411 14
3412 13
3413 12
3414 13
3415 14
3416 13
3417 14
3418 14
3419 14
3420 13
3421 14
3422 14
3423 14
3424 14
3425 14
3426 14
3427 13
3428 13
3429 13
3430 14
3431 14
3432 13
3433 13
3434 14
3435 13
3436 14
3437 14
3438 13
3439 14
3440 14
3441 13
3442 13
3443 13
3444 13
3445 13
3446 13
3447 13
3448 14
3449 13
3450 13
3451 13
3452 14
3453 14
3454 14
3455 14
3456 12
3457 15
3458 13
3459 14
3460 14
3461 14
3462 14
3463 15
3464 14
3465 13
3466 13
3467 13
3468 14
3469 12
3470 13
3471 13
3472 13
3473 13
3474 13
3475 13
3476 13
3477 13
3478 13
3479 12
3480 13
3481 14
3482 12
3483 12
3484 13
3485 13
3486 14
3487 14
3488 13
3489 13
3490 14
3491 14
3492 14
3493 14
3494 13
3495 13
3496 14
3497 13
3498 14
3499 15
3500 14
3501 13
3502 15
3503 14
3504 13
3505 14
3506 13
3507 13
3508 14
3509 14
3510 15
3511 13
3512 14
3513 11
3514 14
3515 13
3516 14
3517 14
3518 14
3519 14
3520 14
3521 14
3522 14
3523 15
3524 14
3525 14
3526 13
3527 14
3528 14
3529 14
3530 15
3531 14
3532 14
3533 14
3534 13
3535 14
3536 14
3537 13
3538 13
3539 13
3540 13
3541 13
3542 13
3543 14
3544 13
3545 14
3546 13
3547 13
3548 12
3549 13
3550 13
3551 14
3552 13
3553 14
3554 14
3555 14
3556 13
3557 13
3558 13
3559 14
3560 13
3561 12
3562 12
3563 13
3564 13
3565 14
3566 14
3567 14
3568 13
3569 14
3570 13
3571 14
3572 13
3573 13
3574 13
3575 15
3576 13
3577 11
3578 13
3579 14
3580 14
3581 14
3582 13
3583 14
3584 14
3585 13
3586 14
3587 14
3588 14
3589 13
3590 14
3591 13
3592 14
3593 15
3594 14
3595 15
3596 14
3597 14
3598 15
3599 14
3600 13
3601 13
3602 13
3603 13
3604 13
3605 12
3606 13
3607 13
3608 13
3609 13
3610 14
3611 12
3612 13
3613 12
3614 14
3615 13
3616 13
3617 13
3618 13
3619 13
3620 13
3621 13
3622 14
3623 14
3624 13
3625 13
3626 13
3627 13
3628 13
3629 13
3630 13
3631 13
3632 13
3633 13
3634 14
3635 14
3636 14
3637 14
3638 13
3639 14
3640 13
3641 15
3642 14
3643 14
3644 14
3645 14
3646 13
3647 14
3648 14
3649 13
3650 13
3651 13
3652 13
3653 13
3654 13
3655 14
3656 14
3657 14
3658 14
3659 13
3660 13
3661 14
3662 13
3663 13
3664 14
3665 14
3666 14
3667 13
3668 13
3669 14
3670 13
3671 14
3672 14
3673 13
3674 32
3675 13
3676 13
3677 14
3678 13
3679 15
3680 14
3681 13
3682 14
3683 15
3684 14
3685 14
3686 12
3687 14
3688 14
3689 14
3690 14
3691 14
3692 14
3693 14
3694 13
3695 15
3696 14
3697 13
3698 13
3699 14
3700 14
3701 14
3702 13
3703 14
3704 13
3705 13
3706 13
3707 14
3708 14
3709 14
3710 14
3711 15
3712 13
3713 11
3714 15
3715 14
3716 15
3717 14
3718 13
3719 14
3720 13
3721 13
3722 14
3723 14
3724 13
3725 14
3726 13
3727 13
3728 13
3729 13
3730 13
3731 14
3732 14
3733 13
3734 13
3735 13
3736 14
3737 13
3738 13
3739 12
3740 14
3741 13
3742 13
3743 13
3744 13
3745 12
3746 14
3747 14
3748 13
3749 14
3750 13
3751 12
3752 13
3753 12
3754 13
3755 14
3756 13
3757 13
3758 14
3759 14
3760 13
3761 14
3762 14
3763 13
3764 13
3765 13
3766 12
3767 13
3768 13
3769 14
3770 14
3771 13
3772 14
3773 14
3774 13
3775 13
3776 13
3777 13
3778 13
3779 13
3780 14
3781 13
3782 14
3783 14
3784 14
3785 15
3786 14
3787 13
3788 14
3789 14
3790 14
3791 15
3792 14
3793 14
3794 14
3795 14
3796 14
3797 13
3798 13
3799 14
3800 13
3801 14
3802 13
3803 13
3804 14
3805 14
3806 13
3807 14
3808 14
3809 14
3810 14
3811 13
3812 13
3813 10
3814 15
3815 13
3816 14
3817 14
3818 13
3819 14
3820 13
3821 14
3822 13
3823 13
3824 13
3825 13
3826 12
3827 14
3828 13
3829 13
3830 12
3831 12
3832 13
3833 13
3834 13
3835 13
3836 13
3837 13
3838 13
3839 12
3840 13
3841 13
3842 13
3843 14
3844 14
3845 14
3846 13
3847 14
3848 13
3849 15
3850 14
3851 15
3852 15
3853 14
3854 13
3855 13
3856 14
3857 14
3858 13
3859 14
3860 14
3861 13
3862 13
3863 14
3864 14
3865 13
3866 14
3867 13
3868 13
3869 14
3870 14
3871 14
3872 13
3873 14
3874 13
3875 14
3876 15
3877 14
3878 14
3879 14
3880 14
3881 15
3882 14
3883 14
3884 13
3885 13
3886 14
3887 14
3888 14
3889 13
3890 13
3891 14
3892 13
3893 14
3894 14
3895 13
3896 13
3897 14
3898 15
3899 15
3900 14
3901 13
3902 13
3903 14
3904 13
3905 15
3906 15
3907 15
3908 14
3909 15
3910 15
3911 14
3912 14
3913 11
3914 15
3915 15
3916 13
3917 13
3918 14
3919 14
3920 92
3921 43
3922 23
3923 19
3924 19
3925 30
3926 19
3927 16
3928 15
3929 15
3930 14
3931 14
3932 14
3933 13
3934 13
3935 15
3936 13
3937 14
3938 14
3939 14
3940 14
3941 14
3942 12
3943 14
3944 14
3945 14
3946 14
3947 14
3948 13
3949 14
3950 14
3951 13
3952 13
3953 14
3954 14
3955 16
3956 14
3957 14
3958 13
3959 13
3960 13
3961 13
3962 13
3963 14
3964 13
3965 13
3966 14
3967 14
3968 14
3969 13
3970 13
3971 14
3972 13
3973 15
3974 13
3975 13
3976 13
3977 13
3978 13
3979 13
3980 13
3981 13
3982 13
3983 14
3984 13
3985 14
3986 13
3987 14
3988 14
3989 15
3990 13
3991 14
3992 13
3993 15
3994 13
3995 14
3996 15
3997 15
3998 14
3999 14
4000 13
4001 14
4002 15
4003 14
4004 13
4005 12
4006 13
4007 14
4008 14
4009 13
4010 15
4011 13
4012 14
4013 11
4014 14
4015 14
4016 14
4017 13
4018 14
4019 14
4020 13
4021 13
4022 13
4023 13
4024 13
4025 15
4026 13
4027 12
4028 13
4029 13
4030 13
4031 13
4032 13
4033 13
4034 13
4035 14
4036 14
4037 14
4038 14
4039 14
4040 13
4041 14
4042 13
4043 14
4044 13
4045 13
4046 13
4047 13
4048 14
4049 13
4050 19
4051 17
4052 14
4053 14
4054 15
4055 13
4056 14
4057 15
4058 13
4059 13
4060 13
4061 14
4062 13
4063 13
4064 14
4065 13
4066 13
4067 14
4068 14
4069 13
4070 15
4071 15
4072 14
4073 14
4074 14
4075 13
4076 14
4077 13
4078 13
4079 15
4080 14
4081 14
4082 14
4083 14
4084 12
4085 15
4086 14
4087 14
4088 13
4089 14
4090 13
4091 13
4092 14
4093 13
4094 12
4095 13
4096 13
4097 13
4098 14
4099 14
4100 13
4101 13
4102 13
4103 14
4104 13
4105 13
4106 14
4107 14
4108 13
4109 14
4110 14
4111 15
4112 14
4113 11
4114 13
4115 13
4116 14
4117 15
4118 14
4119 13
4120 13
4121 13
4122 13
4123 14
4124 13
4125 13
4126 14
4127 14
4128 13
4129 13
4130 13
4131 14
4132 13
4133 14
4134 13
4135 14
4136 14
4137 13
4138 14
4139 14
4140 13
4141 13
4142 14
4143 13
4144 13
4145 14
4146 14
4147 14
4148 14
4149 14
4150 14
4151 13
4152 13
4153 14
4154 14
4155 14
4156 13
4157 13
4158 12
4159 12
4160 13
4161 13
4162 13
4163 13
4164 13
4165 14
4166 13
4167 13
4168 13
4169 13
4170 13
4171 12
4172 13
4173 13
4174 11
4175 14
4176 15
4177 13
4178 13
4179 14
4180 14
4181 13
4182 13
4183 14
4184 12
4185 12
4186 13
4187 14
4188 13
4189 13
4190 14
4191 13
4192 12
4193 13
4194 13
4195 13
4196 12
4197 13
4198 14
4199 13
4200 14
4201 14
4202 14
4203 14
4204 13
4205 13
4206 13
4207 14
4208 14
4209 14
4210 14
4211 13
4212 12
4213 10
4214 13
4215 13
4216 14
4217 14
4218 13
4219 14
4220 13
4221 15
4222 13
4223 13
4224 13
4225 14
4226 14
4227 14
4228 13
4229 14
4230 13
4231 13
4232 12
4233 14
4234 14
4235 14
4236 14
4237 13
4238 13
4239 14
4240 13
4241 14
4242 13
4243 13
4244 13
4245 13
4246 13
4247 14
4248 13
4249 13
4250 13
4251 13
4252 13
4253 14
4254 13
4255 14
4256 13
4257 14
4258 13
4259 13
4260 14
4261 13
4262 13
4263 13
4264 13
4265 13
4266 14
4267 14
4268 14
4269 14
4270 13
4271 13
4272 13
4273 12
4274 13
4275 13
4276 13
4277 13
4278 13
4279 14
4280 14
4281 14
4282 13
4283 13
4284 13
4285 13
4286 13
4287 14
4288 14
4289 13
4290 14
4291 14
4292 14
4293 13
4294 14
4295 13
4296 14
4297 14
4298 12
4299 13
4300 13
4301 13
4302 14
4303 14
4304 13
4305 14
4306 13
4307 13
4308 13
4309 14
4310 15
4311 13
4312 13
4313 11
4314 14
4315 13
4316 13
4317 14
4318 13
4319 13
4320 13
4321 14
4322 13
4323 14
4324 15
4325 14
4326 13
4327 13
4328 13
4329 13
4330 14
4331 15
4332 13
4333 13
4334 13
4335 13
4336 13
4337 14
4338 13
4339 13
4340 14
4341 14
4342 13
4343 15
4344 14
4345 13
4346 14
4347 14
4348 14
4349 14
4350 14
4351 14
4352 13
4353 13
4354 14
4355 14
4356 13
4357 14
4358 14
4359 14
4360 14
4361 14
4362 13
4363 14
4364 13
4365 13
4366 12
4367 14
4368 13
4369 14
4370 13
4371 13
4372 13
4373 13
4374 13
4375 13
4376 13
4377 14
4378 13
4379 14
4380 13
4381 14
4382 14
4383 14
4384 14
4385 13
4386 13
4387 13
4388 13
4389 14
4390 13
4391 13
4392 13
4393 14
4394 14
4395 13
4396 14
4397 13
4398 13
4399 14
4400 14
4401 14
4402 13
4403 14
4404 13
4405 14
4406 14
4407 14
4408 14
4409 14
4410 14
4411 14
4412 13
4413 11
4414 15
4415 13
4416 14
4417 13
4418 14
4419 13
4420 14
4421 13
4422 13
4423 13
4424 14
4425 13
4426 14
4427 14
4428 13
4429 13
4430 13
4431 14
4432 13
4433 12
4434 13
4435 14
4436 13
4437 14
4438 14
4439 12
4440 13
4441 12
4442 13
4443 15
4444 13
4445 13
4446 13
4447 14
4448 13
4449 15
4450 13
4451 15
4452 14
4453 15
4454 12
4455 12
4456 12
4457 13
4458 13
4459 13
4460 14
4461 14
4462 13
4463 13
4464 12
4465 13
4466 13
4467 13
4468 12
4469 13
4470 12
4471 13
4472 14
4473 14
4474 14
4475 14
4476 14
4477 13
4478 13
4479 13
4480 12
4481 13
4482 13
4483 13
4484 14
4485 14
4486 14
4487 14
4488 13
4489 14
4490 14
4491 14
4492 12
4493 14
4494 14
4495 14
4496 14
4497 14
4498 13
4499 13
4500 12
4501 14
4502 13
4503 14
4504 14
4505 14
4506 13
4507 14
4508 14
4509 13
4510 14
4511 14
4512 13
4513 10
4514 16
4515 14
4516 13
4517 13
4518 13
4519 15
4520 13
4521 14
4522 13
4523 13
4524 13
4525 14
4526 13
4527 14
4528 13
4529 13
4530 12
4531 13
4532 13
4533 13
4534 14
4535 14
4536 14
4537 15
4538 14
4539 13
4540 13
4541 14
4542 14
4543 14
4544 14
4545 14
4546 14
4547 15
4548 14
4549 14
4550 13
4551 14
4552 14
4553 14
4554 13
4555 13
4556 13
4557 15
4558 14
4559 14
4560 14
4561 14
4562 14
4563 13
4564 14
4565 14
4566 16
4567 13
4568 14
4569 14
4570 14
4571 14
4572 15
4573 14
4574 13
4575 13
4576 14
4577 14
4578 14
4579 14
4580 14
4581 13
4582 13
4583 14
4584 13
4585 14
4586 13
4587 13
4588 13
4589 13
4590 13
4591 13
4592 13
4593 13
4594 12
4595 13
4596 13
4597 13
4598 14
4599 13
4600 13
4601 13
4602 13
4603 13
4604 13
4605 13
4606 14
4607 13
4608 13
4609 13
4610 15
4611 13
4612 14
4613 11
4614 14
4615 14
4616 13
4617 13
4618 13
4619 14
4620 13
4621 13
4622 13
4623 14
4624 13
4625 14
4626 13
4627 12
4628 13
4629 13
4630 13
4631 13
4632 13
4633 14
4634 13
4635 13
4636 13
4637 14
4638 12
4639 13
4640 13
4641 14
4642 14
4643 14
4644 13
4645 14
4646 12
4647 14
4648 13
4649 14
4650 12
4651 13
4652 13
4653 14
4654 14
4655 14
4656 13
4657 14
4658 13
4659 13
4660 13
4661 14
4662 13
4663 13
4664 14
4665 14
4666 14
4667 13
4668 13
4669 14
4670 13
4671 13
4672 13
4673 13
4674 12
4675 14
4676 14
4677 13
4678 13
4679 14
4680 13
4681 15
4682 14
4683 14
4684 13
4685 14
4686 14
4687 14
4688 13
4689 14
4690 13
4691 13
4692 14
4693 14
4694 13
4695 15
4696 13
4697 14
4698 13
4699 15
4700 13
4701 14
4702 14
4703 14
4704 13
4705 14
4706 13
4707 14
4708 13
4709 14
4710 14
4711 14
4712 14
4713 11
4714 15
4715 14
4716 13
4717 15
4718 14
4719 13
4720 14
4721 14
4722 14
4723 14
4724 14
4725 15
4726 14
4727 13
4728 14
4729 13
4730 13
4731 13
4732 13
4733 13
4734 13
4735 14
4736 14
4737 12
4738 13
4739 15
4740 13
4741 14
4742 13
4743 14
4744 13
4745 13
4746 13
4747 13
4748 13
4749 13
4750 13
4751 14
4752 14
4753 13
4754 15
4755 15
4756 14
4757 13
4758 13
4759 14
4760 14
4761 14
4762 14
4763 14
4764 14
4765 15
4766 13
4767 14
4768 14
4769 14
4770 14
4771 13
4772 12
4773 13
4774 14
4775 14
4776 14
4777 15
4778 13
4779 14
4780 13
4781 14
4782 13
4783 14
4784 13
4785 14
4786 13
4787 13
4788 13
4789 13
4790 13
4791 14
4792 13
4793 13
4794 13
4795 14
4796 13
4797 13
4798 13
4799 14
4800 14
4801 14
4802 13
4803 14
4804 13
4805 13
4806 13
4807 15
4808 13
4809 13
4810 15
4811 15
4812 13
4813 11
4814 13
4815 14
4816 13
4817 13
4818 14
4819 14
4820 13
4821 13
4822 13
4823 14
4824 13
4825 14
4826 12
4827 14
4828 13
4829 13
4830 14
4831 14
4832 13
4833 14
4834 13
4835 13
4836 12
4837 13
4838 13
4839 13
4840 14
4841 13
4842 14
4843 15
4844 14
4845 14
4846 14
4847 13
4848 12
4849 14
4850 14
4851 13
4852 13
4853 14
4854 14
4855 15
4856 13
4857 13
4858 14
4859 14
4860 13
4861 14
4862 14
4863 13
4864 13
4865 13
4866 13
4867 14
4868 14
4869 15
4870 14
4871 13
4872 14
4873 15
4874 13
4875 13
4876 12
4877 13
4878 13
4879 13
4880 13
4881 14
4882 13
4883 13
4884 13
4885 13
4886 14
4887 14
4888 14
4889 14
4890 13
4891 13
4892 13
4893 13
4894 13
4895 14
4896 13
4897 13
4898 15
4899 15
4900 13
4901 13
4902 14
4903 13
4904 15
4905 13
4906 13
4907 14
4908 13
4909 14
4910 15
4911 14
4912 14
4913 11
4914 13
4915 14
4916 13
4917 15
4918 14
4919 14
4920 15
4921 14
4922 13
4923 13
4924 13
4925 13
4926 54
4927 37
4928 21
4929 22
4930 20
4931 27
4932 20
4933 16
4934 16
4935 15
4936 14
4937 13
4938 14
4939 14
4940 14
4941 14
4942 13
4943 13
4944 13
4945 14
4946 13
4947 13
4948 14
4949 15
4950 14
4951 15
4952 14
4953 14
4954 14
4955 14
4956 13
4957 14
4958 14
4959 13
4960 13
4961 15
4962 14
4963 15
4964 14
4965 14
4966 13
4967 14
4968 14
4969 14
4970 13
4971 12
4972 13
4973 13
4974 14
4975 14
4976 14
4977 15
4978 14
4979 14
4980 14
4981 13
4982 13
4983 14
4984 14
4985 15
4986 13
4987 13
4988 14
4989 14
4990 14
4991 14
4992 13
4993 13
4994 13
4995 13
4996 13
4997 14
4998 13
4999 15
5000 13
5001 13
5002 13
5003 14
5004 14
5005 13
5006 13
5007 14
5008 13
5009 14
5010 15
5011 12
5012 13
5013 11
5014 14
5015 14
5016 14
5017 15
5018 14
5019 14
5020 14
5021 13
5022 14
5023 13
5024 13
5025 13
5026 13
5027 15
5028 15
5029 15
5030 14
5031 14
5032 14
5033 15
5034 14
5035 15
5036 14
5037 13
5038 13
5039 13
5040 14
5041 14
5042 13
5043 13
5044 13
5045 13
5046 13
5047 13
5048 13
5049 13
5050 14
5051 13
5052 13
5053 13
5054 13
5055 13
5056 12
5057 14
5058 13
5059 14
5060 13
5061 13
5062 13
5063 13
5064 12
5065 13
5066 12
5067 14
5068 12
5069 14
5070 13
5071 14
5072 14
5073 14
5074 12
5075 13
5076 13
5077 13
5078 14
5079 14
5080 12
5081 13
5082 13
5083 13
5084 13
5085 14
5086 14
5087 13
5088 13
5089 14
5090 13
5091 14
5092 14
5093 14
5094 13
5095 13
5096 13
5097 14
5098 16
5099 13
5100 14
5101 14
5102 13
5103 13
5104 13
5105 13
5106 13
5107 14
5108 13
5109 14
5110 16
5111 14
5112 14
5113 11
5114 16
5115 13
5116 14
5117 15
5118 14
5119 15
5120 13
5121 15
5122 14
5123 14
5124 14
5125 13
5126 13
5127 14
5128 14
5129 13
5130 13
5131 14
5132 13
5133 14
5134 13
5135 13
5136 14
5137 13
5138 12
5139 12
5140 13
5141 12
5142 13
5143 14
5144 13
5145 13
5146 13
5147 12
5148 13
5149 13
5150 12
5151 13
5152 13
5153 13
5154 13
5155 13
5156 13
5157 13
5158 15
5159 13
5160 13
5161 12
5162 13
5163 13
5164 14
5165 14
5166 14
5167 14
5168 13
5169 14
5170 13
5171 13
5172 13
5173 13
5174 14
5175 14
5176 13
5177 14
5178 13
5179 12
5180 14
5181 14
5182 14
5183 14
5184 13
5185 13
5186 14
5187 14
5188 13
5189 14
5190 14
5191 14
5192 14
5193 14
5194 13
5195 13
5196 13
5197 13
5198 12
5199 14
5200 14
5201 14
5202 14
5203 15
5204 14
5205 14
5206 14
5207 14
5208 13
5209 13
5210 14
5211 14
5212 13
5213 12
5214 13
5215 14
5216 14
5217 13
5218 12
5219 13
5220 12
5221 13
5222 12
5223 13
5224 15
5225 13
5226 13
5227 14
5228 14
5229 14
5230 13
5231 14
5232 13
5233 14
5234 14
5235 15
5236 14
5237 13
5238 13
5239 13
5240 12
5241 12
5242 12
5243 12
5244 13
5245 14
5246 13
5247 15
5248 14
5249 13
5250 13
5251 14
5252 13
5253 14
5254 13
5255 13
5256 13
5257 14
5258 14
5259 14
5260 14
5261 14
5262 14
5263 14
5264 14
5265 14
5266 13
5267 14
5268 14
5269 14
5270 14
5271 15
5272 14
5273 14
5274 14
5275 14
5276 14
5277 14
5278 14
5279 14
5280 12
5281 13
5282 13
5283 14
5284 14
5285 14
5286 13
5287 13
5288 14
5289 15
5290 13
5291 13
5292 13
5293 15
5294 15
5295 13
5296 13
5297 14
5298 13
5299 13
5300 13
5301 14
5302 13
5303 13
5304 12
5305 14
5306 13
5307 14
5308 14
5309 14
5310 15
5311 13
5312 14
5313 11
5314 15
5315 13
5316 13
5317 13
5318 14
5319 14
5320 14
5321 15
5322 14
5323 14
5324 14
5325 14
5326 14
5327 14
5328 14
5329 14
5330 14
5331 13
5332 13
5333 14
5334 14
5335 14
5336 13
5337 14
5338 14
5339 14
5340 13
5341 14
5342 12
5343 14
5344 13
5345 13
5346 14
5347 14
5348 13
5349 13
5350 13
5351 13
5352 13
5353 14
5354 14
5355 13
5356 14
5357 13
5358 12
5359 13
5360 13
5361 14
5362 13
5363 13
5364 13
5365 13
5366 13
5367 13
5368 13
5369 13
5370 12
5371 13
5372 12
5373 14
5374 13
5375 13
5376 13
5377 14
5378 13
5379 13
5380 13
5381 13
5382 12
5383 13
5384 13
5385 14
5386 13
5387 13
5388 13
5389 12
5390 13
5391 14
5392 13
5393 13
5394 13
5395 13
5396 13
5397 14
5398 14
5399 14
5400 13
5401 12
5402 13
5403 14
5404 13
5405 13
5406 13
5407 14
5408 14
5409 14
5410 14
5411 13
5412 12
5413 12
5414 13
5415 13
5416 14
5417 13
5418 13
5419 14
5420 14
5421 12
5422 13
5423 13
5424 13
5425 15
5426 13
5427 14
5428 13
5429 14
5430 13
5431 14
5432 13
5433 13
5434 13
5435 14
5436 14
5437 13
5438 13
5439 15
5440 15
5441 13
5442 14
5443 15
5444 13
5445 14
5446 13
5447 14
5448 15
5449 14
5450 14
5451 15
5452 15
5453 14
5454 13
5455 14
5456 14
5457 14
5458 14
5459 14
5460 14
5461 15
5462 14
5463 13
5464 14
5465 15
5466 14
5467 13
5468 14
5469 15
5470 14
5471 15
5472 14
5473 13
5474 13
5475 15
5476 14
5477 13
5478 13
5479 14
5480 14
5481 14
5482 14
5483 13
5484 13
5485 14
5486 13
5487 13
5488 14
5489 15
5490 13
5491 14
5492 15
5493 14
5494 14
5495 14
5496 14
5497 14
5498 13
5499 14
5500 14
5501 14
5502 14
5503 15
5504 14
5505 14
5506 14
5507 15
5508 14
5509 13
5510 14
5511 14
5512 13
5513 11
5514 14
5515 13
5516 13
5517 14
5518 13
5519 14
5520 13
5521 13
5522 12
5523 14
5524 13
5525 12
5526 13
5527 14
5528 13
5529 14
5530 13
5531 13
5532 14
5533 14
5534 14
5535 14
5536 15
5537 13
5538 13
5539 14
5540 15
5541 14
5542 13
5543 13
5544 13
5545 14
5546 13
5547 14
5548 14
5549 14
5550 13
5551 13
5552 13
5553 13
5554 13
5555 15
5556 14
5557 13
5558 14
5559 15
5560 13
5561 13
5562 14
5563 14
5564 14
5565 12
5566 13
5567 14
5568 13
5569 13
5570 13
5571 14
5572 14
5573 14
5574 15
5575 13
5576 14
5577 15
5578 13
5579 14
5580 15
5581 13
5582 13
5583 14
5584 14
5585 13
5586 14
5587 14
5588 13
5589 13
5590 13
5591 13
5592 13
5593 14
5594 14
5595 13
5596 13
5597 12
5598 12
5599 13
5600 13
5601 13
5602 14
5603 13
5604 14
5605 14
5606 14
5607 14
5608 14
5609 14
5610 15
5611 13
5612 13
5613 11
5614 14
5615 13
5616 14
5617 13
5618 12
5619 14
5620 13
5621 14
5622 15
5623 14
5624 14
5625 13
5626 13
5627 15
5628 14
5629 13
5630 12
5631 13
5632 13
5633 13
5634 13
5635 15
5636 14
5637 14
5638 13
5639 13
5640 13
5641 14
5642 13
5643 14
5644 14
5645 15
5646 13
5647 15
5648 13
5649 13
5650 13
5651 14
5652 14
5653 14
5654 14
5655 14
5656 13
5657 14
5658 13
5659 15
5660 14
5661 15
5662 13
5663 14
5664 16
5665 13
5666 13
5667 15
5668 14
5669 14
5670 13
5671 14
5672 13
5673 12
5674 14
5675 16
5676 14
5677 14
5678 14
5679 14
5680 14
5681 14
5682 14
5683 13
5684 13
5685 14
5686 15
5687 13
5688 13
5689 15
5690 13
5691 14
5692 13
5693 14
5694 15
5695 15
5696 13
5697 13
5698 13
5699 13
5700 13
5701 13
5702 13
5703 13
5704 13
5705 15
5706 14
5707 14
5708 13
5709 13
5710 13
5711 13
5712 13
5713 11
5714 15
5715 15
5716 13
5717 13
5718 12
5719 14
5720 12
5721 13
5722 14
5723 13
5724 14
5725 14
5726 13
5727 14
5728 14
5729 14
5730 13
5731 13
5732 13
5733 14
5734 13
5735 13
5736 15
5737 14
5738 14
5739 14
5740 15
5741 14
5742 14
5743 14
5744 13
5745 14
5746 15
5747 14
5748 15
5749 15
5750 14
5751 14
5752 13
5753 16
5754 13
5755 14
5756 14
5757 13
5758 13
5759 14
5760 14
5761 14
5762 12
5763 14
5764 13
5765 13
5766 14
5767 14
5768 13
5769 15
5770 14
5771 15
5772 14
5773 13
5774 14
5775 14
5776 13
5777 14
5778 14
5779 14
5780 13
5781 13
5782 13
5783 14
5784 13
5785 13
5786 13
5787 15
5788 13
5789 14
5790 13
5791 13
5792 13
5793 13
5794 13
5795 14
5796 13
5797 13
5798 14
5799 14
5800 13
5801 13
5802 13
5803 13
5804 13
5805 14
5806 12
5807 13
5808 14
5809 14
5810 14
5811 14
5812 13
5813 11
5814 14
5815 13
5816 14
5817 14
5818 13
5819 14
5820 13
5821 13
5822 13
5823 13
5824 13
5825 13
5826 14
5827 14
5828 13
5829 13
5830 14
5831 14
5832 13
5833 14
5834 13
5835 13
5836 13
5837 13
5838 13
5839 14
5840 13
5841 14
5842 13
5843 13
5844 13
5845 13
5846 13
5847 13
5848 13
5849 14
5850 14
5851 14
5852 13
5853 13
5854 13
5855 13
5856 14
5857 13
5858 13
5859 13
5860 13
5861 14
5862 14
5863 14
5864 13
5865 14
5866 13
5867 15
5868 14
5869 15
5870 13
5871 14
5872 13
5873 13
5874 13
5875 14
5876 14
5877 14
5878 14
5879 14
5880 13
5881 13
5882 13
5883 13
5884 14
5885 14
5886 14
5887 14
5888 13
5889 14
5890 14
5891 15
5892 13
5893 13
5894 13
5895 14
5896 13
5897 13
5898 14
5899 15
5900 13
5901 14
5902 12
5903 14
5904 12
5905 13
5906 13
5907 13
5908 12
5909 14
5910 14
5911 14
5912 13
5913 11
5914 14
5915 14
5916 13
5917 13
5918 12
5919 14
5920 13
5921 14
5922 13
5923 14
5924 14
5925 13
5926 15
5927 14
5928 13
5929 13
5930 13
5931 14
5932 39
5933 50
5934 23
5935 22
5936 18
5937 32
5938 21
5939 17
5940 15
5941 14
5942 15
5943 15
5944 13
5945 14
5946 14
5947 15
5948 14
5949 13
5950 14
5951 14
5952 13
5953 15
5954 14
5955 14
5956 13
5957 14
5958 14
5959 13
5960 14
5961 14
5962 13
5963 14
5964 13
5965 14
5966 13
5967 13
5968 13
5969 13
5970 14
5971 14
5972 14
5973 14
5974 14
5975 13
5976 14
5977 14
5978 14
5979 14
5980 14
5981 15
5982 15
5983 15
5984 14
5985 15
5986 14
5987 14
5988 13
5989 13
5990 13
5991 14
5992 14
5993 13
5994 13
5995 14
5996 14
5997 13
5998 14
5999 15
6000 15
6001 14
6002 14
6003 13
6004 13
6005 15
6006 13
6007 14
6008 13
6009 13
6010 14
6011 13
6012 12
6013 11
6014 14
6015 13
6016 13
6017 13
6018 14
6019 13
6020 13
6021 13
6022 14
6023 14
6024 13
6025 15
6026 14
6027 14
6028 13
6029 13
6030 13
6031 14
6032 12
6033 13
6034 14
6035 13
6036 12
6037 13
6038 12
6039 14
6040 13
6041 14
6042 13
6043 14
6044 13
6045 13
6046 13
6047 14
6048 12
6049 13
6050 14
6051 14
6052 13
6053 13
6054 13
6055 13
6056 13
6057 14
6058 13
6059 13
6060 13
6061 14
6062 13
6063 13
6064 13
6065 14
6066 13
6067 13
6068 13
6069 13
6070 13
6071 15
6072 13
6073 12
6074 13
6075 13
6076 13
6077 13
6078 13
6079 14
6080 14
6081 14
6082 13
6083 13
6084 13
6085 13
6086 14
6087 15
6088 15
6089 15
6090 14
6091 14
6092 13
6093 14
6094 13
6095 14
6096 14
6097 13
6098 14
6099 14
6100 13
6101 13
6102 14
6103 13
6104 14
6105 14
6106 13
6107 13
6108 14
6109 14
6110 14
6111 14
6112 14
6113 12
6114 14
6115 13
6116 13
6117 13
6118 14
6119 13
6120 12
6121 14
6122 13
6123 12
6124 13
6125 14
6126 13
6127 13
6128 13
6129 15
6130 13
6131 14
6132 13
6133 14
6134 13
6135 14
6136 13
6137 14
6138 14
6139 13
6140 13
6141 13
6142 13
6143 14
6144 13
6145 13
6146 14
6147 15
6148 12
6149 14
6150 14
6151 13
6152 13
6153 13
6154 13
6155 13
6156 14
6157 13
6158 14
6159 16
6160 13
6161 13
6162 13
6163 14
6164 14
6165 13
6166 15
6167 14
6168 14
6169 13
6170 13
6171 14
6172 13
6173 13
6174 13
6175 14
6176 14
6177 13
6178 13
6179 13
6180 12
6181 14
6182 13
6183 13
6184 14
6185 14
6186 13
6187 14
6188 13
6189 14
6190 13
6191 14
6192 13
6193 14
6194 13
6195 13
6196 14
6197 14
6198 13
6199 14
6200 13
6201 14
6202 13
6203 15
6204 14
6205 14
6206 14
6207 13
6208 14
6209 15
6210 14
6211 14
6212 13
6213 11
6214 13
6215 13
6216 13
6217 13
6218 13
6219 13
6220 13
6221 14
6222 13
6223 13
6224 13
6225 13
6226 13
6227 14
6228 14
6229 13
6230 13
6231 13
6232 13
6233 12
6234 13
6235 13
6236 14
6237 13
6238 14
6239 14
6240 13
6241 14
6242 14
6243 14
6244 14
6245 13
6246 14
6247 14
6248 15
6249 14
6250 14
6251 15
6252 14
6253 14
6254 14
6255 14
6256 13
6257 13
6258 13
6259 13
6260 13
6261 12
6262 13
6263 13
6264 14
6265 14
6266 12
6267 13
6268 13
6269 14
6270 14
6271 15
6272 14
6273 14
6274 13
6275 13
6276 13
6277 13
6278 13
6279 14
6280 13
6281 14
6282 13
6283 14
6284 15
6285 14
6286 14
6287 15
6288 13
6289 14
6290 14
6291 14
6292 14
6293 13
6294 14
6295 13
6296 12
6297 13
6298 13
6299 14
6300 13
6301 13
6302 13
6303 13
6304 13
6305 13
6306 13
6307 13
6308 13
6309 13
6310 14
6311 14
6312 13
6313 11
6314 15
6315 14
6316 14
6317 15
6318 13
6319 14
6320 14
6321 14
6322 13
6323 14
6324 14
6325 13
6326 14
6327 14
6328 14
6329 14
6330 14
6331 13
6332 13
6333 14
6334 13
6335 13
6336 13
6337 14
6338 13
6339 13
6340 14
6341 13
6342 14
6343 15
6344 13
6345 14
6346 13
6347 14
6348 13
6349 13
6350 13
6351 14
6352 13
6353 14
6354 14
6355 14
6356 14
6357 13
6358 13
6359 14
6360 13
6361 13
6362 13
6363 13
6364 13
6365 14
6366 14
6367 15
6368 14
6369 14
6370 15
6371 14
6372 14
6373 14
6374 14
6375 14
6376 14
6377 14
6378 15
6379 14
6380 13
6381 14
6382 14
6383 14
6384 14
6385 14
6386 14
6387 14
6388 14
6389 15
6390 14
6391 14
6392 14
6393 15
6394 14
6395 15
6396 15
6397 13
6398 17
6399 14
6400 13
6401 14
6402 13
6403 14
6404 13
6405 13
6406 13
6407 13
6408 13
6409 13
6410 14
6411 13
6412 13
6413 11
6414 14
6415 15
6416 13
6417 15
6418 14
6419 14
6420 13
6421 13
6422 13
6423 14
6424 13
6425 16
6426 14
6427 15
6428 13
6429 13
6430 14
6431 14
6432 13
6433 15
6434 14
6435 13
6436 13
6437 13
6438 12
6439 13
6440 13
6441 14
6442 14
6443 13
6444 14
6445 14
6446 14
6447 13
6448 14
6449 13
6450 14
6451 14
6452 16
6453 14
6454 14
6455 14
6456 13
6457 12
6458 13
6459 13
6460 13
6461 13
6462 13
6463 14
6464 13
6465 13
6466 13
6467 14
6468 12
6469 13
6470 13
6471 14
6472 14
6473 13
6474 13
6475 14
6476 13
6477 15
6478 13
6479 14
6480 13
6481 13
6482 13
6483 12
6484 13
6485 13
6486 15
6487 15
6488 15
6489 15
6490 14
6491 14
6492 13
6493 14
6494 13
6495 14
6496 13
6497 13
6498 14
6499 13
6500 14
6501 14
6502 13
6503 15
6504 14
6505 14
6506 13
6507 12
6508 13
6509 13
6510 14
6511 14
6512 14
6513 11
6514 16
6515 13
6516 14
6517 14
6518 13
6519 14
6520 14
6521 14
6522 14
6523 14
6524 14
6525 14
6526 14
6527 14
6528 13
6529 14
6530 14
6531 13
6532 13
6533 13
6534 13
6535 13
6536 13
6537 15
6538 14
6539 15
6540 14
6541 13
6542 13
6543 14
6544 13
6545 13
6546 13
6547 13
6548 13
6549 15
6550 14
6551 13
6552 13
6553 13
6554 13
6555 14
6556 14
6557 13
6558 15
6559 14
6560 15
6561 14
6562 14
6563 14
6564 13
6565 13
6566 14
6567 14
6568 13
6569 13
6570 14
6571 15
6572 15
6573 14
6574 14
6575 14
6576 13
6577 11
6578 13
6579 13
6580 13
6581 13
6582 14
6583 15
6584 14
6585 14
6586 14
6587 13
6588 14
6589 13
6590 14
6591 14
6592 14
6593 14
6594 14
6595 13
6596 14
6597 14
6598 13
6599 13
6600 13
6601 14
6602 14
6603 14
6604 13
6605 14
6606 14
6607 13
6608 13
6609 13
6610 14
6611 14
6612 14
6613 11
6614 16
6615 13
6616 13
6617 14
6618 14
6619 13
6620 14
6621 14
6622 14
6623 14
6624 13
6625 15
6626 14
6627 14
6628 13
6629 13
6630 13
6631 14
6632 13
6633 15
6634 13
6635 14
6636 14
6637 15
6638 13
6639 13
6640 14
6641 13
6642 13
6643 13
6644 13
6645 14
6646 13
6647 13
6648 13
6649 14
6650 13
6651 14
6652 13
6653 15
6654 13
6655 14
6656 13
6657 14
6658 14
6659 14
6660 15
6661 15
6662 14
6663 15
6664 14
6665 14
6666 13
6667 14
6668 14
6669 15
6670 14
6671 15
6672 14
6673 15
6674 14
6675 15
6676 13
6677 14
6678 13
6679 14
6680 13
6681 14
6682 12
6683 13
6684 13
6685 14
6686 14
6687 13
6688 13
6689 13
6690 14
6691 13
6692 14
6693 13
6694 14
6695 13
6696 13
6697 13
6698 13
6699 13
6700 13
6701 13
6702 12
6703 14
6704 13
6705 14
6706 13
6707 13
6708 15
6709 16
6710 15
6711 14
6712 14
6713 12
6714 14
6715 14
6716 13
6717 13
6718 13
6719 14
6720 14
6721 13
6722 14
6723 13
6724 14
6725 13
6726 14
6727 13
6728 13
6729 13
6730 12
6731 14
6732 13
6733 14
6734 14
6735 14
6736 13
6737 14
6738 13
6739 14
6740 14
6741 14
6742 14
6743 14
6744 14
6745 13
6746 13
6747 14
6748 12
6749 13
6750 12
6751 14
6752 13
6753 13
6754 15
6755 14
6756 13
6757 13
6758 12
6759 13
6760 15
6761 14
6762 13
6763 14
6764 13
6765 15
6766 14
6767 12
6768 13
6769 14
6770 13
6771 15
6772 14
6773 12
6774 13
6775 13
6776 13
6777 12
6778 13
6779 14
6780 13
6781 15
6782 15
6783 14
6784 13
6785 12
6786 12
6787 14
6788 14
6789 15
6790 13
6791 14
6792 13
6793 14
6794 13
6795 14
6796 14
6797 14
6798 14
6799 14
6800 13
6801 14
6802 14
6803 15
6804 14
6805 14
6806 13
6807 16
6808 14
6809 14
6810 15
6811 15
6812 14
6813 11
6814 13
6815 14
6816 14
6817 15
6818 14
6819 14
6820 13
6821 14
6822 14
6823 13
6824 13
6825 15
6826 14
6827 15
6828 14
6829 15
6830 14
6831 13
6832 13
6833 13
6834 13
6835 13
6836 13
6837 14
6838 14
6839 13
6840 13
6841 13
6842 13
6843 14
6844 13
6845 13
6846 13
6847 15
6848 13
6849 14
6850 13
6851 14
6852 14
6853 15
6854 13
6855 14
6856 13
6857 14
6858 13
6859 13
6860 13
6861 13
6862 13
6863 13
6864 14
6865 14
6866 13
6867 13
6868 14
6869 14
6870 13
6871 14
6872 15
6873 14
6874 13
6875 14
6876 14
6877 14
6878 14
6879 14
6880 13
6881 14
6882 15
6883 14
6884 14
6885 15
6886 14
6887 15
6888 13
6889 14
6890 14
6891 13
6892 14
6893 14
6894 13
6895 14
6896 14
6897 13
6898 15
6899 14
6900 15
6901 13
6902 13
6903 13
6904 13
6905 14
6906 13
6907 16
6908 14
6909 15
6910 15
6911 13
6912 13
6913 11
6914 14
6915 13
6916 14
6917 13
6918 13
6919 14
6920 13
6921 15
6922 14
6923 13
6924 14
6925 15
6926 14
6927 16
6928 14
6929 15
6930 13
6931 13
6932 13
6933 14
6934 14
6935 13
6936 13
6937 13
6938 35
6939 53
6940 22
6941 19
6942 19
6943 34
6944 20
6945 16
6946 15
6947 14
6948 14
6949 13
6950 14
6951 13
6952 13
6953 14
6954 14
6955 15
6956 14
6957 15
6958 14
6959 15
6960 15
6961 15
6962 13
6963 14
6964 15
6965 15
6966 14
6967 15
6968 14
6969 13
6970 15
6971 15
6972 14
6973 14
6974 14
6975 14
6976 14
6977 13
6978 13
6979 14
6980 14
6981 14
6982 13
6983 14
6984 14
6985 14
6986 15
6987 15
6988 13
6989 14
6990 14
6991 14
6992 14
6993 14
6994 14
6995 15
6996 14
6997 14
6998 13
6999 13
7000 13
7001 13
7002 14
7003 13
7004 14
7005 13
7006 14
7007 14
7008 14
7009 13
7010 14
7011 14
7012 14
7013 11
7014 14
7015 14
7016 13
7017 14
7018 15
7019 15
7020 14
7021 14
7022 15
7023 15
7024 15
7025 13
7026 13
7027 14
7028 13
7029 13
7030 13
7031 13
7032 14
7033 14
7034 13
7035 14
7036 14
7037 13
7038 12
7039 14
7040 13
7041 14
7042 12
7043 14
7044 13
7045 13
7046 14
7047 14
7048 14
7049 14
7050 13
7051 14
7052 14
7053 15
7054 13
7055 14
7056 13
7057 14
7058 14
7059 14
7060 13
7061 15
7062 13
7063 14
7064 13
7065 14
7066 14
7067 13
7068 14
7069 15
7070 14
7071 13
7072 13
7073 14
7074 14
7075 14
7076 13
7077 14
7078 14
7079 14
7080 14
7081 14
7082 13
7083 13
7084 13
7085 14
7086 14
7087 15
7088 14
7089 16
7090 14
7091 14
7092 13
7093 13
7094 14
7095 14
7096 13
7097 14
7098 13
7099 14
7100 13
7101 15
7102 14
7103 13
7104 14
7105 13
7106 13
7107 14
7108 14
7109 14
7110 15
7111 14
7112 13
7113 11
7114 14
7115 14
7116 14
7117 13
7118 13
7119 13
7120 14
7121 13
7122 16
7123 15
7124 14
7125 14
7126 13
7127 14
7128 13
7129 13
7130 14
7131 15
7132 15
7133 14
7134 14
7135 14
7136 14
7137 14
7138 14
7139 15
7140 15
7141 13
7142 13
7143 14
7144 14
7145 15
7146 14
7147 15
7148 14
7149 15
7150 14
7151 14
7152 14
7153 16
7154 14
7155 14
7156 13
7157 15
7158 14
7159 14
7160 13
7161 14
7162 13
7163 14
7164 14
7165 14
7166 14
7167 14
7168 14
7169 14
7170 14
7171 14
7172 14
7173 15
7174 15
7175 14
7176 14
7177 13
7178 13
7179 14
7180 14
7181 14
7182 14
7183 14
7184 13
7185 15
7186 13
7187 13
7188 13
7189 14
7190 13
7191 15
7192 15
7193 14
7194 13
7195 14
7196 13
7197 15
7198 14
7199 14
7200 15
7201 14
7202 14
7203 15
7204 14
7205 14
7206 14
7207 14
7208 13
7209 14
7210 13
7211 14
7212 13
7213 11
7214 14
7215 14
7216 14
7217 15
7218 14
7219 14
7220 15
7221 14
7222 14
7223 14
7224 14
7225 15
7226 13
7227 14
7228 14
7229 15
7230 14
7231 15
7232 14
7233 13
7234 14
7235 13
7236 13
7237 14
7238 14
7239 14
7240 13
7241 15
7242 14
7243 13
7244 14
7245 14
7246 14
7247 13
7248 15
7249 14
7250 14
7251 14
7252 15
7253 14
7254 14
7255 15
7256 13
7257 14
7258 14
7259 13
7260 13
7261 13
7262 13
7263 14
7264 13
7265 13
7266 12
7267 13
7268 14
7269 14
7270 15
7271 14
7272 14
7273 14
7274 14
7275 14
7276 13
7277 13
7278 14
7279 15
7280 14
7281 14
7282 14
7283 14
7284 15
7285 14
7286 13
7287 13
7288 13
7289 14
7290 13
7291 13
7292 13
7293 13
7294 14
7295 14
7296 13
7297 14
7298 14
7299 14
7300 14
7301 14
7302 14
7303 14
7304 14
7305 13
7306 14
7307 14
7308 13
7309 14
7310 13
7311 14
7312 13
7313 10
7314 13
7315 13
7316 13
7317 12
7318 13
7319 14
7320 14
7321 13
7322 14
7323 15
7324 14
7325 15
7326 15
7327 14
7328 14
7329 15
7330 15
7331 14
7332 14
7333 15
7334 14
7335 14
7336 13
7337 14
7338 14
7339 15
7340 14
7341 14
7342 13
7343 15
7344 14
7345 14
7346 14
7347 14
7348 13
7349 15
7350 15
7351 13
7352 13
7353 14
7354 13
7355 14
7356 13
7357 14
7358 13
7359 14
7360 13
7361 13
7362 14
7363 14
7364 13
7365 15
7366 14
7367 14
7368 15
7369 14
7370 13
7371 13
7372 14
7373 13
7374 13
7375 14
7376 13
7377 14
7378 14
7379 15
7380 14
7381 14
7382 14
7383 15
7384 14
7385 14
7386 14
7387 13
7388 14
7389 15
7390 13
7391 14
7392 13
7393 16
7394 15
7395 14
7396 14
7397 14
7398 17
7399 15
7400 13
7401 14
7402 14
7403 14
7404 13
7405 13
7406 13
7407 14
7408 13
7409 13
7410 14
7411 14
7412 14
7413 11
7414 12
7415 13
7416 13
7417 13
7418 13
7419 14
7420 14
7421 13
7422 13
7423 14
7424 13
7425 14
7426 14
7427 15
7428 14
7429 15
7430 13
7431 12
7432 14
7433 13
7434 14
7435 13
7436 14
7437 14
7438 14
7439 14
7440 14
7441 14
7442 13
7443 14
7444 13
7445 14
7446 13
7447 14
7448 14
7449 14
7450 14
7451 14
7452 13
7453 14
7454 13
7455 13
7456 13
7457 14
7458 13
7459 13
7460 13
7461 13
7462 13
7463 13
7464 13
7465 13
7466 14
7467 15
7468 13
7469 14
7470 14
7471 15
7472 14
7473 14
7474 14
7475 13
7476 14
7477 15
7478 14
7479 14
7480 14
7481 14
7482 14
7483 14
7484 13
7485 14
7486 13
7487 14
7488 14
7489 14
7490 13
7491 14
7492 14
7493 14
7494 14
7495 14
7496 14
7497 14
7498 15
7499 15
7500 14
7501 14
7502 13
7503 14
7504 14
7505 15
7506 15
7507 14
7508 13
7509 14
7510 15
7511 14
7512 14
7513 11
7514 15
7515 15
7516 14
7517 15
7518 14
7519 15
7520 14
7521 13
7522 14
7523 14
7524 14
7525 13
7526 14
7527 14
7528 14
7529 14
7530 15
7531 14
7532 14
7533 14
7534 14
7535 14
7536 13
7537 15
7538 13
7539 14
7540 13
7541 13
7542 14
7543 15
7544 14
7545 13
7546 13
7547 13
7548 13
7549 13
7550 13
7551 13
7552 13
7553 13
7554 14
7555 14
7556 13
7557 14
7558 14
7559 13
7560 13
7561 14
7562 14
7563 14
7564 14
7565 13
7566 14
7567 13
7568 14
7569 13
7570 14
7571 14
7572 14
7573 14
7574 13
7575 13
7576 13
7577 14
7578 13
7579 13
7580 14
7581 13
7582 14
7583 14
7584 14
7585 14
7586 14
7587 14
7588 13
7589 13
7590 14
7591 15
7592 14
7593 14
7594 14
7595 13
7596 13
7597 13
7598 11
7599 13
7600 14
7601 15
7602 14
7603 14
7604 13
7605 14
7606 13
7607 14
7608 14
7609 14
7610 13
7611 13
7612 13
7613 11
7614 13
7615 13
7616 13
7617 13
7618 13
7619 14
7620 14
7621 14
7622 14
7623 14
7624 13
7625 14
7626 14
7627 14
7628 14
7629 13
7630 13
7631 13
7632 14
7633 14
7634 14
7635 14
7636 13
7637 14
7638 14
7639 14
7640 14
7641 13
7642 13
7643 14
7644 14
7645 15
7646 14
7647 14
7648 14
7649 15
7650 14
7651 13
7652 14
7653 13
7654 14
7655 13
7656 13
7657 13
7658 13
7659 16
7660 14
7661 13
7662 13
7663 14
7664 14
7665 13
7666 14
7667 13
7668 14
7669 14
7670 13
7671 13
7672 13
7673 13
7674 13
7675 15
7676 13
7677 15
7678 15
7679 13
7680 13
7681 14
7682 15
7683 14
7684 14
7685 14
7686 13
7687 13
7688 13
7689 14
7690 14
7691 13
7692 13
7693 13
7694 13
7695 13
7696 13
7697 14
7698 13
7699 14
7700 14
7701 13
7702 13
7703 13
7704 14
7705 14
7706 14
7707 14
7708 14
7709 14
7710 15
7711 14
7712 14
7713 11
7714 15
7715 14
7716 14
7717 14
7718 14
7719 13
7720 13
7721 14
7722 14
7723 15
7724 13
7725 14
7726 14
7727 14
7728 13
7729 14
7730 13
7731 13
7732 13
7733 14
7734 13
7735 14
7736 13
7737 13
7738 13
7739 14
7740 14
7741 14
7742 14
7743 13
7744 13
7745 13
7746 14
7747 14
7748 13
7749 15
7750 14
7751 13
7752 14
7753 13
7754 14
7755 13
7756 14
7757 12
7758 14
7759 13
7760 14
7761 14
7762 14
7763 15
7764 14
7765 13
7766 14
7767 15
7768 14
7769 14
7770 13
7771 14
7772 14
7773 14
7774 13
7775 14
7776 14
7777 14
7778 13
7779 14
7780 13
7781 13
7782 14
7783 14
7784 14
7785 15
7786 14
7787 14
7788 14
7789 13
7790 13
7791 13
7792 13
7793 14
7794 13
7795 14
7796 14
7797 15
7798 14
7799 14
7800 14
7801 14
7802 14
7803 15
7804 14
7805 14
7806 13
7807 15
7808 15
7809 15
7810 15
7811 15
7812 13
7813 11
7814 15
7815 15
7816 15
7817 13
7818 14
7819 14
7820 14
7821 15
7822 13
7823 14
7824 14
7825 13
7826 12
7827 13
7828 12
7829 12
7830 13
7831 14
7832 13
7833 13
7834 12
7835 13
7836 13
7837 13
7838 13
7839 14
7840 14
7841 14
7842 14
7843 13
7844 14
7845 13
7846 12
7847 13
7848 13
7849 14
7850 13
7851 13
7852 12
7853 13
7854 13
7855 14
7856 13
7857 14
7858 13
7859 14
7860 14
7861 14
7862 13
7863 13
7864 13
7865 14
7866 13
7867 13
7868 12
7869 14
7870 13
7871 14
7872 13
7873 14
7874 14
7875 14
7876 13
7877 14
7878 13
7879 14
7880 13
7881 14
7882 13
7883 13
7884 13
7885 14
7886 14
7887 15
7888 14
7889 13
7890 13
7891 14
7892 13
7893 13
7894 13
7895 13
7896 14
7897 13
7898 16
7899 14
7900 14
7901 14
7902 13
7903 14
7904 13
7905 14
7906 13
7907 13
7908 13
7909 13
7910 16
7911 15
7912 14
7913 11
7914 16
7915 14
7916 14
7917 14
7918 13
7919 13
7920 13
7921 14
7922 14
7923 13
7924 13
7925 13
7926 13
7927 13
7928 13
7929 13
7930 13
7931 13
7932 14
7933 13
7934 13
7935 13
7936 13
7937 15
7938 14
7939 13
7940 13
7941 13
7942 14
7943 13
7944 37
7945 51
7946 18
7947 21
7948 19
7949 31
7950 20
7951 16
7952 15
7953 15
7954 15
7955 14
7956 13
7957 13
7958 15
7959 15
7960 12
7961 15
7962 13
7963 13
7964 13
7965 15
7966 14
7967 14
7968 14
7969 14
7970 14
7971 15
7972 15
7973 13
7974 14
7975 14
7976 16
7977 13
7978 14
7979 15
7980 15
7981 15
7982 14
7983 15
7984 14
7985 15
7986 14
7987 15
7988 14
7989 14
7990 15
7991 14
7992 15
7993 14
7994 13
7995 14
7996 14
7997 14
7998 14
7999 13
8000 13
8001 14
8002 13
8003 13
8004 14
8005 13
8006 13
8007 14
8008 15
8009 14
8010 14
8011 14
8012 14
8013 11
8014 14
8015 14
8016 13
8017 14
8018 14
8019 13
8020 14
8021 13
8022 14
8023 13
8024 13
8025 15
8026 13
8027 14
8028 13
8029 13
8030 13
8031 13
8032 13
8033 14
8034 13
8035 14
8036 14
8037 14
8038 13
8039 12
8040 13
8041 14
8042 14
8043 15
8044 15
8045 14
8046 13
8047 14
8048 13
8049 14
8050 13
8051 14
8052 15
8053 13
8054 14
8055 14
8056 14
8057 14
8058 13
8059 14
8060 14
8061 15
8062 13
8063 13
8064 12
8065 13
8066 13
8067 14
8068 14
8069 13
8070 14
8071 14
8072 14
8073 14
8074 14
8075 14
8076 14
8077 13
8078 14
8079 14
8080 14
8081 15
8082 15
8083 15
8084 14
8085 13
8086 13
8087 14
8088 14
8089 13
8090 13
8091 14
8092 14
8093 14
8094 13
8095 13
8096 13
8097 14
8098 12
8099 14
8100 13
8101 13
8102 13
8103 13
8104 13
8105 14
8106 14
8107 15
8108 14
8109 13
8110 14
8111 13
8112 14
8113 11
8114 14
8115 15
8116 14
8117 13
8118 13
8119 13
8120 13
8121 13
8122 13
8123 13
8124 14
8125 14
8126 13
8127 14
8128 13
8129 14
8130 14
8131 14
8132 14
8133 13
8134 13
8135 13
8136 14
8137 14
8138 14
8139 15
8140 14
8141 13
8142 12
8143 14
8144 13
8145 14
8146 13
8147 14
8148 14
8149 14
8150 13
8151 14
8152 15
8153 13
8154 15
8155 15
8156 14
8157 15
8158 15
8159 14
8160 14
8161 14
8162 15
8163 14
8164 14
8165 13
8166 14
8167 15
8168 14
8169 13
8170 13
8171 13
8172 13
8173 15
8174 13
8175 15
8176 13
8177 14
8178 13
8179 15
8180 14
8181 14
8182 14
8183 14
8184 14
8185 14
8186 14
8187 15
8188 13
8189 14
8190 13
8191 14
8192 13
8193 13
8194 15
8195 14
8196 14
8197 14
8198 14
8199 14
8200 13
8201 14
8202 13
8203 14
8204 14
8205 14
8206 15
8207 14
8208 15
8209 14
8210 14
8211 14
8212 14
8213 11
8214 14
8215 15
8216 14
8217 15
8218 14
8219 14
8220 13
8221 13
8222 15
8223 15
8224 14
8225 14
8226 13
8227 14
8228 13
8229 14
8230 14
8231 14
8232 15
8233 13
8234 13
8235 13
8236 13
8237 14
8238 12
8239 13
8240 14
8241 13
8242 14
8243 14
8244 14
8245 13
8246 13
8247 13
8248 13
8249 13
8250 13
8251 13
8252 13
8253 13
8254 13
8255 15
8256 14
8257 15
8258 14
8259 13
8260 13
8261 13
8262 14
8263 13
8264 13
8265 14
8266 14
8267 15
8268 14
8269 15
8270 14
8271 14
8272 14
8273 16
8274 14
8275 14
8276 14
8277 13
8278 13
8279 14
8280 13
8281 13
8282 14
8283 13
8284 14
8285 14
8286 13
8287 14
8288 13
8289 13
8290 14
8291 13
8292 13
8293 14
8294 13
8295 14
8296 15
8297 14
8298 13
8299 14
8300 14
8301 14
8302 14
8303 13
8304 13
8305 13
8306 14
8307 15
8308 14
8309 15
8310 15
8311 15
8312 14
8313 10
8314 14
8315 14
8316 13
8317 14
8318 14
8319 15
8320 14
8321 15
8322 14
8323 15
8324 14
8325 14
8326 14
8327 14
8328 14
8329 14
8330 13
8331 14
8332 13
8333 14
8334 13
8335 14
8336 13
8337 14
8338 13
8339 14
8340 14
8341 14
8342 14
8343 14
8344 14
8345 14
8346 14
8347 15
8348 14
8349 15
8350 13
8351 12
8352 14
8353 13
8354 14
8355 13
8356 13
8357 14
8358 13
8359 13
8360 14
8361 14
8362 14
8363 15
8364 13
8365 12
8366 13
8367 13
8368 13
8369 14
8370 13
8371 13
8372 13
8373 13
8374 14
8375 14
8376 13
8377 15
8378 13
8379 14
8380 13
8381 14
8382 13
8383 14
8384 13
8385 14
8386 14
8387 14
8388 14
8389 14
8390 15
8391 13
8392 14
8393 14
8394 13
8395 13
8396 13
8397 14
8398 14
8399 15
8400 15
8401 14
8402 15
8403 14
8404 14
8405 14
8406 15
8407 14
8408 15
8409 15
8410 14
8411 13
8412 13
8413 12
8414 15
8415 14
8416 14
8417 14
8418 14
8419 14
8420 13
8421 14
8422 14
8423 14
8424 15
8425 15
8426 14
8427 15
8428 13
8429 14
8430 14
8431 14
8432 15
8433 14
8434 13
8435 13
8436 12
8437 13
8438 12
8439 13
8440 13
8441 13
8442 13
8443 14
8444 13
8445 14
8446 13
8447 15
8448 12
8449 13
8450 13
8451 13
8452 13
8453 14
8454 13
8455 14
8456 13
8457 13
8458 13
8459 14
8460 14
8461 14
8462 14
8463 16
8464 13
8465 13
8466 13
8467 15
8468 13
8469 13
8470 13
8471 13
8472 13
8473 14
8474 13
8475 14
8476 14
8477 14
8478 14
8479 14
8480 14
8481 16
8482 14
8483 14
8484 14
8485 14
8486 13
8487 13
8488 13
8489 15
8490 13
8491 14
8492 14
8493 14
8494 13
8495 14
8496 15
8497 13
8498 13
8499 14
8500 14
8501 15
8502 14
8503 13
8504 14
8505 14
8506 13
8507 12
8508 13
8509 14
8510 13
8511 13
8512 12
8513 11
8514 14
8515 13
8516 14
8517 15
8518 13
8519 12
8520 13
8521 14
8522 14
8523 15
8524 15
8525 14
8526 14
8527 13
8528 14
8529 14
8530 15
8531 14
8532 13
8533 14
8534 14
8535 14
8536 13
8537 13
8538 13
8539 13
8540 13
8541 14
8542 14
8543 14
8544 14
8545 13
8546 13
8547 14
8548 14
8549 13
8550 14
8551 13
8552 13
8553 14
8554 14
8555 14
8556 13
8557 14
8558 14
8559 13
8560 14
8561 13
8562 13
8563 14
8564 13
8565 14
8566 13
8567 14
8568 14
8569 14
8570 13
8571 13
8572 13
8573 13
8574 12
8575 14
8576 14
8577 14
8578 14
8579 14
8580 14
8581 15
8582 13
8583 14
8584 14
8585 14
8586 14
8587 13
8588 14
8589 14
8590 13
8591 13
8592 13
8593 14
8594 13
8595 13
8596 13
8597 13
8598 11
8599 14
8600 13
8601 13
8602 13
8603 13
8604 14
8605 15
8606 15
8607 15
8608 13
8609 14
8610 15
8611 14
8612 14
8613 11
8614 15
8615 14
8616 14
8617 14
8618 14
8619 14
8620 13
8621 15
8622 15
8623 15
8624 14
8625 15
8626 14
8627 14
8628 13
8629 15
8630 14
8631 14
8632 14
8633 13
8634 14
8635 13
8636 13
8637 14
8638 14
8639 14
8640 14
8641 15
8642 14
8643 13
8644 14
8645 14
8646 13
8647 13
8648 14
8649 13
8650 13
8651 13
8652 13
8653 13
8654 13
8655 12
8656 14
8657 13
8658 13
8659 13
8660 15
8661 13
8662 13
8663 13
8664 13
8665 14
8666 13
8667 13
8668 12
8669 13
8670 12
8671 13
8672 13
8673 13
8674 13
8675 16
8676 15
8677 14
8678 14
8679 14
8680 14
8681 14
8682 13
8683 14
8684 14
8685 13
8686 14
8687 13
8688 14
8689 13
8690 13
8691 13
8692 13
8693 14
8694 15
8695 14
8696 14
8697 14
8698 13
8699 15
8700 14
8701 14
8702 14
8703 14
8704 14
8705 14
8706 15
8707 14
8708 13
8709 13
8710 15
8711 14
8712 13
8713 11
8714 13
8715 14
8716 13
8717 13
8718 12
8719 13
8720 13
8721 14
8722 14
8723 14
8724 13
8725 13
8726 12
8727 13
8728 12
8729 13
8730 13
8731 14
8732 14
8733 13
8734 14
8735 15
8736 14
8737 13
8738 13
8739 13
8740 14
8741 13
8742 13
8743 13
8744 13
8745 14
8746 14
8747 13
8748 13
8749 14
8750 13
8751 14
8752 13
8753 14
8754 14
8755 14
8756 13
8757 13
8758 13
8759 14
8760 13
8761 15
8762 14
8763 14
8764 14
8765 15
8766 14
8767 14
8768 14
8769 14
8770 14
8771 14
8772 14
8773 14
8774 14
8775 13
8776 14
8777 15
8778 14
8779 13
8780 13
8781 14
8782 13
8783 13
8784 13
8785 13
8786 13
8787 12
8788 13
8789 14
8790 14
8791 14
8792 14
8793 14
8794 14
8795 15
8796 14
8797 14
8798 15
8799 13
8800 13
8801 14
8802 14
8803 14
8804 14
8805 14
8806 14
8807 14
8808 14
8809 15
8810 15
8811 14
8812 13
8813 11
8814 14
8815 13
8816 14
8817 14
8818 14
8819 13
8820 13
8821 13
8822 13
8823 13
8824 14
8825 14
8826 13
8827 13
8828 13
8829 13
8830 13
8831 13
8832 14
8833 14
8834 14
8835 13
8836 14
8837 14
8838 14
8839 13
8840 13
8841 13
8842 14
8843 13
8844 13
8845 14
8846 14
8847 13
8848 13
8849 13
8850 13
8851 14
8852 13
8853 14
8854 13
8855 14
8856 13
8857 15
8858 14
8859 13
8860 13
8861 13
8862 13
8863 13
8864 13
8865 14
8866 13
8867 13
8868 13
8869 15
8870 13
8871 13
8872 14
8873 14
8874 14
8875 15
8876 14
8877 13
8878 14
8879 14
8880 14
8881 14
8882 13
8883 14
8884 13
8885 13
8886 13
8887 14
8888 14
8889 14
8890 13
8891 13
8892 13
8893 14
8894 13
8895 13
8896 13
8897 15
8898 14
8899 15
8900 13
8901 14
8902 14
8903 14
8904 14
8905 15
8906 13
8907 15
8908 15
8909 13
8910 14
8911 15
8912 14
8913 10
8914 15
8915 14
8916 14
8917 15
8918 14
8919 13
8920 14
8921 13
8922 13
8923 13
8924 13
8925 13
8926 13
8927 15
8928 13
8929 13
8930 14
8931 15
8932 14
8933 13
8934 14
8935 12
8936 13
8937 13
8938 13
8939 15
8940 14
8941 13
8942 14
8943 14
8944 15
8945 14
8946 14
8947 15
8948 14
8949 15
8950 69
8951 38
8952 22
8953 22
8954 20
8955 31
8956 18
8957 15
8958 14
8959 16
8960 15
8961 14
8962 13
8963 14
8964 14
8965 14
8966 14
8967 15
8968 14
8969 14
8970 14
8971 13
8972 14
8973 15
8974 14
8975 14
8976 14
8977 15
8978 14
8979 14
8980 13
8981 14
8982 13
8983 14
8984 13
8985 13
8986 12
8987 14
8988 12
8989 13
8990 14
8991 14
8992 14
8993 14
8994 13
8995 14
8996 13
8997 14
8998 13
8999 14
9000 12
9001 14
9002 12
9003 13
9004 14
9005 14
9006 13
9007 13
9008 12
9009 14
9010 14
9011 13
9012 12
9013 13
9014 14
9015 13
9016 13
9017 13
9018 13
9019 12
9020 12
9021 14
9022 13
9023 14
9024 13
9025 13
9026 13
9027 13
9028 13
9029 15
9030 13
9031 15
9032 13
9033 14
9034 13
9035 14
9036 14
9037 14
9038 13
9039 13
9040 14
9041 14
9042 14
9043 13
9044 13
9045 14
9046 13
9047 13
9048 14
9049 13
9050 14
9051 14
9052 14
9053 14
9054 13
9055 15
9056 15
9057 13
9058 12
9059 13
9060 12
9061 13
9062 14
9063 13
9064 13
9065 14
9066 13
9067 12
9068 14
9069 15
9070 21
9071 16
9072 15
9073 15
9074 14
9075 14
9076 13
9077 14
9078 13
9079 13
9080 13
9081 14
9082 14
9083 14
9084 14
9085 13
9086 13
9087 13
9088 14
9089 15
9090 14
9091 14
9092 14
9093 14
9094 13
9095 13
9096 14
9097 14
9098 11
9099 15
9100 14
9101 14
9102 12
9103 13
9104 13
9105 13
9106 16
9107 16
9108 14
9109 14
9110 16
9111 14
9112 14
9113 12
9114 14
9115 14
9116 14
9117 14
9118 13
9119 14
9120 13
9121 14
9122 14
9123 14
9124 14
9125 14
9126 13
9127 13
9128 13
9129 13
9130 13
9131 15
9132 13
9133 14
9134 13
9135 14
9136 14
9137 14
9138 13
9139 13
9140 12
9141 13
9142 14
9143 13
9144 13
9145 14
9146 14
9147 13
9148 13
9149 15
9150 14
9151 14
9152 13
9153 12
9154 14
9155 14
9156 14
9157 14
9158 13
9159 13
9160 13
9161 14
9162 13
9163 13
9164 13
9165 14
9166 14
9167 13
9168 13
9169 13
9170 13
9171 13
9172 13
9173 14
9174 13
9175 14
9176 14
9177 14
9178 15
9179 14
9180 14
9181 14
9182 13
9183 14
9184 14
9185 15
9186 14
9187 13
9188 13
9189 15
9190 14
9191 14
9192 14
9193 13
9194 14
9195 13
9196 14
9197 14
9198 14
9199 13
9200 13
9201 13
9202 13
9203 15
9204 14
9205 13
9206 15
9207 13
9208 14
9209 14
9210 15
9211 15
9212 14
9213 11
9214 13
9215 13
9216 13
9217 14
9218 13
9219 15
9220 14
9221 14
9222 13
9223 14
9224 13
9225 14
9226 13
9227 13
9228 13
9229 13
9230 13
9231 13
9232 13
9233 14
9234 13
9235 13
9236 13
9237 13
9238 14
9239 13
9240 14
9241 14
9242 15
9243 14
9244 14
9245 14
9246 14
9247 14
9248 15
9249 13
9250 13
9251 13
9252 14
9253 14
9254 14
9255 13
9256 14
9257 14
9258 13
9259 13
9260 12
9261 13
9262 13
9263 12
9264 13
9265 15
9266 13
9267 14
9268 14
9269 12
9270 12
9271 13
9272 12
9273 14
9274 13
9275 13
9276 13
9277 12
9278 12
9279 14
9280 12
9281 13
9282 13
9283 13
9284 12
9285 13
9286 13
9287 14
9288 14
9289 13
9290 14
9291 15
9292 14
9293 13
9294 13
9295 13
9296 13
9297 14
9298 12
9299 13
9300 13
9301 14
9302 13
9303 13
9304 13
9305 12
9306 13
9307 13
9308 13
9309 13
9310 14
9311 14
9312 13
9313 11
9314 15
9315 13
9316 13
9317 14
9318 14
9319 14
9320 15
9321 12
9322 14
9323 14
9324 13
9325 13
9326 13
9327 14
9328 13
9329 14
9330 14
9331 14
9332 13
9333 15
9334 14
9335 14
9336 14
9337 14
9338 14
9339 14
9340 13
9341 12
9342 13
9343 15
9344 14
9345 14
9346 13
9347 15
9348 14
9349 13
9350 13
9351 15
9352 14
9353 13
9354 13
9355 14
9356 14
9357 14
9358 13
9359 14
9360 14
9361 14
9362 13
9363 14
9364 14
9365 13
9366 14
9367 13
9368 13
9369 13
9370 14
9371 14
9372 15
9373 14
9374 13
9375 14
9376 12
9377 14
9378 14
9379 14
9380 13
9381 13
9382 13
9383 14
9384 13
9385 14
9386 14
9387 13
9388 13
9389 13
9390 13
9391 14
9392 13
9393 15
9394 14
9395 13
9396 14
9397 13
9398 16
9399 14
9400 14
9401 14
9402 13
9403 14
9404 14
9405 14
9406 14
9407 14
9408 16
9409 14
9410 15
9411 14
9412 13
9413 11
9414 14
9415 14
9416 15
9417 13
9418 13
9419 13
9420 13
9421 14
9422 12
9423 15
9424 14
9425 13
9426 13
9427 14
9428 14
9429 14
9430 13
9431 13
9432 14
9433 14
9434 13
9435 13
9436 13
9437 12
9438 12
9439 13
9440 14
9441 13
9442 14
9443 14
9444 14
9445 15
9446 14
9447 14
9448 14
9449 14
9450 14
9451 15
9452 13
9453 14
9454 13
9455 15
9456 14
9457 14
9458 13
9459 14
9460 13
9461 14
9462 14
9463 13
9464 13
9465 15
9466 14
9467 15
9468 15
9469 15
9470 14
9471 14
9472 13
9473 14
9474 13
9475 14
9476 14
9477 13
9478 14
9479 13
9480 13
9481 13
9482 14
9483 15
9484 14
9485 15
9486 14
9487 12
9488 14
9489 15
9490 14
9491 14
9492 15
9493 13
9494 13
9495 13
9496 13
9497 15
9498 13
9499 13
9500 13
9501 14
9502 13
9503 13
9504 13
9505 14
9506 13
9507 12
9508 13
9509 15
9510 15
9511 13
9512 13
9513 11
9514 13
9515 14
9516 14
9517 13
9518 13
9519 13
9520 13
9521 13
9522 13
9523 14
9524 13
9525 14
9526 13
9527 14
9528 14
9529 14
9530 14
9531 13
9532 13
9533 13
9534 14
9535 14
9536 14
9537 13
9538 13
9539 13
9540 13
9541 13
9542 13
9543 14
9544 12
9545 13
9546 13
9547 14
9548 14
9549 14
9550 14
9551 14
9552 14
9553 14
9554 13
9555 16
9556 14
9557 14
9558 14
9559 14
9560 13
9561 13
9562 13
9563 14
9564 14
9565 14
9566 13
9567 15
9568 13
9569 13
9570 13
9571 15
9572 14
9573 14
9574 12
9575 14
9576 13
9577 12
9578 14
9579 14
9580 13
9581 14
9582 14
9583 15
9584 13
9585 13
9586 12
9587 13
9588 13
9589 13
9590 13
9591 14
9592 13
9593 13
9594 13
9595 13
9596 13
9597 13
9598 11
9599 14
9600 13
9601 14
9602 14
9603 13
9604 13
9605 13
9606 14
9607 14
9608 14
9609 14
9610 14
9611 14
9612 14
9613 11
9614 15
9615 14
9616 14
9617 13
9618 14
9619 13
9620 13
9621 13
9622 13
9623 14
9624 14
9625 15
9626 14
9627 14
9628 14
9629 14
9630 14
9631 13
9632 15
9633 15
9634 13
9635 13
9636 13
9637 13
9638 14
9639 15
9640 13
9641 15
9642 14
9643 15
9644 14
9645 12
9646 13
9647 13
9648 13
9649 15
9650 13
9651 14
9652 15
9653 15
9654 14
9655 14
9656 14
9657 13
9658 13
9659 15
9660 14
9661 15
9662 13
9663 13
9664 13
9665 14
9666 14
9667 14
9668 14
9669 15
9670 14
9671 13
9672 14
9673 14
9674 13
9675 14
9676 13
9677 13
9678 13
9679 13
9680 14
9681 14
9682 14
9683 14
9684 13
9685 14
9686 13
9687 14
9688 13
9689 14
9690 13
9691 14
9692 14
9693 14
9694 14
9695 14
9696 13
9697 13
9698 12
9699 13
9700 12
9701 13
9702 13
9703 13
9704 13
9705 14
9706 14
9707 14
9708 13
9709 13
9710 14
9711 13
9712 12
9713 11
9714 13
9715 14
9716 14
9717 14
9718 14
9719 15
9720 13
9721 14
9722 13
9723 15
9724 14
9725 13
9726 14
9727 14
9728 14
9729 15
9730 14
9731 15
9732 14
9733 14
9734 14
9735 13
9736 13
9737 14
9738 13
9739 14
9740 13
9741 14
9742 14
9743 13
9744 13
9745 14
9746 14
9747 13
9748 14
9749 14
9750 14
9751 15
9752 14
9753 13
9754 14
9755 15
9756 14
9757 14
9758 14
9759 15
9760 14
9761 15
9762 14
9763 15
9764 14
9765 13
9766 14
9767 13
9768 13
9769 15
9770 13
9771 12
9772 13
9773 14
9774 12
9775 14
9776 13
9777 12
9778 13
9779 15
9780 14
9781 14
9782 14
9783 13
9784 13
9785 13
9786 12
9787 12
9788 13
9789 12
9790 13
9791 14
9792 14
9793 14
9794 13
9795 14
9796 14
9797 15
9798 14
9799 15
9800 13
9801 14
9802 14
9803 13
9804 14
9805 15
9806 14
9807 14
9808 13
9809 13
9810 13
9811 14
9812 13
9813 10
9814 15
9815 14
9816 14
9817 15
9818 14
9819 16
9820 15
9821 14
9822 13
9823 14
9824 13
9825 14
9826 13
9827 13
9828 13
9829 13
9830 13
9831 13
9832 15
9833 14
9834 13
9835 13
9836 14
9837 13
9838 12
9839 13
9840 13
9841 13
9842 13
9843 14
9844 13
9845 13
9846 13
9847 13
9848 13
9849 13
9850 13
9851 14
9852 14
9853 13
9854 14
9855 14
9856 14
9857 13
9858 14
9859 14
9860 14
9861 15
9862 13
9863 13
9864 13
9865 13
9866 14
9867 14
9868 14
9869 14
9870 14
9871 15
9872 13
9873 14
9874 13
9875 13
9876 14
9877 14
9878 13
9879 14
9880 13
9881 13
9882 13
9883 13
9884 14
9885 14
9886 15
9887 15
9888 14
9889 14
9890 14
9891 14
9892 14
9893 14
9894 14
9895 14
9896 14
9897 15
9898 14
9899 14
9900 14
9901 14
9902 13
9903 13
9904 13
9905 13
9906 14
9907 13
9908 13
9909 12
9910 14
9911 14
9912 14
9913 11
9914 15
9915 14
9916 13
9917 14
9918 15
9919 14
9920 13
9921 13
9922 14
9923 15
9924 13
9925 13
9926 14
9927 14
9928 14
9929 14
9930 13
9931 14
9932 13
9933 12
9934 13
9935 14
9936 14
9937 14
9938 14
9939 14
9940 14
9941 14
9942 14
9943 13
9944 13
9945 13
9946 14
9947 13
9948 14
9949 13
9950 13
9951 13
9952 14
9953 13
9954 14
9955 13
9956 69
9957 39
9958 21
9959 21
9960 19
9961 36
9962 16
9963 14
9964 14
9965 14
9966 14
9967 16
9968 14
9969 15
9970 15
9971 15
9972 13
9973 14
9974 14
9975 13
9976 13
9977 13
9978 14
9979 14
9980 14
9981 15
9982 13
9983 13
9984 13
9985 14
9986 13
9987 12
9988 13
9989 15
9990 14
9991 15
9992 13
9993 14
9994 13
9995 15
9996 14
9997 13
9998 13
9999 13
# sum: 14
# min: 10
# max: 92
# err cnt: 0
