2188 1
2189 2
2190 1
2191 4
2192 3
2193 4
2194 5
2195 5
2196 4
2197 13
2198 4
2199 5
2200 7
2201 2
2202 4
2203 6
2204 7
2205 12
2206 12
2207 11
2208 23
2209 36
2210 42
2211 37
2212 16
2213 28
2214 21
2215 19
2216 16
2217 13
2218 15
2219 14
2220 29
2221 53
2222 39
2223 27
2224 32
2225 35
2226 28
2227 16
2228 19
2229 18
2230 19
2231 9
2232 24
2233 31
2234 24
2235 22
2236 27
2237 25
2238 9
2239 12
2240 15
2241 14
2242 15
2243 4
2244 8
2245 6
2246 4
2247 3
2248 1
2249 4
2250 1
2251 4
2252 4
2253 3
2254 2
2255 3
2256 2
2257 2
2259 1
2260 2
2261 2
2262 3
2268 2
2271 1
2273 1
2274 1
2275 1
2320 1
