0 32
1 24
2 22
3 23
4 22
5 22
6 23
7 23
8 22
9 23
10 22
11 22
12 22
13 22
14 22
15 22
16 22
17 22
18 22
19 22
20 23
21 22
22 22
23 23
24 22
25 23
26 22
27 22
28 22
29 22
30 22
31 22
32 22
33 22
34 22
35 22
36 22
37 22
38 22
39 23
40 22
41 22
42 22
43 23
44 22
45 22
46 22
47 22
48 22
49 22
50 22
51 22
52 22
53 23
54 23
55 22
56 22
57 23
58 22
59 22
60 22
61 22
62 22
63 22
64 22
65 22
66 22
67 22
68 22
69 22
70 22
71 22
72 22
73 22
74 22
75 22
76 22
77 22
78 22
79 22
80 22
81 22
82 23
83 22
84 22
85 22
86 22
87 22
88 22
89 22
90 22
91 22
92 22
93 22
94 22
95 23
96 22
97 22
98 22
99 22
100 22
101 22
102 22
103 22
104 22
105 22
106 22
107 22
108 22
109 22
110 22
111 23
112 22
113 22
114 22
115 22
116 22
117 22
118 22
119 22
120 22
121 22
122 22
123 22
124 22
125 23
126 22
127 22
128 22
129 23
130 23
131 23
132 22
133 22
134 22
135 22
136 22
137 22
138 22
139 22
140 22
141 23
142 22
143 22
144 22
145 22
146 22
147 22
148 23
149 22
150 22
151 22
152 22
153 22
154 22
155 22
156 22
157 22
158 22
159 22
160 22
161 22
162 22
163 22
164 22
165 22
166 22
167 22
168 22
169 23
170 22
171 22
172 22
173 22
174 22
175 22
176 22
177 22
178 22
179 22
180 22
181 22
182 22
183 22
184 22
185 22
186 22
187 22
188 22
189 23
190 22
191 22
192 22
193 22
194 22
195 22
196 22
197 22
198 22
199 22
200 22
201 22
202 22
203 22
204 22
205 23
206 22
207 22
208 22
209 22
210 22
211 22
212 22
213 22
214 22
215 22
216 22
217 22
218 22
219 22
220 22
221 22
222 23
223 22
224 22
225 22
226 22
227 22
228 23
229 22
230 22
231 22
232 22
233 22
234 22
235 22
236 22
237 22
238 22
239 22
240 22
241 22
242 22
243 22
244 22
245 22
246 22
247 22
248 22
249 22
250 22
251 22
252 22
253 22
254 22
255 22
256 22
257 22
258 22
259 22
260 22
261 22
262 22
263 22
264 22
265 22
266 22
267 22
268 22
269 22
270 22
271 22
272 22
273 23
274 22
275 22
276 22
277 22
278 23
279 22
280 22
281 22
282 23
283 22
284 22
285 22
286 22
287 22
288 22
289 22
290 23
291 22
292 23
293 22
294 23
295 22
296 22
297 22
298 22
299 22
300 22
301 22
302 22
303 22
304 22
305 22
306 22
307 22
308 22
309 22
310 23
311 22
312 22
313 22
314 22
315 22
316 22
317 22
318 22
319 22
320 22
321 22
322 22
323 22
324 22
325 22
326 22
327 22
328 22
329 22
330 22
331 22
332 23
333 23
334 23
335 22
336 22
337 22
338 22
339 22
340 22
341 22
342 22
343 22
344 22
345 22
346 22
347 22
348 22
349 22
350 22
351 22
352 22
353 22
354 22
355 22
356 22
357 22
358 22
359 22
360 22
361 22
362 22
363 23
364 22
365 22
366 22
367 23
368 23
369 23
370 23
371 22
372 22
373 22
374 22
375 22
376 22
377 22
378 22
379 22
380 22
381 22
382 22
383 22
384 23
385 22
386 22
387 22
388 22
389 22
390 23
391 22
392 22
393 22
394 22
395 22
396 22
397 22
398 22
399 22
400 22
401 22
402 22
403 22
404 22
405 23
406 22
407 22
408 22
409 22
410 22
411 23
412 22
413 22
414 22
415 22
416 22
417 22
418 22
419 22
420 22
421 22
422 22
423 22
424 22
425 22
426 22
427 22
428 22
429 22
430 22
431 22
432 22
433 22
434 22
435 22
436 22
437 22
438 22
439 23
440 23
441 22
442 23
443 23
444 22
445 22
446 22
447 22
448 22
449 22
450 22
451 22
452 22
453 23
454 22
455 22
456 22
457 22
458 22
459 22
460 22
461 22
462 22
463 22
464 22
465 22
466 22
467 23
468 22
469 22
470 22
471 22
472 22
473 23
474 22
475 23
476 22
477 22
478 22
479 22
480 22
481 22
482 22
483 22
484 22
485 22
486 23
487 22
488 22
489 22
490 22
491 22
492 22
493 22
494 22
495 22
496 23
497 22
498 22
499 22
500 23
501 22
502 22
503 23
504 22
505 22
506 22
507 22
508 22
509 22
510 22
511 23
512 22
513 23
514 23
515 23
516 23
517 23
518 22
519 22
520 22
521 22
522 22
523 22
524 22
525 22
526 22
527 22
528 22
529 23
530 22
531 22
532 22
533 22
534 22
535 22
536 22
537 24
538 22
539 22
540 26
541 22
542 22
543 23
544 23
545 22
546 23
547 22
548 22
549 22
550 23
551 22
552 22
553 22
554 22
555 22
556 22
557 22
558 23
559 22
560 22
561 22
562 23
563 22
564 23
565 22
566 23
567 22
568 22
569 22
570 22
571 22
572 22
573 22
574 22
575 22
576 23
577 25
578 23
579 23
580 23
581 22
582 22
583 22
584 22
585 22
586 22
587 22
588 22
589 23
590 22
591 22
592 23
593 22
594 22
595 22
596 22
597 22
598 22
599 22
600 22
601 22
602 22
603 22
604 22
605 22
606 22
607 22
608 23
609 22
610 22
611 22
612 22
613 22
614 22
615 22
616 22
617 22
618 22
619 22
620 22
621 23
622 22
623 22
624 22
625 23
626 22
627 22
628 22
629 22
630 22
631 22
632 22
633 22
634 22
635 22
636 22
637 22
638 22
639 22
640 22
641 22
642 22
643 22
644 22
645 22
646 22
647 23
648 22
649 23
650 22
651 22
652 22
653 22
654 22
655 22
656 23
657 22
658 22
659 22
660 22
661 22
662 22
663 23
664 22
665 22
666 22
667 22
668 22
669 22
670 22
671 23
672 22
673 22
674 22
675 22
676 22
677 22
678 22
679 22
680 22
681 22
682 22
683 22
684 23
685 23
686 22
687 22
688 22
689 22
690 22
691 22
692 22
693 22
694 22
695 22
696 23
697 22
698 22
699 22
700 22
701 22
702 22
703 22
704 22
705 22
706 22
707 22
708 22
709 22
710 22
711 22
712 22
713 22
714 22
715 22
716 22
717 22
718 22
719 22
720 22
721 22
722 22
723 22
724 22
725 22
726 22
727 22
728 22
729 22
730 22
731 22
732 22
733 22
734 22
735 22
736 22
737 22
738 23
739 22
740 23
741 22
742 22
743 22
744 22
745 22
746 22
747 22
748 22
749 21
750 22
751 22
752 22
753 22
754 22
755 22
756 22
757 22
758 22
759 22
760 22
761 22
762 22
763 22
764 22
765 22
766 22
767 22
768 22
769 22
770 22
771 22
772 22
773 22
774 22
775 22
776 22
777 22
778 22
779 22
780 22
781 22
782 22
783 22
784 22
785 22
786 22
787 22
788 22
789 22
790 22
791 22
792 22
793 21
794 22
795 22
796 22
797 22
798 22
799 22
800 22
801 22
802 22
803 22
804 22
805 22
806 22
807 22
808 22
809 22
810 22
811 22
812 22
813 22
814 22
815 22
816 22
817 22
818 22
819 22
820 22
821 22
822 22
823 22
824 23
825 22
826 22
827 22
828 22
829 22
830 22
831 22
832 22
833 22
834 22
835 22
836 22
837 22
838 22
839 22
840 22
841 22
842 23
843 24
844 22
845 22
846 22
847 22
848 22
849 22
850 22
851 22
852 23
853 22
854 22
855 22
856 22
857 22
858 22
859 22
860 22
861 22
862 22
863 22
864 22
865 22
866 22
867 22
868 22
869 22
870 22
871 22
872 22
873 22
874 22
875 22
876 22
877 22
878 21
879 22
880 22
881 22
882 22
883 22
884 22
885 22
886 22
887 22
888 22
889 22
890 22
891 22
892 22
893 22
894 26
895 24
896 22
897 22
898 22
899 22
900 22
901 23
902 22
903 23
904 23
905 22
906 22
907 22
908 22
909 22
910 22
911 22
912 22
913 22
914 24
915 22
916 22
917 22
918 22
919 22
920 22
921 22
922 22
923 24
924 22
925 23
926 22
927 22
928 22
929 22
930 22
931 22
932 21
933 22
934 22
935 22
936 22
937 22
938 22
939 22
940 22
941 22
942 22
943 22
944 22
945 22
946 22
947 22
948 22
949 22
950 22
951 22
952 22
953 22
954 22
955 22
956 22
957 22
958 23
959 22
960 22
961 22
962 22
963 22
964 22
965 22
966 22
967 22
968 22
969 22
970 22
971 22
972 22
973 23
974 22
975 22
976 21
977 22
978 21
979 22
980 22
981 22
982 22
983 22
984 22
985 22
986 22
987 22
988 22
989 22
990 22
991 22
992 22
993 22
994 22
995 22
996 22
997 22
998 22
999 22
1000 22
1001 22
1002 22
1003 22
1004 22
1005 21
1006 22
1007 22
1008 22
1009 22
1010 22
1011 22
1012 22
1013 22
1014 22
1015 23
1016 23
1017 22
1018 22
1019 22
1020 22
1021 22
1022 22
1023 22
1024 22
1025 22
1026 22
1027 22
1028 22
1029 22
1030 22
1031 22
1032 22
1033 22
1034 22
1035 22
1036 22
1037 22
1038 22
1039 22
1040 22
1041 22
1042 22
1043 22
1044 22
1045 22
1046 22
1047 22
1048 22
1049 22
1050 22
1051 22
1052 22
1053 22
1054 22
1055 22
1056 22
1057 22
1058 22
1059 22
1060 22
1061 22
1062 22
1063 22
1064 22
1065 22
1066 22
1067 22
1068 22
1069 22
1070 22
1071 22
1072 22
1073 22
1074 22
1075 22
1076 22
1077 22
1078 22
1079 22
1080 22
1081 22
1082 22
1083 22
1084 22
1085 22
1086 22
1087 22
1088 22
1089 22
1090 22
1091 22
1092 22
1093 21
1094 22
1095 22
1096 22
1097 22
1098 22
1099 22
1100 22
1101 22
1102 22
1103 22
1104 22
1105 22
1106 22
1107 22
1108 22
1109 22
1110 22
1111 22
1112 22
1113 22
1114 22
1115 22
1116 22
1117 22
1118 22
1119 22
1120 22
1121 22
1122 21
1123 22
1124 22
1125 22
1126 22
1127 22
1128 22
1129 22
1130 22
1131 22
1132 22
1133 23
1134 22
1135 22
1136 22
1137 21
1138 22
1139 22
1140 22
1141 22
1142 23
1143 22
1144 22
1145 22
1146 22
1147 22
1148 22
1149 22
1150 22
1151 22
1152 22
1153 22
1154 22
1155 22
1156 22
1157 22
1158 22
1159 22
1160 35
1161 23
1162 22
1163 22
1164 22
1165 22
1166 22
1167 22
1168 22
1169 22
1170 22
1171 22
1172 22
1173 22
1174 22
1175 22
1176 22
1177 22
1178 22
1179 22
1180 22
1181 22
1182 22
1183 22
1184 22
1185 22
1186 22
1187 22
1188 21
1189 22
1190 22
1191 22
1192 22
1193 22
1194 22
1195 22
1196 22
1197 22
1198 22
1199 22
1200 22
1201 22
1202 22
1203 22
1204 22
1205 22
1206 22
1207 22
1208 22
1209 22
1210 22
1211 9
1212 9
1213 9
1214 9
1215 9
1216 9
1217 9
1218 8
1219 9
1220 8
1221 8
1222 9
1223 8
1224 8
1225 9
1226 9
1227 9
1228 9
1229 8
1230 9
1231 9
1232 9
1233 9
1234 9
1235 8
1236 9
1237 9
1238 9
1239 9
1240 9
1241 9
1242 9
1243 9
1244 8
1245 8
1246 9
1247 9
1248 9
1249 9
1250 9
1251 9
1252 8
1253 9
1254 9
1255 9
1256 9
1257 9
1258 8
1259 9
1260 9
1261 8
1262 9
1263 9
1264 9
1265 9
1266 9
1267 8
1268 9
1269 9
1270 8
1271 9
1272 9
1273 9
1274 8
1275 9
1276 9
1277 8
1278 8
1279 10
1280 8
1281 9
1282 9
1283 9
1284 9
1285 9
1286 8
1287 9
1288 16
1289 9
1290 9
1291 9
1292 9
1293 9
1294 9
1295 8
1296 9
1297 10
1298 9
1299 9
1300 9
1301 9
1302 9
1303 9
1304 9
1305 9
1306 9
1307 10
1308 10
1309 9
1310 9
1311 9
1312 15
1313 14
1314 15
1315 11
1316 12
1317 11
1318 11
1319 13
1320 13
1321 13
1322 13
1323 12
1324 12
1325 13
1326 12
1327 12
1328 13
1329 13
1330 13
1331 12
1332 12
1333 12
1334 12
1335 13
1336 12
1337 12
1338 12
1339 12
1340 12
1341 12
1342 13
1343 12
1344 12
1345 13
1346 13
1347 13
1348 13
1349 13
1350 12
1351 12
1352 12
1353 12
1354 12
1355 12
1356 12
1357 12
1358 12
1359 13
1360 13
1361 12
1362 12
1363 13
1364 12
1365 12
1366 13
1367 13
1368 12
1369 12
1370 12
1371 12
1372 12
1373 13
1374 13
1375 12
1376 12
1377 12
1378 12
1379 12
1380 13
1381 12
1382 12
1383 13
1384 13
1385 12
1386 12
1387 13
1388 12
1389 12
1390 12
1391 12
1392 12
1393 12
1394 13
1395 12
1396 12
1397 12
1398 12
1399 13
1400 12
1401 13
1402 12
1403 12
1404 13
1405 12
1406 12
1407 12
1408 13
1409 12
1410 12
1411 12
1412 12
1413 12
1414 12
1415 13
1416 12
1417 12
1418 12
1419 12
1420 12
1421 12
1422 13
1423 12
1424 12
1425 12
1426 12
1427 12
1428 12
1429 13
1430 13
1431 12
1432 12
1433 12
1434 12
1435 12
1436 13
1437 12
1438 12
1439 12
1440 12
1441 12
1442 12
1443 13
1444 13
1445 12
1446 12
1447 12
1448 12
1449 12
1450 13
1451 12
1452 12
1453 12
1454 12
1455 12
1456 12
1457 13
1458 12
1459 12
1460 12
1461 12
1462 12
1463 12
1464 13
1465 12
1466 12
1467 12
1468 12
1469 12
1470 12
1471 13
1472 13
1473 12
1474 12
1475 12
1476 12
1477 13
1478 13
1479 13
1480 12
1481 12
1482 12
1483 12
1484 12
1485 13
1486 12
1487 12
1488 12
1489 12
1490 12
1491 12
1492 13
1493 13
1494 13
1495 12
1496 12
1497 12
1498 12
1499 13
1500 12
1501 12
1502 12
1503 12
1504 12
1505 12
1506 13
1507 12
1508 12
1509 12
1510 12
1511 12
1512 12
1513 13
1514 12
1515 13
1516 13
1517 12
1518 14
1519 12
1520 12
1521 13
1522 13
1523 12
1524 13
1525 12
1526 12
1527 13
1528 12
1529 12
1530 12
1531 12
1532 12
1533 12
1534 13
1535 12
1536 12
1537 13
1538 12
1539 12
1540 12
1541 13
1542 12
1543 12
1544 13
1545 12
1546 12
1547 12
1548 13
1549 12
1550 12
1551 12
1552 13
1553 12
1554 12
1555 13
1556 12
1557 12
1558 12
1559 13
1560 12
1561 12
1562 13
1563 12
1564 12
1565 12
1566 12
1567 13
1568 12
1569 13
1570 12
1571 12
1572 12
1573 12
1574 13
1575 12
1576 13
1577 13
1578 12
1579 12
1580 12
1581 12
1582 12
1583 13
1584 13
1585 12
1586 12
1587 12
1588 12
1589 12
1590 13
1591 12
1592 12
1593 13
1594 12
1595 12
1596 12
1597 13
1598 12
1599 12
1600 12
1601 12
1602 12
1603 12
1604 13
1605 12
1606 12
1607 12
1608 12
1609 12
1610 12
1611 13
1612 12
1613 12
1614 12
1615 12
1616 12
1617 12
1618 13
1619 12
1620 12
1621 12
1622 12
1623 12
1624 12
1625 13
1626 13
1627 12
1628 12
1629 12
1630 12
1631 12
1632 13
1633 12
1634 12
1635 12
1636 12
1637 12
1638 12
1639 13
1640 12
1641 12
1642 12
1643 12
1644 13
1645 12
1646 13
1647 12
1648 12
1649 12
1650 12
1651 12
1652 12
1653 13
1654 12
1655 12
1656 12
1657 12
1658 12
1659 12
1660 13
1661 12
1662 12
1663 12
1664 12
1665 12
1666 12
1667 13
1668 13
1669 12
1670 12
1671 13
1672 12
1673 12
1674 13
1675 12
1676 12
1677 12
1678 12
1679 12
1680 12
1681 12
1682 12
1683 12
1684 12
1685 12
1686 12
1687 12
1688 12
1689 12
1690 12
1691 13
1692 12
1693 12
1694 13
1695 12
1696 12
1697 12
1698 13
1699 12
1700 12
1701 12
1702 12
1703 12
1704 12
1705 13
1706 12
1707 12
1708 13
1709 12
1710 13
1711 12
1712 13
1713 12
1714 12
1715 12
1716 12
1717 12
1718 12
1719 13
1720 13
1721 12
1722 12
1723 12
1724 12
1725 12
1726 13
1727 13
1728 12
1729 13
1730 12
1731 12
1732 12
1733 13
1734 12
1735 12
1736 12
1737 12
1738 13
1739 12
1740 13
1741 12
1742 12
1743 12
1744 12
1745 12
1746 12
1747 13
1748 12
1749 12
1750 12
1751 12
1752 12
1753 12
1754 13
1755 13
1756 12
1757 12
1758 12
1759 12
1760 12
1761 13
1762 12
1763 12
1764 12
1765 12
1766 12
1767 13
1768 13
1769 12
1770 12
1771 12
1772 12
1773 12
1774 12
1775 13
1776 12
1777 12
1778 12
1779 12
1780 13
1781 13
1782 13
1783 12
1784 12
1785 12
1786 12
1787 12
1788 12
1789 13
1790 12
1791 12
1792 12
1793 13
1794 12
1795 12
1796 13
1797 12
1798 12
1799 12
1800 12
1801 12
1802 13
1803 13
1804 12
1805 12
1806 12
1807 12
1808 12
1809 12
1810 13
1811 12
1812 12
1813 12
1814 12
1815 12
1816 12
1817 12
1818 12
1819 12
1820 12
1821 12
1822 12
1823 12
1824 12
1825 12
1826 12
1827 13
1828 12
1829 12
1830 12
1831 12
1832 12
1833 12
1834 13
1835 12
1836 13
1837 12
1838 12
1839 12
1840 12
1841 13
1842 12
1843 12
1844 12
1845 12
1846 12
1847 12
1848 13
1849 12
1850 12
1851 12
1852 12
1853 12
1854 12
1855 13
1856 12
1857 12
1858 12
1859 12
1860 12
1861 12
1862 13
1863 12
1864 12
1865 12
1866 12
1867 12
1868 12
1869 13
1870 12
1871 12
1872 13
1873 12
1874 12
1875 12
1876 13
1877 12
1878 13
1879 12
1880 12
1881 12
1882 12
1883 13
1884 12
1885 12
1886 13
1887 12
1888 12
1889 12
1890 13
1891 12
1892 13
1893 13
1894 12
1895 12
1896 12
1897 13
1898 12
1899 12
1900 12
1901 12
1902 12
1903 12
1904 13
1905 12
1906 12
1907 12
1908 12
1909 12
1910 12
1911 13
1912 12
1913 12
1914 12
1915 12
1916 12
1917 12
1918 13
1919 12
1920 12
1921 13
1922 12
1923 12
1924 12
1925 13
1926 13
1927 13
1928 12
1929 12
1930 12
1931 12
1932 13
1933 12
1934 12
1935 12
1936 12
1937 13
1938 12
1939 13
1940 12
1941 12
1942 12
1943 12
1944 12
1945 12
1946 13
1947 12
1948 12
1949 12
1950 12
1951 12
1952 12
1953 13
1954 12
1955 12
1956 12
1957 12
1958 12
1959 12
1960 13
1961 12
1962 12
1963 12
1964 12
1965 12
1966 12
1967 13
1968 13
1969 12
1970 12
1971 12
1972 12
1973 12
1974 13
1975 13
1976 12
1977 12
1978 12
1979 12
1980 12
1981 13
1982 13
1983 12
1984 12
1985 13
1986 12
1987 12
1988 13
1989 12
1990 13
1991 13
1992 12
1993 12
1994 12
1995 13
1996 13
1997 13
1998 12
1999 13
2000 12
2001 12
2002 13
2003 12
2004 12
2005 12
2006 12
2007 12
2008 12
2009 13
2010 12
2011 12
2012 12
2013 12
2014 12
2015 12
2016 13
2017 12
2018 12
2019 12
2020 12
2021 12
2022 12
2023 13
2024 12
2025 12
2026 12
2027 12
2028 12
2029 12
2030 13
2031 12
2032 12
2033 12
2034 12
2035 12
2036 12
2037 13
2038 12
2039 12
2040 12
2041 12
2042 12
2043 12
2044 13
2045 12
2046 12
2047 12
2048 12
2049 12
2050 12
2051 13
2052 12
2053 12
2054 12
2055 12
2056 12
2057 12
2058 13
2059 12
2060 12
2061 12
2062 12
2063 12
2064 12
2065 13
2066 13
2067 12
2068 12
2069 13
2070 12
2071 12
2072 13
2073 12
2074 12
2075 12
2076 12
2077 12
2078 12
2079 13
2080 13
2081 12
2082 12
2083 12
2084 12
2085 12
2086 13
2087 12
2088 12
2089 12
2090 13
2091 12
2092 12
2093 13
2094 13
2095 12
2096 12
2097 12
2098 12
2099 12
2100 13
2101 12
2102 12
2103 12
2104 12
2105 12
2106 12
2107 13
2108 12
2109 12
2110 12
2111 12
2112 12
2113 12
2114 13
2115 12
2116 13
2117 12
2118 12
2119 13
2120 12
2121 13
2122 13
2123 12
2124 12
2125 12
2126 12
2127 12
2128 13
2129 12
2130 12
2131 12
2132 12
2133 12
2134 12
2135 13
2136 12
2137 12
2138 12
2139 12
2140 12
2141 12
2142 13
2143 12
2144 12
2145 12
2146 12
2147 12
2148 12
2149 13
2150 12
2151 12
2152 12
2153 12
2154 12
2155 12
2156 13
2157 12
2158 12
2159 12
2160 13
2161 12
2162 12
2163 13
2164 12
2165 12
2166 12
2167 12
2168 12
2169 12
2170 13
2171 13
2172 12
2173 12
2174 12
2175 12
2176 12
2177 14
2178 12
2179 12
2180 12
2181 12
2182 12
2183 12
2184 13
2185 12
2186 12
2187 12
2188 12
2189 12
2190 12
2191 13
2192 12
2193 12
2194 12
2195 12
2196 12
2197 13
2198 13
2199 13
2200 12
2201 12
2202 13
2203 12
2204 12
2205 13
2206 12
2207 12
2208 12
2209 12
2210 12
2211 12
2212 13
2213 13
2214 12
2215 12
2216 12
2217 12
2218 12
2219 13
2220 12
2221 12
2222 12
2223 12
2224 12
2225 12
2226 13
2227 12
2228 12
2229 12
2230 12
2231 12
2232 12
2233 13
2234 13
2235 12
2236 12
2237 12
2238 12
2239 12
2240 13
2241 12
2242 12
2243 12
2244 12
2245 12
2246 13
2247 13
2248 13
2249 12
2250 12
2251 12
2252 12
2253 12
2254 13
2255 13
2256 12
2257 12
2258 12
2259 12
2260 12
2261 13
2262 12
2263 12
2264 12
2265 12
2266 12
2267 12
2268 13
2269 12
2270 12
2271 12
2272 12
2273 12
2274 12
2275 13
2276 12
2277 12
2278 12
2279 12
2280 12
2281 12
2282 13
2283 12
2284 12
2285 12
2286 12
2287 12
2288 12
2289 13
2290 13
2291 12
2292 12
2293 12
2294 12
2295 12
2296 13
2297 12
2298 12
2299 13
2300 12
2301 12
2302 12
2303 13
2304 13
2305 12
2306 12
2307 12
2308 12
2309 12
2310 13
2311 12
2312 12
2313 12
2314 12
2315 12
2316 12
2317 13
2318 13
2319 12
2320 12
2321 12
2322 12
2323 12
2324 13
2325 12
2326 13
2327 12
2328 12
2329 12
2330 12
2331 13
2332 13
2333 12
2334 12
2335 12
2336 12
2337 12
2338 13
2339 13
2340 12
2341 12
2342 12
2343 12
2344 12
2345 13
2346 12
2347 12
2348 12
2349 12
2350 12
2351 12
2352 13
2353 12
2354 12
2355 12
2356 12
2357 12
2358 12
2359 13
2360 12
2361 12
2362 12
2363 12
2364 12
2365 12
2366 13
2367 12
2368 12
2369 13
2370 12
2371 12
2372 12
2373 13
2374 12
2375 12
2376 12
2377 12
2378 12
2379 12
2380 13
2381 13
2382 12
2383 12
2384 12
2385 12
2386 12
2387 13
2388 12
2389 12
2390 12
2391 12
2392 12
2393 12
2394 13
2395 12
2396 12
2397 12
2398 12
2399 12
2400 12
2401 13
2402 12
2403 12
2404 12
2405 12
2406 12
2407 12
2408 13
2409 12
2410 12
2411 12
2412 12
2413 12
2414 12
2415 13
2416 12
2417 12
2418 12
2419 12
2420 13
2421 12
2422 13
2423 12
2424 12
2425 13
2426 12
2427 12
2428 12
2429 13
2430 12
2431 12
2432 13
2433 12
2434 12
2435 12
2436 13
2437 12
2438 12
2439 12
2440 12
2441 12
2442 12
2443 12
2444 12
2445 12
2446 12
2447 12
2448 12
2449 12
2450 12
2451 12
2452 12
2453 13
2454 12
2455 12
2456 12
2457 12
2458 12
2459 12
2460 13
2461 12
2462 12
2463 12
2464 12
2465 12
2466 12
2467 13
2468 12
2469 12
2470 12
2471 12
2472 12
2473 12
2474 13
2475 12
2476 12
2477 12
2478 12
2479 12
2480 12
2481 13
2482 13
2483 12
2484 12
2485 12
2486 12
2487 12
2488 13
2489 12
2490 12
2491 12
2492 12
2493 12
2494 13
2495 13
2496 12
2497 12
2498 12
2499 12
2500 12
2501 13
2502 13
2503 12
2504 12
2505 12
2506 12
2507 12
2508 12
2509 13
2510 13
2511 12
2512 12
2513 12
2514 12
2515 12
2516 13
2517 13
2518 12
2519 12
2520 13
2521 12
2522 12
2523 13
2524 12
2525 12
2526 12
2527 12
2528 12
2529 12
2530 13
2531 12
2532 12
2533 12
2534 12
2535 12
2536 12
2537 13
2538 12
2539 12
2540 12
2541 12
2542 12
2543 12
2544 13
2545 12
2546 12
2547 12
2548 12
2549 12
2550 12
2551 13
2552 12
2553 12
2554 12
2555 12
2556 12
2557 12
2558 13
2559 13
2560 12
2561 13
2562 12
2563 12
2564 12
2565 13
2566 13
2567 12
2568 12
2569 12
2570 12
2571 12
2572 13
2573 12
2574 12
2575 12
2576 12
2577 12
2578 12
2579 13
2580 13
2581 12
2582 13
2583 12
2584 12
2585 12
2586 13
2587 13
2588 12
2589 12
2590 12
2591 12
2592 12
2593 13
2594 12
2595 12
2596 12
2597 12
2598 12
2599 12
2600 13
2601 12
2602 12
2603 12
2604 12
2605 12
2606 12
2607 13
2608 12
2609 12
2610 12
2611 12
2612 12
2613 12
2614 13
2615 12
2616 12
2617 12
2618 12
2619 12
2620 12
2621 13
2622 12
2623 12
2624 12
2625 12
2626 12
2627 12
2628 13
2629 12
2630 12
2631 12
2632 12
2633 12
2634 12
2635 13
2636 13
2637 12
2638 12
2639 12
2640 12
2641 12
2642 13
2643 12
2644 12
2645 12
2646 12
2647 12
2648 12
2649 13
2650 12
2651 12
2652 11
2653 11
2654 13
2655 13
2656 13
2657 12
2658 12
2659 12
2660 12
2661 12
2662 12
2663 13
2664 12
2665 12
2666 12
2667 12
2668 13
2669 12
2670 13
2671 12
2672 12
2673 12
2674 12
2675 12
2676 12
2677 13
2678 12
2679 12
2680 12
2681 12
2682 12
2683 12
2684 13
2685 12
2686 12
2687 12
2688 13
2689 12
2690 12
2691 13
2692 12
2693 12
2694 12
2695 12
2696 12
2697 12
2698 13
2699 12
2700 12
2701 12
2702 12
2703 12
2704 12
2705 13
2706 12
2707 12
2708 12
2709 12
2710 12
2711 13
2712 13
2713 12
2714 12
2715 12
2716 12
2717 12
2718 12
2719 13
2720 12
2721 12
2722 12
2723 12
2724 12
2725 12
2726 13
2727 12
2728 12
2729 12
2730 12
2731 12
2732 12
2733 13
2734 12
2735 12
2736 12
2737 12
2738 12
2739 12
2740 13
2741 12
2742 12
2743 12
2744 12
2745 12
2746 12
2747 13
2748 12
2749 12
2750 12
2751 13
2752 12
2753 12
2754 13
2755 12
2756 12
2757 12
2758 12
2759 12
2760 12
2761 13
2762 12
2763 12
2764 12
2765 13
2766 12
2767 12
2768 13
2769 12
2770 12
2771 12
2772 13
2773 12
2774 12
2775 13
2776 12
2777 12
2778 12
2779 12
2780 12
2781 12
2782 13
2783 12
2784 12
2785 12
2786 12
2787 12
2788 12
2789 13
2790 13
2791 12
2792 12
2793 12
2794 12
2795 12
2796 13
2797 13
2798 12
2799 12
2800 12
2801 12
2802 12
2803 13
2804 13
2805 12
2806 12
2807 12
2808 12
2809 12
2810 13
2811 12
2812 12
2813 12
2814 12
2815 12
2816 12
2817 13
2818 12
2819 12
2820 12
2821 12
2822 12
2823 12
2824 13
2825 12
2826 12
2827 12
2828 12
2829 12
2830 12
2831 14
2832 13
2833 13
2834 13
2835 12
2836 12
2837 12
2838 13
2839 12
2840 12
2841 11
2842 11
2843 13
2844 13
2845 13
2846 12
2847 12
2848 12
2849 12
2850 12
2851 12
2852 13
2853 13
2854 12
2855 12
2856 12
2857 12
2858 12
2859 13
2860 13
2861 12
2862 12
2863 12
2864 12
2865 13
2866 14
2867 12
2868 12
2869 11
2870 11
2871 13
2872 13
2873 13
2874 12
2875 12
2876 12
2877 12
2878 13
2879 12
2880 13
2881 12
2882 13
2883 13
2884 13
2885 12
2886 13
2887 12
2888 12
2889 12
2890 11
2891 12
2892 13
2893 12
2894 12
2895 12
2896 12
2897 13
2898 12
2899 12
2900 12
2901 12
2902 12
2903 12
2904 13
2905 12
2906 12
2907 12
2908 12
2909 12
2910 12
2911 13
2912 12
2913 12
2914 12
2915 12
2916 13
2917 13
2918 14
2919 12
2920 12
2921 11
2922 11
2923 13
2924 12
2925 13
2926 13
2927 12
2928 12
2929 12
2930 12
2931 12
2932 13
2933 13
2934 12
2935 12
2936 12
2937 12
2938 12
2939 13
2940 12
2941 12
2942 12
2943 12
2944 12
2945 12
2946 13
2947 12
2948 12
2949 12
2950 12
2951 12
2952 12
2953 13
2954 13
2955 12
2956 12
2957 12
2958 12
2959 12
2960 13
2961 12
2962 12
2963 12
2964 13
2965 12
2966 12
2967 13
2968 12
2969 12
2970 12
2971 12
2972 13
2973 13
2974 13
2975 12
2976 13
2977 12
2978 12
2979 13
2980 12
2981 13
2982 12
2983 12
2984 12
2985 12
2986 12
2987 12
2988 13
2989 13
2990 13
2991 12
2992 12
2993 12
2994 12
2995 13
2996 13
2997 12
2998 12
2999 12
3000 12
3001 12
3002 13
3003 13
3004 12
3005 12
3006 12
3007 12
3008 12
3009 14
3010 12
3011 12
3012 12
3013 12
3014 12
3015 12
3016 13
3017 12
3018 12
3019 12
3020 12
3021 12
3022 12
3023 13
3024 12
3025 12
3026 12
3027 12
3028 12
3029 12
3030 13
3031 13
3032 12
3033 12
3034 12
3035 12
3036 12
3037 13
3038 12
3039 12
3040 12
3041 12
3042 12
3043 12
3044 13
3045 12
3046 12
3047 12
3048 12
3049 12
3050 12
3051 13
3052 12
3053 12
3054 12
3055 12
3056 12
3057 12
3058 13
3059 12
3060 12
3061 12
3062 12
3063 12
3064 12
3065 13
3066 12
3067 12
3068 12
3069 12
3070 12
3071 12
3072 13
3073 12
3074 12
3075 12
3076 12
3077 12
3078 12
3079 13
3080 12
3081 12
3082 12
3083 12
3084 12
3085 12
3086 13
3087 12
3088 12
3089 12
3090 12
3091 12
3092 12
3093 13
3094 12
3095 12
3096 12
3097 12
3098 12
3099 12
3100 13
3101 12
3102 12
3103 12
3104 12
3105 12
3106 12
3107 13
3108 12
3109 13
3110 12
3111 12
3112 12
3113 12
3114 13
3115 12
3116 13
3117 12
3118 12
3119 12
3120 12
3121 13
3122 12
3123 12
3124 12
3125 12
3126 12
3127 12
3128 13
3129 12
3130 12
3131 12
3132 12
3133 12
3134 12
3135 13
3136 12
3137 12
3138 12
3139 12
3140 12
3141 12
3142 13
3143 12
3144 12
3145 12
3146 12
3147 12
3148 12
3149 13
3150 13
3151 12
3152 12
3153 12
3154 12
3155 12
3156 13
3157 12
3158 12
3159 12
3160 12
3161 12
3162 12
3163 13
3164 13
3165 12
3166 12
3167 12
3168 12
3169 12
3170 13
3171 12
3172 13
3173 13
3174 12
3175 12
3176 12
3177 13
3178 12
3179 12
3180 12
3181 12
3182 12
3183 12
3184 13
3185 12
3186 12
3187 12
3188 12
3189 12
3190 12
3191 13
3192 13
3193 12
3194 12
3195 12
3196 12
3197 12
3198 13
3199 12
3200 12
3201 12
3202 12
3203 12
3204 12
3205 13
3206 12
3207 12
3208 12
3209 12
3210 12
3211 12
3212 13
3213 12
3214 12
3215 12
3216 12
3217 12
3218 12
3219 13
3220 12
3221 12
3222 13
3223 12
3224 12
3225 12
3226 13
3227 12
3228 12
3229 12
3230 12
3231 12
3232 12
3233 13
3234 12
3235 12
3236 12
3237 12
3238 12
3239 12
3240 13
3241 13
3242 12
3243 12
3244 12
3245 12
3246 12
3247 13
3248 12
3249 12
3250 12
3251 12
3252 12
3253 12
3254 13
3255 12
3256 12
3257 12
3258 12
3259 12
3260 12
3261 13
3262 12
3263 12
3264 12
3265 13
3266 12
3267 12
3268 13
3269 13
3270 12
3271 12
3272 12
3273 12
3274 12
3275 13
3276 12
3277 13
3278 13
3279 12
3280 12
3281 12
3282 13
3283 13
3284 12
3285 12
3286 12
3287 12
3288 13
3289 13
3290 13
3291 12
3292 12
3293 12
3294 12
3295 12
3296 13
3297 12
3298 12
3299 12
3300 12
3301 12
3302 12
3303 13
3304 13
3305 12
3306 12
3307 12
3308 12
3309 12
3310 13
3311 12
3312 12
3313 12
3314 12
3315 12
3316 12
3317 13
3318 13
3319 12
3320 12
3321 12
3322 12
3323 12
3324 13
3325 12
3326 12
3327 12
3328 12
3329 12
3330 12
3331 13
3332 12
3333 12
3334 12
3335 12
3336 12
3337 12
3338 13
3339 13
3340 12
3341 12
3342 12
3343 12
3344 12
3345 13
3346 12
3347 12
3348 12
3349 12
3350 13
3351 12
3352 13
3353 12
3354 12
3355 12
3356 12
3357 12
3358 12
3359 13
3360 13
3361 12
3362 12
3363 12
3364 12
3365 12
3366 13
3367 12
3368 12
3369 12
3370 12
3371 12
3372 12
3373 13
3374 12
3375 12
3376 12
3377 13
3378 12
3379 12
3380 13
3381 12
3382 12
3383 12
3384 12
3385 12
3386 12
3387 13
3388 12
3389 12
3390 12
3391 12
3392 12
3393 12
3394 13
3395 12
3396 12
3397 12
3398 12
3399 12
3400 12
3401 13
3402 12
3403 12
3404 12
3405 12
3406 13
3407 12
3408 13
3409 12
3410 12
3411 12
3412 12
3413 12
3414 12
3415 13
3416 12
3417 12
3418 12
3419 12
3420 12
3421 12
3422 13
3423 12
3424 12
3425 12
3426 12
3427 12
3428 13
3429 13
3430 12
3431 12
3432 12
3433 12
3434 12
3435 12
3436 13
3437 12
3438 12
3439 12
3440 12
3441 12
3442 12
3443 13
3444 13
3445 12
3446 12
3447 12
3448 12
3449 12
3450 13
3451 13
3452 12
3453 12
3454 12
3455 12
3456 12
3457 13
3458 12
3459 12
3460 12
3461 12
3462 12
3463 12
3464 13
3465 12
3466 12
3467 12
3468 12
3469 12
3470 12
3471 13
3472 12
3473 12
3474 12
3475 12
3476 12
3477 12
3478 13
3479 12
3480 12
3481 12
3482 12
3483 12
3484 12
3485 13
3486 12
3487 12
3488 12
3489 12
3490 12
3491 12
3492 13
3493 12
3494 12
3495 12
3496 12
3497 12
3498 12
3499 13
3500 12
3501 12
3502 12
3503 12
3504 12
3505 12
3506 13
3507 12
3508 12
3509 12
3510 12
3511 12
3512 12
3513 13
3514 12
3515 12
3516 12
3517 12
3518 12
3519 12
3520 13
3521 12
3522 12
3523 12
3524 13
3525 12
3526 12
3527 13
3528 12
3529 12
3530 12
3531 12
3532 12
3533 12
3534 13
3535 13
3536 12
3537 12
3538 12
3539 12
3540 12
3541 13
3542 13
3543 12
3544 13
3545 12
3546 12
3547 12
3548 13
3549 12
3550 12
3551 12
3552 12
3553 12
3554 12
3555 13
3556 12
3557 12
3558 12
3559 12
3560 12
3561 12
3562 13
3563 12
3564 12
3565 12
3566 12
3567 12
3568 12
3569 13
3570 12
3571 12
3572 12
3573 12
3574 12
3575 12
3576 13
3577 12
3578 12
3579 12
3580 12
3581 12
3582 12
3583 13
3584 12
3585 13
3586 12
3587 12
3588 12
3589 12
3590 13
3591 12
3592 12
3593 12
3594 12
3595 12
3596 12
3597 13
3598 12
3599 12
3600 12
3601 12
3602 12
3603 12
3604 13
3605 12
3606 12
3607 12
3608 12
3609 12
3610 12
3611 13
3612 12
3613 12
3614 12
3615 12
3616 12
3617 12
3618 13
3619 12
3620 12
3621 12
3622 12
3623 12
3624 12
3625 13
3626 13
3627 12
3628 12
3629 12
3630 12
3631 12
3632 13
3633 12
3634 12
3635 12
3636 12
3637 12
3638 12
3639 13
3640 12
3641 12
3642 12
3643 12
3644 12
3645 12
3646 13
3647 12
3648 12
3649 12
3650 12
3651 12
3652 12
3653 13
3654 12
3655 12
3656 12
3657 12
3658 12
3659 12
3660 13
3661 12
3662 12
3663 12
3664 12
3665 12
3666 12
3667 13
3668 12
3669 12
3670 12
3671 12
3672 12
3673 12
3674 13
3675 12
3676 12
3677 12
3678 12
3679 12
3680 12
3681 13
3682 13
3683 12
3684 12
3685 12
3686 12
3687 12
3688 13
3689 12
3690 12
3691 12
3692 13
3693 12
3694 12
3695 13
3696 12
3697 12
3698 12
3699 12
3700 12
3701 12
3702 13
3703 13
3704 12
3705 12
3706 12
3707 12
3708 12
3709 13
3710 12
3711 12
3712 12
3713 12
3714 12
3715 12
3716 13
3717 12
3718 12
3719 12
3720 12
3721 12
3722 12
3723 13
3724 12
3725 12
3726 12
3727 12
3728 12
3729 12
3730 13
3731 12
3732 12
3733 12
3734 12
3735 12
3736 12
3737 13
3738 12
3739 12
3740 12
3741 12
3742 12
3743 12
3744 13
3745 12
3746 12
3747 12
3748 12
3749 13
3750 12
3751 13
3752 12
3753 12
3754 12
3755 12
3756 12
3757 12
3758 13
3759 13
3760 12
3761 12
3762 12
3763 12
3764 12
3765 13
3766 12
3767 12
3768 12
3769 12
3770 12
3771 12
3772 13
3773 13
3774 12
3775 12
3776 12
3777 12
3778 12
3779 13
3780 12
3781 12
3782 12
3783 12
3784 12
3785 12
3786 13
3787 12
3788 12
3789 12
3790 12
3791 12
3792 12
3793 13
3794 12
3795 12
3796 12
3797 12
3798 12
3799 12
3800 13
3801 12
3802 12
3803 12
3804 12
3805 12
3806 12
3807 13
3808 12
3809 12
3810 12
3811 12
3812 12
3813 12
3814 13
3815 12
3816 12
3817 12
3818 12
3819 12
3820 12
3821 13
3822 12
3823 12
3824 12
3825 12
3826 12
3827 12
3828 13
3829 12
3830 12
3831 12
3832 12
3833 12
3834 12
3835 13
3836 12
3837 12
3838 12
3839 12
3840 12
3841 12
3842 13
3843 12
3844 12
3845 12
3846 12
3847 12
3848 12
3849 13
3850 12
3851 12
3852 12
3853 12
3854 12
3855 12
3856 13
3857 12
3858 12
3859 12
3860 12
3861 12
3862 12
3863 13
3864 12
3865 12
3866 12
3867 12
3868 12
3869 12
3870 13
3871 13
3872 12
3873 12
3874 12
3875 12
3876 12
3877 13
3878 12
3879 12
3880 12
3881 12
3882 12
3883 12
3884 14
3885 12
3886 12
3887 12
3888 12
3889 12
3890 12
3891 13
3892 13
3893 12
3894 12
3895 12
3896 12
3897 12
3898 13
3899 12
3900 12
3901 12
3902 12
3903 12
3904 12
3905 19
3906 12
3907 12
3908 11
3909 11
3910 13
3911 12
3912 13
3913 13
3914 12
3915 12
3916 13
3917 14
3918 13
3919 14
3920 12
3921 12
3922 12
3923 12
3924 13
3925 13
3926 14
3927 12
3928 12
3929 12
3930 12
3931 13
3932 13
3933 14
3934 12
3935 12
3936 12
3937 11
3938 13
3939 13
3940 13
3941 12
3942 12
3943 11
3944 12
3945 13
3946 13
3947 14
3948 13
3949 12
3950 12
3951 12
3952 12
3953 12
3954 13
3955 12
3956 12
3957 12
3958 12
3959 12
3960 12
3961 13
3962 12
3963 12
3964 12
3965 12
3966 12
3967 12
3968 13
3969 12
3970 12
3971 12
3972 13
3973 12
3974 12
3975 13
3976 13
3977 12
3978 12
3979 12
3980 12
3981 13
3982 13
3983 12
3984 13
3985 12
3986 12
3987 12
3988 12
3989 14
3990 12
3991 12
3992 12
3993 12
3994 12
3995 12
3996 13
3997 12
3998 12
3999 12
4000 12
4001 13
4002 12
4003 14
4004 12
4005 12
4006 12
4007 12
4008 13
4009 12
4010 13
4011 13
4012 12
4013 12
4014 12
4015 12
4016 12
4017 13
4018 12
4019 12
4020 12
4021 12
4022 12
4023 12
4024 13
4025 12
4026 12
4027 12
4028 12
4029 12
4030 12
4031 13
4032 12
4033 13
4034 12
4035 12
4036 12
4037 12
4038 13
4039 12
4040 12
4041 12
4042 12
4043 12
4044 12
4045 13
4046 13
4047 12
4048 12
4049 12
4050 12
4051 12
4052 13
4053 12
4054 12
4055 12
4056 12
4057 12
4058 12
4059 13
4060 12
4061 12
4062 12
4063 12
4064 12
4065 12
4066 13
4067 12
4068 12
4069 12
4070 12
4071 12
4072 12
4073 13
4074 13
4075 12
4076 12
4077 12
4078 12
4079 12
4080 13
4081 12
4082 12
4083 12
4084 12
4085 13
4086 12
4087 13
4088 13
4089 12
4090 12
4091 12
4092 12
4093 12
4094 13
4095 12
4096 12
4097 12
4098 12
4099 12
4100 12
4101 13
4102 12
4103 12
4104 12
4105 12
4106 12
4107 12
4108 13
4109 12
4110 12
4111 12
4112 12
4113 12
4114 12
4115 13
4116 12
4117 12
4118 12
4119 13
4120 12
4121 12
4122 13
4123 13
4124 12
4125 12
4126 12
4127 12
4128 12
4129 13
4130 12
4131 12
4132 12
4133 13
4134 12
4135 12
4136 13
4137 13
4138 12
4139 12
4140 12
4141 12
4142 12
4143 13
4144 13
4145 12
4146 12
4147 12
4148 12
4149 12
4150 13
4151 12
4152 12
4153 12
4154 12
4155 12
4156 12
4157 13
4158 13
4159 12
4160 12
4161 12
4162 12
4163 12
4164 13
4165 12
4166 12
4167 12
4168 12
4169 12
4170 12
4171 13
4172 12
4173 12
4174 12
4175 12
4176 12
4177 12
4178 13
4179 12
4180 12
4181 12
4182 12
4183 12
4184 12
4185 13
4186 13
4187 12
4188 12
4189 12
4190 12
4191 12
4192 13
4193 12
4194 12
4195 12
4196 12
4197 12
4198 12
4199 13
4200 13
4201 12
4202 12
4203 12
4204 12
4205 12
4206 13
4207 13
4208 12
4209 12
4210 12
4211 13
4212 12
4213 13
4214 12
4215 12
4216 12
4217 12
4218 12
4219 12
4220 13
4221 12
4222 12
4223 12
4224 12
4225 13
4226 12
4227 13
4228 12
4229 12
4230 12
4231 12
4232 12
4233 13
4234 13
4235 12
4236 12
4237 12
4238 12
4239 12
4240 12
4241 13
4242 12
4243 12
4244 12
4245 12
4246 12
4247 12
4248 13
4249 13
4250 12
4251 12
4252 12
4253 13
4254 12
4255 13
4256 12
4257 12
4258 12
4259 12
4260 12
4261 12
4262 13
4263 12
4264 12
4265 12
4266 12
4267 12
4268 13
4269 13
4270 13
4271 12
4272 13
4273 13
4274 12
4275 12
4276 13
4277 12
4278 12
4279 12
4280 13
4281 12
4282 12
4283 13
4284 12
4285 12
4286 12
4287 12
4288 12
4289 12
4290 13
4291 12
4292 12
4293 12
4294 13
4295 12
4296 12
4297 13
4298 12
4299 12
4300 12
4301 12
4302 12
4303 12
4304 13
4305 13
4306 12
4307 12
4308 12
4309 12
4310 12
4311 13
4312 12
4313 12
4314 12
4315 12
4316 12
4317 12
4318 13
4319 12
4320 12
4321 12
4322 12
4323 12
4324 12
4325 13
4326 13
4327 12
4328 12
4329 12
4330 12
4331 12
4332 13
4333 12
4334 13
4335 12
4336 12
4337 12
4338 12
4339 13
4340 13
4341 12
4342 12
4343 12
4344 13
4345 12
4346 13
4347 13
4348 12
4349 12
4350 12
4351 12
4352 12
4353 13
4354 12
4355 12
4356 12
4357 12
4358 12
4359 12
4360 13
4361 12
4362 12
4363 12
4364 12
4365 12
4366 12
4367 13
4368 13
4369 13
4370 12
4371 12
4372 12
4373 12
4374 14
4375 12
4376 12
4377 12
4378 12
4379 12
4380 12
4381 13
4382 13
4383 12
4384 12
4385 12
4386 12
4387 12
4388 13
4389 12
4390 12
4391 12
4392 12
4393 12
4394 12
4395 13
4396 12
4397 12
4398 12
4399 12
4400 12
4401 12
4402 13
4403 12
4404 12
4405 12
4406 12
4407 13
4408 12
4409 13
4410 13
4411 12
4412 12
4413 12
4414 12
4415 12
4416 13
4417 12
4418 12
4419 12
4420 12
4421 12
4422 12
4423 13
4424 12
4425 12
4426 12
4427 12
4428 12
4429 12
4430 13
4431 12
4432 12
4433 12
4434 12
4435 12
4436 12
4437 13
4438 12
4439 12
4440 12
4441 12
4442 12
4443 12
4444 13
4445 12
4446 12
4447 12
4448 12
4449 12
4450 12
4451 13
4452 12
4453 12
4454 12
4455 12
4456 12
4457 12
4458 13
4459 12
4460 12
4461 12
4462 12
4463 12
4464 12
4465 13
4466 12
4467 12
4468 12
4469 12
4470 12
4471 12
4472 13
4473 12
4474 12
4475 12
4476 12
4477 12
4478 12
4479 13
4480 12
4481 12
4482 12
4483 12
4484 12
4485 12
4486 13
4487 12
4488 12
4489 12
4490 12
4491 12
4492 12
4493 13
4494 12
4495 12
4496 12
4497 12
4498 12
4499 12
4500 13
4501 12
4502 12
4503 12
4504 12
4505 12
4506 12
4507 13
4508 12
4509 12
4510 12
4511 12
4512 12
4513 12
4514 13
4515 12
4516 12
4517 12
4518 12
4519 12
4520 12
4521 13
4522 12
4523 12
4524 12
4525 12
4526 12
4527 12
4528 13
4529 12
4530 12
4531 12
4532 12
4533 12
4534 12
4535 13
4536 12
4537 13
4538 12
4539 12
4540 12
4541 12
4542 13
4543 12
4544 12
4545 12
4546 13
4547 12
4548 12
4549 12
4550 13
4551 13
4552 12
4553 13
4554 12
4555 12
4556 14
4557 12
4558 12
4559 12
4560 12
4561 12
4562 12
4563 13
4564 13
4565 12
4566 13
4567 12
4568 12
4569 12
4570 13
4571 13
4572 12
4573 12
4574 12
4575 12
4576 12
4577 13
4578 12
4579 13
4580 12
4581 12
4582 13
4583 12
4584 13
4585 13
4586 12
4587 12
4588 13
4589 12
4590 12
4591 13
4592 12
4593 12
4594 12
4595 12
4596 12
4597 12
4598 13
4599 12
4600 12
4601 12
4602 12
4603 12
4604 12
4605 13
4606 12
4607 12
4608 12
4609 12
4610 12
4611 13
4612 13
4613 12
4614 12
4615 12
4616 13
4617 12
4618 12
4619 13
4620 12
4621 12
4622 12
4623 12
4624 12
4625 12
4626 13
4627 13
4628 12
4629 13
4630 12
4631 12
4632 12
4633 13
4634 13
4635 12
4636 12
4637 12
4638 12
4639 12
4640 13
4641 12
4642 12
4643 12
4644 12
4645 12
4646 12
4647 13
4648 12
4649 12
4650 12
4651 12
4652 12
4653 12
4654 13
4655 12
4656 12
4657 12
4658 12
4659 12
4660 12
4661 13
4662 12
4663 12
4664 12
4665 12
4666 12
4667 12
4668 13
4669 12
4670 13
4671 12
4672 12
4673 12
4674 12
4675 13
4676 13
4677 12
4678 12
4679 12
4680 12
4681 12
4682 13
4683 12
4684 12
4685 12
4686 12
4687 12
4688 12
4689 13
4690 13
4691 12
4692 12
4693 12
4694 12
4695 12
4696 13
4697 13
4698 12
4699 13
4700 12
4701 12
4702 12
4703 13
4704 12
4705 12
4706 12
4707 12
4708 12
4709 12
4710 13
4711 12
4712 12
4713 12
4714 12
4715 12
4716 13
4717 13
4718 12
4719 12
4720 12
4721 12
4722 12
4723 12
4724 13
4725 12
4726 12
4727 12
4728 12
4729 12
4730 12
4731 13
4732 12
4733 12
4734 12
4735 12
4736 12
4737 12
4738 13
4739 13
4740 12
4741 12
4742 12
4743 12
4744 12
4745 13
4746 12
4747 12
4748 12
4749 12
4750 12
4751 12
4752 13
4753 13
4754 12
4755 12
4756 12
4757 12
4758 12
4759 14
4760 12
4761 13
4762 12
4763 13
4764 12
4765 12
4766 12
4767 13
4768 13
4769 12
4770 12
4771 12
4772 12
4773 13
4774 12
4775 12
4776 12
4777 13
4778 12
4779 12
4780 13
4781 13
4782 12
4783 12
4784 12
4785 12
4786 12
4787 13
4788 13
4789 13
4790 12
4791 13
4792 12
4793 12
4794 13
4795 12
4796 12
4797 12
4798 12
4799 12
4800 12
4801 13
4802 12
4803 12
4804 12
4805 12
4806 12
4807 12
4808 13
4809 12
4810 12
4811 12
4812 12
4813 12
4814 12
4815 13
4816 12
4817 13
4818 12
4819 12
4820 12
4821 12
4822 13
4823 12
4824 12
4825 12
4826 13
4827 12
4828 12
4829 13
4830 12
4831 12
4832 12
4833 12
4834 12
4835 12
4836 13
4837 12
4838 12
4839 12
4840 12
4841 12
4842 12
4843 13
4844 12
4845 12
4846 13
4847 12
4848 12
4849 12
4850 13
4851 12
4852 12
4853 12
4854 12
4855 12
4856 12
4857 13
4858 12
4859 12
4860 12
4861 12
4862 12
4863 12
4864 13
4865 12
4866 11
4867 11
4868 11
4869 12
4870 12
4871 13
4872 12
4873 12
4874 12
4875 12
4876 12
4877 12
4878 13
4879 13
4880 12
4881 12
4882 12
4883 12
4884 12
4885 13
4886 13
4887 12
4888 12
4889 12
4890 12
4891 12
4892 13
4893 12
4894 12
4895 12
4896 12
4897 12
4898 12
4899 13
4900 13
4901 12
4902 12
4903 12
4904 12
4905 12
4906 13
4907 12
4908 13
4909 12
4910 12
4911 12
4912 12
4913 13
4914 12
4915 12
4916 12
4917 12
4918 12
4919 12
4920 13
4921 12
4922 12
4923 12
4924 12
4925 12
4926 12
4927 13
4928 12
4929 12
4930 12
4931 12
4932 12
4933 12
4934 13
4935 12
4936 12
4937 12
4938 12
4939 12
4940 12
4941 13
4942 12
4943 12
4944 12
4945 12
4946 12
4947 12
4948 13
4949 12
4950 12
4951 13
4952 12
4953 12
4954 12
4955 13
4956 12
4957 12
4958 12
4959 13
4960 12
4961 12
4962 13
4963 12
4964 12
4965 12
4966 12
4967 12
4968 12
4969 13
4970 13
4971 12
4972 12
4973 12
4974 12
4975 12
4976 13
4977 12
4978 12
4979 12
4980 12
4981 12
4982 12
4983 13
4984 12
4985 12
4986 12
4987 12
4988 12
4989 14
4990 14
4991 12
4992 12
4993 12
4994 13
4995 13
4996 13
4997 12
4998 12
4999 12
5000 11
5001 13
5002 13
5003 12
5004 12
5005 12
5006 12
5007 13
5008 13
5009 12
5010 12
5011 12
5012 13
5013 12
5014 13
5015 13
5016 12
5017 12
5018 12
5019 12
5020 12
5021 13
5022 13
5023 13
5024 12
5025 12
5026 12
5027 12
5028 13
5029 12
5030 12
5031 12
5032 12
5033 12
5034 12
5035 13
5036 12
5037 12
5038 12
5039 12
5040 12
5041 12
5042 13
5043 12
5044 12
5045 12
5046 12
5047 12
5048 13
5049 13
5050 13
5051 12
5052 12
5053 12
5054 12
5055 12
5056 13
5057 13
5058 12
5059 12
5060 12
5061 12
5062 12
5063 13
5064 13
5065 12
5066 12
5067 12
5068 12
5069 12
5070 13
5071 13
5072 12
5073 12
5074 12
5075 12
5076 12
5077 13
5078 12
5079 12
5080 12
5081 13
5082 12
5083 12
5084 13
5085 12
5086 12
5087 12
5088 12
5089 12
5090 12
5091 13
5092 12
5093 12
5094 12
5095 12
5096 12
5097 12
5098 13
5099 13
5100 12
5101 12
5102 12
5103 12
5104 12
5105 13
5106 12
5107 12
5108 12
5109 12
5110 12
5111 12
5112 13
5113 12
5114 12
5115 12
5116 12
5117 12
5118 12
5119 13
5120 12
5121 13
5122 12
5123 12
5124 12
5125 12
5126 13
5127 13
5128 12
5129 12
5130 12
5131 12
5132 12
5133 13
5134 12
5135 12
5136 12
5137 12
5138 12
5139 12
5140 13
5141 13
5142 12
5143 12
5144 12
5145 12
5146 13
5147 13
5148 13
5149 12
5150 12
5151 12
5152 12
5153 12
5154 13
5155 12
5156 12
5157 12
5158 12
5159 12
5160 13
5161 13
5162 12
5163 12
5164 12
5165 12
5166 12
5167 12
5168 13
5169 12
5170 12
5171 12
5172 12
5173 12
5174 12
5175 13
5176 12
5177 12
5178 12
5179 12
5180 12
5181 12
5182 13
5183 12
5184 12
5185 12
5186 12
5187 12
5188 12
5189 13
5190 12
5191 12
5192 12
5193 12
5194 12
5195 12
5196 13
5197 13
5198 12
5199 12
5200 12
5201 12
5202 12
5203 13
5204 12
5205 12
5206 12
5207 12
5208 12
5209 12
5210 13
5211 13
5212 12
5213 12
5214 12
5215 12
5216 12
5217 13
5218 12
5219 12
5220 12
5221 12
5222 12
5223 12
5224 13
5225 12
5226 12
5227 12
5228 13
5229 12
5230 12
5231 13
5232 12
5233 12
5234 12
5235 12
5236 12
5237 12
5238 13
5239 12
5240 12
5241 12
5242 12
5243 12
5244 12
5245 13
5246 12
5247 12
5248 12
5249 13
5250 12
5251 12
5252 13
5253 12
5254 12
5255 12
5256 12
5257 12
5258 12
5259 13
5260 12
5261 12
5262 12
5263 12
5264 12
5265 12
5266 13
5267 12
5268 12
5269 12
5270 13
5271 12
5272 12
5273 13
5274 12
5275 12
5276 12
5277 12
5278 12
5279 12
5280 13
5281 12
5282 12
5283 12
5284 12
5285 12
5286 12
5287 13
5288 12
5289 13
5290 12
5291 12
5292 12
5293 12
5294 13
5295 13
5296 12
5297 12
5298 12
5299 12
5300 12
5301 13
5302 12
5303 12
5304 12
5305 12
5306 12
5307 12
5308 13
5309 13
5310 12
5311 12
5312 12
5313 12
5314 12
5315 13
5316 12
5317 12
5318 13
5319 12
5320 12
5321 12
5322 13
5323 13
5324 12
5325 12
5326 12
5327 12
5328 12
5329 13
5330 13
5331 12
5332 12
5333 12
5334 12
5335 12
5336 13
5337 12
5338 12
5339 12
5340 12
5341 12
5342 12
5343 13
5344 13
5345 12
5346 12
5347 12
5348 12
5349 12
5350 13
5351 13
5352 12
5353 12
5354 12
5355 12
5356 12
5357 13
5358 13
5359 12
5360 12
5361 12
5362 12
5363 13
5364 13
5365 12
5366 13
5367 12
5368 12
5369 12
5370 12
5371 13
5372 12
5373 12
5374 12
5375 12
5376 12
5377 12
5378 13
5379 12
5380 12
5381 12
5382 12
5383 12
5384 12
5385 13
5386 13
5387 12
5388 12
5389 12
5390 12
5391 12
5392 13
5393 12
5394 12
5395 12
5396 12
5397 12
5398 13
5399 13
5400 12
5401 12
5402 12
5403 12
5404 12
5405 12
5406 13
5407 12
5408 12
5409 13
5410 12
5411 12
5412 12
5413 13
5414 13
5415 12
5416 12
5417 13
5418 12
5419 12
5420 13
5421 12
5422 12
5423 12
5424 12
5425 12
5426 12
5427 13
5428 12
5429 12
5430 12
5431 12
5432 12
5433 12
5434 13
5435 13
5436 12
5437 12
5438 12
5439 12
5440 12
5441 13
5442 13
5443 12
5444 12
5445 12
5446 12
5447 12
5448 13
5449 13
5450 12
5451 12
5452 12
5453 12
5454 12
5455 13
5456 12
5457 12
5458 12
5459 12
5460 12
5461 12
5462 13
5463 13
5464 12
5465 12
5466 12
5467 12
5468 12
5469 13
5470 13
5471 12
5472 12
5473 12
5474 12
5475 12
5476 13
5477 12
5478 12
5479 12
5480 12
5481 12
5482 12
5483 13
5484 12
5485 12
5486 12
5487 12
5488 12
5489 13
5490 13
5491 12
5492 12
5493 12
5494 12
5495 12
5496 12
5497 13
5498 12
5499 12
5500 12
5501 12
5502 12
5503 12
5504 13
5505 12
5506 12
5507 12
5508 12
5509 13
5510 12
5511 13
5512 13
5513 12
5514 12
5515 12
5516 13
5517 12
5518 13
5519 12
5520 12
5521 12
5522 12
5523 12
5524 12
5525 13
5526 13
5527 12
5528 12
5529 12
5530 12
5531 12
5532 13
5533 13
5534 12
5535 12
5536 12
5537 12
5538 12
5539 13
5540 12
5541 12
5542 12
5543 12
5544 13
5545 12
5546 13
5547 12
5548 12
5549 12
5550 12
5551 12
5552 12
5553 13
5554 12
5555 12
5556 12
5557 12
5558 12
5559 12
5560 13
5561 12
5562 12
5563 12
5564 12
5565 12
5566 12
5567 13
5568 12
5569 12
5570 12
5571 12
5572 12
5573 12
5574 13
5575 12
5576 12
5577 12
5578 12
5579 12
5580 12
5581 13
5582 13
5583 12
5584 12
5585 12
5586 12
5587 12
5588 13
5589 12
5590 13
5591 12
5592 12
5593 12
5594 12
5595 13
5596 12
5597 12
5598 12
5599 12
5600 12
5601 12
5602 13
5603 12
5604 12
5605 12
5606 12
5607 13
5608 12
5609 13
5610 12
5611 12
5612 12
5613 14
5614 13
5615 13
5616 15
5617 11
5618 12
5619 11
5620 11
5621 12
5622 13
5623 13
5624 12
5625 12
5626 12
5627 12
5628 12
5629 12
5630 13
5631 13
5632 12
5633 13
5634 12
5635 12
5636 12
5637 13
5638 12
5639 12
5640 12
5641 12
5642 12
5643 12
5644 13
5645 13
5646 12
5647 12
5648 12
5649 12
5650 12
5651 13
5652 13
5653 12
5654 12
5655 12
5656 12
5657 12
5658 13
5659 12
5660 12
5661 12
5662 12
5663 12
5664 12
5665 13
5666 12
5667 12
5668 12
5669 12
5670 12
5671 12
5672 13
5673 12
5674 12
5675 12
5676 12
5677 12
5678 12
5679 13
5680 12
5681 12
5682 12
5683 12
5684 12
5685 12
5686 13
5687 12
5688 12
5689 12
5690 12
5691 12
5692 12
5693 13
5694 12
5695 12
5696 12
5697 12
5698 12
5699 12
5700 13
5701 12
5702 12
5703 12
5704 12
5705 12
5706 12
5707 13
5708 12
5709 12
5710 12
5711 12
5712 12
5713 12
5714 13
5715 12
5716 12
5717 12
5718 12
5719 12
5720 12
5721 13
5722 12
5723 12
5724 12
5725 13
5726 12
5727 12
5728 13
5729 12
5730 12
5731 12
5732 12
5733 12
5734 12
5735 13
5736 13
5737 12
5738 12
5739 12
5740 13
5741 12
5742 13
5743 12
5744 12
5745 12
5746 12
5747 12
5748 12
5749 13
5750 12
5751 12
5752 12
5753 12
5754 12
5755 12
5756 13
5757 13
5758 12
5759 12
5760 12
5761 12
5762 13
5763 13
5764 13
5765 12
5766 12
5767 12
5768 12
5769 12
5770 13
5771 13
5772 12
5773 12
5774 12
5775 13
5776 12
5777 13
5778 12
5779 12
5780 12
5781 12
5782 13
5783 13
5784 14
5785 12
5786 12
5787 11
5788 11
5789 13
5790 13
5791 13
5792 13
5793 12
5794 12
5795 12
5796 12
5797 12
5798 13
5799 12
5800 12
5801 12
5802 12
5803 12
5804 12
5805 13
5806 12
5807 12
5808 12
5809 12
5810 12
5811 12
5812 13
5813 12
5814 12
5815 12
5816 12
5817 12
5818 12
5819 13
5820 13
5821 12
5822 12
5823 12
5824 12
5825 12
5826 13
5827 12
5828 12
5829 12
5830 12
5831 12
5832 12
5833 13
5834 13
5835 12
5836 12
5837 12
5838 12
5839 12
5840 13
5841 12
5842 12
5843 12
5844 12
5845 12
5846 12
5847 13
5848 12
5849 12
5850 12
5851 12
5852 12
5853 12
5854 14
5855 12
5856 12
5857 12
5858 12
5859 12
5860 12
5861 13
5862 12
5863 12
5864 12
5865 12
5866 12
5867 12
5868 13
5869 12
5870 12
5871 12
5872 12
5873 12
5874 12
5875 13
5876 12
5877 12
5878 12
5879 12
5880 12
5881 12
5882 13
5883 12
5884 12
5885 12
5886 12
5887 12
5888 12
5889 13
5890 13
5891 12
5892 12
5893 12
5894 12
5895 12
5896 13
5897 13
5898 12
5899 12
5900 12
5901 12
5902 12
5903 13
5904 12
5905 12
5906 12
5907 12
5908 13
5909 12
5910 13
5911 13
5912 12
5913 12
5914 12
5915 12
5916 12
5917 13
5918 12
5919 12
5920 12
5921 12
5922 12
5923 13
5924 13
5925 12
5926 12
5927 12
5928 12
5929 12
5930 13
5931 13
5932 13
5933 13
5934 12
5935 12
5936 12
5937 12
5938 13
5939 13
5940 12
5941 12
5942 13
5943 12
5944 12
5945 13
5946 12
5947 12
5948 12
5949 12
5950 12
5951 12
5952 13
5953 12
5954 12
5955 12
5956 12
5957 12
5958 13
5959 13
5960 13
5961 12
5962 12
5963 12
5964 12
5965 12
5966 13
5967 12
5968 12
5969 12
5970 12
5971 12
5972 12
5973 13
5974 13
5975 12
5976 12
5977 12
5978 12
5979 12
5980 13
5981 13
5982 12
5983 12
5984 12
5985 12
5986 12
5987 13
5988 12
5989 12
5990 12
5991 13
5992 12
5993 12
5994 13
5995 13
5996 12
5997 12
5998 12
5999 12
6000 12
6001 13
6002 11
6003 12
6004 12
6005 11
6006 13
6007 13
6008 13
6009 12
6010 12
6011 12
6012 12
6013 12
6014 12
6015 14
6016 13
6017 12
6018 12
6019 13
6020 12
6021 12
6022 13
6023 13
6024 12
6025 12
6026 12
6027 12
6028 12
6029 13
6030 12
6031 12
6032 12
6033 13
6034 12
6035 12
6036 13
6037 12
6038 12
6039 12
6040 13
6041 12
6042 12
6043 13
6044 12
6045 12
6046 12
6047 12
6048 12
6049 12
6050 13
6051 12
6052 12
6053 12
6054 12
6055 12
6056 13
6057 13
6058 13
6059 12
6060 12
6061 12
6062 12
6063 12
6064 13
6065 13
6066 12
6067 12
6068 12
6069 12
6070 13
6071 13
6072 13
6073 12
6074 12
6075 13
6076 12
6077 12
6078 13
6079 12
6080 12
6081 13
6082 13
6083 12
6084 13
6085 13
6086 13
6087 12
6088 12
6089 12
6090 12
6091 12
6092 13
6093 12
6094 12
6095 12
6096 12
6097 13
6098 12
6099 13
6100 12
6101 13
6102 12
6103 12
6104 12
6105 12
6106 13
6107 12
6108 12
6109 12
6110 13
6111 12
6112 12
6113 13
6114 13
6115 12
6116 12
6117 12
6118 12
6119 12
6120 13
6121 12
6122 12
6123 12
6124 12
6125 12
6126 12
6127 13
6128 13
6129 12
6130 12
6131 12
6132 12
6133 12
6134 13
6135 13
6136 13
6137 12
6138 12
6139 13
6140 12
6141 13
6142 12
6143 12
6144 12
6145 12
6146 12
6147 12
6148 13
6149 13
6150 13
6151 12
6152 12
6153 12
6154 12
6155 13
6156 13
6157 12
6158 12
6159 12
6160 12
6161 13
6162 13
6163 12
6164 12
6165 12
6166 12
6167 12
6168 12
6169 13
6170 12
6171 12
6172 12
6173 12
6174 12
6175 12
6176 13
6177 13
6178 12
6179 12
6180 12
6181 12
6182 12
6183 13
6184 12
6185 12
6186 12
6187 12
6188 12
6189 12
6190 13
6191 13
6192 12
6193 12
6194 12
6195 12
6196 12
6197 13
6198 12
6199 12
6200 12
6201 12
6202 12
6203 12
6204 13
6205 12
6206 12
6207 12
6208 12
6209 13
6210 12
6211 14
6212 13
6213 12
6214 12
6215 12
6216 12
6217 12
6218 13
6219 12
6220 12
6221 12
6222 12
6223 12
6224 12
6225 13
6226 12
6227 12
6228 12
6229 12
6230 12
6231 12
6232 13
6233 13
6234 12
6235 12
6236 12
6237 12
6238 12
6239 13
6240 12
6241 12
6242 13
6243 12
6244 12
6245 12
6246 13
6247 12
6248 12
6249 12
6250 12
6251 12
6252 12
6253 13
6254 13
6255 12
6256 12
6257 12
6258 12
6259 12
6260 13
6261 13
6262 12
6263 12
6264 12
6265 12
6266 12
6267 13
6268 13
6269 12
6270 12
6271 12
6272 12
6273 13
6274 13
6275 13
6276 12
6277 12
6278 12
6279 12
6280 12
6281 13
6282 13
6283 12
6284 12
6285 12
6286 12
6287 12
6288 13
6289 12
6290 12
6291 12
6292 12
6293 12
6294 12
6295 13
6296 12
6297 12
6298 12
6299 12
6300 12
6301 12
6302 13
6303 13
6304 12
6305 12
6306 12
6307 12
6308 12
6309 13
6310 12
6311 13
6312 12
6313 12
6314 12
6315 12
6316 13
6317 12
6318 12
6319 12
6320 12
6321 12
6322 12
6323 13
6324 12
6325 12
6326 12
6327 12
6328 12
6329 12
6330 13
6331 12
6332 12
6333 12
6334 12
6335 12
6336 12
6337 13
6338 12
6339 12
6340 12
6341 12
6342 12
6343 12
6344 13
6345 12
6346 12
6347 12
6348 12
6349 12
6350 12
6351 13
6352 12
6353 12
6354 12
6355 12
6356 13
6357 12
6358 13
6359 13
6360 12
6361 12
6362 12
6363 12
6364 12
6365 13
6366 12
6367 12
6368 12
6369 12
6370 12
6371 12
6372 13
6373 12
6374 12
6375 12
6376 12
6377 12
6378 12
6379 13
6380 12
6381 12
6382 12
6383 12
6384 12
6385 12
6386 13
6387 13
6388 12
6389 12
6390 12
6391 12
6392 12
6393 13
6394 12
6395 12
6396 12
6397 12
6398 12
6399 12
6400 13
6401 12
6402 12
6403 12
6404 12
6405 12
6406 12
6407 13
6408 13
6409 12
6410 12
6411 12
6412 12
6413 12
6414 13
6415 12
6416 12
6417 12
6418 12
6419 12
6420 12
6421 13
6422 13
6423 12
6424 12
6425 12
6426 12
6427 12
6428 13
6429 12
6430 12
6431 12
6432 12
6433 12
6434 12
6435 13
6436 12
6437 12
6438 12
6439 12
6440 12
6441 12
6442 13
6443 12
6444 12
6445 12
6446 12
6447 12
6448 12
6449 13
6450 13
6451 12
6452 12
6453 12
6454 12
6455 12
6456 13
6457 13
6458 12
6459 12
6460 12
6461 12
6462 12
6463 13
6464 12
6465 12
6466 12
6467 12
6468 12
6469 12
6470 13
6471 13
6472 12
6473 12
6474 12
6475 12
6476 12
6477 13
6478 12
6479 12
6480 12
6481 12
6482 12
6483 12
6484 13
6485 12
6486 13
6487 12
6488 12
6489 12
6490 12
6491 13
6492 12
6493 12
6494 13
6495 12
6496 12
6497 12
6498 13
6499 13
6500 12
6501 12
6502 12
6503 12
6504 12
6505 13
6506 13
6507 12
6508 12
6509 12
6510 12
6511 12
6512 13
6513 12
6514 12
6515 12
6516 12
6517 12
6518 12
6519 13
6520 12
6521 12
6522 12
6523 12
6524 12
6525 12
6526 13
6527 12
6528 12
6529 12
6530 12
6531 12
6532 12
6533 13
6534 13
6535 12
6536 12
6537 12
6538 12
6539 12
6540 13
6541 13
6542 13
6543 12
6544 12
6545 12
6546 12
6547 13
6548 12
6549 12
6550 12
6551 12
6552 12
6553 12
6554 13
6555 13
6556 13
6557 12
6558 12
6559 12
6560 12
6561 13
6562 13
6563 12
6564 12
6565 12
6566 12
6567 13
6568 13
6569 12
6570 12
6571 12
6572 12
6573 12
6574 12
6575 13
6576 13
6577 13
6578 12
6579 12
6580 13
6581 12
6582 13
6583 12
6584 12
6585 12
6586 12
6587 12
6588 12
6589 13
6590 12
6591 12
6592 12
6593 12
6594 12
6595 12
6596 13
6597 12
6598 12
6599 12
6600 12
6601 12
6602 12
6603 13
6604 12
6605 12
6606 12
6607 12
6608 12
6609 12
6610 13
6611 13
6612 12
6613 12
6614 13
6615 12
6616 12
6617 12
6618 11
6619 12
6620 12
6621 13
6622 13
6623 13
6624 13
6625 11
6626 12
6627 12
6628 13
6629 13
6630 12
6631 12
6632 12
6633 12
6634 13
6635 12
6636 12
6637 12
6638 12
6639 12
6640 12
6641 13
6642 12
6643 12
6644 12
6645 12
6646 12
6647 12
6648 13
6649 12
6650 13
6651 12
6652 12
6653 12
6654 13
6655 14
6656 12
6657 12
6658 11
6659 11
6660 13
6661 13
6662 13
6663 13
6664 12
6665 12
6666 12
6667 12
6668 12
6669 13
6670 12
6671 13
6672 13
6673 13
6674 12
6675 13
6676 12
6677 12
6678 12
6679 11
6680 13
6681 13
6682 13
6683 12
6684 12
6685 12
6686 13
6687 12
6688 12
6689 12
6690 12
6691 12
6692 12
6693 13
6694 13
6695 12
6696 12
6697 12
6698 12
6699 12
6700 13
6701 13
6702 12
6703 12
6704 13
6705 13
6706 13
6707 14
6708 12
6709 12
6710 11
6711 11
6712 13
6713 13
6714 13
6715 12
6716 13
6717 12
6718 13
6719 12
6720 12
6721 14
6722 12
6723 12
6724 12
6725 12
6726 12
6727 13
6728 13
6729 13
6730 12
6731 12
6732 12
6733 12
6734 12
6735 13
6736 12
6737 12
6738 12
6739 12
6740 12
6741 12
6742 13
6743 13
6744 12
6745 12
6746 12
6747 12
6748 12
6749 13
6750 12
6751 13
6752 12
6753 12
6754 12
6755 12
6756 13
6757 12
6758 12
6759 12
6760 13
6761 12
6762 12
6763 13
6764 12
6765 12
6766 11
6767 11
6768 13
6769 13
6770 13
6771 12
6772 12
6773 12
6774 12
6775 12
6776 12
6777 12
6778 12
6779 12
6780 12
6781 12
6782 12
6783 13
6784 12
6785 12
6786 12
6787 13
6788 13
6789 12
6790 12
6791 12
6792 12
6793 13
6794 14
6795 12
6796 12
6797 12
6798 12
6799 12
6800 12
6801 13
6802 12
6803 12
6804 12
6805 12
6806 12
6807 12
6808 13
6809 13
6810 12
6811 12
6812 12
6813 12
6814 12
6815 13
6816 13
6817 12
6818 12
6819 12
6820 12
6821 13
6822 13
6823 12
6824 12
6825 12
6826 12
6827 12
6828 13
6829 13
6830 12
6831 12
6832 12
6833 12
6834 12
6835 13
6836 13
6837 13
6838 12
6839 12
6840 12
6841 12
6842 12
6843 13
6844 12
6845 13
6846 13
6847 12
6848 12
6849 12
6850 13
6851 12
6852 12
6853 12
6854 12
6855 12
6856 12
6857 13
6858 12
6859 13
6860 12
6861 13
6862 12
6863 12
6864 13
6865 12
6866 12
6867 12
6868 12
6869 12
6870 12
6871 13
6872 12
6873 12
6874 12
6875 12
6876 13
6877 12
6878 13
6879 12
6880 12
6881 12
6882 12
6883 12
6884 12
6885 13
6886 12
6887 12
6888 12
6889 13
6890 12
6891 12
6892 13
6893 12
6894 13
6895 12
6896 12
6897 12
6898 12
6899 13
6900 12
6901 13
6902 12
6903 12
6904 12
6905 12
6906 13
6907 12
6908 13
6909 12
6910 12
6911 12
6912 12
6913 13
6914 12
6915 12
6916 12
6917 12
6918 12
6919 12
6920 13
6921 12
6922 12
6923 12
6924 12
6925 12
6926 12
6927 13
6928 13
6929 12
6930 12
6931 12
6932 12
6933 13
6934 13
6935 12
6936 12
6937 12
6938 12
6939 12
6940 12
6941 13
6942 12
6943 12
6944 12
6945 13
6946 12
6947 12
6948 13
6949 12
6950 12
6951 12
6952 12
6953 12
6954 12
6955 13
6956 13
6957 12
6958 12
6959 12
6960 12
6961 12
6962 13
6963 12
6964 12
6965 12
6966 12
6967 12
6968 12
6969 13
6970 12
6971 12
6972 12
6973 13
6974 12
6975 12
6976 13
6977 12
6978 12
6979 12
6980 12
6981 13
6982 12
6983 13
6984 12
6985 12
6986 12
6987 12
6988 12
6989 13
6990 13
6991 12
6992 12
6993 12
6994 12
6995 12
6996 12
6997 13
6998 13
6999 12
7000 12
7001 12
7002 12
7003 12
7004 13
7005 13
7006 12
7007 12
7008 12
7009 12
7010 12
7011 13
7012 12
7013 12
7014 12
7015 12
7016 13
7017 12
7018 13
7019 12
7020 12
7021 12
7022 12
7023 12
7024 12
7025 13
7026 12
7027 12
7028 12
7029 12
7030 12
7031 12
7032 13
7033 12
7034 12
7035 12
7036 12
7037 13
7038 12
7039 13
7040 12
7041 13
7042 12
7043 12
7044 12
7045 12
7046 13
7047 12
7048 12
7049 12
7050 12
7051 12
7052 12
7053 13
7054 12
7055 12
7056 12
7057 12
7058 12
7059 12
7060 13
7061 12
7062 12
7063 12
7064 12
7065 12
7066 12
7067 13
7068 12
7069 13
7070 12
7071 12
7072 12
7073 12
7074 13
7075 12
7076 12
7077 12
7078 12
7079 13
7080 12
7081 13
7082 12
7083 12
7084 12
7085 12
7086 12
7087 12
7088 13
7089 12
7090 12
7091 12
7092 12
7093 12
7094 12
7095 13
7096 12
7097 12
7098 12
7099 12
7100 12
7101 12
7102 13
7103 12
7104 12
7105 13
7106 13
7107 12
7108 12
7109 13
7110 12
7111 12
7112 12
7113 12
7114 12
7115 12
7116 13
7117 13
7118 12
7119 12
7120 12
7121 13
7122 12
7123 13
7124 13
7125 12
7126 12
7127 13
7128 12
7129 12
7130 13
7131 12
7132 13
7133 12
7134 12
7135 12
7136 12
7137 13
7138 12
7139 12
7140 12
7141 12
7142 12
7143 12
7144 13
7145 12
7146 12
7147 12
7148 13
7149 12
7150 12
7151 13
7152 12
7153 12
7154 12
7155 12
7156 12
7157 12
7158 13
7159 13
7160 13
7161 12
7162 12
7163 12
7164 12
7165 13
7166 12
7167 12
7168 12
7169 12
7170 12
7171 12
7172 13
7173 12
7174 12
7175 12
7176 12
7177 13
7178 12
7179 13
7180 13
7181 12
7182 12
7183 12
7184 12
7185 12
7186 13
7187 12
7188 12
7189 12
7190 12
7191 12
7192 12
7193 12
7194 11
7195 12
7196 11
7197 13
7198 13
7199 12
7200 12
7201 12
7202 12
7203 13
7204 12
7205 12
7206 12
7207 12
7208 12
7209 12
7210 13
7211 12
7212 12
7213 12
7214 12
7215 12
7216 12
7217 13
7218 13
7219 12
7220 12
7221 12
7222 12
7223 12
7224 13
7225 12
7226 12
7227 12
7228 12
7229 12
7230 12
7231 13
7232 12
7233 12
7234 12
7235 13
7236 12
7237 12
7238 13
7239 12
7240 12
7241 12
7242 12
7243 12
7244 12
7245 13
7246 12
7247 13
7248 12
7249 12
7250 12
7251 12
7252 13
7253 13
7254 13
7255 12
7256 12
7257 12
7258 12
7259 13
7260 12
7261 12
7262 12
7263 12
7264 12
7265 12
7266 13
7267 12
7268 12
7269 12
7270 12
7271 12
7272 12
7273 13
7274 13
7275 12
7276 12
7277 12
7278 12
7279 12
7280 13
7281 12
7282 12
7283 12
7284 12
7285 12
7286 12
7287 13
7288 12
7289 12
7290 12
7291 12
7292 12
7293 12
7294 13
7295 13
7296 12
7297 13
7298 12
7299 12
7300 12
7301 13
7302 12
7303 12
7304 12
7305 12
7306 12
7307 12
7308 13
7309 13
7310 12
7311 12
7312 12
7313 12
7314 12
7315 13
7316 12
7317 12
7318 12
7319 12
7320 12
7321 12
7322 13
7323 12
7324 12
7325 13
7326 12
7327 12
7328 12
7329 13
7330 13
7331 12
7332 12
7333 12
7334 12
7335 13
7336 13
7337 12
7338 12
7339 12
7340 12
7341 12
7342 12
7343 13
7344 13
7345 12
7346 12
7347 12
7348 12
7349 12
7350 13
7351 13
7352 12
7353 12
7354 12
7355 12
7356 12
7357 13
7358 12
7359 12
7360 12
7361 12
7362 12
7363 12
7364 13
7365 13
7366 12
7367 12
7368 12
7369 12
7370 12
7371 13
7372 12
7373 12
7374 12
7375 12
7376 12
7377 12
7378 13
7379 13
7380 12
7381 12
7382 13
7383 13
7384 12
7385 13
7386 12
7387 12
7388 12
7389 12
7390 12
7391 12
7392 13
7393 13
7394 12
7395 12
7396 12
7397 12
7398 12
7399 13
7400 12
7401 12
7402 12
7403 12
7404 12
7405 12
7406 13
7407 12
7408 12
7409 12
7410 12
7411 12
7412 12
7413 13
7414 12
7415 12
7416 12
7417 12
7418 12
7419 12
7420 13
7421 12
7422 12
7423 12
7424 12
7425 13
7426 12
7427 13
7428 12
7429 12
7430 13
7431 12
7432 12
7433 12
7434 13
7435 12
7436 12
7437 12
7438 12
7439 12
7440 12
7441 13
7442 13
7443 12
7444 12
7445 13
7446 13
7447 13
7448 13
7449 13
7450 13
7451 12
7452 12
7453 12
7454 12
7455 13
7456 12
7457 12
7458 12
7459 12
7460 12
7461 13
7462 13
7463 12
7464 12
7465 12
7466 12
7467 12
7468 12
7469 13
7470 12
7471 12
7472 12
7473 12
7474 12
7475 12
7476 13
7477 13
7478 12
7479 12
7480 12
7481 12
7482 12
7483 13
7484 13
7485 12
7486 12
7487 12
7488 12
7489 12
7490 13
7491 12
7492 12
7493 12
7494 12
7495 12
7496 12
7497 13
7498 12
7499 12
7500 12
7501 12
7502 13
7503 12
7504 13
7505 12
7506 12
7507 12
7508 13
7509 12
7510 12
7511 13
7512 13
7513 12
7514 12
7515 12
7516 12
7517 12
7518 13
7519 13
7520 12
7521 13
7522 12
7523 12
7524 12
7525 13
7526 13
7527 12
7528 12
7529 12
7530 12
7531 12
7532 13
7533 13
7534 12
7535 12
7536 12
7537 12
7538 12
7539 13
7540 13
7541 12
7542 12
7543 12
7544 13
7545 13
7546 13
7547 13
7548 12
7549 12
7550 12
7551 12
7552 12
7553 13
7554 13
7555 12
7556 12
7557 12
7558 12
7559 12
7560 13
7561 12
7562 12
7563 13
7564 12
7565 12
7566 12
7567 13
7568 12
7569 12
7570 12
7571 12
7572 12
7573 12
7574 13
7575 12
7576 13
7577 12
7578 12
7579 12
7580 12
7581 13
7582 13
7583 12
7584 12
7585 12
7586 13
7587 12
7588 13
7589 12
7590 12
7591 12
7592 12
7593 12
7594 12
7595 13
7596 12
7597 12
7598 12
7599 12
7600 12
7601 12
7602 13
7603 12
7604 12
7605 12
7606 12
7607 12
7608 12
7609 12
7610 12
7611 12
7612 12
7613 12
7614 12
7615 13
7616 12
7617 12
7618 12
7619 13
7620 12
7621 12
7622 12
7623 13
7624 12
7625 12
7626 13
7627 12
7628 12
7629 13
7630 12
7631 12
7632 12
7633 13
7634 12
7635 12
7636 12
7637 12
7638 12
7639 12
7640 13
7641 12
7642 13
7643 12
7644 12
7645 12
7646 12
7647 13
7648 12
7649 12
7650 13
7651 12
7652 12
7653 12
7654 13
7655 12
7656 12
7657 12
7658 12
7659 12
7660 12
7661 13
7662 12
7663 12
7664 12
7665 12
7666 12
7667 12
7668 13
7669 12
7670 12
7671 12
7672 13
7673 13
7674 12
7675 13
7676 12
7677 12
7678 12
7679 12
7680 12
7681 13
7682 13
7683 12
7684 12
7685 12
7686 12
7687 12
7688 13
7689 13
7690 13
7691 12
7692 12
7693 12
7694 12
7695 12
7696 13
7697 13
7698 12
7699 12
7700 12
7701 12
7702 13
7703 13
7704 13
7705 12
7706 12
7707 13
7708 12
7709 12
7710 13
7711 12
7712 12
7713 12
7714 12
7715 12
7716 12
7717 13
7718 12
7719 12
7720 12
7721 12
7722 12
7723 12
7724 13
7725 13
7726 12
7727 12
7728 12
7729 12
7730 12
7731 13
7732 13
7733 12
7734 12
7735 12
7736 12
7737 12
7738 13
7739 12
7740 12
7741 12
7742 12
7743 12
7744 13
7745 13
7746 12
7747 13
7748 12
7749 12
7750 12
7751 12
7752 13
7753 13
7754 12
7755 12
7756 12
7757 13
7758 12
7759 13
7760 12
7761 12
7762 13
7763 12
7764 12
7765 12
7766 13
7767 12
7768 12
7769 12
7770 12
7771 13
7772 12
7773 13
7774 13
7775 12
7776 12
7777 12
7778 12
7779 12
7780 13
7781 12
7782 13
7783 13
7784 12
7785 12
7786 12
7787 13
7788 13
7789 13
7790 13
7791 12
7792 12
7793 12
7794 13
7795 12
7796 12
7797 12
7798 12
7799 12
7800 12
7801 13
7802 12
7803 12
7804 12
7805 12
7806 12
7807 12
7808 13
7809 12
7810 12
7811 12
7812 12
7813 12
7814 12
7815 13
7816 12
7817 13
7818 12
7819 12
7820 12
7821 12
7822 13
7823 12
7824 12
7825 12
7826 12
7827 12
7828 13
7829 13
7830 13
7831 12
7832 12
7833 12
7834 12
7835 12
7836 13
7837 13
7838 12
7839 12
7840 12
7841 12
7842 12
7843 13
7844 12
7845 12
7846 12
7847 12
7848 12
7849 12
7850 13
7851 13
7852 12
7853 12
7854 12
7855 12
7856 12
7857 13
7858 13
7859 12
7860 12
7861 12
7862 12
7863 12
7864 13
7865 12
7866 12
7867 12
7868 12
7869 12
7870 12
7871 13
7872 12
7873 12
7874 12
7875 12
7876 12
7877 12
7878 13
7879 14
7880 13
7881 13
7882 12
7883 12
7884 12
7885 11
7886 13
7887 13
7888 13
7889 12
7890 12
7891 12
7892 12
7893 13
7894 13
7895 13
7896 13
7897 12
7898 13
7899 13
7900 12
7901 12
7902 13
7903 13
7904 13
7905 13
7906 12
7907 12
7908 12
7909 13
7910 13
7911 13
7912 12
7913 12
7914 12
7915 12
7916 13
7917 12
7918 12
7919 12
7920 12
7921 12
7922 12
7923 13
7924 13
7925 12
7926 12
7927 12
7928 13
7929 12
7930 13
7931 12
7932 12
7933 13
7934 12
7935 12
7936 12
7937 13
7938 13
7939 12
7940 12
7941 12
7942 12
7943 12
7944 13
7945 12
7946 12
7947 12
7948 12
7949 12
7950 12
7951 13
7952 13
7953 12
7954 12
7955 12
7956 12
7957 12
7958 13
7959 13
7960 12
7961 12
7962 13
7963 12
7964 12
7965 13
7966 13
7967 12
7968 12
7969 12
7970 12
7971 12
7972 13
7973 12
7974 13
7975 12
7976 12
7977 12
7978 12
7979 13
7980 13
7981 13
7982 12
7983 12
7984 12
7985 13
7986 13
7987 12
7988 12
7989 13
7990 12
7991 13
7992 12
7993 13
7994 13
7995 12
7996 13
7997 12
7998 12
7999 12
8000 13
8001 13
8002 12
8003 12
8004 12
8005 12
8006 12
8007 13
8008 12
8009 12
8010 12
8011 12
8012 12
8013 12
8014 13
8015 12
8016 12
8017 12
8018 12
8019 12
8020 12
8021 13
8022 13
8023 12
8024 12
8025 12
8026 12
8027 12
8028 13
8029 12
8030 12
8031 12
8032 12
8033 12
8034 12
8035 13
8036 12
8037 12
8038 12
8039 13
8040 12
8041 12
8042 13
8043 12
8044 13
8045 12
8046 13
8047 12
8048 12
8049 13
8050 12
8051 12
8052 12
8053 12
8054 12
8055 12
8056 13
8057 13
8058 12
8059 12
8060 12
8061 12
8062 12
8063 13
8064 12
8065 12
8066 12
8067 12
8068 12
8069 12
8070 13
8071 12
8072 12
8073 12
8074 12
8075 12
8076 12
8077 13
8078 13
8079 12
8080 12
8081 12
8082 12
8083 12
8084 13
8085 13
8086 12
8087 12
8088 12
8089 12
8090 12
8091 13
8092 13
8093 12
8094 12
8095 12
8096 13
8097 13
8098 13
8099 12
8100 12
8101 12
8102 12
8103 12
8104 12
8105 13
8106 13
8107 12
8108 12
8109 12
8110 12
8111 12
8112 13
8113 12
8114 12
8115 12
8116 12
8117 13
8118 12
8119 13
8120 12
8121 12
8122 12
8123 12
8124 12
8125 12
8126 13
8127 12
8128 12
8129 13
8130 12
8131 13
8132 12
8133 13
8134 12
8135 12
8136 12
8137 12
8138 12
8139 12
8140 13
8141 13
8142 12
8143 12
8144 13
8145 12
8146 12
8147 13
8148 13
8149 13
8150 12
8151 12
8152 12
8153 12
8154 13
8155 13
8156 12
8157 12
8158 12
8159 12
8160 12
8161 13
8162 12
8163 12
8164 12
8165 12
8166 12
8167 12
8168 13
8169 13
8170 12
8171 12
8172 13
8173 13
8174 12
8175 13
8176 12
8177 12
8178 12
8179 12
8180 12
8181 12
8182 13
8183 12
8184 12
8185 12
8186 12
8187 12
8188 12
8189 13
8190 12
8191 12
8192 12
8193 12
8194 12
8195 12
8196 13
8197 12
8198 12
8199 13
8200 12
8201 13
8202 12
8203 13
8204 13
8205 12
8206 12
8207 12
8208 12
8209 12
8210 13
8211 13
8212 12
8213 13
8214 12
8215 12
8216 12
8217 12
8218 12
8219 13
8220 12
8221 12
8222 12
8223 12
8224 12
8225 12
8226 12
8227 13
8228 12
8229 12
8230 12
8231 12
8232 12
8233 12
8234 13
8235 13
8236 12
8237 12
8238 12
8239 12
8240 12
8241 13
8242 12
8243 12
8244 12
8245 12
8246 12
8247 12
8248 13
8249 12
8250 12
8251 12
8252 12
8253 12
8254 12
8255 13
8256 12
8257 12
8258 12
8259 12
8260 12
8261 12
8262 13
8263 12
8264 12
8265 12
8266 12
8267 12
8268 12
8269 13
8270 13
8271 12
8272 12
8273 12
8274 12
8275 12
8276 13
8277 12
8278 12
8279 12
8280 12
8281 12
8282 12
8283 13
8284 12
8285 12
8286 12
8287 12
8288 12
8289 12
8290 13
8291 12
8292 12
8293 12
8294 13
8295 12
8296 12
8297 13
8298 13
8299 12
8300 12
8301 12
8302 12
8303 12
8304 13
8305 12
8306 12
8307 12
8308 13
8309 12
8310 12
8311 13
8312 12
8313 12
8314 13
8315 12
8316 12
8317 12
8318 13
8319 12
8320 13
8321 13
8322 12
8323 12
8324 12
8325 13
8326 12
8327 12
8328 12
8329 13
8330 12
8331 12
8332 13
8333 13
8334 12
8335 12
8336 12
8337 12
8338 13
8339 13
8340 12
8341 12
8342 12
8343 12
8344 12
8345 12
8346 13
8347 13
8348 12
8349 12
8350 12
8351 12
8352 12
8353 13
8354 12
8355 12
8356 12
8357 12
8358 12
8359 12
8360 13
8361 13
8362 12
8363 12
8364 13
8365 12
8366 12
8367 13
8368 12
8369 12
8370 12
8371 12
8372 12
8373 12
8374 13
8375 13
8376 12
8377 12
8378 12
8379 12
8380 12
8381 13
8382 12
8383 12
8384 12
8385 12
8386 12
8387 12
8388 13
8389 12
8390 12
8391 12
8392 12
8393 13
8394 12
8395 13
8396 13
8397 13
8398 12
8399 12
8400 12
8401 12
8402 13
8403 12
8404 12
8405 12
8406 12
8407 12
8408 12
8409 13
8410 12
8411 12
8412 12
8413 12
8414 12
8415 13
8416 13
8417 13
8418 12
8419 12
8420 12
8421 12
8422 12
8423 13
8424 12
8425 12
8426 12
8427 12
8428 12
8429 12
8430 13
8431 12
8432 12
8433 12
8434 12
8435 12
8436 12
8437 13
8438 12
8439 13
8440 13
8441 12
8442 12
8443 12
8444 13
8445 13
8446 12
8447 12
8448 12
8449 12
8450 12
8451 13
8452 13
8453 12
8454 12
8455 12
8456 12
8457 12
8458 13
8459 13
8460 12
8461 12
8462 12
8463 12
8464 12
8465 13
8466 12
8467 12
8468 12
8469 12
8470 13
8471 12
8472 13
8473 12
8474 12
8475 12
8476 12
8477 12
8478 12
8479 13
8480 12
8481 12
8482 12
8483 12
8484 12
8485 12
8486 13
8487 12
8488 12
8489 12
8490 12
8491 12
8492 12
8493 13
8494 12
8495 12
8496 12
8497 12
8498 12
8499 12
8500 13
8501 13
8502 12
8503 12
8504 12
8505 12
8506 12
8507 13
8508 13
8509 12
8510 12
8511 12
8512 12
8513 12
8514 13
8515 12
8516 13
8517 13
8518 12
8519 12
8520 12
8521 13
8522 12
8523 12
8524 12
8525 12
8526 12
8527 12
8528 13
8529 12
8530 12
8531 12
8532 13
8533 12
8534 12
8535 13
8536 12
8537 12
8538 12
8539 12
8540 13
8541 12
8542 13
8543 12
8544 12
8545 12
8546 13
8547 12
8548 13
8549 13
8550 12
8551 12
8552 12
8553 12
8554 13
8555 13
8556 13
8557 13
8558 12
8559 12
8560 12
8561 12
8562 12
8563 13
8564 13
8565 12
8566 12
8567 12
8568 12
8569 12
8570 13
8571 12
8572 12
8573 12
8574 12
8575 12
8576 12
8577 13
8578 12
8579 12
8580 12
8581 12
8582 12
8583 12
8584 13
8585 12
8586 12
8587 12
8588 12
8589 12
8590 12
8591 13
8592 13
8593 12
8594 12
8595 12
8596 13
8597 12
8598 14
8599 13
8600 12
8601 12
8602 12
8603 12
8604 12
8605 13
8606 13
8607 12
8608 12
8609 12
8610 12
8611 12
8612 13
8613 12
8614 12
8615 12
8616 12
8617 12
8618 12
8619 13
8620 13
8621 12
8622 12
8623 12
8624 12
8625 12
8626 13
8627 12
8628 12
8629 12
8630 12
8631 12
8632 12
8633 13
8634 12
8635 12
8636 12
8637 12
8638 12
8639 12
8640 13
8641 12
8642 12
8643 12
8644 12
8645 12
8646 12
8647 13
8648 13
8649 12
8650 12
8651 12
8652 12
8653 12
8654 13
8655 12
8656 12
8657 12
8658 12
8659 12
8660 13
8661 13
8662 13
8663 12
8664 12
8665 12
8666 13
8667 12
8668 13
8669 13
8670 12
8671 12
8672 12
8673 12
8674 12
8675 13
8676 13
8677 12
8678 12
8679 12
8680 12
8681 12
8682 13
8683 13
8684 12
8685 12
8686 12
8687 12
8688 12
8689 13
8690 12
8691 12
8692 12
8693 12
8694 12
8695 13
8696 13
8697 13
8698 12
8699 13
8700 13
8701 13
8702 12
8703 13
8704 12
8705 12
8706 12
8707 12
8708 12
8709 12
8710 13
8711 12
8712 12
8713 12
8714 12
8715 13
8716 13
8717 14
8718 12
8719 12
8720 13
8721 12
8722 12
8723 12
8724 13
8725 12
8726 12
8727 12
8728 12
8729 12
8730 12
8731 13
8732 12
8733 12
8734 12
8735 12
8736 12
8737 12
8738 13
8739 12
8740 12
8741 12
8742 12
8743 12
8744 12
8745 13
8746 13
8747 12
8748 12
8749 12
8750 12
8751 12
8752 13
8753 13
8754 12
8755 12
8756 12
8757 12
8758 12
8759 13
8760 13
8761 12
8762 12
8763 12
8764 12
8765 12
8766 13
8767 12
8768 12
8769 12
8770 12
8771 12
8772 12
8773 13
8774 12
8775 12
8776 12
8777 12
8778 12
8779 12
8780 13
8781 13
8782 12
8783 13
8784 12
8785 12
8786 12
8787 13
8788 13
8789 12
8790 12
8791 13
8792 12
8793 12
8794 13
8795 12
8796 12
8797 12
8798 13
8799 12
8800 12
8801 13
8802 12
8803 12
8804 13
8805 12
8806 12
8807 12
8808 13
8809 12
8810 12
8811 12
8812 13
8813 12
8814 12
8815 13
8816 12
8817 12
8818 12
8819 12
8820 12
8821 12
8822 13
8823 13
8824 12
8825 12
8826 12
8827 12
8828 12
8829 13
8830 13
8831 12
8832 12
8833 12
8834 12
8835 12
8836 13
8837 13
8838 12
8839 12
8840 12
8841 13
8842 12
8843 13
8844 12
8845 12
8846 12
8847 12
8848 12
8849 12
8850 13
8851 12
8852 12
8853 12
8854 12
8855 12
8856 12
8857 12
8858 12
8859 12
8860 11
8861 13
8862 13
8863 12
8864 12
8865 12
8866 13
8867 13
8868 12
8869 12
8870 12
8871 12
8872 12
8873 12
8874 13
8875 13
8876 12
8877 13
8878 13
8879 12
8880 12
8881 13
8882 12
8883 12
8884 12
8885 12
8886 12
8887 12
8888 13
8889 12
8890 12
8891 12
8892 12
8893 12
8894 13
8895 13
8896 13
8897 12
8898 13
8899 12
8900 12
8901 12
8902 13
8903 12
8904 12
8905 12
8906 12
8907 13
8908 12
8909 13
8910 12
8911 12
8912 12
8913 12
8914 12
8915 12
8916 13
8917 13
8918 12
8919 12
8920 12
8921 12
8922 12
8923 13
8924 12
8925 12
8926 12
8927 12
8928 12
8929 12
8930 13
8931 12
8932 12
8933 12
8934 13
8935 12
8936 12
8937 13
8938 13
8939 12
8940 12
8941 12
8942 12
8943 12
8944 13
8945 13
8946 12
8947 12
8948 12
8949 12
8950 12
8951 13
8952 12
8953 12
8954 12
8955 13
8956 12
8957 12
8958 13
8959 12
8960 12
8961 12
8962 12
8963 12
8964 12
8965 13
8966 12
8967 12
8968 12
8969 13
8970 12
8971 12
8972 13
8973 12
8974 12
8975 12
8976 12
8977 13
8978 12
8979 13
8980 12
8981 12
8982 13
8983 12
8984 13
8985 13
8986 13
8987 12
8988 12
8989 12
8990 13
8991 12
8992 13
8993 13
8994 13
8995 12
8996 13
8997 12
8998 12
8999 12
9000 13
9001 13
9002 12
9003 12
9004 13
9005 12
9006 13
9007 13
9008 12
9009 12
9010 12
9011 12
9012 12
9013 13
9014 13
9015 13
9016 12
9017 12
9018 12
9019 12
9020 12
9021 13
9022 13
9023 12
9024 12
9025 13
9026 12
9027 13
9028 13
9029 13
9030 13
9031 12
9032 13
9033 12
9034 12
9035 13
9036 12
9037 12
9038 12
9039 12
9040 12
9041 12
9042 13
9043 12
9044 12
9045 12
9046 12
9047 12
9048 12
9049 12
9050 11
9051 11
9052 11
9053 13
9054 13
9055 12
9056 13
9057 12
9058 12
9059 13
9060 12
9061 12
9062 12
9063 12
9064 12
9065 12
9066 13
9067 13
9068 12
9069 12
9070 12
9071 12
9072 12
9073 13
9074 12
9075 12
9076 12
9077 13
9078 12
9079 12
9080 13
9081 12
9082 12
9083 12
9084 12
9085 12
9086 12
9087 13
9088 13
9089 12
9090 12
9091 13
9092 12
9093 12
9094 13
9095 12
9096 12
9097 12
9098 12
9099 13
9100 12
9101 13
9102 12
9103 12
9104 12
9105 12
9106 12
9107 12
9108 13
9109 13
9110 12
9111 12
9112 12
9113 12
9114 12
9115 13
9116 13
9117 13
9118 12
9119 12
9120 13
9121 12
9122 13
9123 12
9124 12
9125 12
9126 12
9127 12
9128 12
9129 13
9130 12
9131 12
9132 12
9133 12
9134 12
9135 12
9136 13
9137 13
9138 12
9139 12
9140 12
9141 12
9142 12
9143 13
9144 12
9145 12
9146 12
9147 12
9148 12
9149 12
9150 13
9151 12
9152 12
9153 13
9154 12
9155 12
9156 12
9157 13
9158 12
9159 13
9160 12
9161 13
9162 12
9163 12
9164 14
9165 12
9166 12
9167 12
9168 12
9169 12
9170 12
9171 13
9172 12
9173 12
9174 12
9175 12
9176 12
9177 12
9178 13
9179 12
9180 12
9181 12
9182 13
9183 12
9184 12
9185 13
9186 12
9187 12
9188 12
9189 12
9190 12
9191 12
9192 13
9193 13
9194 12
9195 12
9196 12
9197 12
9198 12
9199 13
9200 13
9201 13
9202 12
9203 12
9204 12
9205 12
9206 13
9207 13
9208 13
9209 12
9210 12
9211 12
9212 12
9213 13
9214 13
9215 12
9216 12
9217 13
9218 12
9219 12
9220 13
9221 13
9222 13
9223 12
9224 12
9225 12
9226 12
9227 13
9228 12
9229 12
9230 12
9231 12
9232 12
9233 12
9234 13
9235 13
9236 12
9237 12
9238 12
9239 13
9240 12
9241 13
9242 12
9243 12
9244 12
9245 12
9246 12
9247 12
9248 13
9249 13
9250 12
9251 13
9252 12
9253 12
9254 12
9255 13
9256 12
9257 12
9258 12
9259 12
9260 13
9261 12
9262 13
9263 12
9264 12
9265 12
9266 12
9267 13
9268 13
9269 13
9270 12
9271 12
9272 12
9273 12
9274 12
9275 12
9276 13
9277 13
9278 12
9279 12
9280 13
9281 12
9282 12
9283 13
9284 12
9285 12
9286 12
9287 12
9288 12
9289 12
9290 13
9291 12
9292 12
9293 12
9294 12
9295 13
9296 12
9297 13
9298 13
9299 12
9300 12
9301 12
9302 12
9303 13
9304 13
9305 12
9306 12
9307 12
9308 12
9309 12
9310 12
9311 13
9312 13
9313 12
9314 12
9315 13
9316 12
9317 12
9318 13
9319 13
9320 12
9321 12
9322 12
9323 12
9324 12
9325 13
9326 12
9327 12
9328 12
9329 12
9330 12
9331 12
9332 13
9333 13
9334 13
9335 12
9336 12
9337 12
9338 12
9339 13
9340 12
9341 12
9342 12
9343 12
9344 12
9345 12
9346 14
9347 12
9348 12
9349 12
9350 12
9351 12
9352 12
9353 13
9354 12
9355 13
9356 13
9357 12
9358 12
9359 12
9360 13
9361 12
9362 12
9363 12
9364 12
9365 12
9366 12
9367 13
9368 13
9369 12
9370 12
9371 12
9372 13
9373 13
9374 13
9375 12
9376 12
9377 12
9378 12
9379 12
9380 13
9381 13
9382 12
9383 12
9384 12
9385 12
9386 12
9387 12
9388 13
9389 12
9390 12
9391 12
9392 13
9393 12
9394 12
9395 13
9396 13
9397 12
9398 13
9399 13
9400 13
9401 12
9402 13
9403 13
9404 12
9405 13
9406 12
9407 12
9408 12
9409 13
9410 12
9411 12
9412 12
9413 12
9414 12
9415 12
9416 13
9417 13
9418 12
9419 12
9420 12
9421 12
9422 12
9423 13
9424 12
9425 12
9426 12
9427 12
9428 12
9429 12
9430 13
9431 12
9432 12
9433 12
9434 12
9435 12
9436 12
9437 13
9438 12
9439 12
9440 13
9441 12
9442 12
9443 13
9444 13
9445 13
9446 12
9447 12
9448 13
9449 12
9450 12
9451 13
9452 13
9453 12
9454 12
9455 12
9456 12
9457 12
9458 13
9459 13
9460 13
9461 12
9462 12
9463 12
9464 12
9465 13
9466 13
9467 12
9468 12
9469 12
9470 12
9471 12
9472 13
9473 12
9474 12
9475 12
9476 13
9477 12
9478 12
9479 13
9480 13
9481 12
9482 12
9483 12
9484 12
9485 12
9486 13
9487 12
9488 12
9489 12
9490 13
9491 12
9492 12
9493 13
9494 13
9495 13
9496 12
9497 12
9498 12
9499 12
9500 13
9501 12
9502 12
9503 12
9504 12
9505 12
9506 13
9507 13
9508 13
9509 12
9510 12
9511 12
9512 12
9513 12
9514 13
9515 12
9516 12
9517 12
9518 12
9519 12
9520 12
9521 13
9522 13
9523 12
9524 13
9525 13
9526 12
9527 12
9528 13
9529 13
9530 12
9531 12
9532 12
9533 12
9534 12
9535 13
9536 12
9537 12
9538 12
9539 12
9540 12
9541 12
9542 14
9543 13
9544 13
9545 12
9546 13
9547 13
9548 12
9549 14
9550 12
9551 12
9552 12
9553 12
9554 12
9555 12
9556 13
9557 12
9558 12
9559 12
9560 12
9561 12
9562 12
9563 13
9564 13
9565 12
9566 12
9567 12
9568 12
9569 12
9570 13
9571 13
9572 12
9573 12
9574 12
9575 12
9576 12
9577 13
9578 12
9579 12
9580 12
9581 12
9582 13
9583 12
9584 13
9585 13
9586 12
9587 12
9588 12
9589 12
9590 12
9591 13
9592 12
9593 12
9594 12
9595 12
9596 12
9597 12
9598 13
9599 12
9600 12
9601 12
9602 12
9603 12
9604 12
9605 13
9606 13
9607 12
9608 12
9609 12
9610 12
9611 12
9612 13
9613 12
9614 12
9615 12
9616 12
9617 12
9618 12
9619 13
9620 12
9621 12
9622 12
9623 12
9624 12
9625 12
9626 13
9627 12
9628 13
9629 12
9630 12
9631 12
9632 12
9633 13
9634 12
9635 12
9636 12
9637 12
9638 12
9639 12
9640 13
9641 13
9642 12
9643 12
9644 12
9645 12
9646 12
9647 14
9648 12
9649 13
9650 12
9651 12
9652 12
9653 12
9654 13
9655 13
9656 13
9657 13
9658 12
9659 12
9660 12
9661 13
9662 12
9663 12
9664 12
9665 12
9666 12
9667 12
9668 13
9669 12
9670 12
9671 12
9672 12
9673 12
9674 12
9675 13
9676 12
9677 12
9678 12
9679 12
9680 12
9681 12
9682 13
9683 13
9684 12
9685 12
9686 13
9687 12
9688 12
9689 13
9690 12
9691 12
9692 13
9693 12
9694 12
9695 12
9696 12
9697 12
9698 13
9699 13
9700 13
9701 12
9702 12
9703 12
9704 12
9705 12
9706 13
9707 12
9708 13
9709 12
9710 13
9711 12
9712 12
9713 13
9714 13
9715 12
9716 12
9717 12
9718 12
9719 12
9720 13
9721 12
9722 13
9723 12
9724 12
9725 13
9726 12
9727 13
9728 12
9729 13
9730 13
9731 12
9732 12
9733 12
9734 13
9735 12
9736 12
9737 12
9738 13
9739 12
9740 12
9741 13
9742 13
9743 12
9744 12
9745 12
9746 12
9747 12
9748 13
9749 13
9750 12
9751 12
9752 12
9753 12
9754 12
9755 13
9756 12
9757 12
9758 12
9759 13
9760 12
9761 12
9762 13
9763 12
9764 12
9765 12
9766 12
9767 12
9768 12
9769 13
9770 13
9771 12
9772 12
9773 13
9774 13
9775 12
9776 13
9777 13
9778 13
9779 12
9780 13
9781 12
9782 12
9783 14
9784 12
9785 12
9786 13
9787 13
9788 12
9789 13
9790 13
9791 12
9792 12
9793 12
9794 12
9795 12
9796 12
9797 13
9798 12
9799 12
9800 12
9801 13
9802 12
9803 12
9804 13
9805 13
9806 12
9807 12
9808 12
9809 12
9810 12
9811 13
9812 13
9813 12
9814 12
9815 12
9816 12
9817 12
9818 13
9819 12
9820 12
9821 12
9822 12
9823 12
9824 12
9825 13
9826 12
9827 12
9828 12
9829 12
9830 12
9831 13
9832 13
9833 13
9834 12
9835 13
9836 12
9837 12
9838 12
9839 13
9840 13
9841 12
9842 12
9843 12
9844 12
9845 12
9846 14
9847 12
9848 12
9849 12
9850 12
9851 12
9852 12
9853 13
9854 13
9855 12
9856 12
9857 13
9858 12
9859 12
9860 13
9861 13
9862 12
9863 12
9864 12
9865 12
9866 12
9867 13
9868 12
9869 13
9870 12
9871 12
9872 12
9873 12
9874 13
9875 13
9876 12
9877 12
9878 12
9879 12
9880 12
9881 12
9882 11
9883 12
9884 11
9885 13
9886 12
9887 12
9888 13
9889 13
9890 12
9891 13
9892 13
9893 12
9894 12
9895 12
9896 12
9897 12
9898 13
9899 12
9900 12
9901 12
9902 13
9903 12
9904 12
9905 13
9906 12
9907 13
9908 12
9909 12
9910 12
9911 12
9912 13
9913 12
9914 12
9915 12
9916 13
9917 12
9918 12
9919 13
9920 12
9921 12
9922 12
9923 12
9924 12
9925 12
9926 13
9927 13
9928 13
9929 12
9930 12
9931 12
9932 12
9933 13
9934 12
9935 12
9936 12
9937 12
9938 12
9939 12
9940 13
9941 13
9942 13
9943 12
9944 13
9945 13
9946 12
9947 13
9948 12
9949 12
9950 12
9951 12
9952 12
9953 12
9954 13
9955 12
9956 12
9957 13
9958 12
9959 12
9960 12
9961 13
9962 13
9963 12
9964 12
9965 12
9966 12
9967 12
9968 13
9969 12
9970 12
9971 13
9972 13
9973 12
9974 12
9975 13
9976 12
9977 12
9978 12
9979 12
9980 12
9981 12
9982 13
9983 13
9984 12
9985 12
9986 13
9987 12
9988 12
9989 13
9990 12
9991 12
9992 12
9993 12
9994 12
9995 12
9996 13
9997 12
9998 12
9999 12
# sum: 14
# min: 8
# max: 35
# err cnt: 3
