0 1458
1 1200
2 1101
3 1089
4 1091
5 1124
6 1075
7 1081
8 1090
9 1119
10 1078
11 1100
12 1092
13 1104
14 1069
15 1091
16 1112
17 1113
18 1090
19 1091
20 1107
21 1113
22 1089
23 1098
24 1096
25 1118
26 1072
27 1087
28 1078
29 1100
30 1097
31 1092
32 1083
33 1103
34 1070
35 1081
36 1113
37 1126
38 1075
39 1081
40 1097
41 1112
42 1079
43 1100
44 1085
45 1101
46 1067
47 1083
48 1082
49 1112
50 1104
51 478
52 486
53 472
54 468
55 475
56 498
57 487
58 463
59 467
60 461
61 528
62 466
63 638
64 615
65 629
66 623
67 533
68 537
69 533
70 531
71 572
72 565
73 592
74 567
75 568
76 564
77 583
78 563
79 561
80 573
81 541
82 523
83 524
84 577
85 579
86 560
87 563
88 562
89 584
90 559
91 569
92 563
93 581
94 578
95 530
96 523
97 548
98 573
99 565
100 568
101 582
102 525
103 524
104 523
105 538
106 565
107 562
108 566
109 577
110 559
111 567
112 573
113 572
114 555
115 570
116 527
117 535
118 519
119 529
120 568
121 574
122 560
123 567
124 564
125 569
126 563
127 569
128 558
129 585
130 559
131 561
132 561
133 583
134 565
135 563
136 563
137 576
138 553
139 558
140 564
141 575
142 557
143 559
144 562
145 573
146 562
147 564
148 558
149 575
150 566
151 522
152 526
153 530
154 571
155 564
156 565
157 580
158 521
159 524
160 518
161 537
162 574
163 572
164 567
165 570
166 554
167 564
168 564
169 575
170 556
171 562
172 527
173 537
174 549
175 530
176 574
177 590
178 560
179 568
180 563
181 574
182 562
183 564
184 563
185 572
186 526
187 539
188 523
189 550
190 563
191 565
192 563
193 571
194 558
195 563
196 566
197 578
198 568
199 567
200 561
201 586
202 555
203 563
204 558
205 575
206 555
207 561
208 588
209 578
210 565
211 559
212 563
213 587
214 524
215 521
216 517
217 533
218 565
219 564
220 567
221 576
222 559
223 563
224 559
225 577
226 555
227 564
228 562
229 576
230 562
231 566
232 561
233 578
234 564
235 562
236 562
237 562
238 566
239 567
240 559
241 577
242 560
243 557
244 558
245 579
246 564
247 557
248 627
249 614
250 576
251 579
252 575
253 593
254 564
255 584
256 539
257 548
258 531
259 535
260 568
261 584
262 566
263 567
264 575
265 588
266 564
267 564
268 571
269 589
270 525
271 525
272 525
273 543
274 564
275 562
276 573
277 541
278 521
279 521
280 576
281 580
282 564
283 565
284 565
285 571
286 562
287 538
288 523
289 537
290 526
291 571
292 564
293 606
294 568
295 609
296 574
297 601
298 523
299 532
300 526
301 551
302 565
303 568
304 566
305 578
306 559
307 562
308 534
309 533
310 521
311 537
312 566
313 585
314 559
315 574
316 564
317 587
318 571
319 530
320 524
321 531
322 523
323 570
324 567
325 580
326 521
327 523
328 525
329 543
330 567
331 565
332 571
333 577
334 561
335 562
336 575
337 575
338 558
339 570
340 530
341 534
342 520
343 532
344 567
345 579
346 562
347 561
348 567
349 579
350 531
351 524
352 522
353 542
354 571
355 567
356 559
357 561
358 525
359 525
360 533
361 578
362 566
363 564
364 570
365 579
366 555
367 574
368 527
369 530
370 564
371 664
372 594
373 588
374 578
375 538
376 531
377 543
378 588
379 568
380 575
381 592
382 533
383 532
384 533
385 554
386 575
387 571
388 569
389 581
390 571
391 564
392 571
393 574
394 557
395 566
396 563
397 577
398 562
399 564
400 563
401 581
402 563
403 566
404 564
405 575
406 567
407 567
408 562
409 578
410 560
411 564
412 564
413 593
414 536
415 524
416 536
417 578
418 563
419 566
420 533
421 535
422 523
423 533
424 574
425 581
426 562
427 569
428 561
429 570
430 561
431 563
432 566
433 577
434 569
435 571
436 564
437 581
438 526
439 531
440 526
441 536
442 564
443 561
444 564
445 578
446 561
447 560
448 563
449 571
450 560
451 565
452 566
453 573
454 562
455 565
456 560
457 569
458 556
459 561
460 560
461 570
462 560
463 559
464 559
465 580
466 562
467 567
468 560
469 580
470 561
471 559
472 574
473 550
474 520
475 524
476 576
477 581
478 566
479 569
480 528
481 537
482 518
483 530
484 570
485 574
486 562
487 571
488 563
489 574
490 558
491 562
492 561
493 570
494 557
495 557
496 564
497 583
498 572
499 567
500 574
501 542
502 523
503 532
504 576
505 577
506 557
507 571
508 527
509 538
510 522
511 537
512 568
513 572
514 569
515 563
516 563
517 579
518 566
519 563
520 558
521 578
522 554
523 563
524 569
525 593
526 562
527 565
528 574
529 535
530 528
531 528
532 577
533 588
534 562
535 565
536 561
537 578
538 555
539 564
540 568
541 573
542 568
543 524
544 522
545 535
546 528
547 569
548 556
549 599
550 584
551 573
552 570
553 576
554 558
555 559
556 575
557 584
558 565
559 562
560 567
561 574
562 558
563 562
564 561
565 579
566 563
567 571
568 561
569 574
570 559
571 532
572 527
573 541
574 523
575 561
576 557
577 572
578 566
579 565
580 559
581 576
582 559
583 558
584 569
585 539
586 522
587 521
588 577
589 577
590 565
591 569
592 526
593 530
594 520
595 525
596 570
597 574
598 558
599 558
600 559
601 580
602 562
603 560
604 557
605 580
606 521
607 517
608 516
609 539
610 566
611 565
612 565
613 577
614 563
615 568
616 566
617 573
618 555
619 569
620 524
621 534
622 521
623 527
624 569
625 580
626 661
627 618
628 600
629 608
630 596
631 597
632 594
633 609
634 560
635 552
636 549
637 624
638 587
639 598
640 606
641 571
642 547
643 551
644 606
645 605
646 586
647 608
648 562
649 565
650 541
651 560
652 596
653 611
654 598
655 595
656 594
657 608
658 596
659 591
660 591
661 614
662 555
663 550
664 551
665 617
666 590
667 593
668 606
669 571
670 545
671 548
672 600
673 606
674 590
675 601
676 557
677 564
678 545
679 554
680 597
681 609
682 596
683 600
684 590
685 607
686 594
687 590
688 597
689 609
690 549
691 554
692 554
693 615
694 588
695 592
696 589
697 605
698 590
699 586
700 558
701 562
702 547
703 557
704 605
705 609
706 589
707 606
708 592
709 609
710 593
711 552
712 550
713 555
714 605
715 597
716 586
717 612
718 553
719 549
720 553
721 629
722 587
723 595
724 600
725 562
726 542
727 549
728 597
729 599
730 582
731 606
732 551
733 568
734 546
735 603
736 594
737 604
738 589
739 550
740 550
741 556
742 608
743 585
744 586
745 611
746 552
747 553
748 551
749 616
750 585
751 593
752 602
753 568
754 552
755 554
756 598
757 610
758 585
759 600
760 551
761 566
762 543
763 554
764 591
765 604
766 590
767 587
768 587
769 598
770 590
771 590
772 589
773 612
774 548
775 558
776 557
777 560
778 591
779 589
780 593
781 612
782 586
783 589
784 600
785 604
786 585
787 595
788 555
789 553
790 542
791 597
792 591
793 603
794 589
795 556
796 552
797 564
798 599
799 591
800 589
801 603
802 552
803 550
804 548
805 625
806 588
807 593
808 598
809 569
810 548
811 551
812 554
813 605
814 590
815 596
816 555
817 561
818 544
819 552
820 597
821 602
822 594
823 595
824 590
825 611
826 591
827 586
828 583
829 613
830 553
831 548
832 549
833 580
834 588
835 597
836 593
837 606
838 583
839 590
840 565
841 572
842 559
843 576
844 602
845 606
846 587
847 596
848 594
849 601
850 592
851 559
852 553
853 559
854 554
855 591
856 588
857 607
858 546
859 552
860 552
861 625
862 592
863 591
864 602
865 567
866 552
867 546
868 599
869 614
870 589
871 603
872 559
873 569
874 551
875 601
876 595
877 610
878 597
879 558
880 557
881 565
882 596
883 594
884 594
885 613
886 548
887 549
888 549
889 622
890 590
891 613
892 613
893 569
894 543
895 555
896 604
897 600
898 589
899 595
900 555
901 556
902 548
903 609
904 597
905 600
906 598
907 545
908 547
909 563
910 598
911 599
912 591
913 617
914 553
915 573
916 570
917 625
918 598
919 598
920 601
921 575
922 553
923 558
924 605
925 615
926 590
927 601
928 558
929 570
930 553
931 558
932 596
933 604
934 597
935 591
936 594
937 604
938 560
939 554
940 554
941 573
942 594
943 594
944 592
945 609
946 591
947 598
948 597
949 568
950 544
951 548
952 598
953 600
954 584
955 609
956 559
957 561
958 548
959 563
960 614
961 616
962 592
963 607
964 598
965 634
966 625
967 602
968 597
969 637
970 560
971 547
972 555
973 579
974 595
975 601
976 596
977 615
978 596
979 598
980 569
981 573
982 545
983 558
984 591
985 614
986 589
987 600
988 595
989 613
990 596
991 556
992 555
993 573
994 604
995 595
996 595
997 621
998 552
999 555
1000 556
1001 626
1002 592
1003 598
1004 595
1005 610
1006 589
1007 586
1008 565
1009 562
1010 548
1011 559
1012 600
1013 611
1014 591
1015 600
1016 590
1017 617
1018 590
1019 559
1020 551
1021 568
1022 555
1023 595
1024 596
1025 604
1026 588
1027 592
1028 594
1029 614
1030 591
1031 593
1032 603
1033 564
1034 551
1035 553
1036 613
1037 618
1038 590
1039 603
1040 561
1041 564
1042 552
1043 607
1044 592
1045 615
1046 591
1047 564
1048 555
1049 556
1050 600
1051 591
1052 591
1053 608
1054 550
1055 553
1056 545
1057 625
1058 599
1059 597
1060 594
1061 567
1062 550
1063 557
1064 598
1065 621
1066 594
1067 609
1068 558
1069 561
1070 553
1071 561
1072 601
1073 601
1074 591
1075 593
1076 596
1077 605
1078 598
1079 590
1080 590
1081 617
1082 557
1083 548
1084 551
1085 572
1086 591
1087 592
1088 590
1089 613
1090 590
1091 595
1092 601
1093 612
1094 589
1095 601
1096 556
1097 560
1098 546
1099 604
1100 598
1101 617
1102 595
1103 559
1104 547
1105 572
1106 604
1107 593
1108 588
1109 612
1110 554
1111 548
1112 547
1113 576
1114 590
1115 597
1116 599
1117 610
1118 585
1119 592
1120 588
1121 601
1122 589
1123 596
1124 555
1125 562
1126 547
1127 602
1128 600
1129 612
1130 595
1131 563
1132 549
1133 574
1134 555
1135 594
1136 594
1137 606
1138 596
1139 593
1140 588
1141 572
1142 543
1143 557
1144 567
1145 613
1146 594
1147 591
1148 596
1149 601
1150 598
1151 599
1152 549
1153 570
1154 548
1155 599
1156 597
1157 609
1158 596
1159 559
1160 554
1161 578
1162 557
1163 594
1164 591
1165 606
1166 596
1167 594
1168 599
1169 619
1170 590
1171 593
1172 597
1173 567
1174 546
1175 549
1176 600
1177 600
1178 585
1179 598
1180 555
1181 565
1182 541
1183 559
1184 600
1185 608
1186 594
1187 589
1188 592
1189 599
1190 593
1191 593
1192 597
1193 622
1194 556
1195 553
1196 545
1197 617
1198 597
1199 600
1200 604
1201 607
1202 589
1203 592
1204 596
1205 596
1206 584
1207 598
1208 553
1209 564
1210 550
1211 602
1212 595
1213 609
1214 594
1215 556
1216 546
1217 555
1218 554
1219 594
1220 594
1221 608
1222 553
1223 549
1224 547
1225 563
1226 590
1227 594
1228 602
1229 566
1230 550
1231 552
1232 622
1233 619
1234 594
1235 598
1236 554
1237 561
1238 544
1239 607
1240 590
1241 607
1242 595
1243 554
1244 550
1245 558
1246 546
1247 595
1248 614
1249 631
1250 601
1251 601
1252 593
1253 578
1254 551
1255 548
1256 558
1257 621
1258 596
1259 598
1260 591
1261 609
1262 679
1263 628
1264 590
1265 577
1266 561
1267 567
1268 604
1269 616
1270 593
1271 592
1272 597
1273 609
1274 562
1275 559
1276 553
1277 576
1278 596
1279 598
1280 607
1281 584
1282 551
1283 560
1284 564
1285 581
1286 556
1287 558
1288 612
1289 618
1290 589
1291 605
1292 566
1293 592
1294 560
1295 565
1296 602
1297 604
1298 599
1299 588
1300 598
1301 609
1302 594
1303 600
1304 598
1305 620
1306 567
1307 562
1308 562
1309 581
1310 597
1311 602
1312 601
1313 610
1314 590
1315 588
1316 601
1317 606
1318 593
1319 615
1320 557
1321 573
1322 563
1323 563
1324 600
1325 612
1326 594
1327 597
1328 593
1329 608
1330 597
1331 677
1332 1072
1333 676
1334 576
1335 570
1336 561
1337 578
1338 601
1339 605
1340 603
1341 612
1342 593
1343 594
1344 599
1345 608
1346 595
1347 602
1348 564
1349 573
1350 553
1351 614
1352 594
1353 610
1354 596
1355 554
1356 558
1357 563
1358 605
1359 602
1360 592
1361 622
1362 555
1363 553
1364 553
1365 634
1366 595
1367 602
1368 605
1369 573
1370 549
1371 620
1372 626
1373 621
1374 599
1375 611
1376 563
1377 572
1378 548
1379 569
1380 600
1381 614
1382 596
1383 596
1384 601
1385 609
1386 589
1387 609
1388 601
1389 626
1390 558
1391 558
1392 555
1393 584
1394 600
1395 603
1396 601
1397 605
1398 587
1399 593
1400 594
1401 608
1402 582
1403 601
1404 559
1405 566
1406 549
1407 567
1408 600
1409 614
1410 594
1411 594
1412 597
1413 611
1414 588
1415 595
1416 592
1417 617
1418 550
1419 556
1420 547
1421 577
1422 605
1423 596
1424 596
1425 600
1426 590
1427 589
1428 568
1429 565
1430 550
1431 558
1432 606
1433 603
1434 586
1435 596
1436 590
1437 604
1438 598
1439 555
1440 556
1441 570
1442 606
1443 596
1444 591
1445 605
1446 555
1447 551
1448 548
1449 570
1450 599
1451 597
1452 592
1453 604
1454 591
1455 594
1456 565
1457 568
1458 551
1459 559
1460 601
1461 603
1462 587
1463 601
1464 597
1465 606
1466 596
1467 553
1468 554
1469 569
1470 610
1471 595
1472 589
1473 618
1474 550
1475 556
1476 549
1477 615
1478 592
1479 596
1480 602
1481 565
1482 551
1483 554
1484 602
1485 611
1486 591
1487 604
1488 563
1489 566
1490 550
1491 597
1492 596
1493 608
1494 598
1495 559
1496 553
1497 570
1498 559
1499 594
1500 595
1501 609
1502 594
1503 595
1504 593
1505 611
1506 590
1507 593
1508 608
1509 579
1510 565
1511 558
1512 609
1513 621
1514 595
1515 604
1516 560
1517 574
1518 557
1519 609
1520 610
1521 611
1522 603
1523 584
1524 565
1525 567
1526 556
1527 601
1528 604
1529 619
1530 550
1531 556
1532 556
1533 631
1534 598
1535 593
1536 598
1537 574
1538 555
1539 555
1540 604
1541 613
1542 593
1543 603
1544 560
1545 570
1546 556
1547 609
1548 596
1549 613
1550 590
1551 558
1552 555
1553 559
1554 601
1555 602
1556 591
1557 612
1558 553
1559 556
1560 550
1561 619
1562 597
1563 590
1564 598
1565 568
1566 550
1567 551
1568 605
1569 614
1570 591
1571 601
1572 553
1573 589
1574 567
1575 610
1576 602
1577 626
1578 593
1579 565
1580 548
1581 561
1582 605
1583 592
1584 599
1585 611
1586 549
1587 557
1588 553
1589 575
1590 595
1591 601
1592 599
1593 616
1594 593
1595 602
1596 595
1597 617
1598 590
1599 604
1600 554
1601 566
1602 555
1603 611
1604 596
1605 601
1606 600
1607 556
1608 549
1609 565
1610 602
1611 598
1612 593
1613 613
1614 550
1615 553
1616 547
1617 621
1618 595
1619 592
1620 600
1621 561
1622 544
1623 550
1624 554
1625 623
1626 593
1627 610
1628 599
1629 616
1630 588
1631 637
1632 583
1633 576
1634 565
1635 567
1636 564
1637 638
1638 598
1639 581
1640 566
1641 586
1642 534
1643 521
1644 524
1645 543
1646 567
1647 566
1648 569
1649 580
1650 559
1651 566
1652 562
1653 573
1654 556
1655 566
1656 569
1657 573
1658 556
1659 571
1660 563
1661 584
1662 558
1663 562
1664 556
1665 564
1666 566
1667 563
1668 560
1669 584
1670 527
1671 522
1672 528
1673 540
1674 565
1675 561
1676 564
1677 574
1678 566
1679 565
1680 568
1681 578
1682 556
1683 572
1684 534
1685 535
1686 515
1687 525
1688 566
1689 573
1690 557
1691 566
1692 561
1693 578
1694 562
1695 557
1696 560
1697 591
1698 538
1699 521
1700 522
1701 538
1702 565
1703 562
1704 564
1705 580
1706 560
1707 560
1708 562
1709 568
1710 557
1711 565
1712 525
1713 532
1714 516
1715 524
1716 564
1717 570
1718 561
1719 560
1720 561
1721 571
1722 560
1723 563
1724 564
1725 584
1726 521
1727 525
1728 523
1729 539
1730 562
1731 560
1732 561
1733 569
1734 558
1735 563
1736 562
1737 567
1738 553
1739 557
1740 560
1741 572
1742 557
1743 565
1744 558
1745 579
1746 554
1747 559
1748 558
1749 567
1750 562
1751 568
1752 561
1753 581
1754 558
1755 560
1756 559
1757 576
1758 556
1759 566
1760 568
1761 533
1762 517
1763 529
1764 575
1765 578
1766 557
1767 565
1768 558
1769 573
1770 556
1771 560
1772 565
1773 567
1774 568
1775 522
1776 524
1777 535
1778 570
1779 565
1780 560
1781 575
1782 561
1783 557
1784 557
1785 582
1786 558
1787 559
1788 560
1789 571
1790 559
1791 558
1792 564
1793 570
1794 557
1795 568
1796 533
1797 542
1798 513
1799 533
1800 565
1801 568
1802 556
1803 564
1804 559
1805 576
1806 559
1807 562
1808 560
1809 574
1810 560
1811 562
1812 558
1813 587
1814 559
1815 560
1816 569
1817 532
1818 518
1819 522
1820 575
1821 577
1822 553
1823 575
1824 531
1825 536
1826 519
1827 525
1828 568
1829 581
1830 558
1831 525
1832 523
1833 532
1834 570
1835 560
1836 556
1837 583
1838 519
1839 524
1840 518
1841 531
1842 561
1843 560
1844 566
1845 576
1846 556
1847 558
1848 562
1849 565
1850 560
1851 568
1852 564
1853 569
1854 558
1855 558
1856 560
1857 567
1858 560
1859 554
1860 557
1861 585
1862 560
1863 567
1864 567
1865 579
1866 520
1867 518
1868 521
1869 537
1870 568
1871 566
1872 564
1873 578
1874 556
1875 560
1876 559
1877 574
1878 557
1879 562
1880 564
1881 581
1882 557
1883 563
1884 558
1885 571
1886 563
1887 525
1888 521
1889 530
1890 570
1891 564
1892 558
1893 578
1894 561
1895 565
1896 556
1897 574
1898 553
1899 558
1900 563
1901 576
1902 557
1903 562
1904 564
1905 576
1906 561
1907 574
1908 534
1909 530
1910 514
1911 529
1912 565
1913 569
1914 556
1915 584
1916 563
1917 584
1918 567
1919 562
1920 560
1921 580
1922 521
1923 521
1924 521
1925 547
1926 562
1927 562
1928 560
1929 568
1930 553
1931 567
1932 563
1933 573
1934 558
1935 562
1936 564
1937 585
1938 556
1939 562
1940 558
1941 582
1942 564
1943 525
1944 516
1945 525
1946 525
1947 568
1948 563
1949 578
1950 556
1951 559
1952 559
1953 574
1954 557
1955 556
1956 561
1957 571
1958 555
1959 558
1960 590
1961 579
1962 561
1963 574
1964 525
1965 533
1966 524
1967 529
1968 567
1969 571
1970 561
1971 562
1972 557
1973 572
1974 528
1975 523
1976 520
1977 542
1978 564
1979 558
1980 566
1981 579
1982 555
1983 559
1984 561
1985 566
1986 558
1987 559
1988 569
1989 573
1990 558
1991 567
1992 524
1993 532
1994 517
1995 522
1996 562
1997 569
1998 556
1999 564
2000 561
2001 578
2002 567
2003 562
2004 557
2005 568
2006 556
2007 560
2008 557
2009 573
2010 554
2011 555
2012 564
2013 575
2014 557
2015 557
2016 567
2017 568
2018 553
2019 564
2020 524
2021 545
2022 522
2023 522
2024 560
2025 572
2026 568
2027 563
2028 561
2029 572
2030 553
2031 554
2032 559
2033 583
2034 520
2035 519
2036 518
2037 542
2038 558
2039 559
2040 558
2041 566
2042 554
2043 564
2044 563
2045 566
2046 557
2047 566
2048 522
2049 533
2050 519
2051 527
2052 560
2053 568
2054 558
2055 563
2056 559
2057 567
2058 560
2059 558
2060 555
2061 581
2062 551
2063 558
2064 564
2065 570
2066 561
2067 561
2068 566
2069 579
2070 556
2071 557
2072 564
2073 567
2074 556
2075 560
2076 560
2077 571
2078 557
2079 557
2080 557
2081 573
2082 555
2083 557
2084 555
2085 567
2086 558
2087 555
2088 552
2089 582
2090 557
2091 560
2092 556
2093 576
2094 556
2095 554
2096 562
2097 580
2098 556
2099 559
2100 567
2101 575
2102 553
2103 558
2104 559
2105 565
2106 558
2107 556
2108 558
2109 566
2110 554
2111 556
2112 557
2113 571
2114 558
2115 555
2116 560
2117 590
2118 528
2119 522
2120 517
2121 532
2122 557
2123 555
2124 562
2125 577
2126 560
2127 557
2128 562
2129 571
2130 555
2131 560
2132 561
2133 582
2134 559
2135 566
2136 558
2137 577
2138 554
2139 526
2140 518
2141 528
2142 570
2143 561
2144 559
2145 584
2146 529
2147 523
2148 522
2149 536
2150 562
2151 559
2152 563
2153 565
2154 551
2155 558
2156 528
2157 531
2158 515
2159 522
2160 561
2161 574
2162 556
2163 564
2164 556
2165 570
2166 563
2167 524
2168 517
2169 539
2170 567
2171 567
2172 561
2173 574
2174 522
2175 518
2176 521
2177 559
2178 577
2179 565
2180 566
2181 577
2182 562
2183 561
2184 536
2185 534
2186 519
2187 528
2188 566
2189 577
2190 556
2191 571
2192 568
2193 577
2194 563
2195 524
2196 519
2197 531
2198 569
2199 566
2200 558
2201 580
2202 521
2203 529
2204 519
2205 544
2206 563
2207 559
2208 561
2209 571
2210 559
2211 560
2212 530
2213 540
2214 513
2215 525
2216 561
2217 571
2218 553
2219 561
2220 554
2221 569
2222 563
2223 556
2224 563
2225 564
2226 557
2227 564
2228 560
2229 583
2230 558
2231 557
2232 560
2233 577
2234 561
2235 559
2236 571
2237 536
2238 521
2239 520
2240 574
2241 575
2242 557
2243 569
2244 526
2245 535
2246 524
2247 530
2248 594
2249 587
2250 587
2251 543
2252 522
2253 552
2254 526
2255 561
2256 592
2257 593
2258 558
2259 563
2260 562
2261 578
2262 558
2263 562
2264 570
2265 541
2266 521
2267 520
2268 581
2269 583
2270 561
2271 565
2272 527
2273 538
2274 519
2275 535
2276 558
2277 574
2278 558
2279 563
2280 559
2281 576
2282 568
2283 558
2284 560
2285 583
2286 560
2287 566
2288 558
2289 582
2290 556
2291 555
2292 558
2293 602
2294 557
2295 559
2296 566
2297 572
2298 557
2299 563
2300 564
2301 571
2302 555
2303 570
2304 527
2305 536
2306 524
2307 566
2308 567
2309 572
2310 562
2311 603
2312 573
2313 596
2314 536
2315 524
2316 522
2317 538
2318 566
2319 566
2320 569
2321 580
2322 557
2323 562
2324 562
2325 571
2326 561
2327 567
2328 561
2329 567
2330 557
2331 569
2332 557
2333 575
2334 571
2335 530
2336 523
2337 538
2338 528
2339 569
2340 564
2341 584
2342 559
2343 561
2344 566
2345 581
2346 556
2347 564
2348 571
2349 543
2350 522
2351 526
2352 580
2353 579
2354 559
2355 571
2356 526
2357 528
2358 522
2359 527
2360 566
2361 575
2362 558
2363 564
2364 563
2365 571
2366 564
2367 561
2368 554
2369 570
2370 553
2371 565
2372 557
2373 578
2374 556
2375 559
2376 560
2377 579
2378 557
2379 561
2380 560
2381 569
2382 557
2383 561
2384 561
2385 575
2386 554
2387 556
2388 558
2389 581
2390 559
2391 561
2392 554
2393 566
2394 560
2395 561
2396 559
2397 572
2398 561
2399 560
2400 557
2401 573
2402 558
2403 555
2404 560
2405 571
2406 554
2407 564
2408 563
2409 570
2410 557
2411 560
2412 562
2413 572
2414 554
2415 564
2416 556
2417 574
2418 564
2419 557
2420 557
2421 565
2422 562
2423 556
2424 554
2425 595
2426 525
2427 522
2428 518
2429 537
2430 565
2431 562
2432 565
2433 544
2434 518
2435 520
2436 574
2437 572
2438 557
2439 560
2440 557
2441 580
2442 558
2443 559
2444 559
2445 572
2446 560
2447 561
2448 561
2449 572
2450 557
2451 560
2452 559
2453 570
2454 554
2455 562
2456 559
2457 552
2458 519
2459 519
2460 521
2461 587
2462 556
2463 560
2464 564
2465 575
2466 554
2467 568
2468 526
2469 529
2470 515
2471 526
2472 564
2473 572
2474 556
2475 567
2476 560
2477 577
2478 564
2479 562
2480 561
2481 578
2482 527
2483 522
2484 521
2485 542
2486 558
2487 568
2488 566
2489 574
2490 555
2491 557
2492 561
2493 567
2494 556
2495 563
2496 525
2497 532
2498 518
2499 531
2500 565
2501 575
2502 567
2503 562
2504 565
2505 570
2506 566
2507 530
2508 521
2509 536
2510 559
2511 561
2512 561
2513 574
2514 560
2515 563
2516 564
2517 577
2518 555
2519 564
2520 559
2521 570
2522 555
2523 572
2524 527
2525 548
2526 517
2527 528
2528 573
2529 568
2530 565
2531 558
2532 560
2533 567
2534 557
2535 558
2536 560
2537 577
2538 563
2539 558
2540 561
2541 576
2542 555
2543 567
2544 570
2545 588
2546 561
2547 562
2548 563
2549 571
2550 560
2551 569
2552 529
2553 542
2554 524
2555 529
2556 570
2557 571
2558 566
2559 561
2560 560
2561 569
2562 562
2563 562
2564 565
2565 578
2566 524
2567 520
2568 523
2569 544
2570 561
2571 562
2572 562
2573 570
2574 560
2575 560
2576 564
2577 578
2578 558
2579 562
2580 558
2581 578
2582 573
2583 572
2584 567
2585 583
2586 572
2587 525
2588 525
2589 527
2590 570
2591 570
2592 561
2593 589
2594 524
2595 523
2596 517
2597 550
2598 579
2599 577
2600 569
2601 575
2602 561
2603 565
2604 568
2605 582
2606 566
2607 571
2608 523
2609 530
2610 518
2611 536
2612 566
2613 580
2614 560
2615 562
2616 563
2617 573
2618 563
2619 559
2620 564
2621 579
2622 562
2623 561
2624 559
2625 587
2626 613
2627 620
2628 603
2629 611
2630 590
2631 590
2632 605
2633 602
2634 590
2635 594
2636 552
2637 561
2638 549
2639 549
2640 594
2641 603
2642 590
2643 591
2644 587
2645 609
2646 589
2647 587
2648 585
2649 613
2650 560
2651 546
2652 557
2653 629
2654 596
2655 593
2656 607
2657 563
2658 555
2659 549
2660 605
2661 609
2662 595
2663 601
2664 558
2665 564
2666 550
2667 602
2668 594
2669 612
2670 595
2671 560
2672 551
2673 566
2674 549
2675 603
2676 600
2677 611
2678 586
2679 595
2680 592
2681 603
2682 595
2683 586
2684 596
2685 576
2686 546
2687 542
2688 602
2689 608
2690 596
2691 599
2692 560
2693 557
2694 543
2695 600
2696 592
2697 609
2698 606
2699 561
2700 556
2701 569
2702 555
2703 603
2704 597
2705 610
2706 550
2707 552
2708 549
2709 578
2710 592
2711 595
2712 602
2713 608
2714 590
2715 591
2716 559
2717 564
2718 547
2719 559
2720 599
2721 609
2722 592
2723 595
2724 588
2725 608
2726 593
2727 558
2728 560
2729 572
2730 555
2731 593
2732 599
2733 619
2734 592
2735 598
2736 593
2737 601
2738 584
2739 596
2740 592
2741 563
2742 548
2743 549
2744 601
2745 609
2746 587
2747 604
2748 556
2749 568
2750 553
2751 607
2752 598
2753 615
2754 594
2755 550
2756 552
2757 566
2758 603
2759 596
2760 591
2761 603
2762 551
2763 547
2764 554
2765 620
2766 598
2767 595
2768 603
2769 570
2770 550
2771 554
2772 610
2773 614
2774 594
2775 597
2776 559
2777 559
2778 550
2779 556
2780 604
2781 613
2782 597
2783 559
2784 553
2785 559
2786 608
2787 599
2788 595
2789 607
2790 560
2791 550
2792 552
2793 609
2794 589
2795 593
2796 601
2797 576
2798 548
2799 557
2800 622
2801 614
2802 595
2803 598
2804 560
2805 562
2806 551
2807 551
2808 596
2809 600
2810 589
2811 597
2812 589
2813 606
2814 563
2815 555
2816 561
2817 566
2818 592
2819 594
2820 594
2821 612
2822 595
2823 596
2824 606
2825 562
2826 547
2827 557
2828 609
2829 607
2830 598
2831 604
2832 556
2833 560
2834 545
2835 558
2836 596
2837 616
2838 595
2839 601
2840 604
2841 614
2842 568
2843 554
2844 584
2845 584
2846 595
2847 601
2848 596
2849 610
2850 597
2851 591
2852 605
2853 584
2854 550
2855 551
2856 612
2857 614
2858 588
2859 598
2860 555
2861 570
2862 549
2863 607
2864 602
2865 609
2866 599
2867 556
2868 553
2869 568
2870 603
2871 600
2872 599
2873 620
2874 552
2875 559
2876 548
2877 619
2878 595
2879 591
2880 599
2881 574
2882 550
2883 563
2884 603
2885 617
2886 596
2887 596
2888 553
2889 576
2890 546
2891 604
2892 598
2893 607
2894 597
2895 551
2896 555
2897 558
2898 606
2899 604
2900 597
2901 616
2902 558
2903 556
2904 556
2905 575
2906 592
2907 594
2908 596
2909 616
2910 587
2911 595
2912 592
2913 607
2914 585
2915 601
2916 547
2917 562
2918 554
2919 612
2920 599
2921 604
2922 598
2923 557
2924 552
2925 563
2926 600
2927 591
2928 594
2929 617
2930 553
2931 558
2932 554
2933 619
2934 594
2935 593
2936 596
2937 566
2938 549
2939 572
2940 610
2941 626
2942 595
2943 606
2944 563
2945 570
2946 553
2947 564
2948 597
2949 623
2950 595
2951 555
2952 556
2953 580
2954 554
2955 604
2956 598
2957 606
2958 595
2959 589
2960 611
2961 611
2962 587
2963 596
2964 603
2965 568
2966 550
2967 545
2968 607
2969 615
2970 592
2971 589
2972 556
2973 561
2974 553
2975 600
2976 593
2977 607
2978 592
2979 554
2980 548
2981 579
2982 584
2983 601
2984 594
2985 621
2986 591
2987 594
2988 597
2989 609
2990 587
2991 594
2992 603
2993 569
2994 551
2995 555
2996 613
2997 670
2998 774
2999 645
3000 574
3001 583
3002 552
3003 563
3004 597
3005 617
3006 602
3007 567
3008 554
3009 564
3010 611
3011 605
3012 597
3013 626
3014 560
3015 555
3016 556
3017 630
3018 600
3019 606
3020 611
3021 575
3022 553
3023 557
3024 605
3025 613
3026 591
3027 595
3028 558
3029 562
3030 549
3031 609
3032 596
3033 611
3034 596
3035 555
3036 557
3037 568
3038 600
3039 598
3040 599
3041 606
3042 560
3043 553
3044 554
3045 626
3046 594
3047 596
3048 599
3049 562
3050 548
3051 554
3052 607
3053 610
3054 595
3055 597
3056 556
3057 566
3058 546
3059 598
3060 600
3061 608
3062 599
3063 555
3064 552
3065 573
3066 599
3067 587
3068 592
3069 606
3070 555
3071 550
3072 555
3073 575
3074 599
3075 598
3076 596
3077 615
3078 598
3079 599
3080 565
3081 561
3082 547
3083 558
3084 598
3085 618
3086 593
3087 600
3088 594
3089 607
3090 598
3091 551
3092 553
3093 567
3094 609
3095 593
3096 593
3097 610
3098 553
3099 560
3100 559
3101 576
3102 594
3103 603
3104 594
3105 606
3106 589
3107 587
3108 594
3109 604
3110 591
3111 598
3112 558
3113 568
3114 547
3115 605
3116 595
3117 601
3118 593
3119 556
3120 552
3121 562
3122 610
3123 588
3124 590
3125 619
3126 554
3127 549
3128 546
3129 616
3130 597
3131 594
3132 608
3133 568
3134 545
3135 551
3136 610
3137 615
3138 587
3139 596
3140 557
3141 576
3142 556
3143 606
3144 596
3145 608
3146 594
3147 553
3148 553
3149 567
3150 605
3151 591
3152 594
3153 620
3154 557
3155 562
3156 552
3157 567
3158 592
3159 592
3160 599
3161 612
3162 592
3163 592
3164 595
3165 602
3166 587
3167 593
3168 557
3169 564
3170 547
3171 549
3172 597
3173 609
3174 591
3175 591
3176 594
3177 603
3178 596
3179 589
3180 590
3181 609
3182 550
3183 546
3184 554
3185 619
3186 592
3187 596
3188 605
3189 569
3190 552
3191 555
3192 604
3193 610
3194 591
3195 601
3196 553
3197 561
3198 543
3199 554
3200 602
3201 607
3202 593
3203 588
3204 587
3205 609
3206 593
3207 594
3208 590
3209 614
3210 549
3211 553
3212 551
3213 558
3214 593
3215 589
3216 594
3217 609
3218 587
3219 588
3220 593
3221 612
3222 583
3223 604
3224 554
3225 553
3226 546
3227 613
3228 598
3229 611
3230 591
3231 552
3232 548
3233 560
3234 606
3235 595
3236 591
3237 601
3238 544
3239 551
3240 551
3241 622
3242 587
3243 589
3244 600
3245 574
3246 548
3247 545
3248 604
3249 612
3250 586
3251 604
3252 554
3253 561
3254 545
3255 604
3256 590
3257 606
3258 590
3259 556
3260 548
3261 570
3262 602
3263 587
3264 588
3265 608
3266 551
3267 553
3268 546
3269 565
3270 589
3271 585
3272 598
3273 617
3274 584
3275 591
3276 562
3277 560
3278 545
3279 556
3280 622
3281 611
3282 598
3283 564
3284 556
3285 565
3286 554
3287 603
3288 599
3289 598
3290 588
3291 604
3292 594
3293 641
3294 573
3295 555
3296 554
3297 634
3298 596
3299 602
3300 601
3301 571
3302 554
3303 557
3304 601
3305 608
3306 591
3307 596
3308 554
3309 569
3310 549
3311 597
3312 597
3313 605
3314 592
3315 558
3316 548
3317 562
3318 603
3319 596
3320 599
3321 612
3322 557
3323 553
3324 544
3325 619
3326 593
3327 593
3328 597
3329 566
3330 548
3331 547
3332 602
3333 600
3334 589
3335 600
3336 550
3337 559
3338 542
3339 550
3340 595
3341 602
3342 586
3343 590
3344 591
3345 599
3346 560
3347 552
3348 554
3349 563
3350 597
3351 591
3352 592
3353 608
3354 590
3355 593
3356 597
3357 573
3358 550
3359 558
3360 603
3361 612
3362 588
3363 600
3364 555
3365 570
3366 546
3367 603
3368 592
3369 607
3370 590
3371 554
3372 547
3373 573
3374 602
3375 598
3376 593
3377 602
3378 550
3379 559
3380 557
3381 565
3382 595
3383 597
3384 595
3385 618
3386 594
3387 601
3388 594
3389 621
3390 597
3391 597
3392 551
3393 563
3394 542
3395 560
3396 598
3397 621
3398 593
3399 597
3400 590
3401 613
3402 591
3403 589
3404 589
3405 610
3406 552
3407 556
3408 552
3409 573
3410 601
3411 590
3412 591
3413 596
3414 591
3415 589
3416 562
3417 568
3418 547
3419 554
3420 597
3421 605
3422 590
3423 596
3424 596
3425 609
3426 599
3427 567
3428 556
3429 557
3430 552
3431 601
3432 592
3433 603
3434 593
3435 591
3436 588
3437 609
3438 589
3439 595
3440 603
3441 563
3442 550
3443 553
3444 600
3445 605
3446 589
3447 604
3448 557
3449 563
3450 542
3451 607
3452 595
3453 611
3454 596
3455 557
3456 551
3457 565
3458 552
3459 595
3460 592
3461 602
3462 595
3463 598
3464 591
3465 606
3466 552
3467 551
3468 556
3469 606
3470 590
3471 592
3472 599
3473 608
3474 588
3475 596
3476 553
3477 558
3478 545
3479 558
3480 591
3481 608
3482 597
3483 598
3484 588
3485 597
3486 600
3487 597
3488 592
3489 603
3490 552
3491 551
3492 552
3493 618
3494 596
3495 605
3496 596
3497 559
3498 544
3499 556
3500 602
3501 607
3502 595
3503 593
3504 551
3505 568
3506 551
3507 605
3508 593
3509 605
3510 593
3511 551
3512 563
3513 557
3514 604
3515 598
3516 590
3517 610
3518 553
3519 556
3520 546
3521 623
3522 593
3523 601
3524 601
3525 569
3526 553
3527 553
3528 607
3529 610
3530 591
3531 599
3532 562
3533 566
3534 543
3535 551
3536 601
3537 612
3538 598
3539 550
3540 548
3541 569
3542 614
3543 597
3544 598
3545 611
3546 552
3547 550
3548 551
3549 615
3550 588
3551 591
3552 596
3553 558
3554 546
3555 551
3556 595
3557 596
3558 586
3559 598
3560 551
3561 563
3562 545
3563 578
3564 606
3565 608
3566 596
3567 598
3568 588
3569 594
3570 592
3571 592
3572 594
3573 612
3574 547
3575 546
3576 554
3577 620
3578 591
3579 589
3580 597
3581 572
3582 570
3583 620
3584 648
3585 642
3586 608
3587 609
3588 560
3589 580
3590 561
3591 567
3592 601
3593 609
3594 602
3595 564
3596 553
3597 563
3598 607
3599 599
3600 609
3601 625
3602 556
3603 564
3604 564
3605 625
3606 601
3607 592
3608 603
3609 581
3610 548
3611 553
3612 613
3613 601
3614 589
3615 601
3616 560
3617 563
3618 548
3619 552
3620 603
3621 613
3622 603
3623 605
3624 596
3625 613
3626 601
3627 618
3628 594
3629 618
3630 556
3631 560
3632 555
3633 640
3634 594
3635 594
3636 604
3637 567
3638 552
3639 555
3640 605
3641 615
3642 587
3643 604
3644 558
3645 577
3646 555
3647 610
3648 595
3649 606
3650 597
3651 562
3652 554
3653 578
3654 632
3655 606
3656 599
3657 617
3658 555
3659 560
3660 548
3661 622
3662 593
3663 587
3664 608
3665 570
3666 551
3667 548
3668 609
3669 616
3670 597
3671 600
3672 560
3673 567
3674 548
3675 614
3676 597
3677 614
3678 601
3679 561
3680 555
3681 568
3682 602
3683 597
3684 592
3685 623
3686 555
3687 556
3688 556
3689 580
3690 593
3691 591
3692 595
3693 602
3694 586
3695 592
3696 603
3697 602
3698 584
3699 600
3700 560
3701 573
3702 551
3703 599
3704 600
3705 602
3706 595
3707 556
3708 556
3709 565
3710 602
3711 605
3712 596
3713 616
3714 553
3715 556
3716 554
3717 572
3718 598
3719 599
3720 593
3721 603
3722 594
3723 586
3724 603
3725 608
3726 591
3727 600
3728 553
3729 560
3730 550
3731 600
3732 592
3733 608
3734 595
3735 557
3736 550
3737 566
3738 596
3739 603
3740 595
3741 605
3742 550
3743 550
3744 550
3745 617
3746 592
3747 592
3748 593
3749 561
3750 547
3751 549
3752 610
3753 606
3754 584
3755 597
3756 558
3757 562
3758 542
3759 558
3760 600
3761 615
3762 590
3763 596
3764 593
3765 604
3766 592
3767 595
3768 592
3769 613
3770 557
3771 557
3772 549
3773 568
3774 599
3775 591
3776 597
3777 608
3778 590
3779 589
3780 599
3781 608
3782 592
3783 592
3784 556
3785 571
3786 546
3787 612
3788 597
3789 611
3790 596
3791 558
3792 551
3793 565
3794 550
3795 599
3796 593
3797 614
3798 590
3799 596
3800 592
3801 605
3802 590
3803 591
3804 596
3805 566
3806 554
3807 555
3808 596
3809 610
3810 585
3811 596
3812 555
3813 563
3814 550
3815 608
3816 595
3817 607
3818 588
3819 553
3820 554
3821 558
3822 599
3823 597
3824 592
3825 619
3826 553
3827 555
3828 549
3829 621
3830 593
3831 595
3832 613
3833 567
3834 553
3835 561
3836 607
3837 616
3838 587
3839 594
3840 553
3841 565
3842 550
3843 609
3844 588
3845 615
3846 591
3847 557
3848 558
3849 568
3850 603
3851 595
3852 599
3853 621
3854 551
3855 549
3856 562
3857 623
3858 594
3859 602
3860 602
3861 576
3862 547
3863 548
3864 602
3865 618
3866 588
3867 603
3868 550
3869 559
3870 548
3871 600
3872 590
3873 607
3874 598
3875 551
3876 550
3877 569
3878 614
3879 588
3880 592
3881 617
3882 552
3883 557
3884 546
3885 616
3886 591
3887 586
3888 600
3889 571
3890 548
3891 556
3892 599
3893 612
3894 591
3895 608
3896 549
3897 550
3898 546
3899 603
3900 595
3901 605
3902 591
3903 564
3904 555
3905 570
3906 554
3907 595
3908 593
3909 604
3910 587
3911 589
3912 594
3913 572
3914 569
3915 560
3916 558
3917 627
3918 595
3919 599
3920 565
3921 575
3922 550
3923 562
3924 596
3925 619
3926 597
3927 602
3928 593
3929 607
3930 595
3931 560
3932 555
3933 569
3934 568
3935 602
3936 591
3937 601
3938 583
3939 592
3940 593
3941 572
3942 549
3943 553
3944 555
3945 604
3946 592
3947 594
3948 560
3949 570
3950 554
3951 554
3952 598
3953 612
3954 595
3955 598
3956 595
3957 606
3958 598
3959 559
3960 570
3961 572
3962 557
3963 612
3964 605
3965 624
3966 550
3967 558
3968 552
3969 622
3970 597
3971 600
3972 605
3973 569
3974 547
3975 555
3976 603
3977 611
3978 594
3979 599
3980 558
3981 565
3982 542
3983 601
3984 601
3985 617
3986 605
3987 558
3988 558
3989 562
3990 598
3991 596
3992 598
3993 616
3994 556
3995 548
3996 557
3997 620
3998 591
3999 591
4000 604
4001 576
4002 550
4003 558
4004 604
4005 617
4006 595
4007 602
4008 565
4009 567
4010 557
4011 558
4012 594
4013 603
4014 594
4015 594
4016 596
4017 608
4018 557
4019 560
4020 545
4021 573
4022 598
4023 596
4024 588
4025 615
4026 593
4027 596
4028 606
4029 564
4030 548
4031 551
4032 601
4033 603
4034 589
4035 600
4036 561
4037 575
4038 554
4039 558
4040 595
4041 612
4042 587
4043 596
4044 598
4045 609
4046 561
4047 555
4048 546
4049 560
4050 594
4051 594
4052 594
4053 607
4054 588
4055 594
4056 600
4057 565
4058 547
4059 551
4060 609
4061 614
4062 592
4063 598
4064 551
4065 563
4066 543
4067 597
4068 591
4069 610
4070 600
4071 558
4072 558
4073 559
4074 604
4075 591
4076 592
4077 616
4078 545
4079 546
4080 549
4081 624
4082 589
4083 591
4084 593
4085 563
4086 552
4087 550
4088 603
4089 613
4090 588
4091 596
4092 556
4093 569
4094 548
4095 603
4096 600
4097 599
4098 595
4099 561
4100 551
4101 560
4102 610
4103 590
4104 587
4105 612
4106 553
4107 561
4108 550
4109 615
4110 592
4111 595
4112 602
4113 579
4114 553
4115 556
4116 606
4117 608
4118 586
4119 601
4120 560
4121 565
4122 554
4123 600
4124 595
4125 611
4126 595
4127 554
4128 553
4129 562
4130 603
4131 589
4132 590
4133 622
4134 549
4135 561
4136 553
4137 610
4138 587
4139 598
4140 602
4141 570
4142 554
4143 554
4144 607
4145 612
4146 591
4147 600
4148 554
4149 561
4150 547
4151 562
4152 599
4153 607
4154 593
4155 595
4156 590
4157 607
4158 600
4159 587
4160 593
4161 619
4162 552
4163 548
4164 547
4165 614
4166 599
4167 590
4168 592
4169 563
4170 549
4171 554
4172 605
4173 617
4174 598
4175 607
4176 568
4177 565
4178 549
4179 605
4180 608
4181 614
4182 592
4183 558
4184 556
4185 564
4186 597
4187 596
4188 596
4189 619
4190 555
4191 559
4192 549
4193 573
4194 591
4195 598
4196 590
4197 604
4198 595
4199 594
4200 600
4201 600
4202 586
4203 590
4204 550
4205 570
4206 546
4207 602
4208 599
4209 610
4210 600
4211 559
4212 551
4213 567
4214 604
4215 597
4216 594
4217 618
4218 554
4219 558
4220 549
4221 630
4222 590
4223 592
4224 595
4225 565
4226 547
4227 545
4228 605
4229 611
4230 588
4231 594
4232 551
4233 561
4234 540
4235 598
4236 596
4237 607
4238 596
4239 555
4240 551
4241 569
4242 606
4243 604
4244 601
4245 611
4246 555
4247 550
4248 548
4249 623
4250 588
4251 599
4252 602
4253 574
4254 554
4255 551
4256 601
4257 604
4258 591
4259 603
4260 556
4261 572
4262 561
4263 605
4264 599
4265 613
4266 599
4267 551
4268 561
4269 563
4270 553
4271 596
4272 589
4273 614
4274 591
4275 595
4276 596
4277 608
4278 586
4279 583
4280 595
4281 575
4282 548
4283 551
4284 602
4285 606
4286 584
4287 590
4288 555
4289 575
4290 550
4291 598
4292 589
4293 617
4294 597
4295 554
4296 547
4297 559
4298 599
4299 595
4300 594
4301 623
4302 553
4303 546
4304 570
4305 618
4306 589
4307 602
4308 603
4309 574
4310 550
4311 559
4312 606
4313 613
4314 589
4315 596
4316 551
4317 559
4318 550
4319 602
4320 599
4321 610
4322 591
4323 550
4324 545
4325 566
4326 628
4327 606
4328 601
4329 625
4330 555
4331 557
4332 549
4333 619
4334 588
4335 589
4336 600
4337 565
4338 547
4339 551
4340 608
4341 612
4342 591
4343 593
4344 556
4345 571
4346 545
4347 602
4348 600
4349 608
4350 597
4351 556
4352 558
4353 566
4354 548
4355 594
4356 594
4357 614
4358 589
4359 589
4360 597
4361 613
4362 585
4363 592
4364 598
4365 561
4366 545
4367 550
4368 603
4369 613
4370 596
4371 595
4372 553
4373 567
4374 548
4375 603
4376 595
4377 606
4378 594
4379 555
4380 548
4381 560
4382 598
4383 595
4384 590
4385 612
4386 550
4387 544
4388 551
4389 616
4390 589
4391 593
4392 597
4393 562
4394 551
4395 555
4396 601
4397 608
4398 585
4399 601
4400 553
4401 569
4402 547
4403 556
4404 592
4405 602
4406 593
4407 601
4408 593
4409 609
4410 598
4411 585
4412 590
4413 600
4414 553
4415 550
4416 550
4417 623
4418 592
4419 592
4420 596
4421 563
4422 545
4423 552
4424 595
4425 613
4426 598
4427 598
4428 552
4429 567
4430 538
4431 551
4432 593
4433 611
4434 591
4435 594
4436 587
4437 597
4438 589
4439 594
4440 592
4441 608
4442 548
4443 549
4444 548
4445 614
4446 588
4447 600
4448 604
4449 564
4450 556
4451 552
4452 603
4453 614
4454 588
4455 604
4456 561
4457 571
4458 543
4459 559
4460 599
4461 610
4462 593
4463 553
4464 556
4465 571
4466 606
4467 595
4468 593
4469 605
4470 549
4471 554
4472 555
4473 621
4474 593
4475 596
4476 594
4477 567
4478 549
4479 556
4480 603
4481 611
4482 588
4483 596
4484 557
4485 568
4486 554
4487 603
4488 595
4489 600
4490 591
4491 556
4492 553
4493 562
4494 601
4495 593
4496 589
4497 606
4498 554
4499 551
4500 547
4501 571
4502 592
4503 595
4504 598
4505 606
4506 588
4507 588
4508 598
4509 606
4510 583
4511 592
4512 551
4513 568
4514 548
4515 606
4516 595
4517 599
4518 598
4519 554
4520 551
4521 569
4522 598
4523 595
4524 587
4525 610
4526 551
4527 551
4528 557
4529 631
4530 588
4531 596
4532 602
4533 572
4534 549
4535 547
4536 610
4537 615
4538 590
4539 604
4540 551
4541 564
4542 552
4543 608
4544 596
4545 599
4546 592
4547 559
4548 555
4549 567
4550 601
4551 590
4552 594
4553 605
4554 547
4555 550
4556 546
4557 616
4558 598
4559 596
4560 605
4561 565
4562 555
4563 550
4564 599
4565 600
4566 585
4567 596
4568 556
4569 559
4570 550
4571 601
4572 590
4573 598
4574 589
4575 547
4576 556
4577 556
4578 596
4579 591
4580 590
4581 611
4582 546
4583 555
4584 547
4585 563
4586 588
4587 595
4588 595
4589 600
4590 587
4591 586
4592 602
4593 604
4594 587
4595 598
4596 553
4597 569
4598 547
4599 604
4600 594
4601 609
4602 598
4603 551
4604 555
4605 570
4606 556
4607 600
4608 595
4609 617
4610 592
4611 592
4612 588
4613 602
4614 593
4615 592
4616 605
4617 566
4618 546
4619 545
4620 599
4621 596
4622 585
4623 593
4624 558
4625 568
4626 551
4627 616
4628 599
4629 603
4630 598
4631 552
4632 549
4633 558
4634 597
4635 595
4636 596
4637 609
4638 548
4639 550
4640 546
4641 627
4642 590
4643 588
4644 593
4645 572
4646 564
4647 552
4648 606
4649 607
4650 596
4651 605
4652 559
4653 560
4654 557
4655 559
4656 597
4657 600
4658 591
4659 588
4660 586
4661 603
4662 564
4663 557
4664 601
4665 624
4666 651
4667 605
4668 596
4669 588
4670 555
4671 551
4672 561
4673 611
4674 598
4675 590
4676 563
4677 564
4678 554
4679 566
4680 600
4681 617
4682 596
4683 601
4684 596
4685 605
4686 598
4687 552
4688 559
4689 563
4690 604
4691 597
4692 594
4693 610
4694 555
4695 554
4696 548
4697 607
4698 597
4699 596
4700 605
4701 577
4702 550
4703 550
4704 602
4705 605
4706 598
4707 602
4708 552
4709 564
4710 552
4711 604
4712 599
4713 608
4714 600
4715 552
4716 548
4717 572
4718 599
4719 603
4720 590
4721 616
4722 553
4723 553
4724 550
4725 627
4726 602
4727 595
4728 600
4729 564
4730 548
4731 551
4732 604
4733 604
4734 593
4735 597
4736 551
4737 569
4738 547
4739 610
4740 595
4741 606
4742 605
4743 557
4744 555
4745 568
4746 603
4747 597
4748 591
4749 617
4750 555
4751 552
4752 548
4753 622
4754 593
4755 595
4756 598
4757 569
4758 546
4759 553
4760 600
4761 613
4762 591
4763 596
4764 555
4765 573
4766 549
4767 602
4768 594
4769 610
4770 597
4771 551
4772 549
4773 570
4774 599
4775 591
4776 597
4777 611
4778 549
4779 554
4780 556
4781 626
4782 596
4783 596
4784 612
4785 567
4786 550
4787 549
4788 611
4789 609
4790 592
4791 594
4792 549
4793 564
4794 548
4795 600
4796 592
4797 610
4798 599
4799 553
4800 552
4801 566
4802 596
4803 601
4804 592
4805 618
4806 551
4807 554
4808 550
4809 608
4810 591
4811 590
4812 605
4813 573
4814 553
4815 549
4816 604
4817 612
4818 596
4819 599
4820 560
4821 561
4822 547
4823 609
4824 598
4825 604
4826 590
4827 554
4828 554
4829 564
4830 606
4831 588
4832 594
4833 628
4834 552
4835 558
4836 541
4837 560
4838 594
4839 592
4840 597
4841 603
4842 588
4843 589
4844 601
4845 608
4846 590
4847 615
4848 565
4849 566
4850 551
4851 561
4852 602
4853 610
4854 592
4855 600
4856 595
4857 615
4858 603
4859 596
4860 588
4861 614
4862 551
4863 553
4864 555
4865 621
4866 596
4867 593
4868 600
4869 568
4870 553
4871 548
4872 609
4873 604
4874 593
4875 602
4876 558
4877 568
4878 552
4879 605
4880 595
4881 602
4882 596
4883 552
4884 550
4885 564
4886 607
4887 596
4888 593
4889 621
4890 550
4891 550
4892 557
4893 624
4894 592
4895 598
4896 596
4897 565
4898 555
4899 555
4900 608
4901 611
4902 586
4903 595
4904 554
4905 556
4906 548
4907 559
4908 601
4909 611
4910 596
4911 557
4912 557
4913 570
4914 599
4915 623
4916 612
4917 632
4918 552
4919 564
4920 553
4921 627
4922 595
4923 600
4924 604
4925 575
4926 556
4927 550
4928 609
4929 607
4930 596
4931 603
4932 562
4933 570
4934 557
4935 609
4936 600
4937 612
4938 593
4939 556
4940 556
4941 571
4942 601
4943 602
4944 594
4945 620
4946 553
4947 548
4948 552
4949 624
4950 594
4951 594
4952 595
4953 562
4954 556
4955 552
4956 605
4957 614
4958 584
4959 593
4960 570
4961 564
4962 556
4963 604
4964 597
4965 615
4966 594
4967 552
4968 552
4969 557
4970 609
4971 591
4972 587
4973 608
4974 554
4975 551
4976 554
4977 626
4978 594
4979 590
4980 607
4981 576
4982 548
4983 557
4984 601
4985 606
4986 595
4987 623
4988 560
4989 572
4990 546
4991 569
4992 599
4993 608
4994 593
4995 602
4996 600
4997 609
4998 594
4999 635
5000 602
5001 623
5002 560
5003 563
5004 554
5005 582
5006 600
5007 600
5008 600
5009 613
5010 593
5011 599
5012 561
5013 563
5014 548
5015 561
5016 604
5017 608
5018 596
5019 596
5020 596
5021 621
5022 593
5023 557
5024 557
5025 566
5026 599
5027 595
5028 586
5029 606
5030 556
5031 545
5032 554
5033 578
5034 596
5035 597
5036 598
5037 573
5038 551
5039 553
5040 606
5041 607
5042 596
5043 604
5044 553
5045 560
5046 544
5047 567
5048 596
5049 610
5050 590
5051 591
5052 591
5053 615
5054 599
5055 590
5056 592
5057 609
5058 552
5059 564
5060 549
5061 611
5062 593
5063 592
5064 602
5065 562
5066 550
5067 559
5068 606
5069 610
5070 592
5071 599
5072 561
5073 566
5074 546
5075 610
5076 599
5077 612
5078 598
5079 558
5080 552
5081 558
5082 608
5083 600
5084 591
5085 615
5086 550
5087 553
5088 551
5089 621
5090 595
5091 596
5092 598
5093 566
5094 557
5095 554
5096 605
5097 604
5098 600
5099 600
5100 557
5101 557
5102 550
5103 555
5104 597
5105 610
5106 593
5107 589
5108 589
5109 595
5110 593
5111 588
5112 591
5113 606
5114 553
5115 551
5116 546
5117 621
5118 593
5119 589
5120 598
5121 558
5122 546
5123 560
5124 603
5125 604
5126 596
5127 602
5128 556
5129 574
5130 554
5131 556
5132 594
5133 608
5134 594
5135 588
5136 594
5137 597
5138 589
5139 595
5140 588
5141 614
5142 555
5143 557
5144 542
5145 622
5146 595
5147 596
5148 603
5149 570
5150 552
5151 555
5152 603
5153 605
5154 589
5155 595
5156 551
5157 561
5158 548
5159 603
5160 595
5161 601
5162 597
5163 547
5164 555
5165 571
5166 606
5167 596
5168 595
5169 614
5170 548
5171 549
5172 549
5173 620
5174 594
5175 587
5176 599
5177 565
5178 551
5179 559
5180 602
5181 611
5182 594
5183 601
5184 557
5185 560
5186 550
5187 554
5188 595
5189 612
5190 591
5191 554
5192 547
5193 561
5194 604
5195 602
5196 600
5197 617
5198 554
5199 550
5200 550
5201 606
5202 592
5203 596
5204 599
5205 575
5206 550
5207 552
5208 602
5209 611
5210 585
5211 598
5212 561
5213 567
5214 543
5215 601
5216 599
5217 606
5218 595
5219 552
5220 545
5221 556
5222 596
5223 590
5224 589
5225 617
5226 550
5227 550
5228 547
5229 615
5230 592
5231 589
5232 604
5233 559
5234 548
5235 555
5236 598
5237 611
5238 594
5239 606
5240 555
5241 569
5242 553
5243 594
5244 595
5245 613
5246 593
5247 555
5248 575
5249 571
5250 604
5251 595
5252 594
5253 617
5254 553
5255 557
5256 552
5257 630
5258 589
5259 594
5260 596
5261 569
5262 550
5263 556
5264 608
5265 615
5266 592
5267 602
5268 559
5269 567
5270 541
5271 553
5272 602
5273 611
5274 589
5275 593
5276 588
5277 605
5278 564
5279 546
5280 552
5281 568
5282 593
5283 591
5284 595
5285 608
5286 592
5287 599
5288 598
5289 567
5290 546
5291 553
5292 604
5293 622
5294 599
5295 605
5296 558
5297 569
5298 546
5299 610
5300 597
5301 608
5302 593
5303 558
5304 553
5305 558
5306 594
5307 597
5308 597
5309 614
5310 550
5311 550
5312 551
5313 609
5314 591
5315 603
5316 603
5317 573
5318 548
5319 552
5320 608
5321 608
5322 596
5323 597
5324 556
5325 564
5326 541
5327 604
5328 621
5329 616
5330 606
5331 563
5332 553
5333 574
5334 601
5335 595
5336 590
5337 625
5338 555
5339 552
5340 546
5341 578
5342 594
5343 601
5344 600
5345 612
5346 590
5347 595
5348 591
5349 600
5350 592
5351 601
5352 562
5353 572
5354 547
5355 604
5356 597
5357 612
5358 594
5359 555
5360 551
5361 568
5362 594
5363 593
5364 584
5365 605
5366 545
5367 544
5368 546
5369 613
5370 585
5371 588
5372 597
5373 566
5374 548
5375 551
5376 598
5377 603
5378 594
5379 591
5380 555
5381 569
5382 543
5383 597
5384 599
5385 609
5386 593
5387 557
5388 551
5389 565
5390 604
5391 593
5392 590
5393 611
5394 553
5395 547
5396 554
5397 625
5398 588
5399 606
5400 600
5401 573
5402 544
5403 547
5404 600
5405 601
5406 591
5407 599
5408 559
5409 566
5410 544
5411 605
5412 595
5413 613
5414 595
5415 546
5416 550
5417 558
5418 598
5419 589
5420 586
5421 610
5422 549
5423 547
5424 550
5425 565
5426 598
5427 596
5428 592
5429 600
5430 581
5431 591
5432 559
5433 567
5434 543
5435 557
5436 600
5437 615
5438 591
5439 562
5440 557
5441 566
5442 545
5443 543
5444 548
5445 565
5446 601
5447 600
5448 591
5449 614
5450 556
5451 550
5452 548
5453 610
5454 596
5455 590
5456 597
5457 573
5458 551
5459 548
5460 600
5461 611
5462 590
5463 603
5464 551
5465 558
5466 543
5467 603
5468 591
5469 613
5470 596
5471 551
5472 550
5473 562
5474 605
5475 597
5476 589
5477 607
5478 550
5479 548
5480 551
5481 615
5482 599
5483 597
5484 606
5485 570
5486 551
5487 553
5488 604
5489 606
5490 593
5491 592
5492 560
5493 566
5494 548
5495 600
5496 591
5497 604
5498 588
5499 550
5500 552
5501 569
5502 602
5503 597
5504 593
5505 614
5506 547
5507 546
5508 544
5509 609
5510 592
5511 590
5512 591
5513 562
5514 546
5515 557
5516 602
5517 604
5518 584
5519 601
5520 560
5521 570
5522 553
5523 605
5524 591
5525 614
5526 593
5527 550
5528 552
5529 559
5530 599
5531 591
5532 591
5533 608
5534 551
5535 557
5536 547
5537 618
5538 592
5539 595
5540 606
5541 568
5542 551
5543 553
5544 605
5545 620
5546 591
5547 592
5548 556
5549 566
5550 550
5551 604
5552 610
5553 618
5554 592
5555 557
5556 552
5557 561
5558 602
5559 594
5560 592
5561 612
5562 548
5563 556
5564 548
5565 612
5566 593
5567 595
5568 599
5569 574
5570 554
5571 554
5572 608
5573 611
5574 592
5575 595
5576 556
5577 561
5578 552
5579 605
5580 597
5581 608
5582 591
5583 551
5584 558
5585 573
5586 565
5587 593
5588 588
5589 614
5590 589
5591 591
5592 587
5593 602
5594 593
5595 599
5596 607
5597 571
5598 552
5599 554
5600 595
5601 611
5602 595
5603 614
5604 556
5605 560
5606 554
5607 560
5608 597
5609 603
5610 600
5611 553
5612 557
5613 560
5614 598
5615 594
5616 600
5617 617
5618 558
5619 550
5620 553
5621 621
5622 592
5623 595
5624 592
5625 615
5626 583
5627 597
5628 600
5629 603
5630 585
5631 603
5632 560
5633 573
5634 548
5635 560
5636 594
5637 616
5638 599
5639 558
5640 548
5641 567
5642 596
5643 593
5644 593
5645 623
5646 549
5647 545
5648 549
5649 609
5650 596
5651 600
5652 600
5653 572
5654 551
5655 546
5656 598
5657 610
5658 588
5659 605
5660 552
5661 565
5662 545
5663 550
5664 598
5665 602
5666 597
5667 596
5668 590
5669 625
5670 635
5671 605
5672 602
5673 624
5674 557
5675 556
5676 554
5677 621
5678 599
5679 595
5680 604
5681 564
5682 546
5683 555
5684 608
5685 605
5686 591
5687 603
5688 550
5689 564
5690 549
5691 611
5692 599
5693 602
5694 600
5695 557
5696 561
5697 561
5698 604
5699 603
5700 592
5701 622
5702 557
5703 553
5704 553
5705 576
5706 593
5707 596
5708 594
5709 621
5710 594
5711 601
5712 602
5713 609
5714 588
5715 600
5716 555
5717 557
5718 552
5719 598
5720 599
5721 601
5722 592
5723 554
5724 551
5725 572
5726 602
5727 598
5728 594
5729 619
5730 552
5731 555
5732 551
5733 612
5734 585
5735 597
5736 599
5737 575
5738 545
5739 559
5740 609
5741 602
5742 591
5743 599
5744 558
5745 566
5746 553
5747 554
5748 599
5749 599
5750 595
5751 600
5752 594
5753 607
5754 559
5755 552
5756 554
5757 574
5758 597
5759 588
5760 592
5761 605
5762 586
5763 589
5764 591
5765 563
5766 551
5767 547
5768 602
5769 616
5770 588
5771 591
5772 556
5773 570
5774 548
5775 551
5776 594
5777 600
5778 593
5779 600
5780 586
5781 597
5782 588
5783 595
5784 590
5785 609
5786 555
5787 555
5788 555
5789 631
5790 596
5791 596
5792 601
5793 573
5794 555
5795 557
5796 604
5797 602
5798 592
5799 593
5800 551
5801 571
5802 553
5803 553
5804 593
5805 609
5806 592
5807 599
5808 592
5809 601
5810 594
5811 588
5812 589
5813 614
5814 553
5815 553
5816 550
5817 615
5818 593
5819 588
5820 604
5821 563
5822 548
5823 552
5824 599
5825 613
5826 586
5827 590
5828 551
5829 559
5830 546
5831 603
5832 594
5833 603
5834 597
5835 546
5836 549
5837 558
5838 603
5839 590
5840 587
5841 609
5842 555
5843 550
5844 549
5845 624
5846 590
5847 594
5848 598
5849 563
5850 546
5851 547
5852 601
5853 604
5854 585
5855 598
5856 552
5857 558
5858 545
5859 596
5860 595
5861 605
5862 587
5863 550
5864 559
5865 557
5866 606
5867 585
5868 594
5869 611
5870 551
5871 547
5872 551
5873 625
5874 591
5875 595
5876 598
5877 574
5878 548
5879 554
5880 598
5881 603
5882 582
5883 602
5884 567
5885 569
5886 546
5887 602
5888 589
5889 595
5890 591
5891 553
5892 548
5893 571
5894 558
5895 592
5896 599
5897 615
5898 587
5899 589
5900 587
5901 603
5902 584
5903 584
5904 600
5905 571
5906 548
5907 547
5908 600
5909 609
5910 591
5911 598
5912 557
5913 561
5914 549
5915 554
5916 603
5917 608
5918 592
5919 593
5920 589
5921 597
5922 593
5923 588
5924 593
5925 609
5926 557
5927 554
5928 546
5929 625
5930 592
5931 595
5932 595
5933 575
5934 552
5935 552
5936 601
5937 620
5938 596
5939 601
5940 551
5941 569
5942 543
5943 613
5944 591
5945 603
5946 604
5947 555
5948 554
5949 564
5950 602
5951 599
5952 597
5953 613
5954 550
5955 557
5956 546
5957 567
5958 595
5959 599
5960 615
5961 609
5962 594
5963 605
5964 559
5965 570
5966 550
5967 556
5968 594
5969 607
5970 590
5971 583
5972 592
5973 607
5974 596
5975 595
5976 593
5977 617
5978 546
5979 574
5980 557
5981 617
5982 592
5983 591
5984 593
5985 572
5986 548
5987 546
5988 568
5989 616
5990 595
5991 600
5992 559
5993 574
5994 540
5995 606
5996 595
5997 621
5998 597
5999 556
6000 546
6001 553
6002 547
6003 592
6004 594
6005 608
6006 553
6007 548
6008 549
6009 602
6010 583
6011 604
6012 601
6013 583
6014 556
6015 550
6016 603
6017 609
6018 585
6019 600
6020 558
6021 576
6022 542
6023 558
6024 595
6025 606
6026 597
6027 590
6028 589
6029 598
6030 589
6031 584
6032 583
6033 608
6034 547
6035 553
6036 550
6037 615
6038 589
6039 593
6040 603
6041 565
6042 548
6043 553
6044 597
6045 598
6046 581
6047 600
6048 556
6049 569
6050 551
6051 557
6052 599
6053 612
6054 598
6055 593
6056 589
6057 595
6058 590
6059 589
6060 590
6061 604
6062 547
6063 546
6064 550
6065 624
6066 588
6067 595
6068 589
6069 570
6070 546
6071 545
6072 597
6073 615
6074 590
6075 593
6076 553
6077 560
6078 550
6079 611
6080 594
6081 610
6082 598
6083 557
6084 555
6085 557
6086 593
6087 590
6088 590
6089 617
6090 554
6091 549
6092 550
6093 621
6094 599
6095 586
6096 598
6097 576
6098 551
6099 553
6100 598
6101 604
6102 583
6103 599
6104 552
6105 567
6106 542
6107 551
6108 596
6109 607
6110 585
6111 598
6112 591
6113 597
6114 587
6115 590
6116 592
6117 611
6118 548
6119 549
6120 551
6121 621
6122 591
6123 587
6124 597
6125 563
6126 547
6127 546
6128 603
6129 606
6130 587
6131 598
6132 551
6133 557
6134 550
6135 595
6136 586
6137 599
6138 598
6139 548
6140 558
6141 562
6142 603
6143 591
6144 592
6145 606
6146 547
6147 557
6148 546
6149 623
6150 586
6151 597
6152 604
6153 567
6154 547
6155 553
6156 598
6157 621
6158 591
6159 598
6160 550
6161 561
6162 550
6163 557
6164 595
6165 612
6166 584
6167 593
6168 591
6169 598
6170 590
6171 589
6172 594
6173 611
6174 549
6175 542
6176 549
6177 618
6178 585
6179 593
6180 598
6181 573
6182 570
6183 552
6184 599
6185 603
6186 586
6187 592
6188 555
6189 568
6190 547
6191 558
6192 611
6193 611
6194 603
6195 553
6196 548
6197 565
6198 598
6199 594
6200 600
6201 619
6202 557
6203 551
6204 549
6205 621
6206 589
6207 588
6208 592
6209 599
6210 591
6211 585
6212 597
6213 603
6214 586
6215 600
6216 557
6217 559
6218 543
6219 600
6220 592
6221 604
6222 588
6223 559
6224 549
6225 559
6226 557
6227 595
6228 589
6229 613
6230 593
6231 596
6232 589
6233 600
6234 587
6235 589
6236 596
6237 602
6238 591
6239 596
6240 563
6241 562
6242 549
6243 555
6244 546
6245 562
6246 548
6247 601
6248 617
6249 642
6250 605
6251 558
6252 557
6253 571
6254 603
6255 593
6256 594
6257 617
6258 556
6259 556
6260 555
6261 576
6262 592
6263 589
6264 607
6265 609
6266 588
6267 591
6268 595
6269 609
6270 581
6271 598
6272 556
6273 564
6274 543
6275 549
6276 602
6277 607
6278 588
6279 590
6280 591
6281 606
6282 593
6283 602
6284 596
6285 612
6286 552
6287 558
6288 549
6289 570
6290 596
6291 594
6292 598
6293 623
6294 592
6295 592
6296 595
6297 603
6298 595
6299 599
6300 562
6301 557
6302 538
6303 559
6304 598
6305 608
6306 596
6307 593
6308 593
6309 610
6310 560
6311 549
6312 547
6313 567
6314 590
6315 593
6316 589
6317 607
6318 587
6319 593
6320 599
6321 569
6322 550
6323 551
6324 607
6325 605
6326 591
6327 606
6328 563
6329 557
6330 547
6331 667
6332 650
6333 654
6334 620
6335 570
6336 556
6337 572
6338 613
6339 594
6340 595
6341 624
6342 586
6343 557
6344 555
6345 579
6346 598
6347 594
6348 592
6349 606
6350 586
6351 598
6352 618
6353 609
6354 601
6355 605
6356 563
6357 564
6358 553
6359 610
6360 599
6361 614
6362 591
6363 558
6364 554
6365 563
6366 607
6367 597
6368 593
6369 613
6370 550
6371 549
6372 548
6373 617
6374 593
6375 589
6376 611
6377 569
6378 546
6379 553
6380 604
6381 603
6382 592
6383 596
6384 554
6385 567
6386 548
6387 606
6388 596
6389 617
6390 598
6391 554
6392 552
6393 564
6394 598
6395 590
6396 592
6397 623
6398 557
6399 552
6400 551
6401 576
6402 595
6403 592
6404 605
6405 572
6406 551
6407 551
6408 607
6409 616
6410 589
6411 607
6412 549
6413 571
6414 551
6415 600
6416 593
6417 604
6418 599
6419 566
6420 559
6421 560
6422 551
6423 593
6424 590
6425 611
6426 594
6427 589
6428 594
6429 612
6430 596
6431 595
6432 599
6433 577
6434 554
6435 550
6436 614
6437 600
6438 587
6439 596
6440 564
6441 568
6442 545
6443 596
6444 588
6445 612
6446 596
6447 554
6448 550
6449 571
6450 555
6451 597
6452 598
6453 614
6454 547
6455 554
6456 544
6457 622
6458 589
6459 593
6460 595
6461 570
6462 554
6463 553
6464 603
6465 605
6466 590
6467 597
6468 552
6469 561
6470 548
6471 602
6472 594
6473 606
6474 594
6475 551
6476 550
6477 569
6478 603
6479 595
6480 595
6481 614
6482 548
6483 550
6484 552
6485 620
6486 596
6487 597
6488 604
6489 561
6490 551
6491 560
6492 603
6493 619
6494 603
6495 599
6496 553
6497 564
6498 547
6499 604
6500 601
6501 609
6502 594
6503 552
6504 554
6505 571
6506 601
6507 592
6508 597
6509 607
6510 549
6511 557
6512 546
6513 574
6514 601
6515 591
6516 598
6517 574
6518 545
6519 550
6520 600
6521 608
6522 594
6523 609
6524 560
6525 569
6526 549
6527 611
6528 593
6529 607
6530 593
6531 554
6532 551
6533 572
6534 596
6535 590
6536 596
6537 607
6538 546
6539 556
6540 550
6541 611
6542 590
6543 588
6544 609
6545 570
6546 552
6547 548
6548 604
6549 614
6550 593
6551 594
6552 559
6553 560
6554 553
6555 561
6556 603
6557 602
6558 590
6559 591
6560 589
6561 610
6562 602
6563 592
6564 590
6565 617
6566 555
6567 553
6568 549
6569 616
6570 593
6571 587
6572 593
6573 583
6574 554
6575 543
6576 607
6577 605
6578 589
6579 599
6580 554
6581 590
6582 556
6583 612
6584 605
6585 603
6586 597
6587 561
6588 548
6589 562
6590 602
6591 605
6592 594
6593 624
6594 555
6595 547
6596 559
6597 623
6598 600
6599 599
6600 599
6601 573
6602 558
6603 553
6604 601
6605 612
6606 602
6607 599
6608 556
6609 567
6610 547
6611 607
6612 596
6613 615
6614 597
6615 559
6616 557
6617 570
6618 603
6619 597
6620 593
6621 610
6622 553
6623 560
6624 553
6625 626
6626 593
6627 610
6628 607
6629 570
6630 553
6631 556
6632 602
6633 609
6634 594
6635 601
6636 560
6637 572
6638 554
6639 559
6640 601
6641 610
6642 592
6643 596
6644 592
6645 619
6646 590
6647 598
6648 593
6649 619
6650 554
6651 552
6652 554
6653 620
6654 597
6655 596
6656 597
6657 565
6658 544
6659 552
6660 607
6661 611
6662 592
6663 606
6664 560
6665 567
6666 547
6667 557
6668 604
6669 609
6670 586
6671 588
6672 594
6673 617
6674 598
6675 602
6676 594
6677 614
6678 555
6679 551
6680 550
6681 617
6682 591
6683 593
6684 604
6685 571
6686 555
6687 551
6688 604
6689 616
6690 586
6691 614
6692 555
6693 578
6694 562
6695 608
6696 597
6697 604
6698 600
6699 549
6700 552
6701 571
6702 608
6703 593
6704 598
6705 622
6706 555
6707 570
6708 551
6709 614
6710 595
6711 589
6712 604
6713 564
6714 552
6715 555
6716 608
6717 620
6718 589
6719 610
6720 554
6721 560
6722 549
6723 613
6724 611
6725 613
6726 596
6727 556
6728 558
6729 564
6730 600
6731 592
6732 591
6733 613
6734 553
6735 551
6736 549
6737 570
6738 590
6739 589
6740 596
6741 610
6742 589
6743 590
6744 594
6745 603
6746 590
6747 606
6748 559
6749 564
6750 540
6751 556
6752 602
6753 613
6754 588
6755 595
6756 589
6757 597
6758 598
6759 599
6760 593
6761 614
6762 556
6763 552
6764 547
6765 617
6766 590
6767 592
6768 598
6769 569
6770 550
6771 549
6772 604
6773 606
6774 593
6775 593
6776 551
6777 559
6778 552
6779 605
6780 596
6781 611
6782 595
6783 556
6784 552
6785 563
6786 557
6787 599
6788 589
6789 606
6790 554
6791 555
6792 555
6793 607
6794 593
6795 593
6796 597
6797 565
6798 545
6799 552
6800 600
6801 607
6802 592
6803 608
6804 553
6805 572
6806 550
6807 553
6808 599
6809 615
6810 592
6811 591
6812 593
6813 605
6814 593
6815 592
6816 586
6817 607
6818 553
6819 552
6820 549
6821 627
6822 590
6823 585
6824 596
6825 558
6826 546
6827 553
6828 598
6829 606
6830 584
6831 603
6832 556
6833 563
6834 543
6835 564
6836 591
6837 610
6838 603
6839 548
6840 554
6841 555
6842 554
6843 592
6844 594
6845 611
6846 595
6847 591
6848 595
6849 572
6850 561
6851 551
6852 560
6853 648
6854 591
6855 606
6856 567
6857 575
6858 548
6859 560
6860 593
6861 622
6862 600
6863 593
6864 595
6865 599
6866 601
6867 558
6868 548
6869 565
6870 601
6871 590
6872 587
6873 617
6874 545
6875 551
6876 553
6877 576
6878 595
6879 596
6880 597
6881 610
6882 584
6883 587
6884 593
6885 600
6886 589
6887 595
6888 554
6889 566
6890 545
6891 601
6892 599
6893 605
6894 597
6895 559
6896 553
6897 561
6898 607
6899 589
6900 594
6901 629
6902 561
6903 559
6904 544
6905 569
6906 596
6907 597
6908 598
6909 597
6910 589
6911 594
6912 592
6913 611
6914 592
6915 601
6916 605
6917 598
6918 559
6919 616
6920 605
6921 616
6922 604
6923 560
6924 554
6925 573
6926 607
6927 600
6928 597
6929 625
6930 558
6931 552
6932 552
6933 628
6934 603
6935 604
6936 604
6937 569
6938 553
6939 552
6940 611
6941 602
6942 594
6943 595
6944 561
6945 568
6946 552
6947 563
6948 596
6949 610
6950 586
6951 597
6952 596
6953 612
6954 560
6955 548
6956 548
6957 567
6958 593
6959 589
6960 607
6961 617
6962 586
6963 590
6964 600
6965 571
6966 548
6967 552
6968 606
6969 609
6970 599
6971 601
6972 554
6973 561
6974 539
6975 557
6976 589
6977 616
6978 599
6979 550
6980 551
6981 563
6982 604
6983 588
6984 593
6985 620
6986 553
6987 550
6988 550
6989 626
6990 596
6991 588
6992 593
6993 573
6994 548
6995 557
6996 600
6997 602
6998 597
6999 600
7000 558
7001 566
7002 544
7003 559
7004 594
7005 613
7006 590
7007 553
7008 554
7009 565
7010 602
7011 596
7012 595
7013 628
7014 582
7015 556
7016 548
7017 624
7018 593
7019 595
7020 604
7021 572
7022 550
7023 547
7024 607
7025 615
7026 591
7027 605
7028 556
7029 567
7030 547
7031 607
7032 594
7033 614
7034 610
7035 568
7036 563
7037 567
7038 562
7039 599
7040 597
7041 622
7042 564
7043 554
7044 551
7045 579
7046 600
7047 596
7048 600
7049 598
7050 588
7051 593
7052 560
7053 568
7054 549
7055 562
7056 598
7057 607
7058 594
7059 595
7060 598
7061 602
7062 603
7063 562
7064 559
7065 568
7066 553
7067 598
7068 600
7069 599
7070 587
7071 599
7072 594
7073 612
7074 588
7075 589
7076 605
7077 565
7078 545
7079 552
7080 602
7081 611
7082 599
7083 596
7084 552
7085 559
7086 542
7087 598
7088 593
7089 608
7090 594
7091 552
7092 551
7093 566
7094 598
7095 593
7096 587
7097 608
7098 555
7099 557
7100 560
7101 566
7102 591
7103 591
7104 586
7105 606
7106 592
7107 594
7108 563
7109 573
7110 541
7111 553
7112 599
7113 614
7114 589
7115 594
7116 594
7117 604
7118 592
7119 553
7120 551
7121 560
7122 597
7123 595
7124 590
7125 620
7126 551
7127 551
7128 550
7129 621
7130 592
7131 592
7132 603
7133 570
7134 543
7135 552
7136 602
7137 612
7138 593
7139 605
7140 555
7141 572
7142 549
7143 601
7144 590
7145 602
7146 591
7147 549
7148 552
7149 563
7150 596
7151 594
7152 592
7153 615
7154 557
7155 550
7156 550
7157 566
7158 596
7159 595
7160 592
7161 595
7162 583
7163 587
7164 597
7165 606
7166 608
7167 602
7168 553
7169 555
7170 548
7171 605
7172 595
7173 603
7174 597
7175 554
7176 553
7177 559
7178 600
7179 595
7180 587
7181 614
7182 544
7183 547
7184 550
7185 608
7186 590
7187 592
7188 601
7189 569
7190 550
7191 544
7192 603
7193 606
7194 592
7195 603
7196 559
7197 569
7198 542
7199 552
7200 605
7201 598
7202 585
7203 586
7204 588
7205 609
7206 594
7207 592
7208 589
7209 618
7210 550
7211 561
7212 546
7213 613
7214 592
7215 586
7216 614
7217 565
7218 547
7219 550
7220 600
7221 618
7222 582
7223 599
7224 557
7225 558
7226 547
7227 560
7228 594
7229 611
7230 592
7231 596
7232 588
7233 606
7234 600
7235 606
7236 592
7237 608
7238 547
7239 552
7240 548
7241 619
7242 592
7243 585
7244 601
7245 564
7246 548
7247 555
7248 609
7249 614
7250 588
7251 603
7252 560
7253 556
7254 554
7255 554
7256 594
7257 605
7258 592
7259 599
7260 590
7261 604
7262 555
7263 546
7264 546
7265 566
7266 590
7267 596
7268 594
7269 611
7270 593
7271 586
7272 602
7273 576
7274 546
7275 547
7276 600
7277 604
7278 592
7279 596
7280 552
7281 568
7282 546
7283 603
7284 602
7285 603
7286 599
7287 558
7288 550
7289 557
7290 600
7291 592
7292 595
7293 622
7294 561
7295 556
7296 562
7297 619
7298 587
7299 593
7300 608
7301 570
7302 552
7303 559
7304 607
7305 605
7306 592
7307 602
7308 556
7309 566
7310 549
7311 606
7312 596
7313 601
7314 597
7315 550
7316 558
7317 566
7318 605
7319 597
7320 589
7321 616
7322 553
7323 552
7324 551
7325 613
7326 595
7327 593
7328 597
7329 565
7330 550
7331 548
7332 603
7333 615
7334 584
7335 596
7336 557
7337 564
7338 539
7339 553
7340 594
7341 611
7342 596
7343 546
7344 548
7345 564
7346 606
7347 594
7348 590
7349 605
7350 551
7351 545
7352 556
7353 621
7354 595
7355 584
7356 597
7357 567
7358 548
7359 552
7360 601
7361 609
7362 584
7363 594
7364 556
7365 557
7366 542
7367 558
7368 590
7369 606
7370 577
7371 592
7372 596
7373 611
7374 595
7375 594
7376 609
7377 627
7378 555
7379 546
7380 545
7381 625
7382 591
7383 596
7384 602
7385 578
7386 553
7387 546
7388 601
7389 614
7390 586
7391 603
7392 558
7393 565
7394 555
7395 554
7396 605
7397 614
7398 587
7399 591
7400 591
7401 612
7402 591
7403 592
7404 590
7405 605
7406 556
7407 552
7408 551
7409 619
7410 588
7411 592
7412 601
7413 570
7414 545
7415 556
7416 606
7417 600
7418 593
7419 592
7420 553
7421 557
7422 542
7423 597
7424 590
7425 613
7426 595
7427 550
7428 552
7429 563
7430 595
7431 593
7432 589
7433 618
7434 553
7435 550
7436 547
7437 567
7438 588
7439 591
7440 595
7441 598
7442 581
7443 588
7444 592
7445 605
7446 589
7447 593
7448 560
7449 562
7450 548
7451 601
7452 596
7453 603
7454 598
7455 556
7456 545
7457 563
7458 604
7459 592
7460 586
7461 615
7462 552
7463 542
7464 548
7465 619
7466 596
7467 594
7468 601
7469 561
7470 548
7471 545
7472 600
7473 600
7474 581
7475 602
7476 552
7477 566
7478 544
7479 606
7480 594
7481 603
7482 592
7483 555
7484 554
7485 571
7486 601
7487 599
7488 588
7489 615
7490 562
7491 548
7492 543
7493 566
7494 593
7495 594
7496 601
7497 564
7498 546
7499 550
7500 604
7501 618
7502 588
7503 600
7504 552
7505 565
7506 553
7507 607
7508 595
7509 614
7510 598
7511 560
7512 545
7513 560
7514 601
7515 603
7516 594
7517 621
7518 560
7519 552
7520 557
7521 613
7522 589
7523 589
7524 604
7525 579
7526 555
7527 549
7528 602
7529 603
7530 591
7531 607
7532 559
7533 574
7534 551
7535 561
7536 606
7537 617
7538 596
7539 600
7540 594
7541 596
7542 594
7543 594
7544 592
7545 612
7546 551
7547 553
7548 552
7549 615
7550 593
7551 590
7552 595
7553 569
7554 546
7555 554
7556 604
7557 618
7558 588
7559 596
7560 556
7561 570
7562 547
7563 601
7564 595
7565 602
7566 594
7567 558
7568 549
7569 557
7570 600
7571 597
7572 589
7573 610
7574 549
7575 548
7576 548
7577 625
7578 597
7579 591
7580 604
7581 584
7582 557
7583 571
7584 622
7585 615
7586 596
7587 613
7588 569
7589 573
7590 551
7591 570
7592 602
7593 599
7594 595
7595 589
7596 596
7597 614
7598 563
7599 557
7600 563
7601 584
7602 602
7603 593
7604 593
7605 622
7606 586
7607 595
7608 603
7609 570
7610 546
7611 547
7612 602
7613 597
7614 586
7615 594
7616 561
7617 569
7618 547
7619 563
7620 592
7621 611
7622 591
7623 551
7624 544
7625 568
7626 607
7627 612
7628 601
7629 606
7630 554
7631 553
7632 554
7633 622
7634 586
7635 594
7636 602
7637 567
7638 556
7639 552
7640 605
7641 610
7642 585
7643 611
7644 558
7645 560
7646 550
7647 559
7648 601
7649 612
7650 607
7651 562
7652 550
7653 562
7654 553
7655 606
7656 598
7657 608
7658 590
7659 595
7660 595
7661 617
7662 589
7663 590
7664 605
7665 566
7666 553
7667 557
7668 607
7669 621
7670 595
7671 594
7672 553
7673 564
7674 560
7675 598
7676 597
7677 606
7678 598
7679 559
7680 556
7681 557
7682 604
7683 594
7684 586
7685 624
7686 582
7687 564
7688 556
7689 625
7690 591
7691 596
7692 601
7693 564
7694 556
7695 550
7696 610
7697 611
7698 588
7699 603
7700 555
7701 556
7702 552
7703 557
7704 601
7705 609
7706 585
7707 596
7708 589
7709 599
7710 571
7711 556
7712 559
7713 564
7714 591
7715 594
7716 594
7717 577
7718 549
7719 569
7720 567
7721 618
7722 587
7723 594
7724 594
7725 600
7726 593
7727 602
7728 557
7729 572
7730 552
7731 555
7732 589
7733 601
7734 598
7735 552
7736 549
7737 571
7738 604
7739 594
7740 590
7741 610
7742 556
7743 547
7744 548
7745 612
7746 593
7747 590
7748 597
7749 571
7750 551
7751 553
7752 600
7753 606
7754 586
7755 599
7756 552
7757 575
7758 551
7759 600
7760 587
7761 608
7762 596
7763 557
7764 556
7765 565
7766 598
7767 592
7768 594
7769 608
7770 555
7771 546
7772 558
7773 628
7774 585
7775 588
7776 602
7777 576
7778 547
7779 556
7780 602
7781 608
7782 588
7783 593
7784 551
7785 560
7786 552
7787 609
7788 598
7789 602
7790 595
7791 555
7792 549
7793 572
7794 602
7795 594
7796 591
7797 611
7798 553
7799 548
7800 549
7801 566
7802 593
7803 592
7804 597
7805 605
7806 595
7807 589
7808 598
7809 608
7810 590
7811 602
7812 559
7813 565
7814 541
7815 557
7816 595
7817 609
7818 602
7819 590
7820 585
7821 596
7822 592
7823 590
7824 588
7825 604
7826 554
7827 544
7828 544
7829 615
7830 587
7831 594
7832 594
7833 561
7834 548
7835 550
7836 605
7837 607
7838 591
7839 600
7840 554
7841 567
7842 553
7843 603
7844 592
7845 608
7846 598
7847 562
7848 552
7849 562
7850 552
7851 602
7852 599
7853 610
7854 589
7855 586
7856 592
7857 601
7858 592
7859 590
7860 602
7861 574
7862 551
7863 551
7864 602
7865 603
7866 592
7867 606
7868 554
7869 574
7870 543
7871 558
7872 592
7873 601
7874 588
7875 590
7876 595
7877 614
7878 588
7879 586
7880 589
7881 600
7882 546
7883 546
7884 551
7885 620
7886 587
7887 592
7888 601
7889 574
7890 547
7891 547
7892 607
7893 607
7894 590
7895 592
7896 548
7897 561
7898 546
7899 602
7900 597
7901 605
7902 589
7903 548
7904 545
7905 564
7906 598
7907 590
7908 592
7909 617
7910 547
7911 557
7912 548
7913 622
7914 592
7915 618
7916 611
7917 580
7918 554
7919 550
7920 609
7921 613
7922 599
7923 608
7924 567
7925 563
7926 545
7927 555
7928 602
7929 607
7930 588
7931 600
7932 590
7933 613
7934 563
7935 554
7936 553
7937 563
7938 592
7939 589
7940 590
7941 618
7942 591
7943 589
7944 595
7945 559
7946 546
7947 547
7948 598
7949 612
7950 594
7951 594
7952 553
7953 570
7954 547
7955 604
7956 588
7957 600
7958 596
7959 560
7960 565
7961 567
7962 611
7963 601
7964 598
7965 612
7966 549
7967 547
7968 551
7969 611
7970 588
7971 589
7972 597
7973 568
7974 544
7975 550
7976 610
7977 611
7978 590
7979 598
7980 559
7981 567
7982 540
7983 614
7984 595
7985 603
7986 597
7987 558
7988 547
7989 567
7990 605
7991 590
7992 588
7993 604
7994 556
7995 548
7996 547
7997 676
7998 758
7999 638
8000 616
8001 571
8002 561
8003 560
8004 615
8005 618
8006 594
8007 608
8008 563
8009 568
8010 552
8011 571
8012 602
8013 605
8014 592
8015 558
8016 556
8017 567
8018 604
8019 598
8020 596
8021 612
8022 550
8023 554
8024 546
8025 623
8026 600
8027 589
8028 605
8029 576
8030 548
8031 556
8032 613
8033 619
8034 586
8035 602
8036 550
8037 570
8038 549
8039 604
8040 593
8041 603
8042 604
8043 559
8044 557
8045 555
8046 599
8047 589
8048 588
8049 605
8050 545
8051 560
8052 554
8053 617
8054 593
8055 596
8056 602
8057 566
8058 551
8059 571
8060 618
8061 613
8062 586
8063 604
8064 557
8065 574
8066 542
8067 559
8068 591
8069 612
8070 590
8071 593
8072 591
8073 603
8074 594
8075 595
8076 599
8077 614
8078 553
8079 555
8080 559
8081 568
8082 595
8083 590
8084 593
8085 615
8086 589
8087 592
8088 594
8089 605
8090 590
8091 597
8092 552
8093 555
8094 547
8095 559
8096 597
8097 608
8098 602
8099 554
8100 551
8101 577
8102 607
8103 600
8104 586
8105 619
8106 558
8107 553
8108 551
8109 575
8110 597
8111 595
8112 597
8113 597
8114 586
8115 588
8116 592
8117 602
8118 589
8119 599
8120 559
8121 559
8122 551
8123 551
8124 594
8125 604
8126 590
8127 592
8128 600
8129 608
8130 600
8131 590
8132 584
8133 607
8134 551
8135 551
8136 550
8137 567
8138 598
8139 592
8140 601
8141 567
8142 547
8143 556
8144 597
8145 606
8146 590
8147 607
8148 553
8149 563
8150 548
8151 553
8152 598
8153 613
8154 593
8155 597
8156 592
8157 611
8158 553
8159 558
8160 545
8161 577
8162 595
8163 604
8164 595
8165 618
8166 594
8167 596
8168 603
8169 569
8170 547
8171 557
8172 599
8173 601
8174 588
8175 608
8176 554
8177 568
8178 543
8179 599
8180 594
8181 598
8182 596
8183 556
8184 562
8185 564
8186 600
8187 611
8188 596
8189 626
8190 562
8191 555
8192 555
8193 568
8194 595
8195 593
8196 594
8197 622
8198 600
8199 599
8200 603
8201 603
8202 592
8203 599
8204 562
8205 574
8206 550
8207 559
8208 607
8209 609
8210 588
8211 592
8212 590
8213 605
8214 594
8215 590
8216 593
8217 622
8218 566
8219 551
8220 556
8221 579
8222 598
8223 594
8224 599
8225 605
8226 591
8227 594
8228 591
8229 612
8230 586
8231 596
8232 557
8233 559
8234 550
8235 601
8236 596
8237 612
8238 593
8239 559
8240 543
8241 557
8242 601
8243 593
8244 598
8245 612
8246 551
8247 550
8248 550
8249 629
8250 594
8251 600
8252 605
8253 576
8254 546
8255 560
8256 603
8257 623
8258 584
8259 600
8260 547
8261 564
8262 543
8263 554
8264 593
8265 603
8266 593
8267 557
8268 554
8269 563
8270 605
8271 594
8272 599
8273 609
8274 551
8275 545
8276 555
8277 627
8278 594
8279 593
8280 604
8281 566
8282 546
8283 546
8284 604
8285 606
8286 583
8287 597
8288 556
8289 566
8290 546
8291 555
8292 595
8293 619
8294 600
8295 595
8296 595
8297 605
8298 597
8299 597
8300 586
8301 618
8302 558
8303 549
8304 547
8305 564
8306 597
8307 589
8308 591
8309 610
8310 598
8311 591
8312 595
8313 607
8314 589
8315 601
8316 553
8317 554
8318 542
8319 549
8320 591
8321 612
8322 592
8323 598
8324 594
8325 615
8326 596
8327 596
8328 599
8329 609
8330 548
8331 551
8332 551
8333 628
8334 587
8335 589
8336 604
8337 563
8338 560
8339 550
8340 607
8341 614
8342 593
8343 598
8344 551
8345 568
8346 550
8347 605
8348 605
8349 598
8350 598
8351 558
8352 557
8353 564
8354 551
8355 599
8356 593
8357 627
8358 617
8359 608
8360 595
8361 611
8362 591
8363 595
8364 605
8365 580
8366 546
8367 552
8368 599
8369 602
8370 589
8371 604
8372 553
8373 570
8374 546
8375 563
8376 593
8377 600
8378 595
8379 588
8380 589
8381 601
8382 587
8383 593
8384 596
8385 613
8386 556
8387 555
8388 555
8389 568
8390 593
8391 603
8392 598
8393 606
8394 585
8395 591
8396 595
8397 604
8398 587
8399 603
8400 578
8401 566
8402 548
8403 567
8404 601
8405 610
8406 591
8407 598
8408 596
8409 609
8410 596
8411 589
8412 591
8413 609
8414 556
8415 554
8416 548
8417 617
8418 587
8419 592
8420 607
8421 571
8422 549
8423 552
8424 601
8425 618
8426 586
8427 600
8428 556
8429 567
8430 550
8431 609
8432 598
8433 610
8434 592
8435 559
8436 552
8437 568
8438 597
8439 593
8440 587
8441 608
8442 554
8443 551
8444 556
8445 624
8446 591
8447 590
8448 602
8449 565
8450 555
8451 554
8452 610
8453 616
8454 587
8455 608
8456 562
8457 559
8458 549
8459 555
8460 594
8461 612
8462 597
8463 590
8464 590
8465 608
8466 556
8467 556
8468 557
8469 572
8470 548
8471 549
8472 551
8473 616
8474 589
8475 588
8476 594
8477 559
8478 549
8479 546
8480 603
8481 612
8482 590
8483 596
8484 555
8485 566
8486 546
8487 558
8488 601
8489 619
8490 589
8491 590
8492 592
8493 614
8494 594
8495 588
8496 587
8497 606
8498 554
8499 556
8500 551
8501 629
8502 592
8503 590
8504 595
8505 572
8506 554
8507 552
8508 610
8509 619
8510 588
8511 595
8512 552
8513 567
8514 542
8515 555
8516 595
8517 609
8518 585
8519 591
8520 589
8521 606
8522 595
8523 589
8524 586
8525 611
8526 553
8527 556
8528 553
8529 625
8530 593
8531 595
8532 602
8533 576
8534 550
8535 560
8536 604
8537 611
8538 585
8539 597
8540 553
8541 559
8542 551
8543 563
8544 595
8545 610
8546 588
8547 593
8548 588
8549 617
8550 592
8551 590
8552 588
8553 612
8554 551
8555 548
8556 546
8557 622
8558 590
8559 593
8560 598
8561 564
8562 552
8563 546
8564 600
8565 605
8566 591
8567 595
8568 555
8569 561
8570 548
8571 607
8572 596
8573 600
8574 595
8575 555
8576 548
8577 558
8578 553
8579 595
8580 598
8581 606
8582 583
8583 593
8584 588
8585 600
8586 593
8587 595
8588 600
8589 562
8590 539
8591 548
8592 603
8593 628
8594 597
8595 609
8596 554
8597 565
8598 546
8599 605
8600 595
8601 607
8602 593
8603 549
8604 544
8605 564
8606 603
8607 591
8608 591
8609 610
8610 555
8611 555
8612 556
8613 610
8614 592
8615 594
8616 597
8617 569
8618 547
8619 543
8620 606
8621 623
8622 590
8623 601
8624 553
8625 573
8626 546
8627 628
8628 594
8629 605
8630 600
8631 554
8632 552
8633 568
8634 602
8635 590
8636 589
8637 619
8638 549
8639 550
8640 553
8641 623
8642 591
8643 593
8644 598
8645 563
8646 556
8647 552
8648 604
8649 602
8650 590
8651 601
8652 555
8653 571
8654 548
8655 552
8656 597
8657 613
8658 589
8659 592
8660 586
8661 603
8662 594
8663 595
8664 595
8665 623
8666 544
8667 555
8668 550
8669 620
8670 599
8671 597
8672 600
8673 575
8674 550
8675 544
8676 601
8677 601
8678 585
8679 594
8680 555
8681 563
8682 553
8683 602
8684 594
8685 613
8686 595
8687 561
8688 551
8689 568
8690 601
8691 600
8692 583
8693 616
8694 556
8695 553
8696 553
8697 574
8698 592
8699 595
8700 588
8701 600
8702 584
8703 586
8704 594
8705 606
8706 581
8707 592
8708 557
8709 573
8710 555
8711 556
8712 593
8713 610
8714 594
8715 553
8716 552
8717 571
8718 602
8719 598
8720 599
8721 610
8722 550
8723 555
8724 554
8725 622
8726 594
8727 597
8728 602
8729 576
8730 548
8731 555
8732 607
8733 605
8734 584
8735 601
8736 556
8737 567
8738 554
8739 603
8740 594
8741 613
8742 601
8743 564
8744 561
8745 561
8746 599
8747 596
8748 590
8749 610
8750 554
8751 553
8752 553
8753 613
8754 595
8755 596
8756 598
8757 574
8758 552
8759 556
8760 603
8761 606
8762 590
8763 602
8764 550
8765 560
8766 547
8767 555
8768 600
8769 609
8770 595
8771 602
8772 593
8773 607
8774 602
8775 602
8776 594
8777 625
8778 560
8779 549
8780 553
8781 619
8782 594
8783 595
8784 598
8785 561
8786 555
8787 548
8788 609
8789 601
8790 587
8791 595
8792 555
8793 565
8794 547
8795 608
8796 599
8797 615
8798 595
8799 557
8800 550
8801 563
8802 605
8803 592
8804 587
8805 616
8806 550
8807 551
8808 553
8809 623
8810 595
8811 592
8812 591
8813 572
8814 547
8815 551
8816 604
8817 607
8818 588
8819 595
8820 553
8821 556
8822 546
8823 550
8824 592
8825 600
8826 591
8827 599
8828 596
8829 612
8830 558
8831 553
8832 550
8833 570
8834 601
8835 598
8836 596
8837 617
8838 589
8839 593
8840 601
8841 563
8842 552
8843 550
8844 602
8845 609
8846 585
8847 594
8848 565
8849 565
8850 548
8851 605
8852 602
8853 614
8854 596
8855 554
8856 551
8857 564
8858 605
8859 598
8860 590
8861 606
8862 548
8863 553
8864 554
8865 624
8866 596
8867 597
8868 611
8869 567
8870 551
8871 545
8872 609
8873 614
8874 589
8875 600
8876 555
8877 562
8878 552
8879 601
8880 602
8881 605
8882 592
8883 551
8884 552
8885 571
8886 600
8887 602
8888 591
8889 601
8890 553
8891 551
8892 548
8893 613
8894 589
8895 590
8896 595
8897 615
8898 593
8899 601
8900 566
8901 572
8902 549
8903 556
8904 552
8905 573
8906 552
8907 602
8908 600
8909 615
8910 591
8911 553
8912 555
8913 570
8914 618
8915 604
8916 612
8917 624
8918 559
8919 564
8920 553
8921 618
8922 597
8923 598
8924 601
8925 576
8926 557
8927 550
8928 609
8929 615
8930 596
8931 606
8932 566
8933 576
8934 558
8935 565
8936 604
8937 607
8938 593
8939 592
8940 599
8941 615
8942 564
8943 557
8944 559
8945 576
8946 595
8947 591
8948 602
8949 613
8950 593
8951 595
8952 600
8953 569
8954 549
8955 555
8956 603
8957 608
8958 585
8959 600
8960 575
8961 574
8962 554
8963 562
8964 595
8965 609
8966 595
8967 596
8968 599
8969 613
8970 595
8971 590
8972 589
8973 622
8974 561
8975 554
8976 554
8977 579
8978 601
8979 597
8980 597
8981 604
8982 594
8983 596
8984 561
8985 562
8986 553
8987 554
8988 606
8989 616
8990 594
8991 602
8992 594
8993 603
8994 597
8995 555
8996 551
8997 575
8998 610
8999 602
9000 591
9001 614
9002 552
9003 561
9004 562
9005 574
9006 595
9007 596
9008 598
9009 566
9010 544
9011 552
9012 608
9013 615
9014 589
9015 597
9016 554
9017 568
9018 544
9019 559
9020 594
9021 603
9022 595
9023 595
9024 593
9025 606
9026 597
9027 592
9028 588
9029 615
9030 583
9031 564
9032 561
9033 634
9034 597
9035 594
9036 606
9037 570
9038 554
9039 549
9040 606
9041 608
9042 591
9043 589
9044 553
9045 567
9046 549
9047 610
9048 598
9049 607
9050 603
9051 558
9052 555
9053 569
9054 600
9055 592
9056 593
9057 621
9058 556
9059 548
9060 540
9061 561
9062 589
9063 597
9064 596
9065 616
9066 589
9067 588
9068 562
9069 556
9070 550
9071 563
9072 601
9073 616
9074 589
9075 603
9076 596
9077 607
9078 601
9079 547
9080 551
9081 557
9082 600
9083 611
9084 601
9085 608
9086 550
9087 557
9088 550
9089 617
9090 586
9091 595
9092 610
9093 571
9094 547
9095 547
9096 597
9097 607
9098 590
9099 599
9100 555
9101 557
9102 540
9103 603
9104 592
9105 605
9106 596
9107 561
9108 555
9109 571
9110 561
9111 589
9112 590
9113 606
9114 591
9115 588
9116 588
9117 605
9118 585
9119 589
9120 600
9121 567
9122 547
9123 556
9124 608
9125 614
9126 592
9127 595
9128 550
9129 565
9130 546
9131 609
9132 590
9133 618
9134 598
9135 564
9136 551
9137 563
9138 609
9139 596
9140 592
9141 615
9142 550
9143 555
9144 545
9145 613
9146 600
9147 591
9148 592
9149 565
9150 551
9151 551
9152 604
9153 602
9154 585
9155 598
9156 551
9157 568
9158 545
9159 605
9160 594
9161 608
9162 595
9163 555
9164 552
9165 565
9166 599
9167 590
9168 592
9169 603
9170 555
9171 552
9172 550
9173 610
9174 597
9175 597
9176 591
9177 558
9178 544
9179 546
9180 601
9181 606
9182 583
9183 594
9184 556
9185 569
9186 548
9187 606
9188 595
9189 604
9190 591
9191 563
9192 559
9193 567
9194 556
9195 603
9196 594
9197 609
9198 588
9199 596
9200 591
9201 605
9202 591
9203 594
9204 597
9205 566
9206 544
9207 564
9208 599
9209 598
9210 593
9211 597
9212 549
9213 564
9214 546
9215 599
9216 593
9217 602
9218 589
9219 553
9220 551
9221 578
9222 600
9223 594
9224 594
9225 613
9226 552
9227 549
9228 553
9229 631
9230 593
9231 596
9232 596
9233 572
9234 541
9235 545
9236 596
9237 604
9238 593
9239 594
9240 557
9241 561
9242 544
9243 553
9244 598
9245 613
9246 591
9247 600
9248 610
9249 624
9250 597
9251 597
9252 596
9253 621
9254 564
9255 557
9256 557
9257 569
9258 594
9259 590
9260 598
9261 608
9262 587
9263 589
9264 597
9265 603
9266 583
9267 596
9268 557
9269 565
9270 548
9271 602
9272 608
9273 600
9274 593
9275 559
9276 556
9277 566
9278 602
9279 597
9280 591
9281 612
9282 554
9283 559
9284 551
9285 613
9286 597
9287 590
9288 609
9289 573
9290 551
9291 551
9292 607
9293 623
9294 597
9295 609
9296 556
9297 563
9298 548
9299 602
9300 597
9301 611
9302 596
9303 557
9304 555
9305 578
9306 598
9307 598
9308 599
9309 607
9310 549
9311 553
9312 551
9313 629
9314 591
9315 597
9316 599
9317 570
9318 553
9319 555
9320 607
9321 611
9322 587
9323 603
9324 550
9325 569
9326 549
9327 604
9328 595
9329 604
9330 591
9331 555
9332 553
9333 556
9334 599
9335 600
9336 592
9337 613
9338 554
9339 554
9340 560
9341 622
9342 592
9343 598
9344 605
9345 577
9346 559
9347 550
9348 611
9349 612
9350 594
9351 594
9352 560
9353 563
9354 550
9355 601
9356 596
9357 610
9358 593
9359 563
9360 543
9361 561
9362 597
9363 595
9364 590
9365 614
9366 554
9367 556
9368 547
9369 612
9370 595
9371 589
9372 603
9373 563
9374 544
9375 550
9376 608
9377 607
9378 592
9379 604
9380 559
9381 571
9382 551
9383 602
9384 592
9385 608
9386 595
9387 550
9388 550
9389 567
9390 600
9391 592
9392 595
9393 612
9394 554
9395 556
9396 557
9397 578
9398 597
9399 592
9400 594
9401 604
9402 588
9403 588
9404 600
9405 604
9406 591
9407 603
9408 553
9409 570
9410 545
9411 613
9412 605
9413 606
9414 598
9415 561
9416 555
9417 565
9418 607
9419 598
9420 596
9421 619
9422 554
9423 557
9424 573
9425 630
9426 589
9427 595
9428 598
9429 611
9430 591
9431 596
9432 596
9433 601
9434 585
9435 597
9436 562
9437 559
9438 548
9439 559
9440 597
9441 606
9442 592
9443 596
9444 593
9445 598
9446 592
9447 591
9448 587
9449 625
9450 551
9451 551
9452 548
9453 568
9454 601
9455 593
9456 601
9457 573
9458 546
9459 552
9460 594
9461 601
9462 588
9463 596
9464 558
9465 562
9466 544
9467 560
9468 595
9469 609
9470 594
9471 594
9472 588
9473 596
9474 589
9475 587
9476 586
9477 609
9478 549
9479 559
9480 558
9481 630
9482 590
9483 592
9484 598
9485 564
9486 551
9487 548
9488 606
9489 619
9490 586
9491 600
9492 546
9493 558
9494 553
9495 607
9496 600
9497 597
9498 593
9499 558
9500 553
9501 567
9502 599
9503 591
9504 593
9505 606
9506 549
9507 550
9508 551
9509 614
9510 596
9511 597
9512 604
9513 562
9514 543
9515 549
9516 606
9517 614
9518 586
9519 614
9520 573
9521 566
9522 548
9523 605
9524 593
9525 609
9526 595
9527 556
9528 556
9529 554
9530 612
9531 595
9532 594
9533 605
9534 548
9535 547
9536 551
9537 573
9538 594
9539 596
9540 595
9541 566
9542 554
9543 555
9544 605
9545 609
9546 590
9547 610
9548 552
9549 569
9550 549
9551 562
9552 603
9553 608
9554 589
9555 586
9556 584
9557 604
9558 596
9559 591
9560 587
9561 615
9562 549
9563 556
9564 555
9565 621
9566 592
9567 592
9568 598
9569 557
9570 546
9571 540
9572 599
9573 595
9574 587
9575 600
9576 558
9577 561
9578 546
9579 554
9580 592
9581 608
9582 587
9583 549
9584 554
9585 560
9586 601
9587 598
9588 595
9589 605
9590 561
9591 549
9592 549
9593 620
9594 594
9595 594
9596 594
9597 568
9598 534
9599 524
9600 630
9601 620
9602 604
9603 617
9604 527
9605 542
9606 526
9607 525
9608 568
9609 584
9610 558
9611 560
9612 559
9613 580
9614 559
9615 567
9616 560
9617 581
9618 520
9619 524
9620 516
9621 530
9622 563
9623 567
9624 562
9625 575
9626 566
9627 584
9628 574
9629 580
9630 557
9631 573
9632 527
9633 540
9634 517
9635 530
9636 570
9637 578
9638 564
9639 564
9640 564
9641 575
9642 559
9643 557
9644 560
9645 578
9646 556
9647 561
9648 557
9649 569
9650 558
9651 559
9652 569
9653 570
9654 551
9655 557
9656 565
9657 573
9658 563
9659 561
9660 556
9661 565
9662 556
9663 564
9664 629
9665 632
9666 620
9667 557
9668 539
9669 541
9670 533
9671 573
9672 567
9673 582
9674 563
9675 564
9676 565
9677 587
9678 563
9679 564
9680 571
9681 586
9682 554
9683 569
9684 566
9685 574
9686 562
9687 567
9688 563
9689 579
9690 563
9691 567
9692 563
9693 577
9694 563
9695 531
9696 526
9697 544
9698 573
9699 568
9700 563
9701 645
9702 563
9703 535
9704 529
9705 553
9706 570
9707 565
9708 565
9709 574
9710 560
9711 562
9712 564
9713 577
9714 554
9715 571
9716 522
9717 541
9718 520
9719 527
9720 562
9721 572
9722 559
9723 563
9724 566
9725 576
9726 562
9727 560
9728 566
9729 579
9730 524
9731 519
9732 523
9733 541
9734 567
9735 572
9736 573
9737 580
9738 562
9739 563
9740 572
9741 583
9742 561
9743 565
9744 562
9745 569
9746 566
9747 566
9748 568
9749 577
9750 567
9751 528
9752 525
9753 543
9754 579
9755 562
9756 565
9757 574
9758 568
9759 565
9760 560
9761 580
9762 557
9763 558
9764 564
9765 602
9766 577
9767 567
9768 538
9769 538
9770 521
9771 528
9772 562
9773 579
9774 562
9775 567
9776 556
9777 574
9778 560
9779 562
9780 562
9781 576
9782 557
9783 564
9784 560
9785 588
9786 525
9787 522
9788 518
9789 538
9790 563
9791 558
9792 564
9793 573
9794 564
9795 560
9796 569
9797 572
9798 559
9799 572
9800 528
9801 542
9802 521
9803 533
9804 567
9805 583
9806 560
9807 564
9808 563
9809 580
9810 560
9811 560
9812 555
9813 573
9814 562
9815 560
9816 560
9817 577
9818 557
9819 565
9820 563
9821 577
9822 558
9823 564
9824 562
9825 573
9826 555
9827 562
9828 564
9829 575
9830 559
9831 567
9832 557
9833 577
9834 554
9835 561
9836 554
9837 567
9838 572
9839 560
9840 556
9841 584
9842 530
9843 521
9844 520
9845 546
9846 568
9847 561
9848 562
9849 571
9850 554
9851 562
9852 563
9853 571
9854 555
9855 563
9856 558
9857 566
9858 566
9859 561
9860 564
9861 580
9862 569
9863 525
9864 524
9865 538
9866 575
9867 567
9868 558
9869 570
9870 559
9871 557
9872 562
9873 589
9874 564
9875 562
9876 570
9877 546
9878 519
9879 523
9880 568
9881 573
9882 555
9883 564
9884 561
9885 576
9886 558
9887 567
9888 562
9889 578
9890 561
9891 558
9892 554
9893 566
9894 564
9895 569
9896 560
9897 578
9898 526
9899 522
9900 517
9901 540
9902 569
9903 565
9904 622
9905 595
9906 570
9907 604
9908 683
9909 650
9910 630
9911 645
9912 601
9913 616
9914 569
9915 664
9916 626
9917 639
9918 656
9919 602
9920 556
9921 607
9922 629
9923 599
9924 579
9925 592
9926 534
9927 529
9928 530
9929 599
9930 571
9931 569
9932 574
9933 583
9934 560
9935 578
9936 564
9937 571
9938 568
9939 572
9940 570
9941 581
9942 560
9943 565
9944 567
9945 585
9946 563
9947 568
9948 564
9949 576
9950 564
9951 563
9952 557
9953 591
9954 530
9955 534
9956 529
9957 598
9958 561
9959 565
9960 603
9961 557
9962 528
9963 528
9964 574
9965 576
9966 562
9967 566
9968 567
9969 578
9970 562
9971 563
9972 565
9973 577
9974 569
9975 525
9976 526
9977 537
9978 523
9979 563
9980 567
9981 577
9982 565
9983 562
9984 567
9985 575
9986 565
9987 563
9988 567
9989 572
9990 561
9991 561
9992 566
9993 573
9994 558
9995 564
9996 567
9997 573
9998 556
9999 564
# sum: 581
# min: 461
# max: 1458
# err cnt: 0
