0 45
1 29
2 24
3 23
4 23
5 22
6 21
7 22
8 22
9 21
10 22
11 21
12 22
13 21
14 21
15 23
16 22
17 22
18 23
19 21
20 22
21 21
22 22
23 21
24 22
25 22
26 21
27 22
28 22
29 21
30 21
31 22
32 22
33 21
34 21
35 22
36 22
37 21
38 22
39 21
40 22
41 21
42 22
43 22
44 22
45 21
46 21
47 21
48 21
49 22
50 39
51 24
52 22
53 22
54 21
55 22
56 22
57 21
58 21
59 22
60 22
61 22
62 22
63 22
64 22
65 21
66 22
67 22
68 22
69 21
70 21
71 22
72 22
73 22
74 21
75 22
76 21
77 22
78 22
79 23
80 22
81 22
82 22
83 22
84 22
85 21
86 22
87 21
88 22
89 21
90 22
91 22
92 22
93 22
94 21
95 22
96 22
97 21
98 22
99 22
100 22
101 22
102 22
103 22
104 22
105 22
106 22
107 22
108 22
109 21
110 22
111 22
112 22
113 21
114 21
115 22
116 22
117 22
118 22
119 21
120 21
121 21
122 21
123 22
124 22
125 21
126 21
127 22
128 22
129 22
130 22
131 22
132 22
133 21
134 22
135 21
136 22
137 21
138 21
139 22
140 22
141 22
142 22
143 22
144 22
145 21
146 21
147 22
148 22
149 21
150 22
151 22
152 22
153 21
154 21
155 22
156 22
157 22
158 21
159 21
160 22
161 21
162 22
163 21
164 22
165 21
166 22
167 22
168 22
169 21
170 22
171 22
172 22
173 21
174 22
175 21
176 22
177 21
178 22
179 22
180 22
181 22
182 22
183 22
184 22
185 22
186 22
187 22
188 22
189 22
190 21
191 22
192 22
193 21
194 22
195 21
196 22
197 20
198 22
199 22
200 22
201 22
202 22
203 22
204 22
205 22
206 22
207 22
208 22
209 21
210 22
211 22
212 23
213 22
214 22
215 22
216 22
217 21
218 22
219 21
220 22
221 21
222 22
223 22
224 22
225 21
226 22
227 22
228 21
229 21
230 22
231 22
232 22
233 22
234 22
235 22
236 22
237 22
238 22
239 22
240 22
241 22
242 22
243 22
244 22
245 22
246 22
247 22
248 22
249 21
250 23
251 22
252 22
253 22
254 21
255 22
256 22
257 22
258 22
259 22
260 22
261 22
262 22
263 22
264 21
265 21
266 22
267 22
268 22
269 21
270 22
271 22
272 22
273 22
274 22
275 22
276 22
277 21
278 22
279 22
280 22
281 22
282 22
283 22
284 21
285 22
286 22
287 22
288 22
289 21
290 21
291 22
292 22
293 21
294 22
295 22
296 22
297 21
298 22
299 22
300 22
301 22
302 22
303 22
304 22
305 21
306 22
307 22
308 22
309 22
310 22
311 22
312 21
313 21
314 22
315 22
316 22
317 22
318 22
319 21
320 22
321 21
322 22
323 22
324 21
325 21
326 22
327 22
328 21
329 22
330 22
331 22
332 22
333 22
334 22
335 22
336 22
337 21
338 22
339 22
340 22
341 21
342 21
343 22
344 22
345 22
346 22
347 22
348 22
349 21
350 22
351 22
352 22
353 22
354 22
355 22
356 22
357 22
358 22
359 22
360 22
361 22
362 22
363 21
364 22
365 22
366 21
367 22
368 21
369 22
370 22
371 22
372 22
373 22
374 22
375 22
376 22
377 22
378 22
379 22
380 22
381 21
382 22
383 22
384 22
385 22
386 22
387 22
388 22
389 22
390 22
391 22
392 22
393 22
394 22
395 22
396 22
397 22
398 22
399 22
400 22
401 21
402 22
403 21
404 22
405 22
406 22
407 22
408 22
409 25
410 22
411 22
412 21
413 21
414 22
415 22
416 22
417 21
418 22
419 23
420 22
421 21
422 22
423 22
424 22
425 22
426 22
427 22
428 22
429 21
430 22
431 22
432 22
433 21
434 22
435 22
436 22
437 22
438 22
439 22
440 22
441 22
442 22
443 22
444 22
445 21
446 22
447 21
448 22
449 22
450 22
451 22
452 22
453 21
454 22
455 22
456 22
457 22
458 22
459 22
460 22
461 22
462 21
463 22
464 22
465 22
466 22
467 22
468 22
469 21
470 22
471 22
472 22
473 21
474 21
475 21
476 22
477 21
478 22
479 22
480 22
481 22
482 22
483 22
484 22
485 22
486 22
487 22
488 22
489 21
490 22
491 22
492 22
493 22
494 22
495 22
496 21
497 22
498 22
499 22
500 22
501 21
502 21
503 22
504 22
505 22
506 22
507 22
508 22
509 22
510 36
511 23
512 22
513 21
514 21
515 22
516 22
517 21
518 21
519 22
520 22
521 21
522 22
523 22
524 22
525 22
526 22
527 22
528 22
529 22
530 22
531 21
532 22
533 22
534 22
535 22
536 22
537 21
538 22
539 22
540 22
541 22
542 23
543 22
544 22
545 21
546 22
547 21
548 23
549 22
550 22
551 22
552 21
553 22
554 22
555 22
556 22
557 22
558 21
559 22
560 22
561 21
562 22
563 22
564 22
565 21
566 22
567 22
568 22
569 21
570 22
571 22
572 22
573 36
574 23
575 22
576 22
577 21
578 22
579 21
580 22
581 21
582 22
583 22
584 21
585 21
586 22
587 23
588 22
589 22
590 22
591 22
592 22
593 21
594 21
595 23
596 23
597 22
598 22
599 22
600 22
601 21
602 22
603 21
604 23
605 21
606 22
607 21
608 21
609 21
610 21
611 21
612 21
613 21
614 22
615 22
616 22
617 21
618 22
619 22
620 21
621 21
622 22
623 21
624 21
625 21
626 21
627 22
628 22
629 21
630 21
631 22
632 22
633 21
634 22
635 21
636 22
637 21
638 22
639 21
640 22
641 22
642 21
643 21
644 22
645 21
646 21
647 21
648 23
649 21
650 21
651 21
652 22
653 21
654 22
655 21
656 22
657 21
658 21
659 36
660 23
661 21
662 22
663 22
664 22
665 21
666 21
667 21
668 22
669 21
670 21
671 22
672 22
673 22
674 22
675 24
676 22
677 21
678 22
679 22
680 22
681 22
682 21
683 21
684 22
685 21
686 21
687 22
688 22
689 21
690 22
691 22
692 22
693 21
694 22
695 22
696 22
697 22
698 22
699 21
700 22
701 21
702 21
703 22
704 22
705 21
706 21
707 22
708 21
709 21
710 21
711 22
712 22
713 21
714 22
715 21
716 22
717 21
718 22
719 21
720 22
721 36
722 23
723 23
724 22
725 21
726 22
727 22
728 22
729 21
730 22
731 22
732 21
733 21
734 21
735 21
736 22
737 21
738 35
739 23
740 22
741 21
742 21
743 21
744 22
745 21
746 21
747 22
748 22
749 21
750 21
751 22
752 21
753 21
754 22
755 22
756 22
757 21
758 22
759 22
760 22
761 21
762 21
763 22
764 21
765 22
766 22
767 21
768 21
769 22
770 21
771 21
772 21
773 21
774 22
775 23
776 22
777 21
778 21
779 21
780 22
781 21
782 22
783 21
784 22
785 21
786 22
787 22
788 22
789 21
790 21
791 21
792 21
793 21
794 22
795 21
796 22
797 21
798 21
799 21
800 22
801 21
802 22
803 22
804 21
805 21
806 21
807 22
808 21
809 21
810 21
811 22
812 21
813 21
814 22
815 22
816 21
817 21
818 22
819 22
820 22
821 21
822 22
823 21
824 21
825 22
826 22
827 21
828 22
829 22
830 21
831 21
832 21
833 21
834 22
835 21
836 22
837 21
838 22
839 22
840 22
841 21
842 22
843 21
844 21
845 22
846 22
847 22
848 22
849 21
850 21
851 22
852 21
853 21
854 21
855 22
856 22
857 21
858 21
859 22
860 22
861 21
862 22
863 22
864 22
865 22
866 22
867 22
868 21
869 21
870 21
871 21
872 21
873 21
874 22
875 23
876 22
877 21
878 22
879 22
880 22
881 21
882 21
883 22
884 22
885 22
886 21
887 21
888 22
889 21
890 22
891 22
892 22
893 21
894 21
895 22
896 22
897 21
898 21
899 21
900 21
901 21
902 22
903 22
904 21
905 21
906 22
907 22
908 22
909 21
910 22
911 22
912 13
913 12
914 12
915 12
916 12
917 11
918 12
919 12
920 12
921 11
922 12
923 12
924 12
925 11
926 11
927 11
928 12
929 11
930 11
931 11
932 12
933 12
934 11
935 11
936 12
937 12
938 12
939 11
940 12
941 12
942 11
943 11
944 12
945 11
946 11
947 11
948 11
949 11
950 19
951 12
952 12
953 11
954 12
955 12
956 12
957 12
958 12
959 12
960 11
961 12
962 12
963 11
964 12
965 11
966 11
967 11
968 12
969 12
970 11
971 12
972 12
973 12
974 12
975 12
976 12
977 12
978 12
979 12
980 12
981 11
982 12
983 12
984 12
985 11
986 12
987 12
988 12
989 12
990 12
991 12
992 12
993 12
994 12
995 12
996 12
997 12
998 12
999 12
1000 11
1001 12
1002 12
1003 12
1004 11
1005 11
1006 12
1007 12
1008 12
1009 12
1010 12
1011 11
1012 12
1013 11
1014 12
1015 12
1016 12
1017 12
1018 11
1019 12
1020 12
1021 16
1022 11
1023 10
1024 10
1025 10
1026 9
1027 10
1028 11
1029 10
1030 13
1031 14
1032 14
1033 12
1034 12
1035 13
1036 13
1037 12
1038 11
1039 12
1040 11
1041 13
1042 12
1043 13
1044 13
1045 13
1046 12
1047 13
1048 12
1049 11
1050 12
1051 13
1052 13
1053 13
1054 12
1055 13
1056 13
1057 13
1058 12
1059 13
1060 13
1061 12
1062 12
1063 13
1064 13
1065 12
1066 12
1067 13
1068 12
1069 13
1070 12
1071 13
1072 13
1073 13
1074 12
1075 13
1076 13
1077 13
1078 12
1079 13
1080 13
1081 13
1082 12
1083 13
1084 13
1085 12
1086 12
1087 13
1088 13
1089 13
1090 12
1091 13
1092 13
1093 12
1094 12
1095 13
1096 13
1097 13
1098 12
1099 13
1100 13
1101 13
1102 12
1103 13
1104 13
1105 13
1106 12
1107 13
1108 12
1109 13
1110 12
1111 13
1112 13
1113 13
1114 12
1115 13
1116 12
1117 11
1118 13
1119 12
1120 12
1121 13
1122 13
1123 14
1124 12
1125 11
1126 12
1127 12
1128 13
1129 13
1130 12
1131 13
1132 13
1133 13
1134 12
1135 13
1136 12
1137 12
1138 12
1139 13
1140 12
1141 12
1142 12
1143 13
1144 13
1145 12
1146 12
1147 13
1148 13
1149 13
1150 12
1151 13
1152 13
1153 12
1154 12
1155 12
1156 13
1157 13
1158 12
1159 12
1160 13
1161 13
1162 12
1163 12
1164 12
1165 12
1166 12
1167 12
1168 13
1169 13
1170 12
1171 13
1172 12
1173 13
1174 12
1175 12
1176 13
1177 13
1178 12
1179 13
1180 12
1181 13
1182 12
1183 12
1184 12
1185 12
1186 13
1187 12
1188 13
1189 13
1190 12
1191 12
1192 13
1193 12
1194 12
1195 13
1196 13
1197 13
1198 12
1199 12
1200 13
1201 13
1202 12
1203 13
1204 14
1205 13
1206 13
1207 13
1208 13
1209 12
1210 12
1211 13
1212 13
1213 13
1214 12
1215 12
1216 13
1217 12
1218 12
1219 12
1220 13
1221 13
1222 12
1223 13
1224 13
1225 13
1226 12
1227 13
1228 13
1229 12
1230 13
1231 13
1232 13
1233 13
1234 12
1235 13
1236 13
1237 13
1238 11
1239 16
1240 13
1241 13
1242 12
1243 13
1244 13
1245 13
1246 12
1247 13
1248 13
1249 13
1250 12
1251 13
1252 12
1253 11
1254 12
1255 13
1256 12
1257 13
1258 12
1259 12
1260 13
1261 13
1262 12
1263 13
1264 13
1265 13
1266 13
1267 13
1268 13
1269 13
1270 12
1271 13
1272 13
1273 13
1274 12
1275 13
1276 13
1277 12
1278 12
1279 13
1280 13
1281 13
1282 12
1283 13
1284 13
1285 13
1286 12
1287 13
1288 13
1289 13
1290 12
1291 13
1292 13
1293 13
1294 12
1295 13
1296 13
1297 13
1298 12
1299 13
1300 13
1301 13
1302 12
1303 13
1304 13
1305 13
1306 12
1307 13
1308 13
1309 13
1310 12
1311 13
1312 13
1313 13
1314 12
1315 13
1316 13
1317 13
1318 12
1319 13
1320 12
1321 11
1322 12
1323 12
1324 13
1325 13
1326 12
1327 13
1328 13
1329 13
1330 12
1331 13
1332 13
1333 13
1334 12
1335 13
1336 13
1337 13
1338 12
1339 13
1340 13
1341 13
1342 12
1343 13
1344 14
1345 13
1346 13
1347 13
1348 13
1349 13
1350 12
1351 13
1352 13
1353 13
1354 12
1355 13
1356 13
1357 13
1358 12
1359 13
1360 13
1361 13
1362 12
1363 13
1364 13
1365 13
1366 12
1367 13
1368 13
1369 13
1370 12
1371 13
1372 13
1373 13
1374 12
1375 13
1376 12
1377 11
1378 13
1379 13
1380 13
1381 13
1382 12
1383 13
1384 13
1385 13
1386 12
1387 13
1388 12
1389 11
1390 12
1391 13
1392 13
1393 13
1394 12
1395 13
1396 13
1397 12
1398 12
1399 13
1400 15
1401 13
1402 11
1403 12
1404 13
1405 12
1406 13
1407 13
1408 13
1409 13
1410 12
1411 13
1412 13
1413 13
1414 12
1415 13
1416 13
1417 13
1418 12
1419 13
1420 13
1421 13
1422 12
1423 12
1424 13
1425 13
1426 12
1427 13
1428 14
1429 13
1430 12
1431 13
1432 13
1433 13
1434 12
1435 13
1436 13
1437 13
1438 12
1439 13
1440 13
1441 13
1442 12
1443 13
1444 13
1445 13
1446 12
1447 13
1448 13
1449 13
1450 12
1451 13
1452 13
1453 13
1454 12
1455 13
1456 13
1457 11
1458 12
1459 13
1460 13
1461 13
1462 12
1463 13
1464 13
1465 13
1466 13
1467 13
1468 13
1469 13
1470 12
1471 13
1472 13
1473 13
1474 12
1475 13
1476 13
1477 13
1478 12
1479 13
1480 13
1481 13
1482 12
1483 13
1484 13
1485 13
1486 12
1487 13
1488 13
1489 13
1490 12
1491 12
1492 13
1493 13
1494 12
1495 13
1496 13
1497 12
1498 12
1499 13
1500 13
1501 13
1502 12
1503 13
1504 13
1505 13
1506 12
1507 13
1508 13
1509 13
1510 13
1511 13
1512 13
1513 13
1514 13
1515 13
1516 13
1517 13
1518 12
1519 13
1520 13
1521 13
1522 12
1523 13
1524 12
1525 11
1526 12
1527 12
1528 13
1529 13
1530 12
1531 12
1532 13
1533 13
1534 12
1535 13
1536 13
1537 13
1538 12
1539 13
1540 12
1541 13
1542 12
1543 13
1544 13
1545 13
1546 12
1547 13
1548 13
1549 13
1550 12
1551 13
1552 13
1553 13
1554 12
1555 13
1556 13
1557 13
1558 12
1559 13
1560 13
1561 13
1562 12
1563 13
1564 13
1565 13
1566 12
1567 13
1568 13
1569 12
1570 12
1571 13
1572 13
1573 13
1574 12
1575 13
1576 13
1577 13
1578 12
1579 12
1580 14
1581 13
1582 12
1583 12
1584 12
1585 13
1586 12
1587 12
1588 12
1589 12
1590 12
1591 12
1592 12
1593 11
1594 12
1595 12
1596 13
1597 12
1598 12
1599 12
1600 12
1601 12
1602 12
1603 13
1604 12
1605 13
1606 12
1607 13
1608 12
1609 12
1610 12
1611 13
1612 13
1613 12
1614 12
1615 12
1616 13
1617 13
1618 12
1619 13
1620 12
1621 12
1622 12
1623 13
1624 12
1625 13
1626 12
1627 12
1628 13
1629 12
1630 12
1631 12
1632 12
1633 13
1634 13
1635 13
1636 13
1637 13
1638 12
1639 12
1640 13
1641 12
1642 12
1643 13
1644 12
1645 13
1646 12
1647 12
1648 13
1649 12
1650 12
1651 13
1652 12
1653 12
1654 12
1655 12
1656 13
1657 13
1658 12
1659 12
1660 12
1661 11
1662 12
1663 13
1664 13
1665 12
1666 12
1667 12
1668 13
1669 13
1670 13
1671 13
1672 12
1673 12
1674 12
1675 12
1676 12
1677 13
1678 12
1679 12
1680 14
1681 12
1682 12
1683 12
1684 12
1685 12
1686 12
1687 12
1688 13
1689 13
1690 12
1691 13
1692 13
1693 12
1694 12
1695 12
1696 12
1697 12
1698 12
1699 12
1700 13
1701 12
1702 11
1703 13
1704 13
1705 13
1706 12
1707 12
1708 13
1709 13
1710 12
1711 13
1712 12
1713 12
1714 12
1715 12
1716 12
1717 12
1718 12
1719 12
1720 12
1721 13
1722 12
1723 13
1724 12
1725 12
1726 12
1727 12
1728 12
1729 11
1730 12
1731 13
1732 13
1733 13
1734 12
1735 12
1736 13
1737 11
1738 12
1739 12
1740 13
1741 12
1742 12
1743 12
1744 12
1745 12
1746 12
1747 13
1748 12
1749 13
1750 12
1751 13
1752 12
1753 12
1754 12
1755 13
1756 13
1757 12
1758 12
1759 13
1760 12
1761 12
1762 12
1763 12
1764 13
1765 13
1766 12
1767 12
1768 13
1769 13
1770 12
1771 12
1772 13
1773 12
1774 12
1775 12
1776 12
1777 12
1778 12
1779 13
1780 12
1781 13
1782 12
1783 12
1784 12
1785 12
1786 12
1787 12
1788 12
1789 12
1790 12
1791 12
1792 12
1793 12
1794 12
1795 12
1796 12
1797 11
1798 12
1799 13
1800 13
1801 12
1802 12
1803 12
1804 13
1805 12
1806 11
1807 12
1808 13
1809 12
1810 12
1811 12
1812 12
1813 12
1814 12
1815 12
1816 13
1817 13
1818 12
1819 12
1820 12
1821 12
1822 12
1823 13
1824 12
1825 12
1826 12
1827 12
1828 13
1829 12
1830 12
1831 13
1832 13
1833 12
1834 12
1835 12
1836 13
1837 13
1838 12
1839 12
1840 12
1841 11
1842 12
1843 12
1844 12
1845 12
1846 12
1847 12
1848 13
1849 13
1850 12
1851 13
1852 12
1853 12
1854 12
1855 12
1856 12
1857 12
1858 12
1859 13
1860 12
1861 12
1862 12
1863 12
1864 12
1865 11
1866 12
1867 12
1868 13
1869 13
1870 12
1871 13
1872 13
1873 12
1874 12
1875 13
1876 13
1877 12
1878 12
1879 12
1880 13
1881 12
1882 12
1883 12
1884 12
1885 12
1886 12
1887 13
1888 13
1889 13
1890 12
1891 12
1892 12
1893 12
1894 12
1895 12
1896 12
1897 12
1898 12
1899 13
1900 12
1901 12
1902 12
1903 12
1904 13
1905 12
1906 12
1907 12
1908 13
1909 13
1910 12
1911 13
1912 14
1913 13
1914 12
1915 13
1916 13
1917 13
1918 12
1919 13
1920 12
1921 11
1922 12
1923 13
1924 13
1925 13
1926 11
1927 12
1928 11
1929 12
1930 12
1931 13
1932 12
1933 11
1934 13
1935 13
1936 13
1937 12
1938 12
1939 12
1940 13
1941 13
1942 12
1943 12
1944 13
1945 12
1946 12
1947 13
1948 12
1949 13
1950 12
1951 13
1952 13
1953 12
1954 12
1955 13
1956 13
1957 12
1958 12
1959 12
1960 14
1961 13
1962 12
1963 12
1964 13
1965 12
1966 12
1967 12
1968 13
1969 13
1970 12
1971 13
1972 13
1973 12
1974 12
1975 13
1976 13
1977 12
1978 12
1979 13
1980 12
1981 12
1982 12
1983 13
1984 13
1985 13
1986 12
1987 12
1988 13
1989 13
1990 12
1991 12
1992 13
1993 13
1994 12
1995 13
1996 13
1997 12
1998 12
1999 12
2000 12
2001 11
2002 12
2003 13
2004 13
2005 13
2006 12
2007 13
2008 12
2009 12
2010 12
2011 13
2012 13
2013 12
2014 12
2015 13
2016 13
2017 12
2018 12
2019 13
2020 12
2021 12
2022 12
2023 12
2024 12
2025 12
2026 12
2027 12
2028 12
2029 12
2030 12
2031 12
2032 13
2033 12
2034 12
2035 12
2036 12
2037 12
2038 12
2039 13
2040 12
2041 12
2042 12
2043 13
2044 13
2045 12
2046 12
2047 12
2048 13
2049 12
2050 12
2051 12
2052 12
2053 12
2054 12
2055 12
2056 12
2057 12
2058 12
2059 12
2060 13
2061 12
2062 12
2063 13
2064 12
2065 13
2066 12
2067 13
2068 12
2069 11
2070 12
2071 12
2072 13
2073 12
2074 12
2075 12
2076 12
2077 13
2078 12
2079 12
2080 12
2081 12
2082 12
2083 13
2084 13
2085 12
2086 12
2087 13
2088 12
2089 13
2090 12
2091 12
2092 12
2093 12
2094 12
2095 12
2096 13
2097 13
2098 12
2099 12
2100 13
2101 12
2102 12
2103 13
2104 13
2105 12
2106 12
2107 12
2108 12
2109 13
2110 12
2111 12
2112 12
2113 12
2114 12
2115 12
2116 13
2117 12
2118 12
2119 12
2120 12
2121 12
2122 12
2123 13
2124 13
2125 13
2126 12
2127 12
2128 13
2129 13
2130 12
2131 12
2132 12
2133 12
2134 12
2135 12
2136 12
2137 11
2138 12
2139 12
2140 13
2141 13
2142 12
2143 12
2144 12
2145 12
2146 12
2147 12
2148 12
2149 13
2150 12
2151 12
2152 12
2153 13
2154 12
2155 12
2156 12
2157 12
2158 12
2159 12
2160 13
2161 12
2162 12
2163 12
2164 12
2165 12
2166 12
2167 12
2168 13
2169 12
2170 12
2171 12
2172 12
2173 12
2174 12
2175 12
2176 13
2177 12
2178 12
2179 13
2180 13
2181 12
2182 12
2183 12
2184 13
2185 13
2186 12
2187 13
2188 12
2189 12
2190 12
2191 12
2192 13
2193 12
2194 12
2195 13
2196 13
2197 12
2198 12
2199 12
2200 12
2201 12
2202 12
2203 12
2204 12
2205 11
2206 12
2207 12
2208 13
2209 12
2210 12
2211 12
2212 13
2213 13
2214 12
2215 12
2216 12
2217 13
2218 12
2219 12
2220 12
2221 12
2222 12
2223 12
2224 12
2225 13
2226 12
2227 12
2228 12
2229 12
2230 12
2231 12
2232 12
2233 13
2234 12
2235 13
2236 13
2237 12
2238 12
2239 12
2240 12
2241 12
2242 12
2243 12
2244 13
2245 12
2246 12
2247 12
2248 12
2249 13
2250 12
2251 12
2252 14
2253 12
2254 12
2255 12
2256 12
2257 13
2258 12
2259 13
2260 13
2261 13
2262 12
2263 13
2264 12
2265 12
2266 12
2267 13
2268 14
2269 13
2270 12
2271 12
2272 12
2273 11
2274 12
2275 12
2276 13
2277 13
2278 12
2279 12
2280 12
2281 12
2282 12
2283 12
2284 12
2285 12
2286 12
2287 13
2288 12
2289 13
2290 12
2291 12
2292 13
2293 13
2294 12
2295 12
2296 14
2297 13
2298 12
2299 12
2300 12
2301 12
2302 12
2303 12
2304 12
2305 12
2306 12
2307 12
2308 12
2309 12
2310 12
2311 12
2312 13
2313 12
2314 12
2315 12
2316 12
2317 12
2318 12
2319 12
2320 13
2321 21
2322 12
2323 13
2324 12
2325 12
2326 12
2327 12
2328 12
2329 13
2330 12
2331 12
2332 12
2333 12
2334 12
2335 12
2336 12
2337 12
2338 12
2339 13
2340 12
2341 11
2342 12
2343 12
2344 13
2345 13
2346 12
2347 13
2348 12
2349 12
2350 12
2351 12
2352 12
2353 13
2354 12
2355 12
2356 12
2357 12
2358 12
2359 12
2360 12
2361 12
2362 12
2363 13
2364 12
2365 13
2366 12
2367 13
2368 13
2369 12
2370 12
2371 12
2372 12
2373 13
2374 12
2375 13
2376 12
2377 12
2378 12
2379 12
2380 12
2381 12
2382 12
2383 12
2384 12
2385 12
2386 12
2387 12
2388 13
2389 12
2390 12
2391 12
2392 13
2393 13
2394 12
2395 12
2396 12
2397 12
2398 12
2399 13
2400 12
2401 12
2402 12
2403 12
2404 13
2405 12
2406 12
2407 12
2408 11
2409 11
2410 12
2411 12
2412 13
2413 12
2414 12
2415 12
2416 13
2417 12
2418 12
2419 12
2420 12
2421 12
2422 12
2423 12
2424 13
2425 12
2426 12
2427 12
2428 12
2429 13
2430 12
2431 13
2432 12
2433 13
2434 12
2435 12
2436 13
2437 13
2438 12
2439 12
2440 13
2441 13
2442 12
2443 13
2444 12
2445 13
2446 12
2447 12
2448 12
2449 12
2450 12
2451 12
2452 12
2453 12
2454 12
2455 12
2456 12
2457 12
2458 12
2459 12
2460 12
2461 13
2462 12
2463 12
2464 12
2465 13
2466 12
2467 12
2468 12
2469 12
2470 12
2471 12
2472 12
2473 13
2474 12
2475 12
2476 12
2477 11
2478 12
2479 12
2480 12
2481 12
2482 12
2483 12
2484 12
2485 12
2486 12
2487 12
2488 12
2489 12
2490 12
2491 12
2492 13
2493 12
2494 12
2495 12
2496 13
2497 12
2498 12
2499 13
2500 12
2501 12
2502 12
2503 12
2504 12
2505 12
2506 12
2507 12
2508 12
2509 13
2510 12
2511 13
2512 13
2513 12
2514 12
2515 12
2516 13
2517 12
2518 12
2519 12
2520 12
2521 12
2522 12
2523 12
2524 12
2525 12
2526 12
2527 12
2528 13
2529 13
2530 12
2531 12
2532 12
2533 12
2534 12
2535 12
2536 12
2537 12
2538 12
2539 12
2540 12
2541 12
2542 12
2543 12
2544 12
2545 11
2546 12
2547 12
2548 14
2549 12
2550 12
2551 13
2552 13
2553 12
2554 12
2555 12
2556 12
2557 13
2558 12
2559 12
2560 13
2561 12
2562 12
2563 12
2564 12
2565 13
2566 12
2567 12
2568 12
2569 12
2570 12
2571 12
2572 13
2573 13
2574 12
2575 12
2576 12
2577 13
2578 12
2579 12
2580 12
2581 12
2582 12
2583 12
2584 12
2585 13
2586 12
2587 12
2588 12
2589 13
2590 12
2591 12
2592 11
2593 11
2594 13
2595 13
2596 12
2597 13
2598 12
2599 12
2600 13
2601 13
2602 12
2603 13
2604 14
2605 12
2606 12
2607 13
2608 12
2609 12
2610 12
2611 13
2612 12
2613 11
2614 12
2615 13
2616 12
2617 12
2618 12
2619 12
2620 13
2621 12
2622 12
2623 12
2624 13
2625 12
2626 12
2627 13
2628 13
2629 13
2630 12
2631 13
2632 12
2633 12
2634 12
2635 12
2636 12
2637 13
2638 12
2639 12
2640 13
2641 12
2642 12
2643 12
2644 12
2645 12
2646 12
2647 12
2648 12
2649 12
2650 12
2651 13
2652 12
2653 13
2654 12
2655 13
2656 12
2657 11
2658 12
2659 12
2660 12
2661 12
2662 12
2663 13
2664 12
2665 13
2666 12
2667 12
2668 12
2669 13
2670 12
2671 12
2672 13
2673 12
2674 12
2675 12
2676 12
2677 12
2678 12
2679 13
2680 12
2681 11
2682 12
2683 12
2684 13
2685 12
2686 12
2687 12
2688 13
2689 12
2690 12
2691 12
2692 13
2693 12
2694 12
2695 12
2696 12
2697 12
2698 12
2699 12
2700 12
2701 12
2702 12
2703 12
2704 13
2705 13
2706 12
2707 13
2708 13
2709 12
2710 12
2711 12
2712 12
2713 13
2714 12
2715 13
2716 13
2717 12
2718 12
2719 12
2720 12
2721 13
2722 12
2723 13
2724 12
2725 12
2726 12
2727 12
2728 12
2729 13
2730 12
2731 13
2732 13
2733 12
2734 12
2735 12
2736 12
2737 12
2738 12
2739 12
2740 12
2741 13
2742 12
2743 12
2744 12
2745 13
2746 12
2747 12
2748 12
2749 11
2750 12
2751 13
2752 12
2753 13
2754 12
2755 13
2756 12
2757 13
2758 12
2759 12
2760 12
2761 12
2762 12
2763 12
2764 13
2765 12
2766 12
2767 12
2768 12
2769 12
2770 12
2771 13
2772 12
2773 12
2774 12
2775 12
2776 12
2777 12
2778 12
2779 12
2780 12
2781 12
2782 12
2783 12
2784 12
2785 12
2786 12
2787 12
2788 13
2789 12
2790 12
2791 12
2792 12
2793 12
2794 12
2795 12
2796 12
2797 12
2798 12
2799 12
2800 12
2801 12
2802 12
2803 13
2804 13
2805 12
2806 12
2807 12
2808 12
2809 13
2810 12
2811 13
2812 13
2813 12
2814 12
2815 12
2816 12
2817 11
2818 12
2819 12
2820 12
2821 12
2822 11
2823 11
2824 12
2825 11
2826 12
2827 13
2828 13
2829 13
2830 12
2831 12
2832 13
2833 13
2834 12
2835 13
2836 13
2837 12
2838 12
2839 12
2840 13
2841 12
2842 12
2843 12
2844 13
2845 12
2846 13
2847 13
2848 12
2849 12
2850 12
2851 12
2852 12
2853 13
2854 12
2855 12
2856 13
2857 13
2858 12
2859 13
2860 12
2861 13
2862 12
2863 12
2864 12
2865 13
2866 12
2867 12
2868 12
2869 13
2870 12
2871 12
2872 12
2873 13
2874 12
2875 12
2876 12
2877 13
2878 12
2879 13
2880 13
2881 13
2882 12
2883 13
2884 12
2885 11
2886 12
2887 12
2888 12
2889 13
2890 12
2891 12
2892 12
2893 12
2894 12
2895 12
2896 13
2897 13
2898 12
2899 12
2900 12
2901 12
2902 12
2903 12
2904 13
2905 12
2906 12
2907 13
2908 12
2909 12
2910 12
2911 12
2912 12
2913 11
2914 12
2915 12
2916 12
2917 12
2918 12
2919 13
2920 12
2921 12
2922 12
2923 12
2924 13
2925 13
2926 13
2927 13
2928 13
2929 12
2930 12
2931 12
2932 12
2933 13
2934 12
2935 12
2936 12
2937 13
2938 12
2939 13
2940 13
2941 13
2942 12
2943 13
2944 13
2945 13
2946 12
2947 13
2948 13
2949 12
2950 12
2951 13
2952 12
2953 11
2954 12
2955 12
2956 13
2957 12
2958 12
2959 12
2960 13
2961 13
2962 12
2963 12
2964 13
2965 13
2966 12
2967 12
2968 12
2969 12
2970 12
2971 12
2972 12
2973 12
2974 12
2975 12
2976 12
2977 13
2978 12
2979 13
2980 12
2981 12
2982 12
2983 12
2984 13
2985 12
2986 12
2987 12
2988 13
2989 12
2990 12
2991 13
2992 13
2993 12
2994 12
2995 12
2996 13
2997 12
2998 12
2999 13
3000 12
3001 13
3002 12
3003 12
3004 12
3005 13
3006 12
3007 13
3008 12
3009 12
3010 12
3011 13
3012 13
3013 13
3014 12
3015 13
3016 12
3017 13
3018 12
3019 12
3020 12
3021 11
3022 12
3023 13
3024 13
3025 12
3026 12
3027 12
3028 12
3029 12
3030 12
3031 12
3032 12
3033 13
3034 12
3035 13
3036 12
3037 12
3038 12
3039 12
3040 13
3041 12
3042 12
3043 12
3044 12
3045 12
3046 12
3047 13
3048 12
3049 12
3050 12
3051 12
3052 12
3053 13
3054 12
3055 13
3056 12
3057 12
3058 12
3059 12
3060 12
3061 12
3062 12
3063 12
3064 12
3065 13
3066 12
3067 12
3068 12
3069 12
3070 12
3071 12
3072 12
3073 13
3074 12
3075 12
3076 12
3077 13
3078 12
3079 12
3080 13
3081 12
3082 12
3083 12
3084 12
3085 12
3086 12
3087 13
3088 12
3089 11
3090 13
3091 12
3092 12
3093 12
3094 12
3095 12
3096 13
3097 12
3098 12
3099 12
3100 13
3101 12
3102 12
3103 12
3104 12
3105 12
3106 12
3107 13
3108 14
3109 13
3110 12
3111 13
3112 12
3113 13
3114 12
3115 12
3116 13
3117 12
3118 12
3119 12
3120 12
3121 12
3122 12
3123 13
3124 13
3125 12
3126 12
3127 13
3128 13
3129 12
3130 12
3131 13
3132 13
3133 13
3134 12
3135 12
3136 12
3137 12
3138 12
3139 12
3140 13
3141 13
3142 12
3143 13
3144 12
3145 12
3146 12
3147 12
3148 12
3149 12
3150 12
3151 12
3152 12
3153 12
3154 12
3155 12
3156 12
3157 11
3158 12
3159 12
3160 12
3161 12
3162 12
3163 12
3164 12
3165 12
3166 12
3167 12
3168 12
3169 12
3170 12
3171 12
3172 13
3173 13
3174 12
3175 12
3176 12
3177 12
3178 12
3179 12
3180 12
3181 13
3182 12
3183 12
3184 12
3185 13
3186 12
3187 12
3188 12
3189 12
3190 12
3191 12
3192 12
3193 12
3194 12
3195 12
3196 12
3197 12
3198 12
3199 12
3200 12
3201 12
3202 12
3203 13
3204 12
3205 12
3206 12
3207 12
3208 12
3209 12
3210 12
3211 12
3212 13
3213 12
3214 12
3215 13
3216 13
3217 12
3218 12
3219 12
3220 14
3221 12
3222 12
3223 12
3224 12
3225 11
3226 12
3227 13
3228 13
3229 12
3230 12
3231 13
3232 13
3233 12
3234 12
3235 12
3236 12
3237 12
3238 12
3239 13
3240 13
3241 12
3242 12
3243 13
3244 13
3245 12
3246 12
3247 13
3248 13
3249 13
3250 12
3251 13
3252 13
3253 13
3254 12
3255 14
3256 13
3257 13
3258 12
3259 13
3260 13
3261 13
3262 12
3263 13
3264 13
3265 13
3266 12
3267 13
3268 13
3269 13
3270 13
3271 13
3272 13
3273 13
3274 12
3275 13
3276 13
3277 13
3278 12
3279 13
3280 13
3281 13
3282 12
3283 13
3284 13
3285 13
3286 12
3287 13
3288 13
3289 13
3290 12
3291 13
3292 12
3293 11
3294 13
3295 13
3296 13
3297 13
3298 12
3299 12
3300 13
3301 13
3302 12
3303 13
3304 13
3305 12
3306 12
3307 13
3308 13
3309 12
3310 12
3311 13
3312 13
3313 13
3314 12
3315 12
3316 13
3317 12
3318 12
3319 13
3320 12
3321 12
3322 12
3323 13
3324 13
3325 13
3326 12
3327 12
3328 12
3329 12
3330 12
3331 13
3332 14
3333 13
3334 12
3335 12
3336 13
3337 14
3338 13
3339 13
3340 13
3341 13
3342 13
3343 13
3344 13
3345 13
3346 12
3347 13
3348 13
3349 13
3350 12
3351 13
3352 13
3353 13
3354 12
3355 12
3356 13
3357 13
3358 12
3359 13
3360 13
3361 12
3362 13
3363 12
3364 13
3365 13
3366 12
3367 13
3368 13
3369 12
3370 12
3371 13
3372 13
3373 13
3374 12
3375 13
3376 13
3377 13
3378 12
3379 12
3380 12
3381 13
3382 12
3383 13
3384 13
3385 13
3386 12
3387 13
3388 13
3389 13
3390 12
3391 13
3392 13
3393 13
3394 12
3395 13
3396 13
3397 13
3398 12
3399 13
3400 13
3401 12
3402 12
3403 13
3404 13
3405 12
3406 12
3407 13
3408 13
3409 12
3410 12
3411 13
3412 13
3413 13
3414 12
3415 13
3416 14
3417 13
3418 13
3419 13
3420 13
3421 13
3422 12
3423 13
3424 13
3425 13
3426 12
3427 13
3428 12
3429 11
3430 13
3431 13
3432 13
3433 13
3434 12
3435 13
3436 13
3437 13
3438 12
3439 13
3440 13
3441 13
3442 12
3443 12
3444 13
3445 13
3446 13
3447 13
3448 13
3449 13
3450 12
3451 13
3452 13
3453 13
3454 13
3455 13
3456 13
3457 12
3458 12
3459 13
3460 13
3461 13
3462 12
3463 13
3464 13
3465 13
3466 12
3467 13
3468 13
3469 13
3470 12
3471 13
3472 13
3473 13
3474 12
3475 13
3476 13
3477 13
3478 13
3479 12
3480 12
3481 13
3482 12
3483 13
3484 13
3485 13
3486 12
3487 13
3488 13
3489 13
3490 12
3491 13
3492 13
3493 13
3494 12
3495 13
3496 12
3497 11
3498 12
3499 12
3500 14
3501 13
3502 12
3503 13
3504 13
3505 13
3506 12
3507 13
3508 12
3509 13
3510 12
3511 13
3512 13
3513 13
3514 12
3515 13
3516 13
3517 13
3518 12
3519 13
3520 13
3521 13
3522 12
3523 12
3524 13
3525 13
3526 12
3527 12
3528 14
3529 13
3530 12
3531 13
3532 13
3533 13
3534 12
3535 13
3536 13
3537 13
3538 12
3539 13
3540 13
3541 13
3542 12
3543 13
3544 13
3545 13
3546 12
3547 13
3548 13
3549 13
3550 12
3551 13
3552 13
3553 13
3554 12
3555 13
3556 14
3557 13
3558 12
3559 13
3560 13
3561 13
3562 12
3563 13
3564 12
3565 11
3566 13
3567 13
3568 13
3569 13
3570 12
3571 13
3572 13
3573 13
3574 12
3575 13
3576 13
3577 13
3578 12
3579 12
3580 13
3581 13
3582 12
3583 12
3584 12
3585 11
3586 12
3587 13
3588 13
3589 13
3590 12
3591 13
3592 13
3593 13
3594 13
3595 12
3596 14
3597 13
3598 12
3599 13
3600 13
3601 13
3602 12
3603 13
3604 13
3605 13
3606 12
3607 13
3608 13
3609 13
3610 12
3611 13
3612 14
3613 13
3614 13
3615 13
3616 13
3617 13
3618 12
3619 13
3620 12
3621 13
3622 12
3623 13
3624 12
3625 13
3626 12
3627 13
3628 13
3629 13
3630 12
3631 13
3632 12
3633 11
3634 12
3635 13
3636 13
3637 13
3638 12
3639 13
3640 14
3641 13
3642 13
3643 13
3644 13
3645 13
3646 12
3647 13
3648 13
3649 13
3650 12
3651 13
3652 13
3653 13
3654 12
3655 14
3656 13
3657 13
3658 12
3659 13
3660 13
3661 13
3662 13
3663 13
3664 13
3665 13
3666 12
3667 13
3668 13
3669 13
3670 12
3671 13
3672 13
3673 13
3674 12
3675 13
3676 13
3677 13
3678 12
3679 13
3680 13
3681 13
3682 12
3683 13
3684 13
3685 13
3686 12
3687 13
3688 13
3689 13
3690 12
3691 13
3692 13
3693 13
3694 12
3695 12
3696 13
3697 12
3698 12
3699 13
3700 12
3701 11
3702 13
3703 13
3704 13
3705 13
3706 12
3707 13
3708 13
3709 13
3710 12
3711 13
3712 13
3713 13
3714 12
3715 13
3716 13
3717 13
3718 12
3719 12
3720 13
3721 12
3722 12
3723 13
3724 13
3725 13
3726 12
3727 12
3728 13
3729 13
3730 12
3731 13
3732 13
3733 13
3734 12
3735 13
3736 13
3737 13
3738 12
3739 13
3740 13
3741 12
3742 12
3743 13
3744 13
3745 13
3746 12
3747 13
3748 13
3749 13
3750 12
3751 13
3752 14
3753 13
3754 12
3755 13
3756 13
3757 13
3758 13
3759 13
3760 12
3761 13
3762 12
3763 13
3764 13
3765 13
3766 12
3767 12
3768 12
3769 11
3770 13
3771 13
3772 13
3773 13
3774 12
3775 13
3776 13
3777 13
3778 12
3779 13
3780 13
3781 13
3782 12
3783 13
3784 13
3785 13
3786 12
3787 13
3788 13
3789 13
3790 12
3791 13
3792 13
3793 13
3794 12
3795 13
3796 13
3797 13
3798 12
3799 13
3800 13
3801 13
3802 12
3803 12
3804 13
3805 13
3806 12
3807 13
3808 14
3809 13
3810 13
3811 13
3812 13
3813 13
3814 12
3815 13
3816 13
3817 13
3818 12
3819 12
3820 13
3821 12
3822 12
3823 13
3824 13
3825 13
3826 12
3827 13
3828 13
3829 13
3830 12
3831 12
3832 13
3833 13
3834 12
3835 13
3836 13
3837 11
3838 12
3839 12
3840 13
3841 13
3842 12
3843 13
3844 13
3845 13
3846 12
3847 13
3848 13
3849 13
3850 13
3851 13
3852 13
3853 13
3854 13
3855 13
3856 13
3857 13
3858 12
3859 13
3860 13
3861 13
3862 12
3863 13
3864 13
3865 13
3866 12
3867 13
3868 13
3869 13
3870 12
3871 13
3872 13
3873 13
3874 12
3875 13
3876 12
3877 13
3878 12
3879 13
3880 13
3881 13
3882 12
3883 12
3884 13
3885 13
3886 13
3887 13
3888 13
3889 13
3890 12
3891 13
3892 13
3893 13
3894 12
3895 13
3896 13
3897 13
3898 12
3899 13
3900 13
3901 13
3902 12
3903 13
3904 12
3905 11
3906 12
3907 13
3908 13
3909 13
3910 12
3911 13
3912 13
3913 12
3914 12
3915 12
3916 13
3917 13
3918 12
3919 13
3920 13
3921 12
3922 12
3923 12
3924 13
3925 12
3926 11
3927 13
3928 12
3929 13
3930 12
3931 12
3932 12
3933 13
3934 12
3935 12
3936 12
3937 12
3938 12
3939 12
3940 12
3941 12
3942 12
3943 12
3944 13
3945 13
3946 12
3947 13
3948 13
3949 12
3950 12
3951 12
3952 13
3953 13
3954 12
3955 12
3956 13
3957 13
3958 12
3959 12
3960 13
3961 12
3962 12
3963 12
3964 12
3965 12
3966 12
3967 12
3968 13
3969 12
3970 12
3971 12
3972 12
3973 11
3974 12
3975 12
3976 14
3977 13
3978 12
3979 12
3980 12
3981 13
3982 12
3983 12
3984 12
3985 12
3986 12
3987 13
3988 13
3989 13
3990 12
3991 12
3992 12
3993 11
3994 11
3995 13
3996 12
3997 13
3998 12
3999 13
4000 13
4001 12
4002 12
4003 12
4004 14
4005 13
4006 12
4007 12
4008 13
4009 12
4010 12
4011 12
4012 13
4013 12
4014 12
4015 12
4016 13
4017 13
4018 12
4019 13
4020 12
4021 12
4022 12
4023 12
4024 13
4025 13
4026 12
4027 12
4028 13
4029 12
4030 12
4031 13
4032 13
4033 13
4034 12
4035 12
4036 12
4037 13
4038 12
4039 12
4040 12
4041 11
4042 13
4043 12
4044 12
4045 13
4046 12
4047 12
4048 12
4049 13
4050 12
4051 12
4052 13
4053 13
4054 12
4055 13
4056 12
4057 13
4058 12
4059 13
4060 12
4061 13
4062 12
4063 12
4064 13
4065 13
4066 12
4067 12
4068 12
4069 13
4070 12
4071 12
4072 12
4073 12
4074 12
4075 13
4076 13
4077 12
4078 12
4079 12
4080 12
4081 13
4082 12
4083 13
4084 12
4085 13
4086 12
4087 13
4088 13
4089 12
4090 12
4091 12
4092 12
4093 12
4094 12
4095 12
4096 13
4097 13
4098 12
4099 12
4100 13
4101 12
4102 12
4103 13
4104 12
4105 13
4106 12
4107 12
4108 12
4109 11
4110 12
4111 12
4112 13
4113 13
4114 12
4115 12
4116 12
4117 13
4118 12
4119 12
4120 12
4121 12
4122 12
4123 12
4124 12
4125 12
4126 12
4127 13
4128 12
4129 12
4130 12
4131 12
4132 12
4133 13
4134 12
4135 12
4136 13
4137 12
4138 12
4139 12
4140 12
4141 12
4142 12
4143 12
4144 12
4145 13
4146 12
4147 12
4148 12
4149 13
4150 12
4151 12
4152 12
4153 13
4154 12
4155 12
4156 12
4157 12
4158 12
4159 12
4160 12
4161 13
4162 12
4163 12
4164 12
4165 13
4166 12
4167 12
4168 13
4169 13
4170 12
4171 12
4172 13
4173 13
4174 12
4175 12
4176 12
4177 11
4178 12
4179 13
4180 13
4181 13
4182 12
4183 13
4184 12
4185 12
4186 12
4187 13
4188 13
4189 12
4190 12
4191 12
4192 13
4193 13
4194 12
4195 13
4196 12
4197 13
4198 12
4199 13
4200 13
4201 13
4202 12
4203 13
4204 13
4205 13
4206 12
4207 12
4208 13
4209 13
4210 12
4211 13
4212 13
4213 13
4214 12
4215 12
4216 13
4217 13
4218 12
4219 12
4220 13
4221 13
4222 12
4223 12
4224 12
4225 13
4226 12
4227 13
4228 13
4229 12
4230 12
4231 12
4232 12
4233 15
4234 12
4235 13
4236 13
4237 13
4238 12
4239 13
4240 13
4241 13
4242 12
4243 13
4244 12
4245 11
4246 12
4247 14
4248 13
4249 13
4250 12
4251 13
4252 13
4253 13
4254 12
4255 13
4256 13
4257 13
4258 12
4259 13
4260 13
4261 13
4262 12
4263 13
4264 13
4265 13
4266 12
4267 13
4268 13
4269 13
4270 13
4271 13
4272 13
4273 13
4274 13
4275 13
4276 13
4277 13
4278 12
4279 14
4280 13
4281 13
4282 12
4283 12
4284 12
4285 13
4286 13
4287 19
4288 13
4289 13
4290 13
4291 15
4292 14
4293 12
4294 16
4295 14
4296 13
4297 13
4298 13
4299 11
4300 13
4301 12
4302 11
4303 13
4304 13
4305 13
4306 13
4307 13
4308 13
4309 13
4310 12
4311 13
4312 12
4313 11
4314 13
4315 13
4316 13
4317 13
4318 12
4319 13
4320 13
4321 13
4322 12
4323 13
4324 13
4325 13
4326 12
4327 13
4328 13
4329 13
4330 12
4331 13
4332 13
4333 13
4334 13
4335 13
4336 13
4337 13
4338 12
4339 13
4340 13
4341 13
4342 13
4343 13
4344 13
4345 13
4346 13
4347 13
4348 13
4349 13
4350 12
4351 13
4352 13
4353 13
4354 12
4355 13
4356 13
4357 13
4358 12
4359 13
4360 13
4361 13
4362 12
4363 13
4364 13
4365 13
4366 12
4367 13
4368 14
4369 13
4370 13
4371 13
4372 13
4373 12
4374 12
4375 12
4376 13
4377 13
4378 12
4379 13
4380 12
4381 12
4382 12
4383 13
4384 13
4385 13
4386 12
4387 13
4388 13
4389 13
4390 13
4391 13
4392 13
4393 13
4394 12
4395 13
4396 13
4397 13
4398 12
4399 13
4400 13
4401 13
4402 12
4403 13
4404 13
4405 13
4406 12
4407 12
4408 13
4409 13
4410 12
4411 13
4412 13
4413 13
4414 12
4415 13
4416 13
4417 13
4418 13
4419 13
4420 13
4421 13
4422 12
4423 13
4424 13
4425 13
4426 12
4427 13
4428 12
4429 13
4430 13
4431 13
4432 13
4433 13
4434 12
4435 13
4436 13
4437 13
4438 12
4439 13
4440 13
4441 13
4442 12
4443 13
4444 13
4445 13
4446 12
4447 13
4448 12
4449 11
4450 12
4451 12
4452 14
4453 13
4454 11
4455 12
4456 12
4457 13
4458 12
4459 13
4460 13
4461 13
4462 12
4463 13
4464 13
4465 13
4466 12
4467 13
4468 13
4469 13
4470 13
4471 13
4472 13
4473 13
4474 12
4475 13
4476 13
4477 12
4478 12
4479 13
4480 13
4481 13
4482 13
4483 13
4484 13
4485 13
4486 12
4487 13
4488 13
4489 13
4490 12
4491 13
4492 13
4493 13
4494 12
4495 13
4496 13
4497 13
4498 12
4499 13
4500 13
4501 13
4502 12
4503 12
4504 13
4505 13
4506 12
4507 13
4508 14
4509 13
4510 12
4511 13
4512 13
4513 13
4514 12
4515 12
4516 12
4517 11
4518 12
4519 13
4520 13
4521 13
4522 12
4523 13
4524 13
4525 13
4526 12
4527 12
4528 13
4529 13
4530 12
4531 13
4532 13
4533 13
4534 12
4535 13
4536 13
4537 13
4538 13
4539 13
4540 13
4541 13
4542 12
4543 13
4544 13
4545 13
4546 13
4547 12
4548 13
4549 13
4550 12
4551 13
4552 13
4553 13
4554 13
4555 13
4556 13
4557 13
4558 12
4559 13
4560 13
4561 13
4562 12
4563 13
4564 13
4565 12
4566 12
4567 13
4568 13
4569 13
4570 12
4571 13
4572 13
4573 13
4574 12
4575 13
4576 13
4577 13
4578 12
4579 12
4580 13
4581 12
4582 12
4583 12
4584 12
4585 11
4586 13
4587 12
4588 13
4589 12
4590 12
4591 13
4592 14
4593 13
4594 12
4595 12
4596 12
4597 12
4598 12
4599 13
4600 13
4601 13
4602 12
4603 13
4604 13
4605 12
4606 12
4607 12
4608 12
4609 12
4610 12
4611 13
4612 13
4613 12
4614 12
4615 13
4616 12
4617 12
4618 12
4619 12
4620 13
4621 12
4622 12
4623 12
4624 13
4625 12
4626 12
4627 13
4628 13
4629 12
4630 12
4631 12
4632 13
4633 13
4634 12
4635 12
4636 12
4637 12
4638 12
4639 12
4640 12
4641 12
4642 12
4643 13
4644 13
4645 12
4646 12
4647 12
4648 12
4649 13
4650 12
4651 13
4652 12
4653 11
4654 12
4655 13
4656 13
4657 13
4658 12
4659 13
4660 13
4661 13
4662 12
4663 13
4664 13
4665 13
4666 12
4667 13
4668 13
4669 13
4670 12
4671 13
4672 13
4673 13
4674 12
4675 13
4676 14
4677 13
4678 12
4679 13
4680 13
4681 13
4682 12
4683 13
4684 13
4685 13
4686 12
4687 13
4688 13
4689 13
4690 12
4691 13
4692 13
4693 13
4694 13
4695 13
4696 13
4697 12
4698 12
4699 13
4700 13
4701 13
4702 12
4703 13
4704 14
4705 13
4706 13
4707 13
4708 13
4709 13
4710 12
4711 13
4712 13
4713 13
4714 13
4715 13
4716 13
4717 13
4718 12
4719 13
4720 12
4721 11
4722 13
4723 13
4724 13
4725 13
4726 12
4727 13
4728 13
4729 13
4730 12
4731 13
4732 13
4733 12
4734 12
4735 13
4736 13
4737 13
4738 12
4739 13
4740 13
4741 13
4742 12
4743 13
4744 13
4745 13
4746 12
4747 13
4748 13
4749 13
4750 12
4751 13
4752 13
4753 13
4754 12
4755 13
4756 13
4757 13
4758 12
4759 13
4760 14
4761 13
4762 12
4763 13
4764 13
4765 13
4766 13
4767 12
4768 13
4769 12
4770 12
4771 13
4772 13
4773 13
4774 13
4775 12
4776 13
4777 13
4778 13
4779 13
4780 13
4781 13
4782 12
4783 13
4784 13
4785 13
4786 13
4787 13
4788 13
4789 11
4790 13
4791 13
4792 13
4793 13
4794 12
4795 13
4796 13
4797 13
4798 12
4799 13
4800 13
4801 13
4802 12
4803 13
4804 13
4805 13
4806 13
4807 13
4808 13
4809 13
4810 12
4811 13
4812 13
4813 13
4814 12
4815 13
4816 13
4817 13
4818 12
4819 13
4820 13
4821 13
4822 12
4823 13
4824 13
4825 13
4826 12
4827 13
4828 13
4829 13
4830 13
4831 13
4832 13
4833 13
4834 12
4835 13
4836 13
4837 13
4838 12
4839 13
4840 13
4841 13
4842 12
4843 13
4844 13
4845 13
4846 12
4847 13
4848 13
4849 13
4850 12
4851 13
4852 13
4853 13
4854 12
4855 13
4856 12
4857 12
4858 12
4859 13
4860 13
4861 13
4862 12
4863 13
4864 13
4865 13
4866 12
4867 13
4868 13
4869 13
4870 12
4871 13
4872 13
4873 13
4874 12
4875 13
4876 13
4877 12
4878 12
4879 13
4880 13
4881 13
4882 12
4883 13
4884 13
4885 13
4886 12
4887 13
4888 13
4889 13
4890 12
4891 13
4892 13
4893 13
4894 12
4895 13
4896 13
4897 13
4898 12
4899 13
4900 13
4901 13
4902 12
4903 13
4904 13
4905 13
4906 12
4907 12
4908 14
4909 13
4910 12
4911 13
4912 13
4913 13
4914 12
4915 13
4916 13
4917 13
4918 11
4919 14
4920 12
4921 13
4922 12
4923 13
4924 12
4925 11
4926 12
4927 12
4928 13
4929 12
4930 12
4931 12
4932 12
4933 13
4934 12
4935 12
4936 13
4937 13
4938 12
4939 13
4940 12
4941 12
4942 12
4943 13
4944 12
4945 12
4946 12
4947 13
4948 12
4949 13
4950 12
4951 12
4952 12
4953 12
4954 12
4955 13
4956 13
4957 12
4958 12
4959 12
4960 13
4961 12
4962 12
4963 12
4964 13
4965 13
4966 12
4967 12
4968 13
4969 13
4970 12
4971 13
4972 13
4973 12
4974 12
4975 12
4976 12
4977 12
4978 12
4979 12
4980 12
4981 13
4982 12
4983 12
4984 12
4985 12
4986 12
4987 12
4988 13
4989 12
4990 12
4991 12
4992 12
4993 11
4994 13
4995 13
4996 13
4997 12
4998 12
4999 13
5000 13
5001 13
5002 12
5003 13
5004 14
5005 13
5006 13
5007 13
5008 13
5009 13
5010 12
5011 13
5012 14
5013 13
5014 13
5015 13
5016 13
5017 12
5018 12
5019 13
5020 13
5021 13
5022 13
5023 13
5024 12
5025 11
5026 13
5027 13
5028 13
5029 13
5030 12
5031 13
5032 13
5033 13
5034 13
5035 13
5036 13
5037 13
5038 12
5039 13
5040 14
5041 13
5042 12
5043 13
5044 13
5045 13
5046 12
5047 13
5048 13
5049 13
5050 12
5051 13
5052 13
5053 13
5054 12
5055 13
5056 13
5057 13
5058 12
5059 13
5060 12
5061 11
5062 13
5063 13
5064 13
5065 13
5066 12
5067 12
5068 13
5069 13
5070 12
5071 13
5072 13
5073 13
5074 13
5075 13
5076 13
5077 13
5078 12
5079 13
5080 13
5081 13
5082 12
5083 13
5084 13
5085 13
5086 12
5087 13
5088 13
5089 13
5090 12
5091 13
5092 13
5093 13
5094 12
5095 13
5096 13
5097 13
5098 12
5099 13
5100 13
5101 13
5102 12
5103 13
5104 13
5105 13
5106 13
5107 13
5108 13
5109 13
5110 13
5111 13
5112 13
5113 13
5114 12
5115 13
5116 13
5117 13
5118 12
5119 13
5120 13
5121 13
5122 13
5123 13
5124 14
5125 13
5126 12
5127 13
5128 12
5129 11
5130 13
5131 13
5132 13
5133 13
5134 12
5135 13
5136 13
5137 13
5138 12
5139 13
5140 13
5141 13
5142 13
5143 13
5144 13
5145 13
5146 12
5147 13
5148 13
5149 13
5150 12
5151 13
5152 13
5153 13
5154 13
5155 13
5156 13
5157 13
5158 12
5159 13
5160 13
5161 13
5162 12
5163 13
5164 13
5165 13
5166 13
5167 13
5168 13
5169 13
5170 12
5171 13
5172 13
5173 13
5174 12
5175 13
5176 13
5177 13
5178 12
5179 13
5180 14
5181 13
5182 12
5183 12
5184 13
5185 13
5186 12
5187 13
5188 13
5189 13
5190 12
5191 13
5192 13
5193 13
5194 12
5195 13
5196 12
5197 11
5198 12
5199 13
5200 13
5201 13
5202 12
5203 13
5204 13
5205 12
5206 12
5207 13
5208 13
5209 13
5210 13
5211 13
5212 13
5213 13
5214 12
5215 13
5216 13
5217 13
5218 12
5219 13
5220 13
5221 13
5222 12
5223 13
5224 13
5225 13
5226 12
5227 13
5228 13
5229 13
5230 12
5231 13
5232 13
5233 13
5234 12
5235 13
5236 13
5237 13
5238 12
5239 13
5240 13
5241 13
5242 12
5243 13
5244 13
5245 13
5246 13
5247 13
5248 13
5249 13
5250 13
5251 13
5252 13
5253 13
5254 12
5255 13
5256 13
5257 13
5258 12
5259 12
5260 13
5261 13
5262 12
5263 13
5264 13
5265 11
5266 13
5267 13
5268 13
5269 13
5270 12
5271 13
5272 13
5273 13
5274 12
5275 13
5276 13
5277 13
5278 13
5279 13
5280 13
5281 13
5282 12
5283 13
5284 13
5285 13
5286 13
5287 13
5288 13
5289 13
5290 12
5291 13
5292 13
5293 13
5294 12
5295 13
5296 13
5297 13
5298 12
5299 13
5300 13
5301 13
5302 12
5303 13
5304 13
5305 13
5306 12
5307 13
5308 13
5309 13
5310 13
5311 13
5312 13
5313 13
5314 12
5315 13
5316 13
5317 13
5318 12
5319 13
5320 13
5321 13
5322 12
5323 13
5324 13
5325 13
5326 12
5327 13
5328 13
5329 13
5330 12
5331 13
5332 12
5333 11
5334 13
5335 13
5336 13
5337 13
5338 12
5339 13
5340 13
5341 13
5342 12
5343 13
5344 13
5345 13
5346 12
5347 13
5348 13
5349 13
5350 12
5351 13
5352 13
5353 13
5354 13
5355 13
5356 13
5357 13
5358 12
5359 13
5360 13
5361 13
5362 12
5363 13
5364 13
5365 13
5366 13
5367 13
5368 13
5369 13
5370 12
5371 13
5372 13
5373 13
5374 12
5375 13
5376 13
5377 13
5378 12
5379 13
5380 13
5381 13
5382 12
5383 13
5384 13
5385 13
5386 13
5387 13
5388 13
5389 13
5390 12
5391 13
5392 13
5393 13
5394 12
5395 13
5396 13
5397 13
5398 12
5399 13
5400 12
5401 11
5402 13
5403 13
5404 14
5405 13
5406 13
5407 13
5408 13
5409 13
5410 12
5411 13
5412 13
5413 13
5414 12
5415 13
5416 13
5417 13
5418 12
5419 13
5420 13
5421 13
5422 12
5423 13
5424 13
5425 13
5426 12
5427 13
5428 13
5429 13
5430 13
5431 13
5432 13
5433 13
5434 12
5435 13
5436 13
5437 13
5438 12
5439 13
5440 13
5441 13
5442 12
5443 13
5444 13
5445 13
5446 12
5447 13
5448 13
5449 13
5450 12
5451 13
5452 13
5453 13
5454 12
5455 13
5456 13
5457 13
5458 12
5459 13
5460 13
5461 13
5462 12
5463 13
5464 13
5465 12
5466 12
5467 13
5468 12
5469 12
5470 12
5471 13
5472 13
5473 13
5474 12
5475 13
5476 13
5477 13
5478 12
5479 13
5480 13
5481 13
5482 12
5483 13
5484 13
5485 13
5486 12
5487 13
5488 13
5489 13
5490 12
5491 13
5492 13
5493 13
5494 12
5495 13
5496 13
5497 13
5498 12
5499 13
5500 13
5501 13
5502 12
5503 13
5504 13
5505 13
5506 12
5507 13
5508 13
5509 13
5510 13
5511 13
5512 13
5513 13
5514 12
5515 13
5516 14
5517 13
5518 12
5519 13
5520 13
5521 13
5522 12
5523 13
5524 13
5525 13
5526 12
5527 13
5528 12
5529 13
5530 12
5531 13
5532 13
5533 13
5534 12
5535 13
5536 12
5537 11
5538 13
5539 13
5540 13
5541 13
5542 12
5543 13
5544 13
5545 13
5546 12
5547 13
5548 13
5549 13
5550 12
5551 13
5552 13
5553 13
5554 12
5555 13
5556 13
5557 13
5558 12
5559 13
5560 13
5561 13
5562 12
5563 13
5564 13
5565 13
5566 13
5567 13
5568 13
5569 13
5570 12
5571 13
5572 13
5573 13
5574 12
5575 13
5576 13
5577 13
5578 12
5579 13
5580 13
5581 13
5582 12
5583 13
5584 13
5585 13
5586 12
5587 13
5588 13
5589 13
5590 12
5591 14
5592 13
5593 13
5594 12
5595 13
5596 13
5597 13
5598 12
5599 13
5600 13
5601 13
5602 12
5603 13
5604 12
5605 11
5606 13
5607 13
5608 13
5609 13
5610 12
5611 13
5612 13
5613 13
5614 12
5615 13
5616 13
5617 13
5618 13
5619 13
5620 13
5621 13
5622 12
5623 13
5624 13
5625 13
5626 12
5627 13
5628 14
5629 13
5630 12
5631 13
5632 13
5633 13
5634 13
5635 13
5636 13
5637 13
5638 12
5639 13
5640 13
5641 13
5642 12
5643 13
5644 13
5645 13
5646 12
5647 13
5648 13
5649 13
5650 13
5651 13
5652 13
5653 13
5654 12
5655 13
5656 13
5657 13
5658 12
5659 13
5660 13
5661 13
5662 12
5663 13
5664 13
5665 13
5666 12
5667 13
5668 13
5669 13
5670 13
5671 13
5672 12
5673 11
5674 12
5675 13
5676 13
5677 13
5678 11
5679 11
5680 13
5681 12
5682 12
5683 13
5684 14
5685 13
5686 13
5687 13
5688 13
5689 13
5690 12
5691 13
5692 13
5693 13
5694 12
5695 13
5696 13
5697 13
5698 12
5699 13
5700 13
5701 13
5702 13
5703 13
5704 13
5705 13
5706 12
5707 13
5708 13
5709 13
5710 12
5711 13
5712 13
5713 13
5714 12
5715 13
5716 13
5717 13
5718 12
5719 13
5720 13
5721 13
5722 12
5723 13
5724 13
5725 13
5726 13
5727 13
5728 13
5729 13
5730 12
5731 13
5732 13
5733 13
5734 12
5735 13
5736 13
5737 13
5738 12
5739 13
5740 13
5741 11
5742 11
5743 12
5744 13
5745 13
5746 12
5747 13
5748 13
5749 13
5750 12
5751 13
5752 13
5753 13
5754 12
5755 13
5756 13
5757 13
5758 12
5759 13
5760 13
5761 13
5762 13
5763 13
5764 13
5765 13
5766 13
5767 13
5768 13
5769 13
5770 12
5771 13
5772 13
5773 13
5774 12
5775 13
5776 13
5777 13
5778 12
5779 13
5780 13
5781 13
5782 12
5783 13
5784 13
5785 13
5786 12
5787 13
5788 13
5789 13
5790 12
5791 13
5792 13
5793 13
5794 12
5795 13
5796 13
5797 13
5798 12
5799 13
5800 13
5801 13
5802 12
5803 13
5804 13
5805 13
5806 12
5807 13
5808 12
5809 11
5810 13
5811 13
5812 13
5813 13
5814 12
5815 13
5816 13
5817 13
5818 12
5819 13
5820 13
5821 13
5822 12
5823 13
5824 13
5825 13
5826 12
5827 13
5828 13
5829 13
5830 12
5831 13
5832 13
5833 13
5834 12
5835 13
5836 13
5837 13
5838 12
5839 13
5840 13
5841 13
5842 12
5843 13
5844 13
5845 13
5846 12
5847 13
5848 13
5849 13
5850 12
5851 13
5852 13
5853 13
5854 13
5855 13
5856 13
5857 13
5858 13
5859 12
5860 13
5861 13
5862 12
5863 13
5864 13
5865 13
5866 12
5867 13
5868 13
5869 13
5870 12
5871 13
5872 13
5873 13
5874 12
5875 13
5876 12
5877 11
5878 12
5879 13
5880 14
5881 13
5882 12
5883 12
5884 13
5885 13
5886 12
5887 13
5888 13
5889 13
5890 12
5891 12
5892 13
5893 13
5894 12
5895 13
5896 13
5897 13
5898 12
5899 13
5900 13
5901 13
5902 13
5903 13
5904 13
5905 13
5906 12
5907 13
5908 13
5909 13
5910 12
5911 13
5912 13
5913 13
5914 12
5915 13
5916 13
5917 12
5918 12
5919 13
5920 12
5921 11
5922 12
5923 12
5924 13
5925 12
5926 12
5927 12
5928 13
5929 13
5930 12
5931 12
5932 12
5933 13
5934 12
5935 13
5936 12
5937 12
5938 12
5939 12
5940 13
5941 13
5942 12
5943 13
5944 12
5945 11
5946 12
5947 13
5948 13
5949 13
5950 12
5951 13
5952 13
5953 12
5954 12
5955 12
5956 13
5957 12
5958 12
5959 12
5960 13
5961 13
5962 12
5963 12
5964 13
5965 13
5966 12
5967 12
5968 13
5969 12
5970 12
5971 13
5972 13
5973 12
5974 12
5975 13
5976 12
5977 12
5978 12
5979 12
5980 13
5981 12
5982 12
5983 12
5984 13
5985 13
5986 12
5987 13
5988 13
5989 13
5990 12
5991 13
5992 13
5993 13
5994 12
5995 13
5996 13
5997 13
5998 12
5999 13
6000 13
6001 13
6002 12
6003 13
6004 13
6005 13
6006 12
6007 13
6008 13
6009 13
6010 12
6011 13
6012 12
6013 12
6014 13
6015 13
6016 13
6017 13
6018 12
6019 13
6020 13
6021 13
6022 12
6023 13
6024 13
6025 13
6026 12
6027 13
6028 13
6029 13
6030 12
6031 13
6032 13
6033 13
6034 12
6035 13
6036 13
6037 13
6038 12
6039 13
6040 13
6041 13
6042 12
6043 13
6044 13
6045 13
6046 12
6047 13
6048 14
6049 13
6050 13
6051 13
6052 13
6053 13
6054 12
6055 13
6056 13
6057 13
6058 12
6059 13
6060 13
6061 13
6062 12
6063 13
6064 13
6065 13
6066 12
6067 13
6068 13
6069 13
6070 12
6071 13
6072 13
6073 13
6074 12
6075 13
6076 13
6077 13
6078 12
6079 13
6080 12
6081 12
6082 13
6083 13
6084 13
6085 13
6086 12
6087 13
6088 13
6089 13
6090 12
6091 13
6092 13
6093 13
6094 12
6095 13
6096 13
6097 13
6098 13
6099 13
6100 13
6101 13
6102 12
6103 13
6104 14
6105 13
6106 12
6107 13
6108 12
6109 13
6110 12
6111 13
6112 13
6113 13
6114 12
6115 13
6116 13
6117 13
6118 12
6119 13
6120 13
6121 13
6122 12
6123 13
6124 13
6125 13
6126 12
6127 13
6128 13
6129 13
6130 12
6131 13
6132 13
6133 13
6134 12
6135 13
6136 13
6137 13
6138 12
6139 13
6140 12
6141 13
6142 12
6143 13
6144 13
6145 13
6146 12
6147 13
6148 12
6149 11
6150 13
6151 13
6152 13
6153 13
6154 12
6155 13
6156 13
6157 13
6158 12
6159 13
6160 13
6161 13
6162 12
6163 12
6164 13
6165 13
6166 13
6167 13
6168 13
6169 13
6170 12
6171 13
6172 13
6173 13
6174 12
6175 13
6176 13
6177 13
6178 12
6179 13
6180 13
6181 13
6182 12
6183 13
6184 13
6185 13
6186 12
6187 13
6188 14
6189 13
6190 12
6191 13
6192 13
6193 13
6194 13
6195 12
6196 13
6197 13
6198 12
6199 13
6200 13
6201 13
6202 12
6203 13
6204 13
6205 13
6206 12
6207 13
6208 13
6209 13
6210 12
6211 13
6212 13
6213 13
6214 12
6215 13
6216 13
6217 12
6218 12
6219 13
6220 13
6221 13
6222 12
6223 13
6224 13
6225 13
6226 12
6227 13
6228 13
6229 13
6230 12
6231 13
6232 13
6233 13
6234 12
6235 13
6236 13
6237 13
6238 12
6239 13
6240 13
6241 13
6242 12
6243 13
6244 14
6245 13
6246 12
6247 13
6248 13
6249 13
6250 12
6251 12
6252 14
6253 13
6254 12
6255 13
6256 13
6257 13
6258 12
6259 13
6260 13
6261 13
6262 13
6263 13
6264 13
6265 13
6266 12
6267 13
6268 13
6269 13
6270 12
6271 13
6272 14
6273 13
6274 12
6275 13
6276 13
6277 13
6278 12
6279 12
6280 13
6281 12
6282 13
6283 13
6284 12
6285 12
6286 13
6287 13
6288 13
6289 13
6290 12
6291 13
6292 13
6293 13
6294 12
6295 13
6296 13
6297 13
6298 12
6299 13
6300 13
6301 13
6302 12
6303 13
6304 13
6305 13
6306 12
6307 13
6308 13
6309 13
6310 12
6311 13
6312 13
6313 13
6314 12
6315 13
6316 13
6317 13
6318 13
6319 13
6320 13
6321 13
6322 12
6323 13
6324 13
6325 13
6326 12
6327 14
6328 14
6329 13
6330 12
6331 12
6332 12
6333 13
6334 13
6335 13
6336 13
6337 13
6338 12
6339 13
6340 13
6341 13
6342 12
6343 13
6344 13
6345 13
6346 12
6347 13
6348 13
6349 13
6350 13
6351 13
6352 12
6353 11
6354 12
6355 13
6356 13
6357 13
6358 12
6359 13
6360 13
6361 13
6362 12
6363 13
6364 13
6365 13
6366 12
6367 13
6368 13
6369 13
6370 12
6371 13
6372 13
6373 13
6374 12
6375 13
6376 12
6377 13
6378 12
6379 13
6380 13
6381 13
6382 12
6383 13
6384 14
6385 13
6386 11
6387 11
6388 12
6389 13
6390 13
6391 13
6392 13
6393 13
6394 13
6395 13
6396 13
6397 13
6398 12
6399 13
6400 13
6401 13
6402 12
6403 13
6404 13
6405 13
6406 12
6407 13
6408 13
6409 12
6410 12
6411 12
6412 13
6413 13
6414 12
6415 13
6416 13
6417 13
6418 12
6419 13
6420 12
6421 11
6422 13
6423 13
6424 13
6425 13
6426 12
6427 13
6428 13
6429 13
6430 13
6431 13
6432 13
6433 13
6434 12
6435 13
6436 13
6437 13
6438 12
6439 13
6440 14
6441 13
6442 12
6443 13
6444 13
6445 13
6446 12
6447 13
6448 13
6449 13
6450 12
6451 13
6452 13
6453 13
6454 12
6455 13
6456 13
6457 13
6458 12
6459 13
6460 13
6461 13
6462 12
6463 13
6464 13
6465 13
6466 12
6467 13
6468 13
6469 13
6470 12
6471 13
6472 13
6473 13
6474 12
6475 13
6476 13
6477 13
6478 12
6479 13
6480 13
6481 13
6482 12
6483 13
6484 13
6485 13
6486 12
6487 13
6488 12
6489 11
6490 13
6491 13
6492 13
6493 13
6494 13
6495 13
6496 13
6497 13
6498 12
6499 13
6500 13
6501 13
6502 12
6503 13
6504 13
6505 13
6506 12
6507 13
6508 13
6509 13
6510 12
6511 13
6512 13
6513 13
6514 12
6515 13
6516 13
6517 13
6518 13
6519 13
6520 13
6521 13
6522 13
6523 13
6524 13
6525 13
6526 12
6527 13
6528 13
6529 13
6530 12
6531 13
6532 13
6533 13
6534 12
6535 13
6536 13
6537 13
6538 12
6539 13
6540 13
6541 13
6542 12
6543 13
6544 13
6545 13
6546 12
6547 13
6548 13
6549 13
6550 12
6551 13
6552 14
6553 13
6554 13
6555 13
6556 12
6557 11
6558 13
6559 13
6560 13
6561 13
6562 12
6563 13
6564 13
6565 13
6566 12
6567 13
6568 13
6569 13
6570 12
6571 13
6572 13
6573 13
6574 11
6575 12
6576 12
6577 12
6578 12
6579 12
6580 13
6581 12
6582 12
6583 13
6584 12
6585 13
6586 12
6587 12
6588 12
6589 13
6590 12
6591 12
6592 12
6593 11
6594 12
6595 13
6596 13
6597 13
6598 12
6599 12
6600 12
6601 12
6602 12
6603 13
6604 13
6605 12
6606 12
6607 12
6608 13
6609 13
6610 12
6611 12
6612 13
6613 13
6614 12
6615 13
6616 13
6617 12
6618 12
6619 12
6620 13
6621 13
6622 12
6623 13
6624 12
6625 12
6626 12
6627 13
6628 12
6629 12
6630 11
6631 11
6632 13
6633 12
6634 12
6635 13
6636 13
6637 13
6638 12
6639 12
6640 13
6641 13
6642 12
6643 13
6644 13
6645 12
6646 12
6647 12
6648 12
6649 13
6650 12
6651 12
6652 13
6653 12
6654 12
6655 12
6656 13
6657 12
6658 12
6659 13
6660 13
6661 13
6662 12
6663 13
6664 13
6665 13
6666 12
6667 12
6668 13
6669 13
6670 13
6671 13
6672 13
6673 13
6674 12
6675 13
6676 13
6677 13
6678 12
6679 13
6680 13
6681 13
6682 12
6683 13
6684 13
6685 13
6686 12
6687 13
6688 13
6689 13
6690 12
6691 13
6692 12
6693 12
6694 13
6695 13
6696 13
6697 13
6698 12
6699 13
6700 13
6701 13
6702 12
6703 13
6704 13
6705 13
6706 12
6707 13
6708 13
6709 12
6710 13
6711 13
6712 13
6713 13
6714 12
6715 13
6716 13
6717 13
6718 12
6719 13
6720 14
6721 13
6722 12
6723 13
6724 13
6725 13
6726 12
6727 13
6728 13
6729 13
6730 12
6731 13
6732 13
6733 13
6734 13
6735 13
6736 13
6737 13
6738 13
6739 13
6740 13
6741 13
6742 12
6743 13
6744 13
6745 13
6746 12
6747 13
6748 13
6749 13
6750 12
6751 13
6752 13
6753 13
6754 12
6755 13
6756 13
6757 13
6758 12
6759 13
6760 12
6761 12
6762 12
6763 13
6764 13
6765 13
6766 12
6767 13
6768 13
6769 13
6770 12
6771 13
6772 13
6773 13
6774 12
6775 13
6776 13
6777 13
6778 12
6779 13
6780 13
6781 13
6782 13
6783 13
6784 13
6785 13
6786 12
6787 13
6788 13
6789 13
6790 13
6791 13
6792 13
6793 13
6794 12
6795 13
6796 13
6797 13
6798 12
6799 13
6800 13
6801 13
6802 12
6803 13
6804 14
6805 13
6806 12
6807 13
6808 13
6809 13
6810 12
6811 13
6812 13
6813 13
6814 12
6815 13
6816 13
6817 13
6818 12
6819 13
6820 13
6821 13
6822 13
6823 13
6824 13
6825 13
6826 12
6827 13
6828 12
6829 11
6830 12
6831 13
6832 13
6833 13
6834 12
6835 13
6836 13
6837 13
6838 12
6839 13
6840 13
6841 13
6842 12
6843 13
6844 13
6845 13
6846 12
6847 13
6848 13
6849 13
6850 12
6851 13
6852 13
6853 13
6854 12
6855 13
6856 13
6857 13
6858 12
6859 13
6860 13
6861 13
6862 12
6863 13
6864 13
6865 13
6866 12
6867 13
6868 13
6869 13
6870 13
6871 13
6872 13
6873 13
6874 12
6875 13
6876 13
6877 13
6878 12
6879 12
6880 13
6881 13
6882 12
6883 13
6884 13
6885 13
6886 12
6887 13
6888 14
6889 13
6890 13
6891 13
6892 13
6893 13
6894 12
6895 13
6896 12
6897 11
6898 12
6899 13
6900 13
6901 13
6902 12
6903 13
6904 13
6905 13
6906 12
6907 13
6908 13
6909 13
6910 12
6911 13
6912 13
6913 13
6914 12
6915 13
6916 13
6917 13
6918 12
6919 13
6920 13
6921 13
6922 12
6923 12
6924 14
6925 13
6926 12
6927 13
6928 13
6929 13
6930 12
6931 13
6932 13
6933 13
6934 12
6935 13
6936 13
6937 13
6938 12
6939 13
6940 13
6941 13
6942 13
6943 13
6944 13
6945 13
6946 12
6947 13
6948 13
6949 13
6950 12
6951 13
6952 13
6953 13
6954 12
6955 13
6956 13
6957 13
6958 12
6959 13
6960 13
6961 13
6962 13
6963 13
6964 12
6965 11
6966 13
6967 13
6968 13
6969 13
6970 13
6971 13
6972 13
6973 13
6974 12
6975 13
6976 13
6977 13
6978 12
6979 13
6980 13
6981 13
6982 12
6983 13
6984 13
6985 13
6986 13
6987 13
6988 13
6989 13
6990 13
6991 13
6992 13
6993 13
6994 12
6995 13
6996 13
6997 13
6998 12
6999 13
7000 13
7001 13
7002 12
7003 12
7004 13
7005 12
7006 12
7007 13
7008 13
7009 12
7010 12
7011 13
7012 13
7013 13
7014 12
7015 13
7016 13
7017 13
7018 13
7019 13
7020 13
7021 13
7022 12
7023 13
7024 13
7025 13
7026 12
7027 13
7028 13
7029 13
7030 12
7031 13
7032 12
7033 12
7034 12
7035 14
7036 13
7037 13
7038 12
7039 14
7040 13
7041 12
7042 13
7043 13
7044 13
7045 13
7046 14
7047 13
7048 13
7049 13
7050 12
7051 13
7052 13
7053 14
7054 12
7055 13
7056 14
7057 13
7058 12
7059 13
7060 14
7061 13
7062 12
7063 14
7064 13
7065 13
7066 12
7067 14
7068 13
7069 12
7070 13
7071 13
7072 13
7073 13
7074 14
7075 13
7076 13
7077 14
7078 12
7079 13
7080 13
7081 14
7082 12
7083 13
7084 13
7085 12
7086 12
7087 13
7088 14
7089 12
7090 12
7091 13
7092 13
7093 13
7094 12
7095 13
7096 13
7097 13
7098 13
7099 13
7100 12
7101 11
7102 14
7103 13
7104 13
7105 14
7106 12
7107 12
7108 13
7109 14
7110 12
7111 13
7112 13
7113 13
7114 12
7115 13
7116 14
7117 13
7118 12
7119 14
7120 13
7121 13
7122 12
7123 14
7124 13
7125 13
7126 13
7127 13
7128 13
7129 13
7130 14
7131 13
7132 13
7133 13
7134 13
7135 13
7136 13
7137 14
7138 12
7139 13
7140 13
7141 13
7142 12
7143 13
7144 14
7145 13
7146 12
7147 14
7148 13
7149 13
7150 12
7151 14
7152 13
7153 13
7154 13
7155 13
7156 13
7157 13
7158 13
7159 13
7160 13
7161 13
7162 12
7163 13
7164 13
7165 14
7166 12
7167 13
7168 12
7169 11
7170 12
7171 13
7172 14
7173 13
7174 12
7175 14
7176 13
7177 13
7178 12
7179 14
7180 13
7181 12
7182 13
7183 13
7184 13
7185 13
7186 14
7187 13
7188 13
7189 14
7190 12
7191 13
7192 13
7193 14
7194 12
7195 13
7196 13
7197 13
7198 12
7199 13
7200 14
7201 12
7202 12
7203 13
7204 13
7205 12
7206 12
7207 14
7208 13
7209 12
7210 13
7211 13
7212 13
7213 13
7214 14
7215 13
7216 13
7217 14
7218 12
7219 13
7220 13
7221 14
7222 12
7223 13
7224 13
7225 12
7226 12
7227 13
7228 14
7229 13
7230 12
7231 14
7232 13
7233 13
7234 12
7235 14
7236 12
7237 11
7238 13
7239 12
7240 13
7241 12
7242 13
7243 13
7244 13
7245 14
7246 12
7247 13
7248 13
7249 13
7250 12
7251 12
7252 13
7253 12
7254 11
7255 13
7256 14
7257 12
7258 12
7259 13
7260 13
7261 12
7262 12
7263 14
7264 13
7265 13
7266 13
7267 13
7268 13
7269 12
7270 13
7271 13
7272 13
7273 13
7274 12
7275 13
7276 12
7277 13
7278 12
7279 12
7280 13
7281 12
7282 12
7283 12
7284 13
7285 13
7286 12
7287 13
7288 13
7289 12
7290 12
7291 13
7292 12
7293 12
7294 13
7295 12
7296 13
7297 12
7298 13
7299 13
7300 12
7301 12
7302 12
7303 12
7304 12
7305 12
7306 12
7307 13
7308 13
7309 13
7310 12
7311 13
7312 13
7313 12
7314 12
7315 13
7316 13
7317 12
7318 12
7319 13
7320 13
7321 12
7322 20
7323 13
7324 11
7325 10
7326 12
7327 13
7328 14
7329 14
7330 12
7331 13
7332 13
7333 14
7334 13
7335 13
7336 13
7337 12
7338 12
7339 13
7340 14
7341 13
7342 12
7343 14
7344 13
7345 13
7346 12
7347 13
7348 13
7349 13
7350 13
7351 13
7352 13
7353 12
7354 13
7355 13
7356 13
7357 13
7358 13
7359 13
7360 13
7361 14
7362 12
7363 13
7364 13
7365 13
7366 13
7367 13
7368 14
7369 13
7370 12
7371 13
7372 12
7373 11
7374 13
7375 14
7376 13
7377 13
7378 13
7379 13
7380 13
7381 13
7382 14
7383 13
7384 13
7385 13
7386 12
7387 13
7388 13
7389 14
7390 13
7391 13
7392 13
7393 13
7394 12
7395 13
7396 14
7397 13
7398 12
7399 14
7400 13
7401 12
7402 12
7403 14
7404 13
7405 13
7406 13
7407 13
7408 13
7409 13
7410 13
7411 13
7412 13
7413 13
7414 12
7415 13
7416 13
7417 14
7418 12
7419 12
7420 13
7421 13
7422 12
7423 13
7424 14
7425 12
7426 12
7427 13
7428 13
7429 12
7430 12
7431 14
7432 13
7433 13
7434 13
7435 13
7436 13
7437 13
7438 13
7439 13
7440 12
7441 12
7442 12
7443 13
7444 13
7445 14
7446 12
7447 13
7448 14
7449 12
7450 12
7451 13
7452 14
7453 13
7454 12
7455 13
7456 13
7457 12
7458 12
7459 14
7460 13
7461 13
7462 13
7463 13
7464 13
7465 13
7466 13
7467 13
7468 13
7469 13
7470 12
7471 13
7472 13
7473 14
7474 12
7475 13
7476 13
7477 13
7478 12
7479 13
7480 14
7481 13
7482 12
7483 14
7484 13
7485 13
7486 12
7487 14
7488 13
7489 12
7490 13
7491 13
7492 13
7493 13
7494 13
7495 13
7496 13
7497 14
7498 12
7499 13
7500 13
7501 14
7502 12
7503 13
7504 13
7505 13
7506 12
7507 13
7508 13
7509 11
7510 12
7511 14
7512 13
7513 12
7514 12
7515 14
7516 13
7517 12
7518 13
7519 12
7520 13
7521 12
7522 13
7523 13
7524 13
7525 13
7526 12
7527 13
7528 13
7529 14
7530 12
7531 12
7532 13
7533 12
7534 12
7535 12
7536 14
7537 12
7538 12
7539 13
7540 13
7541 13
7542 12
7543 14
7544 13
7545 13
7546 13
7547 13
7548 13
7549 12
7550 13
7551 13
7552 13
7553 13
7554 12
7555 13
7556 13
7557 13
7558 12
7559 13
7560 13
7561 12
7562 12
7563 13
7564 14
7565 12
7566 12
7567 13
7568 13
7569 12
7570 15
7571 14
7572 13
7573 12
7574 12
7575 13
7576 12
7577 11
7578 13
7579 13
7580 13
7581 13
7582 12
7583 13
7584 13
7585 14
7586 12
7587 13
7588 13
7589 13
7590 12
7591 13
7592 14
7593 12
7594 12
7595 12
7596 14
7597 12
7598 12
7599 14
7600 13
7601 13
7602 13
7603 13
7604 13
7605 12
7606 14
7607 13
7608 13
7609 13
7610 12
7611 13
7612 13
7613 14
7614 12
7615 13
7616 13
7617 13
7618 12
7619 13
7620 14
7621 13
7622 12
7623 14
7624 13
7625 13
7626 12
7627 14
7628 13
7629 13
7630 13
7631 12
7632 13
7633 13
7634 13
7635 13
7636 13
7637 13
7638 12
7639 13
7640 13
7641 14
7642 12
7643 13
7644 12
7645 11
7646 12
7647 13
7648 14
7649 13
7650 12
7651 14
7652 13
7653 13
7654 16
7655 14
7656 13
7657 13
7658 13
7659 13
7660 13
7661 13
7662 13
7663 13
7664 13
7665 13
7666 12
7667 13
7668 13
7669 14
7670 12
7671 13
7672 14
7673 13
7674 12
7675 13
7676 14
7677 12
7678 12
7679 14
7680 13
7681 13
7682 12
7683 14
7684 13
7685 12
7686 13
7687 13
7688 13
7689 12
7690 13
7691 13
7692 13
7693 13
7694 12
7695 13
7696 13
7697 14
7698 12
7699 13
7700 13
7701 13
7702 12
7703 13
7704 14
7705 13
7706 12
7707 13
7708 13
7709 13
7710 12
7711 13
7712 12
7713 11
7714 12
7715 13
7716 13
7717 12
7718 14
7719 13
7720 13
7721 13
7722 12
7723 13
7724 13
7725 13
7726 13
7727 13
7728 13
7729 13
7730 12
7731 13
7732 14
7733 12
7734 12
7735 13
7736 13
7737 13
7738 12
7739 14
7740 13
7741 13
7742 13
7743 13
7744 13
7745 12
7746 13
7747 13
7748 13
7749 13
7750 12
7751 13
7752 13
7753 13
7754 12
7755 13
7756 13
7757 13
7758 12
7759 13
7760 14
7761 12
7762 12
7763 13
7764 13
7765 12
7766 12
7767 14
7768 13
7769 12
7770 13
7771 13
7772 13
7773 12
7774 14
7775 13
7776 13
7777 13
7778 12
7779 13
7780 12
7781 12
7782 12
7783 13
7784 13
7785 12
7786 12
7787 12
7788 14
7789 12
7790 12
7791 13
7792 13
7793 13
7794 12
7795 13
7796 13
7797 13
7798 12
7799 12
7800 13
7801 13
7802 13
7803 13
7804 13
7805 12
7806 12
7807 13
7808 13
7809 14
7810 12
7811 12
7812 13
7813 12
7814 12
7815 12
7816 14
7817 13
7818 12
7819 13
7820 13
7821 12
7822 12
7823 14
7824 13
7825 12
7826 13
7827 12
7828 13
7829 13
7830 13
7831 13
7832 13
7833 13
7834 12
7835 13
7836 13
7837 14
7838 12
7839 13
7840 14
7841 12
7842 12
7843 13
7844 14
7845 13
7846 12
7847 13
7848 12
7849 11
7850 12
7851 14
7852 13
7853 12
7854 13
7855 13
7856 13
7857 13
7858 14
7859 13
7860 13
7861 12
7862 12
7863 12
7864 12
7865 13
7866 12
7867 13
7868 13
7869 13
7870 12
7871 13
7872 14
7873 12
7874 13
7875 13
7876 13
7877 13
7878 12
7879 14
7880 13
7881 13
7882 13
7883 12
7884 13
7885 13
7886 13
7887 13
7888 12
7889 14
7890 12
7891 13
7892 13
7893 14
7894 12
7895 13
7896 13
7897 13
7898 12
7899 13
7900 13
7901 13
7902 12
7903 13
7904 13
7905 13
7906 12
7907 14
7908 13
7909 12
7910 13
7911 13
7912 13
7913 13
7914 14
7915 13
7916 12
7917 12
7918 13
7919 13
7920 13
7921 14
7922 12
7923 13
7924 13
7925 13
7926 11
7927 13
7928 14
7929 13
7930 12
7931 13
7932 13
7933 13
7934 12
7935 14
7936 13
7937 12
7938 13
7939 13
7940 13
7941 13
7942 13
7943 13
7944 13
7945 13
7946 12
7947 13
7948 13
7949 14
7950 12
7951 13
7952 13
7953 13
7954 12
7955 13
7956 14
7957 13
7958 12
7959 13
7960 13
7961 13
7962 12
7963 14
7964 13
7965 13
7966 13
7967 13
7968 13
7969 13
7970 13
7971 13
7972 13
7973 13
7974 12
7975 13
7976 13
7977 14
7978 12
7979 13
7980 13
7981 13
7982 12
7983 12
7984 13
7985 11
7986 13
7987 14
7988 13
7989 12
7990 12
7991 14
7992 13
7993 13
7994 13
7995 13
7996 13
7997 13
7998 14
7999 13
8000 13
8001 13
8002 12
8003 13
8004 13
8005 14
8006 12
8007 13
8008 14
8009 13
8010 12
8011 13
8012 14
8013 13
8014 12
8015 14
8016 13
8017 13
8018 12
8019 14
8020 13
8021 13
8022 13
8023 13
8024 13
8025 12
8026 13
8027 13
8028 13
8029 14
8030 12
8031 13
8032 13
8033 14
8034 12
8035 13
8036 13
8037 12
8038 12
8039 13
8040 14
8041 13
8042 12
8043 13
8044 13
8045 13
8046 12
8047 14
8048 13
8049 13
8050 13
8051 12
8052 12
8053 11
8054 13
8055 13
8056 13
8057 14
8058 12
8059 13
8060 13
8061 14
8062 12
8063 13
8064 13
8065 13
8066 12
8067 13
8068 14
8069 13
8070 12
8071 14
8072 13
8073 12
8074 12
8075 14
8076 13
8077 13
8078 13
8079 13
8080 13
8081 13
8082 13
8083 13
8084 13
8085 14
8086 12
8087 12
8088 13
8089 14
8090 12
8091 12
8092 13
8093 13
8094 12
8095 12
8096 14
8097 13
8098 12
8099 13
8100 13
8101 12
8102 12
8103 14
8104 13
8105 13
8106 13
8107 13
8108 14
8109 13
8110 12
8111 13
8112 13
8113 14
8114 12
8115 13
8116 13
8117 13
8118 12
8119 12
8120 12
8121 11
8122 12
8123 12
8124 14
8125 12
8126 12
8127 13
8128 13
8129 13
8130 12
8131 13
8132 13
8133 13
8134 13
8135 14
8136 12
8137 11
8138 12
8139 11
8140 14
8141 14
8142 12
8143 12
8144 13
8145 13
8146 14
8147 13
8148 13
8149 12
8150 12
8151 13
8152 14
8153 13
8154 12
8155 14
8156 13
8157 12
8158 12
8159 14
8160 13
8161 13
8162 13
8163 13
8164 13
8165 13
8166 13
8167 13
8168 13
8169 13
8170 12
8171 13
8172 13
8173 14
8174 12
8175 13
8176 13
8177 12
8178 12
8179 13
8180 13
8181 13
8182 12
8183 14
8184 13
8185 13
8186 12
8187 14
8188 12
8189 11
8190 14
8191 13
8192 13
8193 13
8194 13
8195 13
8196 13
8197 13
8198 12
8199 13
8200 13
8201 14
8202 12
8203 13
8204 14
8205 13
8206 12
8207 13
8208 14
8209 13
8210 12
8211 13
8212 13
8213 13
8214 12
8215 14
8216 13
8217 13
8218 13
8219 13
8220 13
8221 12
8222 13
8223 13
8224 13
8225 13
8226 12
8227 13
8228 13
8229 14
8230 12
8231 13
8232 14
8233 12
8234 12
8235 14
8236 13
8237 11
8238 13
8239 12
8240 13
8241 13
8242 11
8243 14
8244 13
8245 13
8246 12
8247 13
8248 13
8249 12
8250 13
8251 12
8252 12
8253 12
8254 12
8255 12
8256 12
8257 12
8258 13
8259 12
8260 13
8261 12
8262 12
8263 13
8264 14
8265 12
8266 12
8267 13
8268 13
8269 12
8270 12
8271 13
8272 12
8273 12
8274 12
8275 12
8276 12
8277 12
8278 13
8279 12
8280 12
8281 12
8282 12
8283 13
8284 13
8285 14
8286 12
8287 12
8288 12
8289 12
8290 12
8291 12
8292 14
8293 12
8294 12
8295 13
8296 13
8297 12
8298 12
8299 13
8300 12
8301 12
8302 13
8303 12
8304 12
8305 12
8306 13
8307 12
8308 12
8309 13
8310 12
8311 12
8312 13
8313 13
8314 12
8315 12
8316 13
8317 12
8318 12
8319 12
8320 13
8321 12
8322 12
8323 12
8324 12
8325 11
8326 12
8327 13
8328 13
8329 13
8330 13
8331 12
8332 13
8333 12
8334 13
8335 12
8336 13
8337 13
8338 12
8339 13
8340 12
8341 14
8342 12
8343 13
8344 13
8345 12
8346 12
8347 12
8348 13
8349 12
8350 12
8351 12
8352 12
8353 12
8354 12
8355 14
8356 13
8357 12
8358 13
8359 13
8360 13
8361 12
8362 13
8363 12
8364 13
8365 12
8366 12
8367 12
8368 13
8369 13
8370 12
8371 12
8372 13
8373 12
8374 12
8375 12
8376 13
8377 12
8378 12
8379 13
8380 12
8381 12
8382 12
8383 13
8384 12
8385 12
8386 13
8387 12
8388 13
8389 12
8390 13
8391 12
8392 12
8393 11
8394 14
8395 13
8396 12
8397 12
8398 12
8399 12
8400 14
8401 12
8402 12
8403 12
8404 13
8405 12
8406 12
8407 13
8408 12
8409 12
8410 12
8411 13
8412 13
8413 12
8414 13
8415 12
8416 12
8417 12
8418 13
8419 13
8420 13
8421 13
8422 12
8423 12
8424 12
8425 13
8426 12
8427 13
8428 14
8429 13
8430 12
8431 12
8432 14
8433 12
8434 12
8435 12
8436 13
8437 12
8438 12
8439 14
8440 12
8441 12
8442 13
8443 13
8444 12
8445 12
8446 13
8447 12
8448 12
8449 13
8450 12
8451 12
8452 12
8453 13
8454 12
8455 12
8456 13
8457 13
8458 12
8459 12
8460 12
8461 11
8462 12
8463 13
8464 12
8465 12
8466 12
8467 14
8468 13
8469 12
8470 12
8471 12
8472 12
8473 12
8474 13
8475 12
8476 12
8477 13
8478 12
8479 13
8480 13
8481 13
8482 12
8483 12
8484 13
8485 12
8486 12
8487 13
8488 14
8489 13
8490 12
8491 13
8492 12
8493 12
8494 12
8495 14
8496 13
8497 12
8498 13
8499 12
8500 12
8501 12
8502 13
8503 13
8504 12
8505 13
8506 12
8507 12
8508 12
8509 13
8510 12
8511 12
8512 13
8513 12
8514 12
8515 12
8516 13
8517 12
8518 12
8519 12
8520 12
8521 13
8522 12
8523 13
8524 12
8525 12
8526 13
8527 12
8528 11
8529 11
8530 13
8531 12
8532 13
8533 12
8534 12
8535 12
8536 12
8537 14
8538 12
8539 12
8540 14
8541 13
8542 12
8543 12
8544 14
8545 12
8546 12
8547 12
8548 12
8549 12
8550 12
8551 13
8552 13
8553 12
8554 13
8555 12
8556 12
8557 12
8558 13
8559 12
8560 13
8561 13
8562 12
8563 12
8564 12
8565 14
8566 12
8567 12
8568 13
8569 12
8570 12
8571 12
8572 12
8573 12
8574 12
8575 14
8576 13
8577 11
8578 11
8579 14
8580 14
8581 13
8582 13
8583 13
8584 13
8585 13
8586 14
8587 12
8588 13
8589 12
8590 12
8591 13
8592 13
8593 14
8594 12
8595 13
8596 12
8597 11
8598 12
8599 13
8600 14
8601 12
8602 12
8603 13
8604 13
8605 13
8606 12
8607 14
8608 13
8609 13
8610 13
8611 13
8612 13
8613 13
8614 13
8615 13
8616 13
8617 14
8618 12
8619 13
8620 13
8621 14
8622 12
8623 13
8624 13
8625 12
8626 12
8627 13
8628 14
8629 13
8630 12
8631 14
8632 13
8633 13
8634 12
8635 14
8636 13
8637 12
8638 13
8639 13
8640 13
8641 13
8642 12
8643 13
8644 13
8645 14
8646 13
8647 12
8648 11
8649 13
8650 14
8651 13
8652 13
8653 12
8654 12
8655 13
8656 14
8657 13
8658 12
8659 13
8660 12
8661 13
8662 12
8663 14
8664 12
8665 11
8666 13
8667 12
8668 12
8669 13
8670 13
8671 13
8672 12
8673 13
8674 12
8675 12
8676 12
8677 13
8678 12
8679 13
8680 13
8681 12
8682 12
8683 12
8684 13
8685 12
8686 12
8687 12
8688 13
8689 12
8690 12
8691 14
8692 12
8693 12
8694 13
8695 12
8696 13
8697 12
8698 13
8699 13
8700 12
8701 13
8702 12
8703 13
8704 13
8705 14
8706 12
8707 13
8708 13
8709 13
8710 12
8711 12
8712 14
8713 12
8714 12
8715 14
8716 13
8717 12
8718 12
8719 14
8720 13
8721 13
8722 13
8723 13
8724 13
8725 13
8726 14
8727 13
8728 13
8729 13
8730 12
8731 13
8732 12
8733 12
8734 12
8735 13
8736 14
8737 13
8738 12
8739 13
8740 14
8741 13
8742 12
8743 14
8744 13
8745 13
8746 12
8747 14
8748 13
8749 13
8750 13
8751 13
8752 13
8753 13
8754 13
8755 13
8756 12
8757 13
8758 12
8759 13
8760 13
8761 14
8762 12
8763 13
8764 13
8765 13
8766 12
8767 13
8768 14
8769 13
8770 12
8771 14
8772 13
8773 13
8774 12
8775 14
8776 13
8777 13
8778 13
8779 13
8780 13
8781 12
8782 13
8783 13
8784 13
8785 13
8786 12
8787 13
8788 13
8789 14
8790 13
8791 12
8792 13
8793 13
8794 12
8795 13
8796 14
8797 13
8798 12
8799 13
8800 12
8801 11
8802 13
8803 14
8804 13
8805 13
8806 13
8807 13
8808 13
8809 13
8810 13
8811 13
8812 13
8813 13
8814 12
8815 13
8816 13
8817 14
8818 12
8819 13
8820 13
8821 13
8822 12
8823 13
8824 14
8825 12
8826 12
8827 13
8828 13
8829 13
8830 12
8831 14
8832 13
8833 13
8834 12
8835 13
8836 13
8837 13
8838 13
8839 13
8840 13
8841 13
8842 12
8843 13
8844 13
8845 14
8846 12
8847 13
8848 13
8849 13
8850 12
8851 13
8852 14
8853 12
8854 12
8855 14
8856 13
8857 13
8858 12
8859 14
8860 13
8861 13
8862 13
8863 13
8864 13
8865 12
8866 13
8867 13
8868 12
8869 12
8870 13
8871 12
8872 13
8873 14
8874 12
8875 13
8876 13
8877 13
8878 12
8879 13
8880 14
8881 12
8882 12
8883 13
8884 13
8885 12
8886 12
8887 14
8888 13
8889 13
8890 13
8891 13
8892 13
8893 13
8894 13
8895 13
8896 13
8897 13
8898 12
8899 13
8900 13
8901 14
8902 12
8903 13
8904 13
8905 12
8906 12
8907 13
8908 14
8909 13
8910 12
8911 13
8912 13
8913 12
8914 12
8915 13
8916 13
8917 12
8918 13
8919 12
8920 13
8921 12
8922 13
8923 12
8924 13
8925 13
8926 12
8927 12
8928 12
8929 12
8930 12
8931 13
8932 13
8933 12
8934 12
8935 12
8936 13
8937 11
8938 12
8939 12
8940 13
8941 13
8942 12
8943 13
8944 12
8945 12
8946 13
8947 12
8948 12
8949 12
8950 13
8951 12
8952 13
8953 13
8954 12
8955 12
8956 12
8957 13
8958 12
8959 12
8960 13
8961 12
8962 12
8963 12
8964 14
8965 12
8966 12
8967 13
8968 13
8969 12
8970 12
8971 14
8972 13
8973 12
8974 13
8975 13
8976 13
8977 12
8978 13
8979 12
8980 12
8981 13
8982 12
8983 13
8984 12
8985 13
8986 12
8987 12
8988 15
8989 13
8990 12
8991 13
8992 13
8993 12
8994 12
8995 13
8996 13
8997 12
8998 12
8999 13
9000 12
9001 12
9002 13
9003 12
9004 12
9005 11
9006 13
9007 12
9008 12
9009 13
9010 12
9011 13
9012 12
9013 14
9014 12
9015 12
9016 13
9017 13
9018 12
9019 13
9020 14
9021 12
9022 12
9023 13
9024 12
9025 12
9026 12
9027 13
9028 13
9029 12
9030 13
9031 13
9032 12
9033 13
9034 13
9035 13
9036 13
9037 12
9038 12
9039 12
9040 13
9041 13
9042 12
9043 12
9044 14
9045 12
9046 12
9047 13
9048 13
9049 12
9050 12
9051 13
9052 12
9053 12
9054 12
9055 14
9056 12
9057 12
9058 13
9059 12
9060 12
9061 12
9062 13
9063 12
9064 12
9065 13
9066 12
9067 12
9068 12
9069 13
9070 12
9071 12
9072 12
9073 11
9074 12
9075 12
9076 14
9077 12
9078 12
9079 13
9080 13
9081 12
9082 12
9083 14
9084 12
9085 12
9086 13
9087 13
9088 12
9089 12
9090 13
9091 12
9092 12
9093 13
9094 12
9095 12
9096 12
9097 13
9098 12
9099 12
9100 12
9101 12
9102 12
9103 12
9104 13
9105 12
9106 12
9107 13
9108 13
9109 12
9110 12
9111 13
9112 12
9113 12
9114 13
9115 12
9116 13
9117 12
9118 13
9119 12
9120 12
9121 13
9122 12
9123 13
9124 13
9125 13
9126 12
9127 12
9128 13
9129 12
9130 12
9131 12
9132 13
9133 12
9134 12
9135 12
9136 12
9137 12
9138 12
9139 13
9140 12
9141 11
9142 13
9143 12
9144 13
9145 12
9146 13
9147 12
9148 12
9149 13
9150 12
9151 13
9152 12
9153 13
9154 12
9155 12
9156 13
9157 12
9158 12
9159 12
9160 14
9161 12
9162 12
9163 13
9164 13
9165 12
9166 12
9167 14
9168 13
9169 12
9170 13
9171 12
9172 13
9173 12
9174 13
9175 13
9176 13
9177 12
9178 12
9179 12
9180 12
9181 14
9182 12
9183 12
9184 13
9185 13
9186 12
9187 12
9188 14
9189 12
9190 12
9191 13
9192 13
9193 12
9194 12
9195 13
9196 12
9197 12
9198 13
9199 12
9200 13
9201 13
9202 13
9203 12
9204 13
9205 13
9206 12
9207 12
9208 12
9209 12
9210 12
9211 12
9212 13
9213 12
9214 12
9215 12
9216 14
9217 12
9218 12
9219 13
9220 13
9221 12
9222 12
9223 13
9224 13
9225 12
9226 13
9227 12
9228 12
9229 12
9230 13
9231 12
9232 13
9233 13
9234 12
9235 12
9236 12
9237 14
9238 12
9239 13
9240 13
9241 12
9242 12
9243 12
9244 14
9245 12
9246 12
9247 13
9248 13
9249 12
9250 12
9251 13
9252 12
9253 12
9254 13
9255 12
9256 12
9257 12
9258 13
9259 12
9260 13
9261 13
9262 12
9263 12
9264 12
9265 13
9266 12
9267 12
9268 13
9269 12
9270 12
9271 12
9272 13
9273 12
9274 12
9275 13
9276 12
9277 11
9278 12
9279 14
9280 12
9281 12
9282 13
9283 12
9284 13
9285 12
9286 13
9287 12
9288 13
9289 13
9290 12
9291 12
9292 13
9293 14
9294 12
9295 13
9296 13
9297 12
9298 12
9299 13
9300 14
9301 12
9302 12
9303 13
9304 12
9305 12
9306 12
9307 13
9308 12
9309 12
9310 13
9311 13
9312 12
9313 13
9314 12
9315 12
9316 12
9317 14
9318 13
9319 11
9320 12
9321 13
9322 14
9323 12
9324 13
9325 12
9326 12
9327 12
9328 14
9329 12
9330 12
9331 12
9332 13
9333 12
9334 12
9335 13
9336 13
9337 12
9338 12
9339 12
9340 12
9341 12
9342 14
9343 12
9344 12
9345 12
9346 12
9347 12
9348 12
9349 13
9350 12
9351 12
9352 13
9353 12
9354 12
9355 12
9356 13
9357 12
9358 12
9359 12
9360 12
9361 12
9362 12
9363 13
9364 13
9365 12
9366 13
9367 12
9368 12
9369 17
9370 12
9371 12
9372 12
9373 14
9374 12
9375 11
9376 11
9377 13
9378 14
9379 13
9380 13
9381 13
9382 12
9383 13
9384 14
9385 13
9386 12
9387 13
9388 13
9389 13
9390 12
9391 14
9392 12
9393 12
9394 12
9395 12
9396 12
9397 12
9398 13
9399 13
9400 12
9401 13
9402 12
9403 12
9404 12
9405 14
9406 12
9407 12
9408 13
9409 12
9410 12
9411 12
9412 12
9413 11
9414 12
9415 13
9416 12
9417 12
9418 12
9419 14
9420 13
9421 12
9422 13
9423 13
9424 12
9425 12
9426 13
9427 13
9428 13
9429 12
9430 12
9431 12
9432 12
9433 13
9434 12
9435 12
9436 13
9437 12
9438 12
9439 12
9440 14
9441 12
9442 12
9443 12
9444 12
9445 12
9446 12
9447 13
9448 12
9449 12
9450 13
9451 12
9452 13
9453 12
9454 13
9455 12
9456 13
9457 13
9458 12
9459 12
9460 13
9461 13
9462 12
9463 12
9464 14
9465 12
9466 12
9467 12
9468 13
9469 12
9470 12
9471 13
9472 12
9473 12
9474 12
9475 13
9476 12
9477 12
9478 12
9479 12
9480 11
9481 11
9482 13
9483 12
9484 12
9485 13
9486 12
9487 12
9488 12
9489 13
9490 12
9491 12
9492 13
9493 12
9494 12
9495 12
9496 13
9497 12
9498 12
9499 12
9500 12
9501 12
9502 12
9503 13
9504 13
9505 12
9506 13
9507 12
9508 13
9509 12
9510 13
9511 12
9512 12
9513 13
9514 12
9515 12
9516 13
9517 13
9518 12
9519 12
9520 13
9521 12
9522 12
9523 13
9524 13
9525 12
9526 12
9527 13
9528 12
9529 12
9530 12
9531 13
9532 13
9533 12
9534 12
9535 13
9536 12
9537 12
9538 13
9539 12
9540 13
9541 13
9542 12
9543 12
9544 12
9545 13
9546 12
9547 12
9548 12
9549 11
9550 12
9551 12
9552 14
9553 12
9554 12
9555 13
9556 12
9557 12
9558 12
9559 14
9560 13
9561 12
9562 12
9563 13
9564 13
9565 13
9566 13
9567 12
9568 12
9569 13
9570 12
9571 12
9572 12
9573 14
9574 12
9575 12
9576 12
9577 12
9578 12
9579 12
9580 14
9581 12
9582 12
9583 13
9584 13
9585 12
9586 12
9587 13
9588 12
9589 12
9590 11
9591 13
9592 12
9593 12
9594 13
9595 13
9596 13
9597 13
9598 12
9599 12
9600 13
9601 13
9602 12
9603 13
9604 13
9605 12
9606 12
9607 12
9608 14
9609 12
9610 12
9611 13
9612 12
9613 13
9614 12
9615 13
9616 12
9617 11
9618 13
9619 12
9620 12
9621 12
9622 13
9623 13
9624 12
9625 13
9626 12
9627 12
9628 12
9629 13
9630 12
9631 12
9632 13
9633 12
9634 12
9635 12
9636 13
9637 13
9638 12
9639 13
9640 12
9641 12
9642 12
9643 14
9644 13
9645 12
9646 13
9647 13
9648 12
9649 12
9650 13
9651 13
9652 12
9653 13
9654 12
9655 13
9656 13
9657 14
9658 12
9659 12
9660 14
9661 12
9662 12
9663 12
9664 13
9665 12
9666 12
9667 13
9668 13
9669 12
9670 12
9671 13
9672 13
9673 12
9674 13
9675 13
9676 13
9677 12
9678 13
9679 13
9680 13
9681 12
9682 12
9683 12
9684 12
9685 12
9686 12
9687 12
9688 13
9689 13
9690 12
9691 12
9692 14
9693 12
9694 12
9695 13
9696 12
9697 12
9698 12
9699 13
9700 12
9701 12
9702 13
9703 12
9704 12
9705 12
9706 13
9707 12
9708 13
9709 13
9710 12
9711 12
9712 13
9713 13
9714 12
9715 12
9716 13
9717 12
9718 12
9719 13
9720 14
9721 12
9722 12
9723 13
9724 13
9725 12
9726 12
9727 13
9728 12
9729 12
9730 12
9731 12
9732 12
9733 12
9734 13
9735 12
9736 12
9737 12
9738 12
9739 13
9740 12
9741 13
9742 12
9743 13
9744 13
9745 12
9746 12
9747 12
9748 13
9749 12
9750 12
9751 12
9752 12
9753 11
9754 12
9755 13
9756 12
9757 12
9758 13
9759 13
9760 13
9761 12
9762 13
9763 13
9764 13
9765 12
9766 12
9767 12
9768 12
9769 13
9770 12
9771 12
9772 13
9773 12
9774 12
9775 13
9776 14
9777 12
9778 12
9779 13
9780 13
9781 12
9782 12
9783 14
9784 12
9785 12
9786 13
9787 12
9788 12
9789 12
9790 13
9791 13
9792 12
9793 13
9794 12
9795 12
9796 12
9797 14
9798 12
9799 12
9800 13
9801 12
9802 12
9803 12
9804 14
9805 12
9806 12
9807 12
9808 12
9809 12
9810 12
9811 13
9812 12
9813 12
9814 13
9815 13
9816 12
9817 12
9818 13
9819 12
9820 12
9821 12
9822 12
9823 12
9824 13
9825 14
9826 12
9827 12
9828 13
9829 13
9830 12
9831 12
9832 14
9833 12
9834 12
9835 13
9836 13
9837 12
9838 12
9839 14
9840 13
9841 12
9842 12
9843 12
9844 12
9845 12
9846 13
9847 12
9848 12
9849 12
9850 12
9851 12
9852 12
9853 13
9854 12
9855 13
9856 13
9857 12
9858 12
9859 12
9860 13
9861 12
9862 12
9863 12
9864 12
9865 12
9866 12
9867 13
9868 13
9869 13
9870 12
9871 12
9872 12
9873 12
9874 13
9875 12
9876 12
9877 13
9878 12
9879 12
9880 12
9881 13
9882 12
9883 13
9884 13
9885 12
9886 12
9887 12
9888 13
9889 11
9890 13
9891 12
9892 12
9893 12
9894 12
9895 14
9896 12
9897 12
9898 13
9899 12
9900 12
9901 12
9902 13
9903 13
9904 13
9905 13
9906 12
9907 13
9908 12
9909 13
9910 12
9911 12
9912 14
9913 13
9914 12
9915 13
9916 14
9917 13
9918 12
9919 13
9920 12
9921 11
9922 12
9923 14
9924 13
9925 12
9926 13
9927 13
9928 13
9929 13
9930 13
9931 13
9932 13
9933 13
9934 12
9935 13
9936 13
9937 13
9938 12
9939 13
9940 13
9941 12
9942 12
9943 13
9944 14
9945 13
9946 12
9947 14
9948 13
9949 13
9950 12
9951 14
9952 13
9953 12
9954 13
9955 13
9956 12
9957 11
9958 14
9959 12
9960 13
9961 13
9962 12
9963 13
9964 12
9965 13
9966 12
9967 13
9968 13
9969 12
9970 12
9971 13
9972 14
9973 12
9974 12
9975 14
9976 13
9977 12
9978 12
9979 14
9980 13
9981 12
9982 13
9983 13
9984 13
9985 12
9986 12
9987 13
9988 12
9989 12
9990 11
9991 11
9992 11
9993 13
9994 14
9995 13
9996 13
9997 13
9998 12
9999 13
# sum: 13
# min: 9
# max: 45
# err cnt: 2
