0 41
1 112
2 101
3 94
4 109
5 107
6 114
7 113
8 117
9 78
10 101
11 106
12 108
13 113
14 102
15 119
16 106
17 110
18 104
19 125
20 104
21 116
22 102
23 122
24 114
25 128
26 104
27 108
28 122
29 102
30 117
31 125
32 105
33 114
34 117
35 122
36 110
37 111
38 108
39 120
40 97
41 120
42 119
43 104
44 113
45 109
46 126
47 121
48 94
49 112
50 128
51 110
52 109
53 105
54 107
55 112
56 134
57 99
58 109
59 110
60 108
61 100
62 120
63 113
64 109
65 109
66 101
67 111
68 114
69 124
70 107
71 121
72 110
73 114
74 119
75 97
76 115
77 131
78 112
79 123
80 122
81 102
82 121
83 116
84 119
85 111
86 129
87 126
88 108
89 130
90 106
91 106
92 107
93 125
94 105
95 107
96 110
97 117
98 114
99 107
100 122
101 116
102 106
103 107
104 89
105 112
106 114
107 117
108 118
109 109
110 107
111 105
112 122
113 126
114 117
115 123
116 111
117 112
118 102
119 108
120 121
121 110
122 115
123 122
124 126
125 114
126 114
127 122
128 104
129 113
130 108
131 108
132 120
133 108
134 99
135 108
136 95
137 103
138 94
139 102
140 109
141 115
142 105
143 120
144 95
145 111
146 87
147 111
148 99
149 128
150 101
151 114
152 126
153 111
154 101
155 114
156 119
157 126
158 118
159 101
160 101
161 116
162 106
163 128
164 104
165 117
166 100
167 110
168 119
169 116
170 119
171 109
172 121
173 101
174 129
175 107
176 104
177 124
178 101
179 104
180 117
181 105
182 108
183 98
184 128
185 120
186 113
187 114
188 131
189 110
190 106
191 111
192 100
193 122
194 109
195 102
196 111
197 113
198 109
199 108
200 105
201 103
202 111
203 114
204 110
205 107
206 117
207 124
208 112
209 121
210 116
211 119
212 111
213 109
214 97
215 131
216 121
217 118
218 117
219 98
220 101
221 120
222 108
223 116
224 109
225 113
226 105
227 120
228 112
229 120
230 108
231 116
232 127
233 107
234 121
235 115
236 105
237 115
238 110
239 107
240 115
241 106
242 102
243 103
244 104
245 117
246 111
247 103
248 138
249 112
250 115
251 108
252 124
253 118
254 105
255 113
256 98
257 107
258 115
259 108
260 107
261 118
262 100
263 120
264 120
265 111
266 103
267 125
268 114
269 92
270 104
271 96
272 105
273 108
274 118
275 112
276 109
277 120
278 100
279 122
280 107
281 101
282 102
283 115
284 102
285 128
286 99
287 116
288 100
289 109
290 114
291 116
292 114
293 111
294 130
295 123
296 115
297 103
298 112
299 97
300 100
301 116
302 110
303 112
304 122
305 93
306 116
307 120
308 107
309 117
310 120
311 106
312 112
313 109
314 119
315 122
316 116
317 122
318 131
319 106
320 112
321 123
322 126
323 100
324 121
325 92
326 118
327 117
328 122
329 117
330 96
331 106
332 104
333 118
334 119
335 121
336 119
337 116
338 100
339 105
340 111
341 106
342 114
343 118
344 112
345 112
346 121
347 120
348 105
349 119
350 119
351 93
352 118
353 98
354 137
355 132
356 98
357 120
358 109
359 124
360 102
361 117
362 111
363 98
364 101
365 115
366 107
367 107
368 123
369 128
370 121
371 101
372 114
373 107
374 97
375 119
376 113
377 117
378 124
379 128
380 103
381 100
382 106
383 108
384 126
385 100
386 117
387 124
388 138
389 120
390 101
391 121
392 105
393 109
394 121
395 118
396 123
397 126
398 107
399 109
400 109
401 114
402 121
403 120
404 103
405 128
406 126
407 102
408 109
409 98
410 109
411 105
412 123
413 107
414 125
415 93
416 106
417 105
418 107
419 111
420 117
421 110
422 137
423 136
424 101
425 99
426 109
427 120
428 100
429 103
430 132
431 108
432 112
433 109
434 69
435 130
436 106
437 98
438 95
439 123
440 108
441 111
442 106
443 121
444 109
445 104
446 111
447 114
448 110
449 121
450 112
451 96
452 102
453 107
454 119
455 105
456 127
457 109
458 104
459 107
460 98
461 115
462 95
463 122
464 109
465 110
466 102
467 106
468 102
469 122
470 130
471 110
472 120
473 126
474 96
475 116
476 97
477 116
478 115
479 99
480 113
481 118
482 122
483 104
484 107
485 112
486 114
487 102
488 121
489 122
490 104
491 108
492 105
493 96
494 114
495 99
496 117
497 116
498 122
499 121
500 117
501 102
502 126
503 105
504 124
505 110
506 108
507 126
508 118
509 108
510 130
511 117
512 101
513 117
514 102
515 108
516 102
517 101
518 112
519 115
520 107
521 117
522 103
523 116
524 113
525 105
526 120
527 111
528 109
529 92
530 104
531 113
532 108
533 110
534 109
535 130
536 111
537 118
538 108
539 102
540 119
541 129
542 117
543 103
544 103
545 119
546 104
547 117
548 107
549 125
550 116
551 108
552 93
553 104
554 93
555 105
556 124
557 117
558 119
559 128
560 112
561 116
562 110
563 103
564 60
565 123
566 123
567 120
568 124
569 103
570 127
571 98
572 93
573 93
574 93
575 112
576 110
577 123
578 113
579 111
580 123
581 113
582 105
583 127
584 113
585 102
586 91
587 105
588 104
589 106
590 104
591 109
592 113
593 121
594 108
595 114
596 89
597 103
598 101
599 104
600 119
601 102
602 134
603 101
604 95
605 106
606 116
607 114
608 101
609 119
610 128
611 103
612 124
613 117
614 109
615 116
616 115
617 121
618 104
619 104
620 116
621 114
622 101
623 106
624 114
625 102
626 119
627 114
628 106
629 86
630 117
631 131
632 100
633 114
634 104
635 124
636 132
637 123
638 123
639 112
640 105
641 121
642 104
643 116
644 119
645 111
646 109
647 113
648 106
649 127
650 114
651 110
652 119
653 115
654 102
655 114
656 104
657 103
658 109
659 113
660 106
661 102
662 123
663 118
664 105
665 95
666 103
667 114
668 132
669 101
670 113
671 105
672 103
673 115
674 117
675 116
676 104
677 125
678 105
679 104
680 105
681 97
682 103
683 94
684 121
685 131
686 100
687 122
688 122
689 122
690 97
691 122
692 108
693 130
694 122
695 110
696 103
697 122
698 101
699 118
700 120
701 113
702 99
703 108
704 104
705 102
706 117
707 116
708 128
709 103
710 116
711 125
712 111
713 122
714 117
715 115
716 109
717 126
718 102
719 107
720 107
721 109
722 111
723 108
724 107
725 115
726 113
727 108
728 118
729 116
730 93
731 130
732 120
733 92
734 104
735 122
736 123
737 114
738 109
739 124
740 119
741 102
742 108
743 106
744 121
745 128
746 117
747 107
748 117
749 104
750 107
751 99
752 111
753 119
754 127
755 115
756 122
757 112
758 112
759 112
760 121
761 117
762 98
763 106
764 114
765 99
766 95
767 128
768 118
769 122
770 115
771 115
772 116
773 105
774 118
775 110
776 104
777 115
778 111
779 91
780 117
781 103
782 100
783 106
784 110
785 107
786 110
787 121
788 131
789 102
790 110
791 112
792 95
793 114
794 119
795 104
796 116
797 100
798 95
799 109
800 115
801 128
802 124
803 109
804 123
805 105
806 120
807 103
808 110
809 118
810 110
811 103
812 122
813 98
814 105
815 106
816 97
817 105
818 109
819 101
820 126
821 101
822 118
823 110
824 110
825 101
826 121
827 108
828 102
829 104
830 117
831 112
832 97
833 91
834 114
835 106
836 120
837 113
838 103
839 105
840 98
841 115
842 108
843 120
844 114
845 99
846 112
847 113
848 124
849 112
850 106
851 107
852 129
853 100
854 111
855 120
856 113
857 110
858 120
859 112
860 105
861 101
862 112
863 101
864 105
865 107
866 120
867 112
868 110
869 120
870 115
871 99
872 138
873 107
874 111
875 105
876 126
877 98
878 120
879 108
880 100
881 111
882 105
883 114
884 103
885 123
886 106
887 118
888 115
889 122
890 123
891 108
892 120
893 123
894 105
895 112
896 111
897 107
898 96
899 110
900 117
901 107
902 115
903 106
904 126
905 112
906 113
907 114
908 115
909 119
910 115
911 116
912 120
913 106
914 101
915 128
916 122
917 117
918 120
919 95
920 97
921 122
922 125
923 113
924 118
925 124
926 116
927 131
928 117
929 100
930 121
931 87
932 114
933 110
934 127
935 104
936 108
937 107
938 107
939 123
940 132
941 114
942 100
943 109
944 124
945 106
946 124
947 114
948 107
949 120
950 101
951 116
952 95
953 98
954 86
955 110
956 114
957 126
958 108
959 107
960 105
961 105
962 101
963 94
964 100
965 112
966 122
967 97
968 112
969 120
970 120
971 102
972 119
973 102
974 111
975 104
976 124
977 124
978 99
979 115
980 125
981 111
982 126
983 115
984 104
985 111
986 121
987 105
988 126
989 111
990 104
991 107
992 108
993 106
994 100
995 100
996 114
997 99
998 103
999 116
1000 112
1001 98
1002 118
1003 108
1004 130
1005 119
1006 114
1007 114
1008 112
1009 105
1010 51
1011 95
1012 135
1013 100
1014 100
1015 123
1016 115
1017 108
1018 112
1019 122
1020 110
1021 120
1022 94
1023 115
1024 108
1025 124
1026 109
1027 106
1028 106
1029 103
1030 124
1031 113
1032 109
1033 107
1034 106
1035 127
1036 121
1037 113
1038 111
1039 101
1040 101
1041 115
1042 112
1043 105
1044 99
1045 108
1046 114
1047 109
1048 114
1049 117
1050 121
1051 108
1052 102
1053 112
1054 110
1055 98
1056 110
1057 116
1058 111
1059 115
1060 129
1061 109
1062 110
1063 108
1064 104
1065 111
1066 112
1067 117
1068 110
1069 122
1070 104
1071 95
1072 121
1073 118
1074 121
1075 122
1076 109
1077 115
1078 107
1079 118
1080 100
1081 113
1082 106
1083 122
1084 121
1085 121
1086 94
1087 106
1088 112
1089 108
1090 119
1091 107
1092 97
1093 110
1094 123
1095 119
1096 112
1097 115
1098 107
1099 95
1100 115
1101 118
1102 115
1103 89
1104 108
1105 125
1106 103
1107 90
1108 109
1109 108
1110 128
1111 124
1112 113
1113 104
1114 106
1115 115
1116 101
1117 95
1118 118
1119 107
1120 129
1121 117
1122 103
1123 111
1124 109
1125 116
1126 129
1127 135
1128 113
1129 112
1130 111
1131 112
1132 104
1133 97
1134 111
1135 113
1136 114
1137 102
1138 107
1139 117
1140 101
1141 118
1142 102
1143 105
1144 113
1145 120
1146 111
1147 93
1148 122
1149 131
1150 100
1151 123
1152 117
1153 108
1154 105
1155 102
1156 111
1157 126
1158 107
1159 109
1160 109
1161 114
1162 108
1163 110
1164 110
1165 93
1166 108
1167 103
1168 120
1169 120
1170 127
1171 109
1172 117
1173 115
1174 103
1175 120
1176 111
1177 117
1178 117
1179 116
1180 105
1181 122
1182 109
1183 123
1184 94
1185 118
1186 102
1187 110
1188 103
1189 109
1190 109
1191 109
1192 104
1193 116
1194 113
1195 117
1196 119
1197 112
1198 98
1199 131
1200 94
1201 108
1202 100
1203 135
1204 108
1205 109
1206 118
1207 116
1208 119
1209 107
1210 107
1211 110
1212 106
1213 119
1214 107
1215 120
1216 105
1217 104
1218 100
1219 116
1220 103
1221 115
1222 125
1223 111
1224 92
1225 105
1226 103
1227 124
1228 106
1229 132
1230 115
1231 113
1232 104
1233 118
1234 97
1235 108
1236 99
1237 122
1238 110
1239 124
1240 110
1241 128
1242 111
1243 110
1244 118
1245 111
1246 115
1247 95
1248 108
1249 120
1250 108
1251 98
1252 105
1253 115
1254 107
1255 120
1256 115
1257 102
1258 118
1259 100
1260 116
1261 121
1262 118
1263 102
1264 117
1265 119
1266 94
1267 111
1268 120
1269 108
1270 114
1271 125
1272 109
1273 115
1274 94
1275 121
1276 102
1277 104
1278 100
1279 101
1280 119
1281 120
1282 113
1283 94
1284 97
1285 28
1286 15
1287 55
1288 62
1289 119
1290 138
1291 115
1292 103
1293 122
1294 61
1295 110
1296 120
1297 132
1298 111
1299 111
1300 99
1301 59
1302 117
1303 111
1304 115
1305 130
1306 130
1307 106
1308 119
1309 128
1310 120
1311 132
1312 124
1313 117
1314 102
1315 121
1316 117
1317 124
1318 112
1319 109
1320 106
1321 114
1322 120
1323 125
1324 109
1325 125
1326 126
1327 116
1328 116
1329 128
1330 114
1331 128
1332 136
1333 119
1334 117
1335 121
1336 107
1337 125
1338 122
1339 137
1340 120
1341 131
1342 123
1343 109
1344 102
1345 106
1346 115
1347 124
1348 133
1349 125
1350 115
1351 102
1352 127
1353 127
1354 118
1355 128
1356 131
1357 117
1358 128
1359 130
1360 121
1361 121
1362 121
1363 123
1364 120
1365 113
1366 105
1367 102
1368 113
1369 122
1370 113
1371 116
1372 122
1373 118
1374 126
1375 125
1376 125
1377 119
1378 103
1379 127
1380 110
1381 106
1382 130
1383 133
1384 108
1385 122
1386 134
1387 101
1388 112
1389 115
1390 123
1391 131
1392 118
1393 103
1394 116
1395 124
1396 122
1397 113
1398 119
1399 140
1400 124
1401 124
1402 118
1403 122
1404 117
1405 105
1406 108
1407 97
1408 104
1409 97
1410 122
1411 130
1412 115
1413 115
1414 118
1415 134
1416 133
1417 102
1418 117
1419 107
1420 123
1421 116
1422 120
1423 115
1424 113
1425 97
1426 120
1427 123
1428 112
1429 115
1430 125
1431 112
1432 139
1433 128
1434 123
1435 130
1436 116
1437 126
1438 115
1439 122
1440 115
1441 98
1442 116
1443 107
1444 113
1445 122
1446 133
1447 129
1448 103
1449 111
1450 116
1451 117
1452 132
1453 114
1454 117
1455 114
1456 116
1457 100
1458 120
1459 125
1460 122
1461 127
1462 114
1463 128
1464 100
1465 100
1466 115
1467 131
1468 127
1469 108
1470 114
1471 111
1472 121
1473 98
1474 101
1475 126
1476 128
1477 122
1478 105
1479 109
1480 114
1481 116
1482 101
1483 115
1484 124
1485 132
1486 119
1487 116
1488 116
1489 112
1490 119
1491 115
1492 98
1493 109
1494 133
1495 100
1496 99
1497 135
1498 105
1499 111
1500 116
1501 112
1502 120
1503 124
1504 128
1505 110
1506 109
1507 112
1508 117
1509 107
1510 126
1511 118
1512 91
1513 119
1514 110
1515 105
1516 125
1517 111
1518 131
1519 116
1520 122
1521 134
1522 118
1523 109
1524 120
1525 120
1526 117
1527 115
1528 115
1529 124
1530 120
1531 122
1532 138
1533 123
1534 111
1535 129
1536 124
1537 125
1538 105
1539 107
1540 119
1541 106
1542 120
1543 120
1544 125
1545 111
1546 107
1547 109
1548 131
1549 126
1550 108
1551 136
1552 128
1553 101
1554 125
1555 123
1556 105
1557 106
1558 122
1559 117
1560 105
1561 130
1562 124
1563 115
1564 114
1565 114
1566 118
1567 104
1568 113
1569 124
1570 117
1571 114
1572 129
1573 120
1574 94
1575 123
1576 108
1577 117
1578 90
1579 121
1580 131
1581 119
1582 119
1583 117
1584 108
1585 119
1586 121
1587 122
1588 115
1589 105
1590 121
1591 129
1592 103
1593 133
1594 123
1595 122
1596 116
1597 130
1598 118
1599 124
1600 101
1601 124
1602 128
1603 123
1604 119
1605 109
1606 118
1607 114
1608 115
1609 122
1610 131
1611 107
1612 101
1613 122
1614 109
1615 134
1616 104
1617 139
1618 115
1619 120
1620 147
1621 117
1622 118
1623 116
1624 119
1625 123
1626 128
1627 126
1628 135
1629 111
1630 107
1631 116
1632 119
1633 116
1634 123
1635 110
1636 103
1637 142
1638 112
1639 121
1640 108
1641 119
1642 125
1643 129
1644 121
1645 119
1646 111
1647 107
1648 123
1649 128
1650 113
1651 107
1652 108
1653 99
1654 121
1655 120
1656 128
1657 112
1658 135
1659 117
1660 135
1661 105
1662 112
1663 132
1664 113
1665 53
1666 112
1667 101
1668 114
1669 101
1670 125
1671 123
1672 134
1673 118
1674 131
1675 130
1676 132
1677 105
1678 108
1679 99
1680 109
1681 107
1682 117
1683 117
1684 109
1685 135
1686 121
1687 133
1688 137
1689 116
1690 113
1691 103
1692 97
1693 113
1694 120
1695 108
1696 125
1697 99
1698 126
1699 104
1700 125
1701 116
1702 122
1703 97
1704 124
1705 113
1706 98
1707 114
1708 131
1709 131
1710 117
1711 120
1712 120
1713 125
1714 128
1715 125
1716 111
1717 115
1718 121
1719 105
1720 113
1721 104
1722 115
1723 130
1724 121
1725 135
1726 127
1727 112
1728 126
1729 106
1730 131
1731 123
1732 114
1733 110
1734 110
1735 96
1736 121
1737 99
1738 99
1739 122
1740 110
1741 118
1742 103
1743 113
1744 117
1745 126
1746 108
1747 116
1748 110
1749 119
1750 117
1751 85
1752 105
1753 136
1754 115
1755 116
1756 133
1757 120
1758 99
1759 114
1760 111
1761 113
1762 122
1763 124
1764 124
1765 102
1766 112
1767 126
1768 104
1769 109
1770 134
1771 111
1772 129
1773 122
1774 127
1775 115
1776 124
1777 114
1778 120
1779 120
1780 121
1781 126
1782 116
1783 95
1784 120
1785 117
1786 124
1787 122
1788 124
1789 127
1790 141
1791 117
1792 108
1793 120
1794 117
1795 109
1796 112
1797 104
1798 105
1799 109
1800 116
1801 102
1802 116
1803 115
1804 114
1805 105
1806 119
1807 118
1808 139
1809 136
1810 108
1811 121
1812 112
1813 109
1814 99
1815 111
1816 126
1817 134
1818 134
1819 126
1820 96
1821 123
1822 116
1823 121
1824 132
1825 108
1826 119
1827 114
1828 102
1829 124
1830 124
1831 122
1832 114
1833 128
1834 112
1835 123
1836 121
1837 135
1838 100
1839 121
1840 119
1841 135
1842 124
1843 107
1844 110
1845 131
1846 119
1847 112
1848 126
1849 113
1850 130
1851 117
1852 108
1853 105
1854 105
1855 105
1856 120
1857 110
1858 124
1859 131
1860 116
1861 125
1862 119
1863 102
1864 118
1865 122
1866 113
1867 116
1868 125
1869 108
1870 120
1871 123
1872 106
1873 126
1874 116
1875 141
1876 106
1877 119
1878 127
1879 114
1880 112
1881 110
1882 130
1883 100
1884 113
1885 112
1886 118
1887 101
1888 117
1889 108
1890 119
1891 125
1892 137
1893 101
1894 128
1895 119
1896 114
1897 114
1898 110
1899 123
1900 125
1901 119
1902 130
1903 138
1904 120
1905 117
1906 116
1907 117
1908 130
1909 115
1910 116
1911 129
1912 120
1913 132
1914 123
1915 127
1916 119
1917 131
1918 119
1919 128
1920 124
1921 119
1922 123
1923 116
1924 119
1925 131
1926 136
1927 117
1928 121
1929 135
1930 107
1931 111
1932 117
1933 94
1934 123
1935 98
1936 119
1937 120
1938 105
1939 111
1940 133
1941 116
1942 109
1943 123
1944 115
1945 132
1946 99
1947 128
1948 119
1949 108
1950 127
1951 128
1952 109
1953 108
1954 131
1955 127
1956 108
1957 116
1958 132
1959 116
1960 128
1961 119
1962 119
1963 121
1964 106
1965 102
1966 116
1967 112
1968 120
1969 111
1970 140
1971 114
1972 127
1973 128
1974 123
1975 134
1976 102
1977 139
1978 121
1979 124
1980 103
1981 108
1982 113
1983 127
1984 114
1985 108
1986 106
1987 119
1988 98
1989 117
1990 105
1991 123
1992 115
1993 114
1994 136
1995 107
1996 120
1997 117
1998 121
1999 108
2000 127
2001 134
2002 104
2003 120
2004 123
2005 121
2006 124
2007 110
2008 112
2009 117
2010 131
2011 144
2012 133
2013 103
2014 118
2015 109
2016 117
2017 108
2018 121
2019 106
2020 108
2021 107
2022 131
2023 108
2024 119
2025 116
2026 106
2027 114
2028 122
2029 127
2030 112
2031 119
2032 136
2033 113
2034 125
2035 120
2036 114
2037 116
2038 119
2039 123
2040 127
2041 118
2042 104
2043 111
2044 106
2045 123
2046 124
2047 139
2048 134
2049 112
2050 125
2051 126
2052 111
2053 120
2054 124
2055 112
2056 137
2057 128
2058 97
2059 112
2060 119
2061 102
2062 136
2063 110
2064 124
2065 119
2066 105
2067 111
2068 115
2069 115
2070 124
2071 107
2072 118
2073 129
2074 119
2075 128
2076 107
2077 106
2078 110
2079 138
2080 112
2081 100
2082 107
2083 122
2084 119
2085 107
2086 117
2087 111
2088 96
2089 142
2090 113
2091 122
2092 124
2093 118
2094 128
2095 94
2096 136
2097 122
2098 117
2099 121
2100 108
2101 124
2102 126
2103 124
2104 121
2105 125
2106 127
2107 118
2108 102
2109 116
2110 120
2111 131
2112 114
2113 116
2114 107
2115 107
2116 113
2117 113
2118 109
2119 130
2120 121
2121 97
2122 123
2123 119
2124 115
2125 123
2126 131
2127 113
2128 131
2129 123
2130 133
2131 129
2132 111
2133 118
2134 133
2135 124
2136 106
2137 103
2138 117
2139 95
2140 91
2141 114
2142 118
2143 97
2144 120
2145 130
2146 99
2147 127
2148 137
2149 120
2150 127
2151 119
2152 129
2153 120
2154 129
2155 105
2156 122
2157 126
2158 112
2159 101
2160 122
2161 110
2162 131
2163 135
2164 127
2165 121
2166 126
2167 109
2168 130
2169 110
2170 128
2171 129
2172 109
2173 109
2174 110
2175 119
2176 104
2177 104
2178 120
2179 96
2180 121
2181 128
2182 125
2183 115
2184 121
2185 136
2186 121
2187 114
2188 102
2189 107
2190 123
2191 111
2192 106
2193 129
2194 105
2195 110
2196 113
2197 113
2198 124
2199 133
2200 130
2201 101
2202 116
2203 104
2204 105
2205 125
2206 112
2207 134
2208 135
2209 122
2210 118
2211 97
2212 116
2213 120
2214 104
2215 127
2216 116
2217 107
2218 100
2219 114
2220 107
2221 133
2222 134
2223 118
2224 125
2225 133
2226 118
2227 115
2228 134
2229 125
2230 121
2231 106
2232 128
2233 115
2234 115
2235 118
2236 144
2237 131
2238 111
2239 123
2240 120
2241 143
2242 131
2243 129
2244 126
2245 120
2246 114
2247 116
2248 121
2249 115
2250 122
2251 134
2252 119
2253 115
2254 122
2255 111
2256 123
2257 138
2258 136
2259 106
2260 109
2261 109
2262 120
2263 120
2264 113
2265 128
2266 117
2267 126
2268 106
2269 133
2270 116
2271 108
2272 116
2273 108
2274 115
2275 110
2276 135
2277 107
2278 107
2279 122
2280 120
2281 111
2282 116
2283 127
2284 130
2285 117
2286 113
2287 123
2288 100
2289 90
2290 125
2291 117
2292 115
2293 133
2294 117
2295 113
2296 129
2297 116
2298 104
2299 112
2300 142
2301 127
2302 114
2303 106
2304 129
2305 126
2306 141
2307 109
2308 112
2309 121
2310 94
2311 107
2312 114
2313 123
2314 97
2315 121
2316 115
2317 129
2318 121
2319 116
2320 110
2321 123
2322 145
2323 115
2324 137
2325 116
2326 119
2327 122
2328 118
2329 117
2330 123
2331 119
2332 118
2333 119
2334 142
2335 129
2336 117
2337 118
2338 119
2339 132
2340 135
2341 115
2342 105
2343 121
2344 95
2345 122
2346 132
2347 133
2348 111
2349 131
2350 120
2351 122
2352 104
2353 130
2354 100
2355 117
2356 124
2357 127
2358 115
2359 128
2360 108
2361 110
2362 139
2363 133
2364 130
2365 113
2366 122
2367 113
2368 127
2369 117
2370 125
2371 128
2372 103
2373 131
2374 115
2375 101
2376 127
2377 135
2378 141
2379 128
2380 107
2381 119
2382 119
2383 131
2384 120
2385 141
2386 119
2387 127
2388 112
2389 73
2390 123
2391 118
2392 113
2393 126
2394 132
2395 138
2396 129
2397 117
2398 101
2399 112
2400 134
2401 106
2402 127
2403 102
2404 117
2405 134
2406 100
2407 110
2408 128
2409 117
2410 109
2411 85
2412 124
2413 122
2414 113
2415 128
2416 128
2417 110
2418 120
2419 122
2420 140
2421 115
2422 127
2423 123
2424 125
2425 115
2426 99
2427 107
2428 109
2429 102
2430 106
2431 112
2432 106
2433 114
2434 115
2435 130
2436 110
2437 132
2438 125
2439 109
2440 110
2441 129
2442 98
2443 117
2444 123
2445 120
2446 103
2447 109
2448 114
2449 134
2450 128
2451 128
2452 114
2453 118
2454 111
2455 115
2456 122
2457 93
2458 143
2459 122
2460 127
2461 114
2462 127
2463 127
2464 113
2465 114
2466 130
2467 97
2468 129
2469 123
2470 128
2471 113
2472 124
2473 104
2474 137
2475 111
2476 127
2477 101
2478 116
2479 111
2480 122
2481 112
2482 107
2483 114
2484 107
2485 125
2486 119
2487 129
2488 92
2489 117
2490 121
2491 127
2492 119
2493 118
2494 132
2495 113
2496 130
2497 107
2498 128
2499 101
2500 125
2501 119
2502 119
2503 107
2504 125
2505 123
2506 118
2507 108
2508 111
2509 118
2510 124
2511 100
2512 110
2513 110
2514 123
2515 112
2516 107
2517 121
2518 121
2519 100
2520 125
2521 142
2522 104
2523 115
2524 128
2525 111
2526 109
2527 110
2528 110
2529 109
2530 141
2531 104
2532 119
2533 132
2534 111
2535 114
2536 119
2537 137
2538 141
2539 119
2540 117
2541 96
2542 125
2543 120
2544 117
2545 107
2546 111
2547 116
2548 109
2549 120
2550 116
2551 129
2552 124
2553 114
2554 121
2555 133
2556 124
2557 106
2558 141
2559 133
2560 115
2561 114
2562 114
2563 128
2564 118
2565 124
2566 105
2567 112
2568 108
2569 113
2570 108
2571 131
2572 107
2573 130
2574 102
2575 115
2576 104
2577 103
2578 100
2579 99
2580 98
2581 110
2582 122
2583 102
2584 118
2585 125
2586 117
2587 126
2588 136
2589 138
2590 100
2591 99
2592 103
2593 136
2594 109
2595 121
2596 118
2597 110
2598 119
2599 114
2600 119
2601 126
2602 115
2603 126
2604 127
2605 120
2606 124
2607 106
2608 124
2609 101
2610 130
2611 113
2612 120
2613 122
2614 113
2615 126
2616 101
2617 108
2618 126
2619 120
2620 112
2621 110
2622 128
2623 116
2624 126
2625 121
2626 118
2627 116
2628 122
2629 117
2630 128
2631 138
2632 117
2633 107
2634 120
2635 105
2636 116
2637 127
2638 121
2639 116
2640 125
2641 123
2642 122
2643 121
2644 102
2645 113
2646 106
2647 107
2648 118
2649 127
2650 112
2651 112
2652 116
2653 130
2654 119
2655 114
2656 116
2657 135
2658 110
2659 130
2660 105
2661 124
2662 117
2663 123
2664 131
2665 112
2666 137
2667 123
2668 135
2669 110
2670 103
2671 115
2672 116
2673 118
2674 113
2675 107
2676 100
2677 115
2678 114
2679 113
2680 107
2681 105
2682 126
2683 118
2684 112
2685 116
2686 122
2687 111
2688 103
2689 108
2690 117
2691 130
2692 109
2693 136
2694 128
2695 113
2696 102
2697 129
2698 106
2699 127
2700 114
2701 103
2702 113
2703 130
2704 119
2705 118
2706 112
2707 99
2708 106
2709 136
2710 116
2711 114
2712 122
2713 113
2714 104
2715 127
2716 120
2717 112
2718 139
2719 107
2720 109
2721 115
2722 110
2723 120
2724 115
2725 109
2726 127
2727 130
2728 115
2729 113
2730 124
2731 139
2732 123
2733 111
2734 124
2735 100
2736 96
2737 139
2738 105
2739 121
2740 102
2741 126
2742 132
2743 113
2744 124
2745 129
2746 126
2747 113
2748 111
2749 124
2750 119
2751 130
2752 127
2753 116
2754 123
2755 125
2756 112
2757 115
2758 113
2759 134
2760 114
2761 126
2762 132
2763 113
2764 115
2765 113
2766 107
2767 119
2768 93
2769 136
2770 122
2771 94
2772 125
2773 119
2774 101
2775 113
2776 124
2777 126
2778 119
2779 113
2780 126
2781 124
2782 108
2783 120
2784 104
2785 122
2786 134
2787 124
2788 97
2789 114
2790 127
2791 114
2792 116
2793 118
2794 112
2795 113
2796 115
2797 113
2798 110
2799 104
2800 105
2801 126
2802 104
2803 114
2804 115
2805 120
2806 122
2807 121
2808 120
2809 117
2810 105
2811 119
2812 113
2813 133
2814 107
2815 125
2816 106
2817 111
2818 116
2819 123
2820 117
2821 122
2822 130
2823 113
2824 107
2825 114
2826 99
2827 135
2828 116
2829 117
2830 102
2831 103
2832 119
2833 113
2834 120
2835 132
2836 105
2837 127
2838 107
2839 106
2840 114
2841 112
2842 122
2843 106
2844 128
2845 96
2846 114
2847 111
2848 135
2849 120
2850 139
2851 102
2852 131
2853 89
2854 114
2855 123
2856 116
2857 123
2858 138
2859 106
2860 114
2861 141
2862 119
2863 115
2864 105
2865 129
2866 126
2867 119
2868 116
2869 123
2870 117
2871 111
2872 118
2873 102
2874 104
2875 108
2876 119
2877 118
2878 119
2879 114
2880 119
2881 122
2882 98
2883 116
2884 129
2885 123
2886 121
2887 116
2888 121
2889 115
2890 108
2891 113
2892 98
2893 116
2894 130
2895 119
2896 128
2897 105
2898 127
2899 110
2900 118
2901 114
2902 122
2903 110
2904 133
2905 111
2906 128
2907 122
2908 111
2909 133
2910 120
2911 121
2912 139
2913 114
2914 94
2915 116
2916 128
2917 120
2918 99
2919 131
2920 107
2921 122
2922 121
2923 99
2924 108
2925 110
2926 121
2927 108
2928 106
2929 132
2930 108
2931 122
2932 114
2933 133
2934 109
2935 89
2936 120
2937 128
2938 133
2939 136
2940 102
2941 97
2942 128
2943 117
2944 110
2945 122
2946 137
2947 101
2948 105
2949 111
2950 120
2951 110
2952 44
2953 17
2954 31
2955 32
2956 33
2957 38
2958 40
2959 48
2960 144
2961 110
2962 56
2963 58
2964 79
2965 83
2966 62
2967 47
2968 32
2969 28
2970 37
2971 33
2972 32
2973 37
2974 28
2975 31
2976 36
2977 37
2978 104
2979 20
2980 37
2981 61
2982 96
2983 53
2984 50
2985 110
2986 141
2987 123
2988 126
2989 121
2990 85
2991 128
2992 117
2993 108
2994 139
2995 122
2996 127
2997 108
2998 128
2999 112
3000 129
3001 123
3002 117
3003 135
3004 125
3005 113
3006 104
3007 134
3008 108
3009 116
3010 118
3011 121
3012 130
3013 138
3014 109
3015 109
3016 128
3017 126
3018 117
3019 126
3020 133
3021 125
3022 125
3023 110
3024 70
3025 99
3026 115
3027 133
3028 139
3029 133
3030 126
3031 130
3032 126
3033 130
3034 114
3035 111
3036 117
3037 131
3038 126
3039 128
3040 127
3041 116
3042 121
3043 118
3044 123
3045 123
3046 123
3047 136
3048 114
3049 112
3050 125
3051 128
3052 127
3053 120
3054 122
3055 127
3056 107
3057 104
3058 80
3059 121
3060 125
3061 138
3062 126
3063 127
3064 117
3065 115
3066 111
3067 110
3068 113
3069 112
3070 118
3071 130
3072 116
3073 125
3074 125
3075 114
3076 130
3077 123
3078 100
3079 120
3080 132
3081 117
3082 131
3083 103
3084 131
3085 96
3086 136
3087 128
3088 138
3089 127
3090 121
3091 112
3092 118
3093 135
3094 108
3095 111
3096 137
3097 113
3098 108
3099 115
3100 116
3101 126
3102 126
3103 122
3104 122
3105 114
3106 126
3107 126
3108 115
3109 122
3110 128
3111 119
3112 126
3113 117
3114 116
3115 126
3116 115
3117 106
3118 110
3119 131
3120 139
3121 106
3122 138
3123 110
3124 128
3125 125
3126 112
3127 132
3128 126
3129 119
3130 123
3131 126
3132 138
3133 120
3134 117
3135 133
3136 123
3137 128
3138 125
3139 111
3140 106
3141 152
3142 138
3143 122
3144 119
3145 110
3146 123
3147 109
3148 129
3149 110
3150 124
3151 114
3152 121
3153 137
3154 121
3155 111
3156 113
3157 129
3158 110
3159 130
3160 123
3161 122
3162 127
3163 114
3164 110
3165 111
3166 118
3167 138
3168 125
3169 132
3170 123
3171 101
3172 127
3173 133
3174 122
3175 113
3176 108
3177 147
3178 124
3179 122
3180 124
3181 110
3182 120
3183 132
3184 119
3185 121
3186 111
3187 134
3188 107
3189 132
3190 116
3191 123
3192 110
3193 142
3194 110
3195 124
3196 118
3197 114
3198 111
3199 118
3200 136
3201 120
3202 126
3203 117
3204 81
3205 116
3206 105
3207 130
3208 116
3209 117
3210 128
3211 124
3212 135
3213 114
3214 122
3215 128
3216 110
3217 125
3218 112
3219 130
3220 121
3221 115
3222 123
3223 135
3224 121
3225 108
3226 134
3227 114
3228 123
3229 100
3230 114
3231 113
3232 137
3233 132
3234 128
3235 120
3236 121
3237 124
3238 110
3239 132
3240 124
3241 130
3242 124
3243 132
3244 122
3245 128
3246 123
3247 142
3248 130
3249 116
3250 115
3251 109
3252 113
3253 120
3254 115
3255 115
3256 121
3257 116
3258 132
3259 135
3260 120
3261 119
3262 108
3263 104
3264 120
3265 135
3266 127
3267 130
3268 131
3269 115
3270 122
3271 110
3272 128
3273 132
3274 116
3275 126
3276 125
3277 127
3278 120
3279 123
3280 120
3281 130
3282 123
3283 126
3284 114
3285 138
3286 133
3287 122
3288 123
3289 115
3290 121
3291 106
3292 110
3293 122
3294 128
3295 118
3296 134
3297 137
3298 127
3299 119
3300 113
3301 133
3302 132
3303 127
3304 125
3305 107
3306 114
3307 118
3308 119
3309 122
3310 137
3311 121
3312 113
3313 95
3314 86
3315 122
3316 131
3317 118
3318 124
3319 124
3320 114
3321 116
3322 94
3323 130
3324 131
3325 140
3326 101
3327 122
3328 141
3329 128
3330 130
3331 107
3332 112
3333 119
3334 121
3335 124
3336 142
3337 126
3338 121
3339 114
3340 123
3341 130
3342 131
3343 127
3344 109
3345 129
3346 117
3347 111
3348 115
3349 122
3350 117
3351 117
3352 119
3353 129
3354 133
3355 129
3356 93
3357 101
3358 131
3359 121
3360 108
3361 123
3362 131
3363 122
3364 107
3365 145
3366 126
3367 121
3368 129
3369 118
3370 105
3371 106
3372 115
3373 123
3374 115
3375 126
3376 115
3377 135
3378 116
3379 110
3380 116
3381 127
3382 119
3383 127
3384 113
3385 121
3386 131
3387 119
3388 121
3389 128
3390 122
3391 132
3392 129
3393 115
3394 120
3395 116
3396 125
3397 135
3398 117
3399 117
3400 116
3401 126
3402 122
3403 117
3404 121
3405 107
3406 129
3407 153
3408 69
3409 128
3410 109
3411 116
3412 127
3413 133
3414 137
3415 112
3416 122
3417 117
3418 116
3419 131
3420 117
3421 131
3422 105
3423 120
3424 139
3425 71
3426 108
3427 118
3428 109
3429 110
3430 113
3431 105
3432 118
3433 121
3434 121
3435 119
3436 135
3437 125
3438 149
3439 101
3440 111
3441 118
3442 120
3443 117
3444 129
3445 124
3446 135
3447 103
3448 100
3449 118
3450 108
3451 112
3452 102
3453 117
3454 132
3455 140
3456 133
3457 134
3458 108
3459 107
3460 124
3461 129
3462 131
3463 124
3464 119
3465 130
3466 117
3467 124
3468 111
3469 130
3470 125
3471 112
3472 138
3473 111
3474 107
3475 107
3476 109
3477 118
3478 120
3479 130
3480 130
3481 126
3482 131
3483 112
3484 126
3485 113
3486 126
3487 107
3488 123
3489 112
3490 105
3491 127
3492 129
3493 67
3494 129
3495 115
3496 110
3497 122
3498 120
3499 113
3500 121
3501 133
3502 118
3503 112
3504 118
3505 116
3506 115
3507 118
3508 134
3509 104
3510 132
3511 130
3512 125
3513 114
3514 126
3515 134
3516 129
3517 111
3518 113
3519 115
3520 118
3521 123
3522 120
3523 144
3524 98
3525 143
3526 117
3527 110
3528 119
3529 116
3530 102
3531 115
3532 131
3533 131
3534 129
3535 104
3536 111
3537 120
3538 111
3539 124
3540 126
3541 117
3542 143
3543 134
3544 70
3545 127
3546 114
3547 110
3548 121
3549 123
3550 131
3551 114
3552 125
3553 141
3554 113
3555 117
3556 118
3557 116
3558 121
3559 124
3560 99
3561 128
3562 118
3563 123
3564 115
3565 137
3566 108
3567 118
3568 114
3569 109
3570 121
3571 120
3572 101
3573 117
3574 128
3575 143
3576 120
3577 104
3578 116
3579 126
3580 121
3581 111
3582 114
3583 124
3584 131
3585 129
3586 126
3587 109
3588 116
3589 122
3590 121
3591 136
3592 122
3593 122
3594 104
3595 142
3596 116
3597 123
3598 110
3599 123
3600 131
3601 115
3602 113
3603 114
3604 112
3605 131
3606 129
3607 117
3608 134
3609 113
3610 133
3611 120
3612 137
3613 140
3614 120
3615 119
3616 126
3617 136
3618 135
3619 121
3620 131
3621 115
3622 137
3623 118
3624 112
3625 128
3626 115
3627 115
3628 112
3629 125
3630 120
3631 109
3632 121
3633 102
3634 111
3635 136
3636 111
3637 119
3638 118
3639 102
3640 112
3641 116
3642 110
3643 121
3644 135
3645 113
3646 131
3647 122
3648 115
3649 137
3650 111
3651 112
3652 136
3653 138
3654 118
3655 132
3656 136
3657 125
3658 117
3659 108
3660 125
3661 130
3662 138
3663 110
3664 117
3665 144
3666 125
3667 118
3668 118
3669 120
3670 110
3671 132
3672 123
3673 77
3674 115
3675 132
3676 121
3677 129
3678 121
3679 137
3680 118
3681 139
3682 128
3683 128
3684 128
3685 128
3686 148
3687 110
3688 116
3689 121
3690 129
3691 131
3692 118
3693 129
3694 115
3695 119
3696 126
3697 122
3698 118
3699 126
3700 136
3701 129
3702 130
3703 131
3704 136
3705 127
3706 132
3707 110
3708 104
3709 118
3710 111
3711 122
3712 114
3713 132
3714 112
3715 115
3716 110
3717 112
3718 125
3719 122
3720 120
3721 133
3722 117
3723 120
3724 67
3725 139
3726 114
3727 122
3728 116
3729 120
3730 121
3731 102
3732 134
3733 106
3734 139
3735 124
3736 137
3737 142
3738 138
3739 109
3740 139
3741 118
3742 117
3743 106
3744 129
3745 118
3746 103
3747 132
3748 110
3749 109
3750 116
3751 96
3752 119
3753 125
3754 124
3755 126
3756 122
3757 126
3758 65
3759 127
3760 118
3761 120
3762 120
3763 126
3764 140
3765 125
3766 108
3767 129
3768 140
3769 123
3770 114
3771 140
3772 124
3773 130
3774 115
3775 72
3776 115
3777 138
3778 124
3779 134
3780 132
3781 109
3782 114
3783 117
3784 127
3785 133
3786 114
3787 103
3788 116
3789 142
3790 140
3791 113
3792 120
3793 143
3794 130
3795 110
3796 132
3797 134
3798 148
3799 136
3800 133
3801 116
3802 117
3803 106
3804 104
3805 142
3806 118
3807 141
3808 125
3809 58
3810 134
3811 118
3812 137
3813 120
3814 93
3815 129
3816 113
3817 106
3818 118
3819 99
3820 101
3821 118
3822 122
3823 112
3824 126
3825 119
3826 109
3827 107
3828 114
3829 121
3830 132
3831 120
3832 117
3833 109
3834 112
3835 111
3836 110
3837 121
3838 121
3839 136
3840 131
3841 119
3842 125
3843 119
3844 110
3845 121
3846 112
3847 133
3848 120
3849 132
3850 116
3851 113
3852 133
3853 131
3854 119
3855 110
3856 132
3857 114
3858 138
3859 129
3860 70
3861 112
3862 116
3863 109
3864 138
3865 137
3866 122
3867 111
3868 107
3869 120
3870 123
3871 127
3872 124
3873 143
3874 116
3875 131
3876 143
3877 117
3878 123
3879 120
3880 136
3881 114
3882 122
3883 125
3884 107
3885 122
3886 124
3887 122
3888 126
3889 124
3890 137
3891 113
3892 133
3893 123
3894 115
3895 129
3896 123
3897 101
3898 105
3899 136
3900 141
3901 122
3902 113
3903 122
3904 124
3905 126
3906 120
3907 124
3908 110
3909 122
3910 105
3911 63
3912 120
3913 145
3914 112
3915 119
3916 134
3917 124
3918 100
3919 109
3920 129
3921 138
3922 115
3923 110
3924 128
3925 123
3926 122
3927 115
3928 122
3929 119
3930 132
3931 117
3932 124
3933 134
3934 104
3935 111
3936 109
3937 132
3938 119
3939 125
3940 109
3941 124
3942 125
3943 110
3944 121
3945 119
3946 123
3947 131
3948 114
3949 125
3950 128
3951 123
3952 119
3953 132
3954 116
3955 128
3956 124
3957 113
3958 121
3959 121
3960 117
3961 126
3962 128
3963 110
3964 112
3965 127
3966 122
3967 132
3968 124
3969 107
3970 109
3971 118
3972 132
3973 118
3974 127
3975 139
3976 113
3977 108
3978 117
3979 120
3980 120
3981 134
3982 127
3983 115
3984 125
3985 128
3986 128
3987 113
3988 130
3989 113
3990 100
3991 136
3992 130
3993 96
3994 127
3995 122
3996 111
3997 118
3998 112
3999 125
4000 123
4001 132
4002 124
4003 123
4004 132
4005 119
4006 113
4007 98
4008 143
4009 130
4010 134
4011 126
4012 128
4013 117
4014 121
4015 122
4016 107
4017 125
4018 131
4019 128
4020 125
4021 119
4022 139
4023 115
4024 110
4025 117
4026 123
4027 118
4028 109
4029 121
4030 120
4031 113
4032 113
4033 114
4034 124
4035 142
4036 132
4037 125
4038 122
4039 123
4040 119
4041 114
4042 111
4043 99
4044 121
4045 120
4046 113
4047 104
4048 136
4049 121
4050 97
4051 113
4052 112
4053 114
4054 114
4055 123
4056 116
4057 107
4058 121
4059 123
4060 107
4061 98
4062 126
4063 122
4064 110
4065 108
4066 131
4067 115
4068 123
4069 116
4070 121
4071 114
4072 121
4073 139
4074 124
4075 103
4076 123
4077 109
4078 125
4079 125
4080 147
4081 93
4082 120
4083 111
4084 109
4085 116
4086 120
4087 139
4088 127
4089 131
4090 125
4091 73
4092 116
4093 128
4094 120
4095 134
4096 131
4097 119
4098 128
4099 114
4100 120
4101 112
4102 114
4103 109
4104 134
4105 99
4106 109
4107 117
4108 120
4109 102
4110 112
4111 100
4112 121
4113 112
4114 106
4115 115
4116 108
4117 127
4118 132
4119 98
4120 115
4121 137
4122 123
4123 120
4124 114
4125 121
4126 120
4127 131
4128 118
4129 115
4130 119
4131 115
4132 118
4133 126
4134 118
4135 115
4136 115
4137 99
4138 146
4139 135
4140 114
4141 125
4142 115
4143 109
4144 121
4145 96
4146 121
4147 130
4148 102
4149 108
4150 116
4151 121
4152 114
4153 122
4154 117
4155 132
4156 113
4157 104
4158 106
4159 138
4160 126
4161 97
4162 111
4163 130
4164 118
4165 114
4166 97
4167 111
4168 115
4169 132
4170 117
4171 127
4172 130
4173 119
4174 121
4175 105
4176 112
4177 101
4178 138
4179 136
4180 132
4181 116
4182 136
4183 117
4184 136
4185 104
4186 117
4187 109
4188 112
4189 126
4190 118
4191 116
4192 116
4193 67
4194 132
4195 126
4196 117
4197 133
4198 130
4199 105
4200 132
4201 139
4202 130
4203 124
4204 123
4205 109
4206 141
4207 113
4208 117
4209 119
4210 117
4211 120
4212 138
4213 129
4214 137
4215 109
4216 124
4217 112
4218 112
4219 114
4220 123
4221 125
4222 124
4223 119
4224 121
4225 137
4226 126
4227 111
4228 120
4229 131
4230 116
4231 128
4232 126
4233 128
4234 98
4235 121
4236 114
4237 134
4238 127
4239 127
4240 129
4241 128
4242 130
4243 107
4244 133
4245 120
4246 126
4247 102
4248 137
4249 109
4250 128
4251 114
4252 129
4253 108
4254 105
4255 113
4256 135
4257 143
4258 121
4259 147
4260 119
4261 117
4262 122
4263 133
4264 129
4265 108
4266 135
4267 117
4268 126
4269 127
4270 117
4271 116
4272 137
4273 123
4274 131
4275 126
4276 131
4277 113
4278 132
4279 129
4280 122
4281 106
4282 111
4283 133
4284 134
4285 121
4286 135
4287 118
4288 104
4289 125
4290 133
4291 129
4292 124
4293 129
4294 143
4295 62
4296 120
4297 119
4298 104
4299 113
4300 113
4301 128
4302 118
4303 126
4304 96
4305 125
4306 117
4307 119
4308 131
4309 115
4310 111
4311 120
4312 136
4313 126
4314 125
4315 135
4316 129
4317 135
4318 133
4319 123
4320 127
4321 111
4322 130
4323 114
4324 125
4325 124
4326 128
4327 117
4328 124
4329 128
4330 114
4331 79
4332 54
4333 117
4334 118
4335 127
4336 104
4337 117
4338 115
4339 117
4340 133
4341 107
4342 131
4343 129
4344 136
4345 125
4346 98
4347 138
4348 91
4349 129
4350 119
4351 118
4352 129
4353 109
4354 112
4355 120
4356 112
4357 130
4358 132
4359 133
4360 112
4361 100
4362 116
4363 121
4364 97
4365 122
4366 115
4367 126
4368 118
4369 130
4370 107
4371 102
4372 125
4373 120
4374 118
4375 110
4376 125
4377 113
4378 136
4379 117
4380 126
4381 122
4382 119
4383 103
4384 135
4385 152
4386 125
4387 129
4388 126
4389 112
4390 105
4391 108
4392 127
4393 142
4394 122
4395 126
4396 124
4397 124
4398 121
4399 124
4400 128
4401 140
4402 132
4403 112
4404 130
4405 108
4406 124
4407 106
4408 114
4409 114
4410 137
4411 127
4412 121
4413 105
4414 130
4415 128
4416 133
4417 136
4418 128
4419 131
4420 139
4421 104
4422 140
4423 126
4424 110
4425 125
4426 121
4427 118
4428 126
4429 137
4430 108
4431 89
4432 121
4433 122
4434 131
4435 113
4436 111
4437 110
4438 121
4439 129
4440 104
4441 103
4442 134
4443 114
4444 125
4445 129
4446 110
4447 118
4448 109
4449 123
4450 127
4451 116
4452 111
4453 134
4454 117
4455 115
4456 128
4457 129
4458 122
4459 105
4460 125
4461 139
4462 117
4463 119
4464 108
4465 119
4466 118
4467 131
4468 125
4469 123
4470 120
4471 133
4472 131
4473 123
4474 131
4475 125
4476 115
4477 117
4478 133
4479 110
4480 122
4481 132
4482 116
4483 115
4484 104
4485 123
4486 124
4487 128
4488 118
4489 122
4490 133
4491 123
4492 124
4493 118
4494 143
4495 130
4496 124
4497 126
4498 128
4499 103
4500 132
4501 117
4502 121
4503 105
4504 115
4505 130
4506 133
4507 128
4508 127
4509 109
4510 104
4511 128
4512 131
4513 117
4514 110
4515 131
4516 129
4517 126
4518 127
4519 142
4520 122
4521 120
4522 106
4523 118
4524 123
4525 129
4526 117
4527 112
4528 131
4529 125
4530 107
4531 131
4532 121
4533 107
4534 115
4535 110
4536 121
4537 111
4538 108
4539 131
4540 126
4541 135
4542 137
4543 125
4544 137
4545 119
4546 139
4547 116
4548 102
4549 137
4550 114
4551 109
4552 128
4553 118
4554 114
4555 129
4556 122
4557 114
4558 130
4559 134
4560 110
4561 119
4562 101
4563 127
4564 115
4565 119
4566 104
4567 120
4568 122
4569 131
4570 115
4571 116
4572 112
4573 125
4574 135
4575 136
4576 112
4577 128
4578 101
4579 117
4580 136
4581 113
4582 115
4583 119
4584 131
4585 112
4586 130
4587 130
4588 111
4589 144
4590 138
4591 123
4592 123
4593 114
4594 123
4595 127
4596 119
4597 122
4598 128
4599 114
4600 131
4601 114
4602 123
4603 127
4604 119
4605 123
4606 137
4607 137
4608 114
4609 134
4610 116
4611 126
4612 134
4613 112
4614 130
4615 112
4616 122
4617 108
4618 124
4619 108
4620 116
4621 121
4622 117
4623 141
4624 127
4625 113
4626 111
4627 113
4628 138
4629 113
4630 118
4631 125
4632 124
4633 118
4634 130
4635 142
4636 120
4637 127
4638 118
4639 115
4640 133
4641 142
4642 131
4643 123
4644 137
4645 121
4646 136
4647 124
4648 119
4649 137
4650 128
4651 103
4652 35
4653 96
4654 41
4655 36
4656 39
4657 37
4658 35
4659 31
4660 30
4661 91
4662 132
4663 123
4664 121
4665 119
4666 127
4667 110
4668 125
4669 118
4670 131
4671 96
4672 104
4673 113
4674 120
4675 126
4676 117
4677 91
4678 121
4679 109
4680 118
4681 98
4682 92
4683 115
4684 119
4685 128
4686 107
4687 109
4688 118
4689 104
4690 123
4691 108
4692 118
4693 124
4694 123
4695 101
4696 109
4697 112
4698 120
4699 100
4700 96
4701 122
4702 124
4703 122
4704 123
4705 113
4706 115
4707 105
4708 110
4709 113
4710 103
4711 122
4712 117
4713 121
4714 99
4715 119
4716 104
4717 104
4718 112
4719 109
4720 105
4721 131
4722 108
4723 111
4724 100
4725 118
4726 133
4727 110
4728 117
4729 108
4730 128
4731 110
4732 112
4733 107
4734 123
4735 111
4736 132
4737 107
4738 117
4739 93
4740 110
4741 110
4742 107
4743 125
4744 103
4745 117
4746 99
4747 101
4748 115
4749 111
4750 113
4751 83
4752 102
4753 126
4754 131
4755 121
4756 106
4757 112
4758 114
4759 118
4760 117
4761 118
4762 113
4763 119
4764 119
4765 115
4766 108
4767 108
4768 124
4769 112
4770 127
4771 124
4772 104
4773 108
4774 106
4775 98
4776 101
4777 104
4778 107
4779 124
4780 118
4781 123
4782 98
4783 118
4784 117
4785 113
4786 111
4787 110
4788 118
4789 99
4790 111
4791 126
4792 103
4793 120
4794 104
4795 101
4796 112
4797 108
4798 124
4799 109
4800 111
4801 100
4802 107
4803 110
4804 135
4805 114
4806 117
4807 107
4808 113
4809 117
4810 109
4811 98
4812 108
4813 109
4814 131
4815 107
4816 121
4817 123
4818 111
4819 122
4820 126
4821 117
4822 97
4823 102
4824 106
4825 110
4826 119
4827 110
4828 118
4829 121
4830 114
4831 115
4832 107
4833 117
4834 119
4835 118
4836 109
4837 109
4838 132
4839 117
4840 115
4841 105
4842 99
4843 124
4844 121
4845 100
4846 107
4847 102
4848 109
4849 94
4850 114
4851 113
4852 118
4853 97
4854 112
4855 106
4856 96
4857 122
4858 96
4859 92
4860 113
4861 116
4862 121
4863 125
4864 115
4865 111
4866 104
4867 104
4868 118
4869 123
4870 122
4871 122
4872 127
4873 112
4874 111
4875 114
4876 115
4877 113
4878 97
4879 110
4880 110
4881 116
4882 133
4883 112
4884 111
4885 111
4886 124
4887 91
4888 129
4889 123
4890 114
4891 126
4892 114
4893 109
4894 107
4895 112
4896 104
4897 107
4898 114
4899 109
4900 110
4901 111
4902 98
4903 117
4904 102
4905 99
4906 123
4907 109
4908 104
4909 97
4910 92
4911 120
4912 99
4913 115
4914 111
4915 116
4916 120
4917 96
4918 105
4919 107
4920 122
4921 116
4922 100
4923 124
4924 107
4925 120
4926 130
4927 119
4928 128
4929 106
4930 121
4931 106
4932 98
4933 111
4934 113
4935 122
4936 121
4937 89
4938 127
4939 106
4940 102
4941 112
4942 103
4943 128
4944 112
4945 106
4946 108
4947 110
4948 117
4949 102
4950 110
4951 101
4952 106
4953 99
4954 111
4955 125
4956 104
4957 129
4958 96
4959 115
4960 97
4961 114
4962 104
4963 125
4964 108
4965 131
4966 120
4967 136
4968 125
4969 125
4970 120
4971 109
4972 104
4973 112
4974 117
4975 97
4976 109
4977 99
4978 107
4979 107
4980 112
4981 96
4982 125
4983 106
4984 102
4985 113
4986 106
4987 115
4988 115
4989 103
4990 109
4991 105
4992 120
4993 121
4994 119
4995 107
4996 122
4997 111
4998 104
4999 118
5000 126
5001 119
5002 111
5003 100
5004 107
5005 93
5006 130
5007 125
5008 120
5009 109
5010 123
5011 113
5012 112
5013 116
5014 107
5015 128
5016 115
5017 89
5018 125
5019 105
5020 106
5021 118
5022 109
5023 105
5024 108
5025 121
5026 123
5027 129
5028 105
5029 108
5030 120
5031 119
5032 108
5033 106
5034 121
5035 104
5036 123
5037 118
5038 96
5039 113
5040 96
5041 96
5042 124
5043 106
5044 114
5045 112
5046 100
5047 108
5048 124
5049 110
5050 116
5051 120
5052 131
5053 102
5054 109
5055 123
5056 95
5057 118
5058 96
5059 114
5060 111
5061 88
5062 119
5063 115
5064 98
5065 127
5066 108
5067 89
5068 110
5069 122
5070 122
5071 102
5072 108
5073 119
5074 103
5075 95
5076 108
5077 124
5078 102
5079 96
5080 122
5081 123
5082 121
5083 121
5084 105
5085 123
5086 125
5087 106
5088 116
5089 105
5090 91
5091 90
5092 123
5093 130
5094 98
5095 110
5096 101
5097 112
5098 120
5099 110
5100 106
5101 121
5102 133
5103 116
5104 124
5105 115
5106 112
5107 105
5108 93
5109 106
5110 115
5111 92
5112 111
5113 104
5114 93
5115 104
5116 110
5117 111
5118 100
5119 115
5120 104
5121 108
5122 105
5123 118
5124 104
5125 108
5126 116
5127 112
5128 128
5129 118
5130 104
5131 112
5132 102
5133 120
5134 114
5135 114
5136 113
5137 117
5138 104
5139 109
5140 112
5141 117
5142 105
5143 126
5144 117
5145 103
5146 124
5147 110
5148 110
5149 111
5150 120
5151 103
5152 92
5153 95
5154 110
5155 119
5156 94
5157 129
5158 108
5159 107
5160 103
5161 110
5162 126
5163 105
5164 119
5165 112
5166 106
5167 100
5168 91
5169 112
5170 119
5171 100
5172 117
5173 97
5174 107
5175 106
5176 108
5177 113
5178 105
5179 105
5180 119
5181 103
5182 113
5183 122
5184 101
5185 85
5186 122
5187 116
5188 112
5189 127
5190 118
5191 106
5192 103
5193 113
5194 107
5195 111
5196 116
5197 113
5198 103
5199 104
5200 119
5201 101
5202 108
5203 119
5204 118
5205 94
5206 114
5207 105
5208 121
5209 118
5210 104
5211 101
5212 115
5213 114
5214 108
5215 112
5216 103
5217 100
5218 121
5219 111
5220 108
5221 125
5222 91
5223 120
5224 118
5225 111
5226 91
5227 102
5228 111
5229 112
5230 103
5231 119
5232 102
5233 101
5234 128
5235 111
5236 94
5237 115
5238 106
5239 109
5240 117
5241 100
5242 99
5243 108
5244 114
5245 108
5246 119
5247 113
5248 108
5249 125
5250 116
5251 131
5252 108
5253 102
5254 119
5255 116
5256 122
5257 128
5258 100
5259 118
5260 118
5261 108
5262 111
5263 122
5264 126
5265 129
5266 112
5267 115
5268 104
5269 103
5270 103
5271 106
5272 115
5273 120
5274 119
5275 113
5276 104
5277 111
5278 94
5279 122
5280 106
5281 121
5282 105
5283 119
5284 122
5285 123
5286 118
5287 111
5288 105
5289 123
5290 136
5291 118
5292 118
5293 110
5294 105
5295 129
5296 128
5297 115
5298 105
5299 112
5300 107
5301 103
5302 126
5303 102
5304 111
5305 111
5306 111
5307 136
5308 118
5309 121
5310 118
5311 110
5312 110
5313 97
5314 119
5315 126
5316 118
5317 129
5318 58
5319 95
5320 106
5321 110
5322 124
5323 105
5324 116
5325 105
5326 102
5327 102
5328 106
5329 100
5330 111
5331 128
5332 108
5333 121
5334 112
5335 121
5336 85
5337 134
5338 109
5339 121
5340 116
5341 107
5342 108
5343 116
5344 100
5345 112
5346 100
5347 102
5348 113
5349 99
5350 126
5351 95
5352 117
5353 112
5354 103
5355 120
5356 124
5357 100
5358 114
5359 104
5360 99
5361 110
5362 102
5363 103
5364 116
5365 125
5366 122
5367 115
5368 101
5369 94
5370 111
5371 104
5372 116
5373 112
5374 103
5375 108
5376 112
5377 106
5378 119
5379 100
5380 127
5381 98
5382 117
5383 99
5384 122
5385 120
5386 103
5387 130
5388 112
5389 111
5390 120
5391 141
5392 116
5393 101
5394 125
5395 106
5396 103
5397 106
5398 105
5399 114
5400 82
5401 107
5402 123
5403 106
5404 113
5405 102
5406 111
5407 111
5408 106
5409 109
5410 115
5411 116
5412 110
5413 101
5414 111
5415 107
5416 115
5417 99
5418 107
5419 105
5420 115
5421 117
5422 100
5423 111
5424 98
5425 107
5426 120
5427 115
5428 112
5429 116
5430 101
5431 101
5432 115
5433 118
5434 118
5435 125
5436 119
5437 106
5438 106
5439 107
5440 114
5441 113
5442 113
5443 93
5444 106
5445 122
5446 109
5447 132
5448 111
5449 110
5450 117
5451 93
5452 108
5453 103
5454 114
5455 120
5456 104
5457 108
5458 117
5459 108
5460 115
5461 109
5462 108
5463 102
5464 106
5465 111
5466 112
5467 121
5468 99
5469 117
5470 125
5471 106
5472 108
5473 104
5474 115
5475 106
5476 107
5477 121
5478 128
5479 119
5480 127
5481 122
5482 111
5483 112
5484 129
5485 111
5486 112
5487 125
5488 119
5489 102
5490 117
5491 100
5492 118
5493 99
5494 120
5495 105
5496 108
5497 99
5498 106
5499 103
5500 103
5501 119
5502 104
5503 115
5504 91
5505 121
5506 114
5507 108
5508 116
5509 105
5510 120
5511 94
5512 128
5513 121
5514 99
5515 95
5516 114
5517 114
5518 129
5519 102
5520 109
5521 116
5522 106
5523 121
5524 109
5525 108
5526 100
5527 127
5528 120
5529 104
5530 101
5531 107
5532 126
5533 111
5534 121
5535 109
5536 98
5537 121
5538 100
5539 93
5540 116
5541 100
5542 106
5543 119
5544 113
5545 118
5546 96
5547 117
5548 109
5549 102
5550 97
5551 108
5552 112
5553 119
5554 114
5555 94
5556 115
5557 109
5558 110
5559 102
5560 125
5561 107
5562 109
5563 117
5564 106
5565 114
5566 111
5567 127
5568 104
5569 113
5570 121
5571 114
5572 104
5573 107
5574 101
5575 105
5576 110
5577 128
5578 124
5579 98
5580 115
5581 100
5582 109
5583 122
5584 120
5585 128
5586 120
5587 96
5588 125
5589 103
5590 108
5591 102
5592 117
5593 118
5594 100
5595 106
5596 123
5597 121
5598 107
5599 110
5600 107
5601 101
5602 112
5603 116
5604 99
5605 108
5606 101
5607 119
5608 104
5609 106
5610 104
5611 117
5612 100
5613 111
5614 115
5615 118
5616 98
5617 109
5618 101
5619 115
5620 111
5621 131
5622 100
5623 117
5624 117
5625 100
5626 97
5627 88
5628 112
5629 120
5630 99
5631 106
5632 123
5633 118
5634 111
5635 104
5636 113
5637 129
5638 110
5639 120
5640 116
5641 119
5642 104
5643 97
5644 118
5645 112
5646 122
5647 124
5648 115
5649 113
5650 111
5651 133
5652 98
5653 108
5654 122
5655 99
5656 125
5657 108
5658 127
5659 113
5660 114
5661 126
5662 124
5663 98
5664 119
5665 110
5666 113
5667 124
5668 118
5669 119
5670 127
5671 132
5672 104
5673 118
5674 109
5675 119
5676 118
5677 99
5678 108
5679 128
5680 95
5681 114
5682 103
5683 112
5684 107
5685 105
5686 123
5687 121
5688 114
5689 118
5690 119
5691 101
5692 121
5693 90
5694 104
5695 113
5696 105
5697 100
5698 113
5699 104
5700 95
5701 111
5702 109
5703 121
5704 90
5705 118
5706 116
5707 96
5708 109
5709 104
5710 114
5711 107
5712 111
5713 120
5714 115
5715 105
5716 116
5717 111
5718 105
5719 102
5720 115
5721 109
5722 115
5723 125
5724 119
5725 114
5726 105
5727 112
5728 118
5729 102
5730 109
5731 86
5732 123
5733 112
5734 121
5735 118
5736 98
5737 115
5738 112
5739 121
5740 111
5741 116
5742 108
5743 109
5744 102
5745 126
5746 108
5747 133
5748 132
5749 110
5750 103
5751 116
5752 107
5753 115
5754 106
5755 114
5756 121
5757 112
5758 97
5759 108
5760 101
5761 116
5762 128
5763 112
5764 95
5765 108
5766 128
5767 105
5768 102
5769 131
5770 104
5771 112
5772 111
5773 115
5774 112
5775 96
5776 97
5777 105
5778 115
5779 117
5780 109
5781 113
5782 115
5783 109
5784 93
5785 103
5786 122
5787 110
5788 113
5789 109
5790 121
5791 103
5792 104
5793 117
5794 122
5795 114
5796 101
5797 105
5798 128
5799 130
5800 113
5801 119
5802 114
5803 104
5804 104
5805 111
5806 105
5807 120
5808 111
5809 113
5810 101
5811 105
5812 116
5813 108
5814 100
5815 100
5816 115
5817 115
5818 130
5819 100
5820 117
5821 110
5822 97
5823 112
5824 134
5825 100
5826 106
5827 113
5828 95
5829 109
5830 117
5831 120
5832 102
5833 126
5834 112
5835 109
5836 117
5837 106
5838 87
5839 120
5840 104
5841 127
5842 119
5843 130
5844 98
5845 116
5846 131
5847 116
5848 106
5849 122
5850 116
5851 119
5852 110
5853 119
5854 103
5855 102
5856 119
5857 112
5858 132
5859 122
5860 129
5861 110
5862 91
5863 98
5864 130
5865 107
5866 114
5867 126
5868 117
5869 101
5870 128
5871 118
5872 119
5873 107
5874 111
5875 131
5876 111
5877 108
5878 122
5879 110
5880 113
5881 113
5882 103
5883 100
5884 108
5885 113
5886 125
5887 123
5888 89
5889 119
5890 108
5891 121
5892 115
5893 104
5894 102
5895 110
5896 107
5897 106
5898 118
5899 113
5900 115
5901 121
5902 113
5903 117
5904 107
5905 104
5906 111
5907 136
5908 106
5909 120
5910 104
5911 116
5912 86
5913 100
5914 118
5915 118
5916 92
5917 118
5918 116
5919 97
5920 110
5921 109
5922 115
5923 122
5924 107
5925 90
5926 111
5927 114
5928 94
5929 107
5930 121
5931 107
5932 121
5933 102
5934 119
5935 122
5936 130
5937 112
5938 128
5939 106
5940 113
5941 100
5942 121
5943 115
5944 106
5945 112
5946 120
5947 114
5948 106
5949 117
5950 102
5951 103
5952 109
5953 118
5954 120
5955 99
5956 108
5957 97
5958 103
5959 134
5960 122
5961 120
5962 107
5963 106
5964 102
5965 126
5966 99
5967 137
5968 128
5969 113
5970 113
5971 97
5972 121
5973 109
5974 127
5975 107
5976 105
5977 123
5978 102
5979 99
5980 116
5981 105
5982 101
5983 97
5984 122
5985 107
5986 134
5987 134
5988 125
5989 96
5990 126
5991 119
5992 97
5993 113
5994 112
5995 120
5996 95
5997 110
5998 117
5999 87
6000 118
6001 103
6002 108
6003 115
6004 104
6005 106
6006 118
6007 118
6008 119
6009 103
6010 110
6011 102
6012 110
6013 101
6014 100
6015 98
6016 105
6017 119
6018 109
6019 117
6020 103
6021 119
6022 107
6023 116
6024 110
6025 103
6026 96
6027 104
6028 120
6029 104
6030 118
6031 115
6032 117
6033 124
6034 90
6035 113
6036 100
6037 113
6038 140
6039 102
6040 116
6041 118
6042 111
6043 104
6044 114
6045 129
6046 114
6047 119
6048 124
6049 60
6050 122
6051 120
6052 96
6053 110
6054 133
6055 120
6056 120
6057 106
6058 115
6059 110
6060 97
6061 101
6062 122
6063 110
6064 98
6065 109
6066 121
6067 114
6068 123
6069 132
6070 111
6071 112
6072 102
6073 104
6074 111
6075 114
6076 131
6077 108
6078 105
6079 141
6080 114
6081 106
6082 103
6083 100
6084 100
6085 112
6086 97
6087 114
6088 134
6089 113
6090 105
6091 109
6092 108
6093 113
6094 104
6095 107
6096 106
6097 112
6098 123
6099 106
6100 109
6101 124
6102 128
6103 110
6104 108
6105 117
6106 102
6107 118
6108 114
6109 98
6110 109
6111 103
6112 101
6113 139
6114 112
6115 113
6116 104
6117 115
6118 102
6119 109
6120 102
6121 122
6122 110
6123 114
6124 103
6125 111
6126 102
6127 102
6128 133
6129 97
6130 114
6131 114
6132 98
6133 109
6134 124
6135 107
6136 116
6137 108
6138 115
6139 114
6140 119
6141 101
6142 112
6143 101
6144 111
6145 105
6146 111
6147 129
6148 114
6149 111
6150 108
6151 112
6152 99
6153 109
6154 133
6155 121
6156 127
6157 100
6158 103
6159 104
6160 122
6161 125
6162 108
6163 126
6164 126
6165 122
6166 115
6167 97
6168 111
6169 102
6170 115
6171 116
6172 124
6173 114
6174 116
6175 125
6176 102
6177 99
6178 109
6179 115
6180 115
6181 124
6182 105
6183 105
6184 98
6185 99
6186 107
6187 99
6188 118
6189 110
6190 120
6191 108
6192 96
6193 101
6194 120
6195 103
6196 112
6197 107
6198 115
6199 114
6200 108
6201 111
6202 109
6203 103
6204 106
6205 107
6206 129
6207 117
6208 116
6209 105
6210 119
6211 121
6212 115
6213 115
6214 101
6215 122
6216 106
6217 123
6218 126
6219 120
6220 112
6221 107
6222 129
6223 124
6224 126
6225 104
6226 106
6227 94
6228 97
6229 99
6230 114
6231 124
6232 134
6233 121
6234 110
6235 122
6236 101
6237 121
6238 122
6239 110
6240 120
6241 130
6242 113
6243 110
6244 108
6245 120
6246 114
6247 116
6248 101
6249 131
6250 115
6251 107
6252 120
6253 130
6254 111
6255 124
6256 103
6257 116
6258 104
6259 122
6260 102
6261 116
6262 93
6263 94
6264 100
6265 109
6266 131
6267 107
6268 109
6269 118
6270 108
6271 114
6272 113
6273 114
6274 112
6275 110
6276 113
6277 122
6278 111
6279 125
6280 106
6281 117
6282 126
6283 135
6284 119
6285 111
6286 102
6287 113
6288 127
6289 101
6290 110
6291 121
6292 109
6293 117
6294 127
6295 110
6296 104
6297 107
6298 112
6299 103
6300 120
6301 118
6302 101
6303 109
6304 113
6305 112
6306 105
6307 106
6308 104
6309 116
6310 104
6311 120
6312 112
6313 117
6314 102
6315 122
6316 105
6317 107
6318 112
6319 114
6320 100
6321 112
6322 108
6323 116
6324 111
6325 116
6326 124
6327 30
6328 105
6329 112
6330 121
6331 57
6332 126
6333 122
6334 126
6335 109
6336 127
6337 117
6338 58
6339 105
6340 99
6341 111
6342 118
6343 114
6344 127
6345 121
6346 123
6347 124
6348 127
6349 124
6350 107
6351 130
6352 120
6353 117
6354 124
6355 70
6356 106
6357 106
6358 106
6359 115
6360 110
6361 122
6362 112
6363 98
6364 133
6365 120
6366 109
6367 112
6368 127
6369 97
6370 99
6371 118
6372 115
6373 92
6374 124
6375 128
6376 118
6377 124
6378 112
6379 124
6380 127
6381 103
6382 119
6383 102
6384 132
6385 123
6386 117
6387 123
6388 120
6389 125
6390 105
6391 95
6392 123
6393 107
6394 102
6395 122
6396 119
6397 110
6398 118
6399 113
6400 99
6401 104
6402 126
6403 114
6404 118
6405 107
6406 112
6407 103
6408 106
6409 120
6410 112
6411 101
6412 129
6413 104
6414 110
6415 95
6416 117
6417 113
6418 118
6419 128
6420 123
6421 102
6422 104
6423 106
6424 108
6425 110
6426 118
6427 125
6428 133
6429 124
6430 109
6431 102
6432 108
6433 104
6434 113
6435 118
6436 113
6437 119
6438 111
6439 119
6440 126
6441 117
6442 100
6443 100
6444 97
6445 102
6446 133
6447 118
6448 112
6449 111
6450 105
6451 119
6452 107
6453 98
6454 108
6455 97
6456 104
6457 122
6458 123
6459 109
6460 111
6461 116
6462 119
6463 125
6464 110
6465 106
6466 97
6467 114
6468 116
6469 116
6470 123
6471 118
6472 111
6473 94
6474 121
6475 97
6476 101
6477 107
6478 124
6479 123
6480 108
6481 119
6482 114
6483 104
6484 96
6485 113
6486 107
6487 119
6488 113
6489 106
6490 115
6491 115
6492 112
6493 115
6494 101
6495 115
6496 109
6497 113
6498 115
6499 114
6500 106
6501 130
6502 111
6503 115
6504 126
6505 124
6506 109
6507 112
6508 117
6509 110
6510 103
6511 113
6512 115
6513 100
6514 97
6515 107
6516 108
6517 116
6518 115
6519 126
6520 104
6521 133
6522 117
6523 98
6524 111
6525 102
6526 100
6527 115
6528 106
6529 93
6530 118
6531 101
6532 110
6533 119
6534 118
6535 101
6536 119
6537 110
6538 128
6539 121
6540 100
6541 115
6542 118
6543 100
6544 111
6545 106
6546 107
6547 121
6548 105
6549 109
6550 105
6551 109
6552 122
6553 101
6554 92
6555 125
6556 105
6557 111
6558 104
6559 107
6560 100
6561 97
6562 130
6563 105
6564 110
6565 110
6566 109
6567 107
6568 98
6569 119
6570 123
6571 90
6572 124
6573 94
6574 108
6575 101
6576 105
6577 112
6578 106
6579 128
6580 114
6581 107
6582 107
6583 107
6584 106
6585 98
6586 114
6587 127
6588 113
6589 122
6590 113
6591 113
6592 104
6593 112
6594 122
6595 104
6596 126
6597 100
6598 127
6599 113
6600 100
6601 123
6602 103
6603 111
6604 125
6605 109
6606 118
6607 114
6608 93
6609 119
6610 118
6611 98
6612 104
6613 125
6614 115
6615 112
6616 104
6617 97
6618 121
6619 108
6620 117
6621 97
6622 101
6623 132
6624 124
6625 119
6626 105
6627 113
6628 102
6629 128
6630 112
6631 127
6632 106
6633 117
6634 100
6635 113
6636 120
6637 115
6638 109
6639 97
6640 113
6641 123
6642 112
6643 100
6644 131
6645 109
6646 117
6647 110
6648 103
6649 100
6650 121
6651 118
6652 95
6653 130
6654 104
6655 126
6656 128
6657 123
6658 95
6659 111
6660 124
6661 98
6662 116
6663 115
6664 87
6665 121
6666 126
6667 110
6668 127
6669 119
6670 128
6671 113
6672 111
6673 105
6674 114
6675 113
6676 112
6677 115
6678 117
6679 135
6680 117
6681 111
6682 122
6683 105
6684 123
6685 104
6686 113
6687 100
6688 113
6689 105
6690 92
6691 109
6692 105
6693 97
6694 119
6695 117
6696 111
6697 105
6698 119
6699 112
6700 113
6701 108
6702 114
6703 112
6704 110
6705 104
6706 109
6707 113
6708 119
6709 112
6710 109
6711 112
6712 104
6713 117
6714 121
6715 124
6716 115
6717 116
6718 116
6719 122
6720 98
6721 115
6722 129
6723 115
6724 106
6725 121
6726 114
6727 126
6728 125
6729 98
6730 116
6731 118
6732 93
6733 114
6734 112
6735 97
6736 126
6737 120
6738 97
6739 94
6740 110
6741 92
6742 113
6743 110
6744 116
6745 107
6746 109
6747 112
6748 104
6749 108
6750 122
6751 109
6752 115
6753 103
6754 117
6755 105
6756 117
6757 92
6758 114
6759 122
6760 97
6761 114
6762 118
6763 90
6764 105
6765 106
6766 106
6767 109
6768 106
6769 101
6770 101
6771 112
6772 123
6773 115
6774 101
6775 88
6776 119
6777 119
6778 102
6779 117
6780 101
6781 118
6782 121
6783 108
6784 125
6785 128
6786 107
6787 103
6788 130
6789 94
6790 106
6791 114
6792 125
6793 116
6794 97
6795 110
6796 100
6797 86
6798 112
6799 125
6800 125
6801 119
6802 107
6803 111
6804 112
6805 108
6806 104
6807 115
6808 119
6809 121
6810 114
6811 105
6812 115
6813 114
6814 109
6815 123
6816 109
6817 103
6818 113
6819 123
6820 98
6821 108
6822 118
6823 104
6824 105
6825 103
6826 105
6827 131
6828 117
6829 118
6830 110
6831 117
6832 118
6833 100
6834 103
6835 122
6836 130
6837 104
6838 100
6839 102
6840 109
6841 100
6842 126
6843 109
6844 102
6845 103
6846 111
6847 122
6848 109
6849 121
6850 120
6851 122
6852 103
6853 117
6854 118
6855 97
6856 113
6857 122
6858 109
6859 113
6860 113
6861 112
6862 101
6863 117
6864 111
6865 115
6866 106
6867 118
6868 111
6869 122
6870 112
6871 107
6872 116
6873 112
6874 97
6875 104
6876 108
6877 102
6878 132
6879 103
6880 127
6881 100
6882 102
6883 103
6884 103
6885 104
6886 123
6887 116
6888 96
6889 107
6890 105
6891 105
6892 95
6893 93
6894 92
6895 97
6896 124
6897 123
6898 101
6899 111
6900 100
6901 110
6902 94
6903 104
6904 117
6905 117
6906 106
6907 107
6908 123
6909 109
6910 119
6911 123
6912 105
6913 106
6914 110
6915 120
6916 102
6917 111
6918 117
6919 120
6920 94
6921 114
6922 115
6923 106
6924 109
6925 103
6926 108
6927 107
6928 107
6929 132
6930 120
6931 124
6932 118
6933 115
6934 106
6935 116
6936 118
6937 116
6938 122
6939 102
6940 106
6941 113
6942 110
6943 96
6944 113
6945 120
6946 122
6947 107
6948 101
6949 110
6950 109
6951 122
6952 109
6953 109
6954 110
6955 112
6956 106
6957 103
6958 118
6959 103
6960 105
6961 89
6962 122
6963 103
6964 100
6965 106
6966 125
6967 121
6968 114
6969 100
6970 108
6971 114
6972 112
6973 121
6974 117
6975 119
6976 111
6977 109
6978 112
6979 89
6980 134
6981 116
6982 118
6983 120
6984 115
6985 109
6986 117
6987 114
6988 111
6989 111
6990 102
6991 109
6992 105
6993 97
6994 117
6995 102
6996 95
6997 113
6998 115
6999 54
7000 94
7001 112
7002 107
7003 101
7004 94
7005 118
7006 104
7007 117
7008 121
7009 124
7010 108
7011 103
7012 109
7013 105
7014 101
7015 107
7016 104
7017 114
7018 120
7019 119
7020 109
7021 126
7022 124
7023 110
7024 121
7025 93
7026 95
7027 126
7028 102
7029 124
7030 118
7031 126
7032 126
7033 99
7034 107
7035 100
7036 121
7037 109
7038 125
7039 116
7040 115
7041 102
7042 115
7043 118
7044 120
7045 114
7046 107
7047 105
7048 116
7049 100
7050 113
7051 107
7052 99
7053 105
7054 121
7055 113
7056 119
7057 115
7058 107
7059 103
7060 108
7061 98
7062 115
7063 123
7064 103
7065 108
7066 109
7067 120
7068 110
7069 87
7070 122
7071 105
7072 114
7073 118
7074 103
7075 114
7076 109
7077 117
7078 120
7079 116
7080 107
7081 107
7082 126
7083 103
7084 106
7085 92
7086 103
7087 130
7088 104
7089 101
7090 118
7091 113
7092 116
7093 113
7094 130
7095 114
7096 110
7097 110
7098 105
7099 107
7100 108
7101 105
7102 110
7103 104
7104 109
7105 95
7106 95
7107 125
7108 114
7109 116
7110 113
7111 102
7112 105
7113 108
7114 94
7115 108
7116 113
7117 117
7118 114
7119 111
7120 106
7121 99
7122 130
7123 121
7124 113
7125 120
7126 117
7127 97
7128 118
7129 114
7130 96
7131 126
7132 108
7133 123
7134 109
7135 121
7136 100
7137 111
7138 100
7139 99
7140 100
7141 112
7142 108
7143 116
7144 110
7145 113
7146 118
7147 105
7148 115
7149 95
7150 134
7151 98
7152 112
7153 107
7154 126
7155 101
7156 114
7157 119
7158 115
7159 117
7160 106
7161 110
7162 117
7163 111
7164 106
7165 104
7166 102
7167 130
7168 112
7169 116
7170 119
7171 108
7172 129
7173 100
7174 112
7175 127
7176 112
7177 116
7178 102
7179 107
7180 106
7181 129
7182 121
7183 115
7184 106
7185 115
7186 100
7187 109
7188 107
7189 104
7190 111
7191 122
7192 114
7193 125
7194 106
7195 122
7196 126
7197 114
7198 103
7199 99
7200 108
7201 124
7202 111
7203 114
7204 115
7205 109
7206 109
7207 123
7208 128
7209 118
7210 125
7211 123
7212 125
7213 91
7214 116
7215 121
7216 107
7217 105
7218 136
7219 112
7220 109
7221 92
7222 117
7223 115
7224 107
7225 127
7226 138
7227 107
7228 119
7229 110
7230 127
7231 119
7232 111
7233 115
7234 104
7235 117
7236 103
7237 115
7238 100
7239 117
7240 117
7241 118
7242 96
7243 111
7244 123
7245 98
7246 105
7247 90
7248 115
7249 106
7250 114
7251 105
7252 120
7253 99
7254 119
7255 114
7256 126
7257 114
7258 99
7259 110
7260 98
7261 111
7262 108
7263 100
7264 116
7265 95
7266 125
7267 124
7268 129
7269 111
7270 103
7271 111
7272 109
7273 109
7274 119
7275 107
7276 100
7277 107
7278 117
7279 110
7280 103
7281 108
7282 98
7283 111
7284 111
7285 105
7286 117
7287 123
7288 116
7289 108
7290 111
7291 124
7292 109
7293 115
7294 114
7295 123
7296 131
7297 116
7298 112
7299 104
7300 112
7301 117
7302 105
7303 113
7304 122
7305 106
7306 116
7307 99
7308 110
7309 111
7310 119
7311 136
7312 122
7313 126
7314 107
7315 101
7316 126
7317 94
7318 105
7319 121
7320 128
7321 106
7322 116
7323 113
7324 114
7325 110
7326 100
7327 97
7328 118
7329 109
7330 120
7331 110
7332 125
7333 111
7334 132
7335 110
7336 110
7337 118
7338 108
7339 123
7340 112
7341 98
7342 99
7343 116
7344 98
7345 120
7346 110
7347 114
7348 103
7349 116
7350 111
7351 115
7352 98
7353 119
7354 112
7355 91
7356 100
7357 107
7358 107
7359 115
7360 113
7361 123
7362 109
7363 111
7364 101
7365 110
7366 119
7367 113
7368 126
7369 107
7370 96
7371 122
7372 114
7373 110
7374 111
7375 107
7376 110
7377 107
7378 99
7379 121
7380 106
7381 137
7382 108
7383 131
7384 115
7385 97
7386 101
7387 120
7388 128
7389 118
7390 119
7391 114
7392 64
7393 120
7394 123
7395 96
7396 110
7397 111
7398 129
7399 111
7400 90
7401 110
7402 91
7403 111
7404 115
7405 134
7406 114
7407 108
7408 127
7409 120
7410 114
7411 111
7412 126
7413 131
7414 122
7415 111
7416 113
7417 116
7418 93
7419 123
7420 124
7421 116
7422 104
7423 110
7424 128
7425 116
7426 104
7427 102
7428 109
7429 114
7430 115
7431 119
7432 107
7433 132
7434 114
7435 111
7436 93
7437 131
7438 99
7439 119
7440 121
7441 112
7442 109
7443 121
7444 121
7445 115
7446 110
7447 117
7448 136
7449 113
7450 116
7451 114
7452 116
7453 113
7454 120
7455 125
7456 112
7457 115
7458 111
7459 116
7460 115
7461 120
7462 112
7463 110
7464 111
7465 98
7466 128
7467 98
7468 101
7469 113
7470 127
7471 111
7472 114
7473 116
7474 114
7475 128
7476 116
7477 97
7478 124
7479 100
7480 126
7481 103
7482 117
7483 117
7484 112
7485 124
7486 112
7487 95
7488 100
7489 107
7490 130
7491 125
7492 110
7493 126
7494 114
7495 107
7496 106
7497 106
7498 115
7499 112
7500 114
7501 100
7502 113
7503 133
7504 108
7505 122
7506 108
7507 121
7508 116
7509 114
7510 112
7511 121
7512 98
7513 98
7514 100
7515 114
7516 109
7517 122
7518 99
7519 98
7520 112
7521 129
7522 120
7523 115
7524 117
7525 127
7526 114
7527 108
7528 109
7529 103
7530 124
7531 115
7532 118
7533 121
7534 111
7535 123
7536 124
7537 110
7538 104
7539 104
7540 109
7541 112
7542 98
7543 104
7544 113
7545 86
7546 104
7547 109
7548 120
7549 108
7550 121
7551 132
7552 121
7553 121
7554 125
7555 119
7556 126
7557 124
7558 124
7559 114
7560 107
7561 120
7562 120
7563 111
7564 121
7565 92
7566 114
7567 108
7568 112
7569 113
7570 104
7571 103
7572 104
7573 99
7574 102
7575 130
7576 117
7577 93
7578 111
7579 117
7580 108
7581 99
7582 110
7583 119
7584 124
7585 115
7586 131
7587 111
7588 109
7589 98
7590 112
7591 116
7592 106
7593 116
7594 105
7595 117
7596 110
7597 108
7598 118
7599 123
7600 112
7601 97
7602 101
7603 97
7604 94
7605 117
7606 116
7607 123
7608 123
7609 117
7610 113
7611 110
7612 115
7613 112
7614 110
7615 109
7616 122
7617 105
7618 111
7619 114
7620 136
7621 104
7622 122
7623 93
7624 99
7625 98
7626 113
7627 102
7628 118
7629 111
7630 104
7631 111
7632 85
7633 120
7634 117
7635 119
7636 126
7637 117
7638 117
7639 117
7640 96
7641 120
7642 123
7643 102
7644 114
7645 101
7646 122
7647 109
7648 132
7649 122
7650 111
7651 117
7652 123
7653 108
7654 104
7655 105
7656 124
7657 129
7658 110
7659 103
7660 116
7661 100
7662 104
7663 130
7664 121
7665 100
7666 108
7667 100
7668 119
7669 116
7670 115
7671 100
7672 123
7673 111
7674 101
7675 108
7676 95
7677 98
7678 93
7679 132
7680 111
7681 100
7682 102
7683 103
7684 117
7685 114
7686 126
7687 133
7688 113
7689 96
7690 116
7691 124
7692 117
7693 125
7694 119
7695 119
7696 117
7697 123
7698 123
7699 118
7700 94
7701 121
7702 116
7703 94
7704 103
7705 106
7706 108
7707 131
7708 109
7709 115
7710 111
7711 123
7712 121
7713 102
7714 107
7715 109
7716 103
7717 109
7718 108
7719 109
7720 104
7721 131
7722 119
7723 106
7724 116
7725 112
7726 124
7727 104
7728 131
7729 107
7730 123
7731 123
7732 107
7733 132
7734 111
7735 123
7736 125
7737 113
7738 120
7739 87
7740 107
7741 115
7742 110
7743 123
7744 102
7745 136
7746 109
7747 109
7748 115
7749 110
7750 123
7751 111
7752 115
7753 113
7754 102
7755 117
7756 108
7757 110
7758 129
7759 111
7760 109
7761 126
7762 123
7763 116
7764 129
7765 113
7766 98
7767 111
7768 99
7769 115
7770 106
7771 120
7772 121
7773 122
7774 122
7775 100
7776 105
7777 87
7778 134
7779 127
7780 103
7781 98
7782 121
7783 121
7784 113
7785 119
7786 127
7787 115
7788 111
7789 115
7790 117
7791 115
7792 124
7793 104
7794 109
7795 112
7796 125
7797 119
7798 109
7799 115
7800 59
7801 115
7802 110
7803 120
7804 121
7805 121
7806 118
7807 115
7808 112
7809 108
7810 109
7811 96
7812 114
7813 131
7814 111
7815 110
7816 118
7817 61
7818 125
7819 127
7820 117
7821 122
7822 111
7823 125
7824 105
7825 107
7826 108
7827 103
7828 112
7829 104
7830 117
7831 113
7832 93
7833 102
7834 100
7835 123
7836 112
7837 101
7838 121
7839 108
7840 131
7841 123
7842 122
7843 116
7844 124
7845 110
7846 119
7847 120
7848 134
7849 115
7850 113
7851 69
7852 99
7853 105
7854 95
7855 107
7856 112
7857 108
7858 108
7859 128
7860 102
7861 136
7862 124
7863 107
7864 140
7865 133
7866 100
7867 108
7868 91
7869 103
7870 116
7871 99
7872 98
7873 123
7874 124
7875 108
7876 111
7877 123
7878 98
7879 106
7880 106
7881 117
7882 106
7883 132
7884 114
7885 111
7886 99
7887 111
7888 111
7889 124
7890 110
7891 113
7892 115
7893 97
7894 112
7895 122
7896 119
7897 109
7898 123
7899 104
7900 112
7901 103
7902 110
7903 97
7904 105
7905 126
7906 118
7907 111
7908 108
7909 101
7910 99
7911 109
7912 107
7913 96
7914 116
7915 130
7916 111
7917 119
7918 124
7919 120
7920 104
7921 111
7922 114
7923 102
7924 130
7925 120
7926 118
7927 100
7928 87
7929 121
7930 121
7931 112
7932 137
7933 135
7934 106
7935 110
7936 117
7937 110
7938 120
7939 117
7940 112
7941 117
7942 107
7943 127
7944 123
7945 109
7946 97
7947 119
7948 106
7949 113
7950 107
7951 108
7952 99
7953 101
7954 110
7955 125
7956 120
7957 119
7958 118
7959 117
7960 116
7961 127
7962 113
7963 117
7964 105
7965 115
7966 123
7967 105
7968 86
7969 128
7970 106
7971 104
7972 124
7973 116
7974 129
7975 122
7976 118
7977 115
7978 115
7979 122
7980 109
7981 121
7982 111
7983 110
7984 107
7985 114
7986 110
7987 112
7988 124
7989 105
7990 117
7991 103
7992 103
7993 29
7994 111
7995 21
7996 34
7997 36
7998 36
7999 33
8000 68
8001 112
8002 100
8003 137
8004 132
8005 108
8006 143
8007 136
8008 115
8009 133
8010 127
8011 112
8012 114
8013 122
8014 119
8015 123
8016 140
8017 125
8018 114
8019 121
8020 123
8021 115
8022 117
8023 108
8024 102
8025 114
8026 104
8027 110
8028 128
8029 123
8030 129
8031 114
8032 101
8033 109
8034 130
8035 110
8036 111
8037 107
8038 129
8039 107
8040 119
8041 116
8042 122
8043 106
8044 119
8045 114
8046 140
8047 118
8048 101
8049 123
8050 119
8051 122
8052 132
8053 108
8054 126
8055 121
8056 92
8057 113
8058 120
8059 136
8060 103
8061 130
8062 111
8063 109
8064 106
8065 105
8066 123
8067 112
8068 113
8069 125
8070 127
8071 115
8072 118
8073 109
8074 126
8075 122
8076 132
8077 109
8078 123
8079 131
8080 115
8081 117
8082 134
8083 118
8084 134
8085 129
8086 127
8087 121
8088 143
8089 124
8090 111
8091 106
8092 111
8093 123
8094 107
8095 130
8096 125
8097 119
8098 115
8099 58
8100 103
8101 107
8102 120
8103 113
8104 112
8105 124
8106 129
8107 109
8108 111
8109 122
8110 130
8111 120
8112 136
8113 122
8114 120
8115 121
8116 103
8117 141
8118 130
8119 124
8120 131
8121 117
8122 129
8123 128
8124 116
8125 98
8126 128
8127 133
8128 118
8129 132
8130 110
8131 133
8132 137
8133 123
8134 114
8135 117
8136 128
8137 129
8138 130
8139 134
8140 135
8141 115
8142 129
8143 112
8144 115
8145 127
8146 129
8147 119
8148 123
8149 118
8150 67
8151 120
8152 109
8153 130
8154 99
8155 124
8156 131
8157 121
8158 124
8159 137
8160 107
8161 132
8162 131
8163 132
8164 112
8165 136
8166 123
8167 128
8168 121
8169 112
8170 124
8171 111
8172 127
8173 125
8174 131
8175 105
8176 136
8177 119
8178 105
8179 121
8180 69
8181 122
8182 125
8183 138
8184 118
8185 114
8186 112
8187 119
8188 126
8189 127
8190 102
8191 123
8192 105
8193 121
8194 124
8195 124
8196 122
8197 140
8198 124
8199 120
8200 139
8201 117
8202 108
8203 127
8204 128
8205 115
8206 123
8207 138
8208 115
8209 118
8210 122
8211 101
8212 113
8213 134
8214 123
8215 133
8216 126
8217 135
8218 77
8219 105
8220 120
8221 124
8222 131
8223 130
8224 153
8225 126
8226 118
8227 125
8228 128
8229 115
8230 110
8231 144
8232 114
8233 140
8234 122
8235 91
8236 133
8237 119
8238 125
8239 120
8240 124
8241 123
8242 112
8243 117
8244 121
8245 140
8246 120
8247 139
8248 135
8249 124
8250 124
8251 134
8252 103
8253 108
8254 130
8255 120
8256 128
8257 133
8258 109
8259 123
8260 127
8261 138
8262 136
8263 138
8264 116
8265 118
8266 119
8267 147
8268 120
8269 104
8270 116
8271 106
8272 117
8273 131
8274 126
8275 125
8276 114
8277 115
8278 131
8279 121
8280 113
8281 104
8282 131
8283 115
8284 103
8285 119
8286 133
8287 125
8288 127
8289 116
8290 132
8291 122
8292 104
8293 115
8294 127
8295 108
8296 124
8297 121
8298 130
8299 139
8300 101
8301 113
8302 113
8303 129
8304 115
8305 117
8306 119
8307 122
8308 122
8309 140
8310 125
8311 126
8312 122
8313 147
8314 119
8315 132
8316 146
8317 117
8318 124
8319 131
8320 83
8321 139
8322 126
8323 126
8324 112
8325 124
8326 139
8327 120
8328 112
8329 125
8330 123
8331 134
8332 140
8333 125
8334 122
8335 120
8336 105
8337 76
8338 135
8339 125
8340 114
8341 125
8342 127
8343 111
8344 133
8345 133
8346 134
8347 117
8348 122
8349 125
8350 126
8351 128
8352 120
8353 132
8354 129
8355 123
8356 129
8357 116
8358 137
8359 129
8360 113
8361 114
8362 115
8363 101
8364 122
8365 120
8366 134
8367 116
8368 123
8369 116
8370 115
8371 120
8372 130
8373 136
8374 110
8375 113
8376 112
8377 142
8378 130
8379 122
8380 128
8381 113
8382 125
8383 133
8384 129
8385 127
8386 126
8387 118
8388 129
8389 117
8390 129
8391 122
8392 112
8393 130
8394 136
8395 124
8396 121
8397 124
8398 135
8399 126
8400 135
8401 95
8402 130
8403 121
8404 132
8405 116
8406 119
8407 108
8408 131
8409 142
8410 122
8411 136
8412 116
8413 120
8414 118
8415 117
8416 109
8417 115
8418 135
8419 138
8420 119
8421 120
8422 110
8423 117
8424 125
8425 123
8426 117
8427 114
8428 140
8429 114
8430 122
8431 116
8432 124
8433 117
8434 143
8435 126
8436 124
8437 144
8438 128
8439 109
8440 100
8441 120
8442 115
8443 103
8444 109
8445 131
8446 120
8447 100
8448 118
8449 114
8450 127
8451 128
8452 113
8453 144
8454 128
8455 137
8456 112
8457 127
8458 125
8459 124
8460 120
8461 124
8462 130
8463 118
8464 122
8465 140
8466 81
8467 122
8468 132
8469 123
8470 135
8471 99
8472 127
8473 114
8474 132
8475 131
8476 121
8477 127
8478 102
8479 129
8480 143
8481 108
8482 131
8483 141
8484 110
8485 120
8486 131
8487 121
8488 129
8489 134
8490 141
8491 116
8492 111
8493 127
8494 117
8495 127
8496 126
8497 136
8498 123
8499 125
8500 112
8501 142
8502 120
8503 116
8504 121
8505 118
8506 141
8507 122
8508 122
8509 121
8510 137
8511 132
8512 130
8513 134
8514 116
8515 129
8516 117
8517 84
8518 110
8519 114
8520 126
8521 128
8522 103
8523 120
8524 131
8525 138
8526 132
8527 124
8528 129
8529 135
8530 133
8531 109
8532 123
8533 122
8534 108
8535 130
8536 119
8537 98
8538 124
8539 127
8540 121
8541 120
8542 126
8543 133
8544 118
8545 120
8546 131
8547 139
8548 138
8549 127
8550 117
8551 142
8552 116
8553 132
8554 106
8555 120
8556 130
8557 123
8558 142
8559 113
8560 121
8561 118
8562 123
8563 129
8564 128
8565 95
8566 131
8567 126
8568 120
8569 127
8570 128
8571 117
8572 141
8573 110
8574 130
8575 116
8576 109
8577 110
8578 128
8579 127
8580 110
8581 125
8582 116
8583 107
8584 131
8585 108
8586 113
8587 115
8588 122
8589 130
8590 128
8591 115
8592 125
8593 123
8594 122
8595 129
8596 127
8597 125
8598 134
8599 134
8600 118
8601 116
8602 125
8603 138
8604 135
8605 113
8606 122
8607 112
8608 132
8609 120
8610 121
8611 126
8612 131
8613 124
8614 116
8615 112
8616 115
8617 140
8618 127
8619 130
8620 132
8621 112
8622 96
8623 121
8624 119
8625 159
8626 118
8627 126
8628 103
8629 129
8630 126
8631 123
8632 112
8633 114
8634 125
8635 113
8636 116
8637 101
8638 124
8639 138
8640 119
8641 125
8642 131
8643 122
8644 119
8645 132
8646 109
8647 118
8648 127
8649 131
8650 125
8651 131
8652 138
8653 119
8654 109
8655 129
8656 113
8657 122
8658 129
8659 111
8660 136
8661 129
8662 122
8663 127
8664 117
8665 111
8666 102
8667 112
8668 121
8669 117
8670 133
8671 114
8672 140
8673 120
8674 133
8675 128
8676 111
8677 113
8678 113
8679 129
8680 100
8681 136
8682 121
8683 136
8684 127
8685 138
8686 142
8687 103
8688 116
8689 129
8690 120
8691 114
8692 94
8693 127
8694 142
8695 128
8696 145
8697 124
8698 133
8699 116
8700 130
8701 132
8702 122
8703 137
8704 129
8705 122
8706 128
8707 71
8708 118
8709 104
8710 130
8711 129
8712 110
8713 136
8714 114
8715 125
8716 129
8717 122
8718 113
8719 119
8720 141
8721 109
8722 129
8723 127
8724 113
8725 116
8726 121
8727 119
8728 134
8729 134
8730 146
8731 113
8732 136
8733 126
8734 117
8735 134
8736 116
8737 115
8738 135
8739 113
8740 129
8741 130
8742 134
8743 143
8744 111
8745 128
8746 130
8747 130
8748 116
8749 152
8750 122
8751 71
8752 117
8753 123
8754 109
8755 126
8756 132
8757 124
8758 112
8759 118
8760 116
8761 141
8762 115
8763 123
8764 127
8765 131
8766 117
8767 138
8768 135
8769 136
8770 126
8771 117
8772 102
8773 125
8774 129
8775 133
8776 116
8777 113
8778 117
8779 132
8780 120
8781 121
8782 117
8783 124
8784 105
8785 114
8786 128
8787 137
8788 131
8789 118
8790 147
8791 122
8792 121
8793 118
8794 124
8795 116
8796 128
8797 134
8798 123
8799 118
8800 110
8801 133
8802 121
8803 106
8804 148
8805 110
8806 127
8807 133
8808 134
8809 125
8810 117
8811 123
8812 134
8813 122
8814 141
8815 123
8816 111
8817 108
8818 120
8819 131
8820 124
8821 111
8822 132
8823 103
8824 123
8825 130
8826 131
8827 129
8828 133
8829 122
8830 115
8831 136
8832 117
8833 130
8834 132
8835 139
8836 133
8837 104
8838 118
8839 117
8840 118
8841 126
8842 138
8843 116
8844 122
8845 119
8846 76
8847 118
8848 115
8849 125
8850 120
8851 129
8852 134
8853 129
8854 130
8855 114
8856 120
8857 121
8858 121
8859 135
8860 127
8861 106
8862 118
8863 130
8864 123
8865 123
8866 125
8867 129
8868 126
8869 134
8870 131
8871 122
8872 119
8873 138
8874 137
8875 137
8876 137
8877 120
8878 114
8879 129
8880 132
8881 116
8882 120
8883 95
8884 131
8885 127
8886 144
8887 139
8888 123
8889 120
8890 118
8891 127
8892 108
8893 132
8894 117
8895 128
8896 127
8897 124
8898 112
8899 129
8900 130
8901 138
8902 122
8903 141
8904 139
8905 102
8906 110
8907 143
8908 113
8909 104
8910 107
8911 137
8912 124
8913 132
8914 90
8915 122
8916 125
8917 115
8918 113
8919 145
8920 132
8921 125
8922 132
8923 125
8924 138
8925 130
8926 116
8927 127
8928 129
8929 129
8930 134
8931 116
8932 123
8933 113
8934 122
8935 123
8936 116
8937 132
8938 115
8939 122
8940 130
8941 78
8942 126
8943 111
8944 119
8945 127
8946 133
8947 122
8948 104
8949 140
8950 115
8951 121
8952 123
8953 107
8954 126
8955 120
8956 113
8957 132
8958 110
8959 130
8960 109
8961 122
8962 138
8963 94
8964 125
8965 121
8966 117
8967 139
8968 121
8969 130
8970 109
8971 129
8972 126
8973 114
8974 136
8975 127
8976 136
8977 135
8978 117
8979 116
8980 124
8981 119
8982 113
8983 125
8984 128
8985 121
8986 116
8987 120
8988 141
8989 134
8990 112
8991 125
8992 129
8993 124
8994 129
8995 130
8996 122
8997 131
8998 122
8999 125
9000 123
9001 104
9002 112
9003 115
9004 128
9005 120
9006 138
9007 146
9008 120
9009 119
9010 110
9011 116
9012 107
9013 135
9014 118
9015 125
9016 132
9017 111
9018 131
9019 139
9020 103
9021 111
9022 126
9023 119
9024 132
9025 118
9026 115
9027 134
9028 118
9029 136
9030 139
9031 121
9032 121
9033 126
9034 128
9035 113
9036 104
9037 117
9038 119
9039 131
9040 119
9041 121
9042 132
9043 108
9044 106
9045 141
9046 116
9047 117
9048 128
9049 136
9050 132
9051 126
9052 128
9053 112
9054 111
9055 128
9056 134
9057 117
9058 125
9059 120
9060 134
9061 115
9062 119
9063 130
9064 135
9065 130
9066 108
9067 129
9068 93
9069 117
9070 130
9071 104
9072 138
9073 140
9074 130
9075 139
9076 117
9077 136
9078 135
9079 124
9080 111
9081 101
9082 131
9083 124
9084 112
9085 126
9086 129
9087 117
9088 108
9089 116
9090 122
9091 120
9092 113
9093 118
9094 126
9095 120
9096 101
9097 120
9098 125
9099 120
9100 126
9101 128
9102 126
9103 135
9104 126
9105 118
9106 120
9107 134
9108 136
9109 117
9110 113
9111 134
9112 117
9113 115
9114 107
9115 134
9116 115
9117 127
9118 120
9119 125
9120 124
9121 128
9122 117
9123 125
9124 144
9125 126
9126 136
9127 116
9128 123
9129 130
9130 132
9131 136
9132 125
9133 137
9134 138
9135 129
9136 122
9137 114
9138 126
9139 103
9140 126
9141 126
9142 110
9143 123
9144 128
9145 66
9146 130
9147 107
9148 131
9149 122
9150 131
9151 117
9152 131
9153 119
9154 130
9155 115
9156 116
9157 117
9158 131
9159 110
9160 123
9161 104
9162 128
9163 117
9164 136
9165 132
9166 124
9167 120
9168 123
9169 120
9170 129
9171 114
9172 133
9173 117
9174 133
9175 141
9176 113
9177 133
9178 130
9179 124
9180 114
9181 124
9182 101
9183 136
9184 114
9185 116
9186 113
9187 117
9188 135
9189 109
9190 135
9191 113
9192 142
9193 136
9194 128
9195 118
9196 116
9197 124
9198 130
9199 118
9200 134
9201 118
9202 133
9203 127
9204 128
9205 126
9206 128
9207 112
9208 109
9209 121
9210 127
9211 139
9212 119
9213 120
9214 121
9215 138
9216 114
9217 113
9218 119
9219 110
9220 133
9221 106
9222 130
9223 116
9224 121
9225 100
9226 119
9227 136
9228 119
9229 131
9230 119
9231 103
9232 124
9233 119
9234 131
9235 124
9236 120
9237 129
9238 143
9239 93
9240 118
9241 126
9242 108
9243 123
9244 133
9245 125
9246 113
9247 112
9248 120
9249 144
9250 117
9251 117
9252 132
9253 135
9254 124
9255 134
9256 106
9257 117
9258 108
9259 116
9260 124
9261 120
9262 125
9263 107
9264 97
9265 118
9266 124
9267 127
9268 120
9269 114
9270 131
9271 114
9272 141
9273 120
9274 115
9275 117
9276 118
9277 126
9278 106
9279 114
9280 130
9281 124
9282 108
9283 126
9284 124
9285 121
9286 134
9287 136
9288 108
9289 133
9290 126
9291 114
9292 137
9293 117
9294 134
9295 137
9296 129
9297 122
9298 114
9299 107
9300 121
9301 130
9302 115
9303 124
9304 136
9305 118
9306 117
9307 123
9308 135
9309 136
9310 148
9311 121
9312 134
9313 118
9314 121
9315 118
9316 130
9317 113
9318 121
9319 125
9320 116
9321 117
9322 114
9323 136
9324 116
9325 128
9326 118
9327 109
9328 103
9329 109
9330 136
9331 138
9332 125
9333 108
9334 127
9335 116
9336 111
9337 120
9338 133
9339 127
9340 134
9341 126
9342 71
9343 113
9344 113
9345 123
9346 135
9347 128
9348 117
9349 123
9350 118
9351 122
9352 124
9353 122
9354 114
9355 124
9356 117
9357 115
9358 128
9359 129
9360 121
9361 116
9362 120
9363 123
9364 120
9365 128
9366 124
9367 117
9368 139
9369 114
9370 143
9371 103
9372 129
9373 120
9374 132
9375 124
9376 116
9377 123
9378 112
9379 119
9380 123
9381 119
9382 138
9383 117
9384 111
9385 140
9386 125
9387 114
9388 123
9389 122
9390 129
9391 157
9392 118
9393 83
9394 128
9395 132
9396 115
9397 128
9398 145
9399 123
9400 137
9401 113
9402 108
9403 125
9404 117
9405 112
9406 144
9407 121
9408 130
9409 106
9410 128
9411 141
9412 128
9413 128
9414 116
9415 131
9416 126
9417 138
9418 121
9419 109
9420 118
9421 126
9422 137
9423 148
9424 135
9425 120
9426 118
9427 138
9428 113
9429 120
9430 111
9431 128
9432 115
9433 122
9434 119
9435 120
9436 130
9437 119
9438 142
9439 122
9440 137
9441 110
9442 116
9443 115
9444 131
9445 133
9446 129
9447 124
9448 118
9449 143
9450 128
9451 113
9452 125
9453 129
9454 117
9455 122
9456 122
9457 134
9458 121
9459 132
9460 119
9461 136
9462 128
9463 118
9464 130
9465 135
9466 121
9467 119
9468 114
9469 132
9470 133
9471 148
9472 131
9473 124
9474 132
9475 104
9476 134
9477 121
9478 116
9479 116
9480 113
9481 120
9482 126
9483 104
9484 120
9485 121
9486 131
9487 108
9488 130
9489 106
9490 105
9491 149
9492 122
9493 105
9494 119
9495 132
9496 116
9497 136
9498 127
9499 102
9500 121
9501 128
9502 117
9503 114
9504 124
9505 121
9506 96
9507 123
9508 127
9509 116
9510 135
9511 119
9512 137
9513 112
9514 112
9515 132
9516 123
9517 119
9518 101
9519 128
9520 121
9521 132
9522 113
9523 118
9524 123
9525 130
9526 116
9527 109
9528 96
9529 117
9530 129
9531 113
9532 121
9533 134
9534 129
9535 116
9536 133
9537 121
9538 128
9539 123
9540 114
9541 124
9542 133
9543 119
9544 132
9545 130
9546 136
9547 121
9548 130
9549 110
9550 107
9551 114
9552 118
9553 120
9554 129
9555 126
9556 131
9557 124
9558 116
9559 125
9560 114
9561 117
9562 123
9563 117
9564 118
9565 121
9566 110
9567 121
9568 111
9569 132
9570 121
9571 134
9572 119
9573 128
9574 127
9575 121
9576 128
9577 112
9578 132
9579 123
9580 131
9581 112
9582 139
9583 125
9584 123
9585 134
9586 116
9587 106
9588 117
9589 113
9590 127
9591 139
9592 129
9593 138
9594 126
9595 126
9596 116
9597 129
9598 122
9599 112
9600 118
9601 119
9602 121
9603 125
9604 118
9605 111
9606 123
9607 117
9608 110
9609 119
9610 130
9611 128
9612 132
9613 125
9614 105
9615 118
9616 123
9617 129
9618 116
9619 112
9620 109
9621 123
9622 121
9623 113
9624 126
9625 107
9626 99
9627 114
9628 119
9629 146
9630 131
9631 128
9632 130
9633 130
9634 138
9635 116
9636 140
9637 127
9638 145
9639 127
9640 131
9641 80
9642 117
9643 139
9644 112
9645 125
9646 134
9647 116
9648 123
9649 105
9650 141
9651 122
9652 127
9653 137
9654 132
9655 132
9656 135
9657 113
9658 133
9659 128
9660 122
9661 108
9662 119
9663 127
9664 136
9665 113
9666 64
9667 38
9668 125
9669 64
9670 35
9671 33
9672 31
9673 123
9674 26
9675 73
9676 139
9677 110
9678 77
9679 145
9680 130
9681 122
9682 138
9683 121
9684 120
9685 72
9686 109
9687 118
9688 134
9689 128
9690 105
9691 140
9692 110
9693 132
9694 108
9695 120
9696 93
9697 119
9698 135
9699 135
9700 124
9701 112
9702 63
9703 118
9704 129
9705 122
9706 132
9707 129
9708 125
9709 116
9710 118
9711 136
9712 139
9713 121
9714 127
9715 123
9716 109
9717 127
9718 135
9719 119
9720 121
9721 138
9722 124
9723 145
9724 124
9725 141
9726 127
9727 123
9728 118
9729 137
9730 117
9731 120
9732 139
9733 129
9734 115
9735 144
9736 64
9737 132
9738 142
9739 109
9740 122
9741 126
9742 118
9743 125
9744 127
9745 121
9746 137
9747 120
9748 127
9749 131
9750 143
9751 123
9752 121
9753 129
9754 112
9755 99
9756 122
9757 123
9758 132
9759 127
9760 107
9761 123
9762 121
9763 131
9764 129
9765 129
9766 117
9767 118
9768 105
9769 128
9770 116
9771 117
9772 111
9773 112
9774 135
9775 129
9776 100
9777 108
9778 122
9779 111
9780 105
9781 120
9782 111
9783 135
9784 143
9785 125
9786 115
9787 124
9788 126
9789 126
9790 135
9791 132
9792 132
9793 127
9794 123
9795 136
9796 123
9797 138
9798 133
9799 125
9800 147
9801 140
9802 123
9803 133
9804 117
9805 130
9806 134
9807 129
9808 122
9809 117
9810 132
9811 121
9812 117
9813 131
9814 114
9815 125
9816 129
9817 133
9818 123
9819 142
9820 123
9821 129
9822 132
9823 134
9824 137
9825 124
9826 128
9827 123
9828 108
9829 119
9830 139
9831 127
9832 106
9833 131
9834 106
9835 128
9836 128
9837 140
9838 127
9839 117
9840 110
9841 124
9842 119
9843 119
9844 122
9845 120
9846 113
9847 121
9848 116
9849 112
9850 104
9851 154
9852 94
9853 119
9854 128
9855 117
9856 136
9857 132
9858 112
9859 110
9860 132
9861 139
9862 123
9863 129
9864 137
9865 125
9866 105
9867 116
9868 133
9869 128
9870 131
9871 126
9872 128
9873 113
9874 142
9875 128
9876 132
9877 123
9878 121
9879 127
9880 127
9881 114
9882 107
9883 124
9884 114
9885 118
9886 112
9887 129
9888 127
9889 109
9890 138
9891 98
9892 125
9893 129
9894 117
9895 142
9896 116
9897 125
9898 118
9899 105
9900 117
9901 122
9902 119
9903 120
9904 124
9905 123
9906 128
9907 122
9908 117
9909 127
9910 116
9911 118
9912 140
9913 113
9914 131
9915 134
9916 139
9917 129
9918 124
9919 117
9920 136
9921 126
9922 120
9923 127
9924 114
9925 114
9926 133
9927 128
9928 148
9929 122
9930 129
9931 113
9932 116
9933 117
9934 134
9935 145
9936 125
9937 127
9938 135
9939 119
9940 132
9941 130
9942 115
9943 123
9944 111
9945 138
9946 122
9947 114
9948 120
9949 124
9950 132
9951 116
9952 134
9953 101
9954 126
9955 136
9956 130
9957 111
9958 124
9959 142
9960 136
9961 143
9962 112
9963 140
9964 127
9965 130
9966 122
9967 120
9968 127
9969 112
9970 126
9971 122
9972 130
9973 127
9974 115
9975 118
9976 110
9977 134
9978 133
9979 129
9980 122
9981 123
9982 125
9983 125
9984 115
9985 130
9986 129
9987 125
9988 140
9989 118
9990 111
9991 105
9992 113
9993 96
9994 139
9995 133
9996 116
9997 105
9998 117
9999 137
# sum: 116
# min: 15
# max: 159
# err cnt: 0
