0 3861
1 3782
2 3779
3 3760
4 3774
5 3769
6 3767
7 3775
8 3743
9 3755
10 3757
11 3768
12 3774
13 3762
14 3756
15 3772
16 3772
17 3779
18 3764
19 3785
20 3768
21 3791
22 3746
23 3763
24 3763
25 3766
26 3758
27 3772
28 3748
29 3756
30 3758
31 3753
32 3753
33 3766
34 3759
35 3768
36 3763
37 3782
38 3763
39 3782
40 3773
41 3757
42 3765
43 3760
44 3765
45 3765
46 3772
47 3804
48 3745
49 3793
50 3769
51 3763
52 3789
53 3794
54 3755
55 3768
56 3753
57 3781
58 3782
59 3761
60 3761
61 3792
62 3769
63 3763
64 3765
65 3835
66 3781
67 3773
68 3765
69 3775
70 3836
71 3748
72 3754
73 3760
74 3783
75 3781
76 3775
77 3775
78 3773
79 3739
80 3771
81 3772
82 3839
83 3770
84 3763
85 3778
86 3775
87 3775
88 3750
89 3781
90 3777
91 3773
92 3764
93 3764
94 3827
95 3757
96 3773
97 3759
98 3767
99 3817
100 3776
101 3775
102 3756
103 3762
104 3764
105 3827
106 3766
107 3766
108 3769
109 3762
110 3757
111 3774
112 3757
113 3751
114 3764
115 3785
116 3758
117 3755
118 3757
119 3754
120 3760
121 3770
122 3765
123 3763
124 3740
125 3768
126 3759
127 3759
128 3763
129 3767
130 3763
131 3763
132 3811
133 3758
134 3777
135 3750
136 3766
137 3759
138 3762
139 3770
140 3769
141 3771
142 3762
143 3760
144 3760
145 3770
146 3756
147 3751
148 3780
149 3750
150 3764
151 3782
152 3781
153 3768
154 3761
155 3762
156 3767
157 3765
158 3761
159 3785
160 3822
161 3757
162 3766
163 3776
164 3766
165 3765
166 3781
167 3769
168 3780
169 3785
170 3759
171 3782
172 3808
173 3774
174 3762
175 3753
176 3770
177 3754
178 3765
179 3754
180 3796
181 3768
182 3752
183 3750
184 3829
185 3768
186 3765
187 3772
188 3794
189 3771
190 3778
191 3761
192 3760
193 3768
194 3773
195 3777
196 3760
197 3762
198 3769
199 3764
200 3753
201 3765
202 3779
203 3761
204 3751
205 3736
206 3756
207 3740
208 3773
209 3768
210 3806
211 3763
212 3780
213 3767
214 3759
215 3768
216 3762
217 3751
218 3774
219 3772
220 3753
221 3771
222 3778
223 3777
224 3808
225 3778
226 3752
227 3763
228 3782
229 3743
230 3750
231 3744
232 3761
233 3754
234 3754
235 3752
236 3740
237 3751
238 3756
239 3753
240 3762
241 3742
242 3759
243 3758
244 3755
245 3754
246 3751
247 3752
248 3833
249 3772
250 3769
251 3744
252 3768
253 3775
254 3817
255 3760
256 3758
257 3765
258 3763
259 3740
260 3770
261 3752
262 3748
263 3749
264 3827
265 3757
266 3756
267 3773
268 3837
269 3776
270 3753
271 3750
272 3761
273 3770
274 3763
275 3752
276 3751
277 3761
278 3770
279 3782
280 3771
281 3778
282 3746
283 3737
284 3836
285 3777
286 3780
287 3784
288 3768
289 3754
290 3770
291 3859
292 3765
293 3761
294 3765
295 3846
296 3776
297 3769
298 3760
299 3754
300 3759
301 3795
302 3770
303 3761
304 3755
305 3760
306 3752
307 3787
308 3767
309 3774
310 3817
311 3801
312 3771
313 3759
314 3755
315 3767
316 3758
317 3775
318 3768
319 3774
320 3765
321 3756
322 3772
323 3769
324 3756
325 3769
326 3777
327 3770
328 3772
329 3767
330 3771
331 3765
332 3774
333 3768
334 3756
335 3759
336 3793
337 3764
338 3760
339 3780
340 3774
341 3757
342 3790
343 3755
344 3763
345 3769
346 3759
347 3754
348 3757
349 3758
350 3755
351 3767
352 3764
353 3765
354 3771
355 3766
356 3753
357 3761
358 3762
359 3787
360 3764
361 3760
362 3757
363 3775
364 3746
365 3766
366 3763
367 3764
368 3757
369 3764
370 3759
371 3760
372 3792
373 3770
374 3798
375 3773
376 3788
377 3742
378 3746
379 3753
380 3732
381 3759
382 3756
383 3776
384 3833
385 3756
386 3763
387 3766
388 3777
389 3749
390 3780
391 3754
392 3767
393 3781
394 3762
395 3760
396 3751
397 3822
398 3799
399 3780
400 3769
401 3764
402 3752
403 3779
404 3861
405 3769
406 3777
407 3779
408 3764
409 3772
410 3774
411 3764
412 3762
413 3765
414 3764
415 3765
416 3757
417 3763
418 3769
419 3859
420 3762
421 3776
422 3765
423 3754
424 3852
425 3740
426 3766
427 3755
428 3761
429 3772
430 3756
431 3755
432 3750
433 3769
434 3753
435 3767
436 3785
437 3744
438 3763
439 3768
440 3754
441 3772
442 3760
443 3771
444 3761
445 3785
446 3772
447 3765
448 3761
449 3782
450 3767
451 3755
452 3744
453 3749
454 3760
455 3781
456 3775
457 3753
458 3769
459 3766
460 3769
461 3772
462 3751
463 3764
464 3761
465 3747
466 3768
467 3766
468 3764
469 3762
470 3794
471 3757
472 3756
473 3765
474 3743
475 3759
476 3766
477 3770
478 3769
479 3765
480 3763
481 3767
482 3768
483 3780
484 3757
485 3777
486 3762
487 3753
488 3826
489 3764
490 3768
491 3782
492 3774
493 3777
494 3765
495 3777
496 3773
497 3760
498 3800
499 3770
500 3751
501 3758
502 3798
503 3850
504 3761
505 3751
506 3794
507 3816
508 3766
509 3747
510 3760
511 3760
512 3766
513 3775
514 3767
515 3750
516 3772
517 3750
518 3765
519 3754
520 3756
521 3769
522 3766
523 3750
524 3749
525 3776
526 3752
527 3755
528 3757
529 3765
530 3758
531 3753
532 3760
533 3751
534 3755
535 3769
536 3752
537 3752
538 3757
539 3751
540 3755
541 3777
542 3755
543 3753
544 3753
545 3770
546 3756
547 3751
548 3797
549 3748
550 3773
551 3785
552 3824
553 3744
554 3750
555 3768
556 3762
557 3765
558 3763
559 3765
560 3772
561 3774
562 3782
563 3756
564 3808
565 3763
566 3753
567 3765
568 3763
569 3763
570 3772
571 3766
572 3769
573 3778
574 3770
575 3769
576 3765
577 3763
578 3853
579 3750
580 3753
581 3746
582 3749
583 3754
584 3782
585 3773
586 3759
587 3784
588 3774
589 3752
590 3751
591 3772
592 3775
593 3751
594 3756
595 3755
596 3775
597 3782
598 3771
599 3758
600 3781
601 3783
602 3750
603 3751
604 3741
605 3768
606 3755
607 3743
608 3748
609 3780
610 3769
611 3780
612 3755
613 3768
614 3751
615 3747
616 3759
617 3860
618 3750
619 3748
620 3758
621 3781
622 3778
623 3745
624 3766
625 3743
626 3764
627 3773
628 3767
629 3778
630 3749
631 3751
632 3792
633 3752
634 3754
635 3756
636 3754
637 3769
638 3765
639 3752
640 3764
641 3775
642 3771
643 3797
644 3771
645 3761
646 3765
647 3757
648 3763
649 3744
650 3752
651 3744
652 3795
653 3742
654 3759
655 3770
656 3757
657 3761
658 3768
659 3757
660 3770
661 3759
662 3762
663 3769
664 3755
665 3759
666 3795
667 3750
668 3742
669 3752
670 3751
671 3765
672 3777
673 3834
674 3760
675 3759
676 3756
677 3761
678 3770
679 3757
680 3754
681 3764
682 3774
683 3777
684 3802
685 3774
686 3765
687 3774
688 3782
689 3758
690 3774
691 3772
692 3777
693 3783
694 3769
695 3767
696 3766
697 3765
698 3776
699 3777
700 3769
701 3772
702 3768
703 3765
704 3761
705 3779
706 3769
707 3777
708 3762
709 3744
710 3752
711 3773
712 3804
713 3775
714 3768
715 3758
716 3759
717 3774
718 3769
719 3787
720 3764
721 3772
722 3768
723 3764
724 3761
725 3776
726 3764
727 3753
728 3806
729 3766
730 3781
731 3764
732 3761
733 3763
734 3777
735 3758
736 3764
737 3772
738 3766
739 3769
740 3766
741 3778
742 3766
743 3762
744 3753
745 3770
746 3808
747 3739
748 3762
749 3871
750 3753
751 3762
752 3772
753 3772
754 3757
755 3758
756 3768
757 3758
758 3766
759 3775
760 3829
761 3800
762 3774
763 3764
764 3754
765 3759
766 3766
767 3771
768 3809
769 3776
770 3772
771 3786
772 3762
773 3782
774 3761
775 3775
776 3765
777 3764
778 3761
779 3765
780 3757
781 3764
782 3808
783 3749
784 3754
785 3754
786 3756
787 3774
788 3792
789 3755
790 3757
791 3762
792 3757
793 3771
794 3760
795 3754
796 3760
797 3765
798 3770
799 3762
800 3778
801 3771
802 3768
803 3757
804 3772
805 3764
806 3764
807 3777
808 3786
809 3766
810 3775
811 3753
812 3762
813 3761
814 3762
815 3765
816 3764
817 3760
818 3766
819 3765
820 3754
821 3762
822 3764
823 3783
824 3795
825 3795
826 3754
827 3781
828 3776
829 3749
830 3805
831 3760
832 3754
833 3768
834 3762
835 3764
836 3833
837 3777
838 3772
839 3777
840 3763
841 3777
842 3769
843 3768
844 3770
845 3788
846 3761
847 3765
848 3777
849 3781
850 3802
851 3764
852 3751
853 3777
854 3788
855 3766
856 3753
857 3762
858 3771
859 3760
860 3794
861 3785
862 3775
863 3772
864 3761
865 3763
866 3757
867 3756
868 3764
869 3776
870 3753
871 3774
872 3802
873 3758
874 3757
875 3748
876 3818
877 3775
878 3739
879 3769
880 3773
881 3772
882 3769
883 3748
884 3759
885 3754
886 3765
887 3767
888 3760
889 3767
890 3767
891 3762
892 3769
893 3767
894 3764
895 3758
896 3770
897 3803
898 3767
899 3769
900 3760
901 3920
902 3936
903 3860
904 3877
905 3821
906 3766
907 3780
908 3758
909 3759
910 3784
911 3781
912 3770
913 3755
914 3759
915 3759
916 3769
917 3764
918 3775
919 3776
920 3772
921 3790
922 3760
923 3753
924 3786
925 3769
926 3758
927 3750
928 3763
929 3774
930 3782
931 3762
932 3765
933 3764
934 3767
935 3765
936 3768
937 3767
938 3761
939 3754
940 3763
941 3754
942 3763
943 3765
944 3802
945 3767
946 3799
947 3749
948 3752
949 3757
950 3748
951 3758
952 3766
953 3761
954 3758
955 3756
956 3760
957 3764
958 3757
959 3760
960 3797
961 3809
962 3744
963 3763
964 3763
965 3786
966 3764
967 3768
968 3764
969 3770
970 3769
971 3783
972 3758
973 3782
974 3760
975 3786
976 3770
977 3774
978 3771
979 3775
980 3840
981 3767
982 3763
983 3764
984 3758
985 3764
986 3788
987 3775
988 3770
989 3778
990 3763
991 3775
992 3757
993 3757
994 3760
995 3759
996 3771
997 3847
998 3774
999 3773
1000 3766
1001 3773
1002 3770
1003 3770
1004 3828
1005 3768
1006 3768
1007 3756
1008 3766
1009 3776
1010 3765
1011 3762
1012 3765
1013 3772
1014 3767
1015 3757
1016 3775
1017 3772
1018 3770
1019 3759
1020 3774
1021 3752
1022 3752
1023 3777
1024 3764
1025 3774
1026 3777
1027 3767
1028 3767
1029 3766
1030 3774
1031 3767
1032 3779
1033 3762
1034 3772
1035 3756
1036 3789
1037 3748
1038 3763
1039 3746
1040 3750
1041 3784
1042 3759
1043 3766
1044 3748
1045 3775
1046 3762
1047 3762
1048 3770
1049 3754
1050 3769
1051 3756
1052 3767
1053 3770
1054 3765
1055 3774
1056 3765
1057 3765
1058 3749
1059 3746
1060 3766
1061 3777
1062 3769
1063 3767
1064 3761
1065 3772
1066 3758
1067 3761
1068 3763
1069 3754
1070 3769
1071 3772
1072 3758
1073 3755
1074 3766
1075 3851
1076 3759
1077 3764
1078 3763
1079 3764
1080 3769
1081 3767
1082 3770
1083 3775
1084 3774
1085 3778
1086 3771
1087 3777
1088 3757
1089 3761
1090 3774
1091 3767
1092 3768
1093 3750
1094 3767
1095 3757
1096 3771
1097 3757
1098 3777
1099 3784
1100 3767
1101 3772
1102 3762
1103 3759
1104 3788
1105 3782
1106 3763
1107 3776
1108 3758
1109 3743
1110 3747
1111 3741
1112 3740
1113 3747
1114 3763
1115 3772
1116 3760
1117 3752
1118 3766
1119 3760
1120 3753
1121 3771
1122 3749
1123 3735
1124 3765
1125 3765
1126 3764
1127 3761
1128 3764
1129 3760
1130 3774
1131 3764
1132 3770
1133 3787
1134 3761
1135 3777
1136 3798
1137 3769
1138 3761
1139 3746
1140 3829
1141 3774
1142 3766
1143 3751
1144 3765
1145 3789
1146 3768
1147 3750
1148 3771
1149 3749
1150 3767
1151 3783
1152 3759
1153 3780
1154 3760
1155 3758
1156 3770
1157 3850
1158 3752
1159 3755
1160 3780
1161 3776
1162 3788
1163 3768
1164 3773
1165 3773
1166 3828
1167 3770
1168 3764
1169 3774
1170 3778
1171 3775
1172 3772
1173 3771
1174 3767
1175 3767
1176 3749
1177 3769
1178 3748
1179 3786
1180 3760
1181 3778
1182 3762
1183 3776
1184 3774
1185 3777
1186 3766
1187 3843
1188 3767
1189 3784
1190 3771
1191 3748
1192 3742
1193 3749
1194 3743
1195 3749
1196 3745
1197 3778
1198 3769
1199 3762
1200 3755
1201 3766
1202 3772
1203 3747
1204 3754
1205 3769
1206 3776
1207 3780
1208 3766
1209 3763
1210 3763
1211 3769
1212 3769
1213 3768
1214 3827
1215 3763
1216 3773
1217 3796
1218 3779
1219 3770
1220 3782
1221 3774
1222 3758
1223 3746
1224 3766
1225 3764
1226 3781
1227 3754
1228 3783
1229 3801
1230 3781
1231 3781
1232 3778
1233 3775
1234 3781
1235 3768
1236 3776
1237 3781
1238 3802
1239 3760
1240 3765
1241 3758
1242 3750
1243 3769
1244 3760
1245 3740
1246 3768
1247 3775
1248 3788
1249 3777
1250 3742
1251 3748
1252 3773
1253 3758
1254 3803
1255 3766
1256 3778
1257 3754
1258 3764
1259 3767
1260 3764
1261 3782
1262 3774
1263 3775
1264 3758
1265 3769
1266 3777
1267 3780
1268 3772
1269 3780
1270 3781
1271 3756
1272 3773
1273 3762
1274 3770
1275 3841
1276 3754
1277 3772
1278 3772
1279 3820
1280 3777
1281 3777
1282 3779
1283 3770
1284 3775
1285 3781
1286 3754
1287 3787
1288 3770
1289 3766
1290 3759
1291 3753
1292 3748
1293 3808
1294 3748
1295 3744
1296 3758
1297 3755
1298 3758
1299 3780
1300 3764
1301 3755
1302 3799
1303 3755
1304 3756
1305 3762
1306 3779
1307 3770
1308 3774
1309 3748
1310 3782
1311 3751
1312 3762
1313 3770
1314 3756
1315 3742
1316 3744
1317 3772
1318 3758
1319 3758
1320 3763
1321 3768
1322 3750
1323 3747
1324 3750
1325 3764
1326 3787
1327 3773
1328 3771
1329 3762
1330 3764
1331 3769
1332 3764
1333 3766
1334 3755
1335 3798
1336 3762
1337 3783
1338 3779
1339 3771
1340 3768
1341 3770
1342 3767
1343 3743
1344 3772
1345 3768
1346 3759
1347 3780
1348 3764
1349 3762
1350 3773
1351 3758
1352 3757
1353 3757
1354 3802
1355 3757
1356 3765
1357 3771
1358 3770
1359 3772
1360 3757
1361 3766
1362 3769
1363 3759
1364 3806
1365 3776
1366 3751
1367 3778
1368 3771
1369 3770
1370 3773
1371 3773
1372 3764
1373 3767
1374 3757
1375 3760
1376 3770
1377 3765
1378 3760
1379 3745
1380 3749
1381 3762
1382 3762
1383 3772
1384 3756
1385 3772
1386 3830
1387 3771
1388 3848
1389 3764
1390 3743
1391 3761
1392 3772
1393 3764
1394 3818
1395 3750
1396 3763
1397 3898
1398 3766
1399 3749
1400 3805
1401 3768
1402 3765
1403 3767
1404 3764
1405 3766
1406 3767
1407 3773
1408 3764
1409 3767
1410 3799
1411 3774
1412 3765
1413 3758
1414 3767
1415 3766
1416 3779
1417 3767
1418 3770
1419 3770
1420 3840
1421 3771
1422 3764
1423 3758
1424 3780
1425 3771
1426 3771
1427 3776
1428 3783
1429 3768
1430 3765
1431 3767
1432 3754
1433 3795
1434 3769
1435 3781
1436 3766
1437 3775
1438 3774
1439 3761
1440 3767
1441 3766
1442 3816
1443 3786
1444 3769
1445 3778
1446 3820
1447 3760
1448 3768
1449 3762
1450 3759
1451 3781
1452 3767
1453 3766
1454 3776
1455 3807
1456 3767
1457 3758
1458 3773
1459 3749
1460 3771
1461 3769
1462 3782
1463 3761
1464 3763
1465 3773
1466 3765
1467 3768
1468 3773
1469 3778
1470 3764
1471 3772
1472 3765
1473 3761
1474 3767
1475 3768
1476 3802
1477 3775
1478 3763
1479 3762
1480 3763
1481 3762
1482 3768
1483 3766
1484 3846
1485 3758
1486 3769
1487 3773
1488 3743
1489 3770
1490 3763
1491 3773
1492 3768
1493 3760
1494 3763
1495 3768
1496 3760
1497 3776
1498 3749
1499 3771
1500 3767
1501 3773
1502 3763
1503 3765
1504 3761
1505 3755
1506 3765
1507 3785
1508 3746
1509 3751
1510 3765
1511 3766
1512 3768
1513 3766
1514 3787
1515 3758
1516 3756
1517 3773
1518 3754
1519 3760
1520 3768
1521 3756
1522 3763
1523 3769
1524 3794
1525 3768
1526 3780
1527 3761
1528 3772
1529 3758
1530 3748
1531 3746
1532 3750
1533 3751
1534 3749
1535 3749
1536 3745
1537 3755
1538 3747
1539 3763
1540 3778
1541 3776
1542 3767
1543 3773
1544 3769
1545 3768
1546 3779
1547 3750
1548 3757
1549 3774
1550 3792
1551 3777
1552 3774
1553 3806
1554 3749
1555 3748
1556 3759
1557 3769
1558 3764
1559 3759
1560 3758
1561 3771
1562 3757
1563 3775
1564 3755
1565 3773
1566 3762
1567 3755
1568 3770
1569 3770
1570 3746
1571 3767
1572 3768
1573 3760
1574 3754
1575 3758
1576 3763
1577 3751
1578 3779
1579 3776
1580 3772
1581 3761
1582 3757
1583 3770
1584 3773
1585 3767
1586 3764
1587 3798
1588 3776
1589 3766
1590 3820
1591 3830
1592 3835
1593 3755
1594 3765
1595 3756
1596 3734
1597 3752
1598 3760
1599 3756
1600 3739
1601 3772
1602 3774
1603 3789
1604 3774
1605 3774
1606 3766
1607 3760
1608 3778
1609 3770
1610 3817
1611 3779
1612 3744
1613 3758
1614 3769
1615 3776
1616 3769
1617 3771
1618 3763
1619 3762
1620 3748
1621 3779
1622 3758
1623 3759
1624 3827
1625 3752
1626 3767
1627 3768
1628 3766
1629 3774
1630 3736
1631 3741
1632 3746
1633 3754
1634 3760
1635 3729
1636 3760
1637 3767
1638 3755
1639 3768
1640 3775
1641 3813
1642 3818
1643 3758
1644 3745
1645 3754
1646 3749
1647 3787
1648 3780
1649 3771
1650 3807
1651 3768
1652 3765
1653 3775
1654 3759
1655 3781
1656 3830
1657 3775
1658 3771
1659 3769
1660 3774
1661 3757
1662 3760
1663 3768
1664 3836
1665 3827
1666 3850
1667 3743
1668 3757
1669 3761
1670 3765
1671 3761
1672 3767
1673 3768
1674 3759
1675 3766
1676 3829
1677 3766
1678 3812
1679 3774
1680 3755
1681 3755
1682 3755
1683 3774
1684 3766
1685 3773
1686 3764
1687 3751
1688 3755
1689 3755
1690 3743
1691 3758
1692 3760
1693 3756
1694 3800
1695 3770
1696 3768
1697 3790
1698 3737
1699 3768
1700 3802
1701 3738
1702 3771
1703 3782
1704 3758
1705 3758
1706 3752
1707 3760
1708 3773
1709 3763
1710 3773
1711 3749
1712 3813
1713 3741
1714 3744
1715 3760
1716 3757
1717 3765
1718 3758
1719 3761
1720 3771
1721 3755
1722 3738
1723 3781
1724 3761
1725 3771
1726 3738
1727 3759
1728 3754
1729 3762
1730 3760
1731 3783
1732 3797
1733 3773
1734 3758
1735 3771
1736 3777
1737 3784
1738 3761
1739 3791
1740 3770
1741 3792
1742 3779
1743 3790
1744 3787
1745 3819
1746 3768
1747 3774
1748 3759
1749 3776
1750 3740
1751 3772
1752 3773
1753 3771
1754 3764
1755 3757
1756 3763
1757 3763
1758 3764
1759 3768
1760 3789
1761 3763
1762 3742
1763 3762
1764 3766
1765 3769
1766 3754
1767 3758
1768 3770
1769 3774
1770 3768
1771 3765
1772 3765
1773 3770
1774 3760
1775 3764
1776 3754
1777 3761
1778 3766
1779 3765
1780 3759
1781 3763
1782 3764
1783 3766
1784 3762
1785 3765
1786 3763
1787 3763
1788 3775
1789 3752
1790 3793
1791 3753
1792 3759
1793 3753
1794 3735
1795 3763
1796 3756
1797 3753
1798 3769
1799 3747
1800 3768
1801 3773
1802 3754
1803 3761
1804 3755
1805 3765
1806 3763
1807 3758
1808 3774
1809 3751
1810 3759
1811 3762
1812 3751
1813 3751
1814 3769
1815 3773
1816 3764
1817 3765
1818 3759
1819 3762
1820 3784
1821 3768
1822 3754
1823 3778
1824 3773
1825 3767
1826 3765
1827 3781
1828 3763
1829 3746
1830 3772
1831 3766
1832 3755
1833 3776
1834 3767
1835 3759
1836 3764
1837 3758
1838 3760
1839 3764
1840 3762
1841 3759
1842 3761
1843 3758
1844 3761
1845 3759
1846 3765
1847 3766
1848 3768
1849 3785
1850 3764
1851 3775
1852 3757
1853 3752
1854 3756
1855 3751
1856 3794
1857 3760
1858 3766
1859 3766
1860 3763
1861 3761
1862 3761
1863 3763
1864 3765
1865 3768
1866 3763
1867 3763
1868 3763
1869 3760
1870 3750
1871 3765
1872 3759
1873 3761
1874 3762
1875 3764
1876 3762
1877 3771
1878 3766
1879 3763
1880 3759
1881 3762
1882 3764
1883 3755
1884 3756
1885 3773
1886 3761
1887 3768
1888 3764
1889 3768
1890 3771
1891 3764
1892 3757
1893 3746
1894 3763
1895 3751
1896 3749
1897 3806
1898 3762
1899 3740
1900 3750
1901 3749
1902 3769
1903 3760
1904 3745
1905 4039
1906 3884
1907 3844
1908 3919
1909 3833
1910 3758
1911 3765
1912 3767
1913 3764
1914 3762
1915 3772
1916 3771
1917 3762
1918 3760
1919 3763
1920 3789
1921 3760
1922 3755
1923 3748
1924 3759
1925 3759
1926 3743
1927 3755
1928 3759
1929 3757
1930 3759
1931 3759
1932 3746
1933 3758
1934 3770
1935 3760
1936 3760
1937 3757
1938 3761
1939 3768
1940 3765
1941 3778
1942 3770
1943 3765
1944 3757
1945 3767
1946 3776
1947 3768
1948 3737
1949 3779
1950 3800
1951 3780
1952 3774
1953 3772
1954 3755
1955 3854
1956 3807
1957 3766
1958 3770
1959 3754
1960 3756
1961 3749
1962 3747
1963 3757
1964 3758
1965 3765
1966 3759
1967 3803
1968 3755
1969 3759
1970 3758
1971 3767
1972 3764
1973 3744
1974 3748
1975 3756
1976 3753
1977 3758
1978 3759
1979 3770
1980 3770
1981 3766
1982 3772
1983 3756
1984 3762
1985 3764
1986 3763
1987 3763
1988 3775
1989 3762
1990 3765
1991 3760
1992 3760
1993 3763
1994 3825
1995 3748
1996 3762
1997 3753
1998 3762
1999 3780
2000 3756
2001 3770
2002 3759
2003 3763
2004 3767
2005 3759
2006 3759
2007 3770
2008 3758
2009 3758
2010 3746
2011 3780
2012 3765
2013 3778
2014 3768
2015 3751
2016 3757
2017 3764
2018 3763
2019 3762
2020 3846
2021 3769
2022 3759
2023 3764
2024 3760
2025 3775
2026 3803
2027 3753
2028 3754
2029 3753
2030 3851
2031 3755
2032 3756
2033 3766
2034 3767
2035 3755
2036 3752
2037 3786
2038 3772
2039 3771
2040 3768
2041 3765
2042 3833
2043 3769
2044 3759
2045 3768
2046 3774
2047 3771
2048 3828
2049 3788
2050 3764
2051 3763
2052 3780
2053 3762
2054 3767
2055 3773
2056 3763
2057 3752
2058 3766
2059 3770
2060 3757
2061 3778
2062 3759
2063 3757
2064 3757
2065 3761
2066 3760
2067 3758
2068 3769
2069 3770
2070 3760
2071 3748
2072 3758
2073 3756
2074 3760
2075 3759
2076 3766
2077 3767
2078 3750
2079 3768
2080 3763
2081 3759
2082 3759
2083 3768
2084 3778
2085 3769
2086 3767
2087 3760
2088 3751
2089 3761
2090 3768
2091 3748
2092 3764
2093 3767
2094 3760
2095 3763
2096 3780
2097 3844
2098 3845
2099 3775
2100 3772
2101 3773
2102 3772
2103 3762
2104 3763
2105 3757
2106 3756
2107 3763
2108 3774
2109 3758
2110 3765
2111 3731
2112 3765
2113 3789
2114 3741
2115 3758
2116 3764
2117 3760
2118 3767
2119 3750
2120 3742
2121 3747
2122 3737
2123 3766
2124 3765
2125 3759
2126 3756
2127 3770
2128 3758
2129 3829
2130 3769
2131 3776
2132 3771
2133 3747
2134 3766
2135 3787
2136 3756
2137 3752
2138 3763
2139 3755
2140 3778
2141 3764
2142 3762
2143 3771
2144 3769
2145 3764
2146 3776
2147 3775
2148 3762
2149 3753
2150 3754
2151 3771
2152 3765
2153 3764
2154 3766
2155 3768
2156 3758
2157 3754
2158 3813
2159 3775
2160 3767
2161 3776
2162 3771
2163 3756
2164 3755
2165 3758
2166 3770
2167 3799
2168 3759
2169 3762
2170 3748
2171 3753
2172 3749
2173 3750
2174 3788
2175 3758
2176 3757
2177 3749
2178 3804
2179 3738
2180 3757
2181 3777
2182 3802
2183 3764
2184 3761
2185 3765
2186 3769
2187 3761
2188 3779
2189 3760
2190 3759
2191 3759
2192 3771
2193 3769
2194 3766
2195 3761
2196 3748
2197 3756
2198 3761
2199 3775
2200 3761
2201 3749
2202 3752
2203 3762
2204 3807
2205 3764
2206 3773
2207 3757
2208 3802
2209 3778
2210 3773
2211 3774
2212 3749
2213 3752
2214 3765
2215 3763
2216 3755
2217 3772
2218 3763
2219 3775
2220 3753
2221 3760
2222 3760
2223 3749
2224 3768
2225 3768
2226 3755
2227 3747
2228 3757
2229 3822
2230 3760
2231 3780
2232 3757
2233 3818
2234 3774
2235 3777
2236 3769
2237 3749
2238 3768
2239 3761
2240 3770
2241 3767
2242 3765
2243 3771
2244 3761
2245 3756
2246 3763
2247 3756
2248 3808
2249 3763
2250 3760
2251 3768
2252 3760
2253 3744
2254 3762
2255 3760
2256 3766
2257 3761
2258 3755
2259 3780
2260 3764
2261 3757
2262 3749
2263 3758
2264 3767
2265 3780
2266 3756
2267 3763
2268 3764
2269 3768
2270 3764
2271 3758
2272 3755
2273 3748
2274 3802
2275 3777
2276 3762
2277 3780
2278 3769
2279 3758
2280 3752
2281 3752
2282 3758
2283 3789
2284 3752
2285 3764
2286 3784
2287 3764
2288 3751
2289 3767
2290 3774
2291 3751
2292 3752
2293 3769
2294 3770
2295 3775
2296 3764
2297 3765
2298 3756
2299 3776
2300 3758
2301 3778
2302 3763
2303 3750
2304 3749
2305 3772
2306 3763
2307 3755
2308 3751
2309 3765
2310 3772
2311 3753
2312 3759
2313 3762
2314 3755
2315 3751
2316 3785
2317 3775
2318 3760
2319 3765
2320 3764
2321 3760
2322 3752
2323 3756
2324 3767
2325 3772
2326 3774
2327 3760
2328 3758
2329 3754
2330 3775
2331 3766
2332 3763
2333 3752
2334 3758
2335 3757
2336 3755
2337 3768
2338 3766
2339 3752
2340 3755
2341 3754
2342 3757
2343 3774
2344 3766
2345 3758
2346 3766
2347 3769
2348 3760
2349 3769
2350 3767
2351 3772
2352 3766
2353 3774
2354 3771
2355 3766
2356 3775
2357 3767
2358 3815
2359 3774
2360 3772
2361 3775
2362 3771
2363 3762
2364 3761
2365 3772
2366 3767
2367 3774
2368 3766
2369 3742
2370 3770
2371 3754
2372 3761
2373 3758
2374 3831
2375 3812
2376 3764
2377 3741
2378 3747
2379 3752
2380 3769
2381 3759
2382 3755
2383 3759
2384 3771
2385 3764
2386 3761
2387 3772
2388 3774
2389 3770
2390 3829
2391 3769
2392 3817
2393 3778
2394 3770
2395 3759
2396 3769
2397 3803
2398 3811
2399 3792
2400 3837
2401 3774
2402 3773
2403 3775
2404 3777
2405 3774
2406 3766
2407 3754
2408 3748
2409 3769
2410 3756
2411 3770
2412 3756
2413 3760
2414 3761
2415 3765
2416 3802
2417 3766
2418 3748
2419 3767
2420 3773
2421 3766
2422 3763
2423 3761
2424 3773
2425 3770
2426 3742
2427 3776
2428 3801
2429 3744
2430 3746
2431 3745
2432 3749
2433 3765
2434 3759
2435 3772
2436 3766
2437 3756
2438 3755
2439 3770
2440 3752
2441 3755
2442 3795
2443 3777
2444 3772
2445 3796
2446 3815
2447 3772
2448 3778
2449 3769
2450 3768
2451 3755
2452 3768
2453 3761
2454 3789
2455 3776
2456 3758
2457 3756
2458 3761
2459 3764
2460 3765
2461 3770
2462 3773
2463 3775
2464 3767
2465 3759
2466 3790
2467 3775
2468 3780
2469 3770
2470 3773
2471 3757
2472 3852
2473 3765
2474 3773
2475 3764
2476 3750
2477 3762
2478 3770
2479 3750
2480 3762
2481 3764
2482 3768
2483 3773
2484 3762
2485 3741
2486 3741
2487 3769
2488 3760
2489 3763
2490 3752
2491 3769
2492 3778
2493 3776
2494 3757
2495 3747
2496 3742
2497 3774
2498 3763
2499 3766
2500 3774
2501 3752
2502 3748
2503 3764
2504 3774
2505 3760
2506 3836
2507 3757
2508 3758
2509 3777
2510 3767
2511 3760
2512 3793
2513 3746
2514 3776
2515 3765
2516 3799
2517 3769
2518 3772
2519 3777
2520 3792
2521 3751
2522 3765
2523 3773
2524 3762
2525 3746
2526 3773
2527 3760
2528 3744
2529 3781
2530 3768
2531 3770
2532 3832
2533 3772
2534 3765
2535 3768
2536 3765
2537 3765
2538 3764
2539 3754
2540 3751
2541 3759
2542 3756
2543 3761
2544 3773
2545 3766
2546 3778
2547 3751
2548 3760
2549 3762
2550 3757
2551 3765
2552 3768
2553 3763
2554 3766
2555 3769
2556 3762
2557 3766
2558 3770
2559 3758
2560 3755
2561 3750
2562 3799
2563 3753
2564 3762
2565 3767
2566 3776
2567 3776
2568 3748
2569 3768
2570 3771
2571 3758
2572 3764
2573 3768
2574 3773
2575 3762
2576 3802
2577 3768
2578 3769
2579 3750
2580 3776
2581 3776
2582 3776
2583 3769
2584 3780
2585 3776
2586 3765
2587 3753
2588 3783
2589 3765
2590 3764
2591 3777
2592 3777
2593 3759
2594 3777
2595 3769
2596 3770
2597 3775
2598 3780
2599 3774
2600 3773
2601 3776
2602 3762
2603 3818
2604 3762
2605 3759
2606 3768
2607 3760
2608 3774
2609 3761
2610 3831
2611 3763
2612 3763
2613 3775
2614 3767
2615 3750
2616 3756
2617 3785
2618 3771
2619 3864
2620 3769
2621 3850
2622 3757
2623 3751
2624 3751
2625 3748
2626 3841
2627 3763
2628 3769
2629 3763
2630 3765
2631 3766
2632 3751
2633 3755
2634 3771
2635 3770
2636 3770
2637 3773
2638 3806
2639 3773
2640 3773
2641 3772
2642 3772
2643 3770
2644 3822
2645 3771
2646 3767
2647 3773
2648 3766
2649 3758
2650 3773
2651 3763
2652 3775
2653 3765
2654 3761
2655 3772
2656 3753
2657 3786
2658 3751
2659 3746
2660 3774
2661 3750
2662 3770
2663 3767
2664 3783
2665 3767
2666 3791
2667 3764
2668 3758
2669 3773
2670 3774
2671 3780
2672 3783
2673 3768
2674 3797
2675 3758
2676 3754
2677 3783
2678 3757
2679 3770
2680 3758
2681 3770
2682 3765
2683 3740
2684 3743
2685 3811
2686 3769
2687 3767
2688 3786
2689 3747
2690 3774
2691 3771
2692 3759
2693 3774
2694 3775
2695 3769
2696 3764
2697 3771
2698 3774
2699 3768
2700 3770
2701 3763
2702 3813
2703 3770
2704 3763
2705 3770
2706 3774
2707 3772
2708 3771
2709 3770
2710 3775
2711 3767
2712 3762
2713 3766
2714 3774
2715 3771
2716 3778
2717 3767
2718 3771
2719 3773
2720 3762
2721 3752
2722 3760
2723 3784
2724 3758
2725 3752
2726 3767
2727 3766
2728 3811
2729 3772
2730 3765
2731 3783
2732 3763
2733 3777
2734 3766
2735 3771
2736 3773
2737 3778
2738 3782
2739 3750
2740 3764
2741 3764
2742 3761
2743 3775
2744 3755
2745 3782
2746 3765
2747 3767
2748 3762
2749 3753
2750 3771
2751 3764
2752 3772
2753 3771
2754 3790
2755 3785
2756 3758
2757 3759
2758 3765
2759 3775
2760 3777
2761 3777
2762 3767
2763 3744
2764 3764
2765 3765
2766 3772
2767 3753
2768 3763
2769 3777
2770 3774
2771 3777
2772 3764
2773 3777
2774 3767
2775 3804
2776 3748
2777 3751
2778 3779
2779 3747
2780 3744
2781 3772
2782 3750
2783 3750
2784 3767
2785 3760
2786 3762
2787 3767
2788 3764
2789 3773
2790 3775
2791 3772
2792 3758
2793 3769
2794 3761
2795 3749
2796 3760
2797 3773
2798 3771
2799 3757
2800 3821
2801 3756
2802 3783
2803 3741
2804 3747
2805 3739
2806 3745
2807 3776
2808 3796
2809 3828
2810 3755
2811 3764
2812 3767
2813 3762
2814 3762
2815 3760
2816 3761
2817 3774
2818 3774
2819 3754
2820 3757
2821 3779
2822 3773
2823 3771
2824 3773
2825 3775
2826 3756
2827 3755
2828 3761
2829 3757
2830 3760
2831 3757
2832 3768
2833 3774
2834 3762
2835 3775
2836 3771
2837 3747
2838 3775
2839 3771
2840 3752
2841 3875
2842 3771
2843 3856
2844 3781
2845 3762
2846 3773
2847 3764
2848 3832
2849 3766
2850 3767
2851 3774
2852 3758
2853 3758
2854 3817
2855 3759
2856 3774
2857 3823
2858 3758
2859 3761
2860 3755
2861 3781
2862 3767
2863 3761
2864 3773
2865 3768
2866 3778
2867 3779
2868 3813
2869 3772
2870 3761
2871 3773
2872 3771
2873 3771
2874 3762
2875 3763
2876 3764
2877 3768
2878 3757
2879 3774
2880 3763
2881 3766
2882 3777
2883 3752
2884 3775
2885 3771
2886 3771
2887 3760
2888 3759
2889 3793
2890 3771
2891 3768
2892 3772
2893 3769
2894 3745
2895 3759
2896 3826
2897 3798
2898 3783
2899 3773
2900 3753
2901 3757
2902 3776
2903 3755
2904 3779
2905 3772
2906 3769
2907 3776
2908 3774
2909 3953
2910 3826
2911 3844
2912 3829
2913 3883
2914 3785
2915 3771
2916 3758
2917 3761
2918 3774
2919 3780
2920 3765
2921 3755
2922 3768
2923 3773
2924 3764
2925 3777
2926 3778
2927 3784
2928 3781
2929 3785
2930 3771
2931 3787
2932 3773
2933 3780
2934 3838
2935 3781
2936 3761
2937 3762
2938 3771
2939 3775
2940 3773
2941 3773
2942 3793
2943 3754
2944 3769
2945 3768
2946 3770
2947 3749
2948 3761
2949 3755
2950 3766
2951 3762
2952 3773
2953 3762
2954 3747
2955 3784
2956 3762
2957 3772
2958 3774
2959 3755
2960 3762
2961 3773
2962 3771
2963 3756
2964 3778
2965 3775
2966 3769
2967 3758
2968 3769
2969 3776
2970 3767
2971 3761
2972 3765
2973 3772
2974 3769
2975 3775
2976 3776
2977 3766
2978 3763
2979 3763
2980 3765
2981 3769
2982 3770
2983 3781
2984 3750
2985 3787
2986 3797
2987 3766
2988 3760
2989 3788
2990 3770
2991 3756
2992 3751
2993 3785
2994 3777
2995 3760
2996 3755
2997 3761
2998 3769
2999 3765
3000 3830
3001 3788
3002 3799
3003 3759
3004 3760
3005 3765
3006 3757
3007 3774
3008 3771
3009 3778
3010 3801
3011 3770
3012 3763
3013 3765
3014 3769
3015 3773
3016 3765
3017 3769
3018 3777
3019 3765
3020 3764
3021 3764
3022 3762
3023 3755
3024 3776
3025 3768
3026 3789
3027 3743
3028 3755
3029 3765
3030 3754
3031 3755
3032 3755
3033 3771
3034 3766
3035 3765
3036 3846
3037 3769
3038 3770
3039 3773
3040 3768
3041 3758
3042 3767
3043 3758
3044 3754
3045 3755
3046 3755
3047 3749
3048 3760
3049 3784
3050 3779
3051 3765
3052 3762
3053 3785
3054 3808
3055 3758
3056 3823
3057 3793
3058 3760
3059 3783
3060 3777
3061 3791
3062 3762
3063 3776
3064 3761
3065 3775
3066 3755
3067 3783
3068 3769
3069 3784
3070 3765
3071 3814
3072 3759
3073 3777
3074 3781
3075 3777
3076 3825
3077 3763
3078 3778
3079 3798
3080 3808
3081 3766
3082 3783
3083 3779
3084 3759
3085 3753
3086 3772
3087 3753
3088 3772
3089 3759
3090 3751
3091 3775
3092 3769
3093 3753
3094 3770
3095 3785
3096 3761
3097 3760
3098 3825
3099 3755
3100 3759
3101 3783
3102 3770
3103 3742
3104 3776
3105 3786
3106 3764
3107 3735
3108 3804
3109 3806
3110 3758
3111 3769
3112 3761
3113 3781
3114 3787
3115 3778
3116 3766
3117 3773
3118 3765
3119 3761
3120 3760
3121 3761
3122 3765
3123 3769
3124 3761
3125 3766
3126 3771
3127 3766
3128 3769
3129 3763
3130 3807
3131 3753
3132 3785
3133 3786
3134 3771
3135 3773
3136 3785
3137 3763
3138 3760
3139 3758
3140 3768
3141 3756
3142 3756
3143 3770
3144 3806
3145 3783
3146 3770
3147 3774
3148 3775
3149 3793
3150 3781
3151 3752
3152 3774
3153 3758
3154 3769
3155 3762
3156 3788
3157 3776
3158 3769
3159 3754
3160 3769
3161 3799
3162 3830
3163 3760
3164 3768
3165 3764
3166 3745
3167 3756
3168 3782
3169 3792
3170 3766
3171 3763
3172 3859
3173 3756
3174 3786
3175 3783
3176 3764
3177 3785
3178 3775
3179 3768
3180 3776
3181 3765
3182 3771
3183 3791
3184 3773
3185 3775
3186 3852
3187 3754
3188 3788
3189 3795
3190 3754
3191 3769
3192 3772
3193 3775
3194 3764
3195 3765
3196 3755
3197 3778
3198 3773
3199 3768
3200 3760
3201 3786
3202 3773
3203 3769
3204 3773
3205 3776
3206 3770
3207 3771
3208 3782
3209 3759
3210 3778
3211 3765
3212 3766
3213 3751
3214 3768
3215 3767
3216 3753
3217 3758
3218 3772
3219 3770
3220 3772
3221 3777
3222 3773
3223 3770
3224 3775
3225 3812
3226 3770
3227 3749
3228 3766
3229 3776
3230 3769
3231 3770
3232 3752
3233 3751
3234 3767
3235 3770
3236 3777
3237 3768
3238 3799
3239 3771
3240 3772
3241 3777
3242 3787
3243 3765
3244 3807
3245 3781
3246 3758
3247 3785
3248 3754
3249 3756
3250 3778
3251 3772
3252 3770
3253 3762
3254 3790
3255 3784
3256 3772
3257 3773
3258 3766
3259 3804
3260 3771
3261 3772
3262 3768
3263 3779
3264 3786
3265 3738
3266 3771
3267 3773
3268 3770
3269 3765
3270 3781
3271 3775
3272 3766
3273 3753
3274 3772
3275 3762
3276 3769
3277 3806
3278 3760
3279 3765
3280 3788
3281 3775
3282 3760
3283 3756
3284 3769
3285 3776
3286 3761
3287 3771
3288 3765
3289 3769
3290 3764
3291 3781
3292 3797
3293 3763
3294 3775
3295 3797
3296 3777
3297 3785
3298 3758
3299 3849
3300 3776
3301 3767
3302 3760
3303 3750
3304 3744
3305 3751
3306 3774
3307 3749
3308 3761
3309 3763
3310 3786
3311 3755
3312 3754
3313 3773
3314 3769
3315 3754
3316 3775
3317 3764
3318 3770
3319 3775
3320 3772
3321 3843
3322 3786
3323 3755
3324 3760
3325 3762
3326 3766
3327 3760
3328 3772
3329 3760
3330 3771
3331 3760
3332 3754
3333 3743
3334 3758
3335 3773
3336 3765
3337 3755
3338 3771
3339 3816
3340 3758
3341 3754
3342 3769
3343 3766
3344 3746
3345 3773
3346 3769
3347 3756
3348 3754
3349 3748
3350 3747
3351 3748
3352 3764
3353 3758
3354 3750
3355 3755
3356 3795
3357 3763
3358 3769
3359 3776
3360 3771
3361 3785
3362 3774
3363 3796
3364 3774
3365 3786
3366 3761
3367 3795
3368 3786
3369 3784
3370 3801
3371 3791
3372 3766
3373 3760
3374 3768
3375 3857
3376 3773
3377 3788
3378 3770
3379 3768
3380 3764
3381 3782
3382 3778
3383 3780
3384 3777
3385 3772
3386 3786
3387 3772
3388 3768
3389 3765
3390 3762
3391 3755
3392 3760
3393 3755
3394 3760
3395 3773
3396 3748
3397 3812
3398 3769
3399 3779
3400 3775
3401 3841
3402 3776
3403 3771
3404 3763
3405 3825
3406 3779
3407 3774
3408 3777
3409 3766
3410 3765
3411 3776
3412 3768
3413 3750
3414 3810
3415 3758
3416 3753
3417 3788
3418 3780
3419 3760
3420 3815
3421 3754
3422 3809
3423 3755
3424 3768
3425 3768
3426 3760
3427 3757
3428 3769
3429 3757
3430 3760
3431 3782
3432 3759
3433 3758
3434 3763
3435 3783
3436 3792
3437 3752
3438 3752
3439 3749
3440 3770
3441 3755
3442 3769
3443 3788
3444 3775
3445 3790
3446 3834
3447 3760
3448 3763
3449 3762
3450 3785
3451 3771
3452 3804
3453 3763
3454 3756
3455 3762
3456 3808
3457 3763
3458 3766
3459 3759
3460 3772
3461 3761
3462 3767
3463 3758
3464 3752
3465 3755
3466 3759
3467 3756
3468 3763
3469 3753
3470 3748
3471 3759
3472 3784
3473 3778
3474 3775
3475 3772
3476 3793
3477 3782
3478 3764
3479 3802
3480 3756
3481 3752
3482 3752
3483 3773
3484 3767
3485 3767
3486 3783
3487 3769
3488 3759
3489 3768
3490 3784
3491 3776
3492 3789
3493 3753
3494 3760
3495 3771
3496 3772
3497 3773
3498 3768
3499 3788
3500 3767
3501 3780
3502 3773
3503 3771
3504 3772
3505 3760
3506 3780
3507 3766
3508 3783
3509 3802
3510 3770
3511 3775
3512 3828
3513 3768
3514 3777
3515 3764
3516 3772
3517 3770
3518 3767
3519 3762
3520 3767
3521 3779
3522 3778
3523 3773
3524 3789
3525 3765
3526 3758
3527 3775
3528 3769
3529 3776
3530 3768
3531 3783
3532 3762
3533 3779
3534 3782
3535 3772
3536 3772
3537 3789
3538 3787
3539 3790
3540 3778
3541 3794
3542 3754
3543 3768
3544 3774
3545 3771
3546 3761
3547 3769
3548 3765
3549 3776
3550 3748
3551 3780
3552 3761
3553 3756
3554 3791
3555 3770
3556 3751
3557 3751
3558 3789
3559 3760
3560 3796
3561 3752
3562 3765
3563 3762
3564 3754
3565 3776
3566 3747
3567 3758
3568 3769
3569 3749
3570 3767
3571 3749
3572 3760
3573 3770
3574 3772
3575 3783
3576 3761
3577 3778
3578 3772
3579 3784
3580 3763
3581 3756
3582 3771
3583 3770
3584 3762
3585 3754
3586 3765
3587 3764
3588 3737
3589 3757
3590 3781
3591 3791
3592 3761
3593 3759
3594 3754
3595 3778
3596 3823
3597 3758
3598 3768
3599 3825
3600 3775
3601 3752
3602 3764
3603 3819
3604 3744
3605 3748
3606 3737
3607 3757
3608 3751
3609 3777
3610 3743
3611 3770
3612 3772
3613 3792
3614 3818
3615 3746
3616 3748
3617 3749
3618 3748
3619 3751
3620 3764
3621 3771
3622 3749
3623 3774
3624 3763
3625 3767
3626 3775
3627 3758
3628 3767
3629 3760
3630 3758
3631 3773
3632 3769
3633 3761
3634 3757
3635 3759
3636 3777
3637 3754
3638 3765
3639 3770
3640 3769
3641 3766
3642 3768
3643 3762
3644 3765
3645 3798
3646 3768
3647 3773
3648 3784
3649 3751
3650 3755
3651 3759
3652 3758
3653 3756
3654 3750
3655 3780
3656 3759
3657 3761
3658 3761
3659 3764
3660 3766
3661 3837
3662 3747
3663 3772
3664 3764
3665 3782
3666 3764
3667 3861
3668 3770
3669 3776
3670 3772
3671 3766
3672 3771
3673 3766
3674 3775
3675 3769
3676 3766
3677 3766
3678 3762
3679 3765
3680 3772
3681 3773
3682 3757
3683 3757
3684 3770
3685 3758
3686 3759
3687 3772
3688 3775
3689 3781
3690 3775
3691 3772
3692 3772
3693 3770
3694 3751
3695 3756
3696 3758
3697 3746
3698 3757
3699 3773
3700 3764
3701 3768
3702 3756
3703 3765
3704 3795
3705 3773
3706 3764
3707 3751
3708 3758
3709 3742
3710 3762
3711 3759
3712 3801
3713 3757
3714 3761
3715 3766
3716 3755
3717 3752
3718 3770
3719 3757
3720 3768
3721 3771
3722 3773
3723 3762
3724 3821
3725 3771
3726 3756
3727 3766
3728 3770
3729 3747
3730 3811
3731 3759
3732 3758
3733 3750
3734 3762
3735 3760
3736 3761
3737 3769
3738 3771
3739 3783
3740 3770
3741 3739
3742 3760
3743 3760
3744 3743
3745 3770
3746 3766
3747 3762
3748 3764
3749 3756
3750 3763
3751 3767
3752 3800
3753 3785
3754 3806
3755 3777
3756 3775
3757 3757
3758 3753
3759 3753
3760 3758
3761 3742
3762 3755
3763 3748
3764 3780
3765 3764
3766 3771
3767 3773
3768 3765
3769 3768
3770 3807
3771 3774
3772 3768
3773 3758
3774 3768
3775 3800
3776 3764
3777 3766
3778 3744
3779 3777
3780 3770
3781 3771
3782 3761
3783 3758
3784 3754
3785 3796
3786 3776
3787 3750
3788 3761
3789 3809
3790 3750
3791 3765
3792 3763
3793 3771
3794 3769
3795 3766
3796 3763
3797 3764
3798 3764
3799 3765
3800 3762
3801 3763
3802 3762
3803 3761
3804 3763
3805 3774
3806 3766
3807 3740
3808 3758
3809 3774
3810 3751
3811 3759
3812 3766
3813 3769
3814 3774
3815 3768
3816 3761
3817 3762
3818 3755
3819 3746
3820 3829
3821 3751
3822 3754
3823 3762
3824 3747
3825 3759
3826 3752
3827 3771
3828 3751
3829 3846
3830 3753
3831 3802
3832 3764
3833 3766
3834 3761
3835 3749
3836 3767
3837 3746
3838 3750
3839 3771
3840 3762
3841 3768
3842 3762
3843 3768
3844 3768
3845 3769
3846 3764
3847 3779
3848 3814
3849 3773
3850 3790
3851 3760
3852 3832
3853 3762
3854 3766
3855 3773
3856 3761
3857 3759
3858 3751
3859 3765
3860 3763
3861 3750
3862 3762
3863 3759
3864 3758
3865 3759
3866 3763
3867 3759
3868 3763
3869 3758
3870 3769
3871 3754
3872 3773
3873 3769
3874 3749
3875 3768
3876 3771
3877 3847
3878 3772
3879 3769
3880 3760
3881 3761
3882 3821
3883 3770
3884 3762
3885 3767
3886 3756
3887 3755
3888 3754
3889 3774
3890 3780
3891 3784
3892 3763
3893 3759
3894 3765
3895 3788
3896 3779
3897 3818
3898 3787
3899 3769
3900 3832
3901 3757
3902 3777
3903 3761
3904 3772
3905 3766
3906 3778
3907 3776
3908 3775
3909 3775
3910 3771
3911 3773
3912 3921
3913 3888
3914 3820
3915 3912
3916 3820
3917 3786
3918 3793
3919 3786
3920 3772
3921 3784
3922 3763
3923 3771
3924 3759
3925 3763
3926 3768
3927 3758
3928 3784
3929 3789
3930 3762
3931 3761
3932 3835
3933 3758
3934 3774
3935 3781
3936 3777
3937 3790
3938 3766
3939 3795
3940 3789
3941 3750
3942 3787
3943 3791
3944 3773
3945 3781
3946 3787
3947 3767
3948 3768
3949 3766
3950 3763
3951 3770
3952 3774
3953 3780
3954 3777
3955 3771
3956 3763
3957 3773
3958 3785
3959 3777
3960 3768
3961 3770
3962 3763
3963 3773
3964 3827
3965 3774
3966 3771
3967 3766
3968 3759
3969 3743
3970 3784
3971 3774
3972 3789
3973 3771
3974 3784
3975 3770
3976 3768
3977 3771
3978 3764
3979 3761
3980 3763
3981 3758
3982 3766
3983 3765
3984 3769
3985 3772
3986 3755
3987 3772
3988 3783
3989 3763
3990 3780
3991 3776
3992 3749
3993 3849
3994 3753
3995 3771
3996 3772
3997 3770
3998 3771
3999 3765
4000 3759
4001 3779
4002 3769
4003 3751
4004 3776
4005 3766
4006 3749
4007 3767
4008 3766
4009 3796
4010 3784
4011 3758
4012 3753
4013 3760
4014 3754
4015 3766
4016 3752
4017 3764
4018 3810
4019 3755
4020 3739
4021 3788
4022 3783
4023 3784
4024 3768
4025 3778
4026 3772
4027 3772
4028 3749
4029 3778
4030 3758
4031 3760
4032 3760
4033 3770
4034 3766
4035 3778
4036 3756
4037 3756
4038 3832
4039 3799
4040 3766
4041 3753
4042 3752
4043 3751
4044 3754
4045 3841
4046 3743
4047 3747
4048 3760
4049 3754
4050 3743
4051 3820
4052 3756
4053 3757
4054 3781
4055 3764
4056 3770
4057 3855
4058 3760
4059 3756
4060 3782
4061 3744
4062 3749
4063 3750
4064 3770
4065 3763
4066 3758
4067 3779
4068 3774
4069 3764
4070 3762
4071 3773
4072 3766
4073 3752
4074 3760
4075 3753
4076 3758
4077 3763
4078 3752
4079 3762
4080 3771
4081 3771
4082 3819
4083 3767
4084 3768
4085 3766
4086 3791
4087 3755
4088 3764
4089 3761
4090 3742
4091 3796
4092 3772
4093 3779
4094 3764
4095 3774
4096 3768
4097 3770
4098 3748
4099 3761
4100 3781
4101 3769
4102 3808
4103 3766
4104 3765
4105 3755
4106 3770
4107 3757
4108 3769
4109 3768
4110 3759
4111 3754
4112 3764
4113 3790
4114 3818
4115 3777
4116 3788
4117 3771
4118 3761
4119 3749
4120 3737
4121 3746
4122 3769
4123 3743
4124 3807
4125 3798
4126 3766
4127 3763
4128 3746
4129 3762
4130 3859
4131 3758
4132 3768
4133 3760
4134 3760
4135 3756
4136 3759
4137 3755
4138 3758
4139 3768
4140 3755
4141 3766
4142 3770
4143 3748
4144 3773
4145 3751
4146 3823
4147 3756
4148 3778
4149 3772
4150 3769
4151 3769
4152 3763
4153 3767
4154 3781
4155 3775
4156 3748
4157 3759
4158 3757
4159 3772
4160 3754
4161 3740
4162 3768
4163 3762
4164 3777
4165 3765
4166 3790
4167 3764
4168 3741
4169 3749
4170 3771
4171 3762
4172 3792
4173 3776
4174 3769
4175 3766
4176 3769
4177 3761
4178 3761
4179 3764
4180 3751
4181 3750
4182 3747
4183 3742
4184 3764
4185 3742
4186 3740
4187 3735
4188 3756
4189 3782
4190 3764
4191 3753
4192 3771
4193 3760
4194 3780
4195 3750
4196 3756
4197 3764
4198 3769
4199 3753
4200 3746
4201 3765
4202 3762
4203 3766
4204 3774
4205 3757
4206 3765
4207 3778
4208 3769
4209 3768
4210 3770
4211 3761
4212 3788
4213 3754
4214 3750
4215 3755
4216 3764
4217 3768
4218 3748
4219 3751
4220 3751
4221 3743
4222 3751
4223 3771
4224 3786
4225 3780
4226 3776
4227 3758
4228 3762
4229 3759
4230 3810
4231 3760
4232 3776
4233 3769
4234 3770
4235 3767
4236 3759
4237 3801
4238 3785
4239 3769
4240 3790
4241 3758
4242 3758
4243 3761
4244 3832
4245 3767
4246 3841
4247 3763
4248 3769
4249 3760
4250 3789
4251 3765
4252 3754
4253 3757
4254 3754
4255 3769
4256 3770
4257 3756
4258 3781
4259 3758
4260 3748
4261 3761
4262 3760
4263 3807
4264 3769
4265 3770
4266 3776
4267 3759
4268 3769
4269 3760
4270 3800
4271 3809
4272 3764
4273 3773
4274 3821
4275 3773
4276 3765
4277 3765
4278 3761
4279 3777
4280 3755
4281 3768
4282 3760
4283 3757
4284 3766
4285 3755
4286 3768
4287 3767
4288 3768
4289 3760
4290 3773
4291 3763
4292 3771
4293 3756
4294 3777
4295 3756
4296 3758
4297 3757
4298 3814
4299 3761
4300 3764
4301 3745
4302 3758
4303 3777
4304 3749
4305 3749
4306 3753
4307 3763
4308 3759
4309 3771
4310 3767
4311 3786
4312 3762
4313 3769
4314 3805
4315 3777
4316 3776
4317 3767
4318 3773
4319 3764
4320 3753
4321 3772
4322 3769
4323 3771
4324 3775
4325 3771
4326 3755
4327 3746
4328 3763
4329 3774
4330 3763
4331 3765
4332 3750
4333 3781
4334 3766
4335 3756
4336 3754
4337 3756
4338 3765
4339 3760
4340 3760
4341 3764
4342 3764
4343 3775
4344 3760
4345 3763
4346 3769
4347 3776
4348 3748
4349 3770
4350 3746
4351 3756
4352 3781
4353 3768
4354 3768
4355 3741
4356 3763
4357 3767
4358 3757
4359 3770
4360 3764
4361 3768
4362 3765
4363 3766
4364 3782
4365 3771
4366 3758
4367 3768
4368 3767
4369 3746
4370 3743
4371 3745
4372 3760
4373 3755
4374 3776
4375 3751
4376 3771
4377 3847
4378 3750
4379 3773
4380 3774
4381 3753
4382 3760
4383 3751
4384 3757
4385 3745
4386 3766
4387 3781
4388 3773
4389 3762
4390 3821
4391 3766
4392 3788
4393 3767
4394 3789
4395 3781
4396 3772
4397 3805
4398 3770
4399 3772
4400 3802
4401 3756
4402 3764
4403 3794
4404 3768
4405 3759
4406 3768
4407 3768
4408 3762
4409 3762
4410 3754
4411 3778
4412 3772
4413 3772
4414 3755
4415 3757
4416 3762
4417 3773
4418 3772
4419 3752
4420 3756
4421 3748
4422 3769
4423 3757
4424 3732
4425 3777
4426 3774
4427 3750
4428 3746
4429 3764
4430 3767
4431 3759
4432 3765
4433 3769
4434 3767
4435 3771
4436 3775
4437 3774
4438 3768
4439 3761
4440 3748
4441 3746
4442 3769
4443 3766
4444 3747
4445 3783
4446 3739
4447 3753
4448 3763
4449 3753
4450 3809
4451 3769
4452 3758
4453 3753
4454 3760
4455 3774
4456 3767
4457 3755
4458 3769
4459 3778
4460 3820
4461 3762
4462 3769
4463 3768
4464 3755
4465 3770
4466 3761
4467 3756
4468 3765
4469 3814
4470 3766
4471 3771
4472 3769
4473 3762
4474 3766
4475 3766
4476 3771
4477 3775
4478 3763
4479 3772
4480 3753
4481 3772
4482 3769
4483 3751
4484 3771
4485 3769
4486 3763
4487 3745
4488 3762
4489 3770
4490 3783
4491 3799
4492 3802
4493 3771
4494 3783
4495 3763
4496 3774
4497 3857
4498 3758
4499 3755
4500 3767
4501 3765
4502 3774
4503 3764
4504 3762
4505 3775
4506 3771
4507 3777
4508 3823
4509 3756
4510 3808
4511 3765
4512 3763
4513 3766
4514 3773
4515 3858
4516 3748
4517 3757
4518 3758
4519 3753
4520 3769
4521 3759
4522 3772
4523 3757
4524 3747
4525 3764
4526 3762
4527 3737
4528 3808
4529 3766
4530 3768
4531 3773
4532 3821
4533 3770
4534 3761
4535 3759
4536 3766
4537 3770
4538 3768
4539 3775
4540 3753
4541 3763
4542 3747
4543 3756
4544 3753
4545 3782
4546 3749
4547 3792
4548 3766
4549 3765
4550 3765
4551 3769
4552 3778
4553 3771
4554 3813
4555 3771
4556 3770
4557 3764
4558 3763
4559 3766
4560 3764
4561 3762
4562 3760
4563 3769
4564 3770
4565 3763
4566 3753
4567 3764
4568 3761
4569 3769
4570 3766
4571 3762
4572 3769
4573 3769
4574 3766
4575 3771
4576 3761
4577 3754
4578 3753
4579 3763
4580 3774
4581 3762
4582 3755
4583 3765
4584 3765
4585 3770
4586 3833
4587 3772
4588 3770
4589 3780
4590 3771
4591 3771
4592 3755
4593 3761
4594 3772
4595 3771
4596 3746
4597 3760
4598 3776
4599 3748
4600 3769
4601 3779
4602 3770
4603 3769
4604 3788
4605 3764
4606 3767
4607 3761
4608 3843
4609 3760
4610 3799
4611 3789
4612 3758
4613 3755
4614 3771
4615 3758
4616 3782
4617 3772
4618 3761
4619 3760
4620 3756
4621 3765
4622 3767
4623 3764
4624 3757
4625 3763
4626 3764
4627 3762
4628 3755
4629 3763
4630 3749
4631 3749
4632 3761
4633 3749
4634 3761
4635 3766
4636 3769
4637 3767
4638 3767
4639 3770
4640 3749
4641 3767
4642 3759
4643 3789
4644 3779
4645 3768
4646 3766
4647 3765
4648 3774
4649 3767
4650 3796
4651 3764
4652 3772
4653 3774
4654 3766
4655 3753
4656 3765
4657 3771
4658 3765
4659 3766
4660 3765
4661 3754
4662 3755
4663 3751
4664 3779
4665 3765
4666 3775
4667 3772
4668 3772
4669 3769
4670 3759
4671 3769
4672 3801
4673 3762
4674 3759
4675 3763
4676 3771
4677 3801
4678 3769
4679 3776
4680 3758
4681 3779
4682 3788
4683 3779
4684 3769
4685 3763
4686 3766
4687 3772
4688 3756
4689 3762
4690 3779
4691 3762
4692 3768
4693 3772
4694 3781
4695 3773
4696 3773
4697 3771
4698 3756
4699 3757
4700 3756
4701 3774
4702 3766
4703 3771
4704 3756
4705 3769
4706 3770
4707 3761
4708 3766
4709 3754
4710 3754
4711 3756
4712 3756
4713 3775
4714 3763
4715 3771
4716 3765
4717 3767
4718 3758
4719 3771
4720 3775
4721 3854
4722 3777
4723 3848
4724 3754
4725 3765
4726 3811
4727 3767
4728 3828
4729 3780
4730 3762
4731 3770
4732 3762
4733 3779
4734 3766
4735 3766
4736 3772
4737 3765
4738 3778
4739 3757
4740 3767
4741 3760
4742 3759
4743 3770
4744 3774
4745 3776
4746 3773
4747 3765
4748 3766
4749 3768
4750 3747
4751 3808
4752 3775
4753 3787
4754 3777
4755 3773
4756 3777
4757 3791
4758 3776
4759 3771
4760 3805
4761 3874
4762 3778
4763 3773
4764 3760
4765 3765
4766 3773
4767 3786
4768 3766
4769 3779
4770 3765
4771 3765
4772 3754
4773 3794
4774 3766
4775 3794
4776 3778
4777 3778
4778 3770
4779 3777
4780 3776
4781 3775
4782 3759
4783 3776
4784 3770
4785 3794
4786 3774
4787 3775
4788 3769
4789 3776
4790 3775
4791 3772
4792 3770
4793 3789
4794 3771
4795 3756
4796 3767
4797 3750
4798 3769
4799 3766
4800 3805
4801 3774
4802 3762
4803 3766
4804 3768
4805 3860
4806 3765
4807 3755
4808 3746
4809 3764
4810 3759
4811 3825
4812 3760
4813 3797
4814 3787
4815 3754
4816 3756
4817 3784
4818 3795
4819 3752
4820 3756
4821 3774
4822 3772
4823 3769
4824 3755
4825 3773
4826 3764
4827 3762
4828 3759
4829 3756
4830 3762
4831 3761
4832 3788
4833 3771
4834 3770
4835 3767
4836 3763
4837 3753
4838 3759
4839 3765
4840 3753
4841 3744
4842 3780
4843 3769
4844 3810
4845 3778
4846 3758
4847 3768
4848 3763
4849 3853
4850 3770
4851 3793
4852 3761
4853 3758
4854 3766
4855 3762
4856 3768
4857 3756
4858 3771
4859 3767
4860 3762
4861 3782
4862 3804
4863 3812
4864 3755
4865 3756
4866 3772
4867 3756
4868 3761
4869 3764
4870 3788
4871 3742
4872 3759
4873 3782
4874 3765
4875 3758
4876 3760
4877 3766
4878 3769
4879 3758
4880 3767
4881 3770
4882 3756
4883 3773
4884 3757
4885 3761
4886 3755
4887 3750
4888 3768
4889 3766
4890 3747
4891 3743
4892 3753
4893 3773
4894 3778
4895 3761
4896 3771
4897 3804
4898 3779
4899 3756
4900 3764
4901 3760
4902 3756
4903 3761
4904 3768
4905 3766
4906 3761
4907 3797
4908 3757
4909 3778
4910 3758
4911 3764
4912 3768
4913 3768
4914 3763
4915 3769
4916 3979
4917 3884
4918 3849
4919 3873
4920 3774
4921 3764
4922 3785
4923 3768
4924 3780
4925 3774
4926 3768
4927 3761
4928 3774
4929 3770
4930 3759
4931 3761
4932 3764
4933 3762
4934 3759
4935 3794
4936 3797
4937 3756
4938 3787
4939 3779
4940 3769
4941 3779
4942 3753
4943 3773
4944 3777
4945 3752
4946 3774
4947 3760
4948 3769
4949 3784
4950 3754
4951 3755
4952 3763
4953 3757
4954 3731
4955 3761
4956 3760
4957 3774
4958 3765
4959 3745
4960 3770
4961 3767
4962 3760
4963 3781
4964 3757
4965 3787
4966 3758
4967 3779
4968 3753
4969 3767
4970 3746
4971 3769
4972 3759
4973 3827
4974 3781
4975 3776
4976 3762
4977 3761
4978 3761
4979 3774
4980 3759
4981 3780
4982 3777
4983 3791
4984 3788
4985 3793
4986 3793
4987 3752
4988 3759
4989 3765
4990 3761
4991 3774
4992 3799
4993 3778
4994 3777
4995 3767
4996 3763
4997 3781
4998 3773
4999 3756
5000 3755
5001 3764
5002 3770
5003 3766
5004 3779
5005 3781
5006 3814
5007 3747
5008 3762
5009 3774
5010 3781
5011 3746
5012 3785
5013 3757
5014 3771
5015 3759
5016 3764
5017 3848
5018 3775
5019 3758
5020 3772
5021 3785
5022 3819
5023 3780
5024 3782
5025 3777
5026 3763
5027 3764
5028 3768
5029 3780
5030 3759
5031 3760
5032 3794
5033 3771
5034 3771
5035 3767
5036 3762
5037 3785
5038 3777
5039 3766
5040 3761
5041 3767
5042 3774
5043 3748
5044 3775
5045 3778
5046 3772
5047 3764
5048 3759
5049 3780
5050 3773
5051 3794
5052 3771
5053 3771
5054 3766
5055 3779
5056 3778
5057 3766
5058 3797
5059 3770
5060 3770
5061 3761
5062 3757
5063 3766
5064 3766
5065 3760
5066 3758
5067 3765
5068 3759
5069 3761
5070 3759
5071 3751
5072 3754
5073 3763
5074 3763
5075 3755
5076 3777
5077 3759
5078 3766
5079 3776
5080 3740
5081 3753
5082 3760
5083 3755
5084 3773
5085 3769
5086 3785
5087 3754
5088 3768
5089 3780
5090 3802
5091 3769
5092 3785
5093 3746
5094 3828
5095 3760
5096 3763
5097 3775
5098 3771
5099 3780
5100 3767
5101 3759
5102 3771
5103 3765
5104 3764
5105 3781
5106 3799
5107 3788
5108 3761
5109 3768
5110 3750
5111 3778
5112 3764
5113 3755
5114 3780
5115 3767
5116 3769
5117 3781
5118 3802
5119 3779
5120 3763
5121 3780
5122 3765
5123 3759
5124 3770
5125 3782
5126 3769
5127 3778
5128 3764
5129 3786
5130 3770
5131 3777
5132 3758
5133 3766
5134 3763
5135 3748
5136 3780
5137 3781
5138 3765
5139 3756
5140 3757
5141 3818
5142 3774
5143 3770
5144 3761
5145 3758
5146 3757
5147 3763
5148 3765
5149 3764
5150 3760
5151 3768
5152 3770
5153 3775
5154 3780
5155 3768
5156 3804
5157 3766
5158 3829
5159 3778
5160 3767
5161 3773
5162 3770
5163 3775
5164 3755
5165 3782
5166 3774
5167 3791
5168 3793
5169 3761
5170 3762
5171 3761
5172 3773
5173 3805
5174 3774
5175 3771
5176 3818
5177 3832
5178 3765
5179 3775
5180 3771
5181 3757
5182 3772
5183 3766
5184 3809
5185 3772
5186 3766
5187 3744
5188 3771
5189 3776
5190 3766
5191 3768
5192 3761
5193 3780
5194 3761
5195 3759
5196 3767
5197 3780
5198 3762
5199 3766
5200 3742
5201 3772
5202 3779
5203 3761
5204 3760
5205 3759
5206 3754
5207 3747
5208 3767
5209 3772
5210 3758
5211 3816
5212 3760
5213 3756
5214 3769
5215 3750
5216 3770
5217 3775
5218 3782
5219 3764
5220 3764
5221 3764
5222 3763
5223 3780
5224 3769
5225 3763
5226 3756
5227 3765
5228 3776
5229 3778
5230 3761
5231 3772
5232 3759
5233 3777
5234 3768
5235 3791
5236 3770
5237 3780
5238 3759
5239 3754
5240 3757
5241 3770
5242 3755
5243 3764
5244 3766
5245 3755
5246 3763
5247 3752
5248 3756
5249 3756
5250 3766
5251 3776
5252 3827
5253 3778
5254 3763
5255 3764
5256 3798
5257 3762
5258 3765
5259 3762
5260 3751
5261 3758
5262 3774
5263 3752
5264 3766
5265 3766
5266 3771
5267 3768
5268 3758
5269 3760
5270 3759
5271 3766
5272 3764
5273 3761
5274 3779
5275 3757
5276 3755
5277 3767
5278 3756
5279 3754
5280 3745
5281 3746
5282 3755
5283 3767
5284 3748
5285 3781
5286 3765
5287 3778
5288 3787
5289 3783
5290 3778
5291 3776
5292 3785
5293 3748
5294 3748
5295 3738
5296 3755
5297 3764
5298 3780
5299 3871
5300 3768
5301 3782
5302 3753
5303 3755
5304 3803
5305 3845
5306 3767
5307 3784
5308 3750
5309 3765
5310 3765
5311 3788
5312 3772
5313 3771
5314 3763
5315 3747
5316 3759
5317 3764
5318 3747
5319 3754
5320 3757
5321 3768
5322 3746
5323 3773
5324 3759
5325 3822
5326 3783
5327 3772
5328 3767
5329 3784
5330 3764
5331 3744
5332 3738
5333 3781
5334 3775
5335 3776
5336 3760
5337 3777
5338 3775
5339 3771
5340 3762
5341 3779
5342 3826
5343 3773
5344 3761
5345 3757
5346 3771
5347 3844
5348 3745
5349 3769
5350 3764
5351 3756
5352 3766
5353 3778
5354 3770
5355 3778
5356 3763
5357 3781
5358 3755
5359 3756
5360 3762
5361 3775
5362 3774
5363 3756
5364 3745
5365 3769
5366 3755
5367 3749
5368 3765
5369 3757
5370 3756
5371 3767
5372 3765
5373 3772
5374 3772
5375 3777
5376 3747
5377 3770
5378 3771
5379 3746
5380 3765
5381 3758
5382 3759
5383 3770
5384 3764
5385 3780
5386 3804
5387 3750
5388 3780
5389 3763
5390 3733
5391 3733
5392 3744
5393 3750
5394 3782
5395 3748
5396 3755
5397 3789
5398 3778
5399 3746
5400 3767
5401 3767
5402 3758
5403 3761
5404 3765
5405 3766
5406 3748
5407 3772
5408 3760
5409 3755
5410 3758
5411 3747
5412 3767
5413 3742
5414 3763
5415 3856
5416 3771
5417 3771
5418 3762
5419 3771
5420 3779
5421 3774
5422 3768
5423 3774
5424 3816
5425 3783
5426 3769
5427 3784
5428 3765
5429 3772
5430 3773
5431 3753
5432 3781
5433 3753
5434 3759
5435 3762
5436 3764
5437 3775
5438 3768
5439 3779
5440 3762
5441 3754
5442 3768
5443 3843
5444 3752
5445 3760
5446 3763
5447 3772
5448 3757
5449 3768
5450 3774
5451 3760
5452 3758
5453 3752
5454 3766
5455 3764
5456 3769
5457 3761
5458 3759
5459 3768
5460 3800
5461 3753
5462 3751
5463 3764
5464 3760
5465 3830
5466 3762
5467 3756
5468 3755
5469 3758
5470 3766
5471 3751
5472 3754
5473 3757
5474 3763
5475 3776
5476 3761
5477 3748
5478 3799
5479 3760
5480 3838
5481 3745
5482 3755
5483 3762
5484 3757
5485 3779
5486 3755
5487 3757
5488 3751
5489 3774
5490 3779
5491 3769
5492 3771
5493 3774
5494 3763
5495 3777
5496 3766
5497 3771
5498 3768
5499 3750
5500 3771
5501 3780
5502 3766
5503 3739
5504 3757
5505 3771
5506 3748
5507 3781
5508 3753
5509 3757
5510 3763
5511 3776
5512 3777
5513 3761
5514 3767
5515 3757
5516 3763
5517 3767
5518 3771
5519 3759
5520 3748
5521 3750
5522 3765
5523 3761
5524 3813
5525 3767
5526 3765
5527 3769
5528 3761
5529 3751
5530 3810
5531 3764
5532 3758
5533 3763
5534 3766
5535 3756
5536 3758
5537 3747
5538 3834
5539 3757
5540 3759
5541 3758
5542 3757
5543 3758
5544 3754
5545 3768
5546 3779
5547 3750
5548 3752
5549 3766
5550 3768
5551 3818
5552 3768
5553 3771
5554 3757
5555 3776
5556 3767
5557 3770
5558 3769
5559 3754
5560 3762
5561 3751
5562 3802
5563 3749
5564 3778
5565 3758
5566 3759
5567 3752
5568 3826
5569 3774
5570 3757
5571 3766
5572 3758
5573 3758
5574 3764
5575 3755
5576 3758
5577 3787
5578 3763
5579 3762
5580 3765
5581 3856
5582 3758
5583 3754
5584 3805
5585 3791
5586 3751
5587 3765
5588 3754
5589 3764
5590 3768
5591 3766
5592 3753
5593 3774
5594 3750
5595 3765
5596 3755
5597 3783
5598 3770
5599 3755
5600 3764
5601 3767
5602 3755
5603 3852
5604 3762
5605 3784
5606 3758
5607 3774
5608 3758
5609 3788
5610 3756
5611 3759
5612 3764
5613 3759
5614 3769
5615 3769
5616 3777
5617 3790
5618 3770
5619 3844
5620 3754
5621 3775
5622 3762
5623 3764
5624 3759
5625 3757
5626 3767
5627 3777
5628 3762
5629 3768
5630 3782
5631 3766
5632 3761
5633 3773
5634 3767
5635 3770
5636 3768
5637 3766
5638 3766
5639 3767
5640 3770
5641 3755
5642 3767
5643 3764
5644 3766
5645 3760
5646 3761
5647 3778
5648 3762
5649 3756
5650 3772
5651 3770
5652 3761
5653 3776
5654 3760
5655 3760
5656 3779
5657 3772
5658 3765
5659 3773
5660 3752
5661 3764
5662 3766
5663 3753
5664 3790
5665 3778
5666 3821
5667 3756
5668 3754
5669 3765
5670 3767
5671 3753
5672 3751
5673 3758
5674 3744
5675 3778
5676 3772
5677 3773
5678 3770
5679 3762
5680 3777
5681 3764
5682 3762
5683 3763
5684 3759
5685 3752
5686 3806
5687 3768
5688 3832
5689 3757
5690 3763
5691 3749
5692 3750
5693 3767
5694 3779
5695 3756
5696 3770
5697 3762
5698 3767
5699 3761
5700 3760
5701 3857
5702 3766
5703 3776
5704 3770
5705 3776
5706 3846
5707 3755
5708 3764
5709 3753
5710 3751
5711 3768
5712 3762
5713 3755
5714 3764
5715 3771
5716 3805
5717 3745
5718 3857
5719 3762
5720 3771
5721 3754
5722 3766
5723 3781
5724 3767
5725 3749
5726 3759
5727 3778
5728 3755
5729 3786
5730 3769
5731 3749
5732 3748
5733 3771
5734 3752
5735 3752
5736 3790
5737 3772
5738 3760
5739 3759
5740 3768
5741 3772
5742 3747
5743 3742
5744 3753
5745 3760
5746 3765
5747 3745
5748 3751
5749 3851
5750 3765
5751 3761
5752 3760
5753 3769
5754 3762
5755 3771
5756 3767
5757 3771
5758 3778
5759 3775
5760 3765
5761 3751
5762 3763
5763 3759
5764 3762
5765 3778
5766 3769
5767 3771
5768 3768
5769 3771
5770 3770
5771 3772
5772 3768
5773 3787
5774 3778
5775 3773
5776 3762
5777 3777
5778 3764
5779 3768
5780 3769
5781 3759
5782 3757
5783 3776
5784 3777
5785 3752
5786 3753
5787 3776
5788 3745
5789 3751
5790 3750
5791 3759
5792 3766
5793 3759
5794 3746
5795 3782
5796 3766
5797 3756
5798 3757
5799 3788
5800 3824
5801 3766
5802 3758
5803 3770
5804 3760
5805 3755
5806 3757
5807 3766
5808 3750
5809 3783
5810 3771
5811 3794
5812 3857
5813 3778
5814 3761
5815 3769
5816 3738
5817 3765
5818 3772
5819 3756
5820 3750
5821 3782
5822 3748
5823 3754
5824 3759
5825 3753
5826 3745
5827 3739
5828 3766
5829 3747
5830 3757
5831 3763
5832 3755
5833 3775
5834 3766
5835 3786
5836 3750
5837 3796
5838 3767
5839 3744
5840 3762
5841 3770
5842 3753
5843 3775
5844 3763
5845 3751
5846 3758
5847 3755
5848 3763
5849 3762
5850 3766
5851 3752
5852 3761
5853 3770
5854 3769
5855 3768
5856 3766
5857 3757
5858 3767
5859 3756
5860 3754
5861 3774
5862 3761
5863 3748
5864 3771
5865 3766
5866 3740
5867 3759
5868 3748
5869 3758
5870 3747
5871 3756
5872 3763
5873 3819
5874 3749
5875 3772
5876 3763
5877 3759
5878 3758
5879 3763
5880 3767
5881 3763
5882 3760
5883 3769
5884 3774
5885 3780
5886 3762
5887 3772
5888 3758
5889 3762
5890 3759
5891 3860
5892 3760
5893 3790
5894 3767
5895 3754
5896 3745
5897 3804
5898 3759
5899 3772
5900 3759
5901 3754
5902 3837
5903 3825
5904 3756
5905 3780
5906 3769
5907 3771
5908 3765
5909 3775
5910 3781
5911 3756
5912 3760
5913 3772
5914 3781
5915 3761
5916 3767
5917 3760
5918 3765
5919 3895
5920 3922
5921 3848
5922 3875
5923 3799
5924 3787
5925 3781
5926 3784
5927 3777
5928 3771
5929 3772
5930 3767
5931 3777
5932 3760
5933 3774
5934 3760
5935 3766
5936 3775
5937 3783
5938 3832
5939 3763
5940 3758
5941 3763
5942 3765
5943 3764
5944 3790
5945 3767
5946 3764
5947 3767
5948 3763
5949 3769
5950 3773
5951 3781
5952 3771
5953 3757
5954 3770
5955 3769
5956 3763
5957 3766
5958 3758
5959 3762
5960 3761
5961 3772
5962 3778
5963 3781
5964 3826
5965 3776
5966 3756
5967 3781
5968 3758
5969 3774
5970 3770
5971 3816
5972 3758
5973 3760
5974 3764
5975 3771
5976 3757
5977 3781
5978 3780
5979 3760
5980 3759
5981 3759
5982 3782
5983 3749
5984 3836
5985 3772
5986 3763
5987 3763
5988 3757
5989 3761
5990 3769
5991 3762
5992 3758
5993 3767
5994 3764
5995 3789
5996 3775
5997 3770
5998 3773
5999 3764
6000 3765
6001 3758
6002 3768
6003 3760
6004 3877
6005 3775
6006 3773
6007 3770
6008 3766
6009 3776
6010 3762
6011 3751
6012 3797
6013 3748
6014 3765
6015 3755
6016 3758
6017 3753
6018 3762
6019 3753
6020 3768
6021 3763
6022 3758
6023 3755
6024 3748
6025 3783
6026 3754
6027 3766
6028 3749
6029 3775
6030 3752
6031 3762
6032 3773
6033 3752
6034 3752
6035 3744
6036 3759
6037 3779
6038 3773
6039 3750
6040 3755
6041 3855
6042 3765
6043 3760
6044 3775
6045 3768
6046 3834
6047 3748
6048 3759
6049 3768
6050 3756
6051 3765
6052 3766
6053 3784
6054 3771
6055 3766
6056 3770
6057 3780
6058 3803
6059 3753
6060 3746
6061 3752
6062 3776
6063 3772
6064 3767
6065 3763
6066 3771
6067 3766
6068 3761
6069 3768
6070 3766
6071 3758
6072 3769
6073 3765
6074 3771
6075 3757
6076 3760
6077 3756
6078 3769
6079 3772
6080 3765
6081 3774
6082 3754
6083 3753
6084 3763
6085 3765
6086 3763
6087 3769
6088 3773
6089 3761
6090 3764
6091 3767
6092 3763
6093 3769
6094 3769
6095 3766
6096 3788
6097 3767
6098 3770
6099 3770
6100 3775
6101 3777
6102 3773
6103 3776
6104 3772
6105 3764
6106 3788
6107 3806
6108 3805
6109 3804
6110 3746
6111 3762
6112 3760
6113 3761
6114 3759
6115 3762
6116 3750
6117 3753
6118 3761
6119 3760
6120 3792
6121 3760
6122 3753
6123 3756
6124 3738
6125 3762
6126 3762
6127 3764
6128 3830
6129 3787
6130 3776
6131 3775
6132 3760
6133 3778
6134 3829
6135 3776
6136 3797
6137 3767
6138 3767
6139 3764
6140 3764
6141 3777
6142 3777
6143 3746
6144 3763
6145 3753
6146 3776
6147 3758
6148 3787
6149 3853
6150 3758
6151 3765
6152 3772
6153 3778
6154 3774
6155 3752
6156 3749
6157 3769
6158 3768
6159 3781
6160 3773
6161 3783
6162 3756
6163 3769
6164 3761
6165 3772
6166 3773
6167 3773
6168 3769
6169 3745
6170 3772
6171 3755
6172 3830
6173 3758
6174 3765
6175 3747
6176 3784
6177 3761
6178 3759
6179 3757
6180 3763
6181 3764
6182 3808
6183 3766
6184 3772
6185 3754
6186 3755
6187 3771
6188 3756
6189 3759
6190 3775
6191 3764
6192 3782
6193 3769
6194 3753
6195 3754
6196 3752
6197 3770
6198 3751
6199 3772
6200 3758
6201 3764
6202 3763
6203 3771
6204 3768
6205 3771
6206 3775
6207 3765
6208 3779
6209 3781
6210 3773
6211 3771
6212 3771
6213 3777
6214 3802
6215 3752
6216 3746
6217 3740
6218 3758
6219 3766
6220 3790
6221 3764
6222 3760
6223 3758
6224 3754
6225 3761
6226 3759
6227 3762
6228 3744
6229 3752
6230 3752
6231 3768
6232 3765
6233 3744
6234 3772
6235 3774
6236 3770
6237 3775
6238 3770
6239 3771
6240 3773
6241 3775
6242 3771
6243 3749
6244 3766
6245 3769
6246 3776
6247 3774
6248 3755
6249 3764
6250 3757
6251 3760
6252 3756
6253 3775
6254 3764
6255 3761
6256 3745
6257 3769
6258 3760
6259 3758
6260 3761
6261 3774
6262 3787
6263 3767
6264 3815
6265 3759
6266 3769
6267 3767
6268 3766
6269 3770
6270 3765
6271 3872
6272 3764
6273 3765
6274 3765
6275 3763
6276 3754
6277 3762
6278 3770
6279 3750
6280 3759
6281 3760
6282 3795
6283 3745
6284 3864
6285 3770
6286 3748
6287 3746
6288 3756
6289 3759
6290 3767
6291 3765
6292 3745
6293 3747
6294 3770
6295 3760
6296 3741
6297 3775
6298 3752
6299 3769
6300 3759
6301 3752
6302 3755
6303 3745
6304 3796
6305 3773
6306 3768
6307 3766
6308 3817
6309 3755
6310 3764
6311 3764
6312 3759
6313 3756
6314 3747
6315 3741
6316 3755
6317 3762
6318 3783
6319 3749
6320 3774
6321 3773
6322 3762
6323 3775
6324 3771
6325 3775
6326 3745
6327 3770
6328 3772
6329 3768
6330 3829
6331 3777
6332 3766
6333 3774
6334 3768
6335 3766
6336 3787
6337 3771
6338 3770
6339 3772
6340 3773
6341 3762
6342 3773
6343 3766
6344 3760
6345 3773
6346 3771
6347 3762
6348 3771
6349 3781
6350 3770
6351 3768
6352 3751
6353 3763
6354 3763
6355 3760
6356 3762
6357 3774
6358 3803
6359 3785
6360 3770
6361 3766
6362 3764
6363 3775
6364 3770
6365 3774
6366 3770
6367 3762
6368 3766
6369 3783
6370 3809
6371 3765
6372 3765
6373 3775
6374 3757
6375 3760
6376 3800
6377 3789
6378 3808
6379 3754
6380 3800
6381 3742
6382 3827
6383 3743
6384 3762
6385 3770
6386 3760
6387 3759
6388 3824
6389 3749
6390 3749
6391 3757
6392 3751
6393 3779
6394 3768
6395 3772
6396 3766
6397 3793
6398 3770
6399 3763
6400 3773
6401 3777
6402 3769
6403 3758
6404 3759
6405 3749
6406 3769
6407 3765
6408 3791
6409 3767
6410 3774
6411 3748
6412 3782
6413 3768
6414 3761
6415 3761
6416 3768
6417 3769
6418 3771
6419 3767
6420 3765
6421 3765
6422 3800
6423 3760
6424 3766
6425 3780
6426 3777
6427 3773
6428 3775
6429 3774
6430 3765
6431 3765
6432 3772
6433 3776
6434 3774
6435 3783
6436 3762
6437 3778
6438 3772
6439 3772
6440 3771
6441 3776
6442 3771
6443 3782
6444 3803
6445 3773
6446 3773
6447 3783
6448 3759
6449 3769
6450 3769
6451 3751
6452 3764
6453 3763
6454 3764
6455 3760
6456 3766
6457 3776
6458 3769
6459 3755
6460 3767
6461 3766
6462 3772
6463 3767
6464 3771
6465 3769
6466 3760
6467 3766
6468 3764
6469 3758
6470 3772
6471 3770
6472 3770
6473 3762
6474 3763
6475 3762
6476 3769
6477 3768
6478 3763
6479 3744
6480 3776
6481 3776
6482 3834
6483 3791
6484 3773
6485 3771
6486 3759
6487 3758
6488 3759
6489 3769
6490 3751
6491 3756
6492 3814
6493 3766
6494 3754
6495 3760
6496 3776
6497 3772
6498 3765
6499 3776
6500 3827
6501 3753
6502 3762
6503 3857
6504 3763
6505 3747
6506 3744
6507 3755
6508 3757
6509 3756
6510 3739
6511 3756
6512 3761
6513 3754
6514 3757
6515 3752
6516 3776
6517 3776
6518 3763
6519 3774
6520 3770
6521 3754
6522 3751
6523 3813
6524 3766
6525 3749
6526 3747
6527 3757
6528 3813
6529 3764
6530 3750
6531 3751
6532 3758
6533 3743
6534 3735
6535 3857
6536 3752
6537 3749
6538 3772
6539 3776
6540 3767
6541 3746
6542 3821
6543 3774
6544 3768
6545 3773
6546 3766
6547 3767
6548 3763
6549 3762
6550 3757
6551 3767
6552 3806
6553 3771
6554 3766
6555 3768
6556 3762
6557 3760
6558 3763
6559 3769
6560 3764
6561 3761
6562 3762
6563 3758
6564 3764
6565 3780
6566 3761
6567 3750
6568 3760
6569 3763
6570 3792
6571 3787
6572 3773
6573 3763
6574 3770
6575 3783
6576 3782
6577 3780
6578 3766
6579 3789
6580 3773
6581 3757
6582 3765
6583 3769
6584 3764
6585 3744
6586 3749
6587 3764
6588 3778
6589 3749
6590 3771
6591 3770
6592 3773
6593 3767
6594 3758
6595 3755
6596 3781
6597 3773
6598 3772
6599 3778
6600 3767
6601 3759
6602 3759
6603 3764
6604 3775
6605 3769
6606 3771
6607 3765
6608 3767
6609 3759
6610 3768
6611 3777
6612 3803
6613 3776
6614 3760
6615 3756
6616 3744
6617 3789
6618 3778
6619 3775
6620 3760
6621 3770
6622 3766
6623 3787
6624 3760
6625 3796
6626 3762
6627 3762
6628 3778
6629 3746
6630 3768
6631 3773
6632 3756
6633 3771
6634 3761
6635 3760
6636 3750
6637 3872
6638 3779
6639 3769
6640 3768
6641 3849
6642 3768
6643 3758
6644 3752
6645 3738
6646 3751
6647 3770
6648 3757
6649 3754
6650 3837
6651 3769
6652 3762
6653 3754
6654 3757
6655 3737
6656 3737
6657 3749
6658 3760
6659 3751
6660 3760
6661 3759
6662 3741
6663 3765
6664 3767
6665 3757
6666 3757
6667 3776
6668 3755
6669 3772
6670 3762
6671 3760
6672 3766
6673 3761
6674 3763
6675 3772
6676 3770
6677 3752
6678 3747
6679 3772
6680 3776
6681 3772
6682 3749
6683 3765
6684 3760
6685 3769
6686 3773
6687 3770
6688 3765
6689 3754
6690 3764
6691 3770
6692 3762
6693 3757
6694 3759
6695 3772
6696 3771
6697 3769
6698 3762
6699 3765
6700 3775
6701 3767
6702 3759
6703 3772
6704 3758
6705 3752
6706 3765
6707 3868
6708 3743
6709 3738
6710 3765
6711 3758
6712 3765
6713 3759
6714 3775
6715 3770
6716 3771
6717 3763
6718 3764
6719 3770
6720 3759
6721 3768
6722 3741
6723 3777
6724 3758
6725 3751
6726 3764
6727 3771
6728 3770
6729 3755
6730 3769
6731 3747
6732 3770
6733 3759
6734 3755
6735 3774
6736 3778
6737 3767
6738 3754
6739 3777
6740 3762
6741 3748
6742 3767
6743 3770
6744 3768
6745 3748
6746 3794
6747 3755
6748 3784
6749 3775
6750 3751
6751 3755
6752 3761
6753 3759
6754 3747
6755 3740
6756 3764
6757 3771
6758 3766
6759 3766
6760 3748
6761 3748
6762 3751
6763 3750
6764 3755
6765 3774
6766 3753
6767 3761
6768 3760
6769 3773
6770 3742
6771 3754
6772 3767
6773 3761
6774 3759
6775 3757
6776 3783
6777 3764
6778 3776
6779 3747
6780 3798
6781 3766
6782 3751
6783 3755
6784 3759
6785 3764
6786 3745
6787 3768
6788 3763
6789 3763
6790 3786
6791 3745
6792 3746
6793 3754
6794 3754
6795 3751
6796 3748
6797 3751
6798 3755
6799 3752
6800 3775
6801 3775
6802 3771
6803 3764
6804 3758
6805 3770
6806 3778
6807 3783
6808 3776
6809 3761
6810 3782
6811 3762
6812 3835
6813 3779
6814 3755
6815 3768
6816 3801
6817 3785
6818 3752
6819 3759
6820 3764
6821 3778
6822 3752
6823 3772
6824 3820
6825 3761
6826 3775
6827 3758
6828 3755
6829 3751
6830 3757
6831 3764
6832 3772
6833 3769
6834 3765
6835 3778
6836 3829
6837 3772
6838 3767
6839 3766
6840 3762
6841 3869
6842 3762
6843 3790
6844 3770
6845 3773
6846 3750
6847 3764
6848 3761
6849 3788
6850 3775
6851 3766
6852 3764
6853 3779
6854 3771
6855 3772
6856 3759
6857 3765
6858 3802
6859 3755
6860 3766
6861 3820
6862 3787
6863 3847
6864 3773
6865 3778
6866 3767
6867 3758
6868 3758
6869 3758
6870 3764
6871 3759
6872 3779
6873 3766
6874 3764
6875 3771
6876 3760
6877 3788
6878 3774
6879 3769
6880 3757
6881 3759
6882 3774
6883 3776
6884 3749
6885 3751
6886 3736
6887 3750
6888 3773
6889 3842
6890 3763
6891 3751
6892 3769
6893 3772
6894 3773
6895 3749
6896 3764
6897 3805
6898 3783
6899 3765
6900 3754
6901 3752
6902 3772
6903 3752
6904 3741
6905 3762
6906 3768
6907 3758
6908 3765
6909 3752
6910 3762
6911 3744
6912 3758
6913 3756
6914 3753
6915 3814
6916 3766
6917 3762
6918 3761
6919 3749
6920 3758
6921 3785
6922 3759
6923 3938
6924 3899
6925 3884
6926 3924
6927 3812
6928 3792
6929 3769
6930 3771
6931 3772
6932 3757
6933 3785
6934 3803
6935 3775
6936 3774
6937 3772
6938 3845
6939 3786
6940 3830
6941 3768
6942 3776
6943 3769
6944 3773
6945 3771
6946 3770
6947 3751
6948 3762
6949 3767
6950 3794
6951 3757
6952 3770
6953 3763
6954 3786
6955 3786
6956 3785
6957 3765
6958 3775
6959 3781
6960 3755
6961 3755
6962 3778
6963 3770
6964 3754
6965 3755
6966 3759
6967 3755
6968 3761
6969 3776
6970 3774
6971 3770
6972 3750
6973 3787
6974 3776
6975 3779
6976 3773
6977 3787
6978 3773
6979 3776
6980 3771
6981 3767
6982 3764
6983 3761
6984 3759
6985 3751
6986 3794
6987 3764
6988 3762
6989 3759
6990 3765
6991 3752
6992 3769
6993 3779
6994 3773
6995 3757
6996 3759
6997 3770
6998 3759
6999 3775
7000 3783
7001 3778
7002 3772
7003 3773
7004 3767
7005 3774
7006 3775
7007 3753
7008 3763
7009 3775
7010 3757
7011 3761
7012 3761
7013 3762
7014 3763
7015 3776
7016 3778
7017 3784
7018 3771
7019 3781
7020 3747
7021 3767
7022 3760
7023 3761
7024 3762
7025 3758
7026 3766
7027 3778
7028 3783
7029 3769
7030 3757
7031 3763
7032 3756
7033 3773
7034 3757
7035 3761
7036 3771
7037 3770
7038 3762
7039 3772
7040 3783
7041 3769
7042 3771
7043 3862
7044 3771
7045 3785
7046 3774
7047 3768
7048 3780
7049 3762
7050 3806
7051 3772
7052 3771
7053 3767
7054 3764
7055 3771
7056 3798
7057 3785
7058 3774
7059 3852
7060 3773
7061 3790
7062 3780
7063 3770
7064 3773
7065 3784
7066 3784
7067 3780
7068 3773
7069 3773
7070 3743
7071 3755
7072 3774
7073 3768
7074 3744
7075 3762
7076 3766
7077 3766
7078 3760
7079 3774
7080 3765
7081 3764
7082 3760
7083 3765
7084 3764
7085 3759
7086 3758
7087 3754
7088 3761
7089 3767
7090 3758
7091 3789
7092 3750
7093 3764
7094 3775
7095 3763
7096 3764
7097 3774
7098 3757
7099 3773
7100 3783
7101 3791
7102 3774
7103 3769
7104 3768
7105 3776
7106 3773
7107 3764
7108 3758
7109 3784
7110 3768
7111 3749
7112 3762
7113 3764
7114 3766
7115 3752
7116 3768
7117 3751
7118 3766
7119 3775
7120 3763
7121 3773
7122 3771
7123 3757
7124 3770
7125 3764
7126 3766
7127 3775
7128 3774
7129 3764
7130 3775
7131 3768
7132 3772
7133 3762
7134 3768
7135 3768
7136 3768
7137 3850
7138 3767
7139 3775
7140 3782
7141 3764
7142 3775
7143 3778
7144 3776
7145 3753
7146 3763
7147 3773
7148 3777
7149 3775
7150 3767
7151 3777
7152 3757
7153 3750
7154 3774
7155 3775
7156 3762
7157 3775
7158 3760
7159 3760
7160 3789
7161 3775
7162 3758
7163 3775
7164 3762
7165 3772
7166 3765
7167 3783
7168 3779
7169 3782
7170 3772
7171 3756
7172 3768
7173 3770
7174 3774
7175 3777
7176 3819
7177 3761
7178 3774
7179 3759
7180 3782
7181 3760
7182 3777
7183 3770
7184 3767
7185 3781
7186 3769
7187 3768
7188 3769
7189 3775
7190 3772
7191 3813
7192 3760
7193 3776
7194 3772
7195 3775
7196 3773
7197 3755
7198 3772
7199 3780
7200 3775
7201 3777
7202 3776
7203 3758
7204 3777
7205 3746
7206 3757
7207 3750
7208 3770
7209 3775
7210 3760
7211 3765
7212 3768
7213 3754
7214 3810
7215 3769
7216 3836
7217 3753
7218 3752
7219 3766
7220 3768
7221 3749
7222 3824
7223 3794
7224 3779
7225 3761
7226 3775
7227 3767
7228 3772
7229 3773
7230 3771
7231 3790
7232 3771
7233 3751
7234 3764
7235 3771
7236 3765
7237 3770
7238 3757
7239 3766
7240 3822
7241 3775
7242 3755
7243 3761
7244 3762
7245 3761
7246 3758
7247 3783
7248 3751
7249 3775
7250 3771
7251 3774
7252 3768
7253 3775
7254 3762
7255 3847
7256 3762
7257 3762
7258 3756
7259 3764
7260 3755
7261 3763
7262 3820
7263 3767
7264 3762
7265 3775
7266 3761
7267 3750
7268 3771
7269 3757
7270 3757
7271 3774
7272 3769
7273 3770
7274 3762
7275 3753
7276 3791
7277 3757
7278 3795
7279 3753
7280 3764
7281 3749
7282 3776
7283 3769
7284 3770
7285 3759
7286 3768
7287 3758
7288 3767
7289 3768
7290 3773
7291 3764
7292 3763
7293 3754
7294 3752
7295 3758
7296 3756
7297 3754
7298 3752
7299 3773
7300 3771
7301 3749
7302 3745
7303 3764
7304 3759
7305 3749
7306 3744
7307 3749
7308 3758
7309 3769
7310 3772
7311 3765
7312 3768
7313 3771
7314 3759
7315 3770
7316 3765
7317 3780
7318 3761
7319 3748
7320 3752
7321 3754
7322 3737
7323 3746
7324 3771
7325 3768
7326 3765
7327 3764
7328 3757
7329 3764
7330 3772
7331 3767
7332 3753
7333 3761
7334 3741
7335 3747
7336 3758
7337 3759
7338 3766
7339 3772
7340 3798
7341 3746
7342 3761
7343 3781
7344 3761
7345 3758
7346 3771
7347 3749
7348 3761
7349 3773
7350 3802
7351 3772
7352 3749
7353 3766
7354 3808
7355 3765
7356 3769
7357 3818
7358 3765
7359 3770
7360 3775
7361 3780
7362 3761
7363 3770
7364 3762
7365 3766
7366 3748
7367 3736
7368 3747
7369 3758
7370 3761
7371 3757
7372 3744
7373 3812
7374 3845
7375 3756
7376 3767
7377 3771
7378 3772
7379 3749
7380 3758
7381 3755
7382 3749
7383 3754
7384 3783
7385 3784
7386 3763
7387 3781
7388 3763
7389 3747
7390 3764
7391 3752
7392 3812
7393 3769
7394 3755
7395 3760
7396 3759
7397 3795
7398 3749
7399 3751
7400 3757
7401 3764
7402 3751
7403 3754
7404 3772
7405 3769
7406 3763
7407 3755
7408 3754
7409 3749
7410 3768
7411 3754
7412 3804
7413 3763
7414 3772
7415 3753
7416 3760
7417 3789
7418 3751
7419 3749
7420 3740
7421 3735
7422 3755
7423 3760
7424 3775
7425 3765
7426 3792
7427 3810
7428 3749
7429 3750
7430 3759
7431 3763
7432 3761
7433 3769
7434 3765
7435 3778
7436 3763
7437 3766
7438 3815
7439 3754
7440 3759
7441 3742
7442 3764
7443 3775
7444 3767
7445 3785
7446 3752
7447 3766
7448 3754
7449 3753
7450 3751
7451 3753
7452 3759
7453 3747
7454 3765
7455 3738
7456 3745
7457 3732
7458 3741
7459 3751
7460 3778
7461 3767
7462 3772
7463 3777
7464 3763
7465 3774
7466 3751
7467 3767
7468 3774
7469 3750
7470 3773
7471 3820
7472 3757
7473 3760
7474 3765
7475 3841
7476 3762
7477 3766
7478 3764
7479 3768
7480 3785
7481 3758
7482 3785
7483 3814
7484 3753
7485 3771
7486 3750
7487 3739
7488 3757
7489 3762
7490 3741
7491 3767
7492 3812
7493 3755
7494 3758
7495 3755
7496 3746
7497 3747
7498 3760
7499 3779
7500 3768
7501 3758
7502 3765
7503 3765
7504 3768
7505 3768
7506 3805
7507 3743
7508 3827
7509 3764
7510 3761
7511 3780
7512 3765
7513 3765
7514 3827
7515 3778
7516 3763
7517 3770
7518 3756
7519 3770
7520 3756
7521 3775
7522 3758
7523 3782
7524 3752
7525 3763
7526 3794
7527 3758
7528 3761
7529 3763
7530 3752
7531 3806
7532 3770
7533 3752
7534 3776
7535 3814
7536 3760
7537 3748
7538 3760
7539 3748
7540 3752
7541 3774
7542 3756
7543 3756
7544 3773
7545 3743
7546 3772
7547 3765
7548 3769
7549 3771
7550 3777
7551 3763
7552 3779
7553 3768
7554 3780
7555 3751
7556 3787
7557 3755
7558 3764
7559 3754
7560 3769
7561 3758
7562 3766
7563 3773
7564 3767
7565 3774
7566 3776
7567 3752
7568 3808
7569 3762
7570 3747
7571 3753
7572 3790
7573 3760
7574 3771
7575 3765
7576 3784
7577 3756
7578 3824
7579 3761
7580 3752
7581 3758
7582 3782
7583 3758
7584 3764
7585 3778
7586 3740
7587 3750
7588 3754
7589 3762
7590 3768
7591 3774
7592 3735
7593 3773
7594 3764
7595 3775
7596 3768
7597 3753
7598 3758
7599 3766
7600 3755
7601 3759
7602 3765
7603 3750
7604 3766
7605 3759
7606 3760
7607 3763
7608 3858
7609 3782
7610 3760
7611 3755
7612 3762
7613 3762
7614 3758
7615 3774
7616 3758
7617 3759
7618 3766
7619 3756
7620 3772
7621 3770
7622 3753
7623 3749
7624 3762
7625 3769
7626 3793
7627 3773
7628 3763
7629 3768
7630 3815
7631 3749
7632 3785
7633 3777
7634 3762
7635 3764
7636 3765
7637 3774
7638 3769
7639 3768
7640 3761
7641 3834
7642 3808
7643 3787
7644 3760
7645 3767
7646 3776
7647 3778
7648 3760
7649 3757
7650 3758
7651 3764
7652 3771
7653 3773
7654 3771
7655 3775
7656 3747
7657 3763
7658 3752
7659 3769
7660 3833
7661 3745
7662 3761
7663 3756
7664 3765
7665 3743
7666 3749
7667 3745
7668 3747
7669 3742
7670 3804
7671 3750
7672 3756
7673 3751
7674 3829
7675 3762
7676 3773
7677 3763
7678 3771
7679 3774
7680 3774
7681 3795
7682 3754
7683 3772
7684 3760
7685 3765
7686 3785
7687 3773
7688 3781
7689 3766
7690 3763
7691 3770
7692 3764
7693 3757
7694 3761
7695 3765
7696 3766
7697 3789
7698 3758
7699 3784
7700 3763
7701 3780
7702 3771
7703 3770
7704 3753
7705 3748
7706 3744
7707 3771
7708 3780
7709 3762
7710 3763
7711 3751
7712 3760
7713 3773
7714 3771
7715 3765
7716 3771
7717 3771
7718 3774
7719 3826
7720 3762
7721 3758
7722 3765
7723 3752
7724 3769
7725 3753
7726 3765
7727 3782
7728 3766
7729 3764
7730 3763
7731 3768
7732 3768
7733 3767
7734 3765
7735 3758
7736 3805
7737 3767
7738 3806
7739 3780
7740 3758
7741 3760
7742 3739
7743 3749
7744 3754
7745 3752
7746 3773
7747 3735
7748 3749
7749 3770
7750 3780
7751 3767
7752 3771
7753 3780
7754 3762
7755 3771
7756 3759
7757 3774
7758 3760
7759 3771
7760 3769
7761 3758
7762 3770
7763 3783
7764 3760
7765 3771
7766 3771
7767 3759
7768 3763
7769 3764
7770 3802
7771 3757
7772 3758
7773 3763
7774 3766
7775 3836
7776 3818
7777 3748
7778 3754
7779 3748
7780 3766
7781 3761
7782 3791
7783 3773
7784 3769
7785 3773
7786 3772
7787 3783
7788 3769
7789 3751
7790 3765
7791 3776
7792 3759
7793 3779
7794 3816
7795 3753
7796 3748
7797 3756
7798 3768
7799 3765
7800 3749
7801 3783
7802 3775
7803 3763
7804 3740
7805 3774
7806 3773
7807 3767
7808 3766
7809 3748
7810 3761
7811 3763
7812 3743
7813 3780
7814 3767
7815 3776
7816 3765
7817 3757
7818 3768
7819 3762
7820 3772
7821 3814
7822 3753
7823 3810
7824 3753
7825 3761
7826 3761
7827 3744
7828 3756
7829 3785
7830 3786
7831 3768
7832 3746
7833 3767
7834 3773
7835 3770
7836 3772
7837 3752
7838 3823
7839 3752
7840 3779
7841 3804
7842 3755
7843 3756
7844 3749
7845 3763
7846 3759
7847 3757
7848 3809
7849 3779
7850 3801
7851 3749
7852 3791
7853 3765
7854 3789
7855 3767
7856 3767
7857 3770
7858 3781
7859 3776
7860 3767
7861 3762
7862 3775
7863 3775
7864 3756
7865 3771
7866 3765
7867 3778
7868 3753
7869 3768
7870 3795
7871 3764
7872 3764
7873 3758
7874 3769
7875 3773
7876 3770
7877 3746
7878 3746
7879 3754
7880 3800
7881 3765
7882 3789
7883 3766
7884 3764
7885 3755
7886 3791
7887 3757
7888 3760
7889 3766
7890 3766
7891 3767
7892 3767
7893 3768
7894 3765
7895 3764
7896 3805
7897 3797
7898 3844
7899 3776
7900 3778
7901 3775
7902 3758
7903 3855
7904 3744
7905 3825
7906 3764
7907 3770
7908 3777
7909 3772
7910 3776
7911 3761
7912 3769
7913 3771
7914 3764
7915 3758
7916 3831
7917 3773
7918 3766
7919 3782
7920 3769
7921 3775
7922 3779
7923 3768
7924 3768
7925 3759
7926 3787
7927 4007
7928 3848
7929 3841
7930 3828
7931 3794
7932 3856
7933 3756
7934 3779
7935 3754
7936 3762
7937 3766
7938 3777
7939 3777
7940 3776
7941 3765
7942 3767
7943 3794
7944 3763
7945 3765
7946 3755
7947 3768
7948 3771
7949 3758
7950 3755
7951 3778
7952 3770
7953 3783
7954 3755
7955 3762
7956 3769
7957 3771
7958 3767
7959 3766
7960 3773
7961 3783
7962 3776
7963 3771
7964 3770
7965 3757
7966 3761
7967 3776
7968 3757
7969 3760
7970 3811
7971 3760
7972 3757
7973 3764
7974 3767
7975 3780
7976 3771
7977 3748
7978 3761
7979 3776
7980 3802
7981 3774
7982 3766
7983 3774
7984 3747
7985 3773
7986 3762
7987 3755
7988 3762
7989 3761
7990 3769
7991 3766
7992 3756
7993 3766
7994 3768
7995 3754
7996 3766
7997 3763
7998 3755
7999 3745
8000 3757
8001 3771
8002 3772
8003 3761
8004 3761
8005 3763
8006 3764
8007 3773
8008 3774
8009 3769
8010 3770
8011 3773
8012 3769
8013 3770
8014 3736
8015 3777
8016 3764
8017 3751
8018 3774
8019 3778
8020 3765
8021 3817
8022 3814
8023 3754
8024 3770
8025 3781
8026 3763
8027 3776
8028 3768
8029 3779
8030 3769
8031 3774
8032 3768
8033 3767
8034 3762
8035 3776
8036 3779
8037 3771
8038 3759
8039 3788
8040 3778
8041 3773
8042 3766
8043 3759
8044 3786
8045 3774
8046 3759
8047 3779
8048 3768
8049 3768
8050 3770
8051 3768
8052 3776
8053 3790
8054 3778
8055 3778
8056 3806
8057 3761
8058 3761
8059 3753
8060 3763
8061 3776
8062 3770
8063 3765
8064 3755
8065 3758
8066 3759
8067 3781
8068 3779
8069 3765
8070 3753
8071 3774
8072 3771
8073 3769
8074 3755
8075 3763
8076 3820
8077 3775
8078 3771
8079 3766
8080 3753
8081 3766
8082 3766
8083 3765
8084 3761
8085 3766
8086 3753
8087 3753
8088 3764
8089 3780
8090 3770
8091 3764
8092 3764
8093 3770
8094 3763
8095 3786
8096 3800
8097 3775
8098 3765
8099 3772
8100 3756
8101 3767
8102 3758
8103 3779
8104 3768
8105 3763
8106 3759
8107 3755
8108 3763
8109 3759
8110 3829
8111 3766
8112 3779
8113 3763
8114 3766
8115 3768
8116 3816
8117 3766
8118 3768
8119 3769
8120 3752
8121 3748
8122 3755
8123 3752
8124 3765
8125 3752
8126 3762
8127 3760
8128 3778
8129 3775
8130 3758
8131 3761
8132 3760
8133 3783
8134 3771
8135 3764
8136 3770
8137 3767
8138 3758
8139 3760
8140 3760
8141 3768
8142 3795
8143 3763
8144 3769
8145 3768
8146 3770
8147 3766
8148 3804
8149 3783
8150 3768
8151 3755
8152 3759
8153 3768
8154 3762
8155 3769
8156 3765
8157 3767
8158 3756
8159 3769
8160 3771
8161 3753
8162 3770
8163 3771
8164 3765
8165 3759
8166 3769
8167 3837
8168 3803
8169 3764
8170 3791
8171 3748
8172 3762
8173 3754
8174 3759
8175 3766
8176 3770
8177 3780
8178 3772
8179 3776
8180 3765
8181 3775
8182 3769
8183 3771
8184 3777
8185 3763
8186 3766
8187 3761
8188 3759
8189 3759
8190 3755
8191 3771
8192 3763
8193 3751
8194 3757
8195 3757
8196 3765
8197 3769
8198 3777
8199 3765
8200 3767
8201 3758
8202 3758
8203 3765
8204 3771
8205 3776
8206 3753
8207 3773
8208 3767
8209 3839
8210 3785
8211 3765
8212 3778
8213 3753
8214 3756
8215 3775
8216 3764
8217 3763
8218 3792
8219 3759
8220 3761
8221 3759
8222 3769
8223 3766
8224 3770
8225 3780
8226 3756
8227 3758
8228 3759
8229 3761
8230 3756
8231 3759
8232 3756
8233 3766
8234 3766
8235 3754
8236 3771
8237 3761
8238 3758
8239 3764
8240 3759
8241 3765
8242 3759
8243 3763
8244 3764
8245 3754
8246 3762
8247 3756
8248 3804
8249 3760
8250 3762
8251 3767
8252 3769
8253 3758
8254 3778
8255 3765
8256 3766
8257 3767
8258 3761
8259 3763
8260 3773
8261 3770
8262 3763
8263 3747
8264 3764
8265 3763
8266 3752
8267 3769
8268 3752
8269 3768
8270 3762
8271 3764
8272 3750
8273 3849
8274 3805
8275 3764
8276 3798
8277 3763
8278 3769
8279 3763
8280 3759
8281 3762
8282 3759
8283 3767
8284 3764
8285 3776
8286 3764
8287 3769
8288 3773
8289 3778
8290 3774
8291 3779
8292 3779
8293 3766
8294 3762
8295 3779
8296 3760
8297 3792
8298 3776
8299 3776
8300 3776
8301 3788
8302 3774
8303 3776
8304 3774
8305 3774
8306 3752
8307 3752
8308 3761
8309 3741
8310 3758
8311 3754
8312 3774
8313 3767
8314 3806
8315 3766
8316 3768
8317 3774
8318 3756
8319 3749
8320 3759
8321 3748
8322 3777
8323 3765
8324 3801
8325 3749
8326 3771
8327 3757
8328 3828
8329 3774
8330 3752
8331 3767
8332 3802
8333 3780
8334 3768
8335 3752
8336 3759
8337 3831
8338 3744
8339 3758
8340 3775
8341 3749
8342 3752
8343 3805
8344 3765
8345 3754
8346 3768
8347 3750
8348 3810
8349 3763
8350 3761
8351 3755
8352 3769
8353 3760
8354 3765
8355 3756
8356 3752
8357 3753
8358 3752
8359 3743
8360 3758
8361 3771
8362 3780
8363 3770
8364 3763
8365 3825
8366 3767
8367 3771
8368 3756
8369 3774
8370 3766
8371 3787
8372 3773
8373 3759
8374 3768
8375 3755
8376 3813
8377 3754
8378 3750
8379 3764
8380 3770
8381 3748
8382 3762
8383 3758
8384 3768
8385 3745
8386 3745
8387 3748
8388 3761
8389 3772
8390 3794
8391 3760
8392 3759
8393 3762
8394 3773
8395 3761
8396 3759
8397 3832
8398 4224
8399 3757
8400 3829
8401 3767
8402 3763
8403 3780
8404 3763
8405 3769
8406 3763
8407 3748
8408 3769
8409 3780
8410 3778
8411 3786
8412 3771
8413 3769
8414 3826
8415 3766
8416 3768
8417 3783
8418 3874
8419 3770
8420 3753
8421 3751
8422 3765
8423 3773
8424 3752
8425 3772
8426 3745
8427 3765
8428 3756
8429 3763
8430 3762
8431 3764
8432 3751
8433 3764
8434 3771
8435 3759
8436 3772
8437 3770
8438 3767
8439 3773
8440 3765
8441 3761
8442 3763
8443 3767
8444 3764
8445 3793
8446 3776
8447 3760
8448 3758
8449 3765
8450 3760
8451 3764
8452 3766
8453 3767
8454 3766
8455 3780
8456 3764
8457 3778
8458 3768
8459 3764
8460 3767
8461 3758
8462 3766
8463 3774
8464 3761
8465 3783
8466 3779
8467 3757
8468 3744
8469 3759
8470 3762
8471 3764
8472 3763
8473 3761
8474 3754
8475 3769
8476 3750
8477 3751
8478 3755
8479 3802
8480 3751
8481 3751
8482 3802
8483 3776
8484 3769
8485 3772
8486 3762
8487 3772
8488 3771
8489 3775
8490 3749
8491 3821
8492 3754
8493 3771
8494 3759
8495 3767
8496 3763
8497 3787
8498 3764
8499 3762
8500 3763
8501 3814
8502 3761
8503 3761
8504 3774
8505 3750
8506 3758
8507 3750
8508 3809
8509 3768
8510 3755
8511 3737
8512 3755
8513 3759
8514 3790
8515 3751
8516 3749
8517 3762
8518 3746
8519 3741
8520 3750
8521 3744
8522 3764
8523 3749
8524 3767
8525 3771
8526 3755
8527 3773
8528 3749
8529 3768
8530 3768
8531 3771
8532 3778
8533 3759
8534 3764
8535 3757
8536 3752
8537 3790
8538 3755
8539 3753
8540 3765
8541 3772
8542 3801
8543 3756
8544 3763
8545 3748
8546 3749
8547 3758
8548 3745
8549 3754
8550 3766
8551 3764
8552 3758
8553 3754
8554 3765
8555 3777
8556 3811
8557 3781
8558 3764
8559 3774
8560 3734
8561 3760
8562 3764
8563 3763
8564 3803
8565 3767
8566 3764
8567 3757
8568 3759
8569 3758
8570 3747
8571 3745
8572 3763
8573 3781
8574 3770
8575 3772
8576 3765
8577 3762
8578 3762
8579 3756
8580 3762
8581 3766
8582 3759
8583 3765
8584 3763
8585 3761
8586 3764
8587 3798
8588 3749
8589 3754
8590 3762
8591 3773
8592 3768
8593 3767
8594 3756
8595 3752
8596 3750
8597 3769
8598 3772
8599 3749
8600 3749
8601 3768
8602 3764
8603 3764
8604 3752
8605 3755
8606 3764
8607 3777
8608 3761
8609 3770
8610 3766
8611 3760
8612 3749
8613 3757
8614 3764
8615 3761
8616 3747
8617 3752
8618 3761
8619 3765
8620 3764
8621 3805
8622 3761
8623 3780
8624 3770
8625 3787
8626 3767
8627 3762
8628 3788
8629 3770
8630 3807
8631 3747
8632 3746
8633 3825
8634 3754
8635 3758
8636 3750
8637 3762
8638 3759
8639 3754
8640 3817
8641 3784
8642 3759
8643 3753
8644 3757
8645 3766
8646 3768
8647 3771
8648 3804
8649 3764
8650 3791
8651 3779
8652 3743
8653 3756
8654 3804
8655 3759
8656 3764
8657 3761
8658 3776
8659 3759
8660 3752
8661 3778
8662 3739
8663 3758
8664 3756
8665 3755
8666 3752
8667 3751
8668 3763
8669 3752
8670 3802
8671 3776
8672 3745
8673 3765
8674 3761
8675 3770
8676 3756
8677 3751
8678 3759
8679 3751
8680 3765
8681 3762
8682 3771
8683 3762
8684 3766
8685 3761
8686 3761
8687 3751
8688 3758
8689 3757
8690 3759
8691 3761
8692 3765
8693 3760
8694 3764
8695 3771
8696 3766
8697 3766
8698 3750
8699 3741
8700 3765
8701 3751
8702 3767
8703 3784
8704 3756
8705 3766
8706 3761
8707 3778
8708 3760
8709 3762
8710 3763
8711 3764
8712 3758
8713 3769
8714 3769
8715 3755
8716 3740
8717 3778
8718 3763
8719 3763
8720 3764
8721 3761
8722 3753
8723 3766
8724 3763
8725 3764
8726 3760
8727 3768
8728 3784
8729 3752
8730 3760
8731 3776
8732 3778
8733 3765
8734 3749
8735 3765
8736 3774
8737 3766
8738 3759
8739 3753
8740 3743
8741 3735
8742 3853
8743 3763
8744 3765
8745 3753
8746 3755
8747 3765
8748 3754
8749 3753
8750 3770
8751 3753
8752 3807
8753 3774
8754 3763
8755 3760
8756 3763
8757 3775
8758 3801
8759 3826
8760 3764
8761 3748
8762 3757
8763 3748
8764 3748
8765 3743
8766 3736
8767 3773
8768 3748
8769 3742
8770 3759
8771 3770
8772 3754
8773 3767
8774 3736
8775 3756
8776 3743
8777 3741
8778 3765
8779 3772
8780 3767
8781 3748
8782 3741
8783 3755
8784 3800
8785 3747
8786 3736
8787 3779
8788 3796
8789 3758
8790 3809
8791 3751
8792 3768
8793 3765
8794 3758
8795 3776
8796 3775
8797 3762
8798 3781
8799 3765
8800 3768
8801 3752
8802 3775
8803 3783
8804 3771
8805 3770
8806 3811
8807 3763
8808 3799
8809 3757
8810 3761
8811 3767
8812 3761
8813 3764
8814 3768
8815 3765
8816 3771
8817 3752
8818 3751
8819 3781
8820 3761
8821 3764
8822 3830
8823 3843
8824 3769
8825 3745
8826 3748
8827 3760
8828 3765
8829 3770
8830 3761
8831 3774
8832 3763
8833 3773
8834 3767
8835 3759
8836 3758
8837 3752
8838 3799
8839 3762
8840 3759
8841 3753
8842 3823
8843 3751
8844 3743
8845 3755
8846 3758
8847 3761
8848 3772
8849 3821
8850 3777
8851 3757
8852 3769
8853 3770
8854 3850
8855 3774
8856 3756
8857 3743
8858 3767
8859 3756
8860 3775
8861 3738
8862 3751
8863 3751
8864 3772
8865 3755
8866 3773
8867 3760
8868 3760
8869 3764
8870 3785
8871 3756
8872 3767
8873 3770
8874 3779
8875 3766
8876 3779
8877 3767
8878 3770
8879 3765
8880 3745
8881 3765
8882 3752
8883 3780
8884 3768
8885 3771
8886 3768
8887 3764
8888 3761
8889 3782
8890 3764
8891 3761
8892 3767
8893 3771
8894 3760
8895 3757
8896 3771
8897 3898
8898 3773
8899 3759
8900 3808
8901 3760
8902 3763
8903 3758
8904 3744
8905 3757
8906 3743
8907 3774
8908 3770
8909 3813
8910 3773
8911 3764
8912 3745
8913 3772
8914 3754
8915 3744
8916 3752
8917 3753
8918 3801
8919 3753
8920 3767
8921 3779
8922 3762
8923 3772
8924 3756
8925 3759
8926 3769
8927 3755
8928 3761
8929 3759
8930 3898
8931 3935
8932 3837
8933 3876
8934 3806
8935 3775
8936 3802
8937 3772
8938 3815
8939 3774
8940 3771
8941 3768
8942 3752
8943 3770
8944 3765
8945 3788
8946 3777
8947 3762
8948 3773
8949 3763
8950 3772
8951 3773
8952 3775
8953 3790
8954 3777
8955 3771
8956 3779
8957 3782
8958 3764
8959 3762
8960 3788
8961 3764
8962 3761
8963 3782
8964 3759
8965 3758
8966 3755
8967 3769
8968 3762
8969 3784
8970 3840
8971 3797
8972 3767
8973 3772
8974 3758
8975 3848
8976 3823
8977 3769
8978 3774
8979 3765
8980 3807
8981 3766
8982 3761
8983 3781
8984 3765
8985 3764
8986 3769
8987 3790
8988 3786
8989 3768
8990 3767
8991 3762
8992 3773
8993 3757
8994 3766
8995 3784
8996 3769
8997 3753
8998 3770
8999 3778
9000 3758
9001 3777
9002 3774
9003 3755
9004 3763
9005 3759
9006 3758
9007 3774
9008 3773
9009 3772
9010 3778
9011 3752
9012 3766
9013 3769
9014 3764
9015 3785
9016 3770
9017 3838
9018 3757
9019 3779
9020 3757
9021 3780
9022 3753
9023 3756
9024 3748
9025 3758
9026 3767
9027 3771
9028 3772
9029 3769
9030 3771
9031 3772
9032 3777
9033 3767
9034 3786
9035 3761
9036 3762
9037 3764
9038 3800
9039 3765
9040 3746
9041 3766
9042 3760
9043 3790
9044 3773
9045 3798
9046 3783
9047 3773
9048 3782
9049 3782
9050 3763
9051 3758
9052 3757
9053 3770
9054 3756
9055 3763
9056 3767
9057 3774
9058 3775
9059 3842
9060 3770
9061 3797
9062 3763
9063 3771
9064 3804
9065 3757
9066 3776
9067 3776
9068 3752
9069 3783
9070 3762
9071 3862
9072 3765
9073 3762
9074 3765
9075 3796
9076 3764
9077 3773
9078 3765
9079 3770
9080 3772
9081 3817
9082 3748
9083 3760
9084 3765
9085 3764
9086 3752
9087 3770
9088 3779
9089 3776
9090 3773
9091 3771
9092 3771
9093 3776
9094 3782
9095 3825
9096 3745
9097 3754
9098 3769
9099 3755
9100 3766
9101 3740
9102 3745
9103 3788
9104 3743
9105 3761
9106 3784
9107 3759
9108 3740
9109 3758
9110 3748
9111 3750
9112 3768
9113 3767
9114 3758
9115 3776
9116 3752
9117 3749
9118 3768
9119 3772
9120 3778
9121 3762
9122 3758
9123 3771
9124 3758
9125 3735
9126 3777
9127 3766
9128 3774
9129 3763
9130 3765
9131 3754
9132 3769
9133 3796
9134 3758
9135 3777
9136 3751
9137 3743
9138 3776
9139 3765
9140 3758
9141 3769
9142 3765
9143 3743
9144 3758
9145 3781
9146 3824
9147 3770
9148 3759
9149 3761
9150 3756
9151 3780
9152 3836
9153 3774
9154 3753
9155 3758
9156 3747
9157 3741
9158 3762
9159 3768
9160 3784
9161 3772
9162 3767
9163 3769
9164 3763
9165 3741
9166 3751
9167 3767
9168 3758
9169 3752
9170 3814
9171 3795
9172 3770
9173 3772
9174 3832
9175 3766
9176 3764
9177 3753
9178 3745
9179 3762
9180 3774
9181 3753
9182 3775
9183 3760
9184 3748
9185 3747
9186 3762
9187 3747
9188 3737
9189 3754
9190 3853
9191 3766
9192 3768
9193 3739
9194 3740
9195 3747
9196 3762
9197 3780
9198 3766
9199 3758
9200 3796
9201 3781
9202 3750
9203 3748
9204 3751
9205 3774
9206 3757
9207 3761
9208 3756
9209 3784
9210 3777
9211 3766
9212 3763
9213 3768
9214 3772
9215 3754
9216 3760
9217 3756
9218 3756
9219 3756
9220 3770
9221 3761
9222 3753
9223 3764
9224 3745
9225 3767
9226 3757
9227 3758
9228 3743
9229 3749
9230 3740
9231 3769
9232 3762
9233 3773
9234 3764
9235 3768
9236 3760
9237 3818
9238 3772
9239 3765
9240 3761
9241 3756
9242 3768
9243 3780
9244 3757
9245 3769
9246 3760
9247 3776
9248 3751
9249 3758
9250 3772
9251 3772
9252 3796
9253 3749
9254 3735
9255 3829
9256 3751
9257 3784
9258 3735
9259 3770
9260 3742
9261 3772
9262 3767
9263 3775
9264 3754
9265 3843
9266 3766
9267 3740
9268 3754
9269 3763
9270 3763
9271 3761
9272 3765
9273 3764
9274 3760
9275 3755
9276 3762
9277 3769
9278 3771
9279 3760
9280 3743
9281 3774
9282 3777
9283 3761
9284 3771
9285 3779
9286 3773
9287 3838
9288 3786
9289 3774
9290 3773
9291 3785
9292 3766
9293 3786
9294 3766
9295 3769
9296 3752
9297 3819
9298 3760
9299 3758
9300 3763
9301 3753
9302 3767
9303 3776
9304 3748
9305 3764
9306 3761
9307 3753
9308 3768
9309 3777
9310 3765
9311 3758
9312 3745
9313 3739
9314 3762
9315 3770
9316 3745
9317 3794
9318 3766
9319 3770
9320 3769
9321 3749
9322 3760
9323 3751
9324 3765
9325 3782
9326 3766
9327 3766
9328 3771
9329 3771
9330 3768
9331 3768
9332 3765
9333 3775
9334 3755
9335 3759
9336 3794
9337 3766
9338 3813
9339 3757
9340 3764
9341 3839
9342 3759
9343 3739
9344 3745
9345 3734
9346 3763
9347 3763
9348 3762
9349 3757
9350 3754
9351 3757
9352 3759
9353 3764
9354 3766
9355 3774
9356 3762
9357 3779
9358 3777
9359 3769
9360 3763
9361 3774
9362 3754
9363 3735
9364 3756
9365 3754
9366 3758
9367 3759
9368 3757
9369 3757
9370 3781
9371 3785
9372 3763
9373 3759
9374 3754
9375 3770
9376 3753
9377 3755
9378 3739
9379 3759
9380 3765
9381 3748
9382 3773
9383 3775
9384 3784
9385 3767
9386 3752
9387 3768
9388 3758
9389 3761
9390 3761
9391 3773
9392 3765
9393 3784
9394 3767
9395 3773
9396 3771
9397 3811
9398 3759
9399 3765
9400 3760
9401 3758
9402 3771
9403 3769
9404 3834
9405 3831
9406 3786
9407 3761
9408 3778
9409 3748
9410 3763
9411 3753
9412 3770
9413 3772
9414 3768
9415 3754
9416 3753
9417 3767
9418 3754
9419 3772
9420 3763
9421 3774
9422 3760
9423 3768
9424 3750
9425 3764
9426 3800
9427 3772
9428 3761
9429 3753
9430 3771
9431 3775
9432 3772
9433 3774
9434 3759
9435 3786
9436 3778
9437 3804
9438 3761
9439 3762
9440 3756
9441 3761
9442 3760
9443 3761
9444 3772
9445 3770
9446 3757
9447 3763
9448 3780
9449 3756
9450 3764
9451 3782
9452 3760
9453 3766
9454 3792
9455 3755
9456 3762
9457 3772
9458 3766
9459 3777
9460 3766
9461 3768
9462 3764
9463 3777
9464 3765
9465 3774
9466 3764
9467 3752
9468 3757
9469 3758
9470 3758
9471 3760
9472 3788
9473 3757
9474 3771
9475 3771
9476 3766
9477 3761
9478 3774
9479 3766
9480 3744
9481 3769
9482 3774
9483 3777
9484 3763
9485 3779
9486 3757
9487 3764
9488 3771
9489 3776
9490 3765
9491 3775
9492 3758
9493 3788
9494 3760
9495 3758
9496 3774
9497 3759
9498 3762
9499 3776
9500 3770
9501 3859
9502 3773
9503 3756
9504 3762
9505 3752
9506 3749
9507 3771
9508 3767
9509 3737
9510 3813
9511 3755
9512 3753
9513 3757
9514 3750
9515 3745
9516 3763
9517 3785
9518 3750
9519 3739
9520 3737
9521 3739
9522 3742
9523 3745
9524 3764
9525 3765
9526 3758
9527 3767
9528 3767
9529 3771
9530 3798
9531 3838
9532 3763
9533 3755
9534 3769
9535 3765
9536 3755
9537 3788
9538 3756
9539 3781
9540 3768
9541 3772
9542 3815
9543 3777
9544 3736
9545 3813
9546 3767
9547 3757
9548 3771
9549 3770
9550 3767
9551 3764
9552 3762
9553 3777
9554 3757
9555 3746
9556 3774
9557 3756
9558 3772
9559 3753
9560 3784
9561 3767
9562 3769
9563 3774
9564 3770
9565 3777
9566 3764
9567 3770
9568 3768
9569 3776
9570 3761
9571 3759
9572 3739
9573 3767
9574 3779
9575 3756
9576 3754
9577 3769
9578 3769
9579 3781
9580 3767
9581 3753
9582 3754
9583 3750
9584 3752
9585 3763
9586 3769
9587 3758
9588 3750
9589 3777
9590 3756
9591 3744
9592 3744
9593 3762
9594 3742
9595 3783
9596 3785
9597 3756
9598 3768
9599 3762
9600 3760
9601 3781
9602 3779
9603 3757
9604 3759
9605 3776
9606 3747
9607 3760
9608 3769
9609 3775
9610 3765
9611 3745
9612 3764
9613 3785
9614 3764
9615 3775
9616 3739
9617 3770
9618 3761
9619 3751
9620 3755
9621 3760
9622 3765
9623 3747
9624 3784
9625 3750
9626 3806
9627 3736
9628 3760
9629 3755
9630 3825
9631 3775
9632 3777
9633 3759
9634 3764
9635 3838
9636 3745
9637 3747
9638 3768
9639 3760
9640 3765
9641 3750
9642 3752
9643 3768
9644 3776
9645 3774
9646 3759
9647 3761
9648 3768
9649 3769
9650 3795
9651 3753
9652 3767
9653 3771
9654 3799
9655 3762
9656 3778
9657 3752
9658 3769
9659 3777
9660 3753
9661 3785
9662 3828
9663 3765
9664 3773
9665 3770
9666 3760
9667 3788
9668 3781
9669 3759
9670 3757
9671 3772
9672 3770
9673 3752
9674 3762
9675 3787
9676 3754
9677 3763
9678 3755
9679 3759
9680 3801
9681 3751
9682 3769
9683 3762
9684 3785
9685 3761
9686 3776
9687 3745
9688 3742
9689 3737
9690 3740
9691 3742
9692 3744
9693 3754
9694 3766
9695 3756
9696 3760
9697 3757
9698 3752
9699 3752
9700 3770
9701 3740
9702 3763
9703 3748
9704 3784
9705 3776
9706 3767
9707 3755
9708 3766
9709 3800
9710 3768
9711 3785
9712 3764
9713 3772
9714 3800
9715 3759
9716 3820
9717 3764
9718 3761
9719 3756
9720 3759
9721 3756
9722 3759
9723 3771
9724 3766
9725 3770
9726 3770
9727 3760
9728 3814
9729 3789
9730 3773
9731 3760
9732 3760
9733 3771
9734 3767
9735 3765
9736 3760
9737 3758
9738 3760
9739 3770
9740 3765
9741 3775
9742 3771
9743 3775
9744 3777
9745 3817
9746 3759
9747 3772
9748 3758
9749 3765
9750 3775
9751 3765
9752 3826
9753 3766
9754 3754
9755 3750
9756 3750
9757 3766
9758 3769
9759 3764
9760 3761
9761 3768
9762 3768
9763 3754
9764 3763
9765 3773
9766 3755
9767 3779
9768 3793
9769 3775
9770 3765
9771 3762
9772 3760
9773 3767
9774 3767
9775 3758
9776 3758
9777 3754
9778 3772
9779 3778
9780 3756
9781 3760
9782 3764
9783 3761
9784 3769
9785 3763
9786 3759
9787 3742
9788 3770
9789 3745
9790 3773
9791 3769
9792 3769
9793 3778
9794 3771
9795 3768
9796 3764
9797 3768
9798 3803
9799 3758
9800 3758
9801 3761
9802 3769
9803 3771
9804 3756
9805 3771
9806 3765
9807 3769
9808 3770
9809 3769
9810 3766
9811 3788
9812 3764
9813 3772
9814 3775
9815 3766
9816 3761
9817 3793
9818 3766
9819 3761
9820 3774
9821 3762
9822 3768
9823 3759
9824 3764
9825 3778
9826 3820
9827 3814
9828 3760
9829 3774
9830 3761
9831 3750
9832 3765
9833 3773
9834 3766
9835 3760
9836 3757
9837 3763
9838 3760
9839 3821
9840 3834
9841 3818
9842 3779
9843 3784
9844 3760
9845 3762
9846 3767
9847 3775
9848 3763
9849 3784
9850 3809
9851 3759
9852 3768
9853 3760
9854 3767
9855 3766
9856 3770
9857 3777
9858 3765
9859 3772
9860 3768
9861 3774
9862 3768
9863 3780
9864 3762
9865 3756
9866 3807
9867 3753
9868 3772
9869 3767
9870 3764
9871 3769
9872 3772
9873 3774
9874 3762
9875 3765
9876 3765
9877 3776
9878 3768
9879 3778
9880 3833
9881 3767
9882 3761
9883 3764
9884 3829
9885 3777
9886 3764
9887 3821
9888 3769
9889 3762
9890 3765
9891 3766
9892 3774
9893 3753
9894 3754
9895 3758
9896 3757
9897 3830
9898 3767
9899 3784
9900 3770
9901 3777
9902 3771
9903 3773
9904 3771
9905 3781
9906 3768
9907 3770
9908 3833
9909 3772
9910 3776
9911 3787
9912 3772
9913 3760
9914 3773
9915 3759
9916 3761
9917 3755
9918 3756
9919 3779
9920 3804
9921 3770
9922 3801
9923 3789
9924 3775
9925 3765
9926 3758
9927 3763
9928 3762
9929 3792
9930 3759
9931 3772
9932 3759
9933 3800
9934 4011
9935 3873
9936 3841
9937 3861
9938 3771
9939 3788
9940 3774
9941 3789
9942 3770
9943 3762
9944 3828
9945 3755
9946 3758
9947 3761
9948 3759
9949 3782
9950 3776
9951 3757
9952 3764
9953 3760
9954 3796
9955 3764
9956 3759
9957 3818
9958 3776
9959 3772
9960 3749
9961 3788
9962 3754
9963 3747
9964 3765
9965 3791
9966 3760
9967 3752
9968 3751
9969 3754
9970 3766
9971 3758
9972 3759
9973 3777
9974 3748
9975 3768
9976 3751
9977 3742
9978 3799
9979 3777
9980 3749
9981 3747
9982 3745
9983 3791
9984 3743
9985 3759
9986 3791
9987 3760
9988 3757
9989 3778
9990 3759
9991 3762
9992 3755
9993 3762
9994 3753
9995 3765
9996 3759
9997 3754
9998 3747
9999 3755
# sum: 3769
# min: 3729
# max: 4224
# err cnt: 0
