0 4375
1 4281
2 4186
3 4312
4 4095
5 4214
6 4237
7 4338
8 4090
9 4186
10 4184
11 4376
12 4330
13 4251
14 4184
15 4352
16 4238
17 4359
18 4096
19 4257
20 4218
21 4154
22 4177
23 4321
24 4157
25 4478
26 4140
27 4264
28 4175
29 4256
30 4088
31 4102
32 4091
33 4357
34 4089
35 4366
36 4273
37 4361
38 4281
39 4337
40 4133
41 4364
42 4116
43 4321
44 4112
45 4358
46 4274
47 4322
48 4111
49 4314
50 4176
51 4371
52 4272
53 4267
54 4205
55 4310
56 4256
57 4331
58 4166
59 4526
60 4259
61 4269
62 4373
63 4114
64 4117
65 4448
66 4096
67 4100
68 4174
69 4324
70 4122
71 4308
72 4337
73 4243
74 4092
75 4244
76 4103
77 4364
78 4273
79 4411
80 4347
81 4370
82 4321
83 4466
84 4222
85 4303
86 4343
87 4315
88 4262
89 4369
90 4231
91 4327
92 4164
93 4162
94 4090
95 4359
96 4180
97 4364
98 4091
99 4101
100 4091
101 4322
102 4116
103 4324
104 4093
105 4319
106 4089
107 4300
108 4297
109 4402
110 4090
111 4276
112 4117
113 4321
114 4118
115 4099
116 4176
117 4257
118 4094
119 4109
120 4210
121 4356
122 4120
123 4092
124 4165
125 4096
126 4118
127 4254
128 4089
129 4256
130 4089
131 4426
132 4146
133 4260
134 4116
135 4324
136 4093
137 4413
138 4257
139 4425
140 4089
141 4251
142 4088
143 4306
144 4231
145 4428
146 4092
147 4099
148 4122
149 4102
150 4087
151 4323
152 4118
153 4258
154 4120
155 4259
156 4091
157 4363
158 4090
159 4322
160 4176
161 4105
162 4186
163 4318
164 4119
165 4482
166 4349
167 4490
168 4284
169 4319
170 4192
171 4100
172 4094
173 4107
174 4089
175 4250
176 4087
177 4317
178 4174
179 4107
180 4116
181 4322
182 4115
183 4358
184 4117
185 4261
186 4121
187 4318
188 4177
189 4258
190 4092
191 4317
192 4182
193 4158
194 4115
195 4097
196 4088
197 4262
198 4092
199 4306
200 4240
201 4481
202 4242
203 4257
204 4219
205 4139
206 4173
207 4435
208 4165
209 4485
210 4175
211 4263
212 4090
213 4252
214 4117
215 4370
216 4283
217 4297
218 4116
219 4326
220 4094
221 4371
222 4394
223 4388
224 4207
225 4314
226 4118
227 4253
228 4092
229 4415
230 4165
231 4190
232 4345
233 4106
234 4115
235 4087
236 4120
237 4091
238 4084
239 4440
240 4255
241 4412
242 4235
243 4260
244 4143
245 4350
246 4284
247 4458
248 4285
249 4262
250 4091
251 4252
252 4119
253 4306
254 4257
255 4259
256 4124
257 4320
258 4195
259 4356
260 4095
261 4318
262 4349
263 4313
264 4237
265 4259
266 4137
267 4358
268 4235
269 4352
270 4234
271 4323
272 4174
273 4431
274 4091
275 4419
276 4329
277 4371
278 4238
279 4259
280 4241
281 4104
282 4117
283 4105
284 4125
285 4317
286 4116
287 4490
288 4226
289 4243
290 4119
291 4320
292 4162
293 4330
294 4251
295 4400
296 4226
297 4359
298 4333
299 4472
300 4163
301 4250
302 4115
303 4304
304 4324
305 4334
306 4085
307 4253
308 4177
309 4103
310 4088
311 4278
312 4165
313 4400
314 4113
315 4242
316 4169
317 4315
318 4091
319 4102
320 4191
321 4321
322 4173
323 4351
324 4133
325 4107
326 4118
327 4260
328 4164
329 4260
330 4163
331 4157
332 4115
333 4323
334 4092
335 4101
336 4138
337 4110
338 4090
339 4252
340 4091
341 4100
342 4210
343 4312
344 4235
345 4355
346 4168
347 4160
348 4178
349 4112
350 4123
351 4253
352 4101
353 4297
354 4161
355 4101
356 4184
357 4314
358 4149
359 4164
360 4134
361 4171
362 4388
363 4147
364 4093
365 4297
366 4297
367 4180
368 4308
369 4350
370 4240
371 4329
372 4186
373 4109
374 4123
375 4377
376 4238
377 4351
378 4136
379 4101
380 4164
381 4484
382 4117
383 4355
384 4177
385 4098
386 4179
387 4370
388 4394
389 4524
390 4259
391 4106
392 4194
393 4265
394 4083
395 4242
396 4118
397 4304
398 4230
399 4311
400 4110
401 4351
402 4180
403 4317
404 4177
405 4255
406 4085
407 4253
408 4117
409 4098
410 4214
411 4316
412 4174
413 4372
414 4239
415 4253
416 4116
417 4102
418 4118
419 4258
420 4089
421 4253
422 4117
423 4424
424 4120
425 4114
426 4090
427 4330
428 4091
429 4105
430 4093
431 4102
432 4094
433 4326
434 4115
435 4319
436 4120
437 4106
438 4132
439 4329
440 4139
441 4261
442 4088
443 4243
444 4094
445 4248
446 4075
447 4246
448 4118
449 4321
450 4116
451 4103
452 4092
453 4102
454 4093
455 4100
456 4199
457 4193
458 4178
459 4314
460 4083
461 4221
462 4179
463 4485
464 4394
465 4270
466 4175
467 4098
468 4180
469 4327
470 4180
471 4316
472 4089
473 4225
474 4095
475 4320
476 4176
477 4184
478 4184
479 4322
480 4187
481 4329
482 4166
483 4324
484 4100
485 4321
486 4240
487 4365
488 4175
489 4481
490 4317
491 4187
492 4102
493 4255
494 4249
495 4239
496 4236
497 4153
498 4205
499 4432
500 4087
501 4181
502 4090
503 4341
504 4177
505 4387
506 4350
507 4324
508 4179
509 4393
510 4225
511 4172
512 4235
513 4183
514 4173
515 4387
516 4243
517 4414
518 4399
519 4352
520 4180
521 4327
522 4100
523 4321
524 4184
525 4324
526 4094
527 4199
528 4096
529 4323
530 4179
531 4409
532 4096
533 4384
534 4230
535 4322
536 4240
537 4369
538 4185
539 4322
540 4089
541 4313
542 4167
543 4313
544 4245
545 4164
546 4179
547 4326
548 4180
549 4193
550 4185
551 4234
552 4096
553 4392
554 4356
555 4230
556 4182
557 4194
558 4096
559 4194
560 4238
561 4135
562 4163
563 4464
564 4229
565 4470
566 4132
567 4393
568 4397
569 4372
570 4357
571 4305
572 4243
573 4148
574 4185
575 4229
576 4094
577 4192
578 4187
579 4327
580 4181
581 4322
582 4251
583 4406
584 4244
585 4477
586 4241
587 4414
588 4358
589 4436
590 4181
591 4197
592 4266
593 4373
594 4245
595 4411
596 4229
597 4091
598 4167
599 4193
600 4245
601 4247
602 4404
603 4306
604 4329
605 4329
606 4179
607 4329
608 4159
609 4454
610 4099
611 4366
612 4208
613 4327
614 4333
615 4322
616 4396
617 4424
618 4179
619 4237
620 4242
621 4485
622 4096
623 4328
624 4208
625 4427
626 4329
627 4176
628 4167
629 4188
630 4177
631 4216
632 4083
633 4316
634 4175
635 4311
636 4180
637 4098
638 4094
639 4192
640 4095
641 4324
642 4173
643 4177
644 4088
645 4220
646 4245
647 4239
648 4183
649 4322
650 4250
651 4161
652 4177
653 4471
654 4185
655 4180
656 4177
657 4321
658 4186
659 4319
660 4088
661 4384
662 4234
663 4409
664 4230
665 4410
666 4394
667 4465
668 4168
669 4261
670 4236
671 4225
672 4176
673 4092
674 4184
675 4307
676 4094
677 4302
678 4239
679 4456
680 4183
681 4112
682 4177
683 4189
684 4182
685 4478
686 4233
687 4192
688 4090
689 4311
690 4184
691 4312
692 4170
693 4182
694 4235
695 4443
696 4100
697 4324
698 4089
699 4381
700 4243
701 4178
702 4181
703 4181
704 4175
705 4388
706 4239
707 4104
708 4176
709 4318
710 4240
711 4168
712 4133
713 4324
714 4248
715 4369
716 4098
717 4190
718 4183
719 4326
720 4193
721 4328
722 4248
723 4434
724 4332
725 4318
726 4241
727 4165
728 4242
729 4299
730 4399
731 4170
732 4183
733 4326
734 4093
735 4323
736 4180
737 4324
738 4241
739 4217
740 4234
741 4322
742 4179
743 4326
744 4183
745 4200
746 4094
747 4393
748 4317
749 4255
750 4098
751 4328
752 4208
753 4326
754 4182
755 4227
756 4183
757 4322
758 4098
759 4328
760 4184
761 4192
762 4182
763 4331
764 4185
765 4434
766 4113
767 4200
768 4095
769 4321
770 4243
771 4460
772 4102
773 4325
774 4179
775 4330
776 4243
777 4426
778 4250
779 4408
780 4239
781 4235
782 4094
783 4332
784 4100
785 4327
786 4181
787 4322
788 4240
789 4303
790 4203
791 4324
792 4094
793 4194
794 4098
795 4089
796 4185
797 4314
798 4180
799 4329
800 4179
801 4321
802 4245
803 4327
804 4352
805 4192
806 4236
807 4411
808 4402
809 4278
810 4241
811 4165
812 4189
813 4437
814 4248
815 4366
816 4245
817 4311
818 4095
819 4494
820 4401
821 4365
822 4240
823 4425
824 4320
825 4491
826 4094
827 4203
828 4095
829 4111
830 4176
831 4441
832 4080
833 4321
834 4205
835 4396
836 4235
837 4440
838 4180
839 4442
840 4247
841 4244
842 4182
843 4410
844 4399
845 4305
846 4240
847 4302
848 4100
849 4403
850 4398
851 4154
852 4245
853 4272
854 4093
855 4329
856 4094
857 4324
858 4242
859 4357
860 4225
861 4192
862 4186
863 4105
864 4180
865 4325
866 4094
867 4398
868 4328
869 4338
870 4419
871 4194
872 4182
873 4219
874 4177
875 4395
876 4188
877 4182
878 4233
879 4235
880 4234
881 4325
882 4094
883 4328
884 4182
885 4193
886 4176
887 4324
888 4180
889 4321
890 4181
891 4231
892 4097
893 4106
894 4183
895 4195
896 4184
897 4331
898 4099
899 4479
900 4235
901 4193
902 4272
903 4381
904 4396
905 4311
906 4418
907 4440
908 4263
909 4126
910 4272
911 4366
912 4380
913 4545
914 4464
915 4375
916 4253
917 4223
918 4089
919 4217
920 4097
921 4332
922 4181
923 4395
924 4355
925 4203
926 4099
927 4326
928 4183
929 4488
930 4399
931 4527
932 4232
933 4263
934 4243
935 4108
936 4181
937 4197
938 4186
939 4415
940 4098
941 4327
942 4103
943 4199
944 4241
945 4368
946 4243
947 4461
948 4243
949 4456
950 4243
951 4260
952 4205
953 4231
954 4182
955 4401
956 4385
957 4326
958 4177
959 4317
960 4187
961 4322
962 4179
963 4185
964 4177
965 4312
966 4179
967 4469
968 4236
969 4386
970 4240
971 4202
972 4239
973 4351
974 4242
975 4219
976 4091
977 4325
978 4090
979 4214
980 4180
981 4313
982 4168
983 4319
984 4184
985 4191
986 4179
987 4102
988 4178
989 4090
990 4186
991 4325
992 4179
993 4403
994 4183
995 4317
996 4242
997 4415
998 4240
999 4382
1000 4235
1001 4319
1002 4174
1003 4318
1004 4198
1005 4181
1006 4085
1007 4188
1008 4095
1009 4336
1010 4102
1011 4212
1012 4285
1013 4320
1014 4181
1015 4330
1016 4096
1017 4330
1018 4243
1019 4348
1020 4242
1021 4303
1022 4357
1023 4399
1024 4432
1025 4248
1026 4183
1027 4327
1028 4187
1029 4406
1030 4333
1031 4404
1032 4332
1033 4229
1034 4241
1035 4531
1036 4239
1037 4199
1038 4180
1039 4196
1040 4096
1041 4196
1042 4098
1043 4338
1044 4179
1045 4104
1046 4115
1047 4327
1048 4181
1049 4336
1050 4094
1051 4232
1052 4186
1053 4325
1054 4180
1055 4393
1056 4403
1057 4376
1058 4180
1059 4334
1060 4092
1061 4193
1062 4235
1063 4121
1064 4198
1065 4324
1066 4093
1067 4244
1068 4113
1069 4322
1070 4114
1071 4323
1072 4127
1073 4254
1074 4139
1075 4141
1076 4092
1077 4327
1078 4114
1079 4253
1080 4124
1081 4333
1082 4096
1083 4331
1084 4094
1085 4107
1086 4115
1087 4373
1088 4326
1089 4102
1090 4090
1091 4261
1092 4091
1093 4109
1094 4116
1095 4349
1096 4092
1097 4252
1098 4113
1099 4108
1100 4115
1101 4112
1102 4094
1103 4327
1104 4126
1105 4337
1106 4115
1107 4090
1108 4076
1109 4321
1110 4086
1111 4120
1112 4091
1113 4371
1114 4308
1115 4397
1116 4128
1117 4109
1118 4174
1119 4257
1120 4178
1121 4324
1122 4174
1123 4322
1124 4121
1125 4107
1126 4175
1127 4105
1128 4090
1129 4325
1130 4175
1131 4335
1132 4084
1133 4240
1134 4099
1135 4088
1136 4106
1137 4332
1138 4115
1139 4256
1140 4175
1141 4327
1142 4089
1143 4252
1144 4175
1145 4255
1146 4147
1147 4336
1148 4184
1149 4353
1150 4165
1151 4458
1152 4308
1153 4188
1154 4272
1155 4325
1156 4115
1157 4328
1158 4162
1159 4195
1160 4278
1161 4148
1162 4268
1163 4328
1164 4135
1165 4265
1166 4162
1167 4490
1168 4092
1169 4115
1170 4117
1171 4253
1172 4091
1173 4100
1174 4089
1175 4326
1176 4180
1177 4395
1178 4190
1179 4406
1180 4235
1181 4288
1182 4118
1183 4256
1184 4119
1185 4444
1186 4193
1187 4411
1188 4232
1189 4108
1190 4118
1191 4482
1192 4271
1193 4251
1194 4176
1195 4328
1196 4114
1197 4327
1198 4118
1199 4326
1200 4113
1201 4430
1202 4088
1203 4261
1204 4207
1205 4488
1206 4231
1207 4337
1208 4194
1209 4096
1210 4079
1211 4252
1212 4222
1213 4418
1214 4268
1215 4102
1216 4091
1217 4375
1218 4329
1219 4253
1220 4174
1221 4254
1222 4208
1223 4113
1224 4191
1225 4109
1226 4235
1227 4191
1228 4288
1229 4322
1230 4241
1231 4367
1232 4179
1233 4445
1234 4217
1235 4192
1236 4231
1237 4320
1238 4110
1239 4264
1240 4101
1241 4254
1242 4179
1243 4326
1244 4116
1245 4115
1246 4087
1247 4102
1248 4254
1249 4378
1250 4269
1251 4324
1252 4117
1253 4314
1254 4329
1255 4484
1256 4090
1257 4411
1258 4277
1259 4351
1260 4177
1261 4366
1262 4166
1263 4531
1264 4350
1265 4489
1266 4344
1267 4430
1268 4161
1269 4406
1270 4090
1271 4250
1272 4162
1273 4473
1274 4091
1275 4101
1276 4116
1277 4348
1278 4089
1279 4533
1280 4266
1281 4256
1282 4117
1283 4382
1284 4164
1285 4157
1286 4087
1287 4420
1288 4273
1289 4329
1290 4116
1291 4252
1292 4175
1293 4147
1294 4241
1295 4146
1296 4090
1297 4327
1298 4119
1299 4322
1300 4089
1301 4104
1302 4099
1303 4331
1304 4090
1305 4103
1306 4181
1307 4103
1308 4172
1309 4291
1310 4135
1311 4113
1312 4239
1313 4330
1314 4174
1315 4099
1316 4115
1317 4329
1318 4087
1319 4327
1320 4116
1321 4356
1322 4114
1323 4254
1324 4175
1325 4256
1326 4095
1327 4104
1328 4116
1329 4324
1330 4218
1331 4330
1332 4091
1333 4426
1334 4135
1335 4106
1336 4160
1337 4162
1338 4207
1339 4325
1340 4162
1341 4330
1342 4242
1343 4199
1344 4326
1345 4111
1346 4089
1347 4253
1348 4166
1349 4339
1350 4116
1351 4305
1352 4240
1353 4259
1354 4114
1355 4260
1356 4114
1357 4253
1358 4093
1359 4350
1360 4117
1361 4333
1362 4180
1363 4457
1364 4236
1365 4350
1366 4092
1367 4253
1368 4092
1369 4444
1370 4088
1371 4334
1372 4175
1373 4312
1374 4284
1375 4142
1376 4109
1377 4397
1378 4277
1379 4153
1380 4162
1381 4268
1382 4119
1383 4151
1384 4256
1385 4352
1386 4115
1387 4101
1388 4173
1389 4108
1390 4090
1391 4312
1392 4265
1393 4308
1394 4240
1395 4321
1396 4115
1397 4322
1398 4115
1399 4106
1400 4115
1401 4320
1402 4166
1403 4195
1404 4384
1405 4326
1406 4116
1407 4100
1408 4114
1409 4103
1410 4116
1411 4321
1412 4239
1413 4324
1414 4089
1415 4248
1416 4231
1417 4098
1418 4191
1419 4102
1420 4113
1421 4255
1422 4197
1423 4259
1424 4251
1425 4405
1426 4351
1427 4320
1428 4262
1429 4311
1430 4330
1431 4189
1432 4232
1433 4386
1434 4331
1435 4420
1436 4164
1437 4146
1438 4181
1439 4424
1440 4117
1441 4113
1442 4180
1443 4196
1444 4273
1445 4270
1446 4101
1447 4330
1448 4094
1449 4171
1450 4324
1451 4283
1452 4139
1453 4348
1454 4125
1455 4354
1456 4208
1457 4283
1458 4246
1459 4337
1460 4186
1461 4413
1462 4237
1463 4287
1464 4354
1465 4198
1466 4173
1467 4312
1468 4096
1469 4180
1470 4087
1471 4388
1472 4243
1473 4328
1474 4178
1475 4327
1476 4172
1477 4313
1478 4241
1479 4357
1480 4165
1481 4326
1482 4233
1483 4221
1484 4179
1485 4181
1486 4097
1487 4218
1488 4177
1489 4317
1490 4166
1491 4325
1492 4181
1493 4319
1494 4088
1495 4218
1496 4179
1497 4441
1498 4165
1499 4325
1500 4101
1501 4328
1502 4242
1503 4527
1504 4353
1505 4198
1506 4181
1507 4318
1508 4178
1509 4230
1510 4174
1511 4266
1512 4256
1513 4270
1514 4098
1515 4195
1516 4253
1517 4396
1518 4234
1519 4447
1520 4400
1521 4137
1522 4170
1523 4219
1524 4097
1525 4308
1526 4090
1527 4288
1528 4351
1529 4322
1530 4184
1531 4326
1532 4237
1533 4300
1534 4166
1535 4405
1536 4094
1537 4197
1538 4092
1539 4332
1540 4181
1541 4232
1542 4088
1543 4101
1544 4175
1545 4225
1546 4178
1547 4323
1548 4184
1549 4414
1550 4097
1551 4325
1552 4094
1553 4231
1554 4182
1555 4336
1556 4185
1557 4203
1558 4094
1559 4195
1560 4100
1561 4333
1562 4176
1563 4363
1564 4108
1565 4245
1566 4183
1567 4423
1568 4091
1569 4324
1570 4135
1571 4191
1572 4265
1573 4145
1574 4305
1575 4522
1576 4261
1577 4451
1578 4177
1579 4105
1580 4232
1581 4149
1582 4238
1583 4445
1584 4316
1585 4447
1586 4367
1587 4419
1588 4284
1589 4434
1590 4155
1591 4322
1592 4234
1593 4265
1594 4094
1595 4375
1596 4274
1597 4322
1598 4114
1599 4309
1600 4239
1601 4323
1602 4183
1603 4419
1604 4327
1605 4244
1606 4089
1607 4372
1608 4275
1609 4254
1610 4241
1611 4452
1612 4137
1613 4402
1614 4135
1615 4438
1616 4117
1617 4244
1618 4176
1619 4091
1620 4103
1621 4316
1622 4092
1623 4418
1624 4317
1625 4300
1626 4134
1627 4112
1628 4194
1629 4101
1630 4163
1631 4144
1632 4084
1633 4435
1634 4095
1635 4257
1636 4283
1637 4109
1638 4111
1639 4318
1640 4259
1641 4260
1642 4091
1643 4488
1644 4274
1645 4255
1646 4175
1647 4307
1648 4254
1649 4256
1650 4094
1651 4267
1652 4174
1653 4105
1654 4119
1655 4151
1656 4261
1657 4411
1658 4283
1659 4323
1660 4237
1661 4456
1662 4286
1663 4268
1664 4236
1665 4296
1666 4180
1667 4261
1668 4115
1669 4110
1670 4244
1671 4331
1672 4168
1673 4325
1674 4304
1675 4407
1676 4134
1677 4106
1678 4092
1679 4265
1680 4094
1681 4334
1682 4271
1683 4451
1684 4139
1685 4337
1686 4086
1687 4263
1688 4093
1689 4338
1690 4119
1691 4114
1692 4119
1693 4138
1694 4122
1695 4104
1696 4116
1697 4321
1698 4175
1699 4323
1700 4134
1701 4102
1702 4119
1703 4324
1704 4218
1705 4476
1706 4138
1707 4429
1708 4122
1709 4327
1710 4176
1711 4328
1712 4260
1713 4353
1714 4196
1715 4248
1716 4161
1717 4357
1718 4391
1719 4407
1720 4093
1721 4325
1722 4162
1723 4169
1724 4175
1725 4264
1726 4119
1727 4328
1728 4133
1729 4286
1730 4176
1731 4242
1732 4172
1733 4247
1734 4174
1735 4259
1736 4092
1737 4368
1738 4362
1739 4326
1740 4112
1741 4106
1742 4177
1743 4322
1744 4118
1745 4106
1746 4118
1747 4101
1748 4091
1749 4108
1750 4218
1751 4294
1752 4164
1753 4526
1754 4331
1755 4314
1756 4308
1757 4469
1758 4141
1759 4324
1760 4217
1761 4251
1762 4182
1763 4277
1764 4092
1765 4379
1766 4239
1767 4310
1768 4329
1769 4392
1770 4180
1771 4318
1772 4270
1773 4322
1774 4117
1775 4258
1776 4233
1777 4326
1778 4279
1779 4447
1780 4176
1781 4256
1782 4092
1783 4110
1784 4090
1785 4256
1786 4116
1787 4252
1788 4117
1789 4372
1790 4134
1791 4324
1792 4122
1793 4257
1794 4115
1795 4281
1796 4116
1797 4381
1798 4334
1799 4329
1800 4117
1801 4106
1802 4135
1803 4484
1804 4233
1805 4318
1806 4239
1807 4445
1808 4141
1809 4258
1810 4088
1811 4471
1812 4213
1813 4257
1814 4137
1815 4161
1816 4116
1817 4240
1818 4176
1819 4240
1820 4179
1821 4361
1822 4394
1823 4306
1824 4199
1825 4322
1826 4116
1827 4252
1828 4118
1829 4260
1830 4278
1831 4382
1832 4183
1833 4392
1834 4108
1835 4093
1836 4117
1837 4101
1838 4118
1839 4100
1840 4168
1841 4366
1842 4088
1843 4257
1844 4181
1845 4300
1846 4176
1847 4309
1848 4258
1849 4105
1850 4175
1851 4262
1852 4088
1853 4263
1854 4135
1855 4101
1856 4089
1857 4107
1858 4117
1859 4328
1860 4092
1861 4108
1862 4123
1863 4324
1864 4118
1865 4327
1866 4176
1867 4326
1868 4091
1869 4362
1870 4115
1871 4305
1872 4274
1873 4106
1874 4118
1875 4324
1876 4162
1877 4490
1878 4092
1879 4109
1880 4167
1881 4355
1882 4119
1883 4092
1884 4163
1885 4356
1886 4093
1887 4369
1888 4283
1889 4367
1890 4257
1891 4258
1892 4091
1893 4260
1894 4181
1895 4402
1896 4191
1897 4117
1898 4166
1899 4354
1900 4163
1901 4096
1902 4179
1903 4413
1904 4350
1905 4373
1906 4266
1907 4371
1908 4395
1909 4371
1910 4117
1911 4330
1912 4090
1913 4266
1914 4238
1915 4477
1916 4246
1917 4281
1918 4291
1919 4431
1920 4430
1921 4311
1922 4402
1923 4343
1924 4336
1925 4503
1926 4330
1927 4265
1928 4166
1929 4453
1930 4364
1931 4243
1932 4241
1933 4129
1934 4209
1935 4426
1936 4258
1937 4322
1938 4175
1939 4244
1940 4108
1941 4247
1942 4174
1943 4100
1944 4119
1945 4108
1946 4116
1947 4252
1948 4118
1949 4325
1950 4216
1951 4292
1952 4091
1953 4256
1954 4175
1955 4306
1956 4317
1957 4316
1958 4173
1959 4312
1960 4108
1961 4320
1962 4101
1963 4312
1964 4103
1965 4418
1966 4171
1967 4311
1968 4110
1969 4310
1970 4083
1971 4234
1972 4171
1973 4367
1974 4398
1975 4132
1976 4169
1977 4331
1978 4098
1979 4088
1980 4180
1981 4309
1982 4097
1983 4428
1984 4179
1985 4226
1986 4084
1987 4315
1988 4085
1989 4224
1990 4159
1991 4230
1992 4172
1993 4160
1994 4184
1995 4327
1996 4103
1997 4238
1998 4161
1999 4302
2000 4317
2001 4245
2002 4176
2003 4309
2004 4104
2005 4103
2006 4172
2007 4088
2008 4103
2009 4312
2010 4228
2011 4142
2012 4224
2013 4517
2014 4246
2015 4088
2016 4101
2017 4320
2018 4099
2019 4314
2020 4102
2021 4309
2022 4096
2023 4237
2024 4095
2025 4095
2026 4222
2027 4377
2028 4098
2029 4231
2030 4172
2031 4426
2032 4169
2033 4472
2034 4250
2035 4466
2036 4245
2037 4470
2038 4255
2039 4324
2040 4167
2041 4162
2042 4166
2043 4386
2044 4226
2045 4234
2046 4087
2047 4227
2048 4084
2049 4317
2050 4197
2051 4329
2052 4187
2053 4320
2054 4168
2055 4094
2056 4102
2057 4312
2058 4105
2059 4392
2060 4223
2061 4089
2062 4172
2063 4343
2064 4185
2065 4227
2066 4146
2067 4278
2068 4171
2069 4158
2070 4221
2071 4191
2072 4385
2073 4416
2074 4169
2075 4094
2076 4088
2077 4390
2078 4233
2079 4316
2080 4100
2081 4238
2082 4088
2083 4235
2084 4093
2085 4427
2086 4089
2087 4098
2088 4151
2089 4141
2090 4102
2091 4369
2092 4299
2093 4250
2094 4252
2095 4480
2096 4252
2097 4327
2098 4085
2099 4088
2100 4103
2101 4317
2102 4155
2103 4146
2104 4172
2105 4318
2106 4170
2107 4093
2108 4100
2109 4311
2110 4172
2111 4509
2112 4246
2113 4090
2114 4105
2115 4313
2116 4105
2117 4319
2118 4100
2119 4322
2120 4091
2121 4328
2122 4179
2123 4239
2124 4105
2125 4101
2126 4159
2127 4154
2128 4092
2129 4247
2130 4104
2131 4103
2132 4174
2133 4107
2134 4111
2135 4320
2136 4106
2137 4390
2138 4231
2139 4317
2140 4101
2141 4245
2142 4110
2143 4487
2144 4259
2145 4244
2146 4176
2147 4380
2148 4256
2149 4384
2150 4336
2151 4118
2152 4103
2153 4106
2154 4090
2155 4103
2156 4164
2157 4281
2158 4092
2159 4240
2160 4101
2161 4302
2162 4232
2163 4397
2164 4395
2165 4376
2166 4094
2167 4239
2168 4175
2169 4248
2170 4106
2171 4104
2172 4173
2173 4304
2174 4393
2175 4356
2176 4332
2177 4237
2178 4091
2179 4320
2180 4091
2181 4247
2182 4176
2183 4101
2184 4090
2185 4102
2186 4176
2187 4328
2188 4089
2189 4100
2190 4090
2191 4315
2192 4318
2193 4284
2194 4103
2195 4107
2196 4178
2197 4098
2198 4104
2199 4302
2200 4306
2201 4278
2202 4098
2203 4291
2204 4314
2205 4294
2206 4252
2207 4321
2208 4103
2209 4325
2210 4103
2211 4111
2212 4103
2213 4240
2214 4175
2215 4486
2216 4254
2217 4423
2218 4187
2219 4404
2220 4251
2221 4381
2222 4251
2223 4306
2224 4266
2225 4098
2226 4104
2227 4401
2228 4261
2229 4095
2230 4097
2231 4240
2232 4177
2233 4105
2234 4090
2235 4114
2236 4097
2237 4244
2238 4101
2239 4388
2240 4390
2241 4129
2242 4105
2243 4232
2244 4078
2245 4100
2246 4108
2247 4103
2248 4090
2249 4107
2250 4241
2251 4380
2252 4092
2253 4106
2254 4103
2255 4241
2256 4104
2257 4304
2258 4357
2259 4100
2260 4113
2261 4240
2262 4178
2263 4244
2264 4163
2265 4142
2266 4105
2267 4321
2268 4161
2269 4261
2270 4114
2271 4305
2272 4317
2273 4527
2274 4255
2275 4235
2276 4101
2277 4113
2278 4103
2279 4337
2280 4106
2281 4240
2282 4106
2283 4319
2284 4178
2285 4325
2286 4159
2287 4149
2288 4098
2289 4308
2290 4093
2291 4091
2292 4078
2293 4481
2294 4230
2295 4258
2296 4172
2297 4107
2298 4103
2299 4327
2300 4176
2301 4303
2302 4233
2303 4419
2304 4091
2305 4248
2306 4174
2307 4271
2308 4095
2309 4251
2310 4086
2311 4314
2312 4107
2313 4313
2314 4168
2315 4240
2316 4092
2317 4311
2318 4313
2319 4170
2320 4085
2321 4313
2322 4154
2323 4093
2324 4090
2325 4238
2326 4092
2327 4099
2328 4093
2329 4380
2330 4241
2331 4110
2332 4096
2333 4240
2334 4088
2335 4240
2336 4091
2337 4242
2338 4092
2339 4241
2340 4177
2341 4243
2342 4092
2343 4104
2344 4176
2345 4102
2346 4089
2347 4323
2348 4170
2349 4307
2350 4178
2351 4090
2352 4080
2353 4316
2354 4091
2355 4100
2356 4167
2357 4399
2358 4092
2359 4331
2360 4092
2361 4329
2362 4102
2363 4101
2364 4175
2365 4397
2366 4353
2367 4307
2368 4263
2369 4107
2370 4090
2371 4107
2372 4106
2373 4318
2374 4092
2375 4435
2376 4101
2377 4244
2378 4175
2379 4330
2380 4087
2381 4089
2382 4243
2383 4089
2384 4095
2385 4309
2386 4089
2387 4302
2388 4331
2389 4478
2390 4328
2391 4306
2392 4231
2393 4323
2394 4229
2395 4162
2396 4177
2397 4244
2398 4103
2399 4244
2400 4177
2401 4098
2402 4101
2403 4108
2404 4102
2405 4245
2406 4109
2407 4110
2408 4089
2409 4136
2410 4088
2411 4087
2412 4108
2413 4276
2414 4324
2415 4235
2416 4089
2417 4327
2418 4098
2419 4100
2420 4104
2421 4104
2422 4090
2423 4247
2424 4184
2425 4253
2426 4174
2427 4248
2428 4177
2429 4319
2430 4175
2431 4388
2432 4254
2433 4327
2434 4171
2435 4394
2436 4104
2437 4109
2438 4087
2439 4318
2440 4353
2441 4239
2442 4102
2443 4322
2444 4107
2445 4238
2446 4103
2447 4102
2448 4227
2449 4280
2450 4178
2451 4323
2452 4227
2453 4447
2454 4253
2455 4102
2456 4204
2457 4336
2458 4089
2459 4096
2460 4223
2461 4131
2462 4179
2463 4229
2464 4232
2465 4315
2466 4173
2467 4324
2468 4294
2469 4523
2470 4353
2471 4145
2472 4085
2473 4292
2474 4309
2475 4135
2476 4165
2477 4313
2478 4093
2479 4318
2480 4083
2481 4307
2482 4112
2483 4209
2484 4083
2485 4235
2486 4173
2487 4310
2488 4112
2489 4324
2490 4099
2491 4295
2492 4244
2493 4102
2494 4181
2495 4320
2496 4197
2497 4088
2498 4092
2499 4311
2500 4080
2501 4236
2502 4090
2503 4142
2504 4250
2505 4369
2506 4307
2507 4396
2508 4223
2509 4311
2510 4077
2511 4098
2512 4169
2513 4302
2514 4234
2515 4311
2516 4098
2517 4367
2518 4348
2519 4320
2520 4234
2521 4153
2522 4083
2523 4473
2524 4348
2525 4144
2526 4078
2527 4094
2528 4116
2529 4234
2530 4104
2531 4232
2532 4174
2533 4314
2534 4145
2535 4374
2536 4081
2537 4227
2538 4092
2539 4233
2540 4097
2541 4229
2542 4089
2543 4092
2544 4088
2545 4088
2546 4094
2547 4230
2548 4101
2549 4104
2550 4104
2551 4318
2552 4185
2553 4324
2554 4091
2555 4101
2556 4230
2557 4351
2558 4099
2559 4312
2560 4169
2561 4231
2562 4172
2563 4236
2564 4223
2565 4133
2566 4091
2567 4386
2568 4236
2569 4291
2570 4306
2571 4384
2572 4100
2573 4329
2574 4155
2575 4516
2576 4228
2577 4228
2578 4094
2579 4292
2580 4239
2581 4312
2582 4088
2583 4326
2584 4171
2585 4366
2586 4395
2587 4428
2588 4238
2589 4094
2590 4088
2591 4401
2592 4250
2593 4343
2594 4175
2595 4305
2596 4174
2597 4308
2598 4085
2599 4130
2600 4106
2601 4386
2602 4258
2603 4093
2604 4115
2605 4391
2606 4346
2607 4465
2608 4251
2609 4086
2610 4167
2611 4236
2612 4228
2613 4130
2614 4090
2615 4237
2616 4232
2617 4262
2618 4100
2619 4240
2620 4086
2621 4306
2622 4099
2623 4237
2624 4189
2625 4228
2626 4159
2627 4313
2628 4090
2629 4487
2630 4251
2631 4105
2632 4159
2633 4278
2634 4202
2635 4436
2636 4099
2637 4255
2638 4097
2639 4307
2640 4088
2641 4309
2642 4174
2643 4315
2644 4103
2645 4103
2646 4088
2647 4308
2648 4100
2649 4311
2650 4162
2651 4233
2652 4173
2653 4229
2654 4111
2655 4148
2656 4345
2657 4312
2658 4234
2659 4407
2660 4170
2661 4314
2662 4085
2663 4229
2664 4076
2665 4309
2666 4228
2667 4230
2668 4149
2669 4249
2670 4231
2671 4324
2672 4180
2673 4226
2674 4108
2675 4231
2676 4168
2677 4228
2678 4158
2679 4364
2680 4175
2681 4104
2682 4089
2683 4321
2684 4100
2685 4386
2686 4398
2687 4354
2688 4099
2689 4236
2690 4086
2691 4318
2692 4244
2693 4315
2694 4098
2695 4233
2696 4175
2697 4240
2698 4116
2699 4322
2700 4098
2701 4233
2702 4093
2703 4093
2704 4079
2705 4390
2706 4238
2707 4326
2708 4101
2709 4103
2710 4160
2711 4323
2712 4249
2713 4090
2714 4088
2715 4094
2716 4160
2717 4310
2718 4230
2719 4340
2720 4391
2721 4271
2722 4234
2723 4364
2724 4098
2725 4095
2726 4173
2727 4306
2728 4232
2729 4377
2730 4093
2731 4325
2732 4087
2733 4142
2734 4096
2735 4096
2736 4100
2737 4232
2738 4089
2739 4102
2740 4105
2741 4087
2742 4084
2743 4228
2744 4232
2745 4244
2746 4232
2747 4088
2748 4103
2749 4319
2750 4085
2751 4318
2752 4098
2753 4089
2754 4086
2755 4395
2756 4243
2757 4091
2758 4085
2759 4306
2760 4102
2761 4307
2762 4160
2763 4140
2764 4175
2765 4104
2766 4172
2767 4143
2768 4180
2769 4405
2770 4292
2771 4368
2772 4232
2773 4308
2774 4164
2775 4238
2776 4090
2777 4470
2778 4333
2779 4094
2780 4086
2781 4310
2782 4227
2783 4306
2784 4098
2785 4106
2786 4095
2787 4310
2788 4094
2789 4297
2790 4235
2791 4096
2792 4101
2793 4308
2794 4107
2795 4314
2796 4200
2797 4089
2798 4164
2799 4090
2800 4108
2801 4302
2802 4242
2803 4420
2804 4165
2805 4508
2806 4250
2807 4318
2808 4088
2809 4089
2810 4110
2811 4227
2812 4097
2813 4310
2814 4098
2815 4385
2816 4242
2817 4295
2818 4235
2819 4093
2820 4103
2821 4328
2822 4172
2823 4088
2824 4179
2825 4373
2826 4223
2827 4431
2828 4167
2829 4421
2830 4238
2831 4308
2832 4164
2833 4098
2834 4175
2835 4237
2836 4098
2837 4230
2838 4167
2839 4316
2840 4162
2841 4218
2842 4319
2843 4147
2844 4162
2845 4140
2846 4170
2847 4171
2848 4142
2849 4133
2850 4087
2851 4309
2852 4180
2853 4239
2854 4089
2855 4107
2856 4100
2857 4306
2858 4168
2859 4093
2860 4092
2861 4322
2862 4175
2863 4111
2864 4187
2865 4322
2866 4175
2867 4389
2868 4254
2869 4092
2870 4167
2871 4228
2872 4235
2873 4151
2874 4081
2875 4315
2876 4105
2877 4105
2878 4230
2879 4423
2880 4244
2881 4107
2882 4097
2883 4310
2884 4179
2885 4318
2886 4175
2887 4104
2888 4171
2889 4234
2890 4094
2891 4094
2892 4162
2893 4375
2894 4253
2895 4483
2896 4257
2897 4103
2898 4092
2899 4308
2900 4089
2901 4232
2902 4083
2903 4373
2904 4390
2905 4131
2906 4091
2907 4436
2908 4094
2909 4101
2910 4182
2911 4322
2912 4118
2913 4318
2914 4231
2915 4246
2916 4172
2917 4452
2918 4266
2919 4319
2920 4102
2921 4243
2922 4108
2923 4123
2924 4086
2925 4102
2926 4175
2927 4236
2928 4092
2929 4108
2930 4236
2931 4359
2932 4401
2933 4197
2934 4272
2935 4237
2936 4084
2937 4342
2938 4103
2939 4245
2940 4106
2941 4247
2942 4177
2943 4107
2944 4180
2945 4094
2946 4146
2947 4182
2948 4196
2949 4355
2950 4369
2951 4360
2952 4096
2953 4244
2954 4103
2955 4320
2956 4238
2957 4444
2958 4252
2959 4407
2960 4175
2961 4317
2962 4111
2963 4097
2964 4086
2965 4230
2966 4178
2967 4317
2968 4157
2969 4373
2970 4172
2971 4307
2972 4351
2973 4386
2974 4319
2975 4248
2976 4094
2977 4330
2978 4098
2979 4313
2980 4106
2981 4094
2982 4114
2983 4313
2984 4354
2985 4242
2986 4101
2987 4488
2988 4238
2989 4230
2990 4092
2991 4312
2992 4169
2993 4087
2994 4087
2995 4323
2996 4102
2997 4226
2998 4089
2999 4091
3000 4172
3001 4480
3002 4228
3003 4090
3004 4113
3005 4319
3006 4077
3007 4390
3008 4230
3009 4316
3010 4106
3011 4306
3012 4162
3013 4130
3014 4364
3015 4268
3016 4427
3017 4324
3018 4320
3019 4142
3020 4330
3021 4141
3022 4093
3023 4166
3024 4110
3025 4321
3026 4093
3027 4102
3028 4096
3029 4228
3030 4173
3031 4313
3032 4103
3033 4417
3034 4080
3035 4299
3036 4229
3037 4366
3038 4303
3039 4276
3040 4092
3041 4313
3042 4088
3043 4109
3044 4087
3045 4089
3046 4167
3047 4317
3048 4155
3049 4300
3050 4154
3051 4272
3052 4156
3053 4141
3054 4099
3055 4095
3056 4170
3057 4088
3058 4091
3059 4322
3060 4103
3061 4387
3062 4241
3063 4065
3064 4312
3065 4255
3066 4398
3067 4442
3068 4176
3069 4400
3070 4205
3071 4229
3072 4099
3073 4097
3074 4185
3075 4312
3076 4089
3077 4478
3078 4332
3079 4326
3080 4176
3081 4315
3082 4102
3083 4187
3084 4175
3085 4220
3086 4179
3087 4313
3088 4185
3089 4408
3090 4178
3091 4480
3092 4228
3093 4323
3094 4184
3095 4186
3096 4174
3097 4433
3098 4239
3099 4222
3100 4245
3101 4156
3102 4088
3103 4385
3104 4401
3105 4237
3106 4097
3107 4325
3108 4102
3109 4333
3110 4239
3111 4259
3112 4184
3113 4303
3114 4085
3115 4474
3116 4326
3117 4313
3118 4175
3119 4315
3120 4098
3121 4199
3122 4179
3123 4185
3124 4097
3125 4312
3126 4182
3127 4331
3128 4181
3129 4227
3130 4100
3131 4182
3132 4181
3133 4218
3134 4173
3135 4409
3136 4180
3137 4314
3138 4251
3139 4523
3140 4386
3141 4518
3142 4395
3143 4527
3144 4323
3145 4185
3146 4095
3147 4217
3148 4174
3149 4187
3150 4174
3151 4180
3152 4231
3153 4297
3154 4179
3155 4319
3156 4181
3157 4388
3158 4234
3159 4217
3160 4090
3161 4316
3162 4181
3163 4178
3164 4091
3165 4094
3166 4091
3167 4311
3168 4244
3169 4468
3170 4096
3171 4312
3172 4174
3173 4313
3174 4176
3175 4090
3176 4181
3177 4180
3178 4231
3179 4469
3180 4248
3181 4485
3182 4176
3183 4313
3184 4184
3185 4402
3186 4176
3187 4095
3188 4091
3189 4318
3190 4184
3191 4227
3192 4085
3193 4313
3194 4182
3195 4186
3196 4176
3197 4093
3198 4178
3199 4183
3200 4331
3201 4315
3202 4084
3203 4320
3204 4096
3205 4326
3206 4198
3207 4330
3208 4177
3209 4316
3210 4187
3211 4315
3212 4178
3213 4322
3214 4176
3215 4313
3216 4180
3217 4383
3218 4297
3219 4432
3220 4330
3221 4192
3222 4180
3223 4331
3224 4179
3225 4425
3226 4187
3227 4325
3228 4093
3229 4215
3230 4083
3231 4190
3232 4091
3233 4318
3234 4177
3235 4425
3236 4239
3237 4220
3238 4174
3239 4330
3240 4178
3241 4212
3242 4173
3243 4246
3244 4323
3245 4319
3246 4180
3247 4095
3248 4231
3249 4364
3250 4185
3251 4325
3252 4097
3253 4198
3254 4173
3255 4111
3256 4181
3257 4227
3258 4179
3259 4334
3260 4180
3261 4325
3262 4183
3263 4325
3264 4177
3265 4311
3266 4096
3267 4187
3268 4243
3269 4294
3270 4329
3271 4488
3272 4400
3273 4532
3274 4358
3275 4308
3276 4091
3277 4468
3278 4406
3279 4259
3280 4088
3281 4313
3282 4189
3283 4486
3284 4244
3285 4423
3286 4175
3287 4389
3288 4242
3289 4115
3290 4176
3291 4423
3292 4102
3293 4101
3294 4096
3295 4187
3296 4181
3297 4319
3298 4176
3299 4223
3300 4181
3301 4329
3302 4092
3303 4093
3304 4179
3305 4307
3306 4086
3307 4187
3308 4095
3309 4313
3310 4082
3311 4306
3312 4357
3313 4332
3314 4181
3315 4317
3316 4174
3317 4225
3318 4244
3319 4150
3320 4209
3321 4315
3322 4175
3323 4399
3324 4183
3325 4337
3326 4179
3327 4486
3328 4247
3329 4331
3330 4090
3331 4311
3332 4196
3333 4319
3334 4087
3335 4222
3336 4180
3337 4314
3338 4100
3339 4182
3340 4252
3341 4443
3342 4179
3343 4333
3344 4097
3345 4205
3346 4178
3347 4424
3348 4248
3349 4134
3350 4173
3351 4318
3352 4177
3353 4312
3354 4245
3355 4364
3356 4238
3357 4288
3358 4236
3359 4328
3360 4180
3361 4470
3362 4241
3363 4484
3364 4352
3365 4410
3366 4093
3367 4215
3368 4246
3369 4526
3370 4238
3371 4181
3372 4091
3373 4323
3374 4182
3375 4489
3376 4327
3377 4491
3378 4392
3379 4424
3380 4233
3381 4226
3382 4177
3383 4316
3384 4186
3385 4186
3386 4092
3387 4188
3388 4239
3389 4232
3390 4238
3391 4357
3392 4238
3393 4306
3394 4331
3395 4319
3396 4175
3397 4185
3398 4179
3399 4312
3400 4102
3401 4224
3402 4240
3403 4238
3404 4113
3405 4331
3406 4179
3407 4201
3408 4090
3409 4311
3410 4177
3411 4318
3412 4239
3413 4261
3414 4182
3415 4316
3416 4091
3417 4219
3418 4100
3419 4200
3420 4176
3421 4314
3422 4180
3423 4315
3424 4180
3425 4207
3426 4100
3427 4228
3428 4181
3429 4403
3430 4352
3431 4324
3432 4246
3433 4249
3434 4250
3435 4533
3436 4237
3437 4228
3438 4187
3439 4321
3440 4184
3441 4099
3442 4182
3443 4409
3444 4223
3445 4105
3446 4184
3447 4193
3448 4205
3449 4514
3450 4449
3451 4256
3452 4240
3453 4280
3454 4253
3455 4255
3456 4207
3457 4360
3458 4224
3459 4351
3460 4174
3461 4178
3462 4098
3463 4323
3464 4317
3465 4206
3466 4179
3467 4378
3468 4332
3469 4316
3470 4171
3471 4186
3472 4095
3473 4231
3474 4180
3475 4298
3476 4095
3477 4317
3478 4178
3479 4408
3480 4102
3481 4324
3482 4183
3483 4204
3484 4202
3485 4400
3486 4311
3487 4312
3488 4252
3489 4316
3490 4178
3491 4488
3492 4329
3493 4439
3494 4247
3495 4365
3496 4183
3497 4336
3498 4193
3499 4327
3500 4180
3501 4198
3502 4094
3503 4183
3504 4186
3505 4314
3506 4175
3507 4224
3508 4100
3509 4328
3510 4177
3511 4312
3512 4245
3513 4430
3514 4238
3515 4408
3516 4245
3517 4167
3518 4251
3519 4234
3520 4261
3521 4142
3522 4248
3523 4232
3524 4101
3525 4326
3526 4089
3527 4116
3528 4097
3529 4403
3530 4359
3531 4412
3532 4189
3533 4326
3534 4243
3535 4195
3536 4177
3537 4383
3538 4390
3539 4340
3540 4204
3541 4317
3542 4185
3543 4322
3544 4239
3545 4445
3546 4394
3547 4223
3548 4097
3549 4297
3550 4184
3551 4236
3552 4179
3553 4332
3554 4094
3555 4322
3556 4184
3557 4325
3558 4182
3559 4195
3560 4181
3561 4131
3562 4176
3563 4442
3564 4350
3565 4318
3566 4420
3567 4421
3568 4174
3569 4384
3570 4338
3571 4180
3572 4098
3573 4325
3574 4184
3575 4326
3576 4179
3577 4172
3578 4093
3579 4320
3580 4180
3581 4321
3582 4164
3583 4527
3584 4351
3585 4330
3586 4185
3587 4191
3588 4096
3589 4323
3590 4180
3591 4481
3592 4352
3593 4498
3594 4329
3595 4326
3596 4239
3597 4141
3598 4244
3599 4232
3600 4179
3601 4325
3602 4093
3603 4331
3604 4243
3605 4239
3606 4089
3607 4325
3608 4180
3609 4202
3610 4184
3611 4230
3612 4095
3613 4332
3614 4182
3615 4329
3616 4096
3617 4393
3618 4312
3619 4530
3620 4333
3621 4445
3622 4242
3623 4235
3624 4120
3625 4452
3626 4097
3627 4397
3628 4355
3629 4485
3630 4233
3631 4110
3632 4180
3633 4328
3634 4330
3635 4397
3636 4234
3637 4449
3638 4187
3639 4476
3640 4399
3641 4443
3642 4392
3643 4390
3644 4183
3645 4391
3646 4229
3647 4488
3648 4397
3649 4402
3650 4181
3651 4229
3652 4233
3653 4366
3654 4244
3655 4164
3656 4183
3657 4307
3658 4094
3659 4324
3660 4183
3661 4324
3662 4180
3663 4395
3664 4357
3665 4397
3666 4245
3667 4399
3668 4400
3669 4456
3670 4185
3671 4325
3672 4179
3673 4189
3674 4182
3675 4116
3676 4178
3677 4325
3678 4184
3679 4240
3680 4186
3681 4232
3682 4191
3683 4198
3684 4098
3685 4230
3686 4180
3687 4367
3688 4177
3689 4312
3690 4099
3691 4096
3692 4175
3693 4327
3694 4242
3695 4437
3696 4397
3697 4534
3698 4241
3699 4199
3700 4180
3701 4327
3702 4161
3703 4276
3704 4184
3705 4327
3706 4092
3707 4191
3708 4190
3709 4193
3710 4241
3711 4539
3712 4234
3713 4401
3714 4340
3715 4415
3716 4205
3717 4329
3718 4186
3719 4202
3720 4093
3721 4102
3722 4179
3723 4313
3724 4166
3725 4439
3726 4182
3727 4235
3728 4091
3729 4216
3730 4180
3731 4323
3732 4177
3733 4324
3734 4190
3735 4327
3736 4093
3737 4319
3738 4185
3739 4100
3740 4168
3741 4322
3742 4181
3743 4326
3744 4104
3745 4194
3746 4180
3747 4336
3748 4245
3749 4430
3750 4118
3751 4332
3752 4181
3753 4332
3754 4180
3755 4331
3756 4191
3757 4397
3758 4329
3759 4328
3760 4182
3761 4200
3762 4183
3763 4330
3764 4183
3765 4398
3766 4325
3767 4484
3768 4396
3769 4318
3770 4353
3771 4335
3772 4188
3773 4208
3774 4180
3775 4190
3776 4095
3777 4323
3778 4097
3779 4419
3780 4097
3781 4334
3782 4178
3783 4202
3784 4185
3785 4402
3786 4237
3787 4484
3788 4352
3789 4480
3790 4237
3791 4114
3792 4093
3793 4199
3794 4191
3795 4327
3796 4094
3797 4331
3798 4185
3799 4483
3800 4353
3801 4193
3802 4175
3803 4314
3804 4231
3805 4528
3806 4398
3807 4305
3808 4184
3809 4236
3810 4178
3811 4395
3812 4326
3813 4330
3814 4179
3815 4323
3816 4097
3817 4117
3818 4178
3819 4405
3820 4410
3821 4362
3822 4105
3823 4334
3824 4141
3825 4313
3826 4096
3827 4200
3828 4183
3829 4326
3830 4174
3831 4401
3832 4168
3833 4404
3834 4413
3835 4363
3836 4235
3837 4513
3838 4395
3839 4426
3840 4243
3841 4230
3842 4185
3843 4232
3844 4180
3845 4335
3846 4090
3847 4317
3848 4168
3849 4098
3850 4179
3851 4314
3852 4183
3853 4471
3854 4335
3855 4306
3856 4090
3857 4314
3858 4091
3859 4474
3860 4399
3861 4365
3862 4176
3863 4318
3864 4083
3865 4317
3866 4089
3867 4381
3868 4316
3869 4315
3870 4181
3871 4112
3872 4182
3873 4323
3874 4208
3875 4443
3876 4180
3877 4404
3878 4358
3879 4307
3880 4353
3881 4409
3882 4179
3883 4322
3884 4188
3885 4418
3886 4186
3887 4419
3888 4175
3889 4384
3890 4251
3891 4179
3892 4082
3893 4093
3894 4178
3895 4191
3896 4175
3897 4313
3898 4097
3899 4322
3900 4098
3901 4234
3902 4177
3903 4316
3904 4097
3905 4106
3906 4172
3907 4310
3908 4174
3909 4194
3910 4202
3911 4412
3912 4106
3913 4257
3914 4392
3915 4385
3916 4244
3917 4153
3918 4241
3919 4260
3920 4189
3921 4323
3922 4179
3923 4226
3924 4174
3925 4178
3926 4093
3927 4189
3928 4176
3929 4317
3930 4173
3931 4312
3932 4184
3933 4183
3934 4236
3935 4132
3936 4181
3937 4199
3938 4241
3939 4278
3940 4094
3941 4187
3942 4157
3943 4522
3944 4404
3945 4130
3946 4168
3947 4311
3948 4323
3949 4335
3950 4475
3951 4272
3952 4428
3953 4099
3954 4154
3955 4454
3956 4403
3957 4377
3958 4487
3959 4375
3960 4154
3961 4312
3962 4300
3963 4217
3964 4238
3965 4224
3966 4083
3967 4248
3968 4229
3969 4182
3970 4244
3971 4231
3972 4244
3973 4437
3974 4403
3975 4269
3976 4232
3977 4197
3978 4096
3979 4397
3980 4325
3981 4473
3982 4229
3983 4405
3984 4351
3985 4398
3986 4326
3987 4189
3988 4174
3989 4189
3990 4176
3991 4217
3992 4230
3993 4354
3994 4092
3995 4315
3996 4181
3997 4220
3998 4181
3999 4316
4000 4178
4001 4321
4002 4192
4003 4402
4004 4212
4005 4299
4006 4088
4007 4247
4008 4401
4009 4278
4010 4243
4011 4269
4012 4183
4013 4394
4014 4331
4015 4492
4016 4346
4017 4309
4018 4099
4019 4095
4020 4170
4021 4188
4022 4093
4023 4326
4024 4179
4025 4194
4026 4177
4027 4207
4028 4090
4029 4330
4030 4092
4031 4384
4032 4229
4033 4195
4034 4178
4035 4398
4036 4167
4037 4475
4038 4245
4039 4109
4040 4235
4041 4303
4042 4231
4043 4519
4044 4392
4045 4434
4046 4385
4047 4296
4048 4352
4049 4321
4050 4172
4051 4386
4052 4327
4053 4315
4054 4173
4055 4194
4056 4090
4057 4408
4058 4327
4059 4324
4060 4095
4061 4325
4062 4247
4063 4287
4064 4386
4065 4523
4066 4388
4067 4422
4068 4181
4069 4324
4070 4089
4071 4104
4072 4096
4073 4330
4074 4094
4075 4314
4076 4175
4077 4258
4078 4392
4079 4397
4080 4393
4081 4153
4082 4093
4083 4310
4084 4172
4085 4323
4086 4178
4087 4314
4088 4184
4089 4321
4090 4187
4091 4325
4092 4107
4093 4331
4094 4180
4095 4195
4096 4095
4097 4320
4098 4189
4099 4325
4100 4243
4101 4402
4102 4239
4103 4222
4104 4244
4105 4526
4106 4390
4107 4159
4108 4093
4109 4327
4110 4179
4111 4323
4112 4175
4113 4316
4114 4182
4115 4217
4116 4166
4117 4182
4118 4180
4119 4335
4120 4235
4121 4390
4122 4182
4123 4313
4124 4174
4125 4320
4126 4096
4127 4525
4128 4358
4129 4409
4130 4179
4131 4324
4132 4181
4133 4489
4134 4355
4135 4399
4136 4237
4137 4390
4138 4351
4139 4315
4140 4098
4141 4184
4142 4087
4143 4317
4144 4179
4145 4183
4146 4095
4147 4230
4148 4086
4149 4319
4150 4181
4151 4322
4152 4180
4153 4197
4154 4101
4155 4325
4156 4184
4157 4202
4158 4156
4159 4523
4160 4328
4161 4096
4162 4088
4163 4310
4164 4175
4165 4320
4166 4183
4167 4481
4168 4384
4169 4235
4170 4098
4171 4314
4172 4096
4173 4312
4174 4166
4175 4395
4176 4346
4177 4383
4178 4343
4179 4403
4180 4241
4181 4521
4182 4228
4183 4248
4184 4331
4185 4425
4186 4172
4187 4425
4188 4240
4189 4528
4190 4242
4191 4190
4192 4179
4193 4326
4194 4174
4195 4317
4196 4243
4197 4226
4198 4087
4199 4190
4200 4088
4201 4181
4202 4178
4203 4477
4204 4255
4205 4427
4206 4096
4207 4324
4208 4174
4209 4313
4210 4097
4211 4188
4212 4097
4213 4246
4214 4392
4215 4430
4216 4392
4217 4425
4218 4355
4219 4319
4220 4164
4221 4154
4222 4179
4223 4325
4224 4124
4225 4192
4226 4089
4227 4180
4228 4091
4229 4320
4230 4174
4231 4311
4232 4099
4233 4404
4234 4238
4235 4469
4236 4098
4237 4331
4238 4183
4239 4328
4240 4099
4241 4322
4242 4175
4243 4317
4244 4172
4245 4327
4246 4174
4247 4380
4248 4330
4249 4197
4250 4179
4251 4326
4252 4174
4253 4221
4254 4183
4255 4328
4256 4178
4257 4185
4258 4167
4259 4099
4260 4183
4261 4333
4262 4178
4263 4226
4264 4182
4265 4394
4266 4238
4267 4094
4268 4188
4269 4480
4270 4242
4271 4318
4272 4243
4273 4440
4274 4324
4275 4179
4276 4181
4277 4319
4278 4089
4279 4188
4280 4174
4281 4392
4282 4405
4283 4439
4284 4229
4285 4236
4286 4180
4287 4326
4288 4099
4289 4199
4290 4184
4291 4332
4292 4185
4293 4324
4294 4180
4295 4196
4296 4173
4297 4313
4298 4178
4299 4226
4300 4173
4301 4222
4302 4176
4303 4321
4304 4094
4305 4223
4306 4165
4307 4392
4308 4354
4309 4333
4310 4180
4311 4323
4312 4182
4313 4195
4314 4245
4315 4272
4316 4237
4317 4413
4318 4176
4319 4321
4320 4094
4321 4328
4322 4174
4323 4242
4324 4321
4325 4384
4326 4364
4327 4410
4328 4244
4329 4300
4330 4357
4331 4111
4332 4247
4333 4229
4334 4235
4335 4244
4336 4241
4337 4132
4338 4175
4339 4108
4340 4247
4341 4428
4342 4226
4343 4178
4344 4172
4345 4317
4346 4175
4347 4315
4348 4236
4349 4416
4350 4197
4351 4313
4352 4096
4353 4311
4354 4175
4355 4316
4356 4184
4357 4323
4358 4175
4359 4469
4360 4098
4361 4314
4362 4176
4363 4317
4364 4181
4365 4314
4366 4176
4367 4319
4368 4088
4369 4321
4370 4091
4371 4221
4372 4178
4373 4319
4374 4094
4375 4197
4376 4237
4377 4264
4378 4236
4379 4312
4380 4350
4381 4342
4382 4088
4383 4302
4384 4087
4385 4190
4386 4241
4387 4400
4388 4178
4389 4386
4390 4240
4391 4312
4392 4103
4393 4110
4394 4176
4395 4379
4396 4227
4397 4395
4398 4234
4399 4417
4400 4243
4401 4236
4402 4093
4403 4229
4404 4173
4405 4389
4406 4329
4407 4369
4408 4237
4409 4324
4410 4236
4411 4474
4412 4164
4413 4224
4414 4090
4415 4480
4416 4328
4417 4408
4418 4178
4419 4094
4420 4185
4421 4183
4422 4183
4423 4188
4424 4180
4425 4191
4426 4202
4427 4332
4428 4176
4429 4387
4430 4393
4431 4362
4432 4235
4433 4523
4434 4324
4435 4187
4436 4237
4437 4353
4438 4174
4439 4320
4440 4178
4441 4432
4442 4174
4443 4322
4444 4194
4445 4320
4446 4241
4447 4455
4448 4102
4449 4190
4450 4239
4451 4224
4452 4168
4453 4317
4454 4180
4455 4325
4456 4244
4457 4480
4458 4179
4459 4231
4460 4174
4461 4379
4462 4235
4463 4198
4464 4177
4465 4410
4466 4247
4467 4232
4468 4181
4469 4109
4470 4181
4471 4331
4472 4179
4473 4203
4474 4179
4475 4323
4476 4182
4477 4332
4478 4176
4479 4215
4480 4182
4481 4321
4482 4234
4483 4233
4484 4088
4485 4330
4486 4094
4487 4195
4488 4164
4489 4152
4490 4174
4491 4178
4492 4181
4493 4103
4494 4172
4495 4469
4496 4234
4497 4483
4498 4393
4499 4359
4500 4180
4501 4199
4502 4088
4503 4387
4504 4230
4505 4315
4506 4174
4507 4185
4508 4102
4509 4314
4510 4093
4511 4333
4512 4086
4513 4314
4514 4096
4515 4320
4516 4179
4517 4203
4518 4090
4519 4220
4520 4171
4521 4187
4522 4094
4523 4329
4524 4176
4525 4338
4526 4412
4527 4545
4528 4355
4529 4399
4530 4392
4531 4412
4532 4169
4533 4369
4534 4186
4535 4391
4536 4328
4537 4342
4538 4174
4539 4313
4540 4177
4541 4405
4542 4237
4543 4357
4544 4183
4545 4395
4546 4232
4547 4476
4548 4250
4549 4405
4550 4406
4551 4374
4552 4187
4553 4487
4554 4391
4555 4355
4556 4188
4557 4393
4558 4343
4559 4404
4560 4203
4561 4194
4562 4172
4563 4403
4564 4325
4565 4323
4566 4178
4567 4312
4568 4179
4569 4318
4570 4089
4571 4109
4572 4092
4573 4180
4574 4180
4575 4319
4576 4181
4577 4110
4578 4183
4579 4309
4580 4176
4581 4096
4582 4256
4583 4297
4584 4088
4585 4395
4586 4231
4587 4177
4588 4181
4589 4197
4590 4183
4591 4203
4592 4177
4593 4184
4594 4102
4595 4316
4596 4173
4597 4307
4598 4250
4599 4365
4600 4240
4601 4408
4602 4322
4603 4310
4604 4111
4605 4199
4606 4186
4607 4325
4608 4184
4609 4323
4610 4099
4611 4320
4612 4175
4613 4306
4614 4083
4615 4313
4616 4202
4617 4417
4618 4242
4619 4435
4620 4355
4621 4320
4622 4090
4623 4311
4624 4111
4625 4402
4626 4093
4627 4385
4628 4306
4629 4516
4630 4345
4631 4384
4632 4391
4633 4415
4634 4330
4635 4318
4636 4087
4637 4318
4638 4184
4639 4322
4640 4180
4641 4311
4642 4086
4643 4191
4644 4177
4645 4329
4646 4181
4647 4187
4648 4168
4649 4332
4650 4184
4651 4397
4652 4245
4653 4321
4654 4181
4655 4330
4656 4181
4657 4321
4658 4182
4659 4407
4660 4235
4661 4324
4662 4175
4663 4091
4664 4173
4665 4323
4666 4239
4667 4348
4668 4083
4669 4185
4670 4180
4671 4328
4672 4094
4673 4184
4674 4176
4675 4313
4676 4184
4677 4192
4678 4175
4679 4469
4680 4355
4681 4217
4682 4177
4683 4317
4684 4183
4685 4227
4686 4089
4687 4382
4688 4325
4689 4229
4690 4168
4691 4186
4692 4097
4693 4188
4694 4089
4695 4325
4696 4092
4697 4321
4698 4250
4699 4234
4700 4180
4701 4196
4702 4187
4703 4321
4704 4184
4705 4310
4706 4179
4707 4189
4708 4185
4709 4188
4710 4179
4711 4193
4712 4094
4713 4328
4714 4180
4715 4393
4716 4240
4717 4321
4718 4245
4719 4437
4720 4325
4721 4410
4722 4244
4723 4243
4724 4093
4725 4394
4726 4394
4727 4386
4728 4180
4729 4436
4730 4176
4731 4314
4732 4179
4733 4199
4734 4184
4735 4195
4736 4089
4737 4393
4738 4399
4739 4260
4740 4091
4741 4315
4742 4173
4743 4311
4744 4095
4745 4190
4746 4168
4747 4093
4748 4179
4749 4332
4750 4094
4751 4396
4752 4392
4753 4477
4754 4182
4755 4380
4756 4232
4757 4104
4758 4235
4759 4365
4760 4099
4761 4216
4762 4242
4763 4424
4764 4316
4765 4196
4766 4172
4767 4478
4768 4228
4769 4381
4770 4340
4771 4327
4772 4095
4773 4196
4774 4173
4775 4388
4776 4400
4777 4301
4778 4329
4779 4112
4780 4182
4781 4389
4782 4235
4783 4313
4784 4168
4785 4223
4786 4182
4787 4225
4788 4178
4789 4324
4790 4174
4791 4315
4792 4091
4793 4316
4794 4095
4795 4322
4796 4180
4797 4325
4798 4174
4799 4470
4800 4325
4801 4388
4802 4237
4803 4328
4804 4093
4805 4433
4806 4175
4807 4192
4808 4097
4809 4325
4810 4180
4811 4198
4812 4239
4813 4516
4814 4323
4815 4316
4816 4174
4817 4471
4818 4229
4819 4182
4820 4163
4821 4366
4822 4099
4823 4480
4824 4236
4825 4198
4826 4178
4827 4226
4828 4090
4829 4383
4830 4393
4831 4359
4832 4092
4833 4319
4834 4179
4835 4311
4836 4173
4837 4323
4838 4177
4839 4104
4840 4089
4841 4319
4842 4235
4843 4237
4844 4251
4845 4425
4846 4159
4847 4525
4848 4238
4849 4089
4850 4173
4851 4319
4852 4175
4853 4309
4854 4173
4855 4100
4856 4174
4857 4324
4858 4179
4859 4324
4860 4183
4861 4189
4862 4174
4863 4175
4864 4173
4865 4382
4866 4323
4867 4100
4868 4172
4869 4319
4870 4174
4871 4090
4872 4169
4873 4387
4874 4351
4875 4176
4876 4176
4877 4314
4878 4181
4879 4228
4880 4183
4881 4494
4882 4325
4883 4194
4884 4178
4885 4321
4886 4174
4887 4312
4888 4178
4889 4110
4890 4178
4891 4334
4892 4180
4893 4189
4894 4246
4895 4423
4896 4181
4897 4325
4898 4180
4899 4325
4900 4099
4901 4326
4902 4183
4903 4197
4904 4174
4905 4427
4906 4178
4907 4314
4908 4157
4909 4519
4910 4353
4911 4326
4912 4090
4913 4311
4914 4184
4915 4194
4916 4181
4917 4321
4918 4177
4919 4312
4920 4096
4921 4318
4922 4171
4923 4315
4924 4167
4925 4323
4926 4178
4927 4484
4928 4228
4929 4312
4930 4177
4931 4323
4932 4182
4933 4319
4934 4180
4935 4105
4936 4093
4937 4473
4938 4385
4939 4387
4940 4176
4941 4312
4942 4178
4943 4392
4944 4228
4945 4305
4946 4083
4947 4325
4948 4181
4949 4324
4950 4092
4951 4326
4952 4175
4953 4310
4954 4182
4955 4102
4956 4176
4957 4326
4958 4175
4959 4425
4960 4242
4961 4228
4962 4316
4963 4392
4964 4351
4965 4383
4966 4131
4967 4252
4968 4207
4969 4207
4970 4307
4971 4414
4972 4385
4973 4585
4974 4594
4975 4268
4976 4545
4977 4324
4978 4186
4979 4538
4980 4352
4981 4179
4982 4178
4983 4190
4984 4103
4985 4257
4986 4096
4987 4219
4988 4173
4989 4315
4990 4091
4991 4181
4992 4237
4993 4289
4994 4233
4995 4480
4996 4396
4997 4157
4998 4183
4999 4328
5000 4180
5001 4333
5002 4177
5003 4312
5004 4184
5005 4409
5006 4180
5007 4328
5008 4175
5009 4427
5010 4175
5011 4318
5012 4175
5013 4313
5014 4240
5015 4356
5016 4087
5017 4315
5018 4185
5019 4185
5020 4090
5021 4320
5022 4184
5023 4109
5024 4124
5025 4408
5026 4098
5027 4330
5028 4192
5029 4198
5030 4174
5031 4471
5032 4357
5033 4384
5034 4324
5035 4322
5036 4241
5037 4519
5038 4336
5039 4181
5040 4081
5041 4320
5042 4184
5043 4331
5044 4179
5045 4326
5046 4091
5047 4324
5048 4244
5049 4455
5050 4173
5051 4377
5052 4333
5053 4177
5054 4166
5055 4182
5056 4093
5057 4194
5058 4089
5059 4312
5060 4084
5061 4313
5062 4326
5063 4286
5064 4252
5065 4257
5066 4167
5067 4324
5068 4179
5069 4263
5070 4229
5071 4218
5072 4193
5073 4164
5074 4245
5075 4366
5076 4094
5077 4314
5078 4177
5079 4199
5080 4185
5081 4331
5082 4178
5083 4199
5084 4089
5085 4184
5086 4097
5087 4314
5088 4236
5089 4403
5090 4355
5091 4179
5092 4096
5093 4239
5094 4182
5095 4317
5096 4082
5097 4318
5098 4177
5099 4398
5100 4094
5101 4314
5102 4081
5103 4325
5104 4093
5105 4193
5106 4092
5107 4189
5108 4178
5109 4327
5110 4239
5111 4444
5112 4355
5113 4316
5114 4088
5115 4315
5116 4099
5117 4231
5118 4174
5119 4182
5120 4176
5121 4096
5122 4154
5123 4335
5124 4174
5125 4320
5126 4093
5127 4316
5128 4169
5129 4325
5130 4099
5131 4336
5132 4187
5133 4413
5134 4179
5135 4113
5136 4171
5137 4469
5138 4236
5139 4386
5140 4349
5141 4188
5142 4182
5143 4385
5144 4246
5145 4217
5146 4175
5147 4387
5148 4399
5149 4404
5150 4246
5151 4324
5152 4249
5153 4331
5154 4183
5155 4197
5156 4087
5157 4315
5158 4179
5159 4327
5160 4250
5161 4271
5162 4172
5163 4317
5164 4245
5165 4224
5166 4236
5167 4388
5168 4234
5169 4313
5170 4213
5171 4228
5172 4171
5173 4317
5174 4186
5175 4193
5176 4239
5177 4245
5178 4229
5179 4363
5180 4171
5181 4397
5182 4175
5183 4310
5184 4353
5185 4324
5186 4248
5187 4305
5188 4239
5189 4326
5190 4184
5191 4325
5192 4097
5193 4230
5194 4176
5195 4319
5196 4172
5197 4099
5198 4091
5199 4185
5200 4093
5201 4188
5202 4179
5203 4321
5204 4182
5205 4393
5206 4232
5207 4391
5208 4231
5209 4214
5210 4088
5211 4316
5212 4174
5213 4182
5214 4087
5215 4316
5216 4181
5217 4328
5218 4178
5219 4328
5220 4179
5221 4113
5222 4173
5223 4181
5224 4168
5225 4407
5226 4097
5227 4387
5228 4390
5229 4139
5230 4240
5231 4368
5232 4090
5233 4194
5234 4173
5235 4312
5236 4086
5237 4388
5238 4393
5239 4432
5240 4324
5241 4326
5242 4088
5243 4324
5244 4103
5245 4323
5246 4179
5247 4327
5248 4176
5249 4320
5250 4187
5251 4391
5252 4395
5253 4517
5254 4237
5255 4392
5256 4243
5257 4191
5258 4174
5259 4322
5260 4176
5261 4327
5262 4170
5263 4316
5264 4090
5265 4099
5266 4184
5267 4332
5268 4245
5269 4249
5270 4181
5271 4203
5272 4174
5273 4313
5274 4092
5275 4187
5276 4242
5277 4256
5278 4094
5279 4323
5280 4237
5281 4515
5282 4389
5283 4334
5284 4243
5285 4173
5286 4098
5287 4317
5288 4169
5289 4478
5290 4392
5291 4340
5292 4188
5293 4322
5294 4176
5295 4306
5296 4328
5297 4317
5298 4101
5299 4189
5300 4177
5301 4314
5302 4093
5303 4382
5304 4396
5305 4230
5306 4185
5307 4488
5308 4240
5309 4178
5310 4176
5311 4316
5312 4177
5313 4323
5314 4176
5315 4318
5316 4192
5317 4314
5318 4170
5319 4194
5320 4176
5321 4094
5322 4099
5323 4313
5324 4173
5325 4314
5326 4188
5327 4330
5328 4097
5329 4381
5330 4332
5331 4326
5332 4175
5333 4398
5334 4183
5335 4186
5336 4174
5337 4314
5338 4241
5339 4342
5340 4185
5341 4316
5342 4179
5343 4097
5344 4247
5345 4434
5346 4396
5347 4248
5348 4178
5349 4204
5350 4181
5351 4327
5352 4176
5353 4315
5354 4093
5355 4313
5356 4180
5357 4182
5358 4186
5359 4382
5360 4331
5361 4314
5362 4178
5363 4314
5364 4096
5365 4235
5366 4183
5367 4307
5368 4173
5369 4316
5370 4180
5371 4191
5372 4091
5373 4312
5374 4179
5375 4254
5376 4346
5377 4095
5378 4186
5379 4331
5380 4186
5381 4306
5382 4180
5383 4188
5384 4234
5385 4438
5386 4164
5387 4371
5388 4170
5389 4406
5390 4243
5391 4394
5392 4230
5393 4316
5394 4176
5395 4185
5396 4093
5397 4232
5398 4181
5399 4100
5400 4175
5401 4180
5402 4087
5403 4218
5404 4115
5405 4219
5406 4095
5407 4329
5408 4175
5409 4311
5410 4177
5411 4220
5412 4175
5413 4312
5414 4087
5415 4221
5416 4244
5417 4300
5418 4234
5419 4105
5420 4175
5421 4314
5422 4098
5423 4227
5424 4197
5425 4320
5426 4092
5427 4318
5428 4173
5429 4192
5430 4217
5431 4320
5432 4097
5433 4329
5434 4093
5435 4312
5436 4088
5437 4296
5438 4258
5439 4236
5440 4161
5441 4427
5442 4248
5443 4107
5444 4176
5445 4346
5446 4230
5447 4112
5448 4149
5449 4484
5450 4182
5451 4414
5452 4121
5453 4102
5454 4105
5455 4242
5456 4092
5457 4104
5458 4183
5459 4318
5460 4107
5461 4388
5462 4258
5463 4325
5464 4102
5465 4239
5466 4230
5467 4439
5468 4368
5469 4400
5470 4296
5471 4259
5472 4093
5473 4106
5474 4168
5475 4318
5476 4102
5477 4204
5478 4093
5479 4241
5480 4163
5481 4295
5482 4097
5483 4100
5484 4177
5485 4311
5486 4106
5487 4283
5488 4102
5489 4228
5490 4105
5491 4350
5492 4081
5493 4438
5494 4182
5495 4105
5496 4174
5497 4102
5498 4203
5499 4089
5500 4098
5501 4095
5502 4103
5503 4245
5504 4092
5505 4240
5506 4093
5507 4401
5508 4168
5509 4138
5510 4105
5511 4318
5512 4099
5513 4329
5514 4120
5515 4216
5516 4191
5517 4316
5518 4170
5519 4290
5520 4102
5521 4409
5522 4164
5523 4103
5524 4093
5525 4253
5526 4176
5527 4089
5528 4089
5529 4240
5530 4099
5531 4091
5532 4168
5533 4228
5534 4085
5535 4235
5536 4220
5537 4303
5538 4086
5539 4291
5540 4222
5541 4419
5542 4107
5543 4407
5544 4108
5545 4095
5546 4240
5547 4150
5548 4105
5549 4101
5550 4089
5551 4307
5552 4394
5553 4421
5554 4122
5555 4400
5556 4289
5557 4149
5558 4081
5559 4433
5560 4095
5561 4324
5562 4171
5563 4127
5564 4165
5565 4431
5566 4222
5567 4099
5568 4104
5569 4226
5570 4222
5571 4140
5572 4103
5573 4331
5574 4102
5575 4106
5576 4179
5577 4103
5578 4163
5579 4423
5580 4093
5581 4115
5582 4102
5583 4099
5584 4085
5585 4088
5586 4116
5587 4300
5588 4256
5589 4109
5590 4170
5591 4377
5592 4167
5593 4195
5594 4083
5595 4322
5596 4169
5597 4344
5598 4233
5599 4237
5600 4253
5601 4493
5602 4349
5603 4412
5604 4091
5605 4102
5606 4084
5607 4325
5608 4250
5609 4146
5610 4172
5611 4402
5612 4108
5613 4092
5614 4173
5615 4364
5616 4113
5617 4106
5618 4209
5619 4104
5620 4177
5621 4248
5622 4180
5623 4104
5624 4189
5625 4117
5626 4092
5627 4385
5628 4242
5629 4323
5630 4175
5631 4327
5632 4092
5633 4321
5634 4097
5635 4428
5636 4093
5637 4240
5638 4177
5639 4100
5640 4109
5641 4249
5642 4089
5643 4320
5644 4104
5645 4236
5646 4091
5647 4098
5648 4100
5649 4407
5650 4326
5651 4237
5652 4093
5653 4305
5654 4081
5655 4234
5656 4112
5657 4103
5658 4183
5659 4110
5660 4104
5661 4245
5662 4103
5663 4243
5664 4182
5665 4327
5666 4103
5667 4240
5668 4174
5669 4318
5670 4117
5671 4338
5672 4168
5673 4534
5674 4257
5675 4243
5676 4093
5677 4479
5678 4316
5679 4349
5680 4261
5681 4246
5682 4240
5683 4447
5684 4242
5685 4305
5686 4351
5687 4377
5688 4322
5689 4156
5690 4258
5691 4104
5692 4091
5693 4476
5694 4327
5695 4102
5696 4124
5697 4307
5698 4176
5699 4312
5700 4092
5701 4233
5702 4172
5703 4465
5704 4107
5705 4244
5706 4091
5707 4320
5708 4260
5709 4100
5710 4173
5711 4321
5712 4099
5713 4301
5714 4252
5715 4394
5716 4243
5717 4317
5718 4145
5719 4429
5720 4260
5721 4250
5722 4092
5723 4327
5724 4112
5725 4323
5726 4197
5727 4344
5728 4226
5729 4309
5730 4347
5731 4106
5732 4170
5733 4138
5734 4398
5735 4208
5736 4352
5737 4103
5738 4090
5739 4327
5740 4253
5741 4110
5742 4089
5743 4246
5744 4101
5745 4108
5746 4158
5747 4160
5748 4091
5749 4243
5750 4160
5751 4371
5752 4095
5753 4234
5754 4077
5755 4160
5756 4245
5757 4248
5758 4090
5759 4108
5760 4102
5761 4326
5762 4103
5763 4244
5764 4090
5765 4407
5766 4290
5767 4301
5768 4091
5769 4318
5770 4077
5771 4234
5772 4105
5773 4208
5774 4339
5775 4407
5776 4257
5777 4315
5778 4321
5779 4157
5780 4187
5781 4336
5782 4113
5783 4107
5784 4106
5785 4247
5786 4090
5787 4240
5788 4106
5789 4250
5790 4178
5791 4338
5792 4115
5793 4321
5794 4316
5795 4146
5796 4120
5797 4389
5798 4150
5799 4487
5800 4232
5801 4308
5802 4332
5803 4230
5804 4077
5805 4235
5806 4106
5807 4244
5808 4093
5809 4111
5810 4116
5811 4320
5812 4172
5813 4100
5814 4102
5815 4249
5816 4105
5817 4325
5818 4232
5819 4109
5820 4105
5821 4108
5822 4096
5823 4247
5824 4127
5825 4094
5826 4102
5827 4244
5828 4103
5829 4240
5830 4103
5831 4241
5832 4090
5833 4112
5834 4124
5835 4238
5836 4106
5837 4387
5838 4321
5839 4431
5840 4104
5841 4228
5842 4077
5843 4240
5844 4149
5845 4443
5846 4352
5847 4246
5848 4104
5849 4481
5850 4232
5851 4106
5852 4091
5853 4104
5854 4097
5855 4229
5856 4086
5857 4236
5858 4104
5859 4481
5860 4305
5861 4257
5862 4163
5863 4260
5864 4123
5865 4245
5866 4102
5867 4478
5868 4311
5869 4362
5870 4117
5871 4244
5872 4096
5873 4387
5874 4351
5875 4099
5876 4109
5877 4245
5878 4103
5879 4335
5880 4091
5881 4249
5882 4104
5883 4242
5884 4092
5885 4337
5886 4174
5887 4401
5888 4332
5889 4403
5890 4317
5891 4366
5892 4171
5893 4314
5894 4101
5895 4241
5896 4103
5897 4240
5898 4104
5899 4239
5900 4193
5901 4271
5902 4162
5903 4527
5904 4246
5905 4158
5906 4245
5907 4105
5908 4095
5909 4342
5910 4104
5911 4324
5912 4175
5913 4325
5914 4102
5915 4489
5916 4325
5917 4368
5918 4231
5919 4161
5920 4146
5921 4527
5922 4261
5923 4244
5924 4184
5925 4436
5926 4164
5927 4436
5928 4333
5929 4346
5930 4104
5931 4325
5932 4109
5933 4101
5934 4165
5935 4478
5936 4171
5937 4465
5938 4089
5939 4099
5940 4166
5941 4143
5942 4091
5943 4241
5944 4171
5945 4461
5946 4112
5947 4102
5948 4166
5949 4143
5950 4107
5951 4241
5952 4173
5953 4302
5954 4328
5955 4312
5956 4091
5957 4394
5958 4383
5959 4166
5960 4183
5961 4245
5962 4086
5963 4101
5964 4175
5965 4135
5966 4100
5967 4229
5968 4096
5969 4314
5970 4229
5971 4516
5972 4296
5973 4251
5974 4104
5975 4104
5976 4249
5977 4303
5978 4257
5979 4437
5980 4513
5981 4320
5982 4410
5983 4342
5984 4161
5985 4489
5986 4431
5987 4249
5988 4253
5989 4386
5990 4305
5991 4324
5992 4180
5993 4151
5994 4103
5995 4383
5996 4169
5997 4379
5998 4153
5999 4103
6000 4100
6001 4101
6002 4166
6003 4199
6004 4119
6005 4427
6006 4100
6007 4110
6008 4092
6009 4304
6010 4235
6011 4335
6012 4246
6013 4239
6014 4170
6015 4099
6016 4109
6017 4248
6018 4093
6019 4124
6020 4091
6021 4252
6022 4106
6023 4244
6024 4133
6025 4113
6026 4122
6027 4447
6028 4259
6029 4247
6030 4108
6031 4245
6032 4161
6033 4284
6034 4108
6035 4238
6036 4105
6037 4329
6038 4233
6039 4323
6040 4108
6041 4307
6042 4235
6043 4116
6044 4161
6045 4410
6046 4175
6047 4327
6048 4228
6049 4423
6050 4187
6051 4251
6052 4180
6053 4380
6054 4244
6055 4166
6056 4256
6057 4336
6058 4205
6059 4325
6060 4093
6061 4253
6062 4221
6063 4229
6064 4083
6065 4102
6066 4095
6067 4386
6068 4224
6069 4108
6070 4239
6071 4451
6072 4316
6073 4327
6074 4311
6075 4359
6076 4256
6077 4244
6078 4177
6079 4427
6080 4251
6081 4105
6082 4099
6083 4114
6084 4331
6085 4425
6086 4327
6087 4328
6088 4182
6089 4246
6090 4114
6091 4238
6092 4090
6093 4107
6094 4103
6095 4245
6096 4085
6097 4095
6098 4105
6099 4316
6100 4106
6101 4341
6102 4152
6103 4334
6104 4090
6105 4138
6106 4109
6107 4228
6108 4106
6109 4399
6110 4256
6111 4345
6112 4105
6113 4094
6114 4177
6115 4316
6116 4099
6117 4238
6118 4232
6119 4450
6120 4101
6121 4333
6122 4098
6123 4232
6124 4209
6125 4318
6126 4106
6127 4307
6128 4252
6129 4239
6130 4107
6131 4233
6132 4228
6133 4348
6134 4248
6135 4247
6136 4095
6137 4116
6138 4094
6139 4397
6140 4250
6141 4165
6142 4359
6143 4101
6144 4105
6145 4336
6146 4106
6147 4306
6148 4327
6149 4108
6150 4104
6151 4098
6152 4106
6153 4328
6154 4178
6155 4244
6156 4104
6157 4249
6158 4095
6159 4238
6160 4091
6161 4332
6162 4111
6163 4317
6164 4102
6165 4246
6166 4094
6167 4324
6168 4105
6169 4323
6170 4162
6171 4367
6172 4093
6173 4260
6174 4179
6175 4241
6176 4174
6177 4334
6178 4116
6179 4325
6180 4187
6181 4330
6182 4097
6183 4246
6184 4106
6185 4113
6186 4228
6187 4523
6188 4331
6189 4330
6190 4204
6191 4332
6192 4116
6193 4315
6194 4104
6195 4332
6196 4179
6197 4243
6198 4119
6199 4327
6200 4164
6201 4485
6202 4104
6203 4246
6204 4095
6205 4252
6206 4091
6207 4101
6208 4222
6209 4312
6210 4351
6211 4240
6212 4170
6213 4166
6214 4107
6215 4325
6216 4093
6217 4319
6218 4104
6219 4413
6220 4350
6221 4331
6222 4113
6223 4098
6224 4134
6225 4429
6226 4114
6227 4399
6228 4225
6229 4236
6230 4103
6231 4241
6232 4104
6233 4105
6234 4105
6235 4328
6236 4103
6237 4108
6238 4164
6239 4375
6240 4182
6241 4247
6242 4111
6243 4110
6244 4101
6245 4245
6246 4179
6247 4242
6248 4103
6249 4401
6250 4306
6251 4284
6252 4094
6253 4377
6254 4243
6255 4323
6256 4180
6257 4105
6258 4112
6259 4401
6260 4327
6261 4334
6262 4095
6263 4101
6264 4103
6265 4098
6266 4160
6267 4523
6268 4232
6269 4240
6270 4203
6271 4402
6272 4247
6273 4405
6274 4103
6275 4237
6276 4163
6277 4144
6278 4105
6279 4105
6280 4105
6281 4239
6282 4103
6283 4319
6284 4187
6285 4246
6286 4163
6287 4278
6288 4307
6289 4379
6290 4177
6291 4325
6292 4102
6293 4239
6294 4098
6295 4409
6296 4172
6297 4310
6298 4157
6299 4362
6300 4239
6301 4419
6302 4340
6303 4096
6304 4167
6305 4318
6306 4094
6307 4322
6308 4101
6309 4242
6310 4120
6311 4090
6312 4084
6313 4231
6314 4156
6315 4333
6316 4252
6317 4406
6318 4100
6319 4390
6320 4250
6321 4318
6322 4112
6323 4099
6324 4166
6325 4244
6326 4092
6327 4310
6328 4234
6329 4323
6330 4154
6331 4352
6332 4168
6333 4400
6334 4105
6335 4319
6336 4104
6337 4249
6338 4109
6339 4245
6340 4238
6341 4321
6342 4105
6343 4096
6344 4163
6345 4197
6346 4322
6347 4099
6348 4236
6349 4161
6350 4104
6351 4304
6352 4319
6353 4374
6354 4091
6355 4326
6356 4103
6357 4324
6358 4098
6359 4332
6360 4114
6361 4313
6362 4244
6363 4383
6364 4344
6365 4102
6366 4181
6367 4448
6368 4177
6369 4322
6370 4106
6371 4448
6372 4093
6373 4331
6374 4161
6375 4461
6376 4175
6377 4486
6378 4100
6379 4332
6380 4253
6381 4244
6382 4180
6383 4238
6384 4103
6385 4310
6386 4243
6387 4250
6388 4108
6389 4105
6390 4109
6391 4108
6392 4107
6393 4249
6394 4167
6395 4427
6396 4102
6397 4107
6398 4179
6399 4110
6400 4175
6401 4329
6402 4169
6403 4142
6404 4317
6405 4254
6406 4231
6407 4326
6408 4254
6409 4329
6410 4092
6411 4395
6412 4233
6413 4363
6414 4104
6415 4247
6416 4175
6417 4337
6418 4105
6419 4247
6420 4170
6421 4524
6422 4357
6423 4101
6424 4237
6425 4154
6426 4094
6427 4241
6428 4117
6429 4241
6430 4176
6431 4100
6432 4106
6433 4240
6434 4176
6435 4239
6436 4174
6437 4241
6438 4094
6439 4329
6440 4162
6441 4319
6442 4090
6443 4326
6444 4103
6445 4243
6446 4177
6447 4238
6448 4104
6449 4102
6450 4102
6451 4241
6452 4118
6453 4381
6454 4334
6455 4104
6456 4105
6457 4103
6458 4106
6459 4246
6460 4107
6461 4325
6462 4107
6463 4248
6464 4105
6465 4327
6466 4165
6467 4365
6468 4092
6469 4328
6470 4174
6471 4250
6472 4094
6473 4326
6474 4092
6475 4159
6476 4251
6477 4322
6478 4160
6479 4449
6480 4317
6481 4407
6482 4105
6483 4241
6484 4170
6485 4465
6486 4096
6487 4242
6488 4182
6489 4394
6490 4225
6491 4229
6492 4183
6493 4092
6494 4086
6495 4237
6496 4089
6497 4243
6498 4176
6499 4319
6500 4106
6501 4423
6502 4098
6503 4104
6504 4104
6505 4239
6506 4110
6507 4401
6508 4257
6509 4322
6510 4108
6511 4243
6512 4157
6513 4324
6514 4147
6515 4353
6516 4175
6517 4316
6518 4357
6519 4104
6520 4103
6521 4128
6522 4321
6523 4280
6524 4197
6525 4149
6526 4130
6527 4285
6528 4105
6529 4115
6530 4184
6531 4335
6532 4090
6533 4296
6534 4263
6535 4398
6536 4231
6537 4300
6538 4333
6539 4407
6540 4239
6541 4332
6542 4094
6543 4112
6544 4104
6545 4333
6546 4091
6547 4326
6548 4241
6549 4430
6550 4236
6551 4246
6552 4103
6553 4327
6554 4175
6555 4246
6556 4105
6557 4105
6558 4105
6559 4331
6560 4113
6561 4252
6562 4360
6563 4079
6564 4100
6565 4324
6566 4172
6567 4340
6568 4093
6569 4110
6570 4089
6571 4362
6572 4333
6573 4310
6574 4172
6575 4372
6576 4392
6577 4153
6578 4175
6579 4414
6580 4330
6581 4529
6582 4258
6583 4111
6584 4165
6585 4325
6586 4133
6587 4262
6588 4092
6589 4252
6590 4114
6591 4321
6592 4138
6593 4355
6594 4143
6595 4355
6596 4379
6597 4468
6598 4129
6599 4108
6600 4089
6601 4100
6602 4136
6603 4425
6604 4240
6605 4457
6606 4258
6607 4401
6608 4131
6609 4329
6610 4118
6611 4105
6612 4191
6613 4481
6614 4400
6615 4153
6616 4116
6617 4395
6618 4272
6619 4242
6620 4175
6621 4371
6622 4111
6623 4092
6624 4154
6625 4255
6626 4091
6627 4241
6628 4189
6629 4311
6630 4081
6631 4179
6632 4112
6633 4158
6634 4208
6635 4104
6636 4170
6637 4088
6638 4135
6639 4431
6640 4173
6641 4318
6642 4191
6643 4324
6644 4116
6645 4324
6646 4271
6647 4107
6648 4090
6649 4112
6650 4091
6651 4314
6652 4102
6653 4251
6654 4092
6655 4257
6656 4115
6657 4255
6658 4114
6659 4376
6660 4273
6661 4102
6662 4089
6663 4257
6664 4169
6665 4388
6666 4182
6667 4098
6668 4091
6669 4104
6670 4176
6671 4248
6672 4178
6673 4380
6674 4308
6675 4142
6676 4115
6677 4103
6678 4130
6679 4237
6680 4093
6681 4097
6682 4109
6683 4310
6684 4337
6685 4320
6686 4092
6687 4102
6688 4187
6689 4292
6690 4332
6691 4164
6692 4119
6693 4248
6694 4090
6695 4382
6696 4331
6697 4151
6698 4085
6699 4243
6700 4119
6701 4319
6702 4085
6703 4241
6704 4161
6705 4410
6706 4117
6707 4314
6708 4155
6709 4145
6710 4176
6711 4165
6712 4088
6713 4335
6714 4090
6715 4099
6716 4176
6717 4111
6718 4117
6719 4107
6720 4112
6721 4447
6722 4183
6723 4460
6724 4328
6725 4301
6726 4113
6727 4252
6728 4179
6729 4467
6730 4170
6731 4346
6732 4092
6733 4099
6734 4084
6735 4361
6736 4254
6737 4322
6738 4223
6739 4459
6740 4078
6741 4322
6742 4178
6743 4103
6744 4140
6745 4249
6746 4100
6747 4105
6748 4226
6749 4143
6750 4095
6751 4109
6752 4107
6753 4310
6754 4185
6755 4296
6756 4387
6757 4382
6758 4184
6759 4264
6760 4119
6761 4107
6762 4092
6763 4104
6764 4092
6765 4252
6766 4117
6767 4110
6768 4115
6769 4101
6770 4093
6771 4103
6772 4094
6773 4108
6774 4090
6775 4334
6776 4115
6777 4258
6778 4113
6779 4262
6780 4093
6781 4333
6782 4116
6783 4249
6784 4352
6785 4102
6786 4114
6787 4249
6788 4183
6789 4246
6790 4092
6791 4330
6792 4175
6793 4358
6794 4089
6795 4249
6796 4179
6797 4106
6798 4114
6799 4101
6800 4093
6801 4263
6802 4176
6803 4111
6804 4091
6805 4096
6806 4176
6807 4141
6808 4118
6809 4249
6810 4118
6811 4309
6812 4323
6813 4315
6814 4234
6815 4445
6816 4093
6817 4109
6818 4199
6819 4251
6820 4092
6821 4255
6822 4130
6823 4250
6824 4126
6825 4494
6826 4234
6827 4267
6828 4117
6829 4107
6830 4211
6831 4424
6832 4088
6833 4383
6834 4330
6835 4107
6836 4161
6837 4317
6838 4324
6839 4103
6840 4117
6841 4104
6842 4192
6843 4324
6844 4231
6845 4109
6846 4118
6847 4320
6848 4130
6849 4353
6850 4131
6851 4106
6852 4112
6853 4254
6854 4114
6855 4260
6856 4117
6857 4104
6858 4114
6859 4447
6860 4230
6861 4250
6862 4269
6863 4106
6864 4211
6865 4347
6866 4178
6867 4447
6868 4261
6869 4324
6870 4176
6871 4410
6872 4286
6873 4531
6874 4232
6875 4261
6876 4116
6877 4257
6878 4180
6879 4423
6880 4138
6881 4149
6882 4271
6883 4324
6884 4092
6885 4325
6886 4117
6887 4100
6888 4177
6889 4258
6890 4116
6891 4150
6892 4235
6893 4110
6894 4122
6895 4319
6896 4114
6897 4315
6898 4225
6899 4309
6900 4105
6901 4318
6902 4115
6903 4110
6904 4177
6905 4108
6906 4179
6907 4324
6908 4122
6909 4333
6910 4116
6911 4482
6912 4252
6913 4328
6914 4115
6915 4327
6916 4177
6917 4255
6918 4133
6919 4328
6920 4174
6921 4478
6922 4175
6923 4241
6924 4174
6925 4415
6926 4342
6927 4438
6928 4096
6929 4250
6930 4115
6931 4444
6932 4115
6933 4102
6934 4114
6935 4254
6936 4093
6937 4325
6938 4094
6939 4322
6940 4125
6941 4344
6942 4278
6943 4259
6944 4118
6945 4256
6946 4091
6947 4252
6948 4181
6949 4259
6950 4175
6951 4104
6952 4177
6953 4424
6954 4090
6955 4372
6956 4402
6957 4524
6958 4328
6959 4147
6960 4116
6961 4312
6962 4354
6963 4408
6964 4232
6965 4328
6966 4114
6967 4104
6968 4092
6969 4257
6970 4117
6971 4317
6972 4252
6973 4252
6974 4122
6975 4100
6976 4116
6977 4322
6978 4119
6979 4098
6980 4178
6981 4255
6982 4088
6983 4256
6984 4177
6985 4102
6986 4114
6987 4323
6988 4091
6989 4309
6990 4273
6991 4267
6992 4552
6993 4401
6994 4296
6995 4462
6996 4166
6997 4474
6998 4216
6999 4342
7000 4174
7001 4559
7002 4206
7003 4538
7004 4196
7005 4324
7006 4161
7007 4110
7008 4111
7009 4111
7010 4117
7011 4114
7012 4085
7013 4257
7014 4088
7015 4097
7016 4115
7017 4373
7018 4330
7019 4525
7020 4240
7021 4259
7022 4179
7023 4146
7024 4131
7025 4411
7026 4233
7027 4426
7028 4219
7029 4397
7030 4115
7031 4402
7032 4225
7033 4477
7034 4238
7035 4398
7036 4316
7037 4452
7038 4333
7039 4328
7040 4209
7041 4316
7042 4233
7043 4315
7044 4116
7045 4327
7046 4114
7047 4259
7048 4164
7049 4465
7050 4356
7051 4313
7052 4181
7053 4240
7054 4138
7055 4088
7056 4131
7057 4422
7058 4118
7059 4254
7060 4092
7061 4339
7062 4085
7063 4134
7064 4177
7065 4106
7066 4182
7067 4101
7068 4114
7069 4251
7070 4220
7071 4427
7072 4178
7073 4202
7074 4257
7075 4320
7076 4092
7077 4104
7078 4178
7079 4262
7080 4095
7081 4356
7082 4160
7083 4276
7084 4091
7085 4309
7086 4235
7087 4480
7088 4291
7089 4295
7090 4182
7091 4361
7092 4090
7093 4318
7094 4099
7095 4463
7096 4179
7097 4198
7098 4238
7099 4313
7100 4116
7101 4245
7102 4104
7103 4104
7104 4118
7105 4360
7106 4234
7107 4312
7108 4171
7109 4102
7110 4171
7111 4257
7112 4109
7113 4108
7114 4093
7115 4099
7116 4091
7117 4255
7118 4196
7119 4160
7120 4233
7121 4251
7122 4172
7123 4100
7124 4175
7125 4317
7126 4306
7127 4174
7128 4094
7129 4124
7130 4086
7131 4088
7132 4353
7133 4145
7134 4234
7135 4401
7136 4268
7137 4097
7138 4092
7139 4415
7140 4087
7141 4317
7142 4194
7143 4159
7144 4273
7145 4273
7146 4179
7147 4415
7148 4324
7149 4312
7150 4332
7151 4167
7152 4179
7153 4252
7154 4092
7155 4257
7156 4114
7157 4257
7158 4178
7159 4249
7160 4119
7161 4314
7162 4287
7163 4162
7164 4134
7165 4358
7166 4221
7167 4293
7168 4217
7169 4422
7170 4115
7171 4103
7172 4090
7173 4106
7174 4183
7175 4107
7176 4090
7177 4253
7178 4090
7179 4100
7180 4178
7181 4492
7182 4311
7183 4390
7184 4117
7185 4258
7186 4089
7187 4107
7188 4186
7189 4257
7190 4122
7191 4371
7192 4267
7193 4109
7194 4221
7195 4356
7196 4325
7197 4324
7198 4179
7199 4394
7200 4088
7201 4312
7202 4305
7203 4366
7204 4178
7205 4460
7206 4260
7207 4254
7208 4178
7209 4331
7210 4170
7211 4141
7212 4160
7213 4143
7214 4179
7215 4104
7216 4161
7217 4326
7218 4178
7219 4327
7220 4176
7221 4449
7222 4139
7223 4322
7224 4125
7225 4254
7226 4121
7227 4332
7228 4244
7229 4153
7230 4177
7231 4108
7232 4196
7233 4315
7234 4093
7235 4253
7236 4176
7237 4415
7238 4178
7239 4319
7240 4093
7241 4111
7242 4179
7243 4318
7244 4262
7245 4430
7246 4091
7247 4104
7248 4181
7249 4387
7250 4136
7251 4441
7252 4226
7253 4092
7254 4119
7255 4107
7256 4173
7257 4253
7258 4264
7259 4108
7260 4116
7261 4325
7262 4114
7263 4326
7264 4116
7265 4099
7266 4117
7267 4103
7268 4176
7269 4323
7270 4095
7271 4107
7272 4115
7273 4104
7274 4118
7275 4253
7276 4092
7277 4256
7278 4244
7279 4393
7280 4184
7281 4102
7282 4119
7283 4320
7284 4236
7285 4358
7286 4131
7287 4330
7288 4115
7289 4253
7290 4095
7291 4260
7292 4100
7293 4106
7294 4089
7295 4108
7296 4184
7297 4245
7298 4113
7299 4104
7300 4115
7301 4099
7302 4115
7303 4323
7304 4115
7305 4258
7306 4091
7307 4326
7308 4101
7309 4109
7310 4221
7311 4326
7312 4228
7313 4480
7314 4288
7315 4165
7316 4117
7317 4335
7318 4088
7319 4329
7320 4116
7321 4255
7322 4110
7323 4343
7324 4180
7325 4092
7326 4080
7327 4254
7328 4178
7329 4329
7330 4112
7331 4323
7332 4118
7333 4330
7334 4242
7335 4536
7336 4326
7337 4263
7338 4090
7339 4111
7340 4090
7341 4257
7342 4115
7343 4112
7344 4092
7345 4323
7346 4093
7347 4258
7348 4121
7349 4331
7350 4090
7351 4332
7352 4115
7353 4252
7354 4170
7355 4199
7356 4327
7357 4457
7358 4287
7359 4455
7360 4278
7361 4108
7362 4094
7363 4114
7364 4094
7365 4260
7366 4184
7367 4264
7368 4114
7369 4257
7370 4210
7371 4330
7372 4178
7373 4259
7374 4095
7375 4250
7376 4113
7377 4329
7378 4093
7379 4328
7380 4184
7381 4328
7382 4172
7383 4325
7384 4117
7385 4260
7386 4177
7387 4415
7388 4270
7389 4491
7390 4397
7391 4372
7392 4115
7393 4257
7394 4123
7395 4259
7396 4114
7397 4258
7398 4095
7399 4324
7400 4175
7401 4320
7402 4088
7403 4110
7404 4243
7405 4395
7406 4091
7407 4327
7408 4112
7409 4238
7410 4122
7411 4092
7412 4169
7413 4316
7414 4121
7415 4108
7416 4115
7417 4256
7418 4115
7419 4097
7420 4113
7421 4111
7422 4095
7423 4336
7424 4110
7425 4256
7426 4113
7427 4250
7428 4117
7429 4325
7430 4163
7431 4355
7432 4244
7433 4327
7434 4177
7435 4100
7436 4117
7437 4126
7438 4116
7439 4327
7440 4189
7441 4352
7442 4135
7443 4351
7444 4142
7445 4453
7446 4236
7447 4314
7448 4285
7449 4376
7450 4117
7451 4248
7452 4096
7453 4104
7454 4113
7455 4259
7456 4116
7457 4111
7458 4390
7459 4391
7460 4229
7461 4357
7462 4216
7463 4409
7464 4328
7465 4440
7466 4315
7467 4325
7468 4091
7469 4258
7470 4277
7471 4358
7472 4120
7473 4329
7474 4118
7475 4322
7476 4113
7477 4155
7478 4277
7479 4254
7480 4129
7481 4329
7482 4178
7483 4254
7484 4115
7485 4105
7486 4091
7487 4332
7488 4092
7489 4323
7490 4176
7491 4112
7492 4114
7493 4378
7494 4258
7495 4328
7496 4093
7497 4269
7498 4113
7499 4316
7500 4176
7501 4364
7502 4256
7503 4472
7504 4268
7505 4355
7506 4163
7507 4476
7508 4139
7509 4312
7510 4233
7511 4259
7512 4174
7513 4424
7514 4234
7515 4415
7516 4274
7517 4350
7518 4091
7519 4260
7520 4118
7521 4260
7522 4112
7523 4415
7524 4329
7525 4122
7526 4093
7527 4124
7528 4116
7529 4255
7530 4109
7531 4405
7532 4287
7533 4269
7534 4112
7535 4423
7536 4398
7537 4498
7538 4175
7539 4198
7540 4363
7541 4335
7542 4173
7543 4106
7544 4094
7545 4129
7546 4107
7547 4348
7548 4339
7549 4264
7550 4103
7551 4277
7552 4179
7553 4325
7554 4185
7555 4106
7556 4094
7557 4381
7558 4273
7559 4107
7560 4094
7561 4330
7562 4088
7563 4270
7564 4304
7565 4316
7566 4091
7567 4416
7568 4100
7569 4098
7570 4090
7571 4091
7572 4092
7573 4326
7574 4104
7575 4334
7576 4176
7577 4106
7578 4163
7579 4153
7580 4230
7581 4243
7582 4112
7583 4319
7584 4093
7585 4390
7586 4321
7587 4282
7588 4386
7589 4406
7590 4093
7591 4243
7592 4177
7593 4417
7594 4112
7595 4483
7596 4233
7597 4329
7598 4098
7599 4236
7600 4106
7601 4090
7602 4095
7603 4230
7604 4151
7605 4170
7606 4154
7607 4419
7608 4087
7609 4090
7610 4091
7611 4310
7612 4080
7613 4095
7614 4089
7615 4386
7616 4230
7617 4244
7618 4104
7619 4309
7620 4315
7621 4255
7622 4168
7623 4420
7624 4215
7625 4331
7626 4177
7627 4249
7628 4178
7629 4334
7630 4257
7631 4104
7632 4096
7633 4313
7634 4161
7635 4521
7636 4300
7637 4357
7638 4230
7639 4478
7640 4308
7641 4159
7642 4100
7643 4096
7644 4091
7645 4090
7646 4168
7647 4093
7648 4173
7649 4412
7650 4243
7651 4387
7652 4247
7653 4095
7654 4170
7655 4311
7656 4101
7657 4136
7658 4092
7659 4329
7660 4103
7661 4244
7662 4232
7663 4253
7664 4102
7665 4321
7666 4090
7667 4103
7668 4102
7669 4108
7670 4163
7671 4143
7672 4102
7673 4104
7674 4101
7675 4473
7676 4298
7677 4274
7678 4169
7679 4234
7680 4105
7681 4099
7682 4105
7683 4438
7684 4119
7685 4101
7686 4106
7687 4101
7688 4174
7689 4327
7690 4174
7691 4301
7692 4248
7693 4304
7694 4270
7695 4483
7696 4352
7697 4247
7698 4104
7699 4337
7700 4310
7701 4144
7702 4085
7703 4318
7704 4239
7705 4311
7706 4098
7707 4394
7708 4262
7709 4251
7710 4177
7711 4107
7712 4083
7713 4312
7714 4192
7715 4108
7716 4180
7717 4386
7718 4261
7719 4246
7720 4102
7721 4400
7722 4239
7723 4090
7724 4092
7725 4302
7726 4351
7727 4104
7728 4175
7729 4323
7730 4173
7731 4326
7732 4105
7733 4246
7734 4173
7735 4110
7736 4117
7737 4442
7738 4241
7739 4209
7740 4359
7741 4238
7742 4123
7743 4334
7744 4209
7745 4235
7746 4110
7747 4313
7748 4096
7749 4101
7750 4092
7751 4101
7752 4090
7753 4108
7754 4105
7755 4304
7756 4321
7757 4203
7758 4255
7759 4437
7760 4161
7761 4408
7762 4166
7763 4308
7764 4096
7765 4099
7766 4098
7767 4107
7768 4172
7769 4354
7770 4398
7771 4421
7772 4089
7773 4483
7774 4313
7775 4111
7776 4106
7777 4103
7778 4181
7779 4385
7780 4088
7781 4251
7782 4102
7783 4249
7784 4277
7785 4328
7786 4185
7787 4248
7788 4169
7789 4312
7790 4104
7791 4108
7792 4096
7793 4244
7794 4173
7795 4323
7796 4107
7797 4108
7798 4103
7799 4406
7800 4255
7801 4110
7802 4106
7803 4415
7804 4124
7805 4099
7806 4110
7807 4338
7808 4088
7809 4088
7810 4102
7811 4319
7812 4081
7813 4095
7814 4103
7815 4106
7816 4104
7817 4481
7818 4261
7819 4426
7820 4165
7821 4146
7822 4108
7823 4323
7824 4128
7825 4319
7826 4162
7827 4255
7828 4170
7829 4147
7830 4104
7831 4305
7832 4231
7833 4337
7834 4091
7835 4240
7836 4094
7837 4245
7838 4242
7839 4468
7840 4228
7841 4365
7842 4173
7843 4180
7844 4091
7845 4324
7846 4134
7847 4306
7848 4245
7849 4337
7850 4088
7851 4100
7852 4098
7853 4099
7854 4107
7855 4397
7856 4255
7857 4312
7858 4387
7859 4274
7860 4121
7861 4330
7862 4169
7863 4244
7864 4108
7865 4246
7866 4103
7867 4101
7868 4100
7869 4112
7870 4094
7871 4320
7872 4107
7873 4241
7874 4107
7875 4308
7876 4256
7877 4105
7878 4179
7879 4245
7880 4103
7881 4330
7882 4091
7883 4326
7884 4102
7885 4396
7886 4355
7887 4343
7888 4106
7889 4249
7890 4106
7891 4413
7892 4305
7893 4320
7894 4114
7895 4301
7896 4320
7897 4376
7898 4106
7899 4245
7900 4092
7901 4116
7902 4162
7903 4443
7904 4253
7905 4481
7906 4233
7907 4338
7908 4175
7909 4101
7910 4091
7911 4247
7912 4105
7913 4391
7914 4316
7915 4328
7916 4106
7917 4333
7918 4161
7919 4377
7920 4091
7921 4102
7922 4104
7923 4102
7924 4101
7925 4248
7926 4101
7927 4320
7928 4106
7929 4250
7930 4178
7931 4319
7932 4174
7933 4527
7934 4318
7935 4374
7936 4177
7937 4103
7938 4091
7939 4243
7940 4212
7941 4249
7942 4179
7943 4244
7944 4105
7945 4332
7946 4119
7947 4108
7948 4090
7949 4520
7950 4395
7951 4322
7952 4164
7953 4211
7954 4241
7955 4239
7956 4090
7957 4239
7958 4103
7959 4307
7960 4256
7961 4333
7962 4093
7963 4323
7964 4117
7965 4301
7966 4240
7967 4311
7968 4233
7969 4382
7970 4250
7971 4245
7972 4238
7973 4441
7974 4304
7975 4482
7976 4091
7977 4330
7978 4095
7979 4320
7980 4174
7981 4247
7982 4162
7983 4483
7984 4166
7985 4522
7986 4246
7987 4244
7988 4102
7989 4387
7990 4316
7991 4380
7992 4091
7993 4238
7994 4103
7995 4241
7996 4094
7997 4247
7998 4089
7999 4480
8000 4311
8001 4316
8002 4349
8003 4330
8004 4369
8005 4460
8006 4274
8007 4460
8008 4133
8009 4271
8010 4418
8011 4347
8012 4150
8013 4441
8014 4567
8015 4295
8016 4340
8017 4461
8018 4238
8019 4316
8020 4110
8021 4315
8022 4156
8023 4194
8024 4365
8025 4114
8026 4104
8027 4410
8028 4253
8029 4104
8030 4174
8031 4241
8032 4095
8033 4093
8034 4140
8035 4133
8036 4091
8037 4102
8038 4175
8039 4100
8040 4174
8041 4320
8042 4089
8043 4383
8044 4241
8045 4103
8046 4104
8047 4328
8048 4088
8049 4231
8050 4088
8051 4382
8052 4105
8053 4481
8054 4252
8055 4323
8056 4095
8057 4323
8058 4099
8059 4151
8060 4298
8061 4188
8062 4389
8063 4367
8064 4412
8065 4450
8066 4170
8067 4406
8068 4104
8069 4252
8070 4166
8071 4101
8072 4097
8073 4303
8074 4261
8075 4253
8076 4170
8077 4143
8078 4230
8079 4348
8080 4232
8081 4245
8082 4091
8083 4417
8084 4175
8085 4102
8086 4177
8087 4110
8088 4090
8089 4328
8090 4114
8091 4240
8092 4175
8093 4103
8094 4082
8095 4307
8096 4092
8097 4310
8098 4161
8099 4234
8100 4089
8101 4100
8102 4108
8103 4102
8104 4234
8105 4242
8106 4096
8107 4263
8108 4241
8109 4231
8110 4223
8111 4318
8112 4094
8113 4238
8114 4090
8115 4098
8116 4103
8117 4303
8118 4240
8119 4331
8120 4092
8121 4242
8122 4228
8123 4342
8124 4255
8125 4238
8126 4094
8127 4107
8128 4102
8129 4241
8130 4161
8131 4153
8132 4176
8133 4104
8134 4177
8135 4100
8136 4090
8137 4323
8138 4099
8139 4232
8140 4237
8141 4094
8142 4169
8143 4092
8144 4104
8145 4488
8146 4296
8147 4423
8148 4170
8149 4387
8150 4234
8151 4312
8152 4098
8153 4113
8154 4096
8155 4317
8156 4160
8157 4417
8158 4095
8159 4228
8160 4162
8161 4397
8162 4110
8163 4326
8164 4118
8165 4425
8166 4092
8167 4323
8168 4104
8169 4190
8170 4343
8171 4235
8172 4102
8173 4313
8174 4093
8175 4475
8176 4254
8177 4323
8178 4090
8179 4104
8180 4103
8181 4321
8182 4090
8183 4378
8184 4240
8185 4105
8186 4104
8187 4338
8188 4162
8189 4156
8190 4093
8191 4238
8192 4090
8193 4245
8194 4106
8195 4242
8196 4105
8197 4103
8198 4173
8199 4237
8200 4176
8201 4242
8202 4177
8203 4102
8204 4112
8205 4105
8206 4092
8207 4483
8208 4335
8209 4326
8210 4177
8211 4303
8212 4245
8213 4388
8214 4244
8215 4239
8216 4104
8217 4245
8218 4106
8219 4103
8220 4105
8221 4109
8222 4093
8223 4243
8224 4124
8225 4098
8226 4103
8227 4331
8228 4197
8229 4308
8230 4178
8231 4090
8232 4092
8233 4310
8234 4120
8235 4402
8236 4241
8237 4103
8238 4173
8239 4100
8240 4173
8241 4246
8242 4103
8243 4336
8244 4237
8245 4420
8246 4205
8247 4099
8248 4105
8249 4242
8250 4172
8251 4319
8252 4106
8253 4229
8254 4167
8255 4101
8256 4194
8257 4231
8258 4115
8259 4294
8260 4219
8261 4232
8262 4087
8263 4238
8264 4097
8265 4236
8266 4104
8267 4103
8268 4093
8269 4105
8270 4092
8271 4317
8272 4148
8273 4484
8274 4230
8275 4325
8276 4103
8277 4109
8278 4102
8279 4105
8280 4111
8281 4301
8282 4260
8283 4242
8284 4091
8285 4320
8286 4106
8287 4109
8288 4181
8289 4099
8290 4091
8291 4240
8292 4104
8293 4099
8294 4096
8295 4091
8296 4093
8297 4238
8298 4102
8299 4242
8300 4103
8301 4102
8302 4174
8303 4323
8304 4119
8305 4245
8306 4144
8307 4426
8308 4247
8309 4247
8310 4101
8311 4321
8312 4101
8313 4312
8314 4091
8315 4099
8316 4176
8317 4338
8318 4103
8319 4241
8320 4085
8321 4292
8322 4229
8323 4308
8324 4082
8325 4391
8326 4328
8327 4427
8328 4280
8329 4480
8330 4101
8331 4325
8332 4177
8333 4380
8334 4318
8335 4323
8336 4145
8337 4399
8338 4241
8339 4465
8340 4091
8341 4324
8342 4119
8343 4330
8344 4107
8345 4323
8346 4086
8347 4310
8348 4105
8349 4235
8350 4079
8351 4320
8352 4090
8353 4099
8354 4116
8355 4488
8356 4243
8357 4318
8358 4193
8359 4248
8360 4103
8361 4242
8362 4103
8363 4247
8364 4110
8365 4404
8366 4294
8367 4463
8368 4232
8369 4482
8370 4160
8371 4456
8372 4105
8373 4245
8374 4097
8375 4415
8376 4090
8377 4100
8378 4096
8379 4097
8380 4109
8381 4245
8382 4123
8383 4243
8384 4102
8385 4321
8386 4101
8387 4090
8388 4163
8389 4237
8390 4158
8391 4281
8392 4178
8393 4382
8394 4297
8395 4203
8396 4246
8397 4327
8398 4236
8399 4421
8400 4394
8401 4283
8402 4173
8403 4101
8404 4092
8405 4241
8406 4086
8407 4243
8408 4105
8409 4112
8410 4170
8411 4226
8412 4084
8413 4316
8414 4092
8415 4232
8416 4109
8417 4394
8418 4321
8419 4347
8420 4244
8421 4329
8422 4167
8423 4197
8424 4267
8425 4111
8426 4171
8427 4429
8428 4095
8429 4307
8430 4257
8431 4119
8432 4111
8433 4253
8434 4106
8435 4246
8436 4090
8437 4323
8438 4104
8439 4239
8440 4091
8441 4241
8442 4184
8443 4105
8444 4108
8445 4106
8446 4232
8447 4481
8448 4238
8449 4309
8450 4326
8451 4096
8452 4174
8453 4099
8454 4097
8455 4243
8456 4104
8457 4105
8458 4107
8459 4249
8460 4099
8461 4124
8462 4179
8463 4298
8464 4297
8465 4139
8466 4101
8467 4107
8468 4105
8469 4238
8470 4088
8471 4238
8472 4104
8473 4302
8474 4254
8475 4108
8476 4234
8477 4325
8478 4187
8479 4245
8480 4108
8481 4102
8482 4178
8483 4332
8484 4254
8485 4329
8486 4091
8487 4395
8488 4336
8489 4245
8490 4106
8491 4101
8492 4178
8493 4305
8494 4251
8495 4487
8496 4323
8497 4396
8498 4158
8499 4269
8500 4112
8501 4244
8502 4086
8503 4102
8504 4089
8505 4109
8506 4233
8507 4514
8508 4246
8509 4312
8510 4106
8511 4239
8512 4165
8513 4533
8514 4318
8515 4441
8516 4394
8517 4144
8518 4112
8519 4242
8520 4103
8521 4321
8522 4103
8523 4324
8524 4158
8525 4457
8526 4235
8527 4349
8528 4106
8529 4345
8530 4161
8531 4369
8532 4090
8533 4240
8534 4178
8535 4242
8536 4176
8537 4323
8538 4104
8539 4239
8540 4105
8541 4242
8542 4101
8543 4109
8544 4183
8545 4242
8546 4185
8547 4161
8548 4317
8549 4484
8550 4206
8551 4107
8552 4096
8553 4103
8554 4111
8555 4444
8556 4163
8557 4344
8558 4310
8559 4198
8560 4247
8561 4407
8562 4227
8563 4384
8564 4127
8565 4313
8566 4188
8567 4268
8568 4086
8569 4253
8570 4084
8571 4406
8572 4232
8573 4315
8574 4169
8575 4314
8576 4091
8577 4254
8578 4118
8579 4163
8580 4165
8581 4374
8582 4180
8583 4327
8584 4226
8585 4510
8586 4336
8587 4328
8588 4084
8589 4314
8590 4094
8591 4256
8592 4116
8593 4322
8594 4159
8595 4509
8596 4277
8597 4244
8598 4156
8599 4512
8600 4275
8601 4355
8602 4284
8603 4400
8604 4275
8605 4102
8606 4088
8607 4103
8608 4117
8609 4111
8610 4091
8611 4317
8612 4120
8613 4329
8614 4177
8615 4390
8616 4237
8617 4475
8618 4137
8619 4335
8620 4182
8621 4470
8622 4182
8623 4270
8624 4159
8625 4161
8626 4211
8627 4101
8628 4167
8629 4424
8630 4179
8631 4444
8632 4225
8633 4251
8634 4095
8635 4258
8636 4181
8637 4139
8638 4095
8639 4319
8640 4093
8641 4317
8642 4117
8643 4101
8644 4117
8645 4326
8646 4116
8647 4315
8648 4116
8649 4098
8650 4091
8651 4102
8652 4121
8653 4370
8654 4269
8655 4104
8656 4116
8657 4408
8658 4256
8659 4408
8660 4312
8661 4388
8662 4116
8663 4253
8664 4120
8665 4251
8666 4141
8667 4240
8668 4091
8669 4090
8670 4116
8671 4422
8672 4111
8673 4469
8674 4283
8675 4339
8676 4136
8677 4440
8678 4284
8679 4398
8680 4272
8681 4275
8682 4177
8683 4482
8684 4239
8685 4386
8686 4252
8687 4116
8688 4094
8689 4254
8690 4175
8691 4325
8692 4219
8693 4394
8694 4134
8695 4097
8696 4119
8697 4242
8698 4105
8699 4096
8700 4180
8701 4257
8702 4181
8703 4259
8704 4263
8705 4478
8706 4274
8707 4126
8708 4118
8709 4320
8710 4174
8711 4327
8712 4202
8713 4106
8714 4119
8715 4321
8716 4221
8717 4161
8718 4182
8719 4115
8720 4178
8721 4261
8722 4119
8723 4326
8724 4091
8725 4326
8726 4113
8727 4260
8728 4117
8729 4111
8730 4090
8731 4326
8732 4182
8733 4270
8734 4118
8735 4431
8736 4310
8737 4525
8738 4313
8739 4424
8740 4180
8741 4141
8742 4194
8743 4101
8744 4124
8745 4351
8746 4129
8747 4090
8748 4118
8749 4243
8750 4203
8751 4313
8752 4274
8753 4258
8754 4090
8755 4252
8756 4173
8757 4259
8758 4163
8759 4165
8760 4091
8761 4109
8762 4090
8763 4306
8764 4265
8765 4256
8766 4096
8767 4265
8768 4151
8769 4098
8770 4121
8771 4247
8772 4085
8773 4318
8774 4093
8775 4409
8776 4269
8777 4362
8778 4174
8779 4311
8780 4352
8781 4101
8782 4167
8783 4140
8784 4141
8785 4250
8786 4091
8787 4327
8788 4091
8789 4103
8790 4136
8791 4113
8792 4090
8793 4103
8794 4166
8795 4390
8796 4242
8797 4416
8798 4273
8799 4100
8800 4091
8801 4100
8802 4088
8803 4347
8804 4091
8805 4261
8806 4082
8807 4099
8808 4119
8809 4332
8810 4112
8811 4240
8812 4120
8813 4094
8814 4165
8815 4347
8816 4133
8817 4107
8818 4115
8819 4260
8820 4118
8821 4483
8822 4253
8823 4317
8824 4188
8825 4415
8826 4256
8827 4255
8828 4120
8829 4260
8830 4164
8831 4365
8832 4118
8833 4252
8834 4088
8835 4426
8836 4090
8837 4320
8838 4118
8839 4324
8840 4180
8841 4422
8842 4229
8843 4444
8844 4136
8845 4258
8846 4313
8847 4423
8848 4119
8849 4108
8850 4175
8851 4098
8852 4116
8853 4103
8854 4134
8855 4152
8856 4232
8857 4106
8858 4123
8859 4371
8860 4257
8861 4483
8862 4258
8863 4372
8864 4231
8865 4101
8866 4090
8867 4329
8868 4091
8869 4329
8870 4118
8871 4101
8872 4163
8873 4166
8874 4162
8875 4456
8876 4235
8877 4297
8878 4182
8879 4351
8880 4231
8881 4368
8882 4275
8883 4314
8884 4324
8885 4102
8886 4112
8887 4110
8888 4166
8889 4187
8890 4271
8891 4104
8892 4176
8893 4316
8894 4116
8895 4321
8896 4118
8897 4102
8898 4090
8899 4427
8900 4179
8901 4159
8902 4129
8903 4479
8904 4326
8905 4255
8906 4163
8907 4335
8908 4152
8909 4299
8910 4273
8911 4109
8912 4093
8913 4253
8914 4116
8915 4254
8916 4117
8917 4370
8918 4350
8919 4324
8920 4144
8921 4425
8922 4141
8923 4374
8924 4119
8925 4251
8926 4143
8927 4326
8928 4155
8929 4393
8930 4091
8931 4315
8932 4134
8933 4406
8934 4175
8935 4333
8936 4117
8937 4106
8938 4250
8939 4316
8940 4392
8941 4526
8942 4239
8943 4252
8944 4090
8945 4098
8946 4116
8947 4324
8948 4334
8949 4451
8950 4271
8951 4326
8952 4089
8953 4371
8954 4262
8955 4096
8956 4116
8957 4520
8958 4287
8959 4338
8960 4218
8961 4409
8962 4394
8963 4491
8964 4119
8965 4256
8966 4117
8967 4261
8968 4090
8969 4424
8970 4232
8971 4254
8972 4092
8973 4349
8974 4252
8975 4471
8976 4178
8977 4254
8978 4193
8979 4321
8980 4163
8981 4326
8982 4181
8983 4155
8984 4137
8985 4140
8986 4091
8987 4254
8988 4126
8989 4096
8990 4173
8991 4100
8992 4283
8993 4339
8994 4091
8995 4100
8996 4115
8997 4100
8998 4117
8999 4414
9000 4243
9001 4251
9002 4219
9003 4272
9004 4138
9005 4190
9006 4329
9007 4337
9008 4137
9009 4370
9010 4249
9011 4253
9012 4091
9013 4255
9014 4118
9015 4096
9016 4117
9017 4323
9018 4223
9019 4464
9020 4504
9021 4446
9022 4427
9023 4099
9024 4473
9025 4382
9026 4183
9027 4254
9028 4428
9029 4532
9030 4384
9031 4164
9032 4094
9033 4209
9034 4219
9035 4470
9036 4179
9037 4265
9038 4176
9039 4098
9040 4119
9041 4420
9042 4282
9043 4332
9044 4183
9045 4294
9046 4335
9047 4323
9048 4117
9049 4331
9050 4168
9051 4393
9052 4182
9053 4345
9054 4092
9055 4324
9056 4091
9057 4315
9058 4269
9059 4109
9060 4117
9061 4372
9062 4345
9063 4104
9064 4089
9065 4102
9066 4395
9067 4140
9068 4176
9069 4258
9070 4093
9071 4259
9072 4124
9073 4326
9074 4086
9075 4342
9076 4102
9077 4102
9078 4143
9079 4308
9080 4306
9081 4263
9082 4113
9083 4092
9084 4118
9085 4388
9086 4111
9087 4244
9088 4176
9089 4331
9090 4089
9091 4339
9092 4118
9093 4254
9094 4164
9095 4163
9096 4134
9097 4324
9098 4117
9099 4101
9100 4189
9101 4369
9102 4394
9103 4393
9104 4237
9105 4399
9106 4117
9107 4100
9108 4090
9109 4258
9110 4095
9111 4250
9112 4220
9113 4494
9114 4121
9115 4430
9116 4215
9117 4330
9118 4123
9119 4432
9120 4197
9121 4318
9122 4120
9123 4306
9124 4353
9125 4365
9126 4131
9127 4321
9128 4116
9129 4479
9130 4278
9131 4398
9132 4094
9133 4099
9134 4139
9135 4255
9136 4118
9137 4330
9138 4093
9139 4260
9140 4117
9141 4425
9142 4176
9143 4371
9144 4231
9145 4323
9146 4175
9147 4256
9148 4121
9149 4479
9150 4302
9151 4329
9152 4091
9153 4251
9154 4116
9155 4247
9156 4117
9157 4342
9158 4161
9159 4483
9160 4256
9161 4103
9162 4174
9163 4179
9164 4290
9165 4255
9166 4170
9167 4315
9168 4091
9169 4324
9170 4119
9171 4256
9172 4178
9173 4102
9174 4162
9175 4193
9176 4248
9177 4108
9178 4088
9179 4433
9180 4255
9181 4102
9182 4171
9183 4534
9184 4296
9185 4129
9186 4092
9187 4091
9188 4172
9189 4317
9190 4093
9191 4326
9192 4166
9193 4338
9194 4314
9195 4512
9196 4320
9197 4516
9198 4241
9199 4231
9200 4103
9201 4320
9202 4085
9203 4427
9204 4082
9205 4232
9206 4086
9207 4108
9208 4263
9209 4403
9210 4395
9211 4263
9212 4092
9213 4242
9214 4227
9215 4419
9216 4175
9217 4323
9218 4092
9219 4248
9220 4178
9221 4241
9222 4108
9223 4242
9224 4117
9225 4325
9226 4169
9227 4277
9228 4103
9229 4110
9230 4148
9231 4532
9232 4242
9233 4107
9234 4090
9235 4243
9236 4236
9237 4284
9238 4233
9239 4246
9240 4096
9241 4333
9242 4103
9243 4333
9244 4101
9245 4243
9246 4103
9247 4103
9248 4113
9249 4102
9250 4090
9251 4111
9252 4177
9253 4387
9254 4345
9255 4348
9256 4103
9257 4322
9258 4092
9259 4327
9260 4176
9261 4398
9262 4246
9263 4109
9264 4175
9265 4108
9266 4106
9267 4327
9268 4090
9269 4248
9270 4161
9271 4358
9272 4089
9273 4326
9274 4105
9275 4398
9276 4236
9277 4094
9278 4094
9279 4235
9280 4259
9281 4474
9282 4076
9283 4098
9284 4107
9285 4239
9286 4154
9287 4205
9288 4317
9289 4456
9290 4103
9291 4107
9292 4229
9293 4381
9294 4112
9295 4102
9296 4111
9297 4329
9298 4110
9299 4113
9300 4171
9301 4316
9302 4246
9303 4105
9304 4100
9305 4242
9306 4179
9307 4383
9308 4359
9309 4430
9310 4178
9311 4381
9312 4137
9313 4313
9314 4102
9315 4314
9316 4085
9317 4245
9318 4091
9319 4323
9320 4174
9321 4321
9322 4092
9323 4315
9324 4107
9325 4309
9326 4094
9327 4237
9328 4105
9329 4396
9330 4353
9331 4114
9332 4105
9333 4241
9334 4109
9335 4326
9336 4107
9337 4328
9338 4106
9339 4312
9340 4354
9341 4327
9342 4104
9343 4102
9344 4187
9345 4382
9346 4325
9347 4309
9348 4250
9349 4108
9350 4105
9351 4325
9352 4140
9353 4129
9354 4102
9355 4095
9356 4089
9357 4476
9358 4259
9359 4106
9360 4116
9361 4328
9362 4230
9363 4452
9364 4108
9365 4231
9366 4090
9367 4336
9368 4173
9369 4246
9370 4177
9371 4159
9372 4249
9373 4326
9374 4092
9375 4102
9376 4102
9377 4247
9378 4176
9379 4244
9380 4178
9381 4322
9382 4132
9383 4402
9384 4355
9385 4484
9386 4331
9387 4480
9388 4396
9389 4173
9390 4105
9391 4105
9392 4163
9393 4377
9394 4172
9395 4424
9396 4105
9397 4254
9398 4171
9399 4330
9400 4202
9401 4394
9402 4256
9403 4399
9404 4243
9405 4416
9406 4078
9407 4323
9408 4093
9409 4244
9410 4103
9411 4236
9412 4106
9413 4236
9414 4119
9415 4327
9416 4103
9417 4239
9418 4091
9419 4239
9420 4102
9421 4318
9422 4092
9423 4327
9424 4129
9425 4327
9426 4090
9427 4326
9428 4112
9429 4328
9430 4102
9431 4102
9432 4090
9433 4100
9434 4228
9435 4260
9436 4158
9437 4430
9438 4356
9439 4099
9440 4161
9441 4456
9442 4110
9443 4107
9444 4101
9445 4105
9446 4103
9447 4099
9448 4256
9449 4104
9450 4176
9451 4320
9452 4109
9453 4247
9454 4090
9455 4148
9456 4104
9457 4239
9458 4117
9459 4101
9460 4176
9461 4241
9462 4102
9463 4324
9464 4151
9465 4367
9466 4263
9467 4238
9468 4231
9469 4239
9470 4315
9471 4165
9472 4091
9473 4242
9474 4099
9475 4321
9476 4227
9477 4145
9478 4229
9479 4418
9480 4093
9481 4242
9482 4161
9483 4203
9484 4231
9485 4370
9486 4094
9487 4325
9488 4104
9489 4389
9490 4315
9491 4141
9492 4174
9493 4103
9494 4091
9495 4106
9496 4176
9497 4242
9498 4090
9499 4104
9500 4113
9501 4326
9502 4228
9503 4317
9504 4315
9505 4209
9506 4320
9507 4369
9508 4094
9509 4240
9510 4235
9511 4399
9512 4095
9513 4114
9514 4172
9515 4370
9516 4335
9517 4391
9518 4285
9519 4152
9520 4092
9521 4320
9522 4176
9523 4309
9524 4243
9525 4348
9526 4099
9527 4338
9528 4107
9529 4412
9530 4318
9531 4199
9532 4255
9533 4321
9534 4091
9535 4239
9536 4176
9537 4244
9538 4089
9539 4107
9540 4091
9541 4426
9542 4114
9543 4109
9544 4091
9545 4240
9546 4105
9547 4244
9548 4095
9549 4242
9550 4179
9551 4102
9552 4167
9553 4168
9554 4205
9555 4328
9556 4109
9557 4104
9558 4108
9559 4103
9560 4178
9561 4321
9562 4185
9563 4384
9564 4313
9565 4265
9566 4158
9567 4441
9568 4320
9569 4429
9570 4352
9571 4106
9572 4175
9573 4101
9574 4104
9575 4241
9576 4241
9577 4330
9578 4103
9579 4239
9580 4091
9581 4336
9582 4175
9583 4324
9584 4118
9585 4249
9586 4105
9587 4360
9588 4091
9589 4488
9590 4248
9591 4304
9592 4245
9593 4241
9594 4097
9595 4318
9596 4232
9597 4321
9598 4077
9599 4316
9600 4094
9601 4322
9602 4179
9603 4308
9604 4351
9605 4384
9606 4313
9607 4484
9608 4113
9609 4442
9610 4178
9611 4321
9612 4173
9613 4366
9614 4105
9615 4237
9616 4094
9617 4244
9618 4175
9619 4334
9620 4093
9621 4404
9622 4258
9623 4104
9624 4187
9625 4111
9626 4176
9627 4380
9628 4255
9629 4105
9630 4093
9631 4321
9632 4174
9633 4336
9634 4104
9635 4246
9636 4179
9637 4324
9638 4103
9639 4109
9640 4177
9641 4241
9642 4091
9643 4244
9644 4158
9645 4321
9646 4167
9647 4142
9648 4102
9649 4323
9650 4178
9651 4109
9652 4188
9653 4107
9654 4175
9655 4241
9656 4089
9657 4160
9658 4307
9659 4278
9660 4395
9661 4379
9662 4236
9663 4457
9664 4100
9665 4238
9666 4105
9667 4247
9668 4179
9669 4319
9670 4177
9671 4107
9672 4170
9673 4164
9674 4104
9675 4328
9676 4113
9677 4381
9678 4321
9679 4143
9680 4097
9681 4386
9682 4344
9683 4441
9684 4175
9685 4303
9686 4250
9687 4237
9688 4179
9689 4178
9690 4239
9691 4092
9692 4176
9693 4231
9694 4104
9695 4244
9696 4177
9697 4239
9698 4091
9699 4245
9700 4327
9701 4228
9702 4161
9703 4097
9704 4104
9705 4253
9706 4170
9707 4310
9708 4097
9709 4311
9710 4157
9711 4339
9712 4253
9713 4407
9714 4249
9715 4329
9716 4229
9717 4283
9718 4177
9719 4311
9720 4255
9721 4337
9722 4085
9723 4229
9724 4099
9725 4386
9726 4319
9727 4471
9728 4249
9729 4468
9730 4341
9731 4334
9732 4183
9733 4109
9734 4116
9735 4107
9736 4110
9737 4320
9738 4239
9739 4403
9740 4248
9741 4241
9742 4116
9743 4333
9744 4192
9745 4238
9746 4182
9747 4249
9748 4237
9749 4532
9750 4234
9751 4111
9752 4101
9753 4488
9754 4248
9755 4103
9756 4105
9757 4452
9758 4161
9759 4323
9760 4257
9761 4241
9762 4105
9763 4417
9764 4122
9765 4330
9766 4106
9767 4241
9768 4111
9769 4395
9770 4334
9771 4433
9772 4175
9773 4318
9774 4079
9775 4232
9776 4097
9777 4234
9778 4178
9779 4235
9780 4091
9781 4239
9782 4103
9783 4331
9784 4228
9785 4279
9786 4105
9787 4101
9788 4176
9789 4242
9790 4175
9791 4242
9792 4131
9793 4101
9794 4159
9795 4522
9796 4337
9797 4111
9798 4106
9799 4235
9800 4104
9801 4241
9802 4090
9803 4244
9804 4091
9805 4239
9806 4109
9807 4244
9808 4091
9809 4227
9810 4180
9811 4229
9812 4085
9813 4411
9814 4238
9815 4459
9816 4170
9817 4370
9818 4169
9819 4277
9820 4093
9821 4102
9822 4171
9823 4483
9824 4200
9825 4383
9826 4253
9827 4307
9828 4308
9829 4437
9830 4319
9831 4279
9832 4102
9833 4108
9834 4091
9835 4099
9836 4088
9837 4306
9838 4256
9839 4397
9840 4305
9841 4482
9842 4161
9843 4160
9844 4103
9845 4102
9846 4089
9847 4327
9848 4098
9849 4092
9850 4166
9851 4233
9852 4103
9853 4101
9854 4230
9855 4374
9856 4085
9857 4233
9858 4108
9859 4317
9860 4084
9861 4414
9862 4174
9863 4101
9864 4104
9865 4102
9866 4113
9867 4333
9868 4230
9869 4144
9870 4103
9871 4247
9872 4105
9873 4480
9874 4295
9875 4153
9876 4104
9877 4105
9878 4104
9879 4101
9880 4102
9881 4445
9882 4184
9883 4490
9884 4246
9885 4395
9886 4307
9887 4144
9888 4185
9889 4240
9890 4175
9891 4335
9892 4102
9893 4243
9894 4205
9895 4325
9896 4176
9897 4105
9898 4161
9899 4351
9900 4320
9901 4527
9902 4239
9903 4439
9904 4205
9905 4337
9906 4114
9907 4319
9908 4089
9909 4244
9910 4108
9911 4380
9912 4299
9913 4159
9914 4171
9915 4149
9916 4104
9917 4248
9918 4105
9919 4331
9920 4165
9921 4374
9922 4105
9923 4248
9924 4094
9925 4248
9926 4086
9927 4244
9928 4103
9929 4416
9930 4113
9931 4164
9932 4243
9933 4237
9934 4105
9935 4245
9936 4160
9937 4274
9938 4091
9939 4090
9940 4160
9941 4242
9942 4176
9943 4240
9944 4308
9945 4161
9946 4104
9947 4390
9948 4228
9949 4247
9950 4092
9951 4309
9952 4306
9953 4145
9954 4246
9955 4101
9956 4185
9957 4249
9958 4168
9959 4366
9960 4096
9961 4322
9962 4114
9963 4104
9964 4181
9965 4101
9966 4091
9967 4330
9968 4093
9969 4240
9970 4109
9971 4242
9972 4174
9973 4499
9974 4093
9975 4107
9976 4178
9977 4303
9978 4320
9979 4167
9980 4094
9981 4255
9982 4092
9983 4160
9984 4319
9985 4283
9986 4103
9987 4107
9988 4093
9989 4238
9990 4106
9991 4108
9992 4089
9993 4442
9994 4103
9995 4247
9996 4177
9997 4371
9998 4090
9999 4241
# sum: 4229
# min: 4065
# max: 4594
# err cnt: 0
