0 3989
1 3913
2 3900
3 3905
4 3926
5 3895
6 3897
7 3900
8 3911
9 3884
10 3926
11 3906
12 3909
13 3907
14 3913
15 3896
16 3892
17 3916
18 3911
19 3898
20 3905
21 3899
22 3894
23 3894
24 3912
25 3894
26 3912
27 3911
28 3901
29 3898
30 3942
31 3932
32 3905
33 3928
34 3968
35 3906
36 3913
37 3954
38 3910
39 3888
40 3897
41 3936
42 3903
43 3912
44 3927
45 3890
46 3909
47 3928
48 3918
49 3915
50 3910
51 3914
52 3909
53 3894
54 3890
55 3893
56 3899
57 3896
58 3914
59 3895
60 3895
61 3922
62 3925
63 3892
64 3934
65 3882
66 3904
67 3901
68 3900
69 3898
70 3917
71 3905
72 3899
73 3895
74 3920
75 3918
76 3899
77 3918
78 3910
79 3894
80 3913
81 3910
82 3902
83 3902
84 3913
85 3892
86 3896
87 3902
88 3916
89 3905
90 3901
91 3894
92 3906
93 3890
94 3910
95 3892
96 3892
97 3932
98 3898
99 3899
100 3965
101 3895
102 3908
103 3895
104 3905
105 3898
106 3911
107 3928
108 3909
109 3892
110 3903
111 3903
112 3905
113 3928
114 3901
115 3914
116 3904
117 3896
118 3899
119 3901
120 3899
121 3890
122 3897
123 3894
124 3892
125 3913
126 3912
127 3895
128 3916
129 3900
130 3923
131 3884
132 3919
133 3904
134 3908
135 3889
136 3891
137 3900
138 3908
139 3892
140 3895
141 3886
142 3897
143 3908
144 3895
145 3897
146 3906
147 3933
148 3895
149 3897
150 3902
151 3916
152 3908
153 3898
154 3968
155 3903
156 3895
157 3897
158 3927
159 3904
160 3907
161 3895
162 3902
163 3937
164 3955
165 3900
166 3903
167 3898
168 3902
169 3892
170 7341
171 3883
172 3910
173 3904
174 3899
175 3940
176 3904
177 3915
178 3900
179 3939
180 3923
181 3916
182 3908
183 3932
184 3907
185 3901
186 3899
187 3911
188 3891
189 3900
190 3968
191 3911
192 3901
193 3911
194 3902
195 3905
196 3904
197 3919
198 3906
199 3907
200 3949
201 3911
202 3902
203 3932
204 3894
205 3908
206 3898
207 3949
208 3907
209 3906
210 3948
211 3903
212 3900
213 3927
214 3915
215 3900
216 3907
217 3901
218 3900
219 3916
220 3903
221 3895
222 3913
223 3897
224 3924
225 3940
226 3907
227 3911
228 3902
229 3967
230 3911
231 3881
232 3904
233 3898
234 3907
235 3897
236 3907
237 3899
238 3898
239 3907
240 3905
241 3905
242 3901
243 3921
244 3912
245 3919
246 3894
247 3946
248 3909
249 3898
250 3904
251 3907
252 3905
253 3897
254 3900
255 3906
256 3950
257 3896
258 3901
259 3916
260 3911
261 3933
262 3913
263 3894
264 3898
265 3931
266 3896
267 3892
268 3912
269 3903
270 3900
271 3912
272 3921
273 3910
274 3909
275 3899
276 3907
277 3902
278 3894
279 3901
280 3913
281 3892
282 3898
283 3945
284 3913
285 3895
286 3913
287 3910
288 3907
289 3921
290 3900
291 3897
292 3910
293 3896
294 3914
295 3896
296 3907
297 3925
298 3908
299 3898
300 3948
301 3906
302 3908
303 3908
304 3901
305 3906
306 3907
307 3899
308 3906
309 3913
310 3900
311 3898
312 3900
313 3901
314 3900
315 3896
316 3913
317 3891
318 3894
319 3914
320 3905
321 3933
322 3899
323 3899
324 3904
325 3900
326 3912
327 3902
328 3892
329 3904
330 3906
331 3902
332 3898
333 3906
334 3904
335 3922
336 3907
337 3907
338 3897
339 3919
340 3905
341 3898
342 3905
343 3898
344 3914
345 3884
346 3898
347 3915
348 3890
349 3902
350 3903
351 3896
352 3893
353 3895
354 3911
355 3913
356 3895
357 3909
358 3898
359 3905
360 3901
361 3918
362 3920
363 3912
364 3909
365 3907
366 3953
367 3902
368 3901
369 3907
370 3899
371 3898
372 3913
373 3932
374 3914
375 3901
376 3924
377 3922
378 3905
379 3894
380 3903
381 3912
382 3905
383 3904
384 3909
385 3933
386 3940
387 3903
388 3899
389 3919
390 3909
391 3894
392 3892
393 3954
394 3900
395 3892
396 3908
397 3891
398 3910
399 3903
400 3910
401 3899
402 3904
403 3899
404 3916
405 3905
406 3896
407 3903
408 3913
409 3904
410 3908
411 3903
412 3909
413 3904
414 3892
415 3902
416 3893
417 3899
418 3905
419 3896
420 3922
421 3891
422 3897
423 3906
424 3902
425 3905
426 3903
427 3899
428 3899
429 3933
430 3903
431 3908
432 3906
433 3912
434 3907
435 3923
436 3895
437 3899
438 3899
439 3908
440 3902
441 3916
442 3902
443 3911
444 3916
445 3897
446 3900
447 3901
448 3903
449 3938
450 3923
451 3908
452 3950
453 3899
454 3919
455 3900
456 3911
457 3903
458 3935
459 3905
460 3915
461 3893
462 3913
463 3911
464 3912
465 3904
466 3900
467 3910
468 3901
469 3895
470 3894
471 3932
472 3898
473 3887
474 3904
475 3892
476 3899
477 3896
478 3899
479 3913
480 3899
481 3902
482 3900
483 3909
484 3902
485 3899
486 3898
487 3914
488 3905
489 3901
490 3949
491 3896
492 3893
493 3893
494 3905
495 3906
496 3899
497 3900
498 3945
499 3893
500 3903
501 3895
502 3934
503 3892
504 3909
505 3908
506 3907
507 3901
508 3917
509 3899
510 3909
511 3904
512 3973
513 3910
514 3898
515 3904
516 3952
517 3895
518 3901
519 3897
520 3892
521 3900
522 3919
523 3918
524 3908
525 3898
526 3907
527 3897
528 3919
529 3904
530 3898
531 3907
532 3911
533 3894
534 3901
535 3894
536 3903
537 3898
538 3912
539 3900
540 3900
541 3892
542 3956
543 3903
544 3902
545 3928
546 3909
547 3901
548 3903
549 3890
550 3902
551 3917
552 3922
553 3917
554 3912
555 3912
556 3925
557 3896
558 3904
559 3895
560 3916
561 3895
562 3902
563 3923
564 3906
565 3897
566 3897
567 3899
568 3908
569 3964
570 3908
571 3894
572 3907
573 3900
574 3913
575 3895
576 3907
577 3893
578 3914
579 3894
580 3903
581 3910
582 3892
583 3894
584 3910
585 3920
586 3903
587 3901
588 3899
589 3922
590 3902
591 3915
592 3898
593 3902
594 3906
595 3919
596 3915
597 3899
598 3904
599 3922
600 3912
601 3897
602 3902
603 3893
604 3895
605 3908
606 3902
607 3893
608 3916
609 3903
610 3901
611 3899
612 3904
613 3895
614 3894
615 3909
616 3898
617 3895
618 3896
619 3947
620 3909
621 3899
622 3900
623 3949
624 3913
625 3934
626 3904
627 3900
628 3903
629 3897
630 3916
631 3895
632 3908
633 3889
634 3960
635 3900
636 3899
637 3897
638 3907
639 3908
640 3923
641 3891
642 3905
643 3900
644 3917
645 3900
646 3897
647 3893
648 3900
649 3902
650 3905
651 3902
652 3912
653 3890
654 3910
655 3920
656 3902
657 3901
658 3904
659 3902
660 3899
661 3906
662 3912
663 3897
664 3904
665 3888
666 3912
667 3890
668 3897
669 3902
670 7274
671 3883
672 3900
673 3916
674 3904
675 3902
676 3902
677 3909
678 3899
679 3904
680 3902
681 3924
682 3911
683 3911
684 3966
685 3896
686 3911
687 3906
688 3900
689 3900
690 3896
691 3896
692 3961
693 3902
694 3905
695 3906
696 3934
697 3898
698 3917
699 3892
700 3901
701 3891
702 3898
703 3900
704 3904
705 3892
706 3945
707 3896
708 3909
709 3895
710 3900
711 3894
712 3915
713 3888
714 3912
715 3902
716 3906
717 3895
718 3910
719 3920
720 3899
721 3898
722 3900
723 3911
724 3922
725 3901
726 3903
727 3896
728 3900
729 3963
730 3923
731 3902
732 3911
733 3904
734 3912
735 3895
736 3899
737 3901
738 3902
739 3902
740 3908
741 3902
742 3961
743 3899
744 3900
745 3935
746 3905
747 3901
748 3896
749 3950
750 3909
751 3900
752 3911
753 3899
754 3917
755 3888
756 3904
757 3910
758 3914
759 3907
760 3952
761 3966
762 3897
763 3903
764 3914
765 3900
766 3898
767 3910
768 3900
769 3896
770 3903
771 3895
772 3898
773 3902
774 3900
775 3892
776 3916
777 3915
778 3893
779 3900
780 3908
781 3911
782 3905
783 3893
784 3892
785 3938
786 3908
787 3897
788 3905
789 3907
790 3906
791 3899
792 3902
793 3896
794 3926
795 3912
796 3911
797 3896
798 3911
799 3915
800 3906
801 3913
802 3898
803 3899
804 3905
805 3892
806 3902
807 3900
808 3907
809 3897
810 3900
811 3890
812 3912
813 3895
814 3894
815 3908
816 3895
817 3895
818 3898
819 3899
820 3906
821 3906
822 3907
823 3894
824 3913
825 3898
826 3893
827 3913
828 3896
829 3897
830 3898
831 3897
832 3904
833 3892
834 3908
835 3919
836 3892
837 3904
838 3903
839 3902
840 3919
841 3931
842 3900
843 3911
844 3925
845 3908
846 3896
847 3896
848 3904
849 3899
850 3915
851 3906
852 3905
853 3903
854 3930
855 3908
856 3905
857 3915
858 3903
859 3892
860 3901
861 3927
862 3905
863 3895
864 3914
865 3913
866 3891
867 3958
868 3900
869 3901
870 3899
871 3894
872 3892
873 3913
874 3901
875 3906
876 3900
877 3893
878 3903
879 3902
880 3899
881 3932
882 3896
883 3963
884 3903
885 3899
886 3915
887 3897
888 3903
889 3901
890 3965
891 3952
892 3903
893 3935
894 3904
895 3901
896 3913
897 3897
898 3913
899 3915
900 3913
901 3909
902 3925
903 3932
904 3925
905 3914
906 3913
907 3901
908 3893
909 3896
910 3908
911 3947
912 3898
913 3932
914 3900
915 3914
916 3902
917 3894
918 3889
919 3912
920 3945
921 3904
922 3907
923 3899
924 3918
925 3912
926 3910
927 3943
928 3898
929 3906
930 3903
931 3898
932 3956
933 3902
934 3921
935 3910
936 3904
937 3912
938 3919
939 3925
940 3931
941 3901
942 3923
943 3931
944 3916
945 3913
946 3899
947 3897
948 3905
949 3888
950 3898
951 3901
952 3890
953 3894
954 3915
955 3893
956 3896
957 3902
958 3891
959 3891
960 3907
961 3897
962 3905
963 3918
964 3909
965 3945
966 3906
967 3911
968 3921
969 3886
970 3919
971 3934
972 3910
973 3891
974 3900
975 3929
976 3925
977 3896
978 3892
979 3897
980 3915
981 3907
982 3907
983 3898
984 3901
985 3898
986 3898
987 3897
988 3895
989 3908
990 3900
991 3889
992 3909
993 3900
994 3904
995 3909
996 3973
997 3922
998 3918
999 3885
1000 3904
1001 3920
1002 3906
1003 3899
1004 3903
1005 3920
1006 3904
1007 3904
1008 3908
1009 3906
1010 3906
1011 3920
1012 3909
1013 3906
1014 3904
1015 3891
1016 3901
1017 3897
1018 3913
1019 3907
1020 3913
1021 3894
1022 3914
1023 3895
1024 3892
1025 3906
1026 3906
1027 3905
1028 3898
1029 3900
1030 3911
1031 3933
1032 3903
1033 3899
1034 3932
1035 3909
1036 3897
1037 3938
1038 3898
1039 3898
1040 3908
1041 3904
1042 3915
1043 3907
1044 3910
1045 3910
1046 3930
1047 3891
1048 3903
1049 3898
1050 3894
1051 3901
1052 3899
1053 3966
1054 3915
1055 3902
1056 3903
1057 3895
1058 3912
1059 3897
1060 3897
1061 3904
1062 3919
1063 3904
1064 3891
1065 3894
1066 3916
1067 3930
1068 3892
1069 3896
1070 3916
1071 3912
1072 3951
1073 3914
1074 3912
1075 3906
1076 3890
1077 3919
1078 3905
1079 3922
1080 3894
1081 3898
1082 3895
1083 3914
1084 3889
1085 3901
1086 3907
1087 3906
1088 3899
1089 3905
1090 3896
1091 3923
1092 3900
1093 3911
1094 3902
1095 3893
1096 3898
1097 3898
1098 3898
1099 3898
1100 3896
1101 3907
1102 3931
1103 3909
1104 3920
1105 3909
1106 3907
1107 3892
1108 3912
1109 3897
1110 3903
1111 3902
1112 3914
1113 3906
1114 3902
1115 3921
1116 3921
1117 3897
1118 3913
1119 3897
1120 3901
1121 3893
1122 3900
1123 3908
1124 3899
1125 3910
1126 3904
1127 3903
1128 3907
1129 3905
1130 3915
1131 3897
1132 3911
1133 3892
1134 3900
1135 3905
1136 3909
1137 3900
1138 3931
1139 3909
1140 3898
1141 3899
1142 3899
1143 3896
1144 3909
1145 3931
1146 3905
1147 3923
1148 3922
1149 3899
1150 3903
1151 3894
1152 3907
1153 3915
1154 3897
1155 3904
1156 3900
1157 3902
1158 3910
1159 3914
1160 3910
1161 3897
1162 3904
1163 3895
1164 3892
1165 3903
1166 3922
1167 3901
1168 3905
1169 3908
1170 6679
1171 3925
1172 3931
1173 3935
1174 3912
1175 3901
1176 3911
1177 3905
1178 3894
1179 3901
1180 3905
1181 3896
1182 3911
1183 3900
1184 3917
1185 3897
1186 3899
1187 3899
1188 3902
1189 3903
1190 3911
1191 3905
1192 3901
1193 3899
1194 3899
1195 3899
1196 3946
1197 3893
1198 3945
1199 3905
1200 3906
1201 3900
1202 3897
1203 3904
1204 3897
1205 3889
1206 3914
1207 3902
1208 3905
1209 3911
1210 3901
1211 3901
1212 3912
1213 3903
1214 3907
1215 3914
1216 3957
1217 3898
1218 3904
1219 3897
1220 3914
1221 3908
1222 3908
1223 3910
1224 3908
1225 3894
1226 3901
1227 3901
1228 3902
1229 3900
1230 3906
1231 3887
1232 3921
1233 3938
1234 3916
1235 3901
1236 3910
1237 3914
1238 3898
1239 3909
1240 3902
1241 3896
1242 3900
1243 3904
1244 3900
1245 3899
1246 3938
1247 3944
1248 3955
1249 3913
1250 3907
1251 3905
1252 3906
1253 3903
1254 3958
1255 3892
1256 3900
1257 3909
1258 3906
1259 3894
1260 3893
1261 3894
1262 3910
1263 3905
1264 3902
1265 3902
1266 3899
1267 3907
1268 3902
1269 3901
1270 3897
1271 3893
1272 3914
1273 3899
1274 3893
1275 3901
1276 3915
1277 3900
1278 3900
1279 3898
1280 3902
1281 3918
1282 3906
1283 3893
1284 3924
1285 3890
1286 3909
1287 3905
1288 3893
1289 3937
1290 3897
1291 3898
1292 3971
1293 3892
1294 3906
1295 3899
1296 3900
1297 3923
1298 3943
1299 3894
1300 3923
1301 3919
1302 3904
1303 3895
1304 3898
1305 3904
1306 3896
1307 3901
1308 3893
1309 3936
1310 3905
1311 3889
1312 3905
1313 3922
1314 3902
1315 3899
1316 3959
1317 3905
1318 3902
1319 3921
1320 3920
1321 3902
1322 3933
1323 3891
1324 3907
1325 3909
1326 3912
1327 3892
1328 3898
1329 3928
1330 3928
1331 3903
1332 3908
1333 3900
1334 3902
1335 3901
1336 3907
1337 3903
1338 3897
1339 3912
1340 3903
1341 3907
1342 3940
1343 3923
1344 3898
1345 3896
1346 3888
1347 3903
1348 3906
1349 3908
1350 3903
1351 3900
1352 3941
1353 3896
1354 3899
1355 3897
1356 3894
1357 3899
1358 3907
1359 3902
1360 3966
1361 3897
1362 3898
1363 3907
1364 3897
1365 3898
1366 3911
1367 3897
1368 3925
1369 3902
1370 3902
1371 3895
1372 3912
1373 3897
1374 3901
1375 3899
1376 3900
1377 3893
1378 3937
1379 3898
1380 3899
1381 3901
1382 3903
1383 3900
1384 3901
1385 3916
1386 3901
1387 3902
1388 3904
1389 3910
1390 3900
1391 3899
1392 3900
1393 3899
1394 3911
1395 3894
1396 3922
1397 3893
1398 3901
1399 3896
1400 3904
1401 3900
1402 3893
1403 3897
1404 3903
1405 3953
1406 3894
1407 3900
1408 3907
1409 3918
1410 3913
1411 3898
1412 3909
1413 3899
1414 3902
1415 3895
1416 3900
1417 3901
1418 3908
1419 3894
1420 3908
1421 3899
1422 3935
1423 3899
1424 3895
1425 3915
1426 3907
1427 3902
1428 3895
1429 3896
1430 3905
1431 3903
1432 3909
1433 3902
1434 3893
1435 3903
1436 3931
1437 3922
1438 3911
1439 3913
1440 3910
1441 3908
1442 3906
1443 3892
1444 3899
1445 3910
1446 3935
1447 3903
1448 3905
1449 3910
1450 3906
1451 3896
1452 3903
1453 3904
1454 3913
1455 3942
1456 3902
1457 3904
1458 3953
1459 3897
1460 3926
1461 3903
1462 3909
1463 3916
1464 3898
1465 3899
1466 3913
1467 3895
1468 3915
1469 3897
1470 3969
1471 3903
1472 3930
1473 3896
1474 3906
1475 3900
1476 3908
1477 3917
1478 3913
1479 3905
1480 3922
1481 3904
1482 3914
1483 3902
1484 3911
1485 3897
1486 3915
1487 3911
1488 3908
1489 3906
1490 3969
1491 3913
1492 3924
1493 3921
1494 3934
1495 3919
1496 3964
1497 3909
1498 3915
1499 3898
1500 3908
1501 3903
1502 3904
1503 3901
1504 3904
1505 3908
1506 3909
1507 3911
1508 3912
1509 3898
1510 3914
1511 3906
1512 3902
1513 3905
1514 3909
1515 3912
1516 3899
1517 3910
1518 3903
1519 3901
1520 3903
1521 3898
1522 3902
1523 3893
1524 3898
1525 3906
1526 3895
1527 3958
1528 3902
1529 3892
1530 3902
1531 3895
1532 3906
1533 3894
1534 3897
1535 3909
1536 3914
1537 3915
1538 3905
1539 3885
1540 3924
1541 3907
1542 3959
1543 3903
1544 3895
1545 3903
1546 3901
1547 3899
1548 3920
1549 3915
1550 3907
1551 3933
1552 3909
1553 3926
1554 3907
1555 3899
1556 3957
1557 3938
1558 3911
1559 3893
1560 3910
1561 3897
1562 3895
1563 3920
1564 3904
1565 3892
1566 3975
1567 3894
1568 3904
1569 3901
1570 3912
1571 3949
1572 3927
1573 3891
1574 3908
1575 3911
1576 3908
1577 3940
1578 3925
1579 3917
1580 3908
1581 3901
1582 3898
1583 3909
1584 3911
1585 3901
1586 3909
1587 3891
1588 3898
1589 3899
1590 3941
1591 3908
1592 3902
1593 3895
1594 3896
1595 3902
1596 3924
1597 3907
1598 3897
1599 3972
1600 3904
1601 3938
1602 3890
1603 3951
1604 3898
1605 3910
1606 3904
1607 3901
1608 3898
1609 3898
1610 3946
1611 3898
1612 3902
1613 3916
1614 3908
1615 3898
1616 3894
1617 3900
1618 3915
1619 3894
1620 3929
1621 3884
1622 3908
1623 3939
1624 3899
1625 3899
1626 3913
1627 3941
1628 3904
1629 3909
1630 3908
1631 3906
1632 3906
1633 3893
1634 3916
1635 3894
1636 3905
1637 3909
1638 3906
1639 3914
1640 3957
1641 3903
1642 3895
1643 3901
1644 3894
1645 3901
1646 3902
1647 3887
1648 3906
1649 3895
1650 3901
1651 3900
1652 3961
1653 3900
1654 3892
1655 3896
1656 3920
1657 3913
1658 3896
1659 3900
1660 3893
1661 3892
1662 3900
1663 3920
1664 3893
1665 3903
1666 3892
1667 3906
1668 3902
1669 3916
1670 7354
1671 3888
1672 3904
1673 3902
1674 3889
1675 3902
1676 3904
1677 3938
1678 3910
1679 3910
1680 3902
1681 3915
1682 3913
1683 3897
1684 3906
1685 3904
1686 3898
1687 3901
1688 3904
1689 3896
1690 3911
1691 3897
1692 3911
1693 3903
1694 3907
1695 3924
1696 3902
1697 3914
1698 3901
1699 3893
1700 3897
1701 3892
1702 3899
1703 3917
1704 3958
1705 3901
1706 3890
1707 3901
1708 3909
1709 3891
1710 3911
1711 3920
1712 3935
1713 3898
1714 3916
1715 3901
1716 3905
1717 3912
1718 3903
1719 3901
1720 3896
1721 3906
1722 3915
1723 3914
1724 3955
1725 3895
1726 3909
1727 3925
1728 3903
1729 3894
1730 3955
1731 3904
1732 3912
1733 3905
1734 3902
1735 3904
1736 3907
1737 3921
1738 3897
1739 3917
1740 3917
1741 3915
1742 3900
1743 3922
1744 3922
1745 3930
1746 3892
1747 3894
1748 3895
1749 3941
1750 3903
1751 3892
1752 3903
1753 3889
1754 3901
1755 3899
1756 3901
1757 3906
1758 3956
1759 3892
1760 3895
1761 3892
1762 3894
1763 3908
1764 3901
1765 3904
1766 3892
1767 3898
1768 3910
1769 3895
1770 3889
1771 3904
1772 3911
1773 3894
1774 3896
1775 3899
1776 3908
1777 3894
1778 3905
1779 3893
1780 3911
1781 3929
1782 3899
1783 3894
1784 3932
1785 3892
1786 3930
1787 3889
1788 3900
1789 3900
1790 3961
1791 3912
1792 3897
1793 3916
1794 3906
1795 3897
1796 3894
1797 3891
1798 3897
1799 3899
1800 3910
1801 3893
1802 3916
1803 3902
1804 3899
1805 3906
1806 3893
1807 3905
1808 3901
1809 3916
1810 3910
1811 3888
1812 3913
1813 3903
1814 3903
1815 3899
1816 3896
1817 3899
1818 3912
1819 3894
1820 3895
1821 3894
1822 3895
1823 3894
1824 3905
1825 3905
1826 3902
1827 3900
1828 3903
1829 3912
1830 3896
1831 3899
1832 3911
1833 3889
1834 3901
1835 3912
1836 3925
1837 3913
1838 3906
1839 3932
1840 3894
1841 3907
1842 3907
1843 3892
1844 3915
1845 3893
1846 3960
1847 3905
1848 3896
1849 3896
1850 3916
1851 3899
1852 3899
1853 3895
1854 3914
1855 3894
1856 3930
1857 3911
1858 3904
1859 3916
1860 3906
1861 3903
1862 3904
1863 3923
1864 3898
1865 3915
1866 3921
1867 3897
1868 3915
1869 3906
1870 3953
1871 3931
1872 3898
1873 3914
1874 3907
1875 3901
1876 3929
1877 3905
1878 3906
1879 3902
1880 3893
1881 3949
1882 3900
1883 3894
1884 3892
1885 3905
1886 3895
1887 3912
1888 3909
1889 3898
1890 3913
1891 3903
1892 3905
1893 3938
1894 3908
1895 3912
1896 3904
1897 3894
1898 3900
1899 3895
1900 3897
1901 3901
1902 3905
1903 3900
1904 3906
1905 3889
1906 3906
1907 3924
1908 3920
1909 3932
1910 3914
1911 3893
1912 3915
1913 3940
1914 3904
1915 3893
1916 3915
1917 3938
1918 3905
1919 3901
1920 3916
1921 3898
1922 3906
1923 3908
1924 3908
1925 3915
1926 3942
1927 3927
1928 3914
1929 3890
1930 3901
1931 3903
1932 3904
1933 3909
1934 3920
1935 3956
1936 3924
1937 3910
1938 3903
1939 3929
1940 3909
1941 3909
1942 3907
1943 3955
1944 3909
1945 3900
1946 3901
1947 3897
1948 3953
1949 3901
1950 3919
1951 3891
1952 3903
1953 3894
1954 3913
1955 3933
1956 3922
1957 3918
1958 3903
1959 3907
1960 3894
1961 3909
1962 3919
1963 3908
1964 3903
1965 3915
1966 3905
1967 3898
1968 3898
1969 3895
1970 3906
1971 3926
1972 3907
1973 3916
1974 3901
1975 3906
1976 3913
1977 3901
1978 3929
1979 3891
1980 3906
1981 3955
1982 3906
1983 3946
1984 3893
1985 3910
1986 3961
1987 3914
1988 3901
1989 3899
1990 3909
1991 3895
1992 3904
1993 3903
1994 3925
1995 3919
1996 3898
1997 3933
1998 3913
1999 3911
2000 3901
2001 3896
2002 3944
2003 3897
2004 3903
2005 3908
2006 3904
2007 3896
2008 3907
2009 3902
2010 3905
2011 3890
2012 3914
2013 3898
2014 3899
2015 3905
2016 3899
2017 3900
2018 3901
2019 3913
2020 3896
2021 3893
2022 3893
2023 3905
2024 3904
2025 3946
2026 3906
2027 3956
2028 3898
2029 3901
2030 3908
2031 3904
2032 3899
2033 3921
2034 3895
2035 3907
2036 3896
2037 3908
2038 3897
2039 3925
2040 3905
2041 3942
2042 3945
2043 3914
2044 3906
2045 3896
2046 3941
2047 3901
2048 3900
2049 3900
2050 3918
2051 3908
2052 3901
2053 3909
2054 3905
2055 3906
2056 3904
2057 3920
2058 3940
2059 3898
2060 3914
2061 3908
2062 3898
2063 3919
2064 3925
2065 3902
2066 3911
2067 3898
2068 3919
2069 3962
2070 3921
2071 3898
2072 3911
2073 3905
2074 3913
2075 3896
2076 3905
2077 3906
2078 3897
2079 3913
2080 3910
2081 3892
2082 3904
2083 3901
2084 3911
2085 3894
2086 3894
2087 3903
2088 3911
2089 3939
2090 3909
2091 3907
2092 3904
2093 3898
2094 3906
2095 3913
2096 3912
2097 3917
2098 3953
2099 3894
2100 3899
2101 3901
2102 3950
2103 3917
2104 3927
2105 3902
2106 3904
2107 3907
2108 3902
2109 3899
2110 3905
2111 3893
2112 3907
2113 3901
2114 3961
2115 3897
2116 3961
2117 3926
2118 3914
2119 3904
2120 3907
2121 3899
2122 3909
2123 3908
2124 3893
2125 3902
2126 3900
2127 3935
2128 3901
2129 3901
2130 3914
2131 3891
2132 3897
2133 3895
2134 3918
2135 3912
2136 3907
2137 3908
2138 3913
2139 3904
2140 3961
2141 3894
2142 3894
2143 3902
2144 3911
2145 3891
2146 3910
2147 3957
2148 3904
2149 3900
2150 3907
2151 3902
2152 3896
2153 3905
2154 3899
2155 3906
2156 3907
2157 3897
2158 3906
2159 3901
2160 3914
2161 3897
2162 3896
2163 3894
2164 3902
2165 3907
2166 3895
2167 3919
2168 3906
2169 3906
2170 6678
2171 3941
2172 3923
2173 3926
2174 3903
2175 3944
2176 3897
2177 3904
2178 3909
2179 3906
2180 3911
2181 3896
2182 3907
2183 3910
2184 3897
2185 3896
2186 3903
2187 3894
2188 3898
2189 3889
2190 3908
2191 3922
2192 3910
2193 3899
2194 3901
2195 3902
2196 3909
2197 3900
2198 3905
2199 3897
2200 3944
2201 3891
2202 3918
2203 3898
2204 3906
2205 3906
2206 3904
2207 3901
2208 3897
2209 3922
2210 3907
2211 3895
2212 3916
2213 3909
2214 3902
2215 3929
2216 3914
2217 3905
2218 3929
2219 3893
2220 3903
2221 3890
2222 3902
2223 3897
2224 3902
2225 3918
2226 3915
2227 3900
2228 3907
2229 3896
2230 3898
2231 3925
2232 3910
2233 3900
2234 3902
2235 3909
2236 3900
2237 3943
2238 3922
2239 3905
2240 3912
2241 3896
2242 3906
2243 3899
2244 3954
2245 3896
2246 3917
2247 3899
2248 3907
2249 3898
2250 3906
2251 3903
2252 3913
2253 3890
2254 3909
2255 3944
2256 3907
2257 3889
2258 3903
2259 3898
2260 3904
2261 3914
2262 3910
2263 3926
2264 3905
2265 3902
2266 3911
2267 3910
2268 3910
2269 3939
2270 3901
2271 3893
2272 3959
2273 3906
2274 3914
2275 3909
2276 3912
2277 3896
2278 3914
2279 3918
2280 3903
2281 3926
2282 3930
2283 3901
2284 3905
2285 3923
2286 3911
2287 3889
2288 3901
2289 3933
2290 3909
2291 3926
2292 3914
2293 3895
2294 3913
2295 3900
2296 3909
2297 3893
2298 3913
2299 3914
2300 3903
2301 3904
2302 3901
2303 3896
2304 3904
2305 3890
2306 3916
2307 3911
2308 3902
2309 3917
2310 3902
2311 3900
2312 3920
2313 3941
2314 3917
2315 3904
2316 3895
2317 3919
2318 3907
2319 3893
2320 3898
2321 3899
2322 3900
2323 3901
2324 3900
2325 3891
2326 3900
2327 3889
2328 3898
2329 3952
2330 3916
2331 3922
2332 3912
2333 3925
2334 3906
2335 3895
2336 3952
2337 3909
2338 3898
2339 3906
2340 3902
2341 3959
2342 3900
2343 3891
2344 3921
2345 3907
2346 3907
2347 3915
2348 3898
2349 3898
2350 3917
2351 3905
2352 3929
2353 3905
2354 3931
2355 3892
2356 3902
2357 3896
2358 3900
2359 3903
2360 3913
2361 3919
2362 3936
2363 3913
2364 3891
2365 3940
2366 3952
2367 3893
2368 3893
2369 3908
2370 3906
2371 3903
2372 3897
2373 3893
2374 3888
2375 3931
2376 3912
2377 3904
2378 3907
2379 3897
2380 3916
2381 3892
2382 3911
2383 3899
2384 3919
2385 3929
2386 3911
2387 3897
2388 3902
2389 3903
2390 3908
2391 3905
2392 3927
2393 3899
2394 3907
2395 3905
2396 3895
2397 3916
2398 3972
2399 3916
2400 3893
2401 3889
2402 3924
2403 3897
2404 3900
2405 3898
2406 3899
2407 3900
2408 3900
2409 3919
2410 3909
2411 3908
2412 3908
2413 3926
2414 3971
2415 3910
2416 3935
2417 3900
2418 3900
2419 3915
2420 3943
2421 3900
2422 3907
2423 3896
2424 3899
2425 3900
2426 3899
2427 3895
2428 3909
2429 3926
2430 3917
2431 3916
2432 3910
2433 3903
2434 3902
2435 3909
2436 3906
2437 3914
2438 3975
2439 3902
2440 3903
2441 3907
2442 3896
2443 3923
2444 3919
2445 3897
2446 3888
2447 3925
2448 3948
2449 3932
2450 3900
2451 3892
2452 3908
2453 3931
2454 3937
2455 3909
2456 3912
2457 3926
2458 3901
2459 3895
2460 3923
2461 3907
2462 3903
2463 3887
2464 3924
2465 3913
2466 3893
2467 3910
2468 3917
2469 3907
2470 3896
2471 3905
2472 3901
2473 3905
2474 3901
2475 3899
2476 3893
2477 3903
2478 3901
2479 3905
2480 3904
2481 3897
2482 3909
2483 3917
2484 3901
2485 3898
2486 3900
2487 3903
2488 3907
2489 3905
2490 3951
2491 3917
2492 3917
2493 3919
2494 3907
2495 3899
2496 3902
2497 3918
2498 3913
2499 3916
2500 3918
2501 3926
2502 3928
2503 3958
2504 3900
2505 3895
2506 3898
2507 3909
2508 3900
2509 3909
2510 3903
2511 3899
2512 3900
2513 3907
2514 3907
2515 3893
2516 3941
2517 3897
2518 3912
2519 3936
2520 3893
2521 3902
2522 3892
2523 3905
2524 3909
2525 3944
2526 3908
2527 3890
2528 3899
2529 3900
2530 3903
2531 3933
2532 3911
2533 3927
2534 3933
2535 3905
2536 3910
2537 3933
2538 3905
2539 3899
2540 3907
2541 3949
2542 3902
2543 3927
2544 3900
2545 3903
2546 3904
2547 3911
2548 3909
2549 3900
2550 3931
2551 3897
2552 3910
2553 3919
2554 3897
2555 3898
2556 3911
2557 3905
2558 3922
2559 3903
2560 3906
2561 3895
2562 3900
2563 3906
2564 3911
2565 3904
2566 3909
2567 3919
2568 3906
2569 3915
2570 3957
2571 3898
2572 3922
2573 3940
2574 3922
2575 3923
2576 3901
2577 3891
2578 3908
2579 3908
2580 3932
2581 3897
2582 3919
2583 3909
2584 3926
2585 3901
2586 3928
2587 3911
2588 3904
2589 3900
2590 3915
2591 3900
2592 3954
2593 3894
2594 3904
2595 3904
2596 3898
2597 3912
2598 3910
2599 3913
2600 3914
2601 3907
2602 3894
2603 3917
2604 3896
2605 3895
2606 3898
2607 3898
2608 3911
2609 3948
2610 3908
2611 3904
2612 3917
2613 3925
2614 3913
2615 3908
2616 3910
2617 3906
2618 3918
2619 3901
2620 3905
2621 3960
2622 3940
2623 3895
2624 3912
2625 3892
2626 3908
2627 3893
2628 3932
2629 3890
2630 3901
2631 3908
2632 3899
2633 3902
2634 3906
2635 3945
2636 3902
2637 3897
2638 3904
2639 3891
2640 3897
2641 3899
2642 3913
2643 3920
2644 3929
2645 3902
2646 3914
2647 3906
2648 3960
2649 3901
2650 3949
2651 3904
2652 3906
2653 3901
2654 3914
2655 3917
2656 3909
2657 3902
2658 3894
2659 3909
2660 3917
2661 3894
2662 3939
2663 3944
2664 3907
2665 3902
2666 3906
2667 3901
2668 3907
2669 3915
2670 7267
2671 3886
2672 3901
2673 3909
2674 3973
2675 3891
2676 3906
2677 3945
2678 3910
2679 3897
2680 3903
2681 3931
2682 3939
2683 3934
2684 3914
2685 3897
2686 3931
2687 3896
2688 3904
2689 3901
2690 3909
2691 3901
2692 3905
2693 3911
2694 3905
2695 3901
2696 3908
2697 3897
2698 3899
2699 3904
2700 3899
2701 3912
2702 3913
2703 3923
2704 3913
2705 3905
2706 3918
2707 3946
2708 3909
2709 3896
2710 3903
2711 3895
2712 3922
2713 3907
2714 3901
2715 3895
2716 3924
2717 3896
2718 3897
2719 3904
2720 3927
2721 3900
2722 3902
2723 3899
2724 3903
2725 3909
2726 3932
2727 3891
2728 3898
2729 3897
2730 3905
2731 3911
2732 3973
2733 3889
2734 3914
2735 3952
2736 3908
2737 3959
2738 3907
2739 3896
2740 3930
2741 3893
2742 3920
2743 3901
2744 3900
2745 3907
2746 3912
2747 3905
2748 3907
2749 3887
2750 3901
2751 3904
2752 3904
2753 3904
2754 3907
2755 3947
2756 3911
2757 3896
2758 3891
2759 3918
2760 3918
2761 3900
2762 3898
2763 3901
2764 3919
2765 3912
2766 3909
2767 3896
2768 3892
2769 3911
2770 3901
2771 3909
2772 3912
2773 3914
2774 3915
2775 3929
2776 3924
2777 3899
2778 3912
2779 3917
2780 3947
2781 3903
2782 3891
2783 3887
2784 3902
2785 3903
2786 3906
2787 3919
2788 3896
2789 3904
2790 3908
2791 3899
2792 3954
2793 3905
2794 3905
2795 3905
2796 3919
2797 3907
2798 3962
2799 3893
2800 3952
2801 3894
2802 3905
2803 3904
2804 3911
2805 3898
2806 3910
2807 3909
2808 3907
2809 3939
2810 3897
2811 3912
2812 3893
2813 3907
2814 3941
2815 3903
2816 3913
2817 3907
2818 3898
2819 3920
2820 3895
2821 3931
2822 3910
2823 3946
2824 3907
2825 3892
2826 3902
2827 3892
2828 3907
2829 3896
2830 3894
2831 3921
2832 3906
2833 3896
2834 3911
2835 3909
2836 3920
2837 3887
2838 3912
2839 3900
2840 3907
2841 3905
2842 3903
2843 3945
2844 3908
2845 3899
2846 3900
2847 3913
2848 3907
2849 3947
2850 3926
2851 3897
2852 3913
2853 3906
2854 3921
2855 3906
2856 3949
2857 3926
2858 3923
2859 3916
2860 3911
2861 3926
2862 3906
2863 3914
2864 3913
2865 3913
2866 3910
2867 3918
2868 3906
2869 3904
2870 3912
2871 3898
2872 3896
2873 3905
2874 3966
2875 3914
2876 3909
2877 3893
2878 3910
2879 3897
2880 3940
2881 3918
2882 3894
2883 3914
2884 3913
2885 3923
2886 3917
2887 3904
2888 3912
2889 3895
2890 3909
2891 3895
2892 3909
2893 3911
2894 3912
2895 3899
2896 3914
2897 3931
2898 3914
2899 3910
2900 3929
2901 3905
2902 3899
2903 3956
2904 3897
2905 3908
2906 3896
2907 3900
2908 3900
2909 3900
2910 3889
2911 3897
2912 3914
2913 3905
2914 3926
2915 3897
2916 3901
2917 3905
2918 3903
2919 3907
2920 3923
2921 3910
2922 3902
2923 3904
2924 3905
2925 3896
2926 3898
2927 3921
2928 3895
2929 3899
2930 3916
2931 3891
2932 3917
2933 3890
2934 3920
2935 3920
2936 3921
2937 3899
2938 3905
2939 3905
2940 3930
2941 3917
2942 3896
2943 3907
2944 3924
2945 3929
2946 3935
2947 3930
2948 3924
2949 3900
2950 3902
2951 3946
2952 3899
2953 3936
2954 3897
2955 3897
2956 3909
2957 3904
2958 3905
2959 3900
2960 3901
2961 3956
2962 3911
2963 3899
2964 3909
2965 3966
2966 3919
2967 3940
2968 3920
2969 3929
2970 3902
2971 3915
2972 3909
2973 3896
2974 3900
2975 3923
2976 3907
2977 3896
2978 3950
2979 3894
2980 3908
2981 3901
2982 3954
2983 3904
2984 3931
2985 3942
2986 3909
2987 3910
2988 3913
2989 3890
2990 3909
2991 3902
2992 3933
2993 3898
2994 3916
2995 3909
2996 3919
2997 3905
2998 3954
2999 3903
3000 3899
3001 3921
3002 3905
3003 3915
3004 3903
3005 3918
3006 3910
3007 3894
3008 3917
3009 3939
3010 3909
3011 3890
3012 3922
3013 3914
3014 3947
3015 3905
3016 3910
3017 3978
3018 3910
3019 3903
3020 3914
3021 3899
3022 3905
3023 3898
3024 3912
3025 3915
3026 3910
3027 3908
3028 3910
3029 3900
3030 3904
3031 3899
3032 3932
3033 3894
3034 3915
3035 3896
3036 3907
3037 3919
3038 3903
3039 3915
3040 3914
3041 3917
3042 3977
3043 3909
3044 3932
3045 3911
3046 3900
3047 3902
3048 3914
3049 3905
3050 3913
3051 3897
3052 3888
3053 3897
3054 3910
3055 3904
3056 3907
3057 3907
3058 3903
3059 3893
3060 3917
3061 3902
3062 3906
3063 3891
3064 3913
3065 3900
3066 3903
3067 3921
3068 3902
3069 3895
3070 3899
3071 3896
3072 3915
3073 3907
3074 3914
3075 3899
3076 3900
3077 3901
3078 3896
3079 3892
3080 3907
3081 3903
3082 3898
3083 3908
3084 3911
3085 3896
3086 3930
3087 3914
3088 3912
3089 3908
3090 3911
3091 3904
3092 3905
3093 3910
3094 3897
3095 3955
3096 3900
3097 3904
3098 3900
3099 3906
3100 3901
3101 3900
3102 3897
3103 3905
3104 3918
3105 3910
3106 3917
3107 3896
3108 3917
3109 3899
3110 3907
3111 3913
3112 3899
3113 3899
3114 3911
3115 3907
3116 3896
3117 3908
3118 3901
3119 3890
3120 3944
3121 3935
3122 3900
3123 3944
3124 3984
3125 3904
3126 3903
3127 3905
3128 3903
3129 3897
3130 3935
3131 3890
3132 3903
3133 3910
3134 3956
3135 3910
3136 3900
3137 3902
3138 3889
3139 3902
3140 3914
3141 3899
3142 3948
3143 3902
3144 3903
3145 3908
3146 3913
3147 3897
3148 3900
3149 3942
3150 3905
3151 3897
3152 3920
3153 3898
3154 3909
3155 3884
3156 3927
3157 3894
3158 3927
3159 3892
3160 3906
3161 3893
3162 3900
3163 3893
3164 3898
3165 3886
3166 3893
3167 3902
3168 3900
3169 3927
3170 6678
3171 3897
3172 3923
3173 3894
3174 3916
3175 3891
3176 3960
3177 3901
3178 3902
3179 3917
3180 3898
3181 3900
3182 3901
3183 3932
3184 3903
3185 3899
3186 3907
3187 3893
3188 3889
3189 3891
3190 3891
3191 3888
3192 3917
3193 3892
3194 3901
3195 3891
3196 3901
3197 3901
3198 3954
3199 3908
3200 3955
3201 3892
3202 3925
3203 3894
3204 3899
3205 3935
3206 3898
3207 3892
3208 3891
3209 3894
3210 3914
3211 3902
3212 3903
3213 3901
3214 3913
3215 3910
3216 3917
3217 3897
3218 3893
3219 3893
3220 3899
3221 3889
3222 3905
3223 3904
3224 3897
3225 3895
3226 3902
3227 3907
3228 3902
3229 3910
3230 3890
3231 3899
3232 3911
3233 3895
3234 3903
3235 3898
3236 3903
3237 3890
3238 3907
3239 3915
3240 3917
3241 3894
3242 3901
3243 3896
3244 3895
3245 3896
3246 3896
3247 3889
3248 3902
3249 3892
3250 3906
3251 3887
3252 3901
3253 3956
3254 3895
3255 3887
3256 3891
3257 3896
3258 3892
3259 3893
3260 3902
3261 3902
3262 3913
3263 3891
3264 3909
3265 3896
3266 3907
3267 3897
3268 3898
3269 3885
3270 3891
3271 3899
3272 3898
3273 3892
3274 3903
3275 3890
3276 3898
3277 3902
3278 3903
3279 3889
3280 3901
3281 3900
3282 3899
3283 3898
3284 3911
3285 3890
3286 3922
3287 3893
3288 3904
3289 3902
3290 3893
3291 3903
3292 3937
3293 3892
3294 3900
3295 3895
3296 3903
3297 3905
3298 3899
3299 3896
3300 3895
3301 3937
3302 3907
3303 3893
3304 3931
3305 3887
3306 3893
3307 3941
3308 3884
3309 3899
3310 3911
3311 3921
3312 3898
3313 3899
3314 3909
3315 3911
3316 3904
3317 3926
3318 3913
3319 3905
3320 3881
3321 3887
3322 3912
3323 3926
3324 3889
3325 3898
3326 3898
3327 3897
3328 3909
3329 3926
3330 3893
3331 3905
3332 3905
3333 3900
3334 3901
3335 3897
3336 3956
3337 3893
3338 3911
3339 3892
3340 3901
3341 3915
3342 3901
3343 3899
3344 3897
3345 3888
3346 3901
3347 3896
3348 3899
3349 3901
3350 3913
3351 3932
3352 3913
3353 3914
3354 3906
3355 3896
3356 3907
3357 3893
3358 3915
3359 3882
3360 3915
3361 3901
3362 3914
3363 3883
3364 3899
3365 3914
3366 3914
3367 3923
3368 3904
3369 3896
3370 3910
3371 3902
3372 3904
3373 3894
3374 3914
3375 3899
3376 3893
3377 3891
3378 3892
3379 3909
3380 3897
3381 3898
3382 3896
3383 3917
3384 3901
3385 3883
3386 3901
3387 3895
3388 3903
3389 3918
3390 3908
3391 3895
3392 3893
3393 3901
3394 3889
3395 3894
3396 3891
3397 3893
3398 3898
3399 3906
3400 3897
3401 3903
3402 3905
3403 3910
3404 3901
3405 3896
3406 3953
3407 3896
3408 3890
3409 3899
3410 3895
3411 3899
3412 3922
3413 3906
3414 3912
3415 3898
3416 3905
3417 3899
3418 3925
3419 3908
3420 3941
3421 3896
3422 3909
3423 3941
3424 3900
3425 3915
3426 3947
3427 3910
3428 3898
3429 3901
3430 3902
3431 3893
3432 3898
3433 3906
3434 3893
3435 3897
3436 3902
3437 3895
3438 3911
3439 3895
3440 3916
3441 3910
3442 3905
3443 3893
3444 3901
3445 3910
3446 3897
3447 3911
3448 3911
3449 3895
3450 3901
3451 3889
3452 3900
3453 3896
3454 3918
3455 3897
3456 3898
3457 3915
3458 3904
3459 3893
3460 3917
3461 3894
3462 3900
3463 3898
3464 3916
3465 3892
3466 3893
3467 3927
3468 3928
3469 3899
3470 3898
3471 3892
3472 3902
3473 3940
3474 3903
3475 3898
3476 3899
3477 3896
3478 3904
3479 3895
3480 3893
3481 3908
3482 3897
3483 3903
3484 3891
3485 3895
3486 3899
3487 3882
3488 3946
3489 3888
3490 3917
3491 3888
3492 3914
3493 3888
3494 3892
3495 3903
3496 3911
3497 3895
3498 3916
3499 3896
3500 3937
3501 3903
3502 3900
3503 3900
3504 3896
3505 3893
3506 3900
3507 3904
3508 3937
3509 3904
3510 3902
3511 3898
3512 3897
3513 3897
3514 3904
3515 3901
3516 3902
3517 3890
3518 3905
3519 3942
3520 3898
3521 3901
3522 3889
3523 3895
3524 3913
3525 3901
3526 3896
3527 3899
3528 3892
3529 3894
3530 3907
3531 3898
3532 3896
3533 3925
3534 3890
3535 3913
3536 3899
3537 3899
3538 3901
3539 3895
3540 3945
3541 3895
3542 3896
3543 3896
3544 3896
3545 3883
3546 3896
3547 3897
3548 3888
3549 3900
3550 3890
3551 3890
3552 3885
3553 3897
3554 3889
3555 3883
3556 3894
3557 3940
3558 3894
3559 3904
3560 3901
3561 3899
3562 3891
3563 3887
3564 3893
3565 3944
3566 3907
3567 3891
3568 3894
3569 3905
3570 3892
3571 3873
3572 3885
3573 3899
3574 3899
3575 3897
3576 3899
3577 3928
3578 3887
3579 3892
3580 3899
3581 3891
3582 3893
3583 3882
3584 3940
3585 3901
3586 3914
3587 3885
3588 3893
3589 3898
3590 3889
3591 3892
3592 3896
3593 3899
3594 3891
3595 3890
3596 3897
3597 3891
3598 3894
3599 3928
3600 3891
3601 3892
3602 3896
3603 3897
3604 3905
3605 3896
3606 3891
3607 3886
3608 3886
3609 3899
3610 3903
3611 3928
3612 3894
3613 3903
3614 3889
3615 3945
3616 3894
3617 3893
3618 3888
3619 3910
3620 3921
3621 3904
3622 3892
3623 3940
3624 3899
3625 3891
3626 3899
3627 3910
3628 3886
3629 3925
3630 3894
3631 3901
3632 3881
3633 3893
3634 3893
3635 3880
3636 3891
3637 3906
3638 3899
3639 3886
3640 3904
3641 3890
3642 3891
3643 3884
3644 3894
3645 3898
3646 3886
3647 3892
3648 3907
3649 3884
3650 3945
3651 3931
3652 3891
3653 3898
3654 3891
3655 3894
3656 3927
3657 3892
3658 3886
3659 3889
3660 3899
3661 3892
3662 3924
3663 3896
3664 3889
3665 3898
3666 3891
3667 3898
3668 3893
3669 3895
3670 6545
3671 3885
3672 3895
3673 3893
3674 3892
3675 3903
3676 3893
3677 3897
3678 3888
3679 3909
3680 3899
3681 3898
3682 3897
3683 3888
3684 3888
3685 3899
3686 3928
3687 3897
3688 3892
3689 3892
3690 3890
3691 3911
3692 3900
3693 3890
3694 3890
3695 3915
3696 3902
3697 3938
3698 3892
3699 3888
3700 3918
3701 3918
3702 3893
3703 3891
3704 3896
3705 3897
3706 3912
3707 3900
3708 3902
3709 3894
3710 3900
3711 3905
3712 3897
3713 3915
3714 3896
3715 3887
3716 3890
3717 3902
3718 3892
3719 3895
3720 3889
3721 3891
3722 3919
3723 3891
3724 3902
3725 3900
3726 3899
3727 3927
3728 3897
3729 3904
3730 3891
3731 3912
3732 3908
3733 3924
3734 3903
3735 3888
3736 3900
3737 3901
3738 3902
3739 3912
3740 3902
3741 3905
3742 3906
3743 3900
3744 3883
3745 3897
3746 3887
3747 3894
3748 3893
3749 3891
3750 3888
3751 3903
3752 3893
3753 3892
3754 3892
3755 3919
3756 3901
3757 3891
3758 3882
3759 3886
3760 3891
3761 3922
3762 3905
3763 3880
3764 3891
3765 3898
3766 3899
3767 3912
3768 3947
3769 3899
3770 3909
3771 3887
3772 3892
3773 3884
3774 3899
3775 3889
3776 3895
3777 3923
3778 3889
3779 3888
3780 3893
3781 3885
3782 3889
3783 3883
3784 3887
3785 3883
3786 3885
3787 3952
3788 3885
3789 3934
3790 3887
3791 3892
3792 3901
3793 3889
3794 3898
3795 3889
3796 3894
3797 3893
3798 3923
3799 3893
3800 3883
3801 3886
3802 3886
3803 3897
3804 3907
3805 3908
3806 3890
3807 3920
3808 3894
3809 3912
3810 3893
3811 3881
3812 3889
3813 3900
3814 3895
3815 3890
3816 3893
3817 3888
3818 3912
3819 3900
3820 3903
3821 3884
3822 3897
3823 3881
3824 3892
3825 3898
3826 3900
3827 3880
3828 3903
3829 3901
3830 3891
3831 3908
3832 3894
3833 3905
3834 3891
3835 3903
3836 3892
3837 3907
3838 3941
3839 3946
3840 3892
3841 3914
3842 3893
3843 3940
3844 3895
3845 3919
3846 3892
3847 3915
3848 3896
3849 3884
3850 3893
3851 3895
3852 3957
3853 3885
3854 3886
3855 3906
3856 3895
3857 3891
3858 3919
3859 3908
3860 3895
3861 3888
3862 3947
3863 3891
3864 3893
3865 3895
3866 3892
3867 3900
3868 3886
3869 3898
3870 3910
3871 3900
3872 3886
3873 3898
3874 3895
3875 3888
3876 3896
3877 3895
3878 3891
3879 3900
3880 3895
3881 3908
3882 3893
3883 3893
3884 3893
3885 3889
3886 3896
3887 3915
3888 3896
3889 3904
3890 3894
3891 3881
3892 3895
3893 3902
3894 3896
3895 3892
3896 3889
3897 3887
3898 3891
3899 3957
3900 3888
3901 3882
3902 3899
3903 3885
3904 3892
3905 3884
3906 3898
3907 3901
3908 3900
3909 3925
3910 3936
3911 3890
3912 3890
3913 3878
3914 3931
3915 3888
3916 3893
3917 3886
3918 3893
3919 3888
3920 3894
3921 3884
3922 3897
3923 3899
3924 3892
3925 3930
3926 3891
3927 3905
3928 3899
3929 3917
3930 3894
3931 3909
3932 3908
3933 3891
3934 3883
3935 3880
3936 3897
3937 3905
3938 3891
3939 3930
3940 3886
3941 3878
3942 3896
3943 3917
3944 3889
3945 3925
3946 3910
3947 3894
3948 3930
3949 3904
3950 3897
3951 3889
3952 3893
3953 3908
3954 3919
3955 3897
3956 3894
3957 3899
3958 3928
3959 3940
3960 3940
3961 3892
3962 3922
3963 3904
3964 3907
3965 3905
3966 3957
3967 3911
3968 3905
3969 3896
3970 3915
3971 3950
3972 3908
3973 3894
3974 3957
3975 3904
3976 3901
3977 3918
3978 3904
3979 3911
3980 3908
3981 3897
3982 3914
3983 3912
3984 3899
3985 3907
3986 3902
3987 3962
3988 3901
3989 3933
3990 3912
3991 3908
3992 3895
3993 3923
3994 3897
3995 3922
3996 3898
3997 3894
3998 3898
3999 3909
4000 3893
4001 3912
4002 3903
4003 3906
4004 3936
4005 3899
4006 3888
4007 3904
4008 3901
4009 3886
4010 3893
4011 3934
4012 3892
4013 3911
4014 3893
4015 3899
4016 3893
4017 3899
4018 3889
4019 3935
4020 3915
4021 3896
4022 3902
4023 3893
4024 3892
4025 3905
4026 3892
4027 3897
4028 3890
4029 3900
4030 3890
4031 3916
4032 3896
4033 3890
4034 3900
4035 3913
4036 3897
4037 3916
4038 3912
4039 3936
4040 3904
4041 3917
4042 3907
4043 3920
4044 3897
4045 3901
4046 3891
4047 3891
4048 3896
4049 3902
4050 3895
4051 3900
4052 3896
4053 3919
4054 3898
4055 3900
4056 3881
4057 3898
4058 3910
4059 3896
4060 3899
4061 3895
4062 3896
4063 3904
4064 3892
4065 3950
4066 3891
4067 3896
4068 3899
4069 3893
4070 3910
4071 3893
4072 3890
4073 3903
4074 3898
4075 3894
4076 3892
4077 3902
4078 3901
4079 3900
4080 3897
4081 3893
4082 3893
4083 3910
4084 3909
4085 3899
4086 3899
4087 3897
4088 3922
4089 3905
4090 3972
4091 3904
4092 3901
4093 3902
4094 3894
4095 3900
4096 3894
4097 3896
4098 3912
4099 3893
4100 3911
4101 3895
4102 3895
4103 3904
4104 3890
4105 3892
4106 3900
4107 3892
4108 3898
4109 3916
4110 3887
4111 3886
4112 3891
4113 3912
4114 3906
4115 3883
4116 3919
4117 3894
4118 3892
4119 3902
4120 3896
4121 3917
4122 3887
4123 3908
4124 3892
4125 3896
4126 3893
4127 3948
4128 3894
4129 3901
4130 3887
4131 3952
4132 3899
4133 3902
4134 3908
4135 3884
4136 3892
4137 3900
4138 3917
4139 3901
4140 3893
4141 3920
4142 3901
4143 3939
4144 3897
4145 3896
4146 3887
4147 3883
4148 3899
4149 3905
4150 3898
4151 3884
4152 3925
4153 3895
4154 3905
4155 3902
4156 3902
4157 3916
4158 3900
4159 3898
4160 3887
4161 3894
4162 3913
4163 3899
4164 3900
4165 3939
4166 3894
4167 3935
4168 3893
4169 3912
4170 3900
4171 6639
4172 3934
4173 3962
4174 3911
4175 3899
4176 3895
4177 3898
4178 3906
4179 3937
4180 3916
4181 3912
4182 3898
4183 3900
4184 3897
4185 3967
4186 3891
4187 3893
4188 3891
4189 3899
4190 3896
4191 3897
4192 3896
4193 3916
4194 3899
4195 3892
4196 3909
4197 3903
4198 3911
4199 3900
4200 3903
4201 3901
4202 3923
4203 3897
4204 3902
4205 3899
4206 3890
4207 3907
4208 3899
4209 3915
4210 3896
4211 3932
4212 3902
4213 3902
4214 3902
4215 3886
4216 3899
4217 3929
4218 3944
4219 3893
4220 3899
4221 3906
4222 3893
4223 3900
4224 3910
4225 3894
4226 3897
4227 3896
4228 3903
4229 3900
4230 3894
4231 3891
4232 3908
4233 3891
4234 3895
4235 3883
4236 3898
4237 3892
4238 3901
4239 3905
4240 3921
4241 3897
4242 3960
4243 3895
4244 3892
4245 3886
4246 3893
4247 3895
4248 3897
4249 3949
4250 3897
4251 3896
4252 3899
4253 3904
4254 3902
4255 3909
4256 3906
4257 3899
4258 3906
4259 3913
4260 3888
4261 3919
4262 3902
4263 3906
4264 3902
4265 3893
4266 3915
4267 3894
4268 3893
4269 3907
4270 3902
4271 3893
4272 3891
4273 3903
4274 3902
4275 3883
4276 3891
4277 3912
4278 3892
4279 3937
4280 3902
4281 3911
4282 3898
4283 3953
4284 3908
4285 3892
4286 3893
4287 3894
4288 3939
4289 3906
4290 3906
4291 3890
4292 3899
4293 3903
4294 3891
4295 3901
4296 3891
4297 3888
4298 3907
4299 3904
4300 3891
4301 3891
4302 3897
4303 3891
4304 3896
4305 3899
4306 3903
4307 3893
4308 3896
4309 3908
4310 3899
4311 3941
4312 3908
4313 3899
4314 3920
4315 3904
4316 3896
4317 3897
4318 3895
4319 3903
4320 3903
4321 3901
4322 3895
4323 3907
4324 3894
4325 3920
4326 3915
4327 3909
4328 3907
4329 3923
4330 3904
4331 3886
4332 3909
4333 3888
4334 3892
4335 3891
4336 3945
4337 3926
4338 3893
4339 3907
4340 3905
4341 3890
4342 3896
4343 3899
4344 3901
4345 3895
4346 3905
4347 3889
4348 3956
4349 3896
4350 3897
4351 3899
4352 3901
4353 3913
4354 3895
4355 3900
4356 3917
4357 3904
4358 3901
4359 3887
4360 3900
4361 3910
4362 3897
4363 3887
4364 3899
4365 3896
4366 3898
4367 3897
4368 3886
4369 3904
4370 3894
4371 3896
4372 3892
4373 3889
4374 3900
4375 3892
4376 3910
4377 3904
4378 3946
4379 3913
4380 3908
4381 3900
4382 3912
4383 3917
4384 3907
4385 3887
4386 3908
4387 3890
4388 3901
4389 3895
4390 3924
4391 3900
4392 3886
4393 3896
4394 3893
4395 3937
4396 3897
4397 3893
4398 3888
4399 3890
4400 3902
4401 3893
4402 3927
4403 3892
4404 3891
4405 3899
4406 3895
4407 3905
4408 3891
4409 3895
4410 3892
4411 3896
4412 3892
4413 3901
4414 3954
4415 3940
4416 3895
4417 3928
4418 3893
4419 3889
4420 3900
4421 3907
4422 3895
4423 3914
4424 3891
4425 3901
4426 3895
4427 3895
4428 3929
4429 3889
4430 3894
4431 3901
4432 3901
4433 3910
4434 3893
4435 3936
4436 3897
4437 3906
4438 3905
4439 3886
4440 3895
4441 3890
4442 3895
4443 3900
4444 3903
4445 3929
4446 3886
4447 3893
4448 3892
4449 3924
4450 3893
4451 3913
4452 3895
4453 3921
4454 3890
4455 3896
4456 3904
4457 3892
4458 3898
4459 3899
4460 3887
4461 3908
4462 3891
4463 3902
4464 3892
4465 3916
4466 3895
4467 3891
4468 3891
4469 3918
4470 3905
4471 3894
4472 3888
4473 3917
4474 3951
4475 3900
4476 3887
4477 3898
4478 3888
4479 3904
4480 3896
4481 3949
4482 3904
4483 3903
4484 3910
4485 3924
4486 3898
4487 3897
4488 3896
4489 3886
4490 3911
4491 3903
4492 3895
4493 3888
4494 3893
4495 3899
4496 3896
4497 3895
4498 3892
4499 3892
4500 3900
4501 3899
4502 3895
4503 3899
4504 3911
4505 3899
4506 3920
4507 3895
4508 3895
4509 3893
4510 3895
4511 3882
4512 3892
4513 3891
4514 3900
4515 3889
4516 3893
4517 3894
4518 3906
4519 3910
4520 3897
4521 3888
4522 3901
4523 3906
4524 3903
4525 3893
4526 3894
4527 3890
4528 3891
4529 3896
4530 3895
4531 3938
4532 3966
4533 3897
4534 3914
4535 3895
4536 3894
4537 3885
4538 3925
4539 3893
4540 3888
4541 3891
4542 3905
4543 3907
4544 3907
4545 3886
4546 3887
4547 3912
4548 3890
4549 3900
4550 3894
4551 3896
4552 3895
4553 3892
4554 3916
4555 3889
4556 3908
4557 3893
4558 3888
4559 3907
4560 3900
4561 3907
4562 3900
4563 3896
4564 3889
4565 3921
4566 3894
4567 3895
4568 3892
4569 3895
4570 3905
4571 3898
4572 3891
4573 3893
4574 3895
4575 3893
4576 3907
4577 3892
4578 3892
4579 3897
4580 3908
4581 3900
4582 3905
4583 3902
4584 3909
4585 3896
4586 3896
4587 3903
4588 3900
4589 3906
4590 3909
4591 3910
4592 3903
4593 3897
4594 3952
4595 3907
4596 3894
4597 3891
4598 3908
4599 3927
4600 3904
4601 3933
4602 3897
4603 3898
4604 3907
4605 3901
4606 3901
4607 3905
4608 3891
4609 3892
4610 3897
4611 3902
4612 3895
4613 3889
4614 3895
4615 3892
4616 3898
4617 3897
4618 3892
4619 3896
4620 3893
4621 3889
4622 3886
4623 3967
4624 3918
4625 3902
4626 3897
4627 3890
4628 3900
4629 3894
4630 3895
4631 3895
4632 3900
4633 3897
4634 3892
4635 3893
4636 3885
4637 3921
4638 3898
4639 3907
4640 3888
4641 3884
4642 3888
4643 3916
4644 3938
4645 3943
4646 3898
4647 3890
4648 3895
4649 3894
4650 3897
4651 3882
4652 3897
4653 3895
4654 3883
4655 3913
4656 3888
4657 3887
4658 3907
4659 3903
4660 3891
4661 3884
4662 3890
4663 3893
4664 3894
4665 3891
4666 3893
4667 3890
4668 3890
4669 3893
4670 3889
4671 5966
4672 3909
4673 3930
4674 3898
4675 3903
4676 3904
4677 3900
4678 3917
4679 3918
4680 3906
4681 3893
4682 3909
4683 3890
4684 3892
4685 3895
4686 3968
4687 3898
4688 3904
4689 3896
4690 3900
4691 3890
4692 3930
4693 3896
4694 3890
4695 3895
4696 3911
4697 3897
4698 3909
4699 3908
4700 3908
4701 3896
4702 3942
4703 3894
4704 3902
4705 3900
4706 3910
4707 3896
4708 3916
4709 3891
4710 3900
4711 3897
4712 3935
4713 3894
4714 3907
4715 3894
4716 3899
4717 3918
4718 3888
4719 3925
4720 3888
4721 3917
4722 3908
4723 3902
4724 3893
4725 3907
4726 3962
4727 3895
4728 3892
4729 3901
4730 3902
4731 3887
4732 3906
4733 3882
4734 3898
4735 3885
4736 3894
4737 3882
4738 3892
4739 3886
4740 3897
4741 3892
4742 3889
4743 3896
4744 3887
4745 3956
4746 3897
4747 3897
4748 3898
4749 3883
4750 3901
4751 3890
4752 3939
4753 3896
4754 3893
4755 3890
4756 3906
4757 3905
4758 3897
4759 3892
4760 3889
4761 3890
4762 3889
4763 3939
4764 3883
4765 3888
4766 3893
4767 3896
4768 3894
4769 3893
4770 3891
4771 3890
4772 3889
4773 3944
4774 3892
4775 3892
4776 3927
4777 3901
4778 3894
4779 3893
4780 3900
4781 3883
4782 3892
4783 3894
4784 3883
4785 3885
4786 3892
4787 3886
4788 3889
4789 3892
4790 3951
4791 3892
4792 3897
4793 3894
4794 3893
4795 3891
4796 3946
4797 3906
4798 3893
4799 3903
4800 3896
4801 3889
4802 3895
4803 3904
4804 3900
4805 3888
4806 3895
4807 3895
4808 3897
4809 3906
4810 3886
4811 3893
4812 3915
4813 3892
4814 3934
4815 3893
4816 3895
4817 3900
4818 3904
4819 3890
4820 3896
4821 3901
4822 3889
4823 3946
4824 3898
4825 3893
4826 3901
4827 3888
4828 3896
4829 3885
4830 3891
4831 3895
4832 3898
4833 3905
4834 3918
4835 3923
4836 3887
4837 3883
4838 3894
4839 3908
4840 3888
4841 3890
4842 3893
4843 3929
4844 3901
4845 3892
4846 3895
4847 3899
4848 3892
4849 3899
4850 3903
4851 3892
4852 3889
4853 3893
4854 3899
4855 3881
4856 3897
4857 3881
4858 3911
4859 3896
4860 3909
4861 3899
4862 3895
4863 3889
4864 3895
4865 3929
4866 3893
4867 3882
4868 3898
4869 3883
4870 3899
4871 3954
4872 3893
4873 3893
4874 3891
4875 3905
4876 3884
4877 3887
4878 3893
4879 3916
4880 3894
4881 3878
4882 3885
4883 3888
4884 3892
4885 3882
4886 3894
4887 3890
4888 3897
4889 3892
4890 3901
4891 3922
4892 3893
4893 3910
4894 3899
4895 3894
4896 3913
4897 3879
4898 3937
4899 3907
4900 3892
4901 3883
4902 3897
4903 3895
4904 3891
4905 3879
4906 3905
4907 3884
4908 3894
4909 3908
4910 3918
4911 3892
4912 3887
4913 3902
4914 3940
4915 3891
4916 3906
4917 3902
4918 3890
4919 3882
4920 3895
4921 3902
4922 3886
4923 3894
4924 3897
4925 3908
4926 3898
4927 3896
4928 3894
4929 3877
4930 3890
4931 3892
4932 3894
4933 3905
4934 3885
4935 3897
4936 3900
4937 3889
4938 3910
4939 3897
4940 3888
4941 3895
4942 3895
4943 3892
4944 3909
4945 3899
4946 3891
4947 3913
4948 3911
4949 3913
4950 3887
4951 3904
4952 3896
4953 3908
4954 3904
4955 3884
4956 3898
4957 3891
4958 3907
4959 3913
4960 3896
4961 3900
4962 3888
4963 3898
4964 3904
4965 3884
4966 3899
4967 3882
4968 3911
4969 3898
4970 3901
4971 3891
4972 3903
4973 3875
4974 3911
4975 3879
4976 3900
4977 3897
4978 3891
4979 3901
4980 3900
4981 3889
4982 3891
4983 3907
4984 3899
4985 3910
4986 3905
4987 3914
4988 3941
4989 3894
4990 3891
4991 3889
4992 3906
4993 3896
4994 3893
4995 3912
4996 3894
4997 3891
4998 3941
4999 3900
5000 3894
5001 3915
5002 3895
5003 3912
5004 3902
5005 3957
5006 3914
5007 3939
5008 3912
5009 3952
5010 3918
5011 3900
5012 3895
5013 3899
5014 3906
5015 3893
5016 3898
5017 3887
5018 3896
5019 3891
5020 3923
5021 3899
5022 3892
5023 3886
5024 3896
5025 3912
5026 3892
5027 3892
5028 3915
5029 3900
5030 3885
5031 3906
5032 3911
5033 3921
5034 3944
5035 3896
5036 3971
5037 3900
5038 3904
5039 3895
5040 3895
5041 3894
5042 3889
5043 3897
5044 3892
5045 3884
5046 3888
5047 3918
5048 3894
5049 3891
5050 3904
5051 3887
5052 3895
5053 3885
5054 3903
5055 3888
5056 3895
5057 3881
5058 3897
5059 3899
5060 3898
5061 3904
5062 3903
5063 3905
5064 3911
5065 3891
5066 3892
5067 3905
5068 3914
5069 3892
5070 3900
5071 3886
5072 3896
5073 3895
5074 3894
5075 3901
5076 3890
5077 3907
5078 3897
5079 3900
5080 3896
5081 3903
5082 3906
5083 3902
5084 3894
5085 3900
5086 3895
5087 3902
5088 3896
5089 3907
5090 3895
5091 3901
5092 3886
5093 3895
5094 3889
5095 3902
5096 3896
5097 3888
5098 3891
5099 3903
5100 3903
5101 3893
5102 3944
5103 3902
5104 3892
5105 3898
5106 3898
5107 3892
5108 3948
5109 3906
5110 3892
5111 3898
5112 3901
5113 3883
5114 3949
5115 3894
5116 3891
5117 3906
5118 3894
5119 3888
5120 3904
5121 3897
5122 3895
5123 3897
5124 3912
5125 3897
5126 3910
5127 3893
5128 3890
5129 3888
5130 3905
5131 3896
5132 3898
5133 3885
5134 3897
5135 3892
5136 3909
5137 3892
5138 3896
5139 3916
5140 3897
5141 3900
5142 3891
5143 3953
5144 3903
5145 3941
5146 3899
5147 3897
5148 3912
5149 3892
5150 3896
5151 3897
5152 3901
5153 3892
5154 3893
5155 3888
5156 3950
5157 3916
5158 3888
5159 3911
5160 3894
5161 3901
5162 3911
5163 3897
5164 3889
5165 3910
5166 3892
5167 3888
5168 3895
5169 3908
5170 3911
5171 6978
5172 3981
5173 3913
5174 3973
5175 3899
5176 3943
5177 3905
5178 3906
5179 3934
5180 3911
5181 3928
5182 3902
5183 3894
5184 3903
5185 3895
5186 3892
5187 3901
5188 3913
5189 3908
5190 3902
5191 3902
5192 3910
5193 3907
5194 3896
5195 3895
5196 3899
5197 3901
5198 3899
5199 3895
5200 3904
5201 3885
5202 3912
5203 3894
5204 3920
5205 3887
5206 3889
5207 3887
5208 3895
5209 3892
5210 3888
5211 3895
5212 3897
5213 3891
5214 3892
5215 3884
5216 3888
5217 3898
5218 3897
5219 3887
5220 3894
5221 3884
5222 3908
5223 3890
5224 3896
5225 3889
5226 3907
5227 3889
5228 3892
5229 3882
5230 3910
5231 3929
5232 3891
5233 3893
5234 3898
5235 3883
5236 3889
5237 3882
5238 3918
5239 3887
5240 3895
5241 3894
5242 3909
5243 3937
5244 3894
5245 3889
5246 3892
5247 3889
5248 3896
5249 3899
5250 3901
5251 3913
5252 3911
5253 3878
5254 3896
5255 3886
5256 3895
5257 3900
5258 3887
5259 3896
5260 3890
5261 3887
5262 3897
5263 3902
5264 3893
5265 3889
5266 3888
5267 3898
5268 3888
5269 3886
5270 3896
5271 3922
5272 3897
5273 3912
5274 3905
5275 3881
5276 3911
5277 3905
5278 3902
5279 3902
5280 3900
5281 3899
5282 3914
5283 3897
5284 3915
5285 3898
5286 3885
5287 3884
5288 3899
5289 3882
5290 3906
5291 3894
5292 3909
5293 3904
5294 3896
5295 3895
5296 3897
5297 3884
5298 3890
5299 3890
5300 3906
5301 3920
5302 3900
5303 3906
5304 3890
5305 3894
5306 3896
5307 3884
5308 3912
5309 3897
5310 3888
5311 3897
5312 3891
5313 3894
5314 3887
5315 3906
5316 3907
5317 3888
5318 3892
5319 3890
5320 3893
5321 3900
5322 3884
5323 3908
5324 3911
5325 3891
5326 3911
5327 3899
5328 3885
5329 3903
5330 3893
5331 3882
5332 3896
5333 3890
5334 3884
5335 3890
5336 3889
5337 3936
5338 3901
5339 3898
5340 3895
5341 3892
5342 3904
5343 3897
5344 3931
5345 3892
5346 3892
5347 3896
5348 3895
5349 3894
5350 3891
5351 3887
5352 3897
5353 3880
5354 3901
5355 3929
5356 3903
5357 3892
5358 3905
5359 3892
5360 3893
5361 3894
5362 3889
5363 3885
5364 3901
5365 3897
5366 3890
5367 3878
5368 3894
5369 3914
5370 3896
5371 3902
5372 3889
5373 3896
5374 3894
5375 3958
5376 3937
5377 3896
5378 3895
5379 3886
5380 3898
5381 3920
5382 3951
5383 3896
5384 3902
5385 3881
5386 3896
5387 3884
5388 3904
5389 3897
5390 3886
5391 3948
5392 3886
5393 3938
5394 3888
5395 3910
5396 3894
5397 3889
5398 3934
5399 3901
5400 3895
5401 3886
5402 3888
5403 3886
5404 3899
5405 3874
5406 3894
5407 3885
5408 3909
5409 3889
5410 3893
5411 3898
5412 3921
5413 3883
5414 3967
5415 3882
5416 3890
5417 3884
5418 3929
5419 3899
5420 3902
5421 3905
5422 3911
5423 3908
5424 3929
5425 3910
5426 3904
5427 3901
5428 3886
5429 3918
5430 3903
5431 3882
5432 3900
5433 3879
5434 3886
5435 3894
5436 3897
5437 3902
5438 3903
5439 3895
5440 3902
5441 3905
5442 3914
5443 3901
5444 3890
5445 3960
5446 3904
5447 3937
5448 3912
5449 3893
5450 3879
5451 3924
5452 3895
5453 3896
5454 3897
5455 3890
5456 3892
5457 3904
5458 3891
5459 3888
5460 3898
5461 3897
5462 3906
5463 3902
5464 3901
5465 3886
5466 3888
5467 3898
5468 3901
5469 3902
5470 3895
5471 3906
5472 3920
5473 3889
5474 3900
5475 3889
5476 3887
5477 3915
5478 3896
5479 3882
5480 3897
5481 3886
5482 3885
5483 3931
5484 3897
5485 3885
5486 3893
5487 3894
5488 3902
5489 3887
5490 3882
5491 3919
5492 3890
5493 3895
5494 3912
5495 3883
5496 3896
5497 3885
5498 3909
5499 3891
5500 3889
5501 3898
5502 3889
5503 3882
5504 3889
5505 3894
5506 3894
5507 3894
5508 3892
5509 3887
5510 3890
5511 3883
5512 3894
5513 3903
5514 3909
5515 3892
5516 3892
5517 3896
5518 3902
5519 3905
5520 3898
5521 3904
5522 3907
5523 3894
5524 3909
5525 3914
5526 3942
5527 3928
5528 3887
5529 3900
5530 3892
5531 3890
5532 3905
5533 3879
5534 3902
5535 3887
5536 3888
5537 3905
5538 3896
5539 3924
5540 3899
5541 3899
5542 3891
5543 3909
5544 3914
5545 3890
5546 3904
5547 3883
5548 3884
5549 3920
5550 3904
5551 3884
5552 3913
5553 3898
5554 3927
5555 3941
5556 3911
5557 3883
5558 3904
5559 3895
5560 3902
5561 3895
5562 3934
5563 3944
5564 3973
5565 3902
5566 3902
5567 3887
5568 3914
5569 3896
5570 3905
5571 3944
5572 3913
5573 3938
5574 3957
5575 3884
5576 3907
5577 3894
5578 3891
5579 3920
5580 3887
5581 3960
5582 3897
5583 3936
5584 3898
5585 3889
5586 3893
5587 3894
5588 3896
5589 3902
5590 3904
5591 3889
5592 3902
5593 3886
5594 3884
5595 3892
5596 3887
5597 3892
5598 3892
5599 3935
5600 3887
5601 3893
5602 3920
5603 3891
5604 3990
5605 3885
5606 3899
5607 3886
5608 3887
5609 3901
5610 3938
5611 3889
5612 3919
5613 3890
5614 3899
5615 3917
5616 3890
5617 3909
5618 3899
5619 3886
5620 3906
5621 3891
5622 3900
5623 3883
5624 3942
5625 3892
5626 3886
5627 3943
5628 3892
5629 3886
5630 3913
5631 3894
5632 3884
5633 3885
5634 3885
5635 3893
5636 3897
5637 3898
5638 3892
5639 3881
5640 3896
5641 3891
5642 3894
5643 3899
5644 3896
5645 3896
5646 3892
5647 3896
5648 3904
5649 3893
5650 3890
5651 3915
5652 3890
5653 3893
5654 3889
5655 3895
5656 3893
5657 3889
5658 3900
5659 3890
5660 3895
5661 3938
5662 3911
5663 3917
5664 3920
5665 3880
5666 3917
5667 3891
5668 3902
5669 3900
5670 3890
5671 6980
5672 3902
5673 3894
5674 3902
5675 3888
5676 3890
5677 3887
5678 3885
5679 3908
5680 3883
5681 3884
5682 3888
5683 3889
5684 3885
5685 3879
5686 3892
5687 3878
5688 3896
5689 3885
5690 3909
5691 3894
5692 3900
5693 3887
5694 3895
5695 3895
5696 3904
5697 3889
5698 3890
5699 3899
5700 3888
5701 3891
5702 3894
5703 3910
5704 3885
5705 3896
5706 3889
5707 3890
5708 3907
5709 3885
5710 3928
5711 3896
5712 3891
5713 3884
5714 3905
5715 3883
5716 3906
5717 3889
5718 3887
5719 3890
5720 3889
5721 3889
5722 3887
5723 3890
5724 3901
5725 3895
5726 3892
5727 3890
5728 3913
5729 3901
5730 3906
5731 3914
5732 3912
5733 3947
5734 3896
5735 3891
5736 3890
5737 3892
5738 3897
5739 3903
5740 3908
5741 3908
5742 3915
5743 3905
5744 3931
5745 3919
5746 3895
5747 3884
5748 3912
5749 3898
5750 3907
5751 3892
5752 3884
5753 3883
5754 3897
5755 3919
5756 3887
5757 3912
5758 3907
5759 3927
5760 3893
5761 3905
5762 3900
5763 3927
5764 3923
5765 3889
5766 3886
5767 3899
5768 3887
5769 3895
5770 3889
5771 3917
5772 3887
5773 3894
5774 3897
5775 3906
5776 3903
5777 3882
5778 3889
5779 3898
5780 3900
5781 3890
5782 3900
5783 3889
5784 3897
5785 3895
5786 3884
5787 3902
5788 3901
5789 3890
5790 3892
5791 3902
5792 3902
5793 3888
5794 3887
5795 3902
5796 3908
5797 3891
5798 3889
5799 3893
5800 3906
5801 3905
5802 3891
5803 3895
5804 3921
5805 3895
5806 3889
5807 3907
5808 3972
5809 3890
5810 3905
5811 3885
5812 3954
5813 3884
5814 3908
5815 3887
5816 3894
5817 3889
5818 3891
5819 3894
5820 3945
5821 3898
5822 3901
5823 3888
5824 3911
5825 3889
5826 3895
5827 3898
5828 3906
5829 3882
5830 3901
5831 3900
5832 3894
5833 3902
5834 3891
5835 3896
5836 3884
5837 3895
5838 3915
5839 3891
5840 3893
5841 3924
5842 3896
5843 3905
5844 3898
5845 3886
5846 3896
5847 3888
5848 3890
5849 3934
5850 3888
5851 3898
5852 3959
5853 3905
5854 3900
5855 3886
5856 3890
5857 3895
5858 3890
5859 3896
5860 3894
5861 3902
5862 3908
5863 3883
5864 3900
5865 3899
5866 3900
5867 3887
5868 3897
5869 3922
5870 3897
5871 3886
5872 3892
5873 3917
5874 3898
5875 3924
5876 3897
5877 3900
5878 3897
5879 3906
5880 3904
5881 3890
5882 3909
5883 3942
5884 3926
5885 3895
5886 3893
5887 3902
5888 3893
5889 3900
5890 3909
5891 3886
5892 3902
5893 3934
5894 3893
5895 3903
5896 3894
5897 3920
5898 3898
5899 3902
5900 3931
5901 3904
5902 3888
5903 3884
5904 3925
5905 3904
5906 3904
5907 3889
5908 3891
5909 3920
5910 3891
5911 3894
5912 3897
5913 3891
5914 3891
5915 3918
5916 3895
5917 3885
5918 3896
5919 3915
5920 3900
5921 3901
5922 3900
5923 3900
5924 3898
5925 3898
5926 3891
5927 3880
5928 3903
5929 3892
5930 3896
5931 3892
5932 3886
5933 3897
5934 3900
5935 3891
5936 3911
5937 3894
5938 3903
5939 3894
5940 3905
5941 3910
5942 3906
5943 3889
5944 3893
5945 3898
5946 3881
5947 3898
5948 3890
5949 3913
5950 3893
5951 3883
5952 3907
5953 3892
5954 3897
5955 3883
5956 3906
5957 3903
5958 3928
5959 3889
5960 3895
5961 3895
5962 3886
5963 3904
5964 3912
5965 3889
5966 3908
5967 3888
5968 3894
5969 3905
5970 3914
5971 3902
5972 3887
5973 3908
5974 3893
5975 3912
5976 3965
5977 3895
5978 3887
5979 3914
5980 3895
5981 3914
5982 3899
5983 3886
5984 3888
5985 3901
5986 3892
5987 3893
5988 3912
5989 3904
5990 3894
5991 3893
5992 3888
5993 3887
5994 3928
5995 3896
5996 3888
5997 3883
5998 3893
5999 3904
6000 3889
6001 3921
6002 3909
6003 3890
6004 3903
6005 3910
6006 3970
6007 3934
6008 3913
6009 3900
6010 3897
6011 3901
6012 3899
6013 3942
6014 3899
6015 3911
6016 3900
6017 3950
6018 3903
6019 3923
6020 3905
6021 3892
6022 3907
6023 3917
6024 3914
6025 4034
6026 3907
6027 3903
6028 3913
6029 3887
6030 3946
6031 3943
6032 3927
6033 3902
6034 3905
6035 3900
6036 3942
6037 3959
6038 3896
6039 3899
6040 3916
6041 3908
6042 3906
6043 3911
6044 3922
6045 3914
6046 3888
6047 3903
6048 3901
6049 3894
6050 3892
6051 3877
6052 3891
6053 3918
6054 3902
6055 3882
6056 3892
6057 3957
6058 3894
6059 3928
6060 3937
6061 3901
6062 3924
6063 3889
6064 3904
6065 3890
6066 3895
6067 3949
6068 3893
6069 3915
6070 3888
6071 3901
6072 3914
6073 3950
6074 3890
6075 3901
6076 3892
6077 3935
6078 3888
6079 3900
6080 3927
6081 3888
6082 3904
6083 3886
6084 3894
6085 3900
6086 3904
6087 3894
6088 3961
6089 3914
6090 3891
6091 3883
6092 3904
6093 3886
6094 3892
6095 3891
6096 3950
6097 3894
6098 3892
6099 3903
6100 3901
6101 3897
6102 3891
6103 3889
6104 3900
6105 3942
6106 3902
6107 3915
6108 3888
6109 3892
6110 3890
6111 3897
6112 3894
6113 3915
6114 3909
6115 3915
6116 3913
6117 3904
6118 3893
6119 3884
6120 3956
6121 3904
6122 3904
6123 3899
6124 3899
6125 3893
6126 3907
6127 3887
6128 3895
6129 3899
6130 3896
6131 3896
6132 3896
6133 3893
6134 3899
6135 3880
6136 3907
6137 3892
6138 3901
6139 3917
6140 3896
6141 3897
6142 3893
6143 3889
6144 3897
6145 3893
6146 3906
6147 3886
6148 3908
6149 3882
6150 3900
6151 3902
6152 3906
6153 3878
6154 3904
6155 3889
6156 3926
6157 3892
6158 3895
6159 3896
6160 3891
6161 3894
6162 3884
6163 3896
6164 3892
6165 3906
6166 3901
6167 3896
6168 3893
6169 3896
6170 3904
6171 7572
6172 3892
6173 3903
6174 3908
6175 3901
6176 3901
6177 3902
6178 3917
6179 3930
6180 3916
6181 3908
6182 3899
6183 3910
6184 3895
6185 3892
6186 3931
6187 3896
6188 3901
6189 3894
6190 3907
6191 3893
6192 3919
6193 3905
6194 3895
6195 3903
6196 3906
6197 3896
6198 3918
6199 3904
6200 3894
6201 3890
6202 3913
6203 3892
6204 3896
6205 3901
6206 3885
6207 3920
6208 3895
6209 3907
6210 3896
6211 3895
6212 3932
6213 3902
6214 3903
6215 3892
6216 3895
6217 3889
6218 3921
6219 3891
6220 3897
6221 3898
6222 3893
6223 3887
6224 3900
6225 3896
6226 3934
6227 3927
6228 3925
6229 3901
6230 3895
6231 3902
6232 3891
6233 3892
6234 3947
6235 3894
6236 3890
6237 3894
6238 3884
6239 3893
6240 3887
6241 3903
6242 3896
6243 3892
6244 3888
6245 3883
6246 3891
6247 3884
6248 3887
6249 3907
6250 3904
6251 3887
6252 3889
6253 3914
6254 3881
6255 3897
6256 3885
6257 3924
6258 3893
6259 3935
6260 3907
6261 3890
6262 3904
6263 3892
6264 3891
6265 3893
6266 3886
6267 3904
6268 3899
6269 3923
6270 3901
6271 3896
6272 3903
6273 3905
6274 3898
6275 3886
6276 3896
6277 3888
6278 3902
6279 3910
6280 3902
6281 3886
6282 3915
6283 3889
6284 3890
6285 3924
6286 3885
6287 3905
6288 3905
6289 3885
6290 3889
6291 3891
6292 3888
6293 3899
6294 3899
6295 3887
6296 3891
6297 3886
6298 3902
6299 3885
6300 3902
6301 3891
6302 3894
6303 3888
6304 3889
6305 3895
6306 3894
6307 3890
6308 3918
6309 3894
6310 3959
6311 3895
6312 3889
6313 3897
6314 3896
6315 3955
6316 3896
6317 3902
6318 3895
6319 3889
6320 3893
6321 3904
6322 3891
6323 3891
6324 3882
6325 3909
6326 3918
6327 3898
6328 3896
6329 3904
6330 3890
6331 3895
6332 3898
6333 3891
6334 3896
6335 3889
6336 3898
6337 3881
6338 3896
6339 3919
6340 3901
6341 3906
6342 3917
6343 3901
6344 3889
6345 3897
6346 3894
6347 3885
6348 3901
6349 3896
6350 3907
6351 3888
6352 3895
6353 3910
6354 3896
6355 3883
6356 3891
6357 3883
6358 3897
6359 3926
6360 3895
6361 3901
6362 3905
6363 3888
6364 3891
6365 3900
6366 3902
6367 3883
6368 3939
6369 3897
6370 3898
6371 3883
6372 3971
6373 3887
6374 3935
6375 3906
6376 3907
6377 3902
6378 3897
6379 3884
6380 3915
6381 3911
6382 3895
6383 3908
6384 3889
6385 3902
6386 3922
6387 3890
6388 3886
6389 3921
6390 3901
6391 3893
6392 3912
6393 3895
6394 3898
6395 3900
6396 3899
6397 3885
6398 3889
6399 3891
6400 3889
6401 3896
6402 3911
6403 3898
6404 3895
6405 3900
6406 3903
6407 3883
6408 3885
6409 3880
6410 3901
6411 3884
6412 3906
6413 3905
6414 3913
6415 3887
6416 3895
6417 3888
6418 3923
6419 3885
6420 3912
6421 3904
6422 3891
6423 3973
6424 3900
6425 3880
6426 3895
6427 3890
6428 3889
6429 3908
6430 3908
6431 3885
6432 3899
6433 3899
6434 3892
6435 3902
6436 3888
6437 3890
6438 3905
6439 3875
6440 3896
6441 3883
6442 3935
6443 3895
6444 3907
6445 3895
6446 3892
6447 3898
6448 3902
6449 3899
6450 3892
6451 3896
6452 3903
6453 3898
6454 3891
6455 3926
6456 3892
6457 3886
6458 3881
6459 3911
6460 3902
6461 3938
6462 3905
6463 3879
6464 3900
6465 3903
6466 3913
6467 3900
6468 3896
6469 3891
6470 3890
6471 3894
6472 3891
6473 3896
6474 3885
6475 3903
6476 3901
6477 3913
6478 3891
6479 3901
6480 3895
6481 3880
6482 3893
6483 3908
6484 3895
6485 3931
6486 3898
6487 3952
6488 3943
6489 3903
6490 3887
6491 3907
6492 3954
6493 3887
6494 3905
6495 3888
6496 3892
6497 3894
6498 3907
6499 3884
6500 3905
6501 3888
6502 3902
6503 3921
6504 3889
6505 3888
6506 3893
6507 3892
6508 3895
6509 3887
6510 3903
6511 3892
6512 3894
6513 3898
6514 3893
6515 3894
6516 3897
6517 3892
6518 3960
6519 3910
6520 3903
6521 3890
6522 3891
6523 3890
6524 3894
6525 3908
6526 3893
6527 3898
6528 3889
6529 3892
6530 3898
6531 3895
6532 3922
6533 3891
6534 3893
6535 3888
6536 3902
6537 3897
6538 3887
6539 3883
6540 3898
6541 3882
6542 3892
6543 3891
6544 3899
6545 3901
6546 3921
6547 3893
6548 3914
6549 3897
6550 3890
6551 3893
6552 3889
6553 3884
6554 3883
6555 3893
6556 3922
6557 3895
6558 3912
6559 3915
6560 3896
6561 3889
6562 3907
6563 3892
6564 3890
6565 3896
6566 3894
6567 3875
6568 3904
6569 3881
6570 3891
6571 3906
6572 3902
6573 3937
6574 3896
6575 3894
6576 3893
6577 3889
6578 3897
6579 3901
6580 3949
6581 3891
6582 3890
6583 3891
6584 3899
6585 3887
6586 3919
6587 3887
6588 3892
6589 3891
6590 3904
6591 3895
6592 3897
6593 3897
6594 3895
6595 3889
6596 3886
6597 3898
6598 3886
6599 3887
6600 3890
6601 3900
6602 3895
6603 3903
6604 3914
6605 3898
6606 3891
6607 3890
6608 3906
6609 3891
6610 3894
6611 3902
6612 3914
6613 3886
6614 3902
6615 3894
6616 3879
6617 3896
6618 3899
6619 3893
6620 3893
6621 3924
6622 3893
6623 3943
6624 3906
6625 3889
6626 3916
6627 3926
6628 3970
6629 3891
6630 3893
6631 3905
6632 3899
6633 3883
6634 3904
6635 3902
6636 3887
6637 3900
6638 3889
6639 3883
6640 3892
6641 3904
6642 3927
6643 3921
6644 3918
6645 3888
6646 3917
6647 3893
6648 3913
6649 3900
6650 3894
6651 3883
6652 3911
6653 3889
6654 3888
6655 3897
6656 3895
6657 3890
6658 3886
6659 3913
6660 3910
6661 3901
6662 3895
6663 3889
6664 3896
6665 3889
6666 3890
6667 3881
6668 3891
6669 3901
6670 3909
6671 6978
6672 3904
6673 3891
6674 3899
6675 3934
6676 3885
6677 3888
6678 3888
6679 3888
6680 3902
6681 3894
6682 3902
6683 3892
6684 3896
6685 3884
6686 3890
6687 3901
6688 3894
6689 3894
6690 3894
6691 3880
6692 3904
6693 3941
6694 3941
6695 3892
6696 3916
6697 3926
6698 3894
6699 3909
6700 3910
6701 3897
6702 3889
6703 3885
6704 3908
6705 3892
6706 3908
6707 3884
6708 3898
6709 3885
6710 3902
6711 3889
6712 3907
6713 3926
6714 3904
6715 3895
6716 3892
6717 3897
6718 3905
6719 3947
6720 3893
6721 3892
6722 3902
6723 3898
6724 3904
6725 3898
6726 3958
6727 3895
6728 3952
6729 3899
6730 3884
6731 3900
6732 3906
6733 3913
6734 3942
6735 3893
6736 3891
6737 3925
6738 3905
6739 3894
6740 3894
6741 3887
6742 3928
6743 3927
6744 3896
6745 3915
6746 3915
6747 3902
6748 3958
6749 3886
6750 3923
6751 3898
6752 3891
6753 3903
6754 3889
6755 3893
6756 3915
6757 3909
6758 3899
6759 3891
6760 3889
6761 3907
6762 3897
6763 3897
6764 3889
6765 3900
6766 3893
6767 3914
6768 3890
6769 3909
6770 3908
6771 3888
6772 3904
6773 3896
6774 3897
6775 3899
6776 3901
6777 3918
6778 3927
6779 3888
6780 3889
6781 3899
6782 3906
6783 3903
6784 3895
6785 3918
6786 3961
6787 3902
6788 3892
6789 3928
6790 3908
6791 3950
6792 3899
6793 3904
6794 3907
6795 3893
6796 3894
6797 3905
6798 3900
6799 3896
6800 3901
6801 3888
6802 3892
6803 3959
6804 3913
6805 3896
6806 3898
6807 3885
6808 3904
6809 3894
6810 3892
6811 3888
6812 3899
6813 3896
6814 3889
6815 3894
6816 3891
6817 3893
6818 3893
6819 3891
6820 3913
6821 3911
6822 3888
6823 3889
6824 3903
6825 3889
6826 3906
6827 3883
6828 3899
6829 3884
6830 3880
6831 3923
6832 3915
6833 3885
6834 3890
6835 3900
6836 3897
6837 3880
6838 3889
6839 3886
6840 3892
6841 3906
6842 3894
6843 3922
6844 3916
6845 3889
6846 3917
6847 3896
6848 3901
6849 3889
6850 3895
6851 3881
6852 3891
6853 3903
6854 3900
6855 3900
6856 3893
6857 3889
6858 3890
6859 3891
6860 3893
6861 3889
6862 3897
6863 3944
6864 3894
6865 3890
6866 3901
6867 3890
6868 3890
6869 3915
6870 3898
6871 3921
6872 3908
6873 3897
6874 3892
6875 3892
6876 3900
6877 3878
6878 3885
6879 3891
6880 3899
6881 3900
6882 3912
6883 3885
6884 3893
6885 3891
6886 3895
6887 3897
6888 3891
6889 3897
6890 3943
6891 3961
6892 3895
6893 3909
6894 3886
6895 3907
6896 3886
6897 3905
6898 3911
6899 3882
6900 3891
6901 3928
6902 3888
6903 3882
6904 3905
6905 3897
6906 3893
6907 3886
6908 3894
6909 3915
6910 3901
6911 3882
6912 3888
6913 3905
6914 3889
6915 3890
6916 3947
6917 3893
6918 3947
6919 3900
6920 3891
6921 3917
6922 3894
6923 3886
6924 3890
6925 3887
6926 3904
6927 3887
6928 3897
6929 3881
6930 3902
6931 3882
6932 3901
6933 3897
6934 3895
6935 3894
6936 3888
6937 3894
6938 3952
6939 3888
6940 3903
6941 3882
6942 3896
6943 3895
6944 3903
6945 3886
6946 3899
6947 3894
6948 3901
6949 3903
6950 3911
6951 3892
6952 3893
6953 3894
6954 3895
6955 3886
6956 3890
6957 3893
6958 3891
6959 3912
6960 3890
6961 3902
6962 3906
6963 3902
6964 3915
6965 3914
6966 3895
6967 3899
6968 3909
6969 3882
6970 3896
6971 3882
6972 3888
6973 3897
6974 3960
6975 3899
6976 3896
6977 3941
6978 3890
6979 3895
6980 3919
6981 3907
6982 3894
6983 3937
6984 3889
6985 3885
6986 3893
6987 3882
6988 3886
6989 3913
6990 3905
6991 3890
6992 3902
6993 3894
6994 3902
6995 3901
6996 3896
6997 3903
6998 3896
6999 3892
7000 3895
7001 3878
7002 3897
7003 3907
7004 3902
7005 3888
7006 3892
7007 3901
7008 3885
7009 3920
7010 3894
7011 3885
7012 3896
7013 3887
7014 3886
7015 3893
7016 3900
7017 3901
7018 3885
7019 3889
7020 3890
7021 3892
7022 3915
7023 3900
7024 3898
7025 3916
7026 3905
7027 3916
7028 3908
7029 3931
7030 3998
7031 3960
7032 3965
7033 4010
7034 3970
7035 3962
7036 3966
7037 3991
7038 3954
7039 3995
7040 3926
7041 3953
7042 3983
7043 3939
7044 3880
7045 3966
7046 4011
7047 3894
7048 3909
7049 3894
7050 3910
7051 3917
7052 3905
7053 3882
7054 3896
7055 3902
7056 3896
7057 3902
7058 3902
7059 3897
7060 3912
7061 3903
7062 3887
7063 3888
7064 3893
7065 3892
7066 3900
7067 3891
7068 3910
7069 3916
7070 3913
7071 3892
7072 3911
7073 3942
7074 3898
7075 3903
7076 3971
7077 3896
7078 3885
7079 3898
7080 3885
7081 3912
7082 3904
7083 3892
7084 3893
7085 3892
7086 3889
7087 3901
7088 3895
7089 3891
7090 3902
7091 3913
7092 3895
7093 3901
7094 3898
7095 3912
7096 3890
7097 3886
7098 3915
7099 3887
7100 3916
7101 3889
7102 3890
7103 3900
7104 3904
7105 3886
7106 3894
7107 3905
7108 3903
7109 3905
7110 3904
7111 3891
7112 3888
7113 3887
7114 3897
7115 3896
7116 3975
7117 3888
7118 3893
7119 3910
7120 3892
7121 3890
7122 3897
7123 3913
7124 3905
7125 3915
7126 3889
7127 3895
7128 3959
7129 3890
7130 3899
7131 3919
7132 3891
7133 3891
7134 3902
7135 3922
7136 3900
7137 3949
7138 3918
7139 3903
7140 3954
7141 3893
7142 3904
7143 3905
7144 3890
7145 3924
7146 3891
7147 3910
7148 3889
7149 3898
7150 3895
7151 3934
7152 3919
7153 3889
7154 3898
7155 3887
7156 3914
7157 3885
7158 3903
7159 3905
7160 3888
7161 3896
7162 3889
7163 3893
7164 3888
7165 3891
7166 3891
7167 3881
7168 3912
7169 3909
7170 3895
7171 6140
7172 3902
7173 3896
7174 3907
7175 3897
7176 3915
7177 3892
7178 3891
7179 3887
7180 3890
7181 3956
7182 3883
7183 3894
7184 3887
7185 3894
7186 3892
7187 3893
7188 3905
7189 3947
7190 3896
7191 3883
7192 3904
7193 3891
7194 3902
7195 3893
7196 3899
7197 3894
7198 3887
7199 3884
7200 3897
7201 3880
7202 3909
7203 3886
7204 3902
7205 3892
7206 3929
7207 3886
7208 3913
7209 3933
7210 3886
7211 3902
7212 3894
7213 3884
7214 3895
7215 3894
7216 3894
7217 3908
7218 3903
7219 3887
7220 3906
7221 3894
7222 3894
7223 3901
7224 3890
7225 3950
7226 3887
7227 3930
7228 3903
7229 3887
7230 3955
7231 3897
7232 3901
7233 3891
7234 3886
7235 3896
7236 3907
7237 3900
7238 3906
7239 3886
7240 3892
7241 3909
7242 3902
7243 3921
7244 3891
7245 3900
7246 3933
7247 3890
7248 3898
7249 3939
7250 3902
7251 3906
7252 3895
7253 3911
7254 3884
7255 3897
7256 3958
7257 3890
7258 3915
7259 3890
7260 3893
7261 3942
7262 3956
7263 3901
7264 3899
7265 3899
7266 3911
7267 3889
7268 3896
7269 3887
7270 3898
7271 3893
7272 3892
7273 3892
7274 3896
7275 3902
7276 3897
7277 3927
7278 3945
7279 3891
7280 3892
7281 3882
7282 3888
7283 3900
7284 3905
7285 3888
7286 3918
7287 3888
7288 3904
7289 3881
7290 3894
7291 3899
7292 3891
7293 3888
7294 3891
7295 3920
7296 3899
7297 3904
7298 3886
7299 3887
7300 3898
7301 3896
7302 3888
7303 3899
7304 3892
7305 3901
7306 3896
7307 3890
7308 3893
7309 3901
7310 3889
7311 3903
7312 3898
7313 3893
7314 3889
7315 3885
7316 3958
7317 3884
7318 3898
7319 3899
7320 3896
7321 3888
7322 3894
7323 3886
7324 3907
7325 3895
7326 3895
7327 3893
7328 3895
7329 3902
7330 3887
7331 3959
7332 3885
7333 3914
7334 3895
7335 3887
7336 3889
7337 3891
7338 3899
7339 3903
7340 3897
7341 3878
7342 3975
7343 3898
7344 3895
7345 3890
7346 3885
7347 3888
7348 3895
7349 3905
7350 3912
7351 3885
7352 3911
7353 3880
7354 3893
7355 3883
7356 3888
7357 3884
7358 3898
7359 3888
7360 3883
7361 3898
7362 3924
7363 3904
7364 3906
7365 3897
7366 3898
7367 3898
7368 3895
7369 3897
7370 3899
7371 3881
7372 3904
7373 3891
7374 3894
7375 3899
7376 3889
7377 3903
7378 3895
7379 3883
7380 3901
7381 3920
7382 3890
7383 3888
7384 3901
7385 3916
7386 3894
7387 3906
7388 3896
7389 3894
7390 3897
7391 3893
7392 3902
7393 3892
7394 3905
7395 3901
7396 3894
7397 3896
7398 3888
7399 3883
7400 3906
7401 3897
7402 3888
7403 3894
7404 3903
7405 3888
7406 3892
7407 3884
7408 3894
7409 3903
7410 3887
7411 3890
7412 3887
7413 3882
7414 3899
7415 3889
7416 3945
7417 3909
7418 3890
7419 3911
7420 3896
7421 3891
7422 3894
7423 3888
7424 3893
7425 3898
7426 3893
7427 3894
7428 3947
7429 3891
7430 3912
7431 3896
7432 3949
7433 3918
7434 3901
7435 3888
7436 3888
7437 3891
7438 3903
7439 3884
7440 3895
7441 3904
7442 3960
7443 3902
7444 3879
7445 3898
7446 3901
7447 3887
7448 3901
7449 3886
7450 3895
7451 3942
7452 3898
7453 3887
7454 3903
7455 3902
7456 3896
7457 3917
7458 3905
7459 3893
7460 3889
7461 3901
7462 3890
7463 3892
7464 3981
7465 3927
7466 3894
7467 3883
7468 3893
7469 3888
7470 3900
7471 3892
7472 3892
7473 3893
7474 3885
7475 3961
7476 3896
7477 3886
7478 3931
7479 3908
7480 3921
7481 3903
7482 3918
7483 3918
7484 3901
7485 3953
7486 3904
7487 3898
7488 3968
7489 3899
7490 3896
7491 3938
7492 3914
7493 3935
7494 3889
7495 3899
7496 3912
7497 3881
7498 3889
7499 3886
7500 3919
7501 3906
7502 3899
7503 3894
7504 3902
7505 3893
7506 3916
7507 3888
7508 3890
7509 3906
7510 3906
7511 3912
7512 3916
7513 3894
7514 3908
7515 3889
7516 3909
7517 3891
7518 3909
7519 3922
7520 3900
7521 3899
7522 3896
7523 3906
7524 3920
7525 3911
7526 3908
7527 3889
7528 3901
7529 3896
7530 3884
7531 3919
7532 3889
7533 3904
7534 3898
7535 3882
7536 3908
7537 3900
7538 3892
7539 3907
7540 3902
7541 3910
7542 3896
7543 3913
7544 3905
7545 3886
7546 3908
7547 3886
7548 3916
7549 3891
7550 3898
7551 3905
7552 3896
7553 3888
7554 3900
7555 3887
7556 3886
7557 3899
7558 3891
7559 3882
7560 3894
7561 3893
7562 3885
7563 3921
7564 3959
7565 3940
7566 3891
7567 3907
7568 3886
7569 3898
7570 3901
7571 3883
7572 3923
7573 3890
7574 3897
7575 3919
7576 3916
7577 3894
7578 3901
7579 3888
7580 3903
7581 3887
7582 3899
7583 3891
7584 3895
7585 3886
7586 3894
7587 3885
7588 3898
7589 3887
7590 3904
7591 3898
7592 3894
7593 3898
7594 3924
7595 3898
7596 3931
7597 3905
7598 3918
7599 3886
7600 3891
7601 3896
7602 3893
7603 3888
7604 3898
7605 3903
7606 3893
7607 3888
7608 3901
7609 3880
7610 3892
7611 3898
7612 3926
7613 3892
7614 3895
7615 3923
7616 3902
7617 3894
7618 3889
7619 3884
7620 3918
7621 3885
7622 3906
7623 3892
7624 3902
7625 3893
7626 3899
7627 3886
7628 3891
7629 3898
7630 3962
7631 3891
7632 3959
7633 3894
7634 3895
7635 3885
7636 3903
7637 3928
7638 3892
7639 3879
7640 3886
7641 3907
7642 3899
7643 3893
7644 3959
7645 3899
7646 3894
7647 3886
7648 3944
7649 3895
7650 3896
7651 3884
7652 3944
7653 3891
7654 3892
7655 3917
7656 3891
7657 3898
7658 3886
7659 3902
7660 3891
7661 3937
7662 3897
7663 3892
7664 3891
7665 3892
7666 3897
7667 3887
7668 3895
7669 3881
7670 3898
7671 6158
7672 3906
7673 3934
7674 3894
7675 3900
7676 3888
7677 3927
7678 3901
7679 3891
7680 3901
7681 3928
7682 3905
7683 3916
7684 3903
7685 3893
7686 3906
7687 3886
7688 3901
7689 3893
7690 3895
7691 3903
7692 3906
7693 3893
7694 3908
7695 3892
7696 3911
7697 3886
7698 3898
7699 3900
7700 3914
7701 3888
7702 3900
7703 3901
7704 3900
7705 3897
7706 3891
7707 3889
7708 3967
7709 3959
7710 3897
7711 3897
7712 3898
7713 3885
7714 3900
7715 3890
7716 3894
7717 3898
7718 3891
7719 3891
7720 3907
7721 3894
7722 3904
7723 3903
7724 3903
7725 3882
7726 3904
7727 3895
7728 3891
7729 3887
7730 3896
7731 3888
7732 3897
7733 3901
7734 3888
7735 3903
7736 3904
7737 3906
7738 3898
7739 3924
7740 3891
7741 3912
7742 3885
7743 3902
7744 3893
7745 3924
7746 3899
7747 3888
7748 3912
7749 3889
7750 3911
7751 3939
7752 3906
7753 3880
7754 3893
7755 3888
7756 3906
7757 3885
7758 3890
7759 3896
7760 3899
7761 3929
7762 3898
7763 3941
7764 3900
7765 3896
7766 3893
7767 3890
7768 3890
7769 3900
7770 3915
7771 3882
7772 3890
7773 3888
7774 3908
7775 3906
7776 3893
7777 3897
7778 3894
7779 3908
7780 3886
7781 3895
7782 3890
7783 3900
7784 3888
7785 3922
7786 3924
7787 3917
7788 3889
7789 3904
7790 3892
7791 3883
7792 3896
7793 3882
7794 3895
7795 3886
7796 3903
7797 3901
7798 3897
7799 3890
7800 3884
7801 3903
7802 3892
7803 3901
7804 3891
7805 3906
7806 3897
7807 3882
7808 3892
7809 3881
7810 3886
7811 3894
7812 3892
7813 3909
7814 3899
7815 3883
7816 3891
7817 3908
7818 3898
7819 3887
7820 3895
7821 3900
7822 3892
7823 3898
7824 3917
7825 3892
7826 3895
7827 3905
7828 3909
7829 3905
7830 3896
7831 3897
7832 3897
7833 3949
7834 3897
7835 3891
7836 3897
7837 3890
7838 3903
7839 3886
7840 3893
7841 3897
7842 3892
7843 3912
7844 3898
7845 3883
7846 3893
7847 3889
7848 3890
7849 3902
7850 3922
7851 3886
7852 3908
7853 3892
7854 3912
7855 3906
7856 3889
7857 3902
7858 3899
7859 3894
7860 3896
7861 3904
7862 3897
7863 3899
7864 3916
7865 3888
7866 3900
7867 3887
7868 3901
7869 3883
7870 3896
7871 3898
7872 3888
7873 3881
7874 3961
7875 3894
7876 3955
7877 3914
7878 3894
7879 3909
7880 3886
7881 3890
7882 3900
7883 3890
7884 3896
7885 3888
7886 3943
7887 3894
7888 3888
7889 3899
7890 3892
7891 3898
7892 3894
7893 3888
7894 3891
7895 3907
7896 3889
7897 3918
7898 3896
7899 3892
7900 3896
7901 3891
7902 3889
7903 3936
7904 3891
7905 3883
7906 3887
7907 3946
7908 3894
7909 3899
7910 3891
7911 3901
7912 3967
7913 3894
7914 3895
7915 3891
7916 3959
7917 3886
7918 3898
7919 3881
7920 3910
7921 3888
7922 3890
7923 3898
7924 3895
7925 3884
7926 3905
7927 3889
7928 3893
7929 3884
7930 3888
7931 3895
7932 3893
7933 3901
7934 3907
7935 3886
7936 3892
7937 3901
7938 3900
7939 3894
7940 3897
7941 3890
7942 3889
7943 3917
7944 3911
7945 3899
7946 3904
7947 3921
7948 3890
7949 3897
7950 3905
7951 3897
7952 3905
7953 3890
7954 3908
7955 3890
7956 3888
7957 3900
7958 3918
7959 3930
7960 3889
7961 3899
7962 3897
7963 3915
7964 3939
7965 3897
7966 3893
7967 3877
7968 3903
7969 3895
7970 3890
7971 3917
7972 3906
7973 3908
7974 3896
7975 3892
7976 3906
7977 3897
7978 3893
7979 3900
7980 3892
7981 3950
7982 3891
7983 3899
7984 3893
7985 3888
7986 3898
7987 3887
7988 3891
7989 3905
7990 3898
7991 3916
7992 3889
7993 3884
7994 3897
7995 3899
7996 3927
7997 3892
7998 3888
7999 3891
8000 3887
8001 3888
8002 3888
8003 3895
8004 3900
8005 3884
8006 3969
8007 3897
8008 3904
8009 3886
8010 3911
8011 3895
8012 3893
8013 3883
8014 3891
8015 3901
8016 3903
8017 3889
8018 3890
8019 3914
8020 3889
8021 3901
8022 3888
8023 3882
8024 3896
8025 3893
8026 3903
8027 3889
8028 3892
8029 3939
8030 3898
8031 3939
8032 3892
8033 3903
8034 3883
8035 3903
8036 3898
8037 3896
8038 3900
8039 3899
8040 3896
8041 3892
8042 3904
8043 3908
8044 3896
8045 3918
8046 3915
8047 3958
8048 3905
8049 3906
8050 3937
8051 3924
8052 3894
8053 3891
8054 3912
8055 3903
8056 3893
8057 3908
8058 3902
8059 3929
8060 3898
8061 3893
8062 3909
8063 3918
8064 3907
8065 3937
8066 3906
8067 3985
8068 3910
8069 3909
8070 3902
8071 3919
8072 3916
8073 3889
8074 3892
8075 3900
8076 3914
8077 3901
8078 3891
8079 3902
8080 3920
8081 3903
8082 3921
8083 3900
8084 3918
8085 3891
8086 3889
8087 3945
8088 3907
8089 3887
8090 3899
8091 3891
8092 3901
8093 3893
8094 3895
8095 3945
8096 3894
8097 3945
8098 3886
8099 3894
8100 3904
8101 3910
8102 3892
8103 3903
8104 3893
8105 3893
8106 3910
8107 3903
8108 3903
8109 3935
8110 3902
8111 3888
8112 3891
8113 3895
8114 3900
8115 3908
8116 3891
8117 3908
8118 3887
8119 3894
8120 3891
8121 3903
8122 3898
8123 3903
8124 3905
8125 3895
8126 3905
8127 3924
8128 3903
8129 3889
8130 3906
8131 3912
8132 3892
8133 3904
8134 3895
8135 3902
8136 3892
8137 3937
8138 3896
8139 3905
8140 3894
8141 3902
8142 3906
8143 3922
8144 3893
8145 3901
8146 3902
8147 3936
8148 3894
8149 3913
8150 3899
8151 3886
8152 3900
8153 3929
8154 3899
8155 3907
8156 3900
8157 3902
8158 3883
8159 3889
8160 3902
8161 3948
8162 3899
8163 3909
8164 3891
8165 3885
8166 3895
8167 3885
8168 3916
8169 3890
8170 3889
8171 6117
8172 3904
8173 3965
8174 3893
8175 3914
8176 3914
8177 3895
8178 3907
8179 3911
8180 3899
8181 3906
8182 3971
8183 3902
8184 3898
8185 3910
8186 3905
8187 3913
8188 3932
8189 3900
8190 3900
8191 3938
8192 3898
8193 3892
8194 3897
8195 3896
8196 3909
8197 3904
8198 3906
8199 3887
8200 3974
8201 3934
8202 3917
8203 3894
8204 3893
8205 3891
8206 3891
8207 3899
8208 3897
8209 3907
8210 3884
8211 3900
8212 3891
8213 3922
8214 3898
8215 3912
8216 3894
8217 3904
8218 3909
8219 3893
8220 3910
8221 3906
8222 3910
8223 3895
8224 3901
8225 3881
8226 3897
8227 3931
8228 3895
8229 3897
8230 3901
8231 3905
8232 3905
8233 3882
8234 3916
8235 3890
8236 3900
8237 3910
8238 3944
8239 3900
8240 3903
8241 3885
8242 3899
8243 3900
8244 3894
8245 3890
8246 3903
8247 3903
8248 3909
8249 3900
8250 3893
8251 3894
8252 3883
8253 3898
8254 3916
8255 3892
8256 3901
8257 3893
8258 3920
8259 3903
8260 3901
8261 3915
8262 3897
8263 3894
8264 3892
8265 3881
8266 3906
8267 3911
8268 3913
8269 3884
8270 3893
8271 3899
8272 3891
8273 3914
8274 3910
8275 3883
8276 3900
8277 3890
8278 3901
8279 3933
8280 3903
8281 3889
8282 3920
8283 3910
8284 3895
8285 3934
8286 3888
8287 3907
8288 3902
8289 3887
8290 3893
8291 3888
8292 3890
8293 3888
8294 3907
8295 3885
8296 3884
8297 3898
8298 3902
8299 3881
8300 3895
8301 3886
8302 3890
8303 3914
8304 3894
8305 3902
8306 3915
8307 3892
8308 3957
8309 3893
8310 3951
8311 3893
8312 3902
8313 3915
8314 3895
8315 3883
8316 3893
8317 3904
8318 3894
8319 3882
8320 3913
8321 3917
8322 3901
8323 3888
8324 3892
8325 3882
8326 3888
8327 3907
8328 3900
8329 3889
8330 3897
8331 3890
8332 3890
8333 3892
8334 3893
8335 3898
8336 3902
8337 3890
8338 3891
8339 3884
8340 3898
8341 3926
8342 3892
8343 3907
8344 3906
8345 3903
8346 3901
8347 3890
8348 3920
8349 3892
8350 3908
8351 3900
8352 3897
8353 3896
8354 3895
8355 3900
8356 3921
8357 3942
8358 3894
8359 3954
8360 3902
8361 3886
8362 3902
8363 3884
8364 3893
8365 3887
8366 3906
8367 3886
8368 3888
8369 3904
8370 3916
8371 3896
8372 3902
8373 3885
8374 3902
8375 3885
8376 3910
8377 3887
8378 3895
8379 3882
8380 3892
8381 3896
8382 3896
8383 3893
8384 3905
8385 3894
8386 3897
8387 3886
8388 3896
8389 3887
8390 3900
8391 3891
8392 3905
8393 3919
8394 3895
8395 3886
8396 3899
8397 3887
8398 3908
8399 3892
8400 3921
8401 3889
8402 3895
8403 3881
8404 3920
8405 3889
8406 3911
8407 3891
8408 3890
8409 3910
8410 3897
8411 3907
8412 3904
8413 3887
8414 3900
8415 3889
8416 3912
8417 3896
8418 3917
8419 3897
8420 3913
8421 3888
8422 3901
8423 3887
8424 3898
8425 3883
8426 3893
8427 3931
8428 3905
8429 3911
8430 3894
8431 3904
8432 3897
8433 3885
8434 3952
8435 3894
8436 3934
8437 3906
8438 3895
8439 3903
8440 3891
8441 3902
8442 3885
8443 3921
8444 3890
8445 3882
8446 3894
8447 3884
8448 3902
8449 3900
8450 3891
8451 3879
8452 3894
8453 3886
8454 3889
8455 3892
8456 3891
8457 3886
8458 3900
8459 3895
8460 3896
8461 3926
8462 3899
8463 3892
8464 3908
8465 3883
8466 3894
8467 3900
8468 3897
8469 3886
8470 3898
8471 3888
8472 3901
8473 3890
8474 3889
8475 3884
8476 3911
8477 3884
8478 3896
8479 3915
8480 3889
8481 3888
8482 3946
8483 3889
8484 3885
8485 3901
8486 3926
8487 3888
8488 3892
8489 3902
8490 3902
8491 3888
8492 3893
8493 3888
8494 3893
8495 3898
8496 3896
8497 3887
8498 3905
8499 3881
8500 3896
8501 3888
8502 3902
8503 3907
8504 3901
8505 3890
8506 3900
8507 3888
8508 3901
8509 3897
8510 3895
8511 3889
8512 3903
8513 3893
8514 3890
8515 3920
8516 3918
8517 3886
8518 3905
8519 3885
8520 3972
8521 3891
8522 3895
8523 3884
8524 3902
8525 3892
8526 3905
8527 3886
8528 3888
8529 3921
8530 3904
8531 3888
8532 3899
8533 3890
8534 3889
8535 3921
8536 3887
8537 3914
8538 3891
8539 3893
8540 3902
8541 3890
8542 3891
8543 3893
8544 3895
8545 3894
8546 3892
8547 3882
8548 3910
8549 3915
8550 3905
8551 3959
8552 3899
8553 3908
8554 3906
8555 3900
8556 3892
8557 3896
8558 3901
8559 3902
8560 3893
8561 3895
8562 3955
8563 3892
8564 3948
8565 3912
8566 3890
8567 3896
8568 3897
8569 3887
8570 3905
8571 3881
8572 3894
8573 3913
8574 3898
8575 3892
8576 3902
8577 3891
8578 3904
8579 3882
8580 3897
8581 3900
8582 3901
8583 3890
8584 3903
8585 3885
8586 3903
8587 3892
8588 3898
8589 3892
8590 3898
8591 3886
8592 3898
8593 3899
8594 3906
8595 3888
8596 3894
8597 3905
8598 3896
8599 3889
8600 3895
8601 3932
8602 3907
8603 3888
8604 3894
8605 3900
8606 3896
8607 3887
8608 3890
8609 3897
8610 3925
8611 3895
8612 3899
8613 3890
8614 3897
8615 3903
8616 3898
8617 3875
8618 3907
8619 3891
8620 3898
8621 3894
8622 3898
8623 3895
8624 3883
8625 3911
8626 3903
8627 3890
8628 3904
8629 3895
8630 3900
8631 3911
8632 3907
8633 3876
8634 3899
8635 3883
8636 3898
8637 3891
8638 3903
8639 3904
8640 3891
8641 3892
8642 3900
8643 3892
8644 3963
8645 3887
8646 3969
8647 3886
8648 3891
8649 3903
8650 3906
8651 3908
8652 3902
8653 3881
8654 3902
8655 3899
8656 3908
8657 3892
8658 3906
8659 3888
8660 3911
8661 3912
8662 3892
8663 3889
8664 3901
8665 3885
8666 3904
8667 3890
8668 3895
8669 3886
8670 3899
8671 6148
8672 3889
8673 3905
8674 3903
8675 3883
8676 3888
8677 3912
8678 3902
8679 3892
8680 3889
8681 3889
8682 3964
8683 3897
8684 3896
8685 3883
8686 3902
8687 3882
8688 3905
8689 3890
8690 3889
8691 3891
8692 3907
8693 3902
8694 3962
8695 3891
8696 3902
8697 3884
8698 3920
8699 3914
8700 3890
8701 3903
8702 3915
8703 3898
8704 3906
8705 3895
8706 3896
8707 3908
8708 3893
8709 3887
8710 3914
8711 3887
8712 3890
8713 3907
8714 3902
8715 3891
8716 3896
8717 3888
8718 3905
8719 3895
8720 3897
8721 3882
8722 3904
8723 3935
8724 3910
8725 3890
8726 3900
8727 3884
8728 3916
8729 3884
8730 3893
8731 3908
8732 3899
8733 3931
8734 3901
8735 3900
8736 3898
8737 3890
8738 3899
8739 3888
8740 3898
8741 3941
8742 3894
8743 3890
8744 3890
8745 3893
8746 3898
8747 3900
8748 3897
8749 3894
8750 3898
8751 3887
8752 3905
8753 3881
8754 3886
8755 3957
8756 3899
8757 3905
8758 3907
8759 3887
8760 3896
8761 3897
8762 3895
8763 3894
8764 3908
8765 3894
8766 3879
8767 3884
8768 3935
8769 3889
8770 3905
8771 3893
8772 3884
8773 3901
8774 3913
8775 3893
8776 3907
8777 3937
8778 3953
8779 3925
8780 3898
8781 3896
8782 3894
8783 3896
8784 3897
8785 3890
8786 3896
8787 3894
8788 3904
8789 3891
8790 3902
8791 3889
8792 3897
8793 3908
8794 3909
8795 3891
8796 3900
8797 3899
8798 3891
8799 3903
8800 3929
8801 3900
8802 3885
8803 3924
8804 3914
8805 3896
8806 3908
8807 3903
8808 3899
8809 3888
8810 3963
8811 3907
8812 3902
8813 3888
8814 3913
8815 3884
8816 3894
8817 3897
8818 3935
8819 3905
8820 3891
8821 3919
8822 3904
8823 3889
8824 3909
8825 3890
8826 3900
8827 3900
8828 3898
8829 3883
8830 3896
8831 3891
8832 3896
8833 3926
8834 3908
8835 3907
8836 3914
8837 3933
8838 3897
8839 3894
8840 3905
8841 3887
8842 3892
8843 3895
8844 3917
8845 3903
8846 3947
8847 3931
8848 3903
8849 3890
8850 3887
8851 3896
8852 3889
8853 3895
8854 3913
8855 3898
8856 3901
8857 3896
8858 3904
8859 3897
8860 3888
8861 3900
8862 3904
8863 3903
8864 3915
8865 3893
8866 3901
8867 3887
8868 3909
8869 3895
8870 3895
8871 3890
8872 3960
8873 3906
8874 3910
8875 3894
8876 3960
8877 3889
8878 3890
8879 3911
8880 3897
8881 3888
8882 3900
8883 3900
8884 3894
8885 3893
8886 3898
8887 3904
8888 3904
8889 3892
8890 3899
8891 3891
8892 3896
8893 3887
8894 3907
8895 3888
8896 3895
8897 3889
8898 3915
8899 3894
8900 3916
8901 3896
8902 3905
8903 3888
8904 3889
8905 3889
8906 3892
8907 3894
8908 3889
8909 3892
8910 3889
8911 3905
8912 3902
8913 3894
8914 3895
8915 3903
8916 3893
8917 3906
8918 3911
8919 3887
8920 3918
8921 3890
8922 3888
8923 3929
8924 3909
8925 3891
8926 3910
8927 3957
8928 3929
8929 3898
8930 3899
8931 3902
8932 3935
8933 3892
8934 3898
8935 3930
8936 3893
8937 3881
8938 3900
8939 3890
8940 3899
8941 3916
8942 3888
8943 3910
8944 3894
8945 3900
8946 3884
8947 3898
8948 3900
8949 3885
8950 3957
8951 3889
8952 3896
8953 3887
8954 3886
8955 3892
8956 3976
8957 3892
8958 3908
8959 3919
8960 3907
8961 3896
8962 3918
8963 3893
8964 3899
8965 3882
8966 3892
8967 3897
8968 3885
8969 3888
8970 3895
8971 3904
8972 3902
8973 3950
8974 3894
8975 3926
8976 3904
8977 3955
8978 3891
8979 3903
8980 3898
8981 3913
8982 3938
8983 3895
8984 3903
8985 3885
8986 3899
8987 3888
8988 3958
8989 3907
8990 3902
8991 3897
8992 3895
8993 3909
8994 3893
8995 3915
8996 3899
8997 3908
8998 3904
8999 3901
9000 3896
9001 3911
9002 3905
9003 3890
9004 3888
9005 3891
9006 3882
9007 3895
9008 3901
9009 3890
9010 3906
9011 3895
9012 3907
9013 3888
9014 3890
9015 3907
9016 3891
9017 3892
9018 3932
9019 3894
9020 3922
9021 3908
9022 3909
9023 3925
9024 3897
9025 3897
9026 3900
9027 3900
9028 3902
9029 3883
9030 3902
9031 3881
9032 3896
9033 3897
9034 3913
9035 3906
9036 3887
9037 3880
9038 3888
9039 3889
9040 3887
9041 3902
9042 3901
9043 3897
9044 3904
9045 3886
9046 3911
9047 3898
9048 3903
9049 3886
9050 3889
9051 3899
9052 3891
9053 3894
9054 3889
9055 3902
9056 3900
9057 3899
9058 3898
9059 3918
9060 3887
9061 3909
9062 3887
9063 3885
9064 3899
9065 3905
9066 3920
9067 3909
9068 3897
9069 3968
9070 3901
9071 3924
9072 3911
9073 3904
9074 3892
9075 3951
9076 3892
9077 3914
9078 3904
9079 3898
9080 3901
9081 3908
9082 3916
9083 3918
9084 3910
9085 3896
9086 3963
9087 3897
9088 3900
9089 3895
9090 3902
9091 3915
9092 3934
9093 3911
9094 3894
9095 3930
9096 3892
9097 3894
9098 3899
9099 3901
9100 3898
9101 3887
9102 3913
9103 3895
9104 3902
9105 3901
9106 3918
9107 3899
9108 3910
9109 3909
9110 3892
9111 3893
9112 3924
9113 3893
9114 3892
9115 3910
9116 3908
9117 3910
9118 3900
9119 3931
9120 3896
9121 3902
9122 3896
9123 3891
9124 3909
9125 3903
9126 3978
9127 3890
9128 3897
9129 3926
9130 3926
9131 3897
9132 3915
9133 3904
9134 3905
9135 3931
9136 3892
9137 3913
9138 3907
9139 3909
9140 3896
9141 3919
9142 3954
9143 3940
9144 3903
9145 3895
9146 3894
9147 3909
9148 3893
9149 3915
9150 3916
9151 3914
9152 3902
9153 3935
9154 3909
9155 3894
9156 3908
9157 3886
9158 3908
9159 3885
9160 3890
9161 3895
9162 3896
9163 3905
9164 3894
9165 3898
9166 3889
9167 3895
9168 3895
9169 3900
9170 3893
9171 6127
9172 3908
9173 3943
9174 3896
9175 3907
9176 3901
9177 3902
9178 3895
9179 3892
9180 3907
9181 3913
9182 3893
9183 3898
9184 3909
9185 3896
9186 3904
9187 3885
9188 3919
9189 3892
9190 3898
9191 3894
9192 3906
9193 3935
9194 3910
9195 3893
9196 3906
9197 3888
9198 3915
9199 3893
9200 3888
9201 3896
9202 3911
9203 3888
9204 3900
9205 3890
9206 3896
9207 3889
9208 3904
9209 3913
9210 3915
9211 3897
9212 3915
9213 3896
9214 3910
9215 3930
9216 3953
9217 3893
9218 3891
9219 3895
9220 3899
9221 3897
9222 3902
9223 3895
9224 3901
9225 3898
9226 3901
9227 3914
9228 3927
9229 3898
9230 3895
9231 3916
9232 3910
9233 3943
9234 3904
9235 3886
9236 3895
9237 3929
9238 3897
9239 3898
9240 3906
9241 3892
9242 3931
9243 3911
9244 3902
9245 3886
9246 3968
9247 3890
9248 3890
9249 3904
9250 3902
9251 3903
9252 3911
9253 3894
9254 3892
9255 3888
9256 3912
9257 3908
9258 3917
9259 3898
9260 3894
9261 3897
9262 3893
9263 3890
9264 3902
9265 3900
9266 3901
9267 3893
9268 3893
9269 3905
9270 3898
9271 3927
9272 3901
9273 3893
9274 3897
9275 3895
9276 3898
9277 3912
9278 3910
9279 3891
9280 3898
9281 3913
9282 3896
9283 3952
9284 3891
9285 3901
9286 3893
9287 3895
9288 3903
9289 3898
9290 3906
9291 3901
9292 3894
9293 3905
9294 3950
9295 3902
9296 3895
9297 3898
9298 3954
9299 3899
9300 3955
9301 3896
9302 3908
9303 3891
9304 3891
9305 3922
9306 3898
9307 3903
9308 3896
9309 3891
9310 3896
9311 3923
9312 3895
9313 3901
9314 3898
9315 3914
9316 3890
9317 3891
9318 3902
9319 3887
9320 3908
9321 3895
9322 3890
9323 3907
9324 3971
9325 3898
9326 3902
9327 3904
9328 3898
9329 3895
9330 3898
9331 3889
9332 3891
9333 3922
9334 3899
9335 3897
9336 3896
9337 3896
9338 3895
9339 3901
9340 3898
9341 3920
9342 3903
9343 3905
9344 3898
9345 3888
9346 3906
9347 3918
9348 3901
9349 3886
9350 3914
9351 3926
9352 3907
9353 3906
9354 3891
9355 3902
9356 3913
9357 3915
9358 3923
9359 3895
9360 3915
9361 3895
9362 3914
9363 3902
9364 3925
9365 3898
9366 3893
9367 3898
9368 3898
9369 3900
9370 3895
9371 3899
9372 3894
9373 3909
9374 3904
9375 3939
9376 3907
9377 3893
9378 3909
9379 3908
9380 3902
9381 3888
9382 3900
9383 3901
9384 3898
9385 3919
9386 3894
9387 3896
9388 3882
9389 3904
9390 3903
9391 3908
9392 3890
9393 3910
9394 3935
9395 3900
9396 3890
9397 3903
9398 3895
9399 3900
9400 3920
9401 3901
9402 3964
9403 3905
9404 3902
9405 3893
9406 3893
9407 3907
9408 3899
9409 3901
9410 3903
9411 3881
9412 3901
9413 3900
9414 3891
9415 3917
9416 3891
9417 3890
9418 3896
9419 3925
9420 3895
9421 3918
9422 3895
9423 3907
9424 3900
9425 3904
9426 3890
9427 3924
9428 3906
9429 3898
9430 3904
9431 3901
9432 3902
9433 3895
9434 3917
9435 3960
9436 3919
9437 3899
9438 3908
9439 3890
9440 3892
9441 3907
9442 3913
9443 3901
9444 3909
9445 3926
9446 3911
9447 3906
9448 3923
9449 3889
9450 3896
9451 3910
9452 3888
9453 3891
9454 3919
9455 3908
9456 3968
9457 3943
9458 3924
9459 3896
9460 3902
9461 3910
9462 3913
9463 3902
9464 3934
9465 3901
9466 3905
9467 3898
9468 3905
9469 3920
9470 3926
9471 3887
9472 3902
9473 3906
9474 3891
9475 3877
9476 3922
9477 3895
9478 3894
9479 3948
9480 3916
9481 3959
9482 3924
9483 3896
9484 3902
9485 3892
9486 3892
9487 3892
9488 3977
9489 3892
9490 3920
9491 3919
9492 3934
9493 3920
9494 3898
9495 3897
9496 3895
9497 3900
9498 3903
9499 3893
9500 3891
9501 3900
9502 3895
9503 3890
9504 3889
9505 3910
9506 3894
9507 3900
9508 3891
9509 3890
9510 3902
9511 3883
9512 3890
9513 3902
9514 3891
9515 3914
9516 3903
9517 3902
9518 3888
9519 3934
9520 3917
9521 3903
9522 3902
9523 3890
9524 3895
9525 3957
9526 3902
9527 3892
9528 3909
9529 3893
9530 3901
9531 3910
9532 3893
9533 3915
9534 3950
9535 3913
9536 3901
9537 3894
9538 3921
9539 3910
9540 3900
9541 3972
9542 3894
9543 3908
9544 3892
9545 3888
9546 3895
9547 3896
9548 3904
9549 3903
9550 3890
9551 3903
9552 3899
9553 3903
9554 3896
9555 3902
9556 3917
9557 3904
9558 3891
9559 3908
9560 3901
9561 3913
9562 3937
9563 3898
9564 3892
9565 3902
9566 3899
9567 3921
9568 3891
9569 3896
9570 3899
9571 3958
9572 3900
9573 3903
9574 3939
9575 3901
9576 3911
9577 3911
9578 3892
9579 3893
9580 3933
9581 3910
9582 3899
9583 3890
9584 3910
9585 3887
9586 3901
9587 3892
9588 3896
9589 3897
9590 3902
9591 3890
9592 3895
9593 3906
9594 3901
9595 3891
9596 3900
9597 3904
9598 3894
9599 3934
9600 3890
9601 3906
9602 3920
9603 3896
9604 3913
9605 3887
9606 3906
9607 3899
9608 3921
9609 3909
9610 3907
9611 3912
9612 3900
9613 3922
9614 3913
9615 3903
9616 3900
9617 3948
9618 3902
9619 3899
9620 3959
9621 3898
9622 3897
9623 3898
9624 3902
9625 3890
9626 3900
9627 3896
9628 3897
9629 3893
9630 3899
9631 3896
9632 3889
9633 3898
9634 3901
9635 3895
9636 3911
9637 3889
9638 3891
9639 3909
9640 3894
9641 3891
9642 3898
9643 3915
9644 3900
9645 3888
9646 3924
9647 3895
9648 3897
9649 3912
9650 3957
9651 3899
9652 3903
9653 3887
9654 3887
9655 3894
9656 3936
9657 3948
9658 3904
9659 3896
9660 3895
9661 3906
9662 3968
9663 3898
9664 3943
9665 3896
9666 3899
9667 3955
9668 3919
9669 3905
9670 3907
9671 6168
9672 3920
9673 3904
9674 3908
9675 3903
9676 3902
9677 3908
9678 3893
9679 3946
9680 3876
9681 3917
9682 3890
9683 3891
9684 3907
9685 3898
9686 3934
9687 3889
9688 3915
9689 3902
9690 3919
9691 3918
9692 3911
9693 3888
9694 3889
9695 3914
9696 3907
9697 3883
9698 3902
9699 3895
9700 3885
9701 3895
9702 3887
9703 3898
9704 3901
9705 3887
9706 3930
9707 3886
9708 3889
9709 3882
9710 3892
9711 3897
9712 3906
9713 3908
9714 3931
9715 3882
9716 3884
9717 3928
9718 3902
9719 3880
9720 3898
9721 3887
9722 3886
9723 3893
9724 3904
9725 3892
9726 3897
9727 3881
9728 3901
9729 3891
9730 3894
9731 3903
9732 3917
9733 3890
9734 3892
9735 3892
9736 3891
9737 3892
9738 3893
9739 3881
9740 3888
9741 3880
9742 3887
9743 3897
9744 3899
9745 3892
9746 3900
9747 3896
9748 3893
9749 3905
9750 3893
9751 3922
9752 3895
9753 3881
9754 3896
9755 3889
9756 3885
9757 3891
9758 3905
9759 3894
9760 3897
9761 3902
9762 3887
9763 3881
9764 3914
9765 3900
9766 3885
9767 3904
9768 3950
9769 3918
9770 3894
9771 3894
9772 3896
9773 3887
9774 3908
9775 3891
9776 3901
9777 3899
9778 3891
9779 3898
9780 3894
9781 3890
9782 3899
9783 3894
9784 3910
9785 3905
9786 3891
9787 3893
9788 3906
9789 3888
9790 3901
9791 3888
9792 3887
9793 3888
9794 3882
9795 3902
9796 3901
9797 3880
9798 3907
9799 3897
9800 3943
9801 3892
9802 3899
9803 3886
9804 3937
9805 3910
9806 3883
9807 3941
9808 3895
9809 3891
9810 3948
9811 3904
9812 3916
9813 3904
9814 3952
9815 3902
9816 3901
9817 3906
9818 3893
9819 3901
9820 3964
9821 3903
9822 3889
9823 3900
9824 3890
9825 3906
9826 3897
9827 3887
9828 3920
9829 3896
9830 3902
9831 3895
9832 3891
9833 3910
9834 3949
9835 3911
9836 3896
9837 3902
9838 3917
9839 3887
9840 3912
9841 3893
9842 3902
9843 3903
9844 3890
9845 3899
9846 3897
9847 3903
9848 3885
9849 3891
9850 3907
9851 3887
9852 3897
9853 3908
9854 3898
9855 3902
9856 3898
9857 3899
9858 3887
9859 3903
9860 3903
9861 3890
9862 3891
9863 3894
9864 3890
9865 3897
9866 3896
9867 3925
9868 3892
9869 3884
9870 3951
9871 3914
9872 3901
9873 3899
9874 3894
9875 3892
9876 3907
9877 3907
9878 3897
9879 3882
9880 3902
9881 3883
9882 3899
9883 3889
9884 3888
9885 3896
9886 3912
9887 3886
9888 3903
9889 3933
9890 3891
9891 3895
9892 3896
9893 3899
9894 3893
9895 3896
9896 3897
9897 3885
9898 3906
9899 3887
9900 3900
9901 3891
9902 3923
9903 3961
9904 3900
9905 3893
9906 3897
9907 3889
9908 3895
9909 3915
9910 3891
9911 3887
9912 3883
9913 3884
9914 3887
9915 3887
9916 3890
9917 3903
9918 3894
9919 3889
9920 3906
9921 3898
9922 3893
9923 3937
9924 3887
9925 3892
9926 3905
9927 3898
9928 3951
9929 3928
9930 3909
9931 3891
9932 3895
9933 3887
9934 3951
9935 3898
9936 3887
9937 3904
9938 3898
9939 3884
9940 3893
9941 3906
9942 3897
9943 3951
9944 3899
9945 3881
9946 3888
9947 3884
9948 3906
9949 3908
9950 3887
9951 3899
9952 3900
9953 3881
9954 3896
9955 3895
9956 3894
9957 3889
9958 3897
9959 3887
9960 3903
9961 3907
9962 3899
9963 3886
9964 3890
9965 3892
9966 3887
9967 3906
9968 3895
9969 3905
9970 3960
9971 3909
9972 3909
9973 3888
9974 3900
9975 3899
9976 3908
9977 3892
9978 3895
9979 3904
9980 3894
9981 3940
9982 3886
9983 3888
9984 3889
9985 3955
9986 3919
9987 3894
9988 3904
9989 3891
9990 3897
9991 3901
9992 3896
9993 3895
9994 3900
9995 3887
9996 3891
9997 3919
9998 3898
9999 3888
# sum: 3909
# min: 3873
# max: 7572
# err cnt: 0
