0 1572
1 1575
2 1562
3 1572
4 1562
5 1571
6 1562
7 1571
8 1561
9 1571
10 1562
11 1570
12 1562
13 1571
14 1561
15 1570
16 1619
17 1601
18 1565
19 1571
20 1562
21 1570
22 1562
23 1570
24 1561
25 1570
26 1561
27 1570
28 1561
29 1570
30 1561
31 1570
32 1561
33 1570
34 1561
35 1577
36 1562
37 1570
38 1561
39 1570
40 1562
41 1571
42 1561
43 1570
44 1561
45 1570
46 1561
47 1570
48 1561
49 1570
50 1561
51 1570
52 1561
53 1570
54 1561
55 1607
56 1619
57 1601
58 1574
59 1570
60 1561
61 1570
62 1619
63 1640
64 1573
65 1614
66 1565
67 1570
68 1561
69 1570
70 1561
71 1570
72 1561
73 1570
74 1561
75 1627
76 1591
77 1592
78 1583
79 1592
80 1584
81 1592
82 1584
83 1593
84 1573
85 1570
86 1561
87 1570
88 1560
89 1570
90 1561
91 1570
92 1561
93 1570
94 1561
95 1570
96 1561
97 1618
98 1565
99 1570
100 1561
101 1570
102 1561
103 1570
104 1561
105 1570
106 1561
107 1570
108 1561
109 1570
110 1619
111 1601
112 1565
113 1607
114 1561
115 1614
116 1584
117 1572
118 1561
119 1570
120 1561
121 1570
122 1561
123 1570
124 1561
125 1627
126 1631
127 1640
128 1573
129 1588
130 1573
131 1627
132 1592
133 1574
134 1561
135 1570
136 1561
137 1576
138 1562
139 1570
140 1561
141 1570
142 1561
143 1590
144 1573
145 1569
146 1561
147 1570
148 1561
149 1570
150 1561
151 1570
152 1561
153 1570
154 1561
155 1573
156 1562
157 1570
158 1562
159 1570
160 1561
161 1570
162 1562
163 1570
164 1561
165 1570
166 1561
167 1570
168 1560
169 1570
170 1561
171 1570
172 1561
173 1570
174 1561
175 1597
176 1632
177 1601
178 1583
179 1586
180 1561
181 1608
182 1561
183 1589
184 1631
185 1601
186 1591
187 1574
188 1561
189 1570
190 1561
191 1607
192 1561
193 1570
194 1561
195 1570
196 1561
197 1570
198 1561
199 1570
200 1560
201 1570
202 1561
203 1570
204 1561
205 1570
206 1561
207 1570
208 1561
209 1570
210 1561
211 1627
212 1592
213 1586
214 1561
215 1570
216 1561
217 1570
218 1561
219 1568
220 1561
221 1569
222 1618
223 1582
224 1618
225 1582
226 1561
227 1569
228 1618
229 1601
230 1591
231 1574
232 1561
233 1570
234 1618
235 1619
236 1561
237 1570
238 1561
239 1575
240 1561
241 1570
242 1618
243 1581
244 1561
245 1571
246 1618
247 1594
248 1618
249 1619
250 1561
251 1569
252 1561
253 1569
254 1561
255 1570
256 1561
257 1569
258 1561
259 1570
260 1561
261 1570
262 1561
263 1570
264 1618
265 1626
266 1583
267 1574
268 1561
269 1569
270 1561
271 1627
272 1631
273 1600
274 1565
275 1569
276 1561
277 1627
278 1631
279 1582
280 1560
281 1627
282 1592
283 1592
284 1631
285 1601
286 1631
287 1582
288 1561
289 1570
290 1561
291 1570
292 1561
293 1569
294 1561
295 1569
296 1560
297 1570
298 1618
299 1582
300 1561
301 1607
302 1618
303 1582
304 1561
305 1570
306 1561
307 1607
308 1561
309 1570
310 1561
311 1569
312 1620
313 1598
314 1560
315 1572
316 1562
317 1573
318 1561
319 1591
320 1592
321 1593
322 1573
323 1570
324 1618
325 1601
326 1573
327 1607
328 1618
329 1581
330 1619
331 1601
332 1573
333 1569
334 1561
335 1569
336 1561
337 1588
338 1573
339 1611
340 1561
341 1576
342 1561
343 1569
344 1561
345 1627
346 1591
347 1593
348 1565
349 1614
350 1583
351 1592
352 1583
353 1592
354 1592
355 1573
356 1618
357 1601
358 1631
359 1601
360 1592
361 1592
362 1583
363 1574
364 1617
365 1594
366 1618
367 1639
368 1573
369 1570
370 1561
371 1569
372 1618
373 1600
374 1583
375 1592
376 1584
377 1586
378 1561
379 1570
380 1561
381 1570
382 1561
383 1570
384 1561
385 1570
386 1561
387 1607
388 1561
389 1608
390 1561
391 1614
392 1583
393 1574
394 1561
395 1570
396 1561
397 1570
398 1561
399 1570
400 1561
401 1589
402 1631
403 1619
404 1561
405 1570
406 1618
407 1582
408 1619
409 1582
410 1618
411 1601
412 1592
413 1593
414 1573
415 1570
416 1618
417 1582
418 1561
419 1570
420 1561
421 1569
422 1561
423 1587
424 1631
425 1601
426 1573
427 1569
428 1561
429 1607
430 1561
431 1570
432 1561
433 1569
434 1561
435 1569
436 1561
437 1569
438 1561
439 1588
440 1631
441 1581
442 1561
443 1576
444 1561
445 1628
446 1592
447 1592
448 1565
449 1571
450 1618
451 1626
452 1583
453 1592
454 1583
455 1592
456 1631
457 1601
458 1591
459 1585
460 1619
461 1581
462 1618
463 1601
464 1592
465 1586
466 1561
467 1570
468 1619
469 1601
470 1573
471 1570
472 1618
473 1639
474 1592
475 1592
476 1631
477 1601
478 1631
479 1582
480 1561
481 1588
482 1573
483 1569
484 1561
485 1569
486 1619
487 1601
488 1630
489 1595
490 1561
491 1570
492 1561
493 1570
494 1561
495 1570
496 1561
497 1589
498 1631
499 1619
500 1561
501 1570
502 1561
503 1570
504 1619
505 1601
506 1584
507 1574
508 1561
509 1570
510 1561
511 1570
512 1618
513 1601
514 1592
515 1593
516 1592
517 1586
518 1618
519 1600
520 1583
521 1586
522 1561
523 1570
524 1619
525 1624
526 1584
527 1592
528 1583
529 1592
530 1583
531 1592
532 1583
533 1574
534 1619
535 1601
536 1631
537 1582
538 1561
539 1569
540 1561
541 1570
542 1618
543 1625
544 1582
545 1600
546 1583
547 1574
548 1561
549 1570
550 1561
551 1571
552 1561
553 1570
554 1560
555 1572
556 1561
557 1570
558 1560
559 1569
560 1561
561 1571
562 1618
563 1582
564 1618
565 1582
566 1561
567 1570
568 1560
569 1570
570 1561
571 1572
572 1561
573 1570
574 1561
575 1569
576 1561
577 1607
578 1561
579 1570
580 1619
581 1639
582 1631
583 1601
584 1631
585 1619
586 1618
587 1619
588 1561
589 1570
590 1561
591 1570
592 1561
593 1570
594 1561
595 1570
596 1618
597 1630
598 1583
599 1573
600 1618
601 1619
602 1561
603 1570
604 1619
605 1600
606 1583
607 1586
608 1561
609 1570
610 1618
611 1601
612 1573
613 1570
614 1561
615 1570
616 1618
617 1601
618 1573
619 1570
620 1561
621 1570
622 1561
623 1570
624 1618
625 1582
626 1561
627 1568
628 1561
629 1570
630 1561
631 1569
632 1618
633 1600
634 1583
635 1592
636 1631
637 1626
638 1583
639 1592
640 1631
641 1601
642 1573
643 1588
644 1573
645 1569
646 1561
647 1576
648 1561
649 1627
650 1592
651 1592
652 1631
653 1627
654 1565
655 1570
656 1561
657 1570
658 1561
659 1627
660 1573
661 1570
662 1561
663 1569
664 1561
665 1588
666 1631
667 1582
668 1561
669 1570
670 1561
671 1607
672 1618
673 1582
674 1618
675 1639
676 1631
677 1600
678 1583
679 1592
680 1630
681 1582
682 1618
683 1601
684 1631
685 1619
686 1561
687 1570
688 1561
689 1570
690 1618
691 1625
692 1565
693 1570
694 1619
695 1582
696 1560
697 1570
698 1561
699 1570
700 1561
701 1569
702 1561
703 1570
704 1561
705 1588
706 1631
707 1640
708 1631
709 1600
710 1565
711 1570
712 1561
713 1569
714 1561
715 1570
716 1561
717 1570
718 1561
719 1570
720 1561
721 1627
722 1573
723 1570
724 1561
725 1569
726 1618
727 1639
728 1631
729 1599
730 1565
731 1570
732 1618
733 1601
734 1631
735 1582
736 1561
737 1588
738 1592
739 1592
740 1565
741 1570
742 1618
743 1582
744 1561
745 1570
746 1618
747 1582
748 1561
749 1594
750 1592
751 1593
752 1573
753 1570
754 1561
755 1570
756 1561
757 1569
758 1561
759 1569
760 1561
761 1570
762 1561
763 1569
764 1618
765 1601
766 1591
767 1573
768 1618
769 1639
770 1631
771 1601
772 1591
773 1593
774 1631
775 1601
776 1592
777 1574
778 1562
779 1572
780 1561
781 1570
782 1561
783 1571
784 1619
785 1582
786 1561
787 1614
788 1584
789 1593
790 1631
791 1600
792 1583
793 1593
794 1583
795 1574
796 1561
797 1570
798 1561
799 1570
800 1561
801 1570
802 1561
803 1570
804 1561
805 1570
806 1561
807 1589
808 1630
809 1620
810 1619
811 1582
812 1561
813 1570
814 1619
815 1600
816 1583
817 1574
818 1561
819 1570
820 1561
821 1570
822 1561
823 1570
824 1560
825 1570
826 1560
827 1570
828 1560
829 1572
830 1561
831 1568
832 1561
833 1570
834 1561
835 1569
836 1618
837 1601
838 1573
839 1569
840 1618
841 1582
842 1561
843 1570
844 1561
845 1570
846 1618
847 1601
848 1573
849 1570
850 1561
851 1576
852 1561
853 1588
854 1592
855 1592
856 1631
857 1602
858 1631
859 1600
860 1591
861 1586
862 1618
863 1625
864 1583
865 1574
866 1618
867 1582
868 1618
869 1639
870 1573
871 1570
872 1619
873 1582
874 1618
875 1601
876 1592
877 1586
878 1618
879 1600
880 1565
881 1570
882 1561
883 1627
884 1631
885 1581
886 1561
887 1570
888 1560
889 1628
890 1631
891 1643
892 1631
893 1601
894 1583
895 1592
896 1564
897 1612
898 1562
899 1607
900 1561
901 1570
902 1561
903 1570
904 1619
905 1582
906 1561
907 1570
908 1561
909 1570
910 1561
911 1570
912 1618
913 1594
914 1618
915 1601
916 1631
917 1582
918 1561
919 1570
920 1618
921 1626
922 1583
923 1593
924 1631
925 1600
926 1583
927 1586
928 1561
929 1607
930 1561
931 1570
932 1561
933 1569
934 1618
935 1601
936 1592
937 1574
938 1561
939 1627
940 1592
941 1574
942 1561
943 1589
944 1592
945 1574
946 1561
947 1628
948 1631
949 1594
950 1561
951 1570
952 1561
953 1576
954 1561
955 1607
956 1618
957 1601
958 1631
959 1602
960 1573
961 1570
962 1618
963 1639
964 1592
965 1573
966 1618
967 1601
968 1631
969 1582
970 1561
971 1570
972 1561
973 1570
974 1561
975 1588
976 1592
977 1592
978 1592
979 1586
980 1618
981 1582
982 1561
983 1570
984 1561
985 1570
986 1561
987 1570
988 1561
989 1570
990 1561
991 1570
992 1561
993 1570
994 1561
995 1570
996 1561
997 1570
998 1561
999 1570
# sum: 1583
# min: 1560
# max: 1643
# err cnt: 0
