0 45
1 27
2 24
3 23
4 25
5 23
6 23
7 23
8 22
9 23
10 23
11 24
12 23
13 23
14 23
15 23
16 23
17 23
18 23
19 23
20 23
21 23
22 23
23 23
24 23
25 22
26 23
27 23
28 22
29 23
30 23
31 23
32 23
33 23
34 23
35 23
36 23
37 23
38 22
39 23
40 23
41 22
42 23
43 23
44 22
45 23
46 22
47 23
48 23
49 23
50 22
51 23
52 23
53 22
54 23
55 23
56 23
57 22
58 23
59 23
60 22
61 23
62 23
63 22
64 23
65 23
66 23
67 23
68 23
69 23
70 22
71 23
72 23
73 22
74 23
75 23
76 23
77 23
78 23
79 23
80 23
81 23
82 23
83 23
84 23
85 23
86 23
87 23
88 23
89 23
90 23
91 23
92 23
93 23
94 22
95 23
96 22
97 23
98 23
99 23
100 23
101 22
102 23
103 23
104 23
105 23
106 23
107 23
108 23
109 22
110 23
111 23
112 23
113 23
114 23
115 23
116 22
117 23
118 23
119 23
120 23
121 23
122 23
123 23
124 23
125 23
126 22
127 23
128 22
129 23
130 23
131 23
132 23
133 23
134 23
135 23
136 23
137 22
138 23
139 22
140 23
141 23
142 23
143 23
144 23
145 23
146 23
147 23
148 23
149 22
150 23
151 22
152 22
153 23
154 23
155 23
156 23
157 23
158 23
159 23
160 23
161 23
162 22
163 22
164 23
165 22
166 23
167 23
168 22
169 23
170 23
171 23
172 24
173 23
174 23
175 22
176 23
177 23
178 23
179 23
180 23
181 23
182 23
183 23
184 23
185 23
186 23
187 23
188 23
189 23
190 23
191 23
192 21
193 23
194 23
195 23
196 23
197 23
198 23
199 23
200 23
201 23
202 23
203 23
204 23
205 23
206 23
207 23
208 23
209 23
210 23
211 23
212 23
213 23
214 22
215 23
216 23
217 23
218 23
219 23
220 23
221 23
222 23
223 23
224 23
225 23
226 23
227 23
228 23
229 23
230 23
231 22
232 23
233 23
234 23
235 23
236 23
237 23
238 22
239 23
240 23
241 22
242 23
243 23
244 23
245 23
246 23
247 23
248 22
249 23
250 23
251 23
252 23
253 23
254 22
255 23
256 23
257 23
258 23
259 23
260 23
261 23
262 23
263 23
264 23
265 23
266 23
267 23
268 23
269 23
270 23
271 23
272 23
273 23
274 23
275 22
276 23
277 23
278 22
279 23
280 23
281 23
282 23
283 23
284 23
285 23
286 23
287 23
288 22
289 23
290 23
291 22
292 22
293 23
294 23
295 23
296 23
297 23
298 22
299 23
300 23
301 22
302 23
303 23
304 23
305 22
306 23
307 23
308 22
309 22
310 23
311 22
312 23
313 23
314 23
315 23
316 23
317 23
318 23
319 22
320 23
321 23
322 23
323 23
324 22
325 23
326 23
327 23
328 23
329 23
330 22
331 23
332 22
333 23
334 23
335 23
336 23
337 23
338 23
339 23
340 23
341 22
342 23
343 23
344 23
345 23
346 23
347 23
348 23
349 23
350 23
351 22
352 23
353 23
354 23
355 23
356 23
357 22
358 23
359 23
360 23
361 22
362 23
363 23
364 23
365 23
366 23
367 22
368 23
369 23
370 23
371 23
372 23
373 23
374 23
375 23
376 23
377 23
378 23
379 23
380 23
381 23
382 23
383 23
384 23
385 23
386 23
387 23
388 23
389 23
390 22
391 23
392 23
393 22
394 23
395 22
396 23
397 23
398 23
399 23
400 22
401 23
402 23
403 23
404 23
405 23
406 23
407 23
408 23
409 22
410 22
411 23
412 23
413 22
414 23
415 23
416 23
417 23
418 23
419 23
420 22
421 23
422 23
423 23
424 23
425 23
426 22
427 23
428 23
429 23
430 23
431 23
432 22
433 23
434 23
435 23
436 23
437 22
438 23
439 22
440 23
441 23
442 23
443 23
444 23
445 22
446 23
447 23
448 23
449 22
450 23
451 23
452 23
453 22
454 23
455 23
456 23
457 22
458 23
459 23
460 23
461 23
462 22
463 22
464 23
465 23
466 23
467 23
468 23
469 25
470 22
471 23
472 23
473 23
474 22
475 22
476 23
477 23
478 23
479 23
480 23
481 23
482 23
483 23
484 23
485 22
486 23
487 23
488 23
489 23
490 23
491 23
492 22
493 23
494 23
495 22
496 23
497 23
498 23
499 23
500 23
501 22
502 23
503 23
504 23
505 22
506 23
507 23
508 23
509 23
510 23
511 23
512 22
513 23
514 23
515 22
516 23
517 23
518 23
519 24
520 23
521 23
522 23
523 23
524 23
525 23
526 23
527 23
528 23
529 22
530 23
531 23
532 23
533 23
534 22
535 23
536 22
537 23
538 23
539 22
540 23
541 23
542 22
543 23
544 23
545 22
546 23
547 23
548 23
549 23
550 23
551 23
552 23
553 23
554 23
555 22
556 23
557 23
558 22
559 23
560 23
561 23
562 22
563 23
564 23
565 22
566 23
567 23
568 23
569 23
570 23
571 23
572 22
573 23
574 23
575 22
576 23
577 22
578 22
579 23
580 25
581 25
582 23
583 23
584 23
585 22
586 23
587 23
588 22
589 23
590 23
591 23
592 22
593 23
594 23
595 23
596 23
597 23
598 23
599 23
600 23
601 23
602 22
603 23
604 23
605 22
606 23
607 23
608 22
609 23
610 23
611 22
612 23
613 23
614 23
615 22
616 23
617 23
618 22
619 23
620 23
621 23
622 22
623 23
624 23
625 23
626 23
627 23
628 23
629 22
630 23
631 23
632 22
633 23
634 23
635 23
636 23
637 23
638 23
639 22
640 23
641 23
642 22
643 23
644 23
645 22
646 23
647 23
648 23
649 23
650 23
651 23
652 23
653 23
654 23
655 23
656 23
657 23
658 21
659 23
660 24
661 23
662 23
663 23
664 23
665 23
666 23
667 23
668 22
669 22
670 23
671 22
672 23
673 23
674 22
675 23
676 23
677 23
678 23
679 23
680 23
681 23
682 23
683 23
684 23
685 23
686 23
687 23
688 22
689 22
690 23
691 23
692 23
693 23
694 23
695 23
696 23
697 22
698 23
699 22
700 23
701 23
702 23
703 22
704 23
705 23
706 23
707 23
708 23
709 23
710 23
711 23
712 23
713 23
714 23
715 23
716 22
717 23
718 23
719 22
720 23
721 23
722 23
723 23
724 23
725 22
726 22
727 23
728 23
729 22
730 23
731 22
732 23
733 23
734 23
735 23
736 22
737 23
738 23
739 22
740 23
741 23
742 23
743 23
744 23
745 22
746 23
747 23
748 23
749 22
750 23
751 23
752 22
753 23
754 23
755 22
756 23
757 23
758 23
759 23
760 22
761 23
762 23
763 23
764 23
765 22
766 23
767 23
768 22
769 23
770 23
771 23
772 23
773 23
774 23
775 23
776 23
777 23
778 23
779 23
780 23
781 22
782 23
783 22
784 23
785 23
786 23
787 23
788 23
789 23
790 23
791 23
792 23
793 23
794 22
795 23
796 22
797 23
798 23
799 23
800 22
801 23
802 30
803 23
804 23
805 23
806 23
807 23
808 23
809 22
810 23
811 23
812 23
813 23
814 23
815 23
816 22
817 23
818 23
819 23
820 23
821 22
822 22
823 23
824 23
825 23
826 23
827 23
828 23
829 22
830 23
831 23
832 22
833 23
834 23
835 23
836 23
837 23
838 23
839 22
840 23
841 23
842 23
843 23
844 23
845 22
846 23
847 23
848 23
849 23
850 23
851 23
852 23
853 23
854 23
855 22
856 23
857 23
858 23
859 23
860 23
861 23
862 23
863 23
864 23
865 22
866 23
867 23
868 23
869 23
870 23
871 23
872 23
873 23
874 23
875 23
876 23
877 23
878 23
879 23
880 23
881 23
882 23
883 23
884 23
885 23
886 23
887 23
888 22
889 23
890 23
891 23
892 23
893 23
894 23
895 23
896 23
897 25
898 25
899 23
900 23
901 23
902 24
903 23
904 23
905 23
906 23
907 23
908 23
909 23
910 22
911 22
912 23
913 22
914 23
915 23
916 23
917 23
918 23
919 23
920 23
921 23
922 23
923 23
924 23
925 22
926 23
927 22
928 23
929 23
930 23
931 23
932 23
933 23
934 23
935 22
936 23
937 23
938 23
939 22
940 23
941 23
942 23
943 23
944 23
945 23
946 22
947 23
948 23
949 22
950 23
951 23
952 23
953 23
954 23
955 23
956 23
957 23
958 23
959 22
960 23
961 23
962 23
963 23
964 23
965 23
966 23
967 23
968 23
969 22
970 23
971 23
972 22
973 23
974 22
975 23
976 22
977 22
978 24
979 23
980 23
981 22
982 23
983 22
984 23
985 23
986 23
987 23
988 23
989 22
990 22
991 23
992 22
993 23
994 22
995 22
996 23
997 23
998 23
999 22
1000 23
1001 23
1002 23
1003 22
1004 23
1005 23
1006 23
1007 23
1008 23
1009 23
1010 23
1011 23
1012 22
1013 23
1014 23
1015 23
1016 23
1017 23
1018 23
1019 23
1020 23
1021 23
1022 23
1023 23
1024 23
1025 23
1026 23
1027 23
1028 23
1029 23
1030 23
1031 23
1032 23
1033 22
1034 23
1035 23
1036 23
1037 23
1038 22
1039 23
1040 23
1041 22
1042 23
1043 22
1044 23
1045 23
1046 23
1047 23
1048 23
1049 23
1050 23
1051 23
1052 23
1053 23
1054 23
1055 22
1056 23
1057 23
1058 22
1059 23
1060 23
1061 23
1062 23
1063 23
1064 23
1065 22
1066 23
1067 23
1068 22
1069 23
1070 23
1071 22
1072 23
1073 23
1074 23
1075 23
1076 23
1077 23
1078 22
1079 23
1080 23
1081 23
1082 23
1083 23
1084 23
1085 23
1086 23
1087 23
1088 22
1089 23
1090 23
1091 22
1092 23
1093 23
1094 22
1095 23
1096 23
1097 23
1098 23
1099 23
1100 23
1101 22
1102 22
1103 23
1104 22
1105 23
1106 23
1107 22
1108 23
1109 23
1110 23
1111 23
1112 23
1113 23
1114 23
1115 22
1116 23
1117 22
1118 23
1119 23
1120 23
1121 23
1122 23
1123 22
1124 22
1125 23
1126 23
1127 23
1128 23
1129 23
1130 22
1131 23
1132 23
1133 23
1134 23
1135 23
1136 23
1137 22
1138 23
1139 23
1140 22
1141 23
1142 23
1143 23
1144 23
1145 23
1146 23
1147 23
1148 22
1149 23
1150 22
1151 23
1152 23
1153 22
1154 23
1155 22
1156 23
1157 22
1158 23
1159 22
1160 22
1161 23
1162 23
1163 22
1164 23
1165 23
1166 23
1167 23
1168 23
1169 23
1170 22
1171 23
1172 22
1173 22
1174 23
1175 23
1176 23
1177 22
1178 23
1179 23
1180 23
1181 23
1182 23
1183 22
1184 23
1185 23
1186 23
1187 23
1188 23
1189 23
1190 22
1191 23
1192 23
1193 23
1194 22
1195 23
1196 22
1197 23
1198 23
1199 22
1200 23
1201 23
1202 23
1203 23
1204 23
1205 23
1206 23
1207 23
1208 23
1209 22
1210 23
1211 23
1212 23
1213 22
1214 23
1215 24
1216 23
1217 23
1218 23
1219 23
1220 23
1221 23
1222 23
1223 23
1224 23
1225 23
1226 23
1227 23
1228 22
1229 22
1230 23
1231 23
1232 23
1233 23
1234 22
1235 23
1236 22
1237 23
1238 23
1239 22
1240 23
1241 23
1242 23
1243 23
1244 23
1245 23
1246 23
1247 22
1248 23
1249 23
1250 23
1251 23
1252 23
1253 23
1254 23
1255 23
1256 23
1257 23
1258 23
1259 23
1260 22
1261 23
1262 23
1263 23
1264 22
1265 23
1266 23
1267 23
1268 23
1269 23
1270 23
1271 22
1272 23
1273 23
1274 23
1275 23
1276 23
1277 22
1278 23
1279 23
1280 22
1281 23
1282 23
1283 23
1284 23
1285 23
1286 23
1287 23
1288 23
1289 23
1290 23
1291 23
1292 23
1293 23
1294 23
1295 23
1296 23
1297 22
1298 23
1299 23
1300 23
1301 23
1302 23
1303 22
1304 23
1305 23
1306 23
1307 23
1308 22
1309 23
1310 23
1311 23
1312 23
1313 23
1314 23
1315 23
1316 23
1317 23
1318 23
1319 23
1320 22
1321 23
1322 23
1323 23
1324 23
1325 23
1326 23
1327 23
1328 23
1329 23
1330 22
1331 23
1332 23
1333 22
1334 23
1335 23
1336 22
1337 22
1338 23
1339 22
1340 23
1341 23
1342 22
1343 23
1344 22
1345 22
1346 23
1347 23
1348 23
1349 22
1350 23
1351 23
1352 22
1353 23
1354 23
1355 22
1356 23
1357 23
1358 23
1359 23
1360 23
1361 23
1362 23
1363 23
1364 22
1365 22
1366 23
1367 23
1368 23
1369 23
1370 23
1371 23
1372 22
1373 22
1374 23
1375 23
1376 23
1377 23
1378 23
1379 23
1380 22
1381 23
1382 23
1383 22
1384 23
1385 22
1386 23
1387 23
1388 23
1389 23
1390 22
1391 22
1392 22
1393 22
1394 23
1395 22
1396 23
1397 23
1398 22
1399 22
1400 23
1401 23
1402 23
1403 23
1404 23
1405 22
1406 23
1407 23
1408 22
1409 23
1410 23
1411 23
1412 22
1413 23
1414 23
1415 22
1416 23
1417 23
1418 22
1419 22
1420 23
1421 23
1422 23
1423 23
1424 23
1425 22
1426 23
1427 23
1428 22
1429 23
1430 23
1431 23
1432 22
1433 23
1434 22
1435 22
1436 23
1437 23
1438 22
1439 23
1440 22
1441 23
1442 22
1443 23
1444 23
1445 22
1446 22
1447 23
1448 22
1449 23
1450 23
1451 23
1452 23
1453 22
1454 23
1455 22
1456 23
1457 23
1458 22
1459 23
1460 23
1461 23
1462 22
1463 22
1464 23
1465 23
1466 23
1467 23
1468 22
1469 23
1470 23
1471 23
1472 23
1473 23
1474 22
1475 23
1476 23
1477 23
1478 22
1479 23
1480 23
1481 23
1482 23
1483 23
1484 23
1485 23
1486 23
1487 23
1488 23
1489 22
1490 23
1491 23
1492 23
1493 23
1494 23
1495 23
1496 23
1497 22
1498 23
1499 23
1500 23
1501 23
1502 23
1503 23
1504 23
1505 23
1506 23
1507 23
1508 23
1509 23
1510 22
1511 23
1512 23
1513 23
1514 22
1515 23
1516 23
1517 22
1518 23
1519 23
1520 22
1521 23
1522 23
1523 23
1524 23
1525 22
1526 23
1527 22
1528 23
1529 23
1530 10
1531 9
1532 9
1533 9
1534 9
1535 9
1536 9
1537 9
1538 9
1539 9
1540 9
1541 8
1542 8
1543 9
1544 9
1545 9
1546 8
1547 9
1548 9
1549 8
1550 9
1551 9
1552 9
1553 9
1554 9
1555 9
1556 9
1557 9
1558 9
1559 9
1560 9
1561 9
1562 9
1563 9
1564 9
1565 9
1566 9
1567 9
1568 9
1569 9
1570 9
1571 9
1572 9
1573 9
1574 8
1575 9
1576 9
1577 8
1578 9
1579 9
1580 9
1581 9
1582 9
1583 9
1584 9
1585 9
1586 9
1587 9
1588 9
1589 9
1590 9
1591 9
1592 9
1593 9
1594 9
1595 9
1596 9
1597 9
1598 9
1599 9
1600 9
1601 12
1602 9
1603 9
1604 9
1605 9
1606 9
1607 9
1608 9
1609 9
1610 9
1611 9
1612 9
1613 9
1614 9
1615 9
1616 9
1617 8
1618 8
1619 9
1620 9
1621 9
1622 9
1623 9
1624 9
1625 9
1626 9
1627 9
1628 9
1629 9
1630 9
1631 9
1632 9
1633 8
1634 9
1635 9
1636 9
1637 9
1638 9
1639 9
1640 9
1641 9
1642 9
1643 9
1644 9
1645 9
1646 8
1647 9
1648 12
1649 9
1650 9
1651 9
1652 9
1653 8
1654 9
1655 9
1656 9
1657 9
1658 9
1659 9
1660 9
1661 9
1662 9
1663 9
1664 9
1665 9
1666 9
1667 9
1668 9
1669 9
1670 9
1671 9
1672 9
1673 9
1674 9
1675 9
1676 9
1677 9
1678 9
1679 9
1680 9
1681 9
1682 8
1683 8
1684 9
1685 9
1686 9
1687 8
1688 9
1689 9
1690 8
1691 8
1692 9
1693 9
1694 9
1695 8
1696 8
1697 10
1698 9
1699 8
1700 8
1701 9
1702 9
1703 9
1704 8
1705 9
1706 9
1707 9
1708 9
1709 8
1710 9
1711 9
1712 8
1713 9
1714 9
1715 9
1716 8
1717 8
1718 9
1719 9
1720 9
1721 8
1722 9
1723 9
1724 9
1725 8
1726 9
1727 9
1728 8
1729 8
1730 9
1731 9
1732 8
1733 8
1734 9
1735 9
1736 9
1737 9
1738 9
1739 9
1740 9
1741 9
1742 9
1743 9
1744 8
1745 8
1746 9
1747 9
1748 9
1749 9
1750 9
1751 9
1752 9
1753 9
1754 14
1755 9
1756 9
1757 8
1758 9
1759 9
1760 9
1761 8
1762 9
1763 9
1764 9
1765 9
1766 9
1767 10
1768 8
1769 9
1770 8
1771 9
1772 9
1773 8
1774 9
1775 9
1776 9
1777 9
1778 8
1779 9
1780 9
1781 9
1782 9
1783 9
1784 9
1785 9
1786 9
1787 9
1788 9
1789 9
1790 9
1791 9
1792 9
1793 9
1794 9
1795 9
1796 9
1797 9
1798 9
1799 14
1800 9
1801 9
1802 9
1803 9
1804 9
1805 9
1806 9
1807 9
1808 9
1809 9
1810 9
1811 10
1812 9
1813 9
1814 8
1815 9
1816 9
1817 9
1818 9
1819 8
1820 9
1821 9
1822 8
1823 9
1824 9
1825 9
1826 9
1827 9
1828 9
1829 9
1830 9
1831 8
1832 9
1833 9
1834 9
1835 8
1836 9
1837 9
1838 9
1839 9
1840 8
1841 9
1842 9
1843 9
1844 8
1845 9
1846 9
1847 10
1848 9
1849 9
1850 9
1851 9
1852 9
1853 9
1854 9
1855 9
1856 9
1857 9
1858 9
1859 9
1860 9
1861 9
1862 9
1863 9
1864 9
1865 9
1866 9
1867 9
1868 9
1869 9
1870 9
1871 9
1872 9
1873 9
1874 9
1875 9
1876 9
1877 9
1878 9
1879 9
1880 9
1881 9
1882 9
1883 9
1884 9
1885 9
1886 9
1887 9
1888 9
1889 9
1890 9
1891 9
1892 9
1893 9
1894 9
1895 9
1896 9
1897 9
1898 9
1899 9
1900 9
1901 9
1902 9
1903 9
1904 9
1905 9
1906 9
1907 9
1908 9
1909 9
1910 9
1911 9
1912 9
1913 9
1914 9
1915 9
1916 9
1917 9
1918 12
1919 8
1920 9
1921 9
1922 9
1923 9
1924 9
1925 9
1926 9
1927 9
1928 9
1929 9
1930 9
1931 9
1932 9
1933 9
1934 9
1935 9
1936 9
1937 9
1938 9
1939 9
1940 9
1941 9
1942 9
1943 9
1944 9
1945 12
1946 9
1947 9
1948 9
1949 9
1950 9
1951 9
1952 9
1953 12
1954 9
1955 9
1956 9
1957 9
1958 9
1959 9
1960 9
1961 9
1962 9
1963 9
1964 9
1965 9
1966 9
1967 9
1968 9
1969 9
1970 9
1971 9
1972 9
1973 9
1974 9
1975 9
1976 9
1977 9
1978 9
1979 9
1980 9
1981 9
1982 9
1983 9
1984 9
1985 9
1986 9
1987 9
1988 9
1989 9
1990 9
1991 9
1992 9
1993 9
1994 9
1995 9
1996 9
1997 9
1998 9
1999 9
2000 9
2001 9
2002 9
2003 9
2004 9
2005 9
2006 9
2007 9
2008 9
2009 9
2010 9
2011 10
2012 9
2013 9
2014 9
2015 9
2016 9
2017 9
2018 9
2019 9
2020 10
2021 9
2022 9
2023 9
2024 9
2025 9
2026 9
2027 9
2028 9
2029 9
2030 15
2031 9
2032 9
2033 9
2034 9
2035 9
2036 9
2037 9
2038 9
2039 9
2040 9
2041 9
2042 9
2043 9
2044 9
2045 9
2046 9
2047 9
2048 9
2049 9
2050 9
2051 9
2052 9
2053 9
2054 11
2055 9
2056 9
2057 9
2058 9
2059 9
2060 9
2061 9
2062 9
2063 9
2064 9
2065 9
2066 9
2067 9
2068 9
2069 9
2070 9
2071 9
2072 9
2073 9
2074 9
2075 9
2076 9
2077 9
2078 9
2079 9
2080 9
2081 9
2082 9
2083 9
2084 9
2085 9
2086 9
2087 9
2088 9
2089 9
2090 9
2091 9
2092 9
2093 9
2094 9
2095 9
2096 9
2097 9
2098 9
2099 11
2100 9
2101 9
2102 9
2103 9
2104 9
2105 9
2106 9
2107 9
2108 9
2109 9
2110 9
2111 9
2112 9
2113 9
2114 9
2115 9
2116 10
2117 9
2118 9
2119 9
2120 9
2121 9
2122 9
2123 9
2124 9
2125 9
2126 9
2127 9
2128 9
2129 9
2130 9
2131 9
2132 9
2133 9
2134 9
2135 9
2136 9
2137 9
2138 9
2139 9
2140 9
2141 9
2142 9
2143 9
2144 9
2145 9
2146 9
2147 9
2148 9
2149 9
2150 9
2151 9
2152 9
2153 9
2154 9
2155 9
2156 9
2157 9
2158 9
2159 9
2160 9
2161 9
2162 9
2163 9
2164 9
2165 9
2166 9
2167 9
2168 9
2169 9
2170 9
2171 9
2172 9
2173 9
2174 9
2175 9
2176 9
2177 9
2178 9
2179 11
2180 9
2181 9
2182 9
2183 9
2184 9
2185 9
2186 9
2187 9
2188 9
2189 9
2190 9
2191 9
2192 9
2193 9
2194 9
2195 9
2196 9
2197 9
2198 9
2199 9
2200 9
2201 11
2202 9
2203 9
2204 9
2205 9
2206 9
2207 9
2208 9
2209 9
2210 9
2211 9
2212 9
2213 9
2214 10
2215 9
2216 9
2217 9
2218 9
2219 9
2220 9
2221 9
2222 9
2223 10
2224 9
2225 9
2226 10
2227 24
2228 24
2229 23
2230 23
2231 23
2232 23
2233 23
2234 23
2235 23
2236 23
2237 23
2238 23
2239 23
2240 23
2241 23
2242 22
2243 23
2244 24
2245 23
2246 23
2247 23
2248 23
2249 22
2250 23
2251 23
2252 23
2253 23
2254 23
2255 23
2256 23
2257 23
2258 22
2259 23
2260 23
2261 23
2262 23
2263 23
2264 23
2265 23
2266 23
2267 23
2268 22
2269 23
2270 23
2271 23
2272 23
2273 23
2274 23
2275 23
2276 23
2277 23
2278 22
2279 23
2280 23
2281 23
2282 23
2283 23
2284 22
2285 23
2286 23
2287 23
2288 23
2289 23
2290 23
2291 22
2292 23
2293 23
2294 22
2295 23
2296 23
2297 23
2298 23
2299 23
2300 23
2301 23
2302 23
2303 23
2304 22
2305 22
2306 23
2307 23
2308 22
2309 23
2310 23
2311 22
2312 23
2313 23
2314 23
2315 23
2316 23
2317 23
2318 22
2319 22
2320 23
2321 22
2322 23
2323 23
2324 22
2325 23
2326 23
2327 23
2328 23
2329 23
2330 23
2331 23
2332 22
2333 23
2334 22
2335 23
2336 23
2337 23
2338 23
2339 23
2340 23
2341 22
2342 23
2343 23
2344 22
2345 23
2346 23
2347 23
2348 23
2349 23
2350 23
2351 23
2352 23
2353 23
2354 23
2355 22
2356 23
2357 22
2358 23
2359 23
2360 23
2361 23
2362 23
2363 23
2364 22
2365 23
2366 23
2367 22
2368 23
2369 22
2370 23
2371 23
2372 23
2373 23
2374 22
2375 23
2376 23
2377 23
2378 23
2379 22
2380 23
2381 22
2382 23
2383 23
2384 22
2385 23
2386 23
2387 22
2388 23
2389 23
2390 22
2391 23
2392 23
2393 23
2394 22
2395 23
2396 23
2397 23
2398 23
2399 23
2400 22
2401 23
2402 23
2403 22
2404 22
2405 23
2406 23
2407 23
2408 23
2409 23
2410 22
2411 23
2412 23
2413 22
2414 23
2415 23
2416 23
2417 23
2418 23
2419 23
2420 22
2421 23
2422 23
2423 22
2424 23
2425 23
2426 23
2427 23
2428 23
2429 23
2430 23
2431 23
2432 23
2433 23
2434 23
2435 23
2436 22
2437 23
2438 23
2439 23
2440 23
2441 23
2442 23
2443 23
2444 23
2445 23
2446 23
2447 23
2448 23
2449 23
2450 23
2451 23
2452 23
2453 23
2454 23
2455 23
2456 23
2457 23
2458 23
2459 22
2460 23
2461 23
2462 23
2463 23
2464 23
2465 23
2466 23
2467 23
2468 23
2469 22
2470 23
2471 23
2472 22
2473 23
2474 23
2475 23
2476 23
2477 23
2478 23
2479 23
2480 23
2481 24
2482 23
2483 23
2484 23
2485 23
2486 23
2487 23
2488 23
2489 23
2490 23
2491 23
2492 23
2493 23
2494 23
2495 23
2496 23
2497 23
2498 23
2499 23
2500 23
2501 23
2502 23
2503 23
2504 23
2505 23
2506 23
2507 23
2508 22
2509 23
2510 23
2511 23
2512 23
2513 23
2514 23
2515 23
2516 23
2517 23
2518 23
2519 23
2520 23
2521 23
2522 23
2523 22
2524 23
2525 23
2526 23
2527 23
2528 23
2529 23
2530 23
2531 22
2532 23
2533 23
2534 23
2535 23
2536 23
2537 22
2538 23
2539 23
2540 23
2541 23
2542 23
2543 23
2544 23
2545 23
2546 23
2547 22
2548 22
2549 23
2550 23
2551 23
2552 23
2553 23
2554 23
2555 23
2556 23
2557 23
2558 23
2559 23
2560 23
2561 22
2562 23
2563 23
2564 23
2565 23
2566 22
2567 23
2568 23
2569 24
2570 23
2571 23
2572 23
2573 23
2574 23
2575 23
2576 23
2577 23
2578 23
2579 23
2580 23
2581 23
2582 23
2583 23
2584 23
2585 22
2586 23
2587 23
2588 23
2589 23
2590 23
2591 23
2592 23
2593 22
2594 23
2595 23
2596 22
2597 23
2598 23
2599 22
2600 23
2601 23
2602 23
2603 23
2604 23
2605 23
2606 23
2607 23
2608 23
2609 23
2610 23
2611 23
2612 23
2613 23
2614 23
2615 23
2616 23
2617 23
2618 23
2619 23
2620 22
2621 22
2622 23
2623 23
2624 23
2625 23
2626 23
2627 23
2628 23
2629 23
2630 23
2631 23
2632 23
2633 23
2634 23
2635 23
2636 23
2637 23
2638 23
2639 23
2640 22
2641 23
2642 23
2643 23
2644 23
2645 23
2646 23
2647 23
2648 23
2649 23
2650 22
2651 23
2652 23
2653 23
2654 23
2655 23
2656 23
2657 23
2658 23
2659 23
2660 23
2661 23
2662 22
2663 23
2664 23
2665 23
2666 23
2667 23
2668 23
2669 23
2670 23
2671 23
2672 23
2673 23
2674 22
2675 22
2676 23
2677 23
2678 23
2679 23
2680 23
2681 23
2682 23
2683 23
2684 23
2685 23
2686 23
2687 23
2688 22
2689 23
2690 23
2691 23
2692 23
2693 23
2694 23
2695 22
2696 23
2697 23
2698 22
2699 23
2700 23
2701 23
2702 23
2703 23
2704 23
2705 23
2706 23
2707 23
2708 23
2709 23
2710 23
2711 23
2712 23
2713 22
2714 23
2715 23
2716 23
2717 23
2718 23
2719 23
2720 23
2721 23
2722 23
2723 23
2724 23
2725 23
2726 23
2727 23
2728 23
2729 23
2730 23
2731 22
2732 23
2733 23
2734 23
2735 23
2736 23
2737 23
2738 23
2739 22
2740 23
2741 23
2742 23
2743 23
2744 23
2745 23
2746 23
2747 23
2748 24
2749 23
2750 23
2751 23
2752 23
2753 23
2754 23
2755 23
2756 23
2757 23
2758 23
2759 23
2760 23
2761 23
2762 23
2763 23
2764 23
2765 23
2766 23
2767 23
2768 23
2769 23
2770 23
2771 23
2772 23
2773 23
2774 23
2775 23
2776 23
2777 22
2778 23
2779 23
2780 23
2781 23
2782 23
2783 23
2784 23
2785 23
2786 23
2787 23
2788 23
2789 23
2790 23
2791 23
2792 23
2793 23
2794 23
2795 23
2796 23
2797 23
2798 24
2799 24
2800 24
2801 23
2802 23
2803 23
2804 23
2805 23
2806 23
2807 23
2808 23
2809 23
2810 23
2811 23
2812 23
2813 23
2814 23
2815 23
2816 23
2817 23
2818 23
2819 23
2820 23
2821 23
2822 23
2823 23
2824 22
2825 23
2826 23
2827 23
2828 23
2829 23
2830 23
2831 22
2832 23
2833 23
2834 22
2835 23
2836 23
2837 23
2838 23
2839 23
2840 23
2841 23
2842 23
2843 23
2844 22
2845 23
2846 23
2847 23
2848 23
2849 23
2850 23
2851 23
2852 23
2853 23
2854 23
2855 23
2856 23
2857 22
2858 23
2859 23
2860 23
2861 23
2862 22
2863 22
2864 23
2865 23
2866 23
2867 23
2868 22
2869 23
2870 23
2871 23
2872 23
2873 23
2874 22
2875 23
2876 23
2877 23
2878 23
2879 23
2880 23
2881 23
2882 23
2883 23
2884 23
2885 23
2886 23
2887 23
2888 23
2889 23
2890 23
2891 23
2892 23
2893 23
2894 23
2895 23
2896 23
2897 22
2898 23
2899 22
2900 23
2901 23
2902 23
2903 23
2904 23
2905 23
2906 23
2907 23
2908 23
2909 22
2910 23
2911 23
2912 23
2913 23
2914 22
2915 23
2916 23
2917 23
2918 23
2919 22
2920 23
2921 23
2922 23
2923 23
2924 23
2925 23
2926 23
2927 23
2928 23
2929 23
2930 23
2931 23
2932 23
2933 23
2934 23
2935 22
2936 23
2937 22
2938 23
2939 23
2940 22
2941 22
2942 23
2943 23
2944 23
2945 23
2946 23
2947 23
2948 23
2949 23
2950 23
2951 23
2952 23
2953 23
2954 23
2955 22
2956 23
2957 23
2958 23
2959 23
2960 23
2961 23
2962 23
2963 23
2964 23
2965 23
2966 23
2967 23
2968 23
2969 23
2970 23
2971 23
2972 23
2973 23
2974 23
2975 23
2976 23
2977 23
2978 23
2979 23
2980 23
2981 23
2982 23
2983 23
2984 23
2985 23
2986 23
2987 22
2988 23
2989 23
2990 23
2991 23
2992 23
2993 23
2994 22
2995 23
2996 23
2997 23
2998 23
2999 23
3000 23
3001 23
3002 23
3003 23
3004 22
3005 23
3006 23
3007 23
3008 23
3009 23
3010 23
3011 23
3012 23
3013 23
3014 23
3015 23
3016 23
3017 23
3018 23
3019 23
3020 23
3021 23
3022 23
3023 22
3024 23
3025 23
3026 23
3027 23
3028 23
3029 23
3030 23
3031 23
3032 23
3033 23
3034 23
3035 23
3036 23
3037 23
3038 22
3039 23
3040 23
3041 23
3042 23
3043 23
3044 23
3045 23
3046 23
3047 23
3048 23
3049 23
3050 23
3051 22
3052 23
3053 23
3054 22
3055 23
3056 22
3057 23
3058 23
3059 23
3060 23
3061 23
3062 23
3063 23
3064 23
3065 23
3066 23
3067 24
3068 23
3069 23
3070 23
3071 23
3072 23
3073 23
3074 23
3075 23
3076 23
3077 23
3078 23
3079 23
3080 23
3081 23
3082 23
3083 23
3084 23
3085 23
3086 23
3087 23
3088 23
3089 22
3090 23
3091 23
3092 23
3093 23
3094 23
3095 23
3096 23
3097 23
3098 23
3099 24
3100 23
3101 23
3102 23
3103 23
3104 23
3105 23
3106 23
3107 23
3108 23
3109 23
3110 23
3111 23
3112 23
3113 23
3114 23
3115 24
3116 23
3117 23
3118 23
3119 23
3120 23
3121 23
3122 23
3123 23
3124 23
3125 23
3126 23
3127 23
3128 22
3129 23
3130 23
3131 22
3132 23
3133 23
3134 23
3135 23
3136 22
3137 23
3138 23
3139 23
3140 23
3141 23
3142 23
3143 23
3144 23
3145 23
3146 23
3147 23
3148 23
3149 23
3150 23
3151 22
3152 23
3153 23
3154 23
3155 23
3156 23
3157 23
3158 23
3159 23
3160 23
3161 23
3162 23
3163 23
3164 23
3165 22
3166 23
3167 23
3168 23
3169 23
3170 23
3171 22
3172 22
3173 23
3174 23
3175 23
3176 23
3177 23
3178 23
3179 23
3180 23
3181 23
3182 23
3183 22
3184 23
3185 23
3186 23
3187 23
3188 23
3189 24
3190 23
3191 22
3192 23
3193 23
3194 23
3195 24
3196 23
3197 23
3198 23
3199 23
3200 23
3201 23
3202 23
3203 23
3204 23
3205 23
3206 23
3207 23
3208 22
3209 23
3210 23
3211 23
3212 23
3213 22
3214 23
3215 23
3216 23
3217 23
3218 23
3219 23
3220 23
3221 23
3222 23
3223 23
3224 23
3225 23
3226 23
3227 23
3228 23
3229 22
3230 22
3231 23
3232 23
3233 22
3234 23
3235 23
3236 23
3237 23
3238 23
3239 23
3240 23
3241 23
3242 23
3243 23
3244 22
3245 23
3246 23
3247 23
3248 23
3249 23
3250 23
3251 23
3252 23
3253 23
3254 23
3255 23
3256 23
3257 22
3258 23
3259 23
3260 23
3261 23
3262 22
3263 23
3264 23
3265 23
3266 23
3267 23
3268 23
3269 23
3270 23
3271 23
3272 22
3273 23
3274 23
3275 23
3276 23
3277 23
3278 23
3279 23
3280 23
3281 23
3282 23
3283 23
3284 23
3285 23
3286 23
3287 23
3288 22
3289 23
3290 23
3291 23
3292 23
3293 23
3294 23
3295 23
3296 23
3297 23
3298 23
3299 22
3300 23
3301 23
3302 23
3303 22
3304 23
3305 23
3306 23
3307 23
3308 23
3309 22
3310 23
3311 23
3312 23
3313 23
3314 23
3315 23
3316 22
3317 23
3318 23
3319 23
3320 23
3321 23
3322 24
3323 22
3324 23
3325 23
3326 23
3327 23
3328 23
3329 23
3330 23
3331 23
3332 23
3333 23
3334 23
3335 23
3336 23
3337 23
3338 23
3339 23
3340 23
3341 23
3342 23
3343 23
3344 23
3345 23
3346 23
3347 23
3348 23
3349 22
3350 23
3351 23
3352 22
3353 23
3354 23
3355 23
3356 23
3357 23
3358 22
3359 23
3360 23
3361 22
3362 23
3363 23
3364 23
3365 23
3366 23
3367 23
3368 22
3369 23
3370 23
3371 23
3372 23
3373 23
3374 23
3375 23
3376 23
3377 23
3378 23
3379 23
3380 23
3381 23
3382 23
3383 23
3384 23
3385 23
3386 23
3387 23
3388 23
3389 23
3390 23
3391 23
3392 23
3393 23
3394 23
3395 23
3396 23
3397 23
3398 24
3399 23
3400 23
3401 23
3402 23
3403 23
3404 22
3405 23
3406 23
3407 23
3408 23
3409 23
3410 23
3411 23
3412 23
3413 23
3414 23
3415 23
3416 23
3417 23
3418 23
3419 23
3420 23
3421 23
3422 23
3423 23
3424 23
3425 23
3426 23
3427 23
3428 23
3429 23
3430 23
3431 24
3432 23
3433 23
3434 23
3435 22
3436 23
3437 23
3438 23
3439 23
3440 23
3441 22
3442 23
3443 23
3444 23
3445 23
3446 23
3447 23
3448 23
3449 23
3450 23
3451 23
3452 23
3453 23
3454 23
3455 22
3456 23
3457 23
3458 23
3459 23
3460 23
3461 23
3462 23
3463 23
3464 23
3465 23
3466 23
3467 23
3468 22
3469 23
3470 23
3471 23
3472 23
3473 23
3474 23
3475 23
3476 23
3477 23
3478 23
3479 23
3480 23
3481 22
3482 23
3483 23
3484 23
3485 23
3486 23
3487 23
3488 23
3489 23
3490 23
3491 22
3492 23
3493 23
3494 22
3495 23
3496 23
3497 23
3498 23
3499 23
3500 23
3501 23
3502 23
3503 23
3504 23
3505 23
3506 23
3507 23
3508 23
3509 23
3510 23
3511 24
3512 23
3513 23
3514 23
3515 23
3516 23
3517 23
3518 23
3519 23
3520 23
3521 23
3522 23
3523 23
3524 22
3525 23
3526 23
3527 23
3528 23
3529 23
3530 23
3531 23
3532 23
3533 23
3534 23
3535 23
3536 23
3537 23
3538 23
3539 23
3540 23
3541 22
3542 23
3543 22
3544 23
3545 23
3546 23
3547 23
3548 23
3549 23
3550 23
3551 23
3552 23
3553 23
3554 23
3555 23
3556 23
3557 23
3558 23
3559 24
3560 23
3561 23
3562 23
3563 23
3564 23
3565 23
3566 23
3567 23
3568 23
3569 23
3570 23
3571 23
3572 23
3573 23
3574 23
3575 22
3576 23
3577 23
3578 22
3579 23
3580 23
3581 23
3582 23
3583 23
3584 23
3585 23
3586 23
3587 23
3588 23
3589 23
3590 23
3591 23
3592 23
3593 23
3594 23
3595 23
3596 23
3597 23
3598 23
3599 23
3600 23
3601 23
3602 23
3603 23
3604 23
3605 23
3606 23
3607 23
3608 23
3609 23
3610 23
3611 23
3612 23
3613 23
3614 23
3615 23
3616 23
3617 23
3618 23
3619 23
3620 23
3621 23
3622 23
3623 23
3624 22
3625 23
3626 23
3627 23
3628 23
3629 23
3630 23
3631 23
3632 23
3633 23
3634 22
3635 23
3636 23
3637 23
3638 23
3639 23
3640 23
3641 23
3642 23
3643 23
3644 23
3645 23
3646 23
3647 23
3648 23
3649 23
3650 23
3651 23
3652 22
3653 23
3654 22
3655 23
3656 23
3657 22
3658 23
3659 22
3660 23
3661 23
3662 23
3663 23
3664 23
3665 23
3666 23
3667 23
3668 23
3669 22
3670 23
3671 23
3672 23
3673 23
3674 23
3675 23
3676 23
3677 23
3678 23
3679 23
3680 25
3681 23
3682 23
3683 23
3684 23
3685 23
3686 23
3687 23
3688 22
3689 23
3690 23
3691 23
3692 23
3693 22
3694 23
3695 22
3696 23
3697 23
3698 24
3699 23
3700 23
3701 23
3702 23
3703 23
3704 23
3705 23
3706 23
3707 23
3708 23
3709 23
3710 23
3711 23
3712 23
3713 23
3714 23
3715 23
3716 23
3717 23
3718 23
3719 23
3720 23
3721 23
3722 23
3723 23
3724 23
3725 23
3726 23
3727 23
3728 23
3729 23
3730 23
3731 23
3732 24
3733 23
3734 23
3735 23
3736 23
3737 23
3738 23
3739 23
3740 23
3741 23
3742 22
3743 23
3744 23
3745 23
3746 23
3747 23
3748 25
3749 23
3750 23
3751 23
3752 23
3753 23
3754 23
3755 23
3756 23
3757 23
3758 23
3759 23
3760 23
3761 23
3762 23
3763 22
3764 23
3765 23
3766 23
3767 23
3768 23
3769 23
3770 23
3771 23
3772 23
3773 23
3774 23
3775 22
3776 23
3777 23
3778 23
3779 23
3780 23
3781 23
3782 23
3783 23
3784 23
3785 23
3786 23
3787 23
3788 23
3789 22
3790 23
3791 23
3792 23
3793 23
3794 23
3795 23
3796 23
3797 23
3798 23
3799 23
3800 23
3801 23
3802 23
3803 22
3804 23
3805 23
3806 23
3807 24
3808 23
3809 23
3810 23
3811 23
3812 23
3813 23
3814 23
3815 23
3816 23
3817 23
3818 23
3819 23
3820 24
3821 23
3822 23
3823 23
3824 23
3825 23
3826 23
3827 23
3828 23
3829 23
3830 22
3831 23
3832 23
3833 23
3834 23
3835 23
3836 23
3837 23
3838 23
3839 23
3840 23
3841 23
3842 23
3843 23
3844 23
3845 23
3846 23
3847 23
3848 23
3849 23
3850 23
3851 23
3852 22
3853 23
3854 23
3855 23
3856 23
3857 23
3858 23
3859 23
3860 22
3861 23
3862 23
3863 23
3864 23
3865 23
3866 23
3867 23
3868 23
3869 23
3870 23
3871 23
3872 23
3873 23
3874 23
3875 23
3876 23
3877 23
3878 23
3879 23
3880 23
3881 25
3882 23
3883 23
3884 23
3885 23
3886 23
3887 23
3888 23
3889 23
3890 23
3891 23
3892 23
3893 23
3894 23
3895 23
3896 23
3897 23
3898 23
3899 23
3900 23
3901 23
3902 23
3903 23
3904 23
3905 23
3906 23
3907 23
3908 23
3909 23
3910 23
3911 23
3912 23
3913 23
3914 22
3915 23
3916 23
3917 22
3918 23
3919 23
3920 23
3921 23
3922 22
3923 23
3924 22
3925 23
3926 23
3927 23
3928 23
3929 23
3930 23
3931 23
3932 23
3933 23
3934 23
3935 23
3936 23
3937 23
3938 23
3939 23
3940 23
3941 23
3942 23
3943 23
3944 23
3945 22
3946 23
3947 23
3948 23
3949 23
3950 23
3951 23
3952 23
3953 23
3954 23
3955 23
3956 23
3957 23
3958 23
3959 23
3960 23
3961 23
3962 23
3963 23
3964 23
3965 23
3966 23
3967 23
3968 23
3969 23
3970 22
3971 23
3972 23
3973 23
3974 23
3975 23
3976 23
3977 22
3978 23
3979 23
3980 23
3981 23
3982 23
3983 23
3984 23
3985 23
3986 23
3987 23
3988 23
3989 23
3990 23
3991 23
3992 23
3993 23
3994 23
3995 23
3996 23
3997 23
3998 23
3999 23
4000 23
4001 23
4002 23
4003 23
4004 23
4005 23
4006 23
4007 22
4008 23
4009 23
4010 23
4011 23
4012 23
4013 23
4014 23
4015 23
4016 23
4017 23
4018 23
4019 23
4020 23
4021 23
4022 23
4023 23
4024 23
4025 23
4026 23
4027 23
4028 23
4029 23
4030 23
4031 23
4032 23
4033 23
4034 23
4035 23
4036 23
4037 21
4038 24
4039 23
4040 23
4041 23
4042 23
4043 22
4044 23
4045 23
4046 23
4047 23
4048 23
4049 23
4050 22
4051 23
4052 23
4053 23
4054 23
4055 23
4056 23
4057 23
4058 23
4059 23
4060 23
4061 23
4062 23
4063 23
4064 23
4065 9
4066 9
4067 9
4068 9
4069 9
4070 12
4071 9
4072 9
4073 9
4074 9
4075 9
4076 9
4077 9
4078 9
4079 9
4080 9
4081 9
4082 9
4083 9
4084 9
4085 9
4086 9
4087 11
4088 9
4089 9
4090 9
4091 9
4092 9
4093 9
4094 9
4095 9
4096 9
4097 9
4098 9
4099 9
4100 9
4101 9
4102 9
4103 9
4104 9
4105 9
4106 9
4107 9
4108 9
4109 9
4110 9
4111 9
4112 9
4113 9
4114 9
4115 9
4116 9
4117 9
4118 9
4119 9
4120 9
4121 9
4122 9
4123 9
4124 9
4125 9
4126 9
4127 9
4128 9
4129 9
4130 9
4131 9
4132 9
4133 9
4134 9
4135 9
4136 9
4137 9
4138 9
4139 9
4140 9
4141 9
4142 9
4143 10
4144 9
4145 9
4146 9
4147 15
4148 9
4149 9
4150 9
4151 9
4152 9
4153 9
4154 9
4155 9
4156 9
4157 9
4158 9
4159 12
4160 9
4161 9
4162 9
4163 9
4164 9
4165 9
4166 9
4167 9
4168 9
4169 9
4170 9
4171 9
4172 9
4173 9
4174 9
4175 9
4176 9
4177 9
4178 9
4179 9
4180 9
4181 9
4182 9
4183 9
4184 9
4185 9
4186 12
4187 9
4188 9
4189 9
4190 9
4191 9
4192 9
4193 9
4194 9
4195 9
4196 9
4197 9
4198 9
4199 9
4200 9
4201 12
4202 9
4203 13
4204 9
4205 10
4206 9
4207 9
4208 9
4209 9
4210 9
4211 9
4212 9
4213 9
4214 9
4215 9
4216 9
4217 9
4218 14
4219 9
4220 9
4221 9
4222 9
4223 9
4224 9
4225 9
4226 9
4227 9
4228 9
4229 9
4230 9
4231 9
4232 9
4233 9
4234 9
4235 9
4236 9
4237 9
4238 9
4239 9
4240 12
4241 9
4242 9
4243 9
4244 9
4245 9
4246 9
4247 9
4248 9
4249 9
4250 9
4251 9
4252 9
4253 9
4254 9
4255 9
4256 9
4257 9
4258 9
4259 9
4260 9
4261 9
4262 9
4263 9
4264 9
4265 9
4266 9
4267 9
4268 9
4269 9
4270 9
4271 9
4272 9
4273 9
4274 9
4275 10
4276 9
4277 9
4278 9
4279 9
4280 9
4281 9
4282 9
4283 9
4284 9
4285 9
4286 9
4287 9
4288 9
4289 9
4290 9
4291 9
4292 9
4293 9
4294 9
4295 9
4296 9
4297 9
4298 9
4299 9
4300 9
4301 9
4302 9
4303 9
4304 9
4305 9
4306 9
4307 9
4308 9
4309 9
4310 9
4311 9
4312 11
4313 9
4314 9
4315 9
4316 9
4317 9
4318 9
4319 9
4320 9
4321 9
4322 9
4323 9
4324 9
4325 9
4326 9
4327 9
4328 9
4329 9
4330 9
4331 9
4332 9
4333 9
4334 9
4335 9
4336 9
4337 9
4338 9
4339 10
4340 9
4341 9
4342 9
4343 9
4344 9
4345 9
4346 9
4347 9
4348 12
4349 9
4350 9
4351 9
4352 9
4353 9
4354 9
4355 9
4356 9
4357 9
4358 9
4359 9
4360 9
4361 9
4362 9
4363 9
4364 9
4365 9
4366 9
4367 9
4368 9
4369 9
4370 9
4371 9
4372 12
4373 9
4374 9
4375 9
4376 9
4377 9
4378 9
4379 9
4380 9
4381 9
4382 9
4383 9
4384 9
4385 9
4386 9
4387 9
4388 9
4389 9
4390 9
4391 9
4392 9
4393 9
4394 9
4395 9
4396 9
4397 9
4398 10
4399 9
4400 9
4401 9
4402 9
4403 9
4404 9
4405 9
4406 9
4407 9
4408 9
4409 9
4410 9
4411 9
4412 9
4413 9
4414 9
4415 9
4416 9
4417 9
4418 9
4419 12
4420 9
4421 9
4422 9
4423 15
4424 9
4425 9
4426 9
4427 9
4428 9
4429 9
4430 9
4431 9
4432 9
4433 9
4434 9
4435 9
4436 9
4437 9
4438 9
4439 9
4440 9
4441 9
4442 9
4443 9
4444 9
4445 14
4446 14
4447 9
4448 9
4449 9
4450 9
4451 9
4452 9
4453 9
4454 9
4455 9
4456 9
4457 9
4458 9
4459 9
4460 9
4461 9
4462 9
4463 9
4464 9
4465 9
4466 9
4467 9
4468 9
4469 9
4470 9
4471 9
4472 9
4473 9
4474 9
4475 9
4476 9
4477 9
4478 9
4479 9
4480 9
4481 9
4482 9
4483 9
4484 9
4485 9
4486 9
4487 9
4488 9
4489 9
4490 9
4491 9
4492 9
4493 9
4494 9
4495 9
4496 9
4497 9
4498 9
4499 9
4500 9
4501 9
4502 9
4503 9
4504 9
4505 9
4506 9
4507 9
4508 9
4509 9
4510 9
4511 9
4512 9
4513 9
4514 10
4515 9
4516 9
4517 9
4518 9
4519 9
4520 9
4521 9
4522 9
4523 9
4524 9
4525 9
4526 9
4527 9
4528 9
4529 9
4530 9
4531 9
4532 9
4533 9
4534 9
4535 9
4536 9
4537 15
4538 9
4539 9
4540 9
4541 9
4542 9
4543 9
4544 9
4545 9
4546 9
4547 9
4548 9
4549 9
4550 9
4551 9
4552 9
4553 9
4554 9
4555 9
4556 9
4557 9
4558 9
4559 9
4560 9
4561 9
4562 9
4563 9
4564 9
4565 9
4566 9
4567 9
4568 9
4569 9
4570 9
4571 9
4572 9
4573 9
4574 9
4575 9
4576 9
4577 9
4578 9
4579 9
4580 9
4581 9
4582 9
4583 9
4584 9
4585 9
4586 9
4587 9
4588 9
4589 9
4590 9
4591 9
4592 9
4593 9
4594 9
4595 9
4596 9
4597 9
4598 9
4599 9
4600 9
4601 9
4602 9
4603 12
4604 9
4605 9
4606 9
4607 9
4608 9
4609 9
4610 9
4611 10
4612 9
4613 9
4614 9
4615 9
4616 9
4617 9
4618 10
4619 9
4620 9
4621 9
4622 9
4623 9
4624 9
4625 9
4626 9
4627 9
4628 9
4629 9
4630 9
4631 9
4632 9
4633 9
4634 9
4635 9
4636 9
4637 9
4638 9
4639 9
4640 9
4641 9
4642 9
4643 9
4644 9
4645 9
4646 9
4647 9
4648 9
4649 9
4650 9
4651 9
4652 9
4653 9
4654 9
4655 9
4656 9
4657 9
4658 9
4659 9
4660 9
4661 9
4662 9
4663 9
4664 9
4665 9
4666 9
4667 9
4668 9
4669 9
4670 9
4671 9
4672 9
4673 9
4674 9
4675 9
4676 9
4677 9
4678 9
4679 9
4680 9
4681 9
4682 9
4683 9
4684 9
4685 12
4686 9
4687 9
4688 9
4689 9
4690 9
4691 9
4692 9
4693 9
4694 12
4695 9
4696 9
4697 9
4698 11
4699 9
4700 9
4701 9
4702 9
4703 9
4704 9
4705 9
4706 9
4707 9
4708 9
4709 9
4710 9
4711 9
4712 9
4713 9
4714 9
4715 9
4716 9
4717 9
4718 9
4719 9
4720 9
4721 15
4722 9
4723 9
4724 9
4725 9
4726 9
4727 9
4728 9
4729 9
4730 9
4731 9
4732 9
4733 9
4734 9
4735 9
4736 9
4737 9
4738 9
4739 9
4740 9
4741 9
4742 9
4743 9
4744 9
4745 9
4746 9
4747 10
4748 9
4749 8
4750 9
4751 9
4752 9
4753 9
4754 9
4755 9
4756 9
4757 9
4758 9
4759 9
4760 9
4761 9
4762 9
4763 9
4764 9
4765 9
4766 9
4767 9
4768 8
4769 9
4770 9
4771 9
4772 9
4773 9
4774 9
4775 9
4776 9
4777 9
4778 9
4779 9
4780 9
4781 9
4782 9
4783 9
4784 9
4785 9
4786 9
4787 9
4788 9
4789 9
4790 9
4791 9
4792 9
4793 9
4794 9
4795 9
4796 9
4797 9
4798 9
4799 9
4800 9
4801 9
4802 9
4803 9
4804 9
4805 9
4806 9
4807 9
4808 9
4809 9
4810 9
4811 9
4812 9
4813 9
4814 9
4815 9
4816 9
4817 9
4818 9
4819 9
4820 9
4821 9
4822 9
4823 9
4824 9
4825 9
4826 9
4827 9
4828 9
4829 9
4830 9
4831 9
4832 9
4833 9
4834 9
4835 9
4836 9
4837 9
4838 9
4839 9
4840 9
4841 9
4842 9
4843 9
4844 9
4845 9
4846 9
4847 9
4848 9
4849 9
4850 9
4851 9
4852 9
4853 9
4854 9
4855 9
4856 9
4857 9
4858 9
4859 9
4860 9
4861 9
4862 9
4863 9
4864 9
4865 9
4866 9
4867 9
4868 9
4869 9
4870 12
4871 9
4872 9
4873 10
4874 9
4875 9
4876 9
4877 9
4878 9
4879 9
4880 9
4881 9
4882 9
4883 9
4884 9
4885 9
4886 9
4887 9
4888 9
4889 9
4890 9
4891 9
4892 9
4893 9
4894 9
4895 9
4896 13
4897 9
4898 10
4899 9
4900 9
4901 9
4902 9
4903 9
4904 9
4905 9
4906 9
4907 9
4908 9
4909 9
4910 9
4911 9
4912 9
4913 9
4914 9
4915 9
4916 11
4917 14
4918 12
4919 12
4920 10
4921 10
4922 10
4923 9
4924 10
4925 10
4926 10
4927 10
4928 10
4929 10
4930 9
4931 9
4932 10
4933 10
4934 9
4935 10
4936 9
4937 10
4938 10
4939 9
4940 10
4941 9
4942 9
4943 10
4944 9
4945 10
4946 10
4947 9
4948 10
4949 9
4950 9
4951 10
4952 10
4953 9
4954 10
4955 9
4956 9
4957 10
4958 9
4959 9
4960 10
4961 9
4962 9
4963 9
4964 9
4965 9
4966 9
4967 9
4968 9
4969 9
4970 9
4971 9
4972 10
4973 9
4974 9
4975 9
4976 9
4977 9
4978 10
4979 10
4980 10
4981 9
4982 9
4983 10
4984 13
4985 13
4986 13
4987 11
4988 10
4989 10
4990 11
4991 12
4992 12
4993 11
4994 12
4995 11
4996 12
4997 12
4998 11
4999 12
5000 12
5001 12
5002 11
5003 12
5004 11
5005 11
5006 11
5007 11
5008 12
5009 12
5010 12
5011 12
5012 11
5013 11
5014 12
5015 12
5016 12
5017 12
5018 12
5019 12
5020 12
5021 12
5022 12
5023 12
5024 11
5025 12
5026 11
5027 11
5028 11
5029 12
5030 12
5031 12
5032 11
5033 11
5034 11
5035 10
5036 12
5037 12
5038 12
5039 12
5040 12
5041 12
5042 12
5043 12
5044 12
5045 12
5046 11
5047 11
5048 11
5049 11
5050 12
5051 11
5052 11
5053 12
5054 11
5055 12
5056 12
5057 12
5058 12
5059 12
5060 12
5061 12
5062 12
5063 12
5064 12
5065 11
5066 12
5067 11
5068 11
5069 11
5070 11
5071 12
5072 12
5073 12
5074 12
5075 12
5076 11
5077 12
5078 11
5079 12
5080 12
5081 12
5082 12
5083 12
5084 11
5085 11
5086 12
5087 12
5088 12
5089 12
5090 12
5091 12
5092 12
5093 11
5094 12
5095 12
5096 11
5097 11
5098 12
5099 11
5100 12
5101 12
5102 12
5103 12
5104 12
5105 12
5106 12
5107 12
5108 12
5109 11
5110 11
5111 11
5112 12
5113 11
5114 12
5115 12
5116 11
5117 11
5118 10
5119 11
5120 12
5121 12
5122 12
5123 12
5124 11
5125 12
5126 12
5127 11
5128 10
5129 11
5130 12
5131 12
5132 11
5133 12
5134 12
5135 11
5136 12
5137 11
5138 11
5139 10
5140 10
5141 12
5142 12
5143 12
5144 12
5145 12
5146 12
5147 11
5148 12
5149 12
5150 12
5151 12
5152 11
5153 11
5154 11
5155 12
5156 12
5157 12
5158 12
5159 12
5160 11
5161 11
5162 12
5163 12
5164 12
5165 12
5166 12
5167 11
5168 11
5169 11
5170 11
5171 12
5172 12
5173 12
5174 11
5175 12
5176 11
5177 12
5178 12
5179 12
5180 11
5181 11
5182 12
5183 11
5184 11
5185 12
5186 12
5187 12
5188 11
5189 12
5190 12
5191 11
5192 12
5193 11
5194 11
5195 11
5196 11
5197 12
5198 11
5199 12
5200 12
5201 12
5202 11
5203 12
5204 11
5205 12
5206 13
5207 12
5208 12
5209 12
5210 11
5211 11
5212 11
5213 12
5214 11
5215 11
5216 12
5217 12
5218 12
5219 12
5220 13
5221 12
5222 12
5223 12
5224 11
5225 11
5226 11
5227 12
5228 12
5229 12
5230 11
5231 12
5232 12
5233 12
5234 13
5235 12
5236 11
5237 11
5238 12
5239 11
5240 11
5241 11
5242 12
5243 12
5244 12
5245 11
5246 12
5247 12
5248 12
5249 11
5250 11
5251 11
5252 11
5253 12
5254 12
5255 12
5256 12
5257 12
5258 12
5259 11
5260 11
5261 12
5262 12
5263 12
5264 12
5265 12
5266 12
5267 12
5268 11
5269 12
5270 12
5271 12
5272 12
5273 12
5274 12
5275 11
5276 12
5277 12
5278 11
5279 12
5280 12
5281 12
5282 12
5283 13
5284 12
5285 12
5286 12
5287 11
5288 12
5289 12
5290 12
5291 12
5292 12
5293 11
5294 12
5295 12
5296 11
5297 12
5298 12
5299 12
5300 11
5301 11
5302 12
5303 12
5304 12
5305 11
5306 12
5307 11
5308 12
5309 11
5310 12
5311 12
5312 12
5313 12
5314 11
5315 12
5316 11
5317 12
5318 12
5319 12
5320 12
5321 11
5322 12
5323 12
5324 12
5325 12
5326 11
5327 11
5328 11
5329 10
5330 12
5331 11
5332 12
5333 11
5334 11
5335 11
5336 11
5337 12
5338 12
5339 12
5340 12
5341 11
5342 12
5343 11
5344 12
5345 12
5346 12
5347 11
5348 12
5349 11
5350 11
5351 12
5352 12
5353 12
5354 11
5355 11
5356 11
5357 11
5358 12
5359 12
5360 12
5361 12
5362 12
5363 12
5364 12
5365 12
5366 12
5367 12
5368 11
5369 11
5370 11
5371 11
5372 12
5373 12
5374 12
5375 12
5376 12
5377 12
5378 11
5379 11
5380 11
5381 12
5382 12
5383 12
5384 11
5385 12
5386 11
5387 11
5388 12
5389 11
5390 11
5391 11
5392 11
5393 11
5394 12
5395 12
5396 12
5397 11
5398 11
5399 12
5400 12
5401 11
5402 12
5403 11
5404 11
5405 11
5406 10
5407 11
5408 11
5409 12
5410 12
5411 12
5412 11
5413 11
5414 11
5415 11
5416 12
5417 12
5418 12
5419 12
5420 12
5421 12
5422 11
5423 12
5424 12
5425 11
5426 12
5427 12
5428 11
5429 12
5430 12
5431 12
5432 11
5433 11
5434 11
5435 11
5436 12
5437 12
5438 11
5439 12
5440 12
5441 11
5442 12
5443 11
5444 12
5445 12
5446 12
5447 12
5448 12
5449 12
5450 11
5451 13
5452 12
5453 12
5454 12
5455 11
5456 12
5457 12
5458 12
5459 11
5460 11
5461 12
5462 12
5463 12
5464 11
5465 12
5466 11
5467 11
5468 11
5469 11
5470 11
5471 12
5472 12
5473 12
5474 12
5475 12
5476 12
5477 12
5478 11
5479 12
5480 12
5481 11
5482 12
5483 12
5484 12
5485 12
5486 12
5487 12
5488 12
5489 12
5490 11
5491 11
5492 11
5493 12
5494 11
5495 11
5496 11
5497 11
5498 12
5499 11
5500 13
5501 12
5502 12
5503 11
5504 11
5505 12
5506 12
5507 12
5508 12
5509 12
5510 11
5511 12
5512 12
5513 11
5514 12
5515 12
5516 12
5517 11
5518 12
5519 11
5520 11
5521 12
5522 12
5523 11
5524 12
5525 12
5526 11
5527 11
5528 12
5529 11
5530 12
5531 11
5532 12
5533 12
5534 11
5535 12
5536 12
5537 12
5538 12
5539 12
5540 11
5541 11
5542 12
5543 12
5544 12
5545 11
5546 11
5547 12
5548 11
5549 13
5550 12
5551 12
5552 11
5553 12
5554 11
5555 11
5556 12
5557 12
5558 12
5559 12
5560 12
5561 11
5562 12
5563 12
5564 12
5565 12
5566 11
5567 12
5568 12
5569 12
5570 12
5571 12
5572 12
5573 11
5574 12
5575 11
5576 11
5577 12
5578 12
5579 11
5580 12
5581 12
5582 11
5583 11
5584 12
5585 12
5586 12
5587 11
5588 11
5589 11
5590 11
5591 12
5592 11
5593 11
5594 12
5595 11
5596 10
5597 11
5598 11
5599 12
5600 12
5601 11
5602 11
5603 12
5604 12
5605 12
5606 12
5607 11
5608 11
5609 12
5610 11
5611 11
5612 12
5613 11
5614 11
5615 11
5616 11
5617 12
5618 11
5619 13
5620 11
5621 11
5622 12
5623 11
5624 11
5625 11
5626 12
5627 12
5628 11
5629 12
5630 12
5631 12
5632 11
5633 12
5634 11
5635 11
5636 11
5637 12
5638 11
5639 12
5640 12
5641 11
5642 12
5643 12
5644 11
5645 12
5646 11
5647 13
5648 12
5649 12
5650 11
5651 11
5652 11
5653 12
5654 12
5655 12
5656 12
5657 11
5658 11
5659 11
5660 11
5661 12
5662 11
5663 11
5664 12
5665 12
5666 12
5667 11
5668 12
5669 11
5670 11
5671 10
5672 11
5673 12
5674 12
5675 13
5676 12
5677 11
5678 12
5679 12
5680 12
5681 11
5682 12
5683 12
5684 12
5685 12
5686 11
5687 11
5688 11
5689 12
5690 12
5691 12
5692 11
5693 11
5694 12
5695 12
5696 12
5697 12
5698 12
5699 11
5700 12
5701 12
5702 11
5703 12
5704 12
5705 11
5706 11
5707 11
5708 11
5709 11
5710 12
5711 12
5712 11
5713 12
5714 12
5715 11
5716 11
5717 12
5718 11
5719 11
5720 11
5721 11
5722 11
5723 11
5724 12
5725 11
5726 11
5727 12
5728 11
5729 12
5730 11
5731 12
5732 12
5733 12
5734 12
5735 12
5736 11
5737 11
5738 12
5739 11
5740 11
5741 11
5742 11
5743 12
5744 12
5745 12
5746 12
5747 11
5748 12
5749 11
5750 11
5751 11
5752 12
5753 11
5754 11
5755 10
5756 11
5757 12
5758 12
5759 12
5760 12
5761 11
5762 11
5763 12
5764 12
5765 11
5766 12
5767 11
5768 11
5769 11
5770 10
5771 11
5772 12
5773 12
5774 12
5775 11
5776 12
5777 11
5778 12
5779 12
5780 12
5781 11
5782 12
5783 12
5784 12
5785 11
5786 12
5787 12
5788 11
5789 11
5790 11
5791 11
5792 12
5793 12
5794 12
5795 11
5796 12
5797 12
5798 11
5799 11
5800 11
5801 11
5802 12
5803 12
5804 12
5805 11
5806 11
5807 11
5808 12
5809 11
5810 11
5811 11
5812 11
5813 12
5814 11
5815 12
5816 12
5817 11
5818 12
5819 12
5820 11
5821 11
5822 11
5823 12
5824 12
5825 11
5826 12
5827 11
5828 11
5829 12
5830 11
5831 11
5832 11
5833 11
5834 12
5835 12
5836 13
5837 12
5838 11
5839 12
5840 11
5841 12
5842 12
5843 12
5844 12
5845 12
5846 11
5847 12
5848 12
5849 12
5850 12
5851 11
5852 11
5853 11
5854 11
5855 12
5856 11
5857 12
5858 11
5859 11
5860 11
5861 12
5862 12
5863 11
5864 12
5865 12
5866 12
5867 11
5868 12
5869 11
5870 12
5871 12
5872 12
5873 11
5874 11
5875 11
5876 11
5877 11
5878 12
5879 12
5880 12
5881 11
5882 12
5883 11
5884 12
5885 12
5886 11
5887 11
5888 11
5889 11
5890 11
5891 12
5892 12
5893 12
5894 11
5895 11
5896 11
5897 12
5898 11
5899 12
5900 12
5901 11
5902 12
5903 12
5904 12
5905 11
5906 12
5907 12
5908 11
5909 11
5910 12
5911 11
5912 11
5913 12
5914 12
5915 11
5916 11
5917 11
5918 11
5919 12
5920 12
5921 11
5922 11
5923 12
5924 11
5925 12
5926 12
5927 12
5928 11
5929 11
5930 11
5931 11
5932 12
5933 12
5934 12
5935 12
5936 12
5937 12
5938 11
5939 12
5940 11
5941 12
5942 11
5943 11
5944 11
5945 11
5946 12
5947 11
5948 12
5949 12
5950 11
5951 12
5952 11
5953 11
5954 11
5955 12
5956 12
5957 11
5958 11
5959 12
5960 12
5961 11
5962 12
5963 12
5964 11
5965 11
5966 11
5967 12
5968 11
5969 12
5970 12
5971 11
5972 11
5973 11
5974 11
5975 11
5976 12
5977 12
5978 11
5979 12
5980 12
5981 12
5982 12
5983 12
5984 11
5985 11
5986 11
5987 11
5988 12
5989 11
5990 12
5991 12
5992 12
5993 11
5994 11
5995 11
5996 12
5997 12
5998 12
5999 11
6000 11
6001 11
6002 12
6003 11
6004 12
6005 11
6006 12
6007 12
6008 11
6009 11
6010 11
6011 12
6012 12
6013 12
6014 12
6015 12
6016 12
6017 11
6018 12
6019 11
6020 11
6021 11
6022 11
6023 11
6024 11
6025 12
6026 12
6027 12
6028 12
6029 12
6030 11
6031 12
6032 12
6033 12
6034 11
6035 11
6036 12
6037 12
6038 11
6039 13
6040 12
6041 11
6042 11
6043 11
6044 11
6045 11
6046 11
6047 12
6048 12
6049 11
6050 11
6051 11
6052 11
6053 12
6054 12
6055 12
6056 11
6057 11
6058 12
6059 12
6060 12
6061 11
6062 11
6063 11
6064 11
6065 12
6066 12
6067 12
6068 11
6069 12
6070 11
6071 12
6072 11
6073 11
6074 12
6075 12
6076 11
6077 12
6078 11
6079 12
6080 12
6081 12
6082 12
6083 12
6084 12
6085 11
6086 12
6087 12
6088 12
6089 12
6090 12
6091 12
6092 12
6093 12
6094 12
6095 12
6096 12
6097 12
6098 12
6099 12
6100 11
6101 12
6102 12
6103 12
6104 11
6105 12
6106 12
6107 12
6108 12
6109 12
6110 12
6111 12
6112 12
6113 11
6114 11
6115 11
6116 12
6117 12
6118 12
6119 11
6120 11
6121 11
6122 11
6123 12
6124 11
6125 12
6126 11
6127 11
6128 12
6129 11
6130 12
6131 12
6132 11
6133 11
6134 11
6135 11
6136 12
6137 12
6138 11
6139 11
6140 10
6141 11
6142 11
6143 12
6144 12
6145 11
6146 11
6147 12
6148 11
6149 11
6150 11
6151 11
6152 12
6153 12
6154 11
6155 11
6156 12
6157 11
6158 12
6159 12
6160 11
6161 12
6162 11
6163 12
6164 12
6165 13
6166 12
6167 11
6168 11
6169 11
6170 12
6171 11
6172 12
6173 11
6174 12
6175 11
6176 12
6177 11
6178 11
6179 13
6180 11
6181 12
6182 11
6183 11
6184 12
6185 12
6186 12
6187 12
6188 12
6189 11
6190 11
6191 10
6192 11
6193 11
6194 12
6195 12
6196 12
6197 12
6198 12
6199 11
6200 12
6201 11
6202 11
6203 11
6204 12
6205 12
6206 11
6207 12
6208 12
6209 11
6210 11
6211 11
6212 11
6213 11
6214 12
6215 11
6216 11
6217 11
6218 10
6219 12
6220 12
6221 12
6222 11
6223 11
6224 10
6225 11
6226 12
6227 12
6228 12
6229 11
6230 12
6231 12
6232 11
6233 12
6234 11
6235 12
6236 12
6237 12
6238 12
6239 11
6240 12
6241 11
6242 12
6243 12
6244 12
6245 12
6246 11
6247 10
6248 11
6249 11
6250 12
6251 12
6252 11
6253 12
6254 11
6255 11
6256 12
6257 12
6258 11
6259 11
6260 13
6261 12
6262 12
6263 12
6264 11
6265 11
6266 11
6267 12
6268 12
6269 11
6270 12
6271 12
6272 12
6273 12
6274 12
6275 11
6276 12
6277 11
6278 11
6279 12
6280 12
6281 12
6282 11
6283 12
6284 12
6285 12
6286 12
6287 12
6288 12
6289 12
6290 11
6291 11
6292 11
6293 12
6294 12
6295 12
6296 12
6297 12
6298 12
6299 12
6300 11
6301 13
6302 11
6303 12
6304 11
6305 11
6306 11
6307 11
6308 11
6309 12
6310 12
6311 11
6312 12
6313 12
6314 12
6315 12
6316 11
6317 11
6318 10
6319 11
6320 12
6321 12
6322 12
6323 12
6324 11
6325 11
6326 12
6327 12
6328 11
6329 13
6330 11
6331 11
6332 12
6333 12
6334 12
6335 12
6336 12
6337 12
6338 11
6339 12
6340 12
6341 11
6342 11
6343 12
6344 11
6345 11
6346 11
6347 11
6348 12
6349 11
6350 12
6351 12
6352 11
6353 11
6354 11
6355 12
6356 12
6357 12
6358 11
6359 11
6360 10
6361 11
6362 12
6363 12
6364 13
6365 12
6366 12
6367 12
6368 11
6369 11
6370 12
6371 13
6372 12
6373 12
6374 12
6375 12
6376 12
6377 12
6378 12
6379 12
6380 12
6381 12
6382 12
6383 12
6384 12
6385 12
6386 11
6387 11
6388 11
6389 11
6390 12
6391 11
6392 13
6393 12
6394 11
6395 12
6396 12
6397 12
6398 12
6399 12
6400 11
6401 12
6402 12
6403 12
6404 12
6405 11
6406 12
6407 12
6408 11
6409 12
6410 12
6411 12
6412 12
6413 12
6414 11
6415 12
6416 12
6417 12
6418 12
6419 11
6420 12
6421 11
6422 11
6423 11
6424 11
6425 12
6426 12
6427 12
6428 12
6429 12
6430 12
6431 11
6432 12
6433 11
6434 12
6435 12
6436 11
6437 12
6438 12
6439 11
6440 12
6441 13
6442 12
6443 11
6444 12
6445 12
6446 12
6447 12
6448 12
6449 11
6450 12
6451 12
6452 12
6453 12
6454 11
6455 12
6456 12
6457 11
6458 12
6459 11
6460 12
6461 12
6462 12
6463 11
6464 12
6465 12
6466 12
6467 11
6468 11
6469 12
6470 12
6471 12
6472 11
6473 12
6474 12
6475 11
6476 12
6477 11
6478 12
6479 11
6480 12
6481 12
6482 12
6483 12
6484 12
6485 12
6486 11
6487 12
6488 11
6489 11
6490 11
6491 12
6492 12
6493 11
6494 12
6495 12
6496 12
6497 12
6498 11
6499 11
6500 11
6501 12
6502 11
6503 11
6504 12
6505 12
6506 12
6507 11
6508 11
6509 11
6510 12
6511 13
6512 11
6513 11
6514 11
6515 11
6516 12
6517 12
6518 12
6519 12
6520 11
6521 12
6522 12
6523 12
6524 11
6525 13
6526 11
6527 11
6528 11
6529 11
6530 12
6531 12
6532 12
6533 11
6534 12
6535 11
6536 12
6537 12
6538 11
6539 12
6540 12
6541 12
6542 12
6543 11
6544 12
6545 12
6546 12
6547 11
6548 11
6549 10
6550 10
6551 12
6552 12
6553 12
6554 11
6555 11
6556 11
6557 11
6558 12
6559 12
6560 12
6561 12
6562 12
6563 12
6564 11
6565 12
6566 12
6567 12
6568 12
6569 12
6570 12
6571 12
6572 11
6573 12
6574 12
6575 11
6576 11
6577 11
6578 11
6579 12
6580 12
6581 13
6582 12
6583 12
6584 12
6585 12
6586 12
6587 12
6588 13
6589 12
6590 12
6591 11
6592 12
6593 12
6594 12
6595 12
6596 11
6597 11
6598 11
6599 11
6600 11
6601 11
6602 12
6603 12
6604 12
6605 12
6606 12
6607 12
6608 12
6609 12
6610 12
6611 11
6612 12
6613 12
6614 12
6615 12
6616 12
6617 11
6618 11
6619 10
6620 11
6621 12
6622 12
6623 12
6624 12
6625 11
6626 12
6627 11
6628 12
6629 11
6630 12
6631 11
6632 12
6633 12
6634 12
6635 12
6636 12
6637 12
6638 12
6639 11
6640 11
6641 11
6642 12
6643 11
6644 12
6645 12
6646 11
6647 11
6648 12
6649 11
6650 11
6651 13
6652 12
6653 11
6654 11
6655 11
6656 11
6657 12
6658 12
6659 11
6660 12
6661 12
6662 11
6663 12
6664 12
6665 13
6666 12
6667 11
6668 12
6669 12
6670 12
6671 11
6672 12
6673 12
6674 11
6675 12
6676 12
6677 12
6678 12
6679 13
6680 12
6681 12
6682 12
6683 12
6684 11
6685 11
6686 12
6687 12
6688 12
6689 12
6690 12
6691 12
6692 12
6693 12
6694 12
6695 12
6696 11
6697 11
6698 12
6699 12
6700 12
6701 12
6702 12
6703 12
6704 11
6705 11
6706 11
6707 11
6708 12
6709 12
6710 11
6711 12
6712 11
6713 12
6714 13
6715 11
6716 11
6717 11
6718 11
6719 11
6720 12
6721 12
6722 12
6723 12
6724 11
6725 11
6726 11
6727 10
6728 12
6729 12
6730 12
6731 11
6732 12
6733 12
6734 12
6735 12
6736 12
6737 11
6738 11
6739 12
6740 12
6741 12
6742 12
6743 11
6744 12
6745 11
6746 11
6747 11
6748 11
6749 12
6750 12
6751 12
6752 11
6753 12
6754 12
6755 12
6756 12
6757 11
6758 11
6759 10
6760 11
6761 11
6762 12
6763 12
6764 12
6765 12
6766 12
6767 11
6768 11
6769 11
6770 11
6771 12
6772 12
6773 12
6774 12
6775 12
6776 11
6777 12
6778 12
6779 12
6780 12
6781 11
6782 12
6783 12
6784 12
6785 11
6786 11
6787 10
6788 11
6789 12
6790 12
6791 12
6792 12
6793 12
6794 11
6795 11
6796 11
6797 12
6798 12
6799 12
6800 11
6801 11
6802 12
6803 11
6804 11
6805 12
6806 12
6807 12
6808 12
6809 12
6810 11
6811 11
6812 11
6813 12
6814 12
6815 12
6816 11
6817 11
6818 11
6819 11
6820 12
6821 12
6822 11
6823 12
6824 12
6825 12
6826 12
6827 12
6828 12
6829 11
6830 12
6831 11
6832 12
6833 12
6834 11
6835 12
6836 11
6837 12
6838 11
6839 11
6840 11
6841 12
6842 12
6843 11
6844 12
6845 12
6846 12
6847 12
6848 12
6849 12
6850 12
6851 12
6852 12
6853 12
6854 12
6855 12
6856 12
6857 12
6858 11
6859 11
6860 11
6861 11
6862 12
6863 12
6864 12
6865 11
6866 12
6867 12
6868 12
6869 11
6870 11
6871 11
6872 11
6873 12
6874 12
6875 12
6876 12
6877 11
6878 11
6879 11
6880 11
6881 12
6882 13
6883 11
6884 11
6885 11
6886 11
6887 12
6888 12
6889 13
6890 12
6891 12
6892 12
6893 12
6894 11
6895 12
6896 12
6897 12
6898 12
6899 11
6900 11
6901 12
6902 11
6903 12
6904 11
6905 11
6906 10
6907 11
6908 12
6909 12
6910 12
6911 12
6912 11
6913 11
6914 12
6915 11
6916 11
6917 12
6918 12
6919 11
6920 12
6921 12
6922 11
6923 11
6924 12
6925 12
6926 12
6927 12
6928 12
6929 11
6930 11
6931 12
6932 12
6933 11
6934 12
6935 12
6936 12
6937 11
6938 12
6939 11
6940 11
6941 10
6942 11
6943 12
6944 12
6945 12
6946 12
6947 12
6948 11
6949 12
6950 11
6951 11
6952 11
6953 12
6954 12
6955 12
6956 12
6957 12
6958 12
6959 12
6960 12
6961 12
6962 11
6963 12
6964 12
6965 12
6966 12
6967 11
6968 11
6969 11
6970 12
6971 12
6972 12
6973 12
6974 12
6975 12
6976 12
6977 12
6978 12
6979 11
6980 12
6981 12
6982 12
6983 12
6984 12
6985 12
6986 11
6987 12
6988 12
6989 12
6990 13
6991 12
6992 12
6993 12
6994 12
6995 12
6996 12
6997 12
6998 12
6999 11
7000 12
7001 12
7002 11
7003 12
7004 13
7005 12
7006 12
7007 12
7008 11
7009 11
7010 11
7011 12
7012 12
7013 12
7014 12
7015 12
7016 12
7017 12
7018 12
7019 11
7020 11
7021 11
7022 11
7023 12
7024 12
7025 13
7026 12
7027 12
7028 11
7029 12
7030 12
7031 12
7032 12
7033 12
7034 12
7035 12
7036 12
7037 11
7038 12
7039 12
7040 12
7041 11
7042 12
7043 12
7044 12
7045 12
7046 11
7047 11
7048 11
7049 11
7050 12
7051 12
7052 11
7053 12
7054 11
7055 11
7056 13
7057 12
7058 12
7059 11
7060 11
7061 11
7062 12
7063 12
7064 11
7065 11
7066 11
7067 11
7068 12
7069 12
7070 12
7071 12
7072 12
7073 11
7074 12
7075 12
7076 12
7077 12
7078 11
7079 11
7080 11
7081 12
7082 12
7083 11
7084 12
7085 12
7086 11
7087 12
7088 12
7089 12
7090 12
7091 11
7092 12
7093 12
7094 12
7095 11
7096 11
7097 11
7098 11
7099 11
7100 11
7101 12
7102 12
7103 12
7104 12
7105 12
7106 12
7107 11
7108 12
7109 12
7110 12
7111 11
7112 13
7113 12
7114 11
7115 12
7116 11
7117 11
7118 11
7119 10
7120 12
7121 12
7122 13
7123 12
7124 12
7125 11
7126 11
7127 11
7128 12
7129 12
7130 12
7131 12
7132 12
7133 12
7134 11
7135 12
7136 12
7137 11
7138 12
7139 11
7140 12
7141 12
7142 12
7143 12
7144 12
7145 11
7146 12
7147 12
7148 12
7149 12
7150 11
7151 11
7152 11
7153 10
7154 12
7155 11
7156 11
7157 11
7158 12
7159 12
7160 12
7161 12
7162 12
7163 12
7164 12
7165 12
7166 12
7167 12
7168 12
7169 11
7170 12
7171 12
7172 12
7173 12
7174 12
7175 11
7176 11
7177 11
7178 12
7179 12
7180 12
7181 12
7182 12
7183 11
7184 11
7185 12
7186 11
7187 12
7188 13
7189 11
7190 12
7191 12
7192 12
7193 11
7194 11
7195 12
7196 11
7197 11
7198 12
7199 11
7200 11
7201 11
7202 12
7203 12
7204 11
7205 12
7206 11
7207 12
7208 12
7209 12
7210 11
7211 11
7212 11
7213 11
7214 12
7215 12
7216 13
7217 12
7218 12
7219 12
7220 12
7221 11
7222 12
7223 12
7224 12
7225 11
7226 12
7227 11
7228 12
7229 12
7230 12
7231 12
7232 11
7233 11
7234 12
7235 12
7236 11
7237 12
7238 12
7239 12
7240 12
7241 12
7242 12
7243 12
7244 12
7245 11
7246 11
7247 10
7248 11
7249 12
7250 12
7251 12
7252 12
7253 11
7254 12
7255 12
7256 12
7257 12
7258 12
7259 12
7260 11
7261 12
7262 11
7263 12
7264 11
7265 12
7266 12
7267 11
7268 11
7269 12
7270 11
7271 11
7272 12
7273 12
7274 12
7275 12
7276 11
7277 12
7278 11
7279 12
7280 12
7281 11
7282 11
7283 12
7284 12
7285 12
7286 12
7287 11
7288 11
7289 11
7290 11
7291 12
7292 12
7293 12
7294 12
7295 11
7296 11
7297 12
7298 11
7299 11
7300 11
7301 12
7302 12
7303 11
7304 12
7305 12
7306 11
7307 13
7308 12
7309 11
7310 11
7311 12
7312 12
7313 12
7314 12
7315 11
7316 11
7317 11
7318 11
7319 12
7320 12
7321 12
7322 11
7323 12
7324 11
7325 12
7326 11
7327 11
7328 12
7329 12
7330 11
7331 11
7332 12
7333 12
7334 12
7335 12
7336 11
7337 11
7338 11
7339 10
7340 12
7341 12
7342 13
7343 12
7344 12
7345 11
7346 12
7347 12
7348 12
7349 13
7350 11
7351 11
7352 11
7353 12
7354 12
7355 12
7356 12
7357 12
7358 12
7359 12
7360 11
7361 11
7362 12
7363 12
7364 12
7365 12
7366 11
7367 11
7368 12
7369 11
7370 13
7371 11
7372 12
7373 11
7374 11
7375 12
7376 11
7377 12
7378 12
7379 12
7380 12
7381 12
7382 11
7383 11
7384 12
7385 11
7386 12
7387 11
7388 11
7389 11
7390 11
7391 11
7392 12
7393 12
7394 11
7395 12
7396 12
7397 11
7398 12
7399 12
7400 11
7401 11
7402 11
7403 12
7404 12
7405 12
7406 12
7407 12
7408 12
7409 12
7410 12
7411 11
7412 12
7413 12
7414 12
7415 11
7416 11
7417 12
7418 11
7419 12
7420 12
7421 12
7422 11
7423 11
7424 12
7425 11
7426 12
7427 12
7428 12
7429 12
7430 12
7431 11
7432 11
7433 11
7434 12
7435 11
7436 12
7437 11
7438 12
7439 11
7440 12
7441 12
7442 11
7443 12
7444 12
7445 11
7446 12
7447 12
7448 12
7449 12
7450 11
7451 12
7452 12
7453 12
7454 12
7455 12
7456 11
7457 12
7458 12
7459 11
7460 10
7461 11
7462 12
7463 12
7464 12
7465 12
7466 12
7467 11
7468 12
7469 12
7470 11
7471 12
7472 12
7473 12
7474 12
7475 12
7476 12
7477 12
7478 12
7479 12
7480 12
7481 11
7482 12
7483 12
7484 11
7485 12
7486 12
7487 11
7488 12
7489 12
7490 11
7491 11
7492 11
7493 11
7494 11
7495 12
7496 12
7497 12
7498 11
7499 11
7500 11
7501 12
7502 11
7503 12
7504 12
7505 12
7506 11
7507 12
7508 12
7509 11
7510 12
7511 12
7512 12
7513 11
7514 12
7515 12
7516 12
7517 12
7518 12
7519 12
7520 12
7521 11
7522 12
7523 12
7524 12
7525 12
7526 12
7527 11
7528 11
7529 12
7530 12
7531 12
7532 12
7533 12
7534 11
7535 11
7536 11
7537 12
7538 12
7539 12
7540 11
7541 12
7542 12
7543 12
7544 12
7545 12
7546 12
7547 12
7548 12
7549 11
7550 11
7551 11
7552 12
7553 12
7554 11
7555 11
7556 11
7557 11
7558 11
7559 12
7560 12
7561 12
7562 11
7563 11
7564 11
7565 11
7566 11
7567 11
7568 12
7569 12
7570 11
7571 11
7572 12
7573 12
7574 12
7575 11
7576 11
7577 12
7578 11
7579 12
7580 12
7581 11
7582 11
7583 10
7584 11
7585 11
7586 12
7587 13
7588 12
7589 11
7590 12
7591 11
7592 11
7593 12
7594 13
7595 11
7596 11
7597 10
7598 11
7599 11
7600 12
7601 13
7602 12
7603 11
7604 12
7605 11
7606 12
7607 12
7608 13
7609 12
7610 12
7611 12
7612 12
7613 12
7614 12
7615 12
7616 11
7617 11
7618 11
7619 11
7620 12
7621 12
7622 12
7623 12
7624 12
7625 12
7626 12
7627 12
7628 12
7629 12
7630 11
7631 11
7632 11
7633 11
7634 12
7635 12
7636 13
7637 12
7638 12
7639 11
7640 12
7641 12
7642 11
7643 12
7644 12
7645 11
7646 12
7647 12
7648 12
7649 12
7650 12
7651 11
7652 11
7653 12
7654 12
7655 12
7656 11
7657 12
7658 12
7659 11
7660 11
7661 12
7662 12
7663 12
7664 12
7665 11
7666 12
7667 12
7668 12
7669 12
7670 12
7671 12
7672 11
7673 11
7674 11
7675 11
7676 12
7677 12
7678 13
7679 12
7680 12
7681 12
7682 12
7683 11
7684 12
7685 12
7686 12
7687 12
7688 11
7689 12
7690 12
7691 11
7692 13
7693 12
7694 12
7695 12
7696 11
7697 12
7698 12
7699 13
7700 11
7701 11
7702 11
7703 10
7704 12
7705 12
7706 13
7707 11
7708 12
7709 12
7710 12
7711 12
7712 11
7713 12
7714 12
7715 11
7716 12
7717 12
7718 12
7719 11
7720 12
7721 11
7722 11
7723 11
7724 11
7725 12
7726 12
7727 12
7728 12
7729 12
7730 11
7731 12
7732 10
7733 11
7734 12
7735 12
7736 12
7737 12
7738 12
7739 12
7740 12
7741 13
7742 11
7743 11
7744 12
7745 12
7746 12
7747 11
7748 13
7749 12
7750 11
7751 11
7752 12
7753 12
7754 12
7755 12
7756 12
7757 12
7758 12
7759 12
7760 11
7761 11
7762 11
7763 12
7764 12
7765 12
7766 12
7767 12
7768 12
7769 12
7770 11
7771 12
7772 11
7773 12
7774 12
7775 12
7776 12
7777 12
7778 11
7779 12
7780 12
7781 11
7782 11
7783 12
7784 12
7785 11
7786 12
7787 11
7788 12
7789 11
7790 13
7791 11
7792 11
7793 11
7794 11
7795 12
7796 11
7797 13
7798 12
7799 12
7800 12
7801 12
7802 11
7803 12
7804 13
7805 11
7806 12
7807 12
7808 11
7809 11
7810 11
7811 11
7812 12
7813 12
7814 12
7815 12
7816 12
7817 11
7818 13
7819 11
7820 11
7821 11
7822 11
7823 11
7824 12
7825 12
7826 12
7827 12
7828 12
7829 11
7830 11
7831 11
7832 13
7833 11
7834 11
7835 11
7836 11
7837 12
7838 11
7839 12
7840 12
7841 12
7842 12
7843 12
7844 11
7845 12
7846 12
7847 11
7848 11
7849 11
7850 11
7851 12
7852 11
7853 12
7854 12
7855 12
7856 12
7857 11
7858 12
7859 12
7860 12
7861 11
7862 11
7863 11
7864 11
7865 12
7866 12
7867 12
7868 12
7869 11
7870 12
7871 12
7872 12
7873 11
7874 12
7875 12
7876 12
7877 12
7878 12
7879 12
7880 11
7881 12
7882 11
7883 11
7884 12
7885 12
7886 12
7887 12
7888 12
7889 11
7890 12
7891 12
7892 12
7893 12
7894 11
7895 13
7896 12
7897 11
7898 11
7899 11
7900 12
7901 12
7902 13
7903 12
7904 12
7905 12
7906 12
7907 12
7908 11
7909 12
7910 12
7911 11
7912 12
7913 11
7914 11
7915 12
7916 12
7917 11
7918 12
7919 12
7920 12
7921 12
7922 11
7923 12
7924 12
7925 12
7926 12
7927 11
7928 12
7929 12
7930 12
7931 12
7932 11
7933 11
7934 12
7935 12
7936 12
7937 12
7938 12
7939 12
7940 11
7941 12
7942 11
7943 12
7944 12
7945 12
7946 12
7947 11
7948 11
7949 12
7950 11
7951 12
7952 12
7953 11
7954 11
7955 12
7956 11
7957 12
7958 12
7959 11
7960 12
7961 12
7962 11
7963 12
7964 11
7965 12
7966 12
7967 12
7968 12
7969 11
7970 12
7971 12
7972 13
7973 12
7974 12
7975 12
7976 12
7977 12
7978 12
7979 12
7980 12
7981 12
7982 12
7983 12
7984 12
7985 12
7986 12
7987 12
7988 12
7989 12
7990 12
7991 12
7992 11
7993 12
7994 11
7995 11
7996 12
7997 12
7998 11
7999 12
8000 13
8001 11
8002 12
8003 12
8004 12
8005 11
8006 11
8007 12
8008 12
8009 12
8010 12
8011 12
8012 12
8013 12
8014 13
8015 12
8016 11
8017 11
8018 12
8019 12
8020 11
8021 12
8022 12
8023 12
8024 11
8025 12
8026 12
8027 12
8028 12
8029 12
8030 12
8031 12
8032 12
8033 12
8034 12
8035 12
8036 11
8037 11
8038 11
8039 11
8040 12
8041 12
8042 12
8043 11
8044 11
8045 11
8046 12
8047 12
8048 12
8049 12
8050 11
8051 12
8052 12
8053 11
8054 11
8055 12
8056 12
8057 12
8058 12
8059 11
8060 12
8061 12
8062 12
8063 12
8064 12
8065 12
8066 12
8067 12
8068 12
8069 12
8070 12
8071 12
8072 11
8073 11
8074 12
8075 12
8076 11
8077 13
8078 11
8079 11
8080 11
8081 11
8082 12
8083 12
8084 12
8085 12
8086 12
8087 12
8088 12
8089 12
8090 11
8091 12
8092 12
8093 12
8094 12
8095 11
8096 11
8097 12
8098 12
8099 11
8100 12
8101 12
8102 12
8103 11
8104 11
8105 13
8106 12
8107 12
8108 12
8109 12
8110 12
8111 12
8112 13
8113 12
8114 11
8115 12
8116 11
8117 11
8118 12
8119 12
8120 12
8121 12
8122 12
8123 11
8124 11
8125 12
8126 13
8127 11
8128 11
8129 12
8130 11
8131 11
8132 11
8133 12
8134 12
8135 11
8136 11
8137 12
8138 12
8139 12
8140 12
8141 12
8142 12
8143 11
8144 12
8145 12
8146 11
8147 12
8148 11
8149 11
8150 12
8151 11
8152 11
8153 11
8154 12
8155 12
8156 11
8157 12
8158 11
8159 12
8160 12
8161 12
8162 12
8163 12
8164 12
8165 11
8166 11
8167 11
8168 11
8169 12
8170 12
8171 12
8172 11
8173 11
8174 11
8175 13
8176 12
8177 11
8178 12
8179 12
8180 11
8181 12
8182 12
8183 12
8184 11
8185 12
8186 12
8187 12
8188 12
8189 12
8190 11
8191 12
8192 12
8193 12
8194 12
8195 12
8196 12
8197 11
8198 11
8199 12
8200 11
8201 12
8202 12
8203 12
8204 12
8205 12
8206 12
8207 12
8208 12
8209 11
8210 12
8211 12
8212 11
8213 11
8214 12
8215 11
8216 12
8217 12
8218 11
8219 11
8220 11
8221 11
8222 12
8223 12
8224 12
8225 12
8226 12
8227 12
8228 12
8229 12
8230 12
8231 12
8232 12
8233 12
8234 12
8235 11
8236 11
8237 11
8238 12
8239 12
8240 12
8241 12
8242 12
8243 12
8244 12
8245 12
8246 12
8247 11
8248 12
8249 11
8250 12
8251 11
8252 12
8253 11
8254 12
8255 12
8256 11
8257 12
8258 12
8259 13
8260 11
8261 11
8262 11
8263 11
8264 11
8265 11
8266 11
8267 12
8268 12
8269 12
8270 12
8271 12
8272 12
8273 12
8274 12
8275 11
8276 12
8277 12
8278 12
8279 11
8280 13
8281 12
8282 12
8283 12
8284 12
8285 12
8286 12
8287 13
8288 11
8289 11
8290 11
8291 11
8292 12
8293 12
8294 12
8295 12
8296 12
8297 12
8298 12
8299 12
8300 12
8301 12
8302 12
8303 12
8304 12
8305 12
8306 12
8307 12
8308 12
8309 12
8310 11
8311 11
8312 12
8313 12
8314 11
8315 13
8316 12
8317 12
8318 11
8319 11
8320 11
8321 12
8322 12
8323 11
8324 11
8325 11
8326 11
8327 11
8328 12
8329 12
8330 12
8331 12
8332 12
8333 11
8334 12
8335 12
8336 12
8337 11
8338 11
8339 11
8340 11
8341 12
8342 12
8343 12
8344 12
8345 12
8346 11
8347 12
8348 11
8349 12
8350 13
8351 12
8352 11
8353 11
8354 11
8355 12
8356 12
8357 13
8358 12
8359 12
8360 12
8361 12
8362 12
8363 11
8364 13
8365 12
8366 11
8367 13
8368 12
8369 11
8370 11
8371 11
8372 11
8373 11
8374 11
8375 12
8376 12
8377 11
8378 11
8379 12
8380 12
8381 12
8382 12
8383 12
8384 11
8385 11
8386 12
8387 12
8388 12
8389 12
8390 12
8391 11
8392 12
8393 12
8394 11
8395 13
8396 12
8397 12
8398 12
8399 11
8400 12
8401 12
8402 12
8403 12
8404 12
8405 11
8406 11
8407 12
8408 11
8409 12
8410 11
8411 11
8412 12
8413 11
8414 11
8415 11
8416 13
8417 12
8418 12
8419 11
8420 11
8421 12
8422 12
8423 12
8424 12
8425 12
8426 12
8427 11
8428 11
8429 11
8430 12
8431 11
8432 11
8433 11
8434 11
8435 12
8436 12
8437 12
8438 12
8439 11
8440 12
8441 12
8442 11
8443 11
8444 11
8445 12
8446 12
8447 12
8448 12
8449 11
8450 12
8451 12
8452 12
8453 11
8454 12
8455 11
8456 11
8457 12
8458 12
8459 11
8460 11
8461 11
8462 10
8463 11
8464 11
8465 13
8466 12
8467 12
8468 12
8469 12
8470 12
8471 12
8472 12
8473 11
8474 11
8475 11
8476 11
8477 11
8478 12
8479 12
8480 12
8481 11
8482 12
8483 12
8484 11
8485 12
8486 12
8487 12
8488 11
8489 11
8490 12
8491 12
8492 11
8493 12
8494 11
8495 11
8496 11
8497 10
8498 12
8499 12
8500 12
8501 12
8502 12
8503 12
8504 12
8505 11
8506 12
8507 12
8508 11
8509 11
8510 12
8511 12
8512 12
8513 11
8514 12
8515 12
8516 12
8517 12
8518 12
8519 12
8520 12
8521 12
8522 12
8523 11
8524 12
8525 11
8526 11
8527 12
8528 12
8529 11
8530 11
8531 11
8532 11
8533 11
8534 12
8535 12
8536 12
8537 12
8538 12
8539 12
8540 11
8541 10
8542 11
8543 12
8544 12
8545 12
8546 12
8547 11
8548 12
8549 12
8550 11
8551 12
8552 12
8553 11
8554 11
8555 11
8556 12
8557 11
8558 12
8559 11
8560 12
8561 11
8562 11
8563 11
8564 12
8565 12
8566 12
8567 11
8568 12
8569 12
8570 12
8571 12
8572 11
8573 11
8574 11
8575 12
8576 11
8577 12
8578 12
8579 11
8580 12
8581 12
8582 12
8583 12
8584 12
8585 12
8586 11
8587 12
8588 11
8589 12
8590 11
8591 12
8592 12
8593 12
8594 11
8595 11
8596 12
8597 12
8598 12
8599 12
8600 11
8601 12
8602 12
8603 12
8604 11
8605 12
8606 12
8607 12
8608 11
8609 12
8610 12
8611 11
8612 12
8613 12
8614 11
8615 11
8616 11
8617 12
8618 11
8619 12
8620 12
8621 12
8622 11
8623 12
8624 11
8625 11
8626 11
8627 12
8628 12
8629 11
8630 12
8631 12
8632 11
8633 12
8634 11
8635 12
8636 11
8637 12
8638 11
8639 12
8640 12
8641 12
8642 11
8643 12
8644 11
8645 12
8646 11
8647 12
8648 12
8649 12
8650 11
8651 12
8652 12
8653 11
8654 12
8655 11
8656 12
8657 11
8658 11
8659 12
8660 11
8661 12
8662 12
8663 11
8664 11
8665 11
8666 12
8667 12
8668 12
8669 11
8670 11
8671 12
8672 11
8673 11
8674 11
8675 12
8676 12
8677 12
8678 11
8679 11
8680 12
8681 12
8682 12
8683 12
8684 11
8685 12
8686 11
8687 12
8688 12
8689 12
8690 12
8691 12
8692 12
8693 11
8694 11
8695 11
8696 11
8697 12
8698 12
8699 12
8700 12
8701 11
8702 12
8703 12
8704 11
8705 11
8706 11
8707 11
8708 12
8709 12
8710 12
8711 11
8712 11
8713 12
8714 11
8715 11
8716 11
8717 12
8718 12
8719 12
8720 11
8721 11
8722 11
8723 11
8724 12
8725 12
8726 11
8727 12
8728 11
8729 11
8730 11
8731 12
8732 12
8733 11
8734 12
8735 12
8736 11
8737 12
8738 12
8739 12
8740 12
8741 12
8742 11
8743 11
8744 12
8745 12
8746 11
8747 11
8748 11
8749 11
8750 11
8751 12
8752 12
8753 12
8754 11
8755 12
8756 12
8757 11
8758 11
8759 12
8760 12
8761 12
8762 11
8763 12
8764 11
8765 11
8766 11
8767 12
8768 12
8769 11
8770 12
8771 11
8772 12
8773 12
8774 12
8775 12
8776 12
8777 12
8778 11
8779 12
8780 12
8781 12
8782 12
8783 12
8784 12
8785 11
8786 12
8787 12
8788 11
8789 11
8790 11
8791 11
8792 12
8793 12
8794 12
8795 12
8796 11
8797 12
8798 12
8799 12
8800 12
8801 12
8802 12
8803 12
8804 11
8805 12
8806 12
8807 11
8808 12
8809 11
8810 11
8811 10
8812 10
8813 12
8814 11
8815 12
8816 12
8817 11
8818 12
8819 13
8820 12
8821 12
8822 12
8823 11
8824 11
8825 11
8826 12
8827 12
8828 12
8829 12
8830 12
8831 12
8832 13
8833 12
8834 12
8835 12
8836 12
8837 12
8838 12
8839 12
8840 12
8841 12
8842 12
8843 12
8844 11
8845 11
8846 13
8847 11
8848 11
8849 11
8850 10
8851 11
8852 12
8853 12
8854 12
8855 12
8856 12
8857 12
8858 12
8859 11
8860 12
8861 11
8862 12
8863 12
8864 12
8865 12
8866 11
8867 12
8868 12
8869 12
8870 12
8871 12
8872 12
8873 12
8874 13
8875 12
8876 12
8877 12
8878 12
8879 11
8880 11
8881 12
8882 12
8883 12
8884 11
8885 12
8886 11
8887 11
8888 11
8889 12
8890 12
8891 12
8892 12
8893 11
8894 11
8895 12
8896 11
8897 12
8898 12
8899 12
8900 12
8901 11
8902 12
8903 11
8904 11
8905 11
8906 11
8907 12
8908 12
8909 12
8910 12
8911 12
8912 11
8913 11
8914 12
8915 12
8916 12
8917 11
8918 11
8919 12
8920 12
8921 12
8922 12
8923 12
8924 12
8925 12
8926 12
8927 12
8928 11
8929 11
8930 11
8931 12
8932 12
8933 12
8934 12
8935 12
8936 12
8937 13
8938 12
8939 12
8940 12
8941 12
8942 12
8943 12
8944 13
8945 11
8946 11
8947 11
8948 11
8949 12
8950 12
8951 12
8952 12
8953 12
8954 12
8955 11
8956 11
8957 11
8958 12
8959 12
8960 12
8961 12
8962 12
8963 12
8964 12
8965 12
8966 11
8967 11
8968 12
8969 12
8970 12
8971 12
8972 12
8973 12
8974 12
8975 12
8976 12
8977 11
8978 11
8979 11
8980 12
8981 12
8982 12
8983 11
8984 11
8985 12
8986 12
8987 12
8988 12
8989 12
8990 12
8991 12
8992 12
8993 12
8994 12
8995 12
8996 12
8997 12
8998 12
8999 12
9000 12
9001 11
9002 11
9003 11
9004 11
9005 12
9006 12
9007 13
9008 11
9009 11
9010 12
9011 13
9012 12
9013 12
9014 11
9015 11
9016 11
9017 11
9018 12
9019 11
9020 11
9021 12
9022 12
9023 12
9024 13
9025 12
9026 12
9027 12
9028 12
9029 12
9030 11
9031 13
9032 12
9033 12
9034 11
9035 12
9036 11
9037 11
9038 11
9039 12
9040 12
9041 11
9042 12
9043 12
9044 12
9045 12
9046 12
9047 11
9048 11
9049 12
9050 11
9051 12
9052 13
9053 11
9054 11
9055 11
9056 11
9057 12
9058 12
9059 13
9060 12
9061 11
9062 12
9063 12
9064 11
9065 11
9066 11
9067 12
9068 12
9069 11
9070 11
9071 12
9072 12
9073 12
9074 12
9075 12
9076 11
9077 11
9078 12
9079 11
9080 13
9081 12
9082 12
9083 11
9084 12
9085 12
9086 12
9087 12
9088 11
9089 11
9090 11
9091 12
9092 12
9093 12
9094 12
9095 11
9096 11
9097 11
9098 12
9099 12
9100 12
9101 11
9102 12
9103 12
9104 12
9105 12
9106 12
9107 12
9108 12
9109 12
9110 12
9111 12
9112 12
9113 12
9114 12
9115 12
9116 12
9117 12
9118 13
9119 12
9120 11
9121 12
9122 11
9123 12
9124 12
9125 12
9126 11
9127 11
9128 11
9129 11
9130 12
9131 12
9132 13
9133 12
9134 12
9135 11
9136 12
9137 12
9138 12
9139 12
9140 12
9141 12
9142 12
9143 11
9144 12
9145 12
9146 12
9147 11
9148 11
9149 11
9150 11
9151 11
9152 12
9153 12
9154 12
9155 11
9156 12
9157 12
9158 12
9159 11
9160 12
9161 12
9162 12
9163 12
9164 12
9165 12
9166 12
9167 12
9168 11
9169 12
9170 12
9171 12
9172 11
9173 11
9174 11
9175 12
9176 12
9177 12
9178 11
9179 12
9180 11
9181 12
9182 12
9183 11
9184 12
9185 12
9186 11
9187 12
9188 13
9189 12
9190 12
9191 12
9192 12
9193 12
9194 12
9195 12
9196 12
9197 12
9198 12
9199 12
9200 11
9201 12
9202 12
9203 12
9204 12
9205 12
9206 11
9207 12
9208 12
9209 12
9210 12
9211 11
9212 11
9213 11
9214 12
9215 12
9216 12
9217 12
9218 11
9219 11
9220 12
9221 11
9222 12
9223 12
9224 12
9225 11
9226 11
9227 12
9228 12
9229 12
9230 12
9231 12
9232 12
9233 12
9234 12
9235 12
9236 12
9237 12
9238 12
9239 12
9240 12
9241 12
9242 12
9243 12
9244 13
9245 12
9246 12
9247 12
9248 11
9249 12
9250 12
9251 12
9252 12
9253 11
9254 11
9255 11
9256 11
9257 11
9258 11
9259 12
9260 12
9261 11
9262 12
9263 12
9264 12
9265 12
9266 12
9267 11
9268 12
9269 11
9270 12
9271 12
9272 12
9273 12
9274 12
9275 12
9276 12
9277 12
9278 12
9279 12
9280 11
9281 12
9282 12
9283 11
9284 11
9285 11
9286 11
9287 12
9288 12
9289 11
9290 12
9291 12
9292 12
9293 13
9294 11
9295 11
9296 10
9297 11
9298 12
9299 12
9300 12
9301 12
9302 12
9303 11
9304 11
9305 12
9306 12
9307 12
9308 11
9309 11
9310 11
9311 11
9312 12
9313 12
9314 12
9315 12
9316 12
9317 12
9318 12
9319 12
9320 12
9321 12
9322 11
9323 11
9324 11
9325 11
9326 12
9327 12
9328 13
9329 12
9330 12
9331 12
9332 12
9333 11
9334 12
9335 12
9336 12
9337 11
9338 12
9339 12
9340 11
9341 11
9342 12
9343 11
9344 11
9345 11
9346 10
9347 12
9348 12
9349 13
9350 12
9351 11
9352 12
9353 12
9354 11
9355 11
9356 11
9357 12
9358 12
9359 12
9360 12
9361 12
9362 12
9363 13
9364 11
9365 11
9366 11
9367 11
9368 12
9369 12
9370 12
9371 12
9372 12
9373 12
9374 12
9375 12
9376 11
9377 13
9378 11
9379 11
9380 11
9381 11
9382 12
9383 12
9384 13
9385 12
9386 12
9387 12
9388 11
9389 12
9390 12
9391 12
9392 12
9393 12
9394 12
9395 12
9396 12
9397 12
9398 12
9399 11
9400 11
9401 11
9402 11
9403 12
9404 12
9405 12
9406 12
9407 12
9408 12
9409 12
9410 12
9411 12
9412 13
9413 12
9414 12
9415 11
9416 12
9417 12
9418 12
9419 12
9420 12
9421 12
9422 12
9423 12
9424 12
9425 12
9426 12
9427 11
9428 11
9429 11
9430 11
9431 12
9432 12
9433 13
9434 12
9435 11
9436 12
9437 12
9438 12
9439 12
9440 12
9441 12
9442 12
9443 12
9444 12
9445 11
9446 11
9447 12
9448 12
9449 12
9450 12
9451 12
9452 12
9453 12
9454 12
9455 12
9456 12
9457 12
9458 12
9459 11
9460 11
9461 12
9462 12
9463 12
9464 12
9465 12
9466 12
9467 12
9468 13
9469 11
9470 11
9471 11
9472 11
9473 12
9474 11
9475 12
9476 12
9477 12
9478 12
9479 12
9480 12
9481 11
9482 13
9483 12
9484 12
9485 11
9486 11
9487 12
9488 12
9489 13
9490 12
9491 12
9492 12
9493 12
9494 12
9495 12
9496 12
9497 12
9498 12
9499 12
9500 11
9501 12
9502 12
9503 12
9504 11
9505 11
9506 12
9507 11
9508 11
9509 11
9510 12
9511 11
9512 11
9513 11
9514 11
9515 12
9516 12
9517 12
9518 12
9519 12
9520 12
9521 11
9522 11
9523 11
9524 11
9525 12
9526 12
9527 12
9528 12
9529 12
9530 11
9531 12
9532 12
9533 12
9534 12
9535 12
9536 12
9537 12
9538 13
9539 12
9540 12
9541 12
9542 12
9543 12
9544 11
9545 12
9546 12
9547 12
9548 12
9549 11
9550 12
9551 11
9552 12
9553 12
9554 12
9555 11
9556 12
9557 12
9558 12
9559 12
9560 12
9561 12
9562 12
9563 12
9564 12
9565 12
9566 12
9567 11
9568 11
9569 11
9570 11
9571 12
9572 12
9573 13
9574 12
9575 12
9576 12
9577 12
9578 12
9579 11
9580 13
9581 12
9582 12
9583 12
9584 12
9585 11
9586 11
9587 12
9588 12
9589 12
9590 12
9591 12
9592 12
9593 12
9594 12
9595 12
9596 12
9597 12
9598 12
9599 12
9600 11
9601 12
9602 11
9603 11
9604 11
9605 11
9606 12
9607 12
9608 12
9609 12
9610 12
9611 12
9612 12
9613 12
9614 12
9615 13
9616 12
9617 12
9618 12
9619 12
9620 12
9621 11
9622 12
9623 11
9624 11
9625 11
9626 11
9627 12
9628 12
9629 12
9630 12
9631 12
9632 12
9633 12
9634 12
9635 12
9636 12
9637 12
9638 12
9639 12
9640 11
9641 11
9642 11
9643 12
9644 12
9645 12
9646 11
9647 12
9648 12
9649 11
9650 12
9651 11
9652 11
9653 11
9654 11
9655 12
9656 12
9657 12
9658 12
9659 11
9660 12
9661 12
9662 12
9663 11
9664 13
9665 12
9666 11
9667 12
9668 12
9669 12
9670 11
9671 13
9672 12
9673 12
9674 12
9675 12
9676 11
9677 11
9678 11
9679 12
9680 12
9681 11
9682 12
9683 12
9684 12
9685 12
9686 11
9687 11
9688 11
9689 11
9690 12
9691 12
9692 13
9693 11
9694 12
9695 12
9696 12
9697 12
9698 12
9699 13
9700 12
9701 12
9702 12
9703 12
9704 12
9705 12
9706 12
9707 12
9708 11
9709 11
9710 12
9711 11
9712 12
9713 13
9714 12
9715 12
9716 12
9717 12
9718 11
9719 12
9720 13
9721 12
9722 11
9723 12
9724 11
9725 12
9726 12
9727 12
9728 11
9729 11
9730 11
9731 11
9732 12
9733 12
9734 13
9735 12
9736 12
9737 12
9738 12
9739 12
9740 12
9741 13
9742 12
9743 12
9744 12
9745 12
9746 12
9747 12
9748 12
9749 11
9750 11
9751 10
9752 10
9753 12
9754 12
9755 12
9756 12
9757 12
9758 12
9759 12
9760 12
9761 12
9762 12
9763 12
9764 11
9765 11
9766 12
9767 12
9768 12
9769 12
9770 12
9771 11
9772 11
9773 12
9774 12
9775 12
9776 12
9777 12
9778 12
9779 12
9780 12
9781 12
9782 12
9783 12
9784 12
9785 12
9786 12
9787 12
9788 12
9789 12
9790 13
9791 12
9792 12
9793 12
9794 12
9795 12
9796 11
9797 13
9798 12
9799 12
9800 11
9801 12
9802 12
9803 12
9804 12
9805 11
9806 12
9807 12
9808 11
9809 11
9810 11
9811 11
9812 12
9813 12
9814 12
9815 12
9816 11
9817 11
9818 12
9819 12
9820 12
9821 12
9822 12
9823 12
9824 12
9825 13
9826 12
9827 11
9828 12
9829 12
9830 12
9831 12
9832 12
9833 12
9834 11
9835 12
9836 11
9837 12
9838 12
9839 13
9840 11
9841 11
9842 11
9843 11
9844 12
9845 12
9846 12
9847 12
9848 12
9849 11
9850 11
9851 11
9852 11
9853 11
9854 12
9855 12
9856 12
9857 12
9858 12
9859 12
9860 12
9861 12
9862 12
9863 12
9864 12
9865 10
9866 11
9867 11
9868 12
9869 12
9870 12
9871 12
9872 12
9873 12
9874 13
9875 11
9876 12
9877 11
9878 11
9879 11
9880 12
9881 12
9882 12
9883 12
9884 12
9885 12
9886 12
9887 12
9888 12
9889 11
9890 12
9891 12
9892 12
9893 12
9894 12
9895 12
9896 12
9897 12
9898 12
9899 12
9900 12
9901 12
9902 12
9903 12
9904 12
9905 12
9906 12
9907 12
9908 12
9909 12
9910 11
9911 11
9912 11
9913 11
9914 12
9915 12
9916 12
9917 12
9918 11
9919 12
9920 11
9921 11
9922 11
9923 11
9924 12
9925 12
9926 12
9927 12
9928 12
9929 12
9930 12
9931 11
9932 11
9933 11
9934 11
9935 12
9936 11
9937 12
9938 12
9939 12
9940 12
9941 12
9942 11
9943 12
9944 12
9945 12
9946 12
9947 11
9948 12
9949 12
9950 12
9951 13
9952 12
9953 12
9954 12
9955 12
9956 11
9957 11
9958 12
9959 12
9960 12
9961 12
9962 12
9963 12
9964 12
9965 12
9966 12
9967 12
9968 12
9969 12
9970 11
9971 12
9972 13
9973 11
9974 12
9975 12
9976 12
9977 12
9978 12
9979 13
9980 11
9981 11
9982 11
9983 11
9984 12
9985 12
9986 12
9987 12
9988 11
9989 12
9990 12
9991 12
9992 11
9993 13
9994 12
9995 11
9996 12
9997 11
9998 12
9999 12
# sum: 15
# min: 8
# max: 45
# err cnt: 14
