4057 13
4058 66
4059 758
4060 1465
4061 1930
4062 2155
4063 2204
4064 2272
4065 2319
4066 2362
4067 2392
4068 2400
4069 2403
4070 2405
4072 2406
4073 2407
4077 2410
4078 2411
4080 2413
4081 2414
4083 2415
4085 2416
4086 2417
4087 2418
4088 2441
4089 2478
4090 2534
4091 2589
4092 2598
4093 2605
4094 2616
4095 2617
4096 2620
4099 2621
4100 2622
4103 2623
4104 2625
4105 2626
4106 2627
4110 2653
4111 2677
4112 2720
4113 2757
4114 2760
4115 2763
4116 2768
4117 2772
4118 2775
4119 2777
4121 2778
4122 2780
4125 2782
4127 2783
4128 2784
4129 2785
4131 2786
4135 2787
4136 2788
4137 2799
4138 2807
4139 2809
4140 2810
4142 2812
4143 2813
4146 2814
4149 2816
4151 2818
4152 2819
4153 2820
4155 2822
4156 2845
4157 3211
4158 4391
4159 4808
4160 4945
4161 4988
4162 5014
4163 5038
4164 5055
4165 5066
4166 5068
4167 5070
4168 5071
4171 5074
4172 5075
4173 5077
4175 5078
4176 5079
4178 5081
4179 5082
4180 5083
4181 5084
4184 5085
4185 5086
4186 5087
4187 5089
4188 5093
4189 5120
4190 5222
4191 5256
4192 5266
4193 5267
4194 5268
4195 5270
4196 5272
4197 5274
4198 5275
4199 5292
4200 5398
4201 5428
4202 5434
4203 5439
4204 5444
4205 5447
4207 5449
4208 5451
4211 5452
4216 5454
4219 5455
4220 5456
4222 5457
4223 5459
4224 5461
4226 5464
4227 5471
4228 5602
4229 5903
4230 5993
4231 6009
4232 6016
4233 6025
4234 6031
4235 6036
4239 6037
4240 6038
4241 6039
4243 6042
4244 6049
4245 6061
4246 6071
4247 6076
4248 6077
4250 6078
4251 6079
4254 6081
4257 6082
4259 6083
4261 6084
4267 6085
4272 6088
4274 6120
4275 6175
4276 6211
4277 6235
4278 6243
4279 6249
4280 6251
4281 6254
4289 6255
4290 6259
4291 6273
4292 6523
4293 6987
4294 7521
4295 8008
4296 8121
4297 8289
4298 8397
4299 8473
4300 8518
4301 8534
4302 8540
4303 8542
4304 8544
4305 8546
4306 8547
4307 8548
4308 8549
4309 8551
4310 8552
4311 8557
4313 8559
4315 8560
4316 8561
4317 8563
4319 8564
4322 8565
4323 8575
4324 8601
4325 8645
4326 8696
4327 8711
4328 8716
4329 8761
4330 8802
4331 8810
4332 8821
4333 8824
4334 8832
4335 8834
4336 8835
4337 8836
4338 8837
4339 8838
4340 8839
4341 8840
4343 8841
4345 8843
4350 8844
4351 8846
4352 8848
4353 8849
4354 8850
4368 8851
4373 8859
4374 8978
4375 9064
4376 9085
4377 9092
4378 9095
4379 9100
4380 9105
4381 9106
4383 9107
4384 9108
4385 9109
4387 9110
4393 9111
4394 9121
4395 9143
4396 9169
4397 9194
4398 9199
4399 9202
4400 9203
4401 9205
4403 9206
4410 9207
4411 9208
4416 9209
4458 9210
4459 9216
4460 9295
4461 9418
4462 9558
4463 9674
4464 9698
4465 9721
4466 9738
4467 9745
4468 9748
4469 9753
4470 9755
4471 9756
4475 9757
4477 9758
4478 9759
4482 9760
4483 9761
4484 9762
4489 9763
4491 9764
4492 9771
4493 9808
4494 9862
4495 9937
4496 9966
4497 9973
4498 9983
4499 9985
4500 9986
4501 9987
4502 9988
4503 9990
4506 9992
4507 9993
4509 9994
4510 9995
4512 9996
4514 9997
4529 9998
4541 9999
4559 10000
