2819 1
2820 2
2821 2
2822 5
2823 10
2824 37
2825 56
2826 134
2827 164
2828 215
2829 283
2830 403
2831 529
2832 649
2833 757
2834 818
2835 830
2836 869
2837 768
2838 527
2839 393
2840 312
2841 217
2842 163
2843 173
2844 158
2845 124
2846 89
2847 106
2848 107
2849 90
2850 90
2851 87
2852 56
2853 48
2854 28
2855 34
2856 21
2857 20
2858 12
2859 10
2860 5
2861 5
2862 1
2863 1
2864 2
2865 1
2866 3
2868 1
2870 3
2873 1
2878 2
2879 2
2881 1
2882 1
2885 1
2886 1
2895 1
2900 1
2901 1
2902 1
2903 1
2904 1
2905 2
2906 1
2907 4
2908 4
2909 3
2910 9
2911 7
2912 15
2913 16
2914 16
2915 15
2916 35
2917 26
2918 37
2919 25
2920 21
2921 27
2922 38
2923 22
2924 30
2925 19
2926 30
2927 19
2928 14
2929 17
2930 11
2931 11
2932 15
2933 11
2934 9
2935 10
2936 4
2937 4
2938 4
2939 5
2940 4
2941 1
2942 4
2943 4
2944 3
2945 3
2946 1
2947 1
2953 1
2956 1
2957 1
2981 1
2991 1
2997 1
3001 1
3044 1
6283 1
