1 1770
2 1558
3 1553
4 1629
5 1648
6 1649
7 1648
8 1660
9 1552
10 1553
11 1553
12 1569
13 1552
14 1553
15 1553
16 1569
17 1552
18 1553
19 1553
20 1569
21 1552
22 1553
23 1553
24 1569
25 1552
26 1553
27 1553
28 1568
29 1552
30 1552
31 1554
32 1569
33 1553
34 1553
35 1552
36 1569
37 1551
38 1553
39 1553
40 1569
41 1551
42 1553
43 1553
44 1624
45 1648
46 1648
47 1648
48 1616
49 1552
50 1553
51 1553
52 1569
53 1552
54 1553
55 1553
56 1569
57 1552
58 1553
59 1553
60 1569
61 1552
62 1724
63 1553
64 1569
65 1552
66 1553
67 1553
68 1635
69 1551
70 1552
71 1553
72 1569
73 1552
74 1552
75 1553
76 1569
77 1552
78 1551
79 1553
80 1569
81 1552
82 1553
83 1552
84 1569
85 1552
86 1553
87 1553
88 1568
89 1552
90 1553
91 1553
92 1569
93 1552
94 1553
95 1552
96 1569
97 1551
98 1553
99 1553
100 1569
101 1551
102 1553
103 1553
104 1623
105 1647
106 1647
107 1648
108 1607
109 1551
110 1553
111 1552
112 1623
113 1646
114 1648
115 1648
116 1625
117 1552
118 1551
119 1553
120 1569
121 1552
122 1551
123 1553
124 1569
125 1551
126 1553
127 1552
128 1569
129 1551
130 1553
131 1553
132 1569
133 1552
134 1552
135 1553
136 1569
137 1552
138 1553
139 1553
140 1569
141 1551
142 1553
143 1552
144 1569
145 1551
146 1553
147 1553
148 1569
149 1553
150 1552
151 1553
152 1569
153 1552
154 1551
155 1553
156 1569
157 1551
158 1553
159 1552
160 1571
161 1552
162 1553
163 1551
164 1569
165 1552
166 1553
167 1553
168 1623
169 1647
170 1646
171 1648
172 1624
173 1551
174 1553
175 1553
176 1568
177 1551
178 1553
179 1553
180 1568
181 1552
182 1552
183 1553
184 1568
185 1552
186 1553
187 1552
188 1569
189 1551
190 1553
191 1552
192 1569
193 1551
194 1553
195 1553
196 1569
197 1738
198 1551
199 1553
200 1569
201 1552
202 1553
203 1552
204 1569
205 1551
206 1553
207 1552
208 1569
209 1552
210 1552
211 1553
212 1569
213 1552
214 1553
215 1553
216 1623
217 1647
218 1798
219 1649
220 1664
221 1647
222 1646
223 1648
224 1606
225 1552
226 1553
227 1552
228 1569
229 1551
230 1553
231 1553
232 1570
233 1552
234 1553
235 1553
236 1570
237 1552
238 1552
239 1553
240 1623
241 1647
242 1648
243 1648
244 1664
245 1646
246 1648
247 1660
248 1665
249 1647
250 1648
251 1648
252 1625
253 1552
254 1553
255 1553
256 1586
257 1552
258 1553
259 1552
260 1568
261 1552
262 1553
263 1553
264 1624
265 1647
266 1647
267 1648
268 1625
269 1552
270 1553
271 1553
272 1569
273 1551
274 1553
275 1553
276 1624
277 1647
278 1648
279 1648
280 1664
281 1647
282 1647
283 1648
284 1607
285 1552
286 1553
287 1553
288 1569
289 1551
290 1553
291 1553
292 1569
293 1552
294 1551
295 1553
296 1569
297 1552
298 1551
299 1553
300 1569
301 1552
302 1553
303 1553
304 1576
305 1551
306 1553
307 1551
308 1569
309 1552
310 1552
311 1553
312 1585
313 1552
314 1553
315 1553
316 1569
317 1552
318 1553
319 1553
320 1587
321 1552
322 1553
323 1552
324 1569
325 1552
326 1553
327 1553
328 1569
329 1552
330 1553
331 1553
332 1569
333 1552
334 1552
335 1553
336 1623
337 1646
338 1648
339 1647
340 1607
341 1552
342 1553
343 1553
344 1569
345 1552
346 1551
347 1553
348 1569
349 1552
350 1553
351 1553
352 1569
353 1552
354 1553
355 1552
356 1569
357 1736
358 1552
359 1553
360 1569
361 1552
362 1552
363 1553
364 1569
365 1552
366 1553
367 1553
368 1569
369 1552
370 1553
371 1552
372 1569
373 1552
374 1552
375 1553
376 1569
377 1552
378 1551
379 1553
380 1569
381 1552
382 1553
383 1553
384 1569
385 1551
386 1553
387 1559
388 1570
389 1552
390 1552
391 1553
392 1569
393 1552
394 1551
395 1553
396 1623
397 1646
398 1648
399 1648
400 1626
401 1552
402 1553
403 1553
404 1569
405 1552
406 1552
407 1553
408 1569
409 1552
410 1551
411 1553
412 1623
413 1646
414 1648
415 1646
416 1625
417 1552
418 1551
419 1553
420 1586
421 1552
422 1553
423 1553
424 1569
425 1552
426 1553
427 1553
428 1570
429 1551
430 1553
431 1552
432 1606
433 1553
434 1551
435 1553
436 1569
437 1552
438 1552
439 1553
440 1570
441 1551
442 1553
443 1552
444 1568
445 1551
446 1553
447 1553
448 1568
449 1552
450 1551
451 1553
452 1568
453 1552
454 1553
455 1552
456 1623
457 1646
458 1648
459 1648
460 1664
461 1647
462 1646
463 1648
464 1664
465 1647
466 1648
467 1647
468 1664
469 1648
470 1648
471 1647
472 1663
473 1647
474 1647
475 1649
476 1625
477 1551
478 1553
479 1552
480 1623
481 1646
482 1648
483 1648
484 1664
485 1647
486 1648
487 1648
488 1664
489 1647
490 1798
491 1647
492 1664
493 1647
494 1646
495 1648
496 1663
497 1648
498 1647
499 1648
500 1607
501 1552
502 1553
503 1553
504 1623
505 1797
506 1552
507 1553
508 1569
509 1552
510 1551
511 1553
512 1569
513 1552
514 1553
515 1553
516 1569
517 1552
518 1554
519 1552
520 1569
521 1551
522 1553
523 1553
524 1568
525 1552
526 1551
527 1553
528 1668
529 1552
530 1553
531 1552
532 1624
533 1646
534 1648
535 1647
536 1608
537 1553
538 1551
539 1553
540 1569
541 1552
542 1551
543 1553
544 1569
545 1551
546 1553
547 1552
548 1623
549 1647
550 1648
551 1433
552 1331
553 1330
554 1331
555 1343
556 1331
557 1330
558 1331
559 1356
560 1330
561 1331
562 1330
563 1343
564 1330
565 1331
566 1330
567 1343
568 1330
569 1330
570 1329
571 1343
572 1330
573 1331
574 1330
575 1342
576 1330
577 1330
578 1331
579 1356
580 1330
581 1330
582 1330
583 1343
584 1330
585 1330
586 1331
587 1428
588 1412
589 1411
590 1414
591 1425
592 1411
593 1412
594 1412
595 1381
596 1329
597 1329
598 1331
599 1343
600 1330
601 1330
602 1330
603 1343
604 1329
605 1331
606 1330
607 1342
608 1330
609 1330
610 1331
611 1383
612 1411
613 1412
614 1412
615 1381
616 1330
617 1330
618 1331
619 1384
620 1412
621 1411
622 1412
623 1395
624 1330
625 1331
626 1332
627 1344
628 1330
629 1331
630 1330
631 1383
632 1412
633 1411
634 1412
635 1395
636 1330
637 1331
638 1330
639 1343
640 1330
641 1331
642 1330
643 1343
644 1330
645 1329
646 1330
647 1343
648 1330
649 1331
650 1330
651 1343
652 1330
653 1329
654 1331
655 1343
656 1330
657 1330
658 1330
659 1343
660 1330
661 1330
662 1330
663 1343
664 1330
665 1329
666 1331
667 1343
668 1329
669 1331
670 1330
671 1343
672 1330
673 1329
674 1330
675 1342
676 1330
677 1330
678 1330
679 1343
680 1329
681 1330
682 1330
683 1343
684 1330
685 1329
686 1330
687 1343
688 1330
689 1331
690 1330
691 1343
692 1330
693 1330
694 1331
695 1343
696 1330
697 1330
698 1330
699 1343
700 1329
701 1331
702 1330
703 1343
704 1330
705 1329
706 1331
707 1342
708 1330
709 1330
710 1330
711 1343
712 1330
713 1330
714 1331
715 1383
716 1411
717 1411
718 1412
719 1381
720 1329
721 1330
722 1330
723 1343
724 1329
725 1331
726 1331
727 1343
728 1330
729 1330
730 1331
731 1356
732 1330
733 1330
734 1330
735 1343
736 1329
737 1331
738 1330
739 1383
740 1412
741 1411
742 1412
743 1395
744 1330
745 1330
746 1330
747 1343
748 1329
749 1330
750 1330
751 1343
752 1330
753 1329
754 1331
755 1383
756 1411
757 1412
758 1411
759 1395
760 1330
761 1331
762 1330
763 1343
764 1329
765 1330
766 1331
767 1342
768 1330
769 1330
770 1330
771 1343
772 1330
773 1330
774 1330
775 1383
776 1412
777 1411
778 1412
779 1381
780 1330
781 1330
782 1330
783 1343
784 1329
785 1330
786 1330
787 1355
788 1330
789 1330
790 1331
791 1384
792 1411
793 1412
794 1411
795 1381
796 1329
797 1329
798 1330
799 1342
800 1330
801 1329
802 1331
803 1383
804 1411
805 1412
806 1411
807 1425
808 1411
809 1412
810 1411
811 1424
812 1411
813 1411
814 1412
815 1395
816 1330
817 1330
818 1330
819 1343
820 1329
821 1331
822 1330
823 1343
824 1330
825 1330
826 1332
827 1355
828 1330
829 1330
830 1330
831 1343
832 1329
833 1330
834 1330
835 1343
836 1330
837 1330
838 1331
839 1342
840 1330
841 1330
842 1329
843 1343
844 1330
845 1331
846 1330
847 1358
848 1330
849 1330
850 1330
851 1342
852 1330
853 1331
854 1330
855 1343
856 1330
857 1330
858 1330
859 1343
860 1331
861 1330
862 1330
863 1343
864 1330
865 1330
866 1330
867 1331
868 1331
869 1330
870 1343
871 1330
872 1330
873 1330
874 1343
875 1330
876 1330
877 1330
878 1343
879 1329
880 1331
881 1331
882 1343
883 1330
884 1330
885 1331
886 1343
887 1330
888 1330
889 1330
890 1343
891 1330
892 1331
893 1330
894 1343
895 1330
896 1330
897 1331
898 1355
899 1330
900 1329
901 1330
902 1343
903 1340
904 1330
905 1330
906 1343
907 1330
908 1330
909 1332
910 1384
911 1412
912 1411
913 1411
914 1424
915 1411
916 1412
917 1411
918 1381
919 1330
920 1329
921 1331
922 1343
923 1330
924 1331
925 1330
926 1343
927 1330
928 1331
929 1330
930 1342
931 1330
932 1330
933 1330
934 1383
935 1411
936 1412
937 1411
938 1381
939 1330
940 1330
941 1330
942 1342
943 1330
944 1330
945 1331
946 1343
947 1329
948 1330
949 1330
950 1343
951 1330
952 1330
953 1331
954 1384
955 1411
956 1412
957 1412
958 1382
959 1330
960 1331
961 1330
962 1383
963 1411
964 1411
965 1412
966 1424
967 1411
968 1412
969 1412
970 1424
971 1411
972 1412
973 1412
974 1381
975 1329
976 1329
977 1330
978 1342
979 1330
980 1330
981 1330
982 1343
983 1330
984 1330
985 1331
986 1383
987 1412
988 1411
989 1412
990 1381
991 1329
992 1331
993 1330
994 1349
995 1330
996 1330
997 1331
998 1383
999 1412
1000 1411
1001 1412
1002 1381
1003 1330
1004 1331
1005 1330
1006 1343
1007 1330
1008 1330
1009 1331
1010 1384
1011 1412
1012 1412
1013 1411
1014 1424
1015 1411
1016 1412
1017 1411
1018 1382
1019 1329
1020 1330
1021 1331
1022 1343
1023 1330
1024 1330
1025 1330
1026 1343
1027 1330
1028 1331
1029 1330
1030 1357
1031 1330
1032 1330
1033 1331
1034 1343
1035 1330
1036 1331
1037 1330
1038 1343
1039 1330
1040 1330
1041 1330
1042 1343
1043 1329
1044 1330
1045 1330
1046 1343
1047 1330
1048 1329
1049 1331
1050 1342
1051 1330
1052 1330
1053 1329
1054 1343
1055 1329
1056 1331
1057 1330
1058 1383
1059 1412
1060 1411
1061 1412
1062 1381
1063 1330
1064 1331
1065 1330
1066 1343
1067 1330
1068 1330
1069 1331
1070 1343
1071 1330
1072 1330
1073 1329
1074 1343
1075 1330
1076 1330
1077 1330
1078 1343
1079 1331
1080 1330
1081 1331
1082 1383
1083 1411
1084 1412
1085 1412
1086 1395
1087 1330
1088 1331
1089 1330
1090 1383
1091 1412
1092 1411
1093 1412
1094 1395
1095 1329
1096 1331
1097 1330
1098 1343
1099 1330
1100 1330
1101 1330
1102 1356
1103 1330
1104 1329
1105 1329
1106 1343
1107 1329
1108 1330
1109 1330
1110 1343
1111 1330
1112 1329
1113 1330
1114 1342
1115 1330
1116 1330
1117 1330
1118 1343
1119 1330
1120 1329
1121 1331
1122 1343
1123 1330
1124 1330
1125 1330
1126 1343
1127 1330
1128 1330
1129 1478
1130 1343
1131 1330
1132 1329
1133 1330
1134 1356
1135 1330
1136 1330
1137 1330
1138 1343
1139 1329
1140 1329
1141 1330
1142 1383
1143 1412
1144 1411
1145 1412
1146 1424
1147 1412
1148 1411
1149 1411
1150 1382
1151 1330
1152 1330
1153 1330
1154 1343
1155 1330
1156 1478
1157 1331
1158 1343
1159 1330
1160 1331
1161 1330
1162 1343
1163 1330
1164 1329
1165 1333
1166 1356
1167 1330
1168 1330
1169 1331
1170 1383
1171 1411
1172 1412
1173 1411
1174 1382
1175 1330
1176 1330
1177 1331
1178 1343
1179 1330
1180 1330
1181 1329
1182 1344
1183 1330
1184 1333
1185 1345
1186 1331
1187 1331
1188 1331
1189 1343
1190 1330
1191 1330
1192 1331
1193 1356
1194 1330
1195 1330
1196 1330
1197 1343
1198 1329
1199 1331
1200 1330
1201 1355
1202 1330
1203 1330
1204 1331
1205 1344
1206 1330
1207 1330
1208 1330
1209 1343
1210 1330
1211 1330
1212 1330
1213 1383
1214 1412
1215 1411
1216 1411
1217 1425
1218 1411
1219 1412
1220 1412
1221 1382
1222 1329
1223 1330
1224 1331
1225 1343
1226 1330
1227 1330
1228 1330
1229 1343
1230 1330
1231 1331
1232 1330
1233 1342
1234 1330
1235 1330
1236 1331
1237 1383
1238 1411
1239 1412
1240 1411
1241 1424
1242 1411
1243 1412
1244 1411
1245 1394
1246 1331
1247 1329
1248 1330
1249 1343
1250 1330
1251 1330
1252 1330
1253 1343
1254 1330
1255 1330
1256 1331
1257 1343
1258 1330
1259 1331
1260 1330
1261 1343
1262 1330
1263 1331
1264 1330
1265 1383
1266 1412
1267 1411
1268 1412
1269 1424
1270 1412
1271 1411
1272 1411
1273 1425
1274 1411
1275 1412
1276 1413
1277 1382
1278 1330
1279 1329
1280 1331
1281 1342
1282 1330
1283 1330
1284 1330
1285 1355
1286 1330
1287 1331
1288 1330
1289 1355
1290 1330
1291 1330
1292 1330
1293 1343
1294 1340
1295 1330
1296 1330
1297 1343
1298 1330
1299 1331
1300 1330
1301 1342
1302 1330
1303 1330
1304 1331
1305 1343
1306 1329
1307 1331
1308 1330
1309 1343
1310 1330
1311 1329
1312 1331
1313 1383
1314 1412
1315 1412
1316 1411
1317 1382
1318 1330
1319 1331
1320 1330
1321 1343
1322 1330
1323 1330
1324 1330
1325 1343
1326 1330
1327 1330
1328 1330
1329 1343
1330 1329
1331 1330
1332 1330
1333 1383
1334 1412
1335 1411
1336 1412
1337 1424
1338 1411
1339 1412
1340 1412
1341 1428
1342 1411
1343 1412
1344 1412
1345 1381
1346 1329
1347 1329
1348 1331
1349 1343
1350 1330
1351 1330
1352 1330
1353 1384
1354 1330
1355 1330
1356 1330
1357 1383
1358 1330
1359 1330
1360 1331
1361 1342
1362 1330
1363 1330
1364 1330
1365 1343
1366 1330
1367 1330
1368 1330
1369 1383
1370 1412
1371 1411
1372 1412
1373 1424
1374 1412
1375 1412
1376 1411
1377 1395
1378 1329
1379 1330
1380 1330
1381 1356
1382 1330
1383 1330
1384 1330
1385 1343
1386 1329
1387 1331
1388 1330
1389 1343
1390 1329
1391 1331
1392 1330
1393 1342
1394 1330
1395 1330
1396 1331
1397 1383
1398 1411
1399 1412
1400 1412
1401 1394
1402 1330
1403 1330
1404 1331
1405 1355
1406 1330
1407 1330
1408 1331
1409 1343
1410 1329
1411 1330
1412 1330
1413 1343
1414 1329
1415 1329
1416 1331
1417 1342
1418 1329
1419 1331
1420 1330
1421 1343
1422 1330
1423 1331
1424 1330
1425 1383
1426 1412
1427 1411
1428 1412
1429 1395
1430 1330
1431 1331
1432 1330
1433 1343
1434 1330
1435 1329
1436 1331
1437 1383
1438 1412
1439 1411
1440 1412
1441 1424
1442 1411
1443 1412
1444 1411
1445 1381
1446 1329
1447 1330
1448 1330
1449 1343
1450 1331
1451 1329
1452 1331
1453 1343
1454 1329
1455 1331
1456 1330
1457 1343
1458 1330
1459 1329
1460 1330
1461 1343
1462 1330
1463 1330
1464 1330
1465 1384
1466 1330
1467 1330
1468 1330
1469 1343
1470 1330
1471 1329
1472 1330
1473 1383
1474 1412
1475 1411
1476 1411
1477 1395
1478 1330
1479 1331
1480 1330
1481 1343
1482 1330
1483 1329
1484 1331
1485 1356
1486 1330
1487 1330
1488 1329
1489 1349
1490 1330
1491 1330
1492 1330
1493 1384
1494 1412
1495 1411
1496 1412
1497 1424
1498 1539
1499 1412
1500 1635
1501 1552
1502 1553
1503 1552
1504 1586
1505 1551
1506 1553
1507 1552
1508 1568
1509 1551
1510 1553
1511 1553
1512 1569
1513 1552
1514 1552
1515 1553
1516 1569
1517 1552
1518 1553
1519 1553
1520 1569
1521 1551
1522 1553
1523 1552
1524 1568
1525 1552
1526 1551
1527 1553
1528 1569
1529 1552
1530 1552
1531 1725
1532 1566
1533 1553
1534 1553
1535 1552
1536 1602
1537 1551
1538 1553
1539 1551
1540 1569
1541 1552
1542 1551
1543 1553
1544 1623
1545 1647
1546 1646
1547 1648
1548 1663
1549 1646
1550 1648
1551 1647
1552 1608
1553 1552
1554 1552
1555 1553
1556 1569
1557 1552
1558 1551
1559 1552
1560 1569
1561 1552
1562 1552
1563 1553
1564 1569
1565 1551
1566 1553
1567 1551
1568 1694
1569 1553
1570 1551
1571 1553
1572 1569
1573 1552
1574 1551
1575 1553
1576 1623
1577 1646
1578 1648
1579 1647
1580 1663
1581 1647
1582 1648
1583 1648
1584 1625
1585 1552
1586 1725
1587 1553
1588 1569
1589 1551
1590 1553
1591 1553
1592 1569
1593 1552
1594 1553
1595 1552
1596 1576
1597 1552
1598 1553
1599 1553
1600 1569
1601 1552
1602 1552
1603 1553
1604 1623
1605 1646
1606 1647
1607 1647
1608 1625
1609 1551
1610 1553
1611 1553
1612 1569
1613 1552
1614 1551
1615 1553
1616 1569
1617 1552
1618 1553
1619 1553
1620 1568
1621 1552
1622 1553
1623 1553
1624 1623
1625 1646
1626 1648
1627 1646
1628 1664
1629 1647
1630 1647
1631 1648
1632 1664
1633 1647
1634 1648
1635 1647
1636 1607
1637 1551
1638 1553
1639 1553
1640 1585
1641 1552
1642 1553
1643 1553
1644 1569
1645 1552
1646 1551
1647 1553
1648 1568
1649 1552
1650 1553
1651 1552
1652 1623
1653 1647
1654 1648
1655 1648
1656 1608
1657 1552
1658 1552
1659 1553
1660 1711
1661 1647
1662 1648
1663 1649
1664 1663
1665 1550
1666 1553
1667 1553
1668 1567
1669 1553
1670 1551
1671 1553
1672 1567
1673 1552
1674 1552
1675 1552
1676 1567
1677 1551
1678 1553
1679 1552
1680 1567
1681 1552
1682 1551
1683 1552
1684 1567
1685 1552
1686 1552
1687 1552
1688 1567
1689 1551
1690 1552
1691 1552
1692 1567
1693 1551
1694 1552
1695 1552
1696 1567
1697 1552
1698 1552
1699 1552
1700 1567
1701 1551
1702 1552
1703 1552
1704 1567
1705 1551
1706 1553
1707 1552
1708 1622
1709 1647
1710 1646
1711 1647
1712 1605
1713 1552
1714 1551
1715 1552
1716 1567
1717 1551
1718 1552
1719 1552
1720 1567
1721 1552
1722 1552
1723 1552
1724 1567
1725 1552
1726 1551
1727 1553
1728 1574
1729 1553
1730 1552
1731 1552
1732 1567
1733 1551
1734 1553
1735 1552
1736 1567
1737 1562
1738 1552
1739 1552
1740 1567
1741 1552
1742 1551
1743 1552
1744 1567
1745 1552
1746 1552
1747 1552
1748 1567
1749 1551
1750 1552
1751 1553
1752 1622
1753 1647
1754 1647
1755 1648
1756 1662
1757 1647
1758 1646
1759 1647
1760 1606
1761 1552
1762 1552
1763 1552
1764 1567
1765 1551
1766 1553
1767 1552
1768 1567
1769 1552
1770 1551
1771 1552
1772 1566
1773 1552
1774 1552
1775 1552
1776 1567
1777 1552
1778 1552
1779 1552
1780 1567
1781 1553
1782 1552
1783 1552
1784 1567
1785 1552
1786 1552
1787 1553
1788 1585
1789 1551
1790 1552
1791 1552
1792 1567
1793 1551
1794 1553
1795 1551
1796 1567
1797 1552
1798 1551
1799 1552
1800 1567
1801 1552
1802 1552
1803 1553
1804 1622
1805 1647
1806 1647
1807 1647
1808 1605
1809 1552
1810 1552
1811 1552
1812 1566
1813 1552
1814 1552
1815 1552
1816 621
1817 621
1818 621
1819 620
1820 620
1821 620
1822 621
1823 620
1824 620
1825 620
1826 621
1827 620
1828 620
1829 620
1830 621
1831 620
1832 620
1833 620
1834 621
1835 620
1836 620
1837 620
1838 621
1839 620
1840 620
1841 620
1842 620
1843 620
1844 620
1845 620
1846 620
1847 620
1848 620
1849 620
1850 620
1851 620
1852 620
1853 621
1854 621
1855 620
1856 620
1857 620
1858 620
1859 620
1860 620
1861 620
1862 621
1863 620
1864 620
1865 620
1866 620
1867 620
1868 620
1869 620
1870 620
1871 620
1872 620
1873 620
1874 620
1875 620
1876 620
1877 620
1878 620
1879 620
1880 620
1881 620
1882 620
1883 620
1884 620
1885 620
1886 621
1887 620
1888 620
1889 620
1890 620
1891 620
1892 620
1893 620
1894 621
1895 620
1896 620
1897 620
1898 620
1899 620
1900 620
1901 620
1902 620
1903 620
1904 620
1905 620
1906 620
1907 620
1908 620
1909 620
1910 621
1911 620
1912 620
1913 620
1914 621
1915 620
1916 620
1917 620
1918 620
1919 620
1920 620
1921 620
1922 620
1923 620
1924 620
1925 620
1926 621
1927 620
1928 620
1929 620
1930 621
1931 620
1932 620
1933 620
1934 621
1935 620
1936 620
1937 620
1938 620
1939 620
1940 620
1941 620
1942 620
1943 620
1944 620
1945 620
1946 620
1947 620
1948 620
1949 620
1950 620
1951 620
1952 620
1953 620
1954 620
1955 620
1956 620
1957 620
1958 620
1959 620
1960 620
1961 620
1962 620
1963 620
1964 620
1965 620
1966 620
1967 620
1968 620
1969 620
1970 621
1971 620
1972 620
1973 620
1974 620
1975 620
1976 620
1977 620
1978 620
1979 620
1980 620
1981 620
1982 620
1983 620
1984 620
1985 620
1986 620
1987 620
1988 620
1989 620
1990 621
1991 620
1992 620
1993 620
1994 620
1995 620
1996 620
1997 620
1998 621
1999 620
2000 620
2001 620
2002 621
2003 620
2004 620
2005 620
2006 620
2007 620
2008 620
2009 620
2010 620
2011 620
2012 620
2013 620
2014 621
2015 620
2016 620
2017 620
2018 620
2019 620
2020 620
2021 620
2022 621
2023 620
2024 620
2025 620
2026 620
2027 620
2028 620
2029 620
2030 621
2031 620
2032 620
2033 620
2034 621
2035 620
2036 620
2037 620
2038 620
2039 620
2040 620
2041 620
2042 621
2043 620
2044 620
2045 620
2046 620
2047 620
2048 620
2049 620
2050 621
2051 620
2052 622
2053 620
2054 620
2055 620
2056 620
2057 620
2058 620
2059 620
2060 620
2061 620
2062 620
2063 620
2064 620
2065 620
2066 620
2067 620
2068 620
2069 620
2070 621
2071 620
2072 620
2073 620
2074 621
2075 620
2076 620
2077 620
2078 620
2079 620
2080 620
2081 620
2082 620
2083 620
2084 620
2085 620
2086 620
2087 620
2088 620
2089 620
2090 621
2091 620
2092 620
2093 620
2094 620
2095 620
2096 620
2097 620
2098 621
2099 620
2100 620
2101 620
2102 620
2103 620
2104 620
2105 620
2106 621
2107 620
2108 620
2109 620
2110 620
2111 620
2112 620
2113 620
2114 621
2115 620
2116 620
2117 620
2118 621
2119 620
2120 620
2121 620
2122 621
2123 620
2124 620
2125 620
2126 620
2127 620
2128 620
2129 620
2130 620
2131 620
2132 620
2133 1554
2134 1569
2135 1553
2136 1552
2137 1553
2138 1567
2139 1552
2140 1552
2141 1552
2142 1584
2143 1551
2144 1552
2145 1552
2146 1567
2147 1551
2148 1552
2149 1552
2150 1567
2151 1552
2152 1551
2153 1552
2154 1567
2155 1552
2156 1564
2157 1552
2158 1568
2159 1551
2160 1553
2161 1552
2162 1568
2163 1551
2164 1552
2165 1553
2166 1567
2167 1552
2168 1551
2169 1553
2170 1568
2171 1552
2172 1552
2173 1552
2174 1584
2175 1551
2176 1552
2177 1552
2178 1566
2179 1552
2180 1552
2181 1556
2182 1568
2183 1553
2184 1553
2185 1552
2186 1568
2187 1551
2188 1553
2189 1551
2190 1621
2191 1647
2192 1647
2193 1648
2194 1623
2195 1553
2196 1554
2197 1552
2198 1567
2199 1551
2200 1552
2201 1552
2202 1568
2203 1551
2204 1553
2205 1552
2206 1567
2207 1552
2208 1551
2209 1552
2210 1621
2211 1647
2212 1647
2213 1647
2214 1639
2215 1551
2216 1553
2217 1552
2218 1566
2219 1552
2220 1551
2221 1553
2222 1567
2223 1552
2224 1551
2225 1552
2226 1622
2227 1646
2228 1647
2229 1647
2230 1605
2231 1553
2232 1552
2233 1553
2234 1646
2235 1647
2236 1646
2237 1647
2238 1605
2239 1551
2240 1552
2241 1552
2242 1567
2243 1551
2244 1553
2245 1551
2246 1568
2247 1552
2248 1551
2249 1552
2250 1665
2251 1552
2252 1551
2253 1553
2254 1568
2255 1551
2256 1552
2257 1552
2258 1567
2259 1551
2260 1552
2261 1552
2262 1621
2263 1647
2264 1646
2265 1647
2266 1662
2267 1647
2268 1647
2269 1647
2270 1606
2271 1551
2272 1552
2273 1552
2274 1584
2275 1552
2276 1551
2277 1552
2278 1566
2279 1552
2280 1551
2281 1552
2282 1585
2283 1585
2284 1553
2285 1552
2286 1622
2287 1646
2288 1647
2289 1647
2290 1604
2291 1552
2292 1552
2293 1553
2294 1583
2295 1552
2296 1552
2297 1567
2298 1624
2299 1646
2300 1647
2301 1647
2302 1623
2303 1552
2304 1551
2305 1552
2306 1621
2307 1647
2308 1647
2309 1647
2310 1662
2311 1646
2312 1647
2313 1647
2314 1661
2315 1647
2316 1646
2317 1651
2318 1663
2319 1646
2320 1647
2321 1647
2322 1606
2323 1552
2324 1551
2325 1552
2326 1621
2327 1647
2328 1646
2329 1647
2330 1616
2331 1551
2332 1552
2333 1552
2334 1567
2335 1551
2336 1552
2337 1552
2338 1620
2339 1647
2340 1646
2341 1647
2342 1606
2343 1551
2344 1552
2345 1551
2346 1567
2347 1552
2348 1552
2349 1552
2350 1566
2351 1552
2352 1551
2353 1552
2354 1566
2355 1552
2356 1552
2357 1552
2358 1567
2359 1551
2360 1552
2361 1551
2362 1567
2363 1552
2364 1552
2365 1552
2366 1621
2367 1647
2368 1646
2369 1647
2370 1606
2371 1551
2372 1552
2373 1552
2374 1567
2375 1551
2376 1552
2377 1563
2378 1621
2379 1648
2380 1646
2381 1647
2382 1604
2383 1552
2384 1552
2385 1552
2386 1567
2387 1551
2388 1552
2389 1552
2390 1567
2391 1551
2392 1552
2393 1552
2394 1566
2395 1552
2396 1551
2397 1552
2398 1567
2399 1552
2400 1552
2401 1552
2402 1622
2403 1646
2404 1647
2405 1647
2406 1662
2407 1647
2408 1646
2409 1647
2410 1662
2411 1647
2412 1647
2413 1647
2414 1605
2415 1551
2416 1553
2417 1552
2418 1584
2419 1552
2420 1551
2421 1552
2422 1567
2423 1552
2424 1551
2425 1552
2426 1585
2427 1551
2428 1552
2429 1552
2430 1621
2431 1646
2432 1647
2433 1647
2434 1661
2435 1647
2436 1658
2437 1647
2438 1623
2439 1551
2440 1552
2441 1552
2442 1622
2443 1647
2444 1646
2445 1647
2446 1605
2447 1552
2448 1551
2449 1584
2450 1553
2451 1553
2452 1553
2453 1569
2454 1553
2455 1551
2456 1553
2457 1569
2458 1552
2459 1553
2460 1552
2461 1569
2462 1551
2463 1553
2464 1552
2465 1586
2466 1553
2467 1724
2468 1553
2469 1623
2470 1647
2471 1646
2472 1648
2473 1664
2474 1646
2475 1648
2476 1648
2477 1607
2478 1552
2479 1551
2480 1553
2481 1569
2482 1552
2483 1553
2484 1552
2485 1628
2486 1553
2487 1553
2488 1553
2489 1567
2490 1552
2491 1553
2492 1552
2493 1567
2494 1552
2495 1552
2496 1553
2497 1567
2498 1737
2499 1647
2500 1647
2501 1662
2502 1646
2503 1647
2504 1647
2505 1662
2506 1647
2507 1647
2508 1647
2509 1623
2510 1552
2511 1551
2512 1552
2513 1566
2514 1551
2515 1553
2516 1552
2517 1566
2518 1552
2519 1553
2520 1551
2521 1567
2522 1552
2523 1552
2524 1552
2525 1566
2526 1552
2527 1552
2528 1552
2529 1567
2530 1552
2531 1552
2532 1552
2533 1567
2534 1551
2535 1552
2536 1552
2537 1567
2538 1551
2539 1553
2540 1552
2541 1566
2542 1552
2543 1552
2544 1552
2545 1566
2546 1552
2547 1551
2548 1553
2549 1584
2550 1552
2551 1552
2552 1552
2553 1567
2554 1551
2555 1552
2556 1551
2557 1621
2558 1647
2559 1647
2560 1648
2561 1623
2562 1552
2563 1552
2564 1553
2565 1567
2566 1551
2567 1552
2568 1552
2569 1573
2570 1551
2571 1552
2572 1550
2573 1567
2574 1552
2575 1551
2576 1552
2577 1583
2578 1552
2579 1551
2580 1552
2581 1567
2582 1552
2583 1552
2584 1552
2585 1621
2586 1647
2587 1648
2588 1647
2589 1662
2590 1647
2591 1646
2592 1647
2593 1618
2594 1552
2595 1553
2596 1552
2597 1621
2598 1647
2599 1648
2600 1647
2601 1623
2602 1554
2603 1552
2604 1553
2605 1568
2606 1552
2607 1552
2608 1552
2609 1621
2610 1646
2611 1648
2612 1663
2613 1663
2614 1647
2615 1646
2616 1648
2617 1605
2618 1552
2619 1552
2620 1553
2621 1567
2622 1552
2623 1552
2624 1552
2625 1584
2626 1551
2627 1552
2628 1552
2629 1567
2630 1552
2631 1553
2632 1552
2633 1566
2634 1552
2635 1551
2636 1552
2637 1567
2638 1551
2639 1552
2640 1552
2641 1567
2642 1551
2643 1553
2644 1553
2645 1621
2646 1647
2647 1647
2648 1647
2649 1661
2650 1647
2651 1647
2652 1647
2653 1662
2654 1646
2655 1647
2656 1647
2657 1662
2658 1647
2659 1646
2660 1647
2661 1623
2662 1551
2663 1552
2664 1552
2665 1567
2666 1552
2667 1552
2668 1551
2669 1621
2670 1647
2671 1647
2672 1647
2673 1661
2674 1647
2675 1648
2676 1647
2677 1623
2678 1551
2679 1552
2680 1552
2681 1621
2682 1646
2683 1648
2684 1647
2685 1604
2686 1552
2687 1551
2688 1553
2689 1567
2690 1552
2691 1552
2692 1552
2693 1567
2694 1552
2695 1552
2696 1552
2697 1622
2698 1647
2699 1646
2700 1648
2701 1605
2702 1552
2703 1552
2704 1552
2705 1621
2706 1646
2707 1647
2708 1647
2709 1605
2710 1552
2711 1552
2712 1553
2713 1567
2714 1552
2715 1551
2716 1552
2717 1566
2718 1552
2719 1552
2720 1552
2721 1567
2722 1551
2723 1552
2724 1552
2725 1621
2726 1646
2727 1647
2728 1647
2729 1604
2730 1552
2731 1551
2732 1552
2733 1584
2734 1552
2735 1552
2736 1552
2737 1567
2738 1551
2739 1553
2740 1553
2741 1584
2742 1552
2743 1551
2744 1553
2745 1621
2746 1647
2747 1647
2748 1648
2749 1605
2750 1551
2751 1552
2752 1552
2753 1568
2754 1551
2755 1552
2756 1549
2757 1584
2758 1552
2759 1551
2760 1552
2761 1566
2762 1552
2763 1552
2764 1552
2765 1164
2766 1165
2767 1164
2768 1175
2769 1163
2770 1164
2771 1164
2772 1205
2773 1235
2774 1235
2775 1235
2776 1224
2777 1164
2778 1164
2779 1164
2780 1185
2781 1164
2782 1164
2783 1164
2784 1175
2785 1164
2786 1164
2787 1164
2788 1205
2789 1235
2790 1235
2791 1235
2792 1246
2793 1235
2794 1235
2795 1235
2796 1224
2797 1164
2798 1164
2799 1164
2800 1175
2801 1164
2802 1164
2803 1164
2804 1175
2805 1164
2806 1164
2807 1164
2808 1175
2809 1164
2810 1164
2811 1164
2812 1205
2813 1235
2814 1235
2815 1235
2816 1227
2817 1164
2818 1164
2819 1165
2820 1175
2821 1164
2822 1164
2823 1164
2824 1175
2825 1164
2826 1164
2827 1164
2828 1175
2829 1163
2830 1163
2831 1164
2832 1175
2833 1164
2834 1163
2835 1164
2836 1182
2837 1164
2838 1163
2839 1164
2840 1205
2841 1235
2842 1235
2843 1235
2844 1246
2845 1235
2846 1235
2847 1235
2848 1286
2849 1163
2850 1163
2851 1164
2852 1175
2853 1163
2854 1163
2855 1164
2856 1175
2857 1164
2858 1164
2859 1164
2860 1175
2861 1164
2862 1164
2863 1164
2864 1175
2865 1164
2866 1164
2867 1164
2868 1175
2869 1164
2870 1164
2871 1164
2872 1175
2873 1164
2874 1164
2875 1293
2876 1175
2877 1163
2878 1164
2879 1164
2880 1175
2881 1163
2882 1164
2883 1164
2884 1175
2885 1163
2886 1164
2887 1164
2888 1175
2889 1163
2890 1164
2891 1164
2892 1175
2893 1163
2894 1164
2895 1164
2896 1175
2897 1163
2898 1164
2899 1164
2900 1175
2901 1163
2902 1166
2903 1164
2904 1175
2905 1163
2906 1164
2907 1164
2908 1175
2909 1163
2910 1163
2911 1164
2912 1175
2913 1163
2914 1163
2915 1164
2916 1175
2917 1163
2918 1163
2919 1164
2920 1175
2921 1163
2922 1163
2923 1164
2924 1230
2925 1163
2926 1163
2927 1164
2928 1208
2929 1235
2930 1235
2931 1236
2932 1224
2933 1163
2934 1163
2935 1164
2936 1175
2937 1163
2938 1163
2939 1164
2940 1205
2941 1235
2942 1235
2943 1236
2944 1246
2945 1235
2946 1235
2947 1235
2948 1246
2949 1235
2950 1235
2951 1235
2952 1246
2953 1234
2954 1235
2955 1235
2956 1214
2957 1163
2958 1164
2959 1164
2960 1175
2961 1163
2962 1164
2963 1164
2964 1175
2965 1163
2966 1164
2967 1164
2968 1175
2969 1163
2970 1164
2971 1164
2972 1175
2973 1163
2974 1164
2975 1164
2976 1243
2977 1163
2978 1164
2979 1164
2980 1175
2981 1163
2982 1164
2983 1164
2984 1205
2985 1235
2986 1235
2987 1235
2988 1224
2989 1164
2990 1164
2991 1164
2992 1174
2993 1164
2994 1164
2995 1164
2996 1175
2997 1163
2998 1164
2999 1164
3000 1175
3001 1163
3002 1164
3003 1164
3004 1184
3005 1163
3006 1164
3007 1164
3008 1174
3009 1163
3010 1163
3011 1165
3012 1175
3013 1164
3014 1164
3015 1164
3016 1205
3017 1234
3018 1236
3019 1236
3020 1246
3021 1234
3022 1235
3023 1235
3024 1246
3025 1235
3026 1236
3027 1235
3028 1223
3029 1164
3030 1164
3031 1164
3032 1175
3033 1164
3034 1164
3035 1164
3036 1185
3037 1164
3038 1164
3039 1164
3040 1175
3041 1164
3042 1164
3043 1164
3044 1175
3045 1164
3046 1164
3047 1164
3048 1175
3049 1164
3050 1164
3051 1164
3052 1205
3053 1235
3054 1235
3055 1235
3056 1246
3057 1235
3058 1235
3059 1235
3060 1223
3061 1164
3062 1164
3063 1164
3064 1175
3065 1293
3066 1164
3067 1164
3068 1185
3069 1164
3070 1164
3071 1164
3072 1175
3073 1164
3074 1164
3075 1164
3076 1175
3077 1164
3078 1164
3079 1164
3080 1175
3081 1164
3082 1333
3083 1451
3084 1412
3085 1411
3086 1412
3087 1425
3088 1412
3089 1412
3090 1411
3091 1382
3092 1329
3093 1330
3094 1330
3095 1343
3096 1330
3097 1329
3098 1331
3099 1383
3100 1411
3101 1412
3102 1412
3103 1381
3104 1330
3105 1330
3106 1330
3107 1342
3108 1330
3109 1329
3110 1330
3111 1343
3112 1329
3113 1331
3114 1330
3115 1343
3116 1330
3117 1339
3118 1331
3119 1343
3120 1331
3121 1329
3122 1331
3123 1355
3124 1330
3125 1331
3126 1330
3127 1343
3128 1330
3129 1330
3130 1331
3131 1343
3132 1330
3133 1330
3134 1330
3135 1343
3136 1330
3137 1330
3138 1330
3139 1383
3140 1412
3141 1411
3142 1413
3143 1395
3144 1330
3145 1330
3146 1329
3147 1343
3148 1330
3149 1330
3150 1330
3151 1342
3152 1330
3153 1330
3154 1331
3155 1384
3156 1412
3157 1411
3158 1411
3159 1390
3160 1330
3161 1331
3162 1330
3163 1343
3164 1330
3165 1330
3166 1331
3167 1343
3168 1330
3169 1330
3170 1330
3171 1343
3172 1330
3173 1331
3174 1330
3175 1383
3176 1411
3177 1411
3178 1412
3179 1424
3180 1412
3181 1411
3182 1412
3183 1381
3184 1330
3185 1330
3186 1330
3187 1343
3188 1330
3189 1330
3190 1330
3191 1342
3192 1330
3193 1331
3194 1330
3195 1343
3196 1330
3197 1330
3198 1331
3199 1383
3200 1412
3201 1412
3202 1411
3203 1381
3204 1330
3205 1331
3206 1330
3207 1389
3208 1412
3209 1411
3210 1412
3211 1395
3212 1330
3213 1330
3214 1330
3215 1343
3216 1329
3217 1332
3218 1330
3219 1343
3220 1330
3221 1330
3222 1331
3223 1343
3224 1329
3225 1331
3226 1330
3227 1343
3228 1330
3229 1330
3230 1331
3231 1343
3232 1330
3233 1330
3234 1329
3235 1343
3236 1329
3237 1331
3238 1330
3239 1343
3240 1330
3241 1330
3242 1331
3243 1343
3244 1330
3245 1331
3246 1330
3247 1343
3248 1329
3249 1331
3250 1330
3251 1383
3252 1412
3253 1411
3254 1412
3255 1424
3256 1412
3257 1411
3258 1417
3259 1381
3260 1330
3261 1331
3262 1330
3263 1343
3264 1330
3265 1330
3266 1330
3267 1342
3268 1330
3269 1330
3270 1330
3271 1343
3272 1330
3273 1331
3274 1330
3275 1343
3276 1330
3277 1330
3278 1331
3279 1343
3280 1330
3281 1330
3282 1330
3283 1343
3284 1330
3285 1331
3286 1330
3287 1343
3288 1330
3289 1330
3290 1330
3291 1356
3292 1330
3293 1330
3294 1330
3295 1343
3296 1329
3297 1329
3298 1331
3299 1383
3300 1411
3301 1412
3302 1411
3303 1381
3304 1329
3305 1330
3306 1330
3307 1383
3308 1411
3309 1411
3310 1412
3311 1424
3312 1412
3313 1411
3314 1411
3315 1382
3316 1329
3317 1331
3318 1330
3319 1343
3320 1330
3321 1330
3322 1331
3323 1355
3324 1330
3325 1331
3326 1330
3327 1343
3328 1330
3329 1331
3330 1331
3331 1342
3332 1330
3333 1330
3334 1331
3335 1343
3336 1330
3337 1330
3338 1330
3339 1343
3340 1330
3341 1330
3342 1331
3343 1384
3344 1412
3345 1411
3346 1411
3347 1395
3348 1330
3349 1331
3350 1330
3351 1343
3352 1330
3353 1330
3354 1331
3355 1343
3356 1330
3357 1330
3358 1330
3359 1356
3360 1330
3361 1330
3362 1330
3363 1342
3364 1330
3365 1330
3366 1331
3367 1343
3368 1330
3369 1331
3370 1330
3371 1356
3372 1330
3373 1330
3374 1331
3375 1355
3376 1330
3377 1330
3378 1330
3379 1343
3380 1330
3381 1331
3382 1330
3383 1355
3384 1330
3385 1330
3386 1331
3387 1343
3388 1330
3389 1330
3390 1330
3391 1343
3392 1330
3393 1330
3394 1330
3395 1343
3396 1331
3397 1330
3398 1587
3399 1552
3400 1553
3401 1552
3402 1567
3403 1553
3404 1552
3405 1552
3406 1584
3407 1552
3408 1552
3409 1553
3410 1567
3411 1552
3412 1552
3413 1552
3414 1567
3415 1552
3416 1553
3417 1552
3418 1567
3419 1552
3420 1553
3421 1552
3422 1622
3423 1647
3424 1648
3425 1648
3426 1604
3427 1552
3428 1552
3429 1552
3430 1567
3431 1552
3432 1552
3433 1552
3434 1604
3435 1552
3436 1553
3437 1552
3438 1584
3439 1552
3440 1551
3441 1553
3442 1621
3443 1647
3444 1648
3445 1647
3446 1623
3447 1551
3448 1552
3449 1552
3450 1567
3451 1552
3452 1552
3453 1553
3454 1566
3455 1552
3456 1551
3457 1552
3458 1567
3459 1552
3460 1552
3461 1552
3462 1567
3463 1552
3464 1553
3465 1553
3466 1622
3467 1647
3468 1647
3469 1648
3470 1662
3471 1647
3472 1647
3473 1647
3474 1605
3475 1551
3476 1552
3477 1551
3478 1567
3479 1552
3480 1551
3481 1552
3482 1575
3483 1552
3484 1552
3485 1552
3486 1567
3487 1551
3488 1553
3489 1552
3490 1622
3491 1647
3492 1648
3493 1648
3494 1623
3495 1552
3496 1551
3497 1552
3498 1567
3499 1551
3500 1553
3501 1552
3502 1567
3503 1552
3504 1552
3505 1552
3506 1566
3507 1552
3508 1551
3509 1552
3510 1566
3511 1552
3512 1552
3513 1552
3514 1567
3515 1552
3516 1552
3517 1552
3518 1567
3519 1551
3520 1553
3521 1551
3522 1566
3523 1552
3524 1553
3525 1552
3526 1567
3527 1552
3528 1552
3529 1553
3530 1566
3531 1552
3532 1553
3533 1552
3534 1621
3535 1646
3536 1647
3537 1647
3538 1662
3539 1647
3540 1647
3541 1647
3542 1623
3543 1552
3544 1553
3545 1552
3546 1584
3547 1551
3548 1552
3549 1552
3550 1622
3551 1646
3552 1647
3553 1648
3554 1661
3555 1647
3556 1646
3557 1648
3558 1605
3559 1552
3560 1552
3561 1551
3562 1567
3563 1551
3564 1552
3565 1553
3566 1567
3567 1552
3568 1552
3569 1552
3570 1567
3571 1552
3572 1552
3573 1553
3574 1622
3575 1647
3576 1648
3577 1647
3578 1623
3579 1551
3580 1552
3581 1553
3582 1566
3583 1552
3584 1551
3585 1552
3586 1566
3587 1552
3588 1551
3589 1552
3590 1566
3591 1552
3592 1553
3593 1552
3594 1567
3595 1551
3596 1553
3597 1551
3598 1566
3599 1552
3600 1551
3601 1553
3602 1567
3603 1552
3604 1552
3605 1552
3606 1567
3607 1551
3608 1553
3609 1552
3610 1567
3611 1552
3612 1552
3613 1552
3614 1567
3615 1552
3616 1551
3617 1552
3618 1567
3619 1552
3620 1551
3621 1552
3622 1566
3623 1552
3624 1553
3625 1551
3626 1567
3627 1551
3628 1553
3629 1551
3630 1622
3631 1647
3632 1647
3633 1647
3634 1605
3635 1552
3636 1553
3637 1552
3638 1622
3639 1646
3640 1648
3641 1646
3642 1605
3643 1552
3644 1552
3645 1553
3646 1567
3647 1552
3648 1551
3649 1553
3650 1583
3651 1552
3652 1552
3653 1553
3654 1567
3655 1551
3656 1553
3657 1552
3658 1567
3659 1551
3660 1553
3661 1553
3662 1707
3663 1647
3664 1647
3665 1648
3666 1661
3667 1648
3668 1648
3669 1647
3670 1606
3671 1552
3672 1553
3673 1553
3674 1620
3675 1647
3676 1647
3677 1647
3678 1662
3679 1647
3680 1648
3681 1647
3682 1606
3683 1552
3684 1552
3685 1553
3686 1622
3687 1647
3688 1647
3689 1648
3690 1623
3691 1552
3692 1552
3693 1553
3694 1567
3695 1551
3696 1552
3697 1552
3698 1622
3699 1646
3700 1648
3701 1652
3702 1606
3703 1552
3704 1551
3705 1552
3706 1567
3707 1552
3708 1562
3709 1553
3710 1622
3711 1646
3712 1648
3713 1647
3714 659
3715 659
3716 659
3717 659
3718 658
3719 658
3720 658
3721 658
3722 659
3723 658
3724 659
3725 658
3726 658
3727 658
3728 659
3729 658
3730 658
3731 658
3732 658
3733 658
3734 658
3735 658
3736 658
3737 658
3738 658
3739 658
3740 659
3741 658
3742 658
3743 658
3744 658
3745 658
3746 659
3747 658
3748 659
3749 719
3750 620
3751 620
3752 621
3753 620
3754 620
3755 620
3756 621
3757 620
3758 620
3759 620
3760 621
3761 620
3762 620
3763 620
3764 620
3765 620
3766 620
3767 620
3768 621
3769 620
3770 620
3771 620
3772 621
3773 694
3774 620
3775 620
3776 621
3777 621
3778 620
3779 620
3780 621
3781 620
3782 620
3783 620
3784 621
3785 620
3786 620
3787 620
3788 620
3789 620
3790 621
3791 620
3792 621
3793 620
3794 620
3795 620
3796 620
3797 620
3798 620
3799 620
3800 621
3801 620
3802 620
3803 620
3804 620
3805 620
3806 620
3807 620
3808 621
3809 620
3810 620
3811 620
3812 620
3813 620
3814 620
3815 620
3816 621
3817 620
3818 620
3819 620
3820 621
3821 620
3822 620
3823 620
3824 620
3825 620
3826 620
3827 621
3828 621
3829 620
3830 620
3831 620
3832 620
3833 620
3834 620
3835 620
3836 621
3837 620
3838 620
3839 620
3840 621
3841 620
3842 620
3843 620
3844 621
3845 620
3846 621
3847 620
3848 621
3849 620
3850 620
3851 620
3852 620
3853 620
3854 620
3855 620
3856 621
3857 620
3858 620
3859 620
3860 620
3861 620
3862 620
3863 620
3864 621
3865 620
3866 620
3867 620
3868 621
3869 620
3870 620
3871 620
3872 621
3873 620
3874 620
3875 620
3876 621
3877 620
3878 620
3879 620
3880 620
3881 620
3882 620
3883 620
3884 621
3885 620
3886 620
3887 620
3888 621
3889 620
3890 620
3891 620
3892 621
3893 620
3894 620
3895 620
3896 621
3897 620
3898 620
3899 620
3900 621
3901 620
3902 620
3903 620
3904 621
3905 620
3906 620
3907 620
3908 621
3909 620
3910 620
3911 620
3912 620
3913 620
3914 620
3915 620
3916 620
3917 620
3918 620
3919 620
3920 621
3921 620
3922 621
3923 620
3924 620
3925 620
3926 620
3927 620
3928 620
3929 620
3930 620
3931 620
3932 620
3933 620
3934 620
3935 620
3936 621
3937 620
3938 620
3939 620
3940 620
3941 620
3942 620
3943 620
3944 621
3945 620
3946 620
3947 620
3948 620
3949 620
3950 620
3951 620
3952 621
3953 620
3954 620
3955 620
3956 620
3957 620
3958 620
3959 620
3960 621
3961 620
3962 620
3963 620
3964 620
3965 620
3966 620
3967 620
3968 621
3969 621
3970 620
3971 620
3972 620
3973 620
3974 621
3975 620
3976 621
3977 620
3978 620
3979 620
3980 621
3981 620
3982 621
3983 620
3984 621
3985 620
3986 621
3987 621
3988 621
3989 620
3990 620
3991 620
3992 621
3993 620
3994 620
3995 620
3996 621
3997 620
3998 620
3999 620
4000 620
4001 620
4002 620
4003 620
4004 621
4005 620
4006 620
4007 620
4008 621
4009 620
4010 621
4011 620
4012 621
4013 621
4014 620
4015 620
4016 621
4017 620
4018 620
4019 620
4020 621
4021 620
4022 620
4023 621
4024 620
4025 620
4026 620
4027 620
4028 621
4029 621
4030 620
4031 621
4032 621
4033 620
4034 620
4035 621
4036 620
4037 620
4038 621
4039 621
4040 620
4041 620
4042 620
4043 621
4044 621
4045 620
4046 620
4047 621
4048 620
4049 620
4050 620
4051 621
4052 620
4053 620
4054 620
4055 621
4056 620
4057 620
4058 620
4059 621
4060 620
4061 620
4062 620
4063 621
4064 620
4065 620
4066 620
4067 621
4068 620
4069 620
4070 621
4071 621
4072 620
4073 620
4074 620
4075 620
4076 620
4077 620
4078 620
4079 620
4080 620
4081 620
4082 620
4083 620
4084 620
4085 620
4086 620
4087 621
4088 621
4089 620
4090 620
4091 621
4092 620
4093 620
4094 620
4095 621
4096 620
4097 620
4098 620
4099 621
4100 620
4101 620
4102 620
4103 621
4104 620
4105 620
4106 620
4107 621
4108 620
4109 620
4110 620
4111 621
4112 620
4113 620
4114 620
4115 621
4116 620
4117 620
4118 620
4119 621
4120 620
4121 620
4122 620
4123 621
4124 620
4125 620
4126 620
4127 620
4128 620
4129 620
4130 620
4131 621
4132 620
4133 620
4134 620
4135 620
4136 620
4137 620
4138 620
4139 621
4140 620
4141 620
4142 620
4143 620
4144 620
4145 620
4146 620
4147 621
4148 620
4149 620
4150 620
4151 621
4152 620
4153 620
4154 620
4155 621
4156 620
4157 620
4158 620
4159 620
4160 620
4161 620
4162 620
4163 621
4164 620
4165 689
4166 620
4167 620
4168 620
4169 620
4170 620
4171 621
4172 620
4173 620
4174 620
4175 621
4176 620
4177 620
4178 620
4179 621
4180 620
4181 620
4182 620
4183 621
4184 620
4185 620
4186 620
4187 620
4188 621
4189 620
4190 620
4191 621
4192 620
4193 620
4194 620
4195 621
4196 621
4197 620
4198 620
4199 620
4200 620
4201 620
4202 621
4203 621
4204 620
4205 620
4206 620
4207 621
4208 620
4209 620
4210 620
4211 621
4212 620
4213 620
4214 620
4215 621
4216 620
4217 620
4218 620
4219 621
4220 620
4221 620
4222 620
4223 621
4224 620
4225 620
4226 620
4227 621
4228 620
4229 620
4230 620
4231 621
4232 620
4233 620
4234 621
4235 621
4236 620
4237 620
4238 620
4239 620
4240 620
4241 620
4242 620
4243 621
4244 620
4245 620
4246 620
4247 620
4248 620
4249 625
4250 620
4251 621
4252 620
4253 621
4254 620
4255 620
4256 620
4257 620
4258 620
4259 621
4260 620
4261 620
4262 620
4263 620
4264 620
4265 620
4266 620
4267 621
4268 620
4269 620
4270 620
4271 620
4272 620
4273 620
4274 620
4275 621
4276 620
4277 620
4278 620
4279 620
4280 620
4281 620
4282 620
4283 621
4284 620
4285 620
4286 620
4287 620
4288 620
4289 620
4290 620
4291 621
4292 620
4293 620
4294 620
4295 620
4296 620
4297 620
4298 621
4299 621
4300 620
4301 621
4302 620
4303 620
4304 620
4305 620
4306 620
4307 621
4308 620
4309 620
4310 620
4311 621
4312 620
4313 620
4314 620
4315 621
4316 620
4317 620
4318 620
4319 621
4320 620
4321 620
4322 620
4323 620
4324 620
4325 620
4326 620
4327 621
4328 620
4329 620
4330 620
4331 621
4332 620
4333 620
4334 620
4335 621
4336 620
4337 620
4338 620
4339 621
4340 620
4341 620
4342 620
4343 621
4344 620
4345 620
4346 620
4347 1588
4348 1553
4349 1552
4350 1553
4351 1585
4352 1552
4353 1553
4354 1552
4355 1568
4356 1551
4357 1553
4358 1552
4359 1568
4360 1552
4361 1552
4362 1553
4363 1569
4364 1552
4365 1552
4366 1554
4367 1569
4368 1552
4369 1553
4370 1552
4371 1569
4372 1551
4373 1553
4374 1552
4375 1585
4376 1554
4377 1553
4378 1553
4379 1568
4380 1552
4381 1551
4382 1553
4383 1579
4384 1552
4385 1552
4386 1552
4387 1569
4388 1551
4389 1553
4390 1552
4391 1569
4392 1551
4393 1553
4394 1552
4395 1622
4396 1647
4397 1646
4398 1563
4399 1623
4400 1646
4401 1648
4402 1647
4403 1663
4404 1647
4405 1646
4406 1648
4407 1625
4408 1552
4409 1551
4410 1552
4411 1569
4412 1551
4413 1553
4414 1725
4415 1568
4416 1551
4417 1553
4418 1551
4419 1623
4420 1647
4421 1646
4422 1648
4423 1664
4424 1647
4425 1648
4426 1647
4427 1607
4428 1551
4429 1553
4430 1553
4431 1668
4432 1552
4433 1552
4434 1553
4435 1624
4436 1647
4437 1646
4438 1648
4439 1607
4440 1551
4441 1553
4442 1552
4443 1623
4444 1646
4445 1648
4446 1647
4447 1733
4448 1553
4449 1551
4450 1553
4451 1622
4452 1647
4453 1648
4454 1648
4455 1607
4456 1552
4457 1553
4458 1552
4459 1569
4460 1552
4461 1553
4462 1553
4463 1569
4464 1552
4465 1552
4466 1553
4467 1569
4468 1552
4469 1553
4470 1552
4471 1568
4472 1551
4473 1553
4474 1551
4475 1568
4476 1552
4477 1551
4478 1553
4479 1568
4480 1552
4481 1551
4482 1553
4483 1569
4484 1552
4485 1553
4486 1552
4487 1569
4488 1551
4489 1553
4490 1553
4491 1625
4492 1647
4493 1646
4494 1648
4495 1625
4496 1552
4497 1551
4498 1553
4499 1623
4500 1646
4501 1648
4502 1648
4503 1608
4504 1552
4505 1552
4506 1553
4507 1622
4508 1647
4509 1648
4510 1648
4511 1607
4512 1552
4513 1553
4514 1552
4515 1586
4516 1552
4517 1553
4518 1551
4519 1586
4520 1552
4521 1553
4522 1553
4523 1624
4524 1647
4525 1658
4526 1648
4527 1624
4528 1737
4529 1552
4530 1552
4531 1569
4532 1551
4533 1553
4534 1553
4535 1569
4536 1552
4537 1552
4538 1552
4539 1570
4540 1553
4541 1553
4542 1552
4543 1569
4544 1551
4545 1553
4546 1553
4547 1623
4548 1647
4549 1648
4550 1648
4551 1625
4552 1552
4553 1726
4554 1553
4555 1569
4556 1553
4557 1725
4558 1552
4559 1569
4560 1552
4561 1725
4562 1553
4563 1569
4564 1552
4565 1553
4566 1553
4567 1569
4568 1552
4569 1552
4570 1553
4571 1569
4572 1551
4573 1553
4574 1552
4575 1631
4576 1646
4577 1648
4578 1647
4579 1625
4580 1553
4581 1553
4582 1553
4583 1569
4584 1552
4585 1553
4586 1552
4587 1623
4588 1647
4589 1648
4590 1647
4591 1607
4592 1552
4593 1552
4594 1553
4595 1569
4596 1552
4597 1551
4598 1553
4599 1568
4600 1552
4601 1553
4602 1552
4603 1586
4604 1551
4605 1553
4606 1551
4607 1569
4608 1552
4609 1553
4610 1553
4611 1569
4612 1552
4613 1551
4614 1553
4615 1569
4616 1552
4617 1553
4618 1553
4619 1624
4620 1646
4621 1648
4622 1648
4623 1664
4624 1647
4625 1646
4626 1648
4627 1607
4628 1551
4629 1553
4630 1552
4631 1586
4632 1551
4633 1553
4634 1553
4635 1569
4636 1552
4637 1551
4638 1553
4639 1569
4640 1552
4641 1552
4642 1553
4643 1569
4644 1551
4645 1553
4646 1725
4647 1569
4648 1551
4649 1553
4650 1553
4651 1569
4652 1553
4653 1553
4654 1553
4655 1569
4656 1552
4657 1551
4658 1553
4659 1569
4660 1552
4661 1554
4662 1552
4663 1558
4664 1554
4665 1553
4666 1569
4667 1552
4668 1553
4669 1552
4670 1622
4671 1649
4672 1648
4673 1648
4674 1606
4675 1552
4676 1553
4677 1552
4678 1567
4679 1552
4680 1552
4681 1553
4682 1567
4683 1552
4684 1553
4685 1552
4686 1621
4687 1647
4688 1648
4689 1647
4690 1662
4691 1647
4692 1647
4693 1648
4694 1623
4695 1552
4696 1553
4697 1552
4698 1567
4699 1552
4700 1553
4701 1552
4702 1567
4703 1552
4704 1553
4705 1553
4706 1622
4707 1647
4708 1647
4709 1648
4710 1623
4711 1552
4712 1553
4713 1553
4714 1621
4715 1647
4716 1648
4717 1647
4718 1623
4719 1552
4720 1552
4721 1553
4722 1567
4723 1552
4724 1553
4725 1552
4726 1567
4727 1552
4728 1552
4729 1552
4730 1622
4731 1647
4732 1647
4733 1647
4734 1662
4735 1647
4736 1647
4737 1648
4738 1683
4739 1646
4740 1648
4741 1647
4742 1623
4743 1552
4744 1553
4745 1552
4746 1570
4747 1553
4748 1553
4749 1553
4750 1622
4751 1647
4752 1648
4753 1647
4754 1605
4755 1552
4756 1553
4757 1553
4758 1567
4759 1552
4760 1553
4761 1553
4762 1567
4763 1552
4764 1552
4765 1553
4766 1568
4767 1552
4768 1553
4769 1552
4770 1567
4771 1552
4772 1552
4773 1552
4774 1567
4775 1552
4776 1552
4777 1553
4778 1566
4779 1552
4780 1552
4781 1554
4782 1568
4783 1552
4784 1553
4785 1552
4786 1567
4787 1552
4788 1552
4789 1552
4790 1566
4791 1552
4792 1552
4793 1552
4794 1567
4795 1552
4796 1552
4797 1552
4798 1566
4799 1552
4800 1552
4801 1552
4802 1567
4803 1552
4804 1552
4805 1552
4806 1567
4807 1552
4808 1552
4809 1553
4810 1567
4811 1552
4812 1553
4813 1552
4814 1567
4815 1551
4816 1552
4817 1552
4818 1567
4819 1552
4820 1553
4821 1552
4822 1567
4823 1552
4824 1553
4825 1552
4826 1567
4827 1552
4828 1552
4829 1552
4830 1584
4831 1738
4832 1647
4833 1647
4834 1623
4835 1552
4836 1552
4837 1552
4838 1569
4839 1552
4840 1552
4841 1552
4842 1567
4843 1551
4844 1552
4845 1552
4846 1567
4847 1552
4848 1552
4849 1553
4850 1567
4851 1552
4852 1552
4853 1552
4854 1567
4855 1552
4856 1552
4857 1552
4858 1567
4859 1552
4860 1553
4861 1552
4862 1567
4863 1551
4864 1553
4865 1553
4866 1622
4867 1647
4868 1647
4869 1647
4870 1605
4871 1552
4872 1553
4873 1552
4874 1621
4875 1647
4876 1648
4877 1647
4878 1623
4879 1553
4880 1552
4881 1552
4882 1567
4883 1552
4884 1552
4885 1552
4886 1567
4887 1552
4888 1552
4889 1553
4890 1567
4891 1551
4892 1553
4893 1553
4894 1622
4895 1647
4896 1648
4897 1648
4898 1605
4899 1552
4900 1553
4901 1552
4902 1567
4903 1552
4904 1552
4905 1552
4906 1567
4907 1552
4908 1552
4909 1554
4910 1567
4911 1552
4912 1552
4913 1552
4914 1621
4915 1647
4916 1647
4917 1647
4918 1623
4919 1552
4920 1552
4921 1552
4922 1567
4923 1552
4924 1552
4925 1552
4926 1621
4927 1647
4928 1648
4929 1647
4930 1662
4931 1647
4932 1647
4933 1648
4934 1662
4935 1646
4936 1647
4937 1647
4938 1605
4939 1552
4940 1553
4941 1552
4942 1585
4943 1552
4944 1552
4945 1553
4946 1584
4947 1552
4948 1552
4949 1552
4950 1567
4951 1552
4952 1553
4953 1552
4954 1633
4955 1552
4956 1553
4957 1553
4958 1567
4959 1552
4960 1553
4961 1553
4962 1567
4963 1552
4964 1553
4965 1552
4966 1567
4967 1552
4968 1552
4969 1552
4970 1567
4971 1552
4972 1552
4973 1553
4974 1585
4975 1552
4976 1553
4977 1553
4978 1567
4979 1551
4980 621
4981 620
4982 620
4983 620
4984 620
4985 620
4986 620
4987 620
4988 621
4989 620
4990 620
4991 620
4992 621
4993 620
4994 620
4995 620
4996 621
4997 620
4998 621
4999 620
5000 620
5001 620
5002 620
5003 620
5004 621
5005 620
5006 620
5007 620
5008 620
5009 620
5010 620
5011 621
5012 621
5013 620
5014 620
5015 620
5016 620
5017 620
5018 620
5019 620
5020 621
5021 620
5022 620
5023 621
5024 621
5025 620
5026 620
5027 620
5028 621
5029 620
5030 620
5031 621
5032 621
5033 621
5034 621
5035 620
5036 621
5037 620
5038 620
5039 620
5040 621
5041 620
5042 620
5043 620
5044 620
5045 620
5046 620
5047 620
5048 621
5049 621
5050 621
5051 620
5052 620
5053 620
5054 689
5055 620
5056 620
5057 620
5058 620
5059 620
5060 621
5061 621
5062 621
5063 621
5064 621
5065 620
5066 620
5067 620
5068 620
5069 620
5070 620
5071 620
5072 620
5073 620
5074 621
5075 621
5076 621
5077 620
5078 620
5079 620
5080 621
5081 620
5082 620
5083 620
5084 621
5085 620
5086 620
5087 620
5088 621
5089 620
5090 620
5091 620
5092 621
5093 620
5094 620
5095 620
5096 621
5097 620
5098 620
5099 620
5100 621
5101 620
5102 689
5103 620
5104 620
5105 620
5106 621
5107 620
5108 621
5109 694
5110 620
5111 620
5112 620
5113 620
5114 621
5115 620
5116 621
5117 620
5118 620
5119 620
5120 621
5121 620
5122 620
5123 620
5124 621
5125 694
5126 620
5127 620
5128 621
5129 620
5130 620
5131 620
5132 621
5133 620
5134 620
5135 620
5136 621
5137 620
5138 621
5139 620
5140 621
5141 620
5142 620
5143 620
5144 690
5145 620
5146 620
5147 620
5148 621
5149 620
5150 621
5151 620
5152 621
5153 620
5154 621
5155 620
5156 621
5157 620
5158 621
5159 620
5160 620
5161 620
5162 620
5163 620
5164 621
5165 620
5166 620
5167 620
5168 620
5169 620
5170 620
5171 620
5172 621
5173 620
5174 621
5175 620
5176 690
5177 620
5178 620
5179 620
5180 689
5181 620
5182 620
5183 620
5184 620
5185 620
5186 620
5187 620
5188 621
5189 620
5190 620
5191 620
5192 620
5193 620
5194 620
5195 620
5196 621
5197 620
5198 620
5199 620
5200 620
5201 620
5202 621
5203 620
5204 621
5205 620
5206 620
5207 621
5208 621
5209 620
5210 620
5211 620
5212 621
5213 620
5214 620
5215 620
5216 620
5217 620
5218 620
5219 621
5220 621
5221 620
5222 620
5223 620
5224 620
5225 620
5226 620
5227 620
5228 621
5229 620
5230 620
5231 620
5232 621
5233 620
5234 620
5235 620
5236 621
5237 620
5238 620
5239 620
5240 621
5241 620
5242 620
5243 620
5244 621
5245 620
5246 620
5247 620
5248 621
5249 621
5250 621
5251 621
5252 621
5253 620
5254 620
5255 620
5256 620
5257 620
5258 620
5259 620
5260 621
5261 620
5262 620
5263 620
5264 626
5265 620
5266 620
5267 620
5268 621
5269 620
5270 620
5271 620
5272 621
5273 620
5274 620
5275 620
5276 621
5277 620
5278 620
5279 620
5280 621
5281 620
5282 620
5283 621
5284 621
5285 620
5286 620
5287 620
5288 620
5289 620
5290 620
5291 620
5292 621
5293 620
5294 620
5295 620
5296 620
5297 621
5298 620
5299 621
5300 695
5301 620
5302 620
5303 621
5304 620
5305 621
5306 621
5307 621
5308 620
5309 620
5310 620
5311 620
5312 620
5313 620
5314 620
5315 621
5316 620
5317 620
5318 620
5319 620
5320 620
5321 620
5322 620
5323 620
5324 620
5325 620
5326 621
5327 621
5328 694
5329 620
5330 620
5331 620
5332 620
5333 619
5334 621
5335 621
5336 694
5337 620
5338 620
5339 621
5340 620
5341 620
5342 621
5343 621
5344 621
5345 620
5346 620
5347 621
5348 620
5349 620
5350 620
5351 621
5352 620
5353 621
5354 620
5355 621
5356 694
5357 620
5358 620
5359 621
5360 620
5361 620
5362 620
5363 621
5364 620
5365 620
5366 620
5367 620
5368 620
5369 620
5370 620
5371 621
5372 620
5373 620
5374 620
5375 621
5376 620
5377 620
5378 620
5379 621
5380 620
5381 620
5382 620
5383 621
5384 620
5385 620
5386 620
5387 620
5388 620
5389 620
5390 620
5391 621
5392 620
5393 620
5394 620
5395 621
5396 620
5397 620
5398 626
5399 621
5400 620
5401 620
5402 620
5403 621
5404 620
5405 620
5406 620
5407 621
5408 621
5409 620
5410 620
5411 621
5412 620
5413 620
5414 620
5415 620
5416 620
5417 620
5418 620
5419 621
5420 620
5421 620
5422 620
5423 656
5424 658
5425 718
5426 658
5427 659
5428 658
5429 658
5430 658
5431 719
5432 658
5433 659
5434 658
5435 659
5436 658
5437 658
5438 658
5439 658
5440 658
5441 658
5442 658
5443 659
5444 658
5445 658
5446 658
5447 659
5448 658
5449 658
5450 658
5451 658
5452 658
5453 658
5454 658
5455 659
5456 658
5457 658
5458 658
5459 659
5460 658
5461 658
5462 659
5463 658
5464 658
5465 659
5466 658
5467 659
5468 658
5469 658
5470 658
5471 659
5472 658
5473 658
5474 658
5475 659
5476 658
5477 658
5478 658
5479 659
5480 658
5481 658
5482 658
5483 658
5484 719
5485 620
5486 621
5487 621
5488 621
5489 620
5490 620
5491 620
5492 620
5493 689
5494 621
5495 621
5496 620
5497 620
5498 620
5499 620
5500 620
5501 620
5502 620
5503 621
5504 620
5505 620
5506 620
5507 620
5508 620
5509 620
5510 620
5511 621
5512 620
5513 620
5514 620
5515 620
5516 620
5517 620
5518 620
5519 621
5520 620
5521 620
5522 620
5523 620
5524 620
5525 620
5526 620
5527 621
5528 620
5529 620
5530 620
5531 621
5532 620
5533 620
5534 620
5535 621
5536 620
5537 621
5538 620
5539 621
5540 620
5541 620
5542 620
5543 620
5544 620
5545 620
5546 620
5547 621
5548 620
5549 620
5550 620
5551 620
5552 620
5553 621
5554 620
5555 621
5556 695
5557 620
5558 620
5559 621
5560 620
5561 620
5562 620
5563 621
5564 620
5565 620
5566 620
5567 620
5568 620
5569 620
5570 620
5571 621
5572 620
5573 620
5574 620
5575 620
5576 694
5577 620
5578 620
5579 621
5580 695
5581 620
5582 620
5583 621
5584 620
5585 620
5586 620
5587 621
5588 694
5589 620
5590 620
5591 621
5592 620
5593 621
5594 621
5595 621
5596 620
5597 620
5598 620
5599 621
5600 620
5601 621
5602 620
5603 620
5604 620
5605 620
5606 621
5607 621
5608 620
5609 620
5610 620
5611 620
5612 1555
5613 1552
5614 1567
5615 1551
5616 1553
5617 1552
5618 1567
5619 1552
5620 1552
5621 1552
5622 1567
5623 1552
5624 1552
5625 1552
5626 1567
5627 1552
5628 1552
5629 1553
5630 1622
5631 1646
5632 1647
5633 1647
5634 1623
5635 1552
5636 1552
5637 1552
5638 1567
5639 1552
5640 1553
5641 1552
5642 1567
5643 1552
5644 1552
5645 1553
5646 1621
5647 1647
5648 1647
5649 1647
5650 1662
5651 1647
5652 1647
5653 1647
5654 1623
5655 1552
5656 1553
5657 1553
5658 1622
5659 1797
5660 1552
5661 1552
5662 1567
5663 1552
5664 1553
5665 1553
5666 1567
5667 1552
5668 1552
5669 1552
5670 1567
5671 1553
5672 1552
5673 1552
5674 1584
5675 1552
5676 1552
5677 1552
5678 1567
5679 1552
5680 1552
5681 1552
5682 1568
5683 1552
5684 1553
5685 1552
5686 1567
5687 1551
5688 1553
5689 1553
5690 1567
5691 1552
5692 1552
5693 1553
5694 1567
5695 1552
5696 1552
5697 1554
5698 1567
5699 1552
5700 1553
5701 1553
5702 1567
5703 1551
5704 1552
5705 1553
5706 1584
5707 1552
5708 1553
5709 1552
5710 1567
5711 1552
5712 1552
5713 1553
5714 1621
5715 1647
5716 1648
5717 1648
5718 1623
5719 1552
5720 1552
5721 1552
5722 1585
5723 1552
5724 1553
5725 1553
5726 1567
5727 1552
5728 1553
5729 1553
5730 1621
5731 1647
5732 1647
5733 1647
5734 1662
5735 1648
5736 1647
5737 1647
5738 1662
5739 1647
5740 1647
5741 1648
5742 1605
5743 1552
5744 1552
5745 1553
5746 1567
5747 1551
5748 1553
5749 1552
5750 1567
5751 1552
5752 1552
5753 1553
5754 1568
5755 1552
5756 1553
5757 1553
5758 1567
5759 1552
5760 1552
5761 1552
5762 1567
5763 1552
5764 1553
5765 1553
5766 1567
5767 1552
5768 1552
5769 1552
5770 1567
5771 1552
5772 1552
5773 1553
5774 1567
5775 1552
5776 1553
5777 1553
5778 1567
5779 1551
5780 1552
5781 1552
5782 1574
5783 1552
5784 1553
5785 1553
5786 1567
5787 1552
5788 1553
5789 1553
5790 1567
5791 1552
5792 1552
5793 1553
5794 1568
5795 1552
5796 1553
5797 1553
5798 1567
5799 1552
5800 1552
5801 1553
5802 1567
5803 1552
5804 1552
5805 1552
5806 1622
5807 1647
5808 1647
5809 1647
5810 1623
5811 1552
5812 1553
5813 1552
5814 1567
5815 1552
5816 1552
5817 1552
5818 1567
5819 1552
5820 1553
5821 1553
5822 1567
5823 1552
5824 1552
5825 1553
5826 1567
5827 1551
5828 1552
5829 1552
5830 1566
5831 1552
5832 1552
5833 1553
5834 1567
5835 1552
5836 1553
5837 1552
5838 1567
5839 1552
5840 1552
5841 1553
5842 1567
5843 1552
5844 1552
5845 1552
5846 1567
5847 1551
5848 1552
5849 1552
5850 1621
5851 1646
5852 1647
5853 1648
5854 1662
5855 1647
5856 1647
5857 1648
5858 1605
5859 1551
5860 1552
5861 1553
5862 1567
5863 1552
5864 1552
5865 1552
5866 1567
5867 1552
5868 1553
5869 1553
5870 1567
5871 1552
5872 1552
5873 1553
5874 1567
5875 1552
5876 1552
5877 1552
5878 1567
5879 1552
5880 1553
5881 1552
5882 1622
5883 1647
5884 1647
5885 1648
5886 1663
5887 1647
5888 1648
5889 1648
5890 1662
5891 1647
5892 1648
5893 1647
5894 1623
5895 1552
5896 1552
5897 1553
5898 1567
5899 1552
5900 1552
5901 1553
5902 1567
5903 1552
5904 1552
5905 1552
5906 1567
5907 1552
5908 1552
5909 1553
5910 1567
5911 1552
5912 1552
5913 1552
5914 1568
5915 1552
5916 1552
5917 1553
5918 1567
5919 1552
5920 1552
5921 1553
5922 1567
5923 1552
5924 1553
5925 1552
5926 1567
5927 1552
5928 1554
5929 1627
5930 1647
5931 1647
5932 1647
5933 1662
5934 1647
5935 1647
5936 1648
5937 1662
5938 1647
5939 1647
5940 1647
5941 1605
5942 1552
5943 1552
5944 1552
5945 1566
5946 1551
5947 1552
5948 1552
5949 1567
5950 1552
5951 1552
5952 1552
5953 1567
5954 1552
5955 1552
5956 1552
5957 1566
5958 1552
5959 1552
5960 1552
5961 1567
5962 1552
5963 1553
5964 1552
5965 1567
5966 1552
5967 1552
5968 1552
5969 1567
5970 1552
5971 1552
5972 1552
5973 1567
5974 1551
5975 1552
5976 1552
5977 1622
5978 1647
5979 1647
5980 1648
5981 1623
5982 1552
5983 1552
5984 1552
5985 1567
5986 1552
5987 1552
5988 1552
5989 1567
5990 1552
5991 1553
5992 1552
5993 1567
5994 1552
5995 1553
5996 1554
5997 1567
5998 1552
5999 1552
6000 1552
6001 1567
6002 1552
6003 1552
6004 1552
6005 1565
6006 1552
6007 1552
6008 1552
6009 1567
6010 1552
6011 1553
6012 1553
6013 1567
6014 1552
6015 1552
6016 1552
6017 1567
6018 1552
6019 1553
6020 1553
6021 1567
6022 1552
6023 1552
6024 1552
6025 1622
6026 1647
6027 1647
6028 1647
6029 1735
6030 1552
6031 1553
6032 1553
6033 1567
6034 1552
6035 1553
6036 1552
6037 1567
6038 1552
6039 1553
6040 1552
6041 1567
6042 1552
6043 1552
6044 1553
6045 1567
6046 1552
6047 1553
6048 1553
6049 1567
6050 1552
6051 1552
6052 1552
6053 1567
6054 1552
6055 1552
6056 1552
6057 1567
6058 1552
6059 1552
6060 1552
6061 1622
6062 1647
6063 1647
6064 1647
6065 1663
6066 1647
6067 1661
6068 1648
6069 1662
6070 1647
6071 1647
6072 1647
6073 1623
6074 1552
6075 1553
6076 1552
6077 1567
6078 1552
6079 1552
6080 1552
6081 1621
6082 1647
6083 1647
6084 1647
6085 1623
6086 1552
6087 1552
6088 1552
6089 1567
6090 1552
6091 1553
6092 1552
6093 1567
6094 1552
6095 1553
6096 1552
6097 1622
6098 1647
6099 1647
6100 1647
6101 1604
6102 1552
6103 1552
6104 1552
6105 1567
6106 1551
6107 1552
6108 1552
6109 1567
6110 1552
6111 1552
6112 1552
6113 1567
6114 1552
6115 1552
6116 1553
6117 1585
6118 1552
6119 1552
6120 1552
6121 1584
6122 1552
6123 1552
6124 1553
6125 1584
6126 1552
6127 1552
6128 1552
6129 1621
6130 1647
6131 1647
6132 1647
6133 1623
6134 1552
6135 1553
6136 1552
6137 1567
6138 1552
6139 1553
6140 1553
6141 1567
6142 1552
6143 1552
6144 1552
6145 1567
6146 1552
6147 1552
6148 1552
6149 1622
6150 1647
6151 1647
6152 1647
6153 1663
6154 1647
6155 1647
6156 1647
6157 1606
6158 1552
6159 1552
6160 1552
6161 1567
6162 1552
6163 1553
6164 1553
6165 1585
6166 1552
6167 1553
6168 1552
6169 1621
6170 1647
6171 1647
6172 1647
6173 1661
6174 1647
6175 1647
6176 1648
6177 1662
6178 1647
6179 1647
6180 1647
6181 1662
6182 1647
6183 1647
6184 1647
6185 1606
6186 1552
6187 1553
6188 1552
6189 1567
6190 1552
6191 1553
6192 1552
6193 1567
6194 1552
6195 1553
6196 1552
6197 1567
6198 1552
6199 1553
6200 1552
6201 1622
6202 1647
6203 1646
6204 1648
6205 1623
6206 1552
6207 1552
6208 1552
6209 1591
6210 1552
6211 1552
6212 1553
6213 1567
6214 1552
6215 1553
6216 1552
6217 1567
6218 1552
6219 1552
6220 1552
6221 1566
6222 1552
6223 1552
6224 1553
6225 1567
6226 1552
6227 1553
6228 1552
6229 1622
6230 1647
6231 1647
6232 1647
6233 1662
6234 1647
6235 1648
6236 1647
6237 1662
6238 1797
6239 1552
6240 1552
6241 1567
6242 1552
6243 1553
6244 659
6245 659
6246 658
6247 659
6248 658
6249 659
6250 659
6251 659
6252 658
6253 658
6254 658
6255 659
6256 658
6257 658
6258 658
6259 659
6260 658
6261 658
6262 658
6263 658
6264 658
6265 659
6266 658
6267 659
6268 658
6269 658
6270 658
6271 659
6272 658
6273 658
6274 658
6275 659
6276 658
6277 658
6278 658
6279 659
6280 658
6281 658
6282 659
6283 658
6284 658
6285 658
6286 658
6287 659
6288 658
6289 658
6290 658
6291 659
6292 658
6293 658
6294 658
6295 658
6296 658
6297 658
6298 659
6299 659
6300 658
6301 659
6302 658
6303 659
6304 658
6305 658
6306 658
6307 658
6308 658
6309 658
6310 658
6311 659
6312 658
6313 658
6314 658
6315 659
6316 658
6317 659
6318 658
6319 659
6320 658
6321 658
6322 659
6323 659
6324 658
6325 658
6326 658
6327 659
6328 658
6329 658
6330 658
6331 659
6332 659
6333 658
6334 658
6335 659
6336 658
6337 658
6338 658
6339 659
6340 658
6341 658
6342 658
6343 658
6344 658
6345 658
6346 658
6347 659
6348 658
6349 658
6350 658
6351 659
6352 658
6353 659
6354 658
6355 659
6356 658
6357 658
6358 658
6359 659
6360 658
6361 658
6362 658
6363 659
6364 658
6365 658
6366 658
6367 658
6368 658
6369 658
6370 658
6371 659
6372 658
6373 658
6374 658
6375 659
6376 658
6377 658
6378 659
6379 658
6380 658
6381 658
6382 659
6383 659
6384 659
6385 658
6386 658
6387 659
6388 658
6389 658
6390 658
6391 659
6392 658
6393 658
6394 658
6395 659
6396 658
6397 658
6398 658
6399 658
6400 658
6401 658
6402 658
6403 659
6404 658
6405 658
6406 658
6407 659
6408 659
6409 659
6410 658
6411 659
6412 658
6413 658
6414 658
6415 659
6416 658
6417 658
6418 658
6419 659
6420 658
6421 658
6422 658
6423 658
6424 658
6425 658
6426 658
6427 659
6428 658
6429 658
6430 658
6431 658
6432 658
6433 719
6434 659
6435 659
6436 658
6437 658
6438 658
6439 659
6440 659
6441 659
6442 659
6443 658
6444 658
6445 658
6446 659
6447 659
6448 658
6449 658
6450 658
6451 659
6452 658
6453 658
6454 658
6455 659
6456 658
6457 658
6458 658
6459 659
6460 658
6461 658
6462 659
6463 659
6464 658
6465 658
6466 658
6467 659
6468 658
6469 658
6470 658
6471 658
6472 658
6473 658
6474 658
6475 659
6476 658
6477 658
6478 658
6479 659
6480 658
6481 658
6482 658
6483 659
6484 658
6485 658
6486 658
6487 659
6488 658
6489 658
6490 658
6491 658
6492 658
6493 658
6494 659
6495 659
6496 658
6497 658
6498 658
6499 658
6500 658
6501 658
6502 658
6503 659
6504 658
6505 658
6506 658
6507 659
6508 658
6509 658
6510 658
6511 659
6512 658
6513 658
6514 658
6515 659
6516 658
6517 658
6518 658
6519 659
6520 658
6521 658
6522 658
6523 659
6524 658
6525 658
6526 658
6527 658
6528 658
6529 659
6530 658
6531 659
6532 658
6533 658
6534 658
6535 659
6536 659
6537 659
6538 659
6539 659
6540 658
6541 658
6542 658
6543 659
6544 658
6545 658
6546 658
6547 659
6548 658
6549 658
6550 658
6551 659
6552 658
6553 658
6554 658
6555 658
6556 658
6557 659
6558 658
6559 659
6560 659
6561 659
6562 659
6563 658
6564 658
6565 658
6566 658
6567 658
6568 658
6569 718
6570 659
6571 658
6572 658
6573 658
6574 658
6575 658
6576 659
6577 658
6578 659
6579 658
6580 658
6581 658
6582 659
6583 659
6584 659
6585 658
6586 658
6587 658
6588 658
6589 658
6590 659
6591 658
6592 658
6593 658
6594 658
6595 658
6596 659
6597 658
6598 659
6599 658
6600 658
6601 658
6602 659
6603 658
6604 718
6605 658
6606 659
6607 658
6608 658
6609 658
6610 659
6611 658
6612 658
6613 658
6614 658
6615 658
6616 658
6617 659
6618 659
6619 658
6620 659
6621 658
6622 659
6623 658
6624 658
6625 658
6626 659
6627 658
6628 718
6629 658
6630 659
6631 658
6632 658
6633 658
6634 659
6635 658
6636 658
6637 658
6638 659
6639 658
6640 659
6641 659
6642 659
6643 658
6644 658
6645 658
6646 659
6647 658
6648 659
6649 658
6650 659
6651 658
6652 658
6653 658
6654 659
6655 658
6656 658
6657 658
6658 658
6659 658
6660 658
6661 659
6662 659
6663 658
6664 658
6665 658
6666 659
6667 658
6668 658
6669 658
6670 659
6671 659
6672 658
6673 658
6674 659
6675 658
6676 658
6677 659
6678 659
6679 658
6680 658
6681 658
6682 659
6683 658
6684 658
6685 658
6686 659
6687 658
6688 658
6689 658
6690 659
6691 658
6692 659
6693 658
6694 658
6695 658
6696 658
6697 659
6698 659
6699 658
6700 718
6701 658
6702 658
6703 658
6704 658
6705 658
6706 659
6707 658
6708 658
6709 658
6710 659
6711 658
6712 658
6713 658
6714 658
6715 719
6716 620
6717 621
6718 621
6719 620
6720 620
6721 620
6722 621
6723 620
6724 620
6725 621
6726 621
6727 620
6728 620
6729 620
6730 621
6731 620
6732 620
6733 620
6734 621
6735 620
6736 620
6737 620
6738 621
6739 620
6740 620
6741 620
6742 621
6743 620
6744 620
6745 620
6746 620
6747 620
6748 621
6749 620
6750 621
6751 620
6752 620
6753 620
6754 620
6755 620
6756 620
6757 620
6758 621
6759 620
6760 620
6761 620
6762 620
6763 620
6764 620
6765 620
6766 621
6767 620
6768 621
6769 620
6770 621
6771 620
6772 689
6773 620
6774 621
6775 620
6776 620
6777 620
6778 620
6779 620
6780 621
6781 620
6782 621
6783 620
6784 620
6785 621
6786 621
6787 620
6788 620
6789 620
6790 621
6791 620
6792 620
6793 620
6794 621
6795 620
6796 620
6797 620
6798 620
6799 620
6800 621
6801 620
6802 621
6803 620
6804 621
6805 620
6806 620
6807 620
6808 620
6809 620
6810 621
6811 620
6812 620
6813 620
6814 621
6815 620
6816 620
6817 620
6818 620
6819 620
6820 620
6821 620
6822 621
6823 620
6824 620
6825 620
6826 620
6827 620
6828 621
6829 620
6830 621
6831 621
6832 620
6833 620
6834 620
6835 620
6836 621
6837 621
6838 621
6839 620
6840 620
6841 620
6842 621
6843 620
6844 620
6845 621
6846 621
6847 620
6848 620
6849 620
6850 620
6851 621
6852 621
6853 620
6854 621
6855 621
6856 620
6857 620
6858 620
6859 620
6860 620
6861 621
6862 621
6863 620
6864 620
6865 620
6866 620
6867 620
6868 620
6869 620
6870 621
6871 620
6872 621
6873 620
6874 621
6875 621
6876 620
6877 621
6878 620
6879 620
6880 620
6881 621
6882 620
6883 621
6884 620
6885 621
6886 621
6887 689
6888 621
6889 621
6890 621
6891 620
6892 620
6893 621
6894 620
6895 620
6896 620
6897 621
6898 620
6899 620
6900 620
6901 621
6902 620
6903 620
6904 620
6905 621
6906 620
6907 620
6908 620
6909 621
6910 620
6911 620
6912 621
6913 621
6914 620
6915 620
6916 620
6917 620
6918 620
6919 620
6920 620
6921 621
6922 620
6923 620
6924 620
6925 621
6926 620
6927 620
6928 620
6929 621
6930 620
6931 621
6932 620
6933 621
6934 620
6935 620
6936 620
6937 621
6938 621
6939 620
6940 621
6941 621
6942 620
6943 620
6944 620
6945 621
6946 620
6947 620
6948 620
6949 621
6950 620
6951 620
6952 620
6953 621
6954 620
6955 620
6956 621
6957 621
6958 620
6959 620
6960 620
6961 621
6962 620
6963 689
6964 620
6965 621
6966 620
6967 620
6968 620
6969 621
6970 620
6971 620
6972 620
6973 621
6974 620
6975 621
6976 620
6977 621
6978 620
6979 621
6980 620
6981 621
6982 620
6983 620
6984 620
6985 621
6986 620
6987 689
6988 621
6989 621
6990 620
6991 621
6992 620
6993 620
6994 620
6995 620
6996 620
6997 621
6998 620
6999 620
7000 620
7001 620
7002 620
7003 621
7004 621
7005 621
7006 620
7007 620
7008 620
7009 620
7010 622
7011 621
7012 620
7013 621
7014 620
7015 620
7016 620
7017 620
7018 620
7019 620
7020 621
7021 621
7022 620
7023 620
7024 620
7025 621
7026 620
7027 620
7028 620
7029 621
7030 620
7031 620
7032 620
7033 621
7034 620
7035 620
7036 620
7037 620
7038 620
7039 620
7040 620
7041 621
7042 620
7043 620
7044 621
7045 621
7046 620
7047 621
7048 620
7049 620
7050 620
7051 620
7052 620
7053 621
7054 620
7055 620
7056 621
7057 621
7058 620
7059 620
7060 620
7061 620
7062 620
7063 620
7064 620
7065 621
7066 620
7067 620
7068 620
7069 621
7070 620
7071 620
7072 620
7073 620
7074 620
7075 620
7076 620
7077 621
7078 620
7079 620
7080 620
7081 620
7082 620
7083 621
7084 621
7085 621
7086 621
7087 620
7088 620
7089 621
7090 620
7091 621
7092 621
7093 621
7094 620
7095 620
7096 620
7097 621
7098 620
7099 621
7100 620
7101 621
7102 620
7103 620
7104 620
7105 620
7106 620
7107 621
7108 620
7109 621
7110 620
7111 620
7112 620
7113 621
7114 620
7115 620
7116 620
7117 621
7118 620
7119 621
7120 620
7121 621
7122 620
7123 620
7124 620
7125 620
7126 620
7127 620
7128 620
7129 621
7130 620
7131 620
7132 620
7133 620
7134 620
7135 620
7136 620
7137 621
7138 620
7139 621
7140 621
7141 621
7142 620
7143 620
7144 621
7145 621
7146 621
7147 621
7148 620
7149 621
7150 620
7151 620
7152 620
7153 620
7154 621
7155 620
7156 621
7157 621
7158 620
7159 620
7160 624
7161 621
7162 621
7163 620
7164 621
7165 621
7166 620
7167 620
7168 620
7169 620
7170 620
7171 620
7172 620
7173 621
7174 620
7175 620
7176 620
7177 621
7178 620
7179 620
7180 621
7181 621
7182 620
7183 621
7184 620
7185 620
7186 620
7187 620
7188 621
7189 621
7190 621
7191 621
7192 620
7193 620
7194 620
7195 620
7196 621
7197 620
7198 620
7199 620
7200 621
7201 694
7202 621
7203 620
7204 621
7205 620
7206 620
7207 620
7208 621
7209 620
7210 620
7211 620
7212 621
7213 620
7214 621
7215 620
7216 621
7217 620
7218 620
7219 621
7220 620
7221 620
7222 621
7223 620
7224 621
7225 620
7226 620
7227 620
7228 620
7229 620
7230 620
7231 620
7232 621
7233 620
7234 620
7235 620
7236 621
7237 620
7238 620
7239 620
7240 621
7241 620
7242 620
7243 620
7244 621
7245 620
7246 620
7247 620
7248 621
7249 621
7250 620
7251 621
7252 621
7253 620
7254 620
7255 620
7256 621
7257 620
7258 620
7259 620
7260 621
7261 620
7262 620
7263 620
7264 621
7265 620
7266 620
7267 620
7268 621
7269 620
7270 620
7271 621
7272 621
7273 620
7274 620
7275 620
7276 620
7277 695
7278 658
7279 658
7280 658
7281 658
7282 658
7283 658
7284 659
7285 658
7286 658
7287 658
7288 659
7289 658
7290 658
7291 658
7292 659
7293 658
7294 659
7295 658
7296 659
7297 658
7298 659
7299 658
7300 659
7301 658
7302 659
7303 658
7304 658
7305 658
7306 658
7307 658
7308 659
7309 658
7310 658
7311 658
7312 659
7313 658
7314 659
7315 658
7316 658
7317 658
7318 658
7319 658
7320 659
7321 658
7322 658
7323 658
7324 659
7325 658
7326 659
7327 659
7328 658
7329 658
7330 658
7331 658
7332 659
7333 658
7334 658
7335 658
7336 659
7337 658
7338 658
7339 659
7340 659
7341 658
7342 658
7343 659
7344 659
7345 659
7346 658
7347 658
7348 658
7349 658
7350 658
7351 658
7352 659
7353 658
7354 658
7355 658
7356 659
7357 658
7358 658
7359 658
7360 659
7361 658
7362 659
7363 659
7364 658
7365 658
7366 658
7367 658
7368 659
7369 658
7370 658
7371 658
7372 659
7373 659
7374 658
7375 658
7376 659
7377 658
7378 658
7379 658
7380 659
7381 658
7382 658
7383 658
7384 659
7385 658
7386 658
7387 659
7388 659
7389 658
7390 658
7391 658
7392 658
7393 658
7394 658
7395 658
7396 659
7397 658
7398 658
7399 658
7400 658
7401 658
7402 658
7403 658
7404 659
7405 659
7406 658
7407 658
7408 659
7409 658
7410 658
7411 658
7412 658
7413 658
7414 662
7415 658
7416 659
7417 658
7418 659
7419 658
7420 658
7421 658
7422 658
7423 659
7424 659
7425 658
7426 658
7427 658
7428 658
7429 658
7430 659
7431 658
7432 659
7433 658
7434 659
7435 658
7436 659
7437 658
7438 658
7439 658
7440 659
7441 658
7442 658
7443 658
7444 659
7445 658
7446 658
7447 658
7448 658
7449 658
7450 659
7451 658
7452 659
7453 658
7454 658
7455 663
7456 659
7457 658
7458 658
7459 659
7460 658
7461 658
7462 658
7463 658
7464 659
7465 658
7466 658
7467 658
7468 658
7469 658
7470 658
7471 658
7472 659
7473 658
7474 658
7475 659
7476 659
7477 659
7478 658
7479 658
7480 658
7481 658
7482 658
7483 659
7484 659
7485 659
7486 658
7487 658
7488 659
7489 658
7490 658
7491 658
7492 659
7493 658
7494 658
7495 658
7496 659
7497 658
7498 658
7499 658
7500 658
7501 658
7502 658
7503 658
7504 659
7505 658
7506 659
7507 658
7508 659
7509 659
7510 659
7511 658
7512 658
7513 659
7514 659
7515 659
7516 658
7517 658
7518 659
7519 659
7520 658
7521 658
7522 658
7523 659
7524 658
7525 658
7526 658
7527 659
7528 658
7529 659
7530 659
7531 659
7532 658
7533 658
7534 658
7535 658
7536 658
7537 658
7538 658
7539 658
7540 658
7541 658
7542 658
7543 659
7544 658
7545 658
7546 659
7547 659
7548 658
7549 658
7550 658
7551 659
7552 658
7553 658
7554 658
7555 659
7556 658
7557 658
7558 659
7559 658
7560 658
7561 658
7562 658
7563 659
7564 658
7565 658
7566 658
7567 659
7568 658
7569 658
7570 659
7571 658
7572 658
7573 719
7574 659
7575 659
7576 658
7577 658
7578 658
7579 659
7580 658
7581 658
7582 659
7583 659
7584 658
7585 658
7586 658
7587 659
7588 658
7589 658
7590 658
7591 659
7592 658
7593 658
7594 658
7595 659
7596 658
7597 658
7598 658
7599 659
7600 658
7601 658
7602 658
7603 659
7604 658
7605 658
7606 658
7607 658
7608 658
7609 658
7610 658
7611 659
7612 658
7613 658
7614 658
7615 658
7616 658
7617 658
7618 659
7619 659
7620 658
7621 658
7622 658
7623 659
7624 659
7625 658
7626 658
7627 659
7628 658
7629 658
7630 658
7631 659
7632 658
7633 658
7634 658
7635 658
7636 658
7637 658
7638 659
7639 659
7640 658
7641 659
7642 658
7643 658
7644 658
7645 658
7646 658
7647 659
7648 658
7649 658
7650 658
7651 659
7652 720
7653 620
7654 620
7655 621
7656 620
7657 620
7658 620
7659 621
7660 620
7661 620
7662 620
7663 620
7664 620
7665 620
7666 621
7667 621
7668 620
7669 620
7670 620
7671 620
7672 620
7673 620
7674 620
7675 621
7676 695
7677 620
7678 620
7679 621
7680 620
7681 620
7682 620
7683 621
7684 620
7685 620
7686 620
7687 621
7688 620
7689 620
7690 620
7691 621
7692 620
7693 620
7694 620
7695 621
7696 620
7697 621
7698 621
7699 621
7700 620
7701 620
7702 620
7703 621
7704 620
7705 620
7706 620
7707 621
7708 620
7709 620
7710 620
7711 621
7712 621
7713 620
7714 620
7715 621
7716 620
7717 620
7718 620
7719 621
7720 620
7721 620
7722 620
7723 621
7724 620
7725 620
7726 620
7727 621
7728 620
7729 620
7730 620
7731 621
7732 620
7733 620
7734 621
7735 620
7736 620
7737 620
7738 620
7739 621
7740 695
7741 620
7742 620
7743 620
7744 620
7745 620
7746 621
7747 621
7748 620
7749 620
7750 620
7751 621
7752 695
7753 620
7754 620
7755 621
7756 620
7757 620
7758 620
7759 621
7760 620
7761 620
7762 620
7763 620
7764 620
7765 620
7766 621
7767 621
7768 620
7769 620
7770 620
7771 621
7772 620
7773 620
7774 621
7775 621
7776 621
7777 621
7778 621
7779 621
7780 620
7781 620
7782 620
7783 621
7784 620
7785 620
7786 620
7787 621
7788 620
7789 620
7790 620
7791 620
7792 620
7793 620
7794 620
7795 621
7796 620
7797 620
7798 620
7799 621
7800 620
7801 620
7802 620
7803 621
7804 695
7805 620
7806 620
7807 621
7808 620
7809 620
7810 620
7811 621
7812 620
7813 620
7814 620
7815 621
7816 621
7817 620
7818 621
7819 621
7820 621
7821 620
7822 621
7823 621
7824 620
7825 620
7826 621
7827 620
7828 620
7829 620
7830 621
7831 620
7832 620
7833 620
7834 620
7835 620
7836 620
7837 620
7838 621
7839 620
7840 620
7841 621
7842 621
7843 620
7844 620
7845 620
7846 621
7847 620
7848 620
7849 621
7850 621
7851 621
7852 620
7853 620
7854 621
7855 620
7856 620
7857 620
7858 621
7859 620
7860 620
7861 620
7862 627
7863 620
7864 620
7865 621
7866 621
7867 621
7868 620
7869 621
7870 621
7871 620
7872 621
7873 621
7874 621
7875 620
7876 620
7877 620
7878 621
7879 620
7880 620
7881 620
7882 620
7883 620
7884 621
7885 620
7886 621
7887 620
7888 620
7889 620
7890 620
7891 620
7892 620
7893 620
7894 621
7895 620
7896 620
7897 621
7898 620
7899 620
7900 620
7901 620
7902 621
7903 620
7904 620
7905 620
7906 621
7907 620
7908 620
7909 620
7910 621
7911 620
7912 620
7913 620
7914 621
7915 620
7916 620
7917 620
7918 621
7919 621
7920 620
7921 620
7922 621
7923 620
7924 620
7925 620
7926 621
7927 620
7928 621
7929 621
7930 621
7931 620
7932 620
7933 620
7934 621
7935 620
7936 620
7937 620
7938 621
7939 620
7940 621
7941 620
7942 621
7943 621
7944 620
7945 620
7946 621
7947 620
7948 620
7949 620
7950 621
7951 620
7952 620
7953 620
7954 621
7955 620
7956 620
7957 620
7958 621
7959 620
7960 620
7961 620
7962 621
7963 620
7964 620
7965 621
7966 620
7967 620
7968 621
7969 620
7970 621
7971 620
7972 620
7973 620
7974 621
7975 620
7976 620
7977 620
7978 621
7979 620
7980 620
7981 620
7982 621
7983 620
7984 620
7985 621
7986 621
7987 621
7988 620
7989 620
7990 621
7991 620
7992 620
7993 621
7994 621
7995 621
7996 620
7997 620
7998 620
7999 620
8000 621
8001 620
8002 621
8003 620
8004 620
8005 620
8006 620
8007 620
8008 620
8009 620
8010 621
8011 620
8012 620
8013 620
8014 620
8015 620
8016 620
8017 620
8018 621
8019 620
8020 620
8021 620
8022 620
8023 620
8024 620
8025 620
8026 621
8027 620
8028 620
8029 620
8030 620
8031 620
8032 620
8033 620
8034 621
8035 620
8036 689
8037 620
8038 620
8039 620
8040 620
8041 620
8042 621
8043 620
8044 620
8045 620
8046 620
8047 620
8048 620
8049 620
8050 621
8051 620
8052 620
8053 620
8054 621
8055 620
8056 620
8057 620
8058 621
8059 620
8060 620
8061 620
8062 620
8063 620
8064 621
8065 621
8066 690
8067 620
8068 621
8069 620
8070 621
8071 620
8072 620
8073 620
8074 621
8075 620
8076 620
8077 620
8078 620
8079 620
8080 621
8081 620
8082 621
8083 620
8084 620
8085 621
8086 621
8087 620
8088 620
8089 621
8090 621
8091 620
8092 620
8093 620
8094 621
8095 620
8096 621
8097 620
8098 621
8099 620
8100 620
8101 620
8102 621
8103 620
8104 620
8105 620
8106 621
8107 620
8108 620
8109 620
8110 621
8111 620
8112 620
8113 620
8114 620
8115 620
8116 620
8117 620
8118 621
8119 620
8120 620
8121 620
8122 621
8123 620
8124 620
8125 621
8126 621
8127 620
8128 620
8129 620
8130 620
8131 620
8132 620
8133 620
8134 621
8135 620
8136 620
8137 620
8138 620
8139 620
8140 621
8141 620
8142 621
8143 621
8144 621
8145 621
8146 620
8147 620
8148 620
8149 621
8150 700
8151 620
8152 620
8153 621
8154 620
8155 620
8156 620
8157 621
8158 620
8159 620
8160 621
8161 621
8162 620
8163 620
8164 620
8165 621
8166 621
8167 620
8168 621
8169 620
8170 620
8171 620
8172 620
8173 621
8174 620
8175 620
8176 620
8177 621
8178 620
8179 621
8180 621
8181 621
8182 620
8183 620
8184 620
8185 690
8186 621
8187 620
8188 620
8189 621
8190 620
8191 620
8192 620
8193 621
8194 620
8195 620
8196 620
8197 621
8198 620
8199 620
8200 620
8201 621
8202 620
8203 620
8204 620
8205 621
8206 620
8207 620
8208 620
8209 621
8210 620
8211 620
8212 620
8213 621
8214 620
8215 620
8216 620
8217 620
8218 620
8219 620
8220 620
8221 621
8222 620
8223 620
8224 620
8225 620
8226 620
8227 621
8228 620
8229 621
8230 620
8231 620
8232 620
8233 621
8234 620
8235 620
8236 621
8237 620
8238 620
8239 620
8240 620
8241 621
8242 621
8243 620
8244 620
8245 620
8246 620
8247 620
8248 620
8249 624
8250 620
8251 620
8252 620
8253 621
8254 621
8255 620
8256 620
8257 620
8258 620
8259 621
8260 620
8261 621
8262 620
8263 620
8264 620
8265 621
8266 620
8267 620
8268 620
8269 621
8270 620
8271 621
8272 620
8273 621
8274 620
8275 620
8276 620
8277 621
8278 620
8279 620
8280 620
8281 621
8282 620
8283 620
8284 620
8285 621
8286 620
8287 620
8288 620
8289 620
8290 620
8291 620
8292 620
8293 621
8294 620
8295 620
8296 620
8297 620
8298 620
8299 620
8300 620
8301 621
8302 620
8303 621
8304 620
8305 621
8306 620
8307 620
8308 620
8309 620
8310 620
8311 620
8312 621
8313 620
8314 620
8315 620
8316 620
8317 620
8318 620
8319 620
8320 620
8321 620
8322 620
8323 620
8324 620
8325 621
8326 620
8327 620
8328 620
8329 621
8330 620
8331 620
8332 620
8333 621
8334 620
8335 620
8336 620
8337 620
8338 620
8339 620
8340 620
8341 621
8342 620
8343 620
8344 620
8345 620
8346 620
8347 620
8348 620
8349 621
8350 620
8351 620
8352 620
8353 621
8354 620
8355 620
8356 620
8357 621
8358 620
8359 620
8360 620
8361 621
8362 620
8363 620
8364 620
8365 621
8366 620
8367 620
8368 620
8369 621
8370 620
8371 620
8372 620
8373 621
8374 620
8375 620
8376 620
8377 621
8378 620
8379 620
8380 689
8381 621
8382 620
8383 620
8384 620
8385 621
8386 620
8387 620
8388 620
8389 621
8390 620
8391 620
8392 620
8393 621
8394 620
8395 620
8396 620
8397 620
8398 620
8399 620
8400 620
8401 621
8402 620
8403 620
8404 620
8405 620
8406 620
8407 621
8408 620
8409 621
8410 620
8411 620
8412 620
8413 621
8414 620
8415 620
8416 620
8417 621
8418 620
8419 620
8420 620
8421 620
8422 620
8423 620
8424 621
8425 621
8426 621
8427 621
8428 620
8429 620
8430 620
8431 620
8432 620
8433 621
8434 620
8435 620
8436 620
8437 620
8438 620
8439 620
8440 620
8441 621
8442 620
8443 620
8444 620
8445 620
8446 620
8447 620
8448 621
8449 621
8450 620
8451 620
8452 620
8453 621
8454 621
8455 620
8456 621
8457 621
8458 1555
8459 1553
8460 1569
8461 1552
8462 1552
8463 1552
8464 1567
8465 1552
8466 1553
8467 1552
8468 1567
8469 1552
8470 1552
8471 1552
8472 1567
8473 1552
8474 1553
8475 1552
8476 1567
8477 1552
8478 1552
8479 1552
8480 1621
8481 1647
8482 1648
8483 1648
8484 1623
8485 1552
8486 1553
8487 1552
8488 1567
8489 1552
8490 1553
8491 1552
8492 1567
8493 1552
8494 1553
8495 1552
8496 1638
8497 1648
8498 1647
8499 1647
8500 1623
8501 1552
8502 1553
8503 1553
8504 1567
8505 1552
8506 1552
8507 1552
8508 1567
8509 1552
8510 1552
8511 1553
8512 1567
8513 1552
8514 1552
8515 1553
8516 1622
8517 1648
8518 1647
8519 1647
8520 1623
8521 1552
8522 1552
8523 1552
8524 1567
8525 1552
8526 1552
8527 1552
8528 1591
8529 1553
8530 1553
8531 1552
8532 1567
8533 1552
8534 1553
8535 1552
8536 1567
8537 1552
8538 1552
8539 1552
8540 1567
8541 1551
8542 1552
8543 1552
8544 1567
8545 1551
8546 1552
8547 1552
8548 1568
8549 1552
8550 1553
8551 1552
8552 1567
8553 1552
8554 1552
8555 1552
8556 1567
8557 1552
8558 1552
8559 1553
8560 1621
8561 1646
8562 1647
8563 1647
8564 1611
8565 1552
8566 1552
8567 1552
8568 1621
8569 1647
8570 1647
8571 1650
8572 1624
8573 1552
8574 1553
8575 1552
8576 1585
8577 1552
8578 1552
8579 1553
8580 1584
8581 1552
8582 1553
8583 1552
8584 1622
8585 1647
8586 1648
8587 1647
8588 1605
8589 1551
8590 1553
8591 1552
8592 1584
8593 1552
8594 1553
8595 1552
8596 1567
8597 1552
8598 1552
8599 1553
8600 1622
8601 1647
8602 1647
8603 1647
8604 1623
8605 1553
8606 1553
8607 1553
8608 1567
8609 1552
8610 1552
8611 1552
8612 1567
8613 1552
8614 1554
8615 1553
8616 1567
8617 1552
8618 1552
8619 1553
8620 1584
8621 1552
8622 1552
8623 1552
8624 1621
8625 1647
8626 1648
8627 1647
8628 1623
8629 1553
8630 1553
8631 1553
8632 1627
8633 1647
8634 1648
8635 1647
8636 1623
8637 1552
8638 1552
8639 1552
8640 1567
8641 1552
8642 1553
8643 1553
8644 1567
8645 1552
8646 1552
8647 1552
8648 1567
8649 1552
8650 1552
8651 1552
8652 1567
8653 1552
8654 1552
8655 1552
8656 1584
8657 1553
8658 1553
8659 1552
8660 1567
8661 1552
8662 1556
8663 1553
8664 1568
8665 1552
8666 1553
8667 1552
8668 1567
8669 1551
8670 1553
8671 1552
8672 1622
8673 1647
8674 1647
8675 1647
8676 1662
8677 1647
8678 1647
8679 1647
8680 1605
8681 1551
8682 1553
8683 1552
8684 1563
8685 1552
8686 1553
8687 1553
8688 1567
8689 1552
8690 1552
8691 1552
8692 1567
8693 1552
8694 1552
8695 1552
8696 1622
8697 1647
8698 1648
8699 1649
8700 1629
8701 1552
8702 1552
8703 1553
8704 1567
8705 1552
8706 1552
8707 1552
8708 1568
8709 1551
8710 1553
8711 1552
8712 1621
8713 1647
8714 1648
8715 1648
8716 1623
8717 1552
8718 1552
8719 1552
8720 1567
8721 1551
8722 1552
8723 1553
8724 1585
8725 1553
8726 1553
8727 1553
8728 1567
8729 1552
8730 1553
8731 1552
8732 1621
8733 1647
8734 1648
8735 1647
8736 1605
8737 1552
8738 1552
8739 1552
8740 1585
8741 1552
8742 1555
8743 1552
8744 1567
8745 1552
8746 1552
8747 1552
8748 1567
8749 1552
8750 1552
8751 1553
8752 1568
8753 1552
8754 1553
8755 1553
8756 1584
8757 1552
8758 1552
8759 1552
8760 1622
8761 1648
8762 1648
8763 1648
8764 1662
8765 1647
8766 1648
8767 1647
8768 1611
8769 1553
8770 1553
8771 1552
8772 1585
8773 1553
8774 1554
8775 1623
8776 1647
8777 1647
8778 1648
8779 1605
8780 1552
8781 1552
8782 1552
8783 1585
8784 1553
8785 1551
8786 1552
8787 1566
8788 1552
8789 1552
8790 1551
8791 1567
8792 1551
8793 1552
8794 1552
8795 1622
8796 1647
8797 1648
8798 1647
8799 1623
8800 1552
8801 1553
8802 1552
8803 1566
8804 1552
8805 1552
8806 1553
8807 1567
8808 1551
8809 1552
8810 1569
8811 1622
8812 1647
8813 1646
8814 1647
8815 1661
8816 1647
8817 1647
8818 1648
8819 1637
8820 1552
8821 1552
8822 1552
8823 1567
8824 1551
8825 1552
8826 1552
8827 1566
8828 1552
8829 1552
8830 1552
8831 1561
8832 1552
8833 1552
8834 1553
8835 1621
8836 1646
8837 1647
8838 1647
8839 1605
8840 1552
8841 1552
8842 1552
8843 1566
8844 1552
8845 1552
8846 1552
8847 1567
8848 1552
8849 1553
8850 1552
8851 1584
8852 1551
8853 1553
8854 1551
8855 1735
8856 1648
8857 1646
8858 1647
8859 1604
8860 1552
8861 1551
8862 1552
8863 1566
8864 1551
8865 1552
8866 1552
8867 1567
8868 1551
8869 1553
8870 1551
8871 1622
8872 1647
8873 1646
8874 1647
8875 1605
8876 1552
8877 1551
8878 1552
8879 1584
8880 1551
8881 1552
8882 1552
8883 1584
8884 1551
8885 1552
8886 1551
8887 1627
8888 1647
8889 1646
8890 1647
8891 1661
8892 1647
8893 1648
8894 1647
8895 1662
8896 1647
8897 1648
8898 1647
8899 1606
8900 1552
8901 1552
8902 1552
8903 1566
8904 1552
8905 1551
8906 1552
8907 1622
8908 1646
8909 1647
8910 1647
8911 1606
8912 1551
8913 1553
8914 1552
8915 1672
8916 1552
8917 1551
8918 1552
8919 1566
8920 1552
8921 1553
8922 1552
8923 1567
8924 1551
8925 1552
8926 1552
8927 1568
8928 1551
8929 1552
8930 1551
8931 1567
8932 1552
8933 1552
8934 1552
8935 1566
8936 1552
8937 1552
8938 1552
8939 1566
8940 1552
8941 1553
8942 1552
8943 1567
8944 1551
8945 1552
8946 1551
8947 1567
8948 1552
8949 1551
8950 1552
8951 1567
8952 1552
8953 1551
8954 1552
8955 1571
8956 1552
8957 1552
8958 1552
8959 1566
8960 1551
8961 1552
8962 1552
8963 1567
8964 1551
8965 1552
8966 1552
8967 1565
8968 1552
8969 1551
8970 1552
8971 1566
8972 1552
8973 1552
8974 1552
8975 1567
8976 1551
8977 1552
8978 1552
8979 1567
8980 1551
8981 1553
8982 1552
8983 1567
8984 1552
8985 1552
8986 1552
8987 1566
8988 1552
8989 1551
8990 1552
8991 1566
8992 1552
8993 1552
8994 1551
8995 1567
8996 1551
8997 1552
8998 1552
8999 1567
9000 1552
9001 1551
9002 1552
9003 1566
9004 1552
9005 1551
9006 1552
9007 1566
9008 1552
9009 1551
9010 1552
9011 1567
9012 1551
9013 1552
9014 1552
9015 1567
9016 1551
9017 1552
9018 1552
9019 1566
9020 1552
9021 1552
9022 1552
9023 1572
9024 1552
9025 1551
9026 1553
9027 1567
9028 1552
9029 1552
9030 1552
9031 1567
9032 1551
9033 1552
9034 1551
9035 1566
9036 1552
9037 1552
9038 1552
9039 1567
9040 1552
9041 1552
9042 1552
9043 1567
9044 1552
9045 1552
9046 1552
9047 1621
9048 1646
9049 1647
9050 1645
9051 1662
9052 1647
9053 1646
9054 1647
9055 1623
9056 1552
9057 1552
9058 1552
9059 1567
9060 1551
9061 1553
9062 1551
9063 1567
9064 1552
9065 1551
9066 1553
9067 1566
9068 1553
9069 1551
9070 1552
9071 1568
9072 1551
9073 1552
9074 1552
9075 1622
9076 1646
9077 1647
9078 1647
9079 1622
9080 1552
9081 1551
9082 1552
9083 1567
9084 1552
9085 1551
9086 1552
9087 1567
9088 1551
9089 1552
9090 1581
9091 1554
9092 1553
9093 1554
9094 1567
9095 1553
9096 1552
9097 1552
9098 1567
9099 1552
9100 1552
9101 1552
9102 1567
9103 1552
9104 1552
9105 1553
9106 1567
9107 1552
9108 1551
9109 1552
9110 1572
9111 1552
9112 1553
9113 1552
9114 1567
9115 1551
9116 1553
9117 1552
9118 1566
9119 1552
9120 1553
9121 1552
9122 1567
9123 1552
9124 1551
9125 1552
9126 1610
9127 1551
9128 1552
9129 1552
9130 1622
9131 1646
9132 1647
9133 1648
9134 1604
9135 1552
9136 1551
9137 1552
9138 1566
9139 1552
9140 1552
9141 1564
9142 1574
9143 1551
9144 1552
9145 1552
9146 1567
9147 1552
9148 1551
9149 1552
9150 1583
9151 1552
9152 1551
9153 1552
9154 1566
9155 1552
9156 1552
9157 1551
9158 1588
9159 1552
9160 1553
9161 1551
9162 1567
9163 1551
9164 1552
9165 1552
9166 1621
9167 1647
9168 1646
9169 1648
9170 1623
9171 1551
9172 1552
9173 1551
9174 1567
9175 1551
9176 1553
9177 1552
9178 1621
9179 1647
9180 1647
9181 1647
9182 1662
9183 1646
9184 1647
9185 1647
9186 1629
9187 1551
9188 1552
9189 1552
9190 1583
9191 1552
9192 1552
9193 1552
9194 1583
9195 1552
9196 1552
9197 1552
9198 1567
9199 1551
9200 1552
9201 1553
9202 1584
9203 1551
9204 1552
9205 1552
9206 1620
9207 1647
9208 1646
9209 1647
9210 1628
9211 1552
9212 1552
9213 1551
9214 1584
9215 1551
9216 1552
9217 1551
9218 1566
9219 1551
9220 1552
9221 1552
9222 1620
9223 1552
9224 1552
9225 1552
9226 1567
9227 1552
9228 1551
9229 1552
9230 1622
9231 1646
9232 1647
9233 1647
9234 1606
9235 1552
9236 1552
9237 1552
9238 1567
9239 1552
9240 1552
9241 1552
9242 1566
9243 1552
9244 1552
9245 1552
9246 1621
9247 1551
9248 1552
9249 1551
9250 1567
9251 1551
9252 1552
9253 1553
9254 1612
9255 1553
9256 1551
9257 1552
9258 1621
9259 1647
9260 1647
9261 1646
9262 1623
9263 1551
9264 1552
9265 1551
9266 1566
9267 1551
9268 1552
9269 1552
9270 1583
9271 1552
9272 1551
9273 1552
9274 1566
9275 1552
9276 1552
9277 1551
9278 1572
9279 1551
9280 1552
9281 1551
9282 1567
9283 1551
9284 1552
9285 1552
9286 1697
9287 1553
9288 1551
9289 1552
9290 1583
9291 1552
9292 1552
9293 1552
9294 1584
9295 1551
9296 1552
9297 1551
9298 1584
9299 1551
9300 1553
9301 1550
9302 1567
9303 1552
9304 1551
9305 1552
9306 1584
9307 1552
9308 1551
9309 1552
9310 1622
9311 1646
9312 1647
9313 1647
9314 1605
9315 1551
9316 1552
9317 1552
9318 1566
9319 1552
9320 1551
9321 1552
9322 1566
9323 1552
9324 1552
9325 1552
9326 1567
9327 1551
9328 1553
9329 1553
9330 1622
9331 1646
9332 1647
9333 1647
9334 1604
9335 1552
9336 1551
9337 1552
9338 1566
9339 1552
9340 1552
9341 1552
9342 1567
9343 1551
9344 1552
9345 1552
9346 1572
9347 1551
9348 1552
9349 1555
9350 1622
9351 1647
9352 1646
9353 1647
9354 1662
9355 1647
9356 1647
9357 1647
9358 1662
9359 1646
9360 1647
9361 1646
9362 1623
9363 1552
9364 1551
9365 1552
9366 1566
9367 1552
9368 1552
9369 1553
9370 1574
9371 1552
9372 1552
9373 1552
9374 1567
9375 1551
9376 1552
9377 1552
9378 1567
9379 1551
9380 1552
9381 1552
9382 1566
9383 1552
9384 1551
9385 1552
9386 1620
9387 1647
9388 1647
9389 1647
9390 1605
9391 1551
9392 1552
9393 1551
9394 1584
9395 1552
9396 1551
9397 1552
9398 1566
9399 1552
9400 1551
9401 1552
9402 1564
9403 1552
9404 1552
9405 1552
9406 1554
9407 1552
9408 1553
9409 1622
9410 1647
9411 1647
9412 1648
9413 1661
9414 1646
9415 1647
9416 1647
9417 1605
9418 1552
9419 1552
9420 1552
9421 1567
9422 1552
9423 1553
9424 1552
9425 1567
9426 1551
9427 1552
9428 1552
9429 1567
9430 1551
9431 1553
9432 1552
9433 1566
9434 1552
9435 1551
9436 1552
9437 1566
9438 1552
9439 1552
9440 1552
9441 1567
9442 1551
9443 1553
9444 1552
9445 1567
9446 1551
9447 1552
9448 1554
9449 1621
9450 1647
9451 1647
9452 1647
9453 1604
9454 1552
9455 1551
9456 1552
9457 1566
9458 1551
9459 1552
9460 1552
9461 1567
9462 1551
9463 1552
9464 1551
9465 1581
9466 1553
9467 1551
9468 1552
9469 1620
9470 1647
9471 1647
9472 1647
9473 1662
9474 1646
9475 1647
9476 1647
9477 1623
9478 1552
9479 1552
9480 1552
9481 1575
9482 1552
9483 1551
9484 1552
9485 1566
9486 1552
9487 1552
9488 1552
9489 1621
9490 1646
9491 1647
9492 1647
9493 1662
9494 1646
9495 1647
9496 1647
9497 1604
9498 1552
9499 1551
9500 1552
9501 1621
9502 1647
9503 1649
9504 1647
9505 1623
9506 1551
9507 1552
9508 1552
9509 1567
9510 1552
9511 1551
9512 1552
9513 1620
9514 1647
9515 1647
9516 1647
9517 1623
9518 1552
9519 1553
9520 1552
9521 1567
9522 1551
9523 1552
9524 1552
9525 1567
9526 1552
9527 1551
9528 1552
9529 1566
9530 1552
9531 1551
9532 1552
9533 1573
9534 1551
9535 1552
9536 1552
9537 1622
9538 1646
9539 1647
9540 1647
9541 1661
9542 1647
9543 1647
9544 1647
9545 1661
9546 1647
9547 1647
9548 1647
9549 1605
9550 1551
9551 1552
9552 1552
9553 1621
9554 1647
9555 1646
9556 1647
9557 1662
9558 1647
9559 1647
9560 1647
9561 1662
9562 1647
9563 1647
9564 1646
9565 1662
9566 1647
9567 1647
9568 1647
9569 1604
9570 1552
9571 1552
9572 1552
9573 1584
9574 1551
9575 1553
9576 1552
9577 1584
9578 1552
9579 1552
9580 1552
9581 1567
9582 1552
9583 1553
9584 1552
9585 1567
9586 1552
9587 1553
9588 1552
9589 1567
9590 1552
9591 1553
9592 1551
9593 1567
9594 1551
9595 1552
9596 1552
9597 1566
9598 1552
9599 1552
9600 1552
9601 1572
9602 1552
9603 1552
9604 1552
9605 1621
9606 1646
9607 1647
9608 1646
9609 1669
9610 1647
9611 1647
9612 1647
9613 1661
9614 1647
9615 1647
9616 1647
9617 1606
9618 1552
9619 1552
9620 1552
9621 1566
9622 1552
9623 1551
9624 1553
9625 1621
9626 1647
9627 1647
9628 1647
9629 1605
9630 1551
9631 1552
9632 1551
9633 1567
9634 1552
9635 1551
9636 1552
9637 1566
9638 1552
9639 1551
9640 1552
9641 1621
9642 1647
9643 1648
9644 1647
9645 1605
9646 1551
9647 1552
9648 1551
9649 1622
9650 1647
9651 1647
9652 1647
9653 1662
9654 1647
9655 1648
9656 1647
9657 1727
9658 1551
9659 1552
9660 1551
9661 1567
9662 1552
9663 1553
9664 1552
9665 1567
9666 1552
9667 1551
9668 1552
9669 1571
9670 1552
9671 1552
9672 1552
9673 1622
9674 1646
9675 1648
9676 1648
9677 1623
9678 1552
9679 1551
9680 1553
9681 1584
9682 1552
9683 1552
9684 1552
9685 1567
9686 1551
9687 1552
9688 1551
9689 1567
9690 1552
9691 1551
9692 1552
9693 1567
9694 1552
9695 1551
9696 1553
9697 1566
9698 1552
9699 1552
9700 1552
9701 1622
9702 1646
9703 1648
9704 1796
9705 1606
9706 1552
9707 1552
9708 1552
9709 1567
9710 1552
9711 1552
9712 1552
9713 1567
9714 1552
9715 1553
9716 1552
9717 1584
9718 1552
9719 1552
9720 1552
9721 1585
9722 1552
9723 1554
9724 1567
9725 1552
9726 1553
9727 1552
9728 1567
9729 1552
9730 1552
9731 1552
9732 1566
9733 1552
9734 1552
9735 1552
9736 1622
9737 1647
9738 1647
9739 1647
9740 1606
9741 1551
9742 1553
9743 1552
9744 1566
9745 1552
9746 1551
9747 1552
9748 1566
9749 1552
9750 1556
9751 1553
9752 1566
9753 1551
9754 1552
9755 1552
9756 1621
9757 1646
9758 1647
9759 1583
9760 1621
9761 1647
9762 1646
9763 1647
9764 1662
9765 1647
9766 1647
9767 1646
9768 1605
9769 1557
9770 1552
9771 1552
9772 1566
9773 1552
9774 1552
9775 1552
9776 1567
9777 1552
9778 1552
9779 1552
9780 1567
9781 1551
9782 1552
9783 1551
9784 1584
9785 1551
9786 1553
9787 1552
9788 1672
9789 1552
9790 1551
9791 1552
9792 1621
9793 1647
9794 1647
9795 1646
9796 1605
9797 1551
9798 1552
9799 1552
9800 1584
9801 1552
9802 1551
9803 1552
9804 1621
9805 1647
9806 1646
9807 1648
9808 1662
9809 1646
9810 1647
9811 1646
9812 1662
9813 1647
9814 1646
9815 1647
9816 1604
9817 1552
9818 1558
9819 1552
9820 1622
9821 1646
9822 1647
9823 1646
9824 1758
9825 1647
9826 1646
9827 1647
9828 1604
9829 1552
9830 1552
9831 1552
9832 1567
9833 1551
9834 1553
9835 1552
9836 1567
9837 1551
9838 1552
9839 1552
9840 1567
9841 1552
9842 1551
9843 1552
9844 1566
9845 1552
9846 1551
9847 1552
9848 1591
9849 1553
9850 1552
9851 1551
9852 1567
9853 1551
9854 1552
9855 1551
9856 1572
9857 1552
9858 1552
9859 1552
9860 1621
9861 1647
9862 1646
9863 1647
9864 1661
9865 1646
9866 1647
9867 1647
9868 1662
9869 1646
9870 1647
9871 1647
9872 1605
9873 1552
9874 1551
9875 1553
9876 1566
9877 1552
9878 1552
9879 1551
9880 1621
9881 1646
9882 1647
9883 1646
9884 1623
9885 1552
9886 1551
9887 1552
9888 1621
9889 1647
9890 1646
9891 1648
9892 1623
9893 1551
9894 1553
9895 1552
9896 1566
9897 1551
9898 1552
9899 1552
9900 1583
9901 1552
9902 1551
9903 1552
9904 1567
9905 1552
9906 1552
9907 1552
9908 1567
9909 1551
9910 1552
9911 1552
9912 1567
9913 1552
9914 1552
9915 1551
9916 1567
9917 1552
9918 1551
9919 1552
9920 1621
9921 1647
9922 1646
9923 1647
9924 1667
9925 1646
9926 1647
9927 1647
9928 1605
9929 1551
9930 1552
9931 1552
9932 1566
9933 1552
9934 1551
9935 1552
9936 1567
9937 1552
9938 1552
9939 1553
9940 1567
9941 1551
9942 1552
9943 1552
9944 1567
9945 1551
9946 1553
9947 1552
9948 1620
9949 1647
9950 1647
9951 1647
9952 1661
9953 1647
9954 1647
9955 1647
9956 1623
9957 1551
9958 1552
9959 1552
9960 1566
9961 1552
9962 1551
9963 1552
9964 1567
9965 1552
9966 1552
9967 1553
9968 1567
9969 1552
9970 1552
9971 1552
9972 1567
9973 1552
9974 1552
9975 1551
9976 1567
9977 1552
9978 1551
9979 1552
9980 1566
9981 1552
9982 1551
9983 1553
9984 1566
9985 1552
9986 1561
9987 1552
9988 1567
9989 1551
9990 1552
9991 1552
9992 1627
9993 1647
9994 1647
9995 1647
9996 1623
9997 1552
9998 1551
9999 1552
10000 1567
# sum: 1327
# min: 619
# max: 1798
# err cnt: 30
