7670 1
7672 2
7673 221
7674 358
7675 359
7676 360
7677 362
7678 363
7679 377
7680 387
7689 389
7698 425
7699 428
7704 432
7705 434
7711 435
7716 436
7717 447
7718 513
7719 520
7721 521
7724 544
7725 552
7726 554
7727 555
7728 557
7729 564
7730 566
7735 568
7736 569
7737 583
7738 584
7742 585
7743 586
7744 594
7745 618
7746 621
7748 625
7751 627
7752 630
7754 632
7755 638
7756 642
7761 643
7762 655
7763 689
7764 694
7765 698
7766 699
7767 700
7769 710
7770 712
7771 714
7774 718
7778 719
7779 720
7780 721
7781 729
7782 733
7783 734
7784 735
7786 737
7787 739
7788 741
7790 742
7791 753
7792 764
7793 766
7794 767
7795 768
7797 769
7798 771
7799 773
7800 779
7801 783
7802 784
7803 786
7806 788
7807 803
7808 817
7809 818
7810 820
7811 827
7812 830
7813 835
7814 838
7815 840
7817 843
7818 848
7819 849
7820 851
7821 853
7822 855
7823 859
7824 860
7825 862
7826 869
7827 872
7828 873
7829 876
7830 877
7831 879
7832 882
7834 884
7835 885
7836 886
7837 888
7838 897
7839 901
7840 903
7842 904
7843 906
7844 910
7845 911
7846 914
7849 916
7850 919
7851 921
7852 925
7853 926
7856 928
7857 929
7858 937
7859 941
7861 942
7863 944
7864 946
7865 948
7866 951
7869 953
7870 956
7871 957
7876 959
7877 960
7878 962
7884 965
7885 970
7886 973
7887 974
7889 975
7891 979
7892 980
7896 983
7897 985
7898 986
7903 988
7905 989
7910 990
7919 991
7930 992
7933 995
7935 996
7938 997
7959 998
7979 1000
