0 3831
1 3757
2 3685
3 3742
4 3684
5 3696
6 3723
7 3721
8 3770
9 3686
10 3753
11 3700
12 3724
13 3676
14 3698
15 3684
16 3723
17 3718
18 3726
19 3682
20 3679
21 3736
22 3750
23 3696
24 3706
25 3708
26 3726
27 3730
28 3703
29 3739
30 3748
31 3688
32 3683
33 3679
34 3710
35 3737
36 3724
37 3773
38 3706
39 3699
40 3725
41 3680
42 3722
43 3718
44 3719
45 3699
46 3744
47 3725
48 3690
49 3703
50 3724
51 3724
52 3720
53 3723
54 3703
55 3688
56 3720
57 3718
58 3746
59 3725
60 3749
61 3707
62 3751
63 3771
64 3673
65 3708
66 3705
67 3732
68 3721
69 3709
70 3723
71 3742
72 3738
73 3709
74 3738
75 3737
76 3732
77 3701
78 3678
79 3706
80 3706
81 3717
82 3731
83 3734
84 3730
85 3717
86 3723
87 3726
88 3741
89 3727
90 3739
91 3724
92 3731
93 3730
94 3736
95 3737
96 3741
97 3741
98 3715
99 3754
100 3712
101 3748
102 3746
103 3694
104 3709
105 3680
106 3734
107 3698
108 3742
109 3688
110 3732
111 3678
112 3713
113 3722
114 3728
115 3717
116 3704
117 3734
118 3745
119 3745
120 3734
121 3715
122 3718
123 3735
124 3761
125 3721
126 3741
127 3705
128 3709
129 3756
130 3727
131 3705
132 3739
133 3756
134 3736
135 3734
136 3696
137 3694
138 3744
139 3702
140 3731
141 3730
142 3722
143 3720
144 3705
145 3705
146 3708
147 3721
148 3741
149 3732
150 3757
151 3726
152 3729
153 3722
154 3691
155 3732
156 3733
157 3723
158 3720
159 3730
160 3712
161 3739
162 3718
163 3701
164 3702
165 3718
166 3688
167 3737
168 3706
169 3761
170 3744
171 3702
172 3712
173 3722
174 3726
175 3711
176 3722
177 3698
178 3702
179 3710
180 3743
181 3729
182 3705
183 3693
184 3708
185 3723
186 3704
187 3712
188 3716
189 3721
190 3751
191 3707
192 3701
193 3714
194 3734
195 3702
196 3735
197 3712
198 3699
199 3721
200 3726
201 3734
202 3695
203 3707
204 3719
205 3734
206 3722
207 3717
208 3708
209 3720
210 3708
211 3720
212 3747
213 3733
214 3709
215 3707
216 3736
217 3746
218 3720
219 3711
220 3697
221 3735
222 3746
223 3695
224 3735
225 3746
226 3735
227 3707
228 3706
229 3698
230 3744
231 3704
232 3689
233 3726
234 3717
235 3703
236 3737
237 3736
238 3730
239 3744
240 3713
241 3715
242 3712
243 3719
244 3709
245 3726
246 3734
247 3715
248 3737
249 3725
250 3750
251 3736
252 3691
253 3687
254 3740
255 3713
256 3685
257 3720
258 3711
259 3720
260 3733
261 3731
262 3698
263 3706
264 3683
265 3717
266 3731
267 3711
268 3754
269 3711
270 3691
271 3693
272 3725
273 3753
274 3728
275 3720
276 3740
277 3737
278 3713
279 3714
280 3707
281 3733
282 3713
283 3727
284 3736
285 3723
286 3711
287 3742
288 3693
289 3712
290 3744
291 3739
292 3717
293 3709
294 3745
295 3728
296 3698
297 3685
298 3719
299 3727
300 3787
301 3707
302 3730
303 3729
304 3700
305 3714
306 3721
307 3699
308 3732
309 3724
310 3740
311 3724
312 3722
313 3713
314 3732
315 3710
316 3751
317 3704
318 3749
319 3728
320 3731
321 3696
322 3725
323 3734
324 3717
325 3727
326 3732
327 3709
328 3712
329 3779
330 3709
331 3734
332 3717
333 3735
334 3746
335 3716
336 3718
337 3755
338 3712
339 3729
340 3694
341 3739
342 3718
343 3720
344 3716
345 3705
346 3713
347 3716
348 3732
349 3742
350 3730
351 3669
352 3702
353 3715
354 3729
355 3708
356 3724
357 3696
358 3737
359 3681
360 3710
361 3727
362 3714
363 3738
364 3706
365 3712
366 3709
367 3721
368 3751
369 3735
370 3743
371 3730
372 3709
373 3707
374 3689
375 3704
376 3704
377 3752
378 3730
379 3712
380 3721
381 3732
382 3721
383 3777
384 3698
385 3712
386 3705
387 3709
388 3715
389 3707
390 3698
391 3724
392 3710
393 3679
394 3739
395 3736
396 3687
397 3775
398 3772
399 3721
400 3717
401 3719
402 3704
403 3740
404 3735
405 3735
406 3700
407 3742
408 3711
409 3738
410 3724
411 3686
412 3715
413 3695
414 3740
415 3714
416 3754
417 3710
418 3757
419 3732
420 3737
421 3730
422 3741
423 3720
424 3706
425 3711
426 3725
427 3699
428 3717
429 3756
430 3718
431 3683
432 3708
433 3723
434 3702
435 3726
436 3728
437 3699
438 3737
439 3723
440 3738
441 3702
442 3716
443 3718
444 3752
445 3709
446 3739
447 3737
448 3699
449 3724
450 3739
451 3724
452 3747
453 3703
454 3704
455 3731
456 3700
457 3744
458 3719
459 3709
460 3716
461 3731
462 3714
463 3759
464 3733
465 3731
466 3745
467 3734
468 3752
469 3732
470 3726
471 3708
472 3681
473 3734
474 3697
475 3717
476 3748
477 3672
478 3725
479 3734
480 3741
481 3687
482 3722
483 3730
484 3727
485 3729
486 3707
487 3723
488 3701
489 3729
490 3732
491 3726
492 3711
493 3754
494 3723
495 3727
496 3723
497 3716
498 3703
499 3737
500 3727
501 3742
502 3761
503 3708
504 3738
505 3722
506 3741
507 3726
508 3736
509 3721
510 3748
511 3713
512 3680
513 3733
514 3734
515 3718
516 3742
517 3710
518 3757
519 3703
520 3721
521 3743
522 3733
523 3708
524 3740
525 3732
526 3692
527 3732
528 3737
529 3735
530 3708
531 3683
532 3693
533 3735
534 3741
535 3715
536 3749
537 3732
538 3681
539 3723
540 3732
541 3713
542 3712
543 3704
544 3725
545 3741
546 3745
547 3728
548 3693
549 3740
550 3732
551 3720
552 3728
553 3721
554 3708
555 3724
556 3710
557 3714
558 3710
559 3713
560 3732
561 3718
562 3718
563 3729
564 3749
565 3733
566 3706
567 3708
568 3723
569 3711
570 3704
571 3707
572 3715
573 3710
574 3714
575 3706
576 3720
577 3717
578 3755
579 3734
580 3716
581 3778
582 3711
583 3715
584 3700
585 3726
586 3695
587 3730
588 3718
589 3723
590 3719
591 3717
592 3726
593 3734
594 3763
595 3785
596 3720
597 3719
598 3709
599 3732
600 3707
601 3707
602 3683
603 3741
604 3710
605 3732
606 3725
607 3741
608 3695
609 3735
610 3729
611 3724
612 3717
613 3730
614 3705
615 3683
616 3728
617 3704
618 3739
619 3767
620 3737
621 3728
622 3701
623 3725
624 3738
625 3750
626 3707
627 3733
628 3700
629 3704
630 3719
631 3704
632 3714
633 3734
634 3696
635 3709
636 3701
637 3728
638 3713
639 3738
640 3735
641 3742
642 3724
643 3699
644 3700
645 3740
646 3718
647 3728
648 3705
649 3713
650 3744
651 3706
652 3723
653 3743
654 3711
655 3727
656 3707
657 3730
658 3728
659 3712
660 3726
661 3724
662 3706
663 3705
664 3726
665 3712
666 3708
667 3713
668 3680
669 3788
670 3705
671 3742
672 3705
673 3697
674 3707
675 3734
676 3738
677 3762
678 3740
679 3743
680 3719
681 3726
682 3741
683 3738
684 3701
685 3711
686 3708
687 3707
688 3724
689 3742
690 3738
691 3727
692 3706
693 3779
694 3697
695 3719
696 3735
697 3744
698 3741
699 3714
700 3728
701 3727
702 3732
703 3728
704 3729
705 3747
706 3732
707 3732
708 3727
709 3784
710 3738
711 3738
712 3725
713 3709
714 3732
715 3698
716 3740
717 3742
718 3745
719 3725
720 3709
721 3722
722 3733
723 3710
724 3693
725 3723
726 3704
727 3747
728 3721
729 3733
730 3746
731 3705
732 3706
733 3724
734 3725
735 3746
736 3723
737 3738
738 3706
739 3722
740 3731
741 3703
742 3716
743 3754
744 3694
745 3744
746 3740
747 3741
748 3733
749 3745
750 3752
751 3708
752 3789
753 3697
754 3681
755 3759
756 3719
757 3715
758 3716
759 3700
760 3765
761 3717
762 3698
763 3689
764 3686
765 3697
766 3721
767 3725
768 3747
769 3748
770 3694
771 3706
772 3716
773 3694
774 3703
775 3680
776 3731
777 3685
778 3720
779 3694
780 3672
781 3717
782 3730
783 3720
784 3682
785 3708
786 3694
787 3736
788 3758
789 3734
790 3730
791 3736
792 3714
793 3726
794 3727
795 3733
796 3754
797 3717
798 3747
799 3698
800 3733
801 3668
802 3722
803 3725
804 3719
805 3733
806 3741
807 3712
808 3726
809 3688
810 3724
811 3729
812 3720
813 3694
814 3726
815 3733
816 3732
817 3747
818 3722
819 3726
820 3700
821 3701
822 3717
823 3741
824 3743
825 3690
826 3720
827 3742
828 3715
829 3697
830 3704
831 3717
832 3702
833 3718
834 3716
835 3712
836 3702
837 3753
838 3751
839 3733
840 3742
841 3736
842 3696
843 3731
844 3705
845 3684
846 3731
847 3729
848 3713
849 3709
850 3713
851 3740
852 3710
853 3711
854 3727
855 3728
856 3719
857 3719
858 3717
859 3738
860 3726
861 3711
862 3708
863 3700
864 3705
865 3747
866 3731
867 3736
868 3750
869 3707
870 3757
871 3704
872 3737
873 3724
874 3703
875 3735
876 3738
877 3730
878 3721
879 3705
880 3703
881 3739
882 3717
883 3707
884 3737
885 3739
886 3722
887 3707
888 3740
889 3697
890 3709
891 3710
892 3719
893 3760
894 3689
895 3720
896 3717
897 3763
898 3772
899 3723
900 3712
901 3831
902 3862
903 3803
904 3832
905 3766
906 3740
907 3729
908 3734
909 3741
910 3734
911 3723
912 3698
913 3734
914 3715
915 3685
916 3714
917 3691
918 3707
919 3696
920 3723
921 3704
922 3719
923 3723
924 3706
925 3685
926 3733
927 3739
928 3714
929 3708
930 3700
931 3715
932 3714
933 3712
934 3719
935 3722
936 3728
937 3740
938 3720
939 3710
940 3727
941 3712
942 3737
943 3727
944 3736
945 3723
946 3695
947 3725
948 3684
949 3694
950 3709
951 3707
952 3701
953 3686
954 3692
955 3751
956 3706
957 3690
958 3686
959 3719
960 3724
961 3707
962 3708
963 3697
964 3702
965 3762
966 3708
967 3700
968 3722
969 3725
970 3748
971 3744
972 3703
973 3709
974 3717
975 3754
976 3721
977 3722
978 3700
979 3708
980 3703
981 3689
982 3705
983 3693
984 3694
985 3681
986 3734
987 3738
988 3734
989 3716
990 3720
991 3704
992 3709
993 3703
994 3704
995 3698
996 3728
997 3690
998 3710
999 3722
1000 3703
1001 3728
1002 3705
1003 3690
1004 3694
1005 3706
1006 3686
1007 3728
1008 3685
1009 3695
1010 3688
1011 3685
1012 3710
1013 3705
1014 3720
1015 3717
1016 3720
1017 3728
1018 3690
1019 3713
1020 3688
1021 3706
1022 3697
1023 3685
1024 3741
1025 3739
1026 3695
1027 3724
1028 3692
1029 3713
1030 3699
1031 3690
1032 3692
1033 3715
1034 3697
1035 3747
1036 3698
1037 3704
1038 3699
1039 3693
1040 3701
1041 3749
1042 3720
1043 3725
1044 3715
1045 3709
1046 3699
1047 3695
1048 3702
1049 3701
1050 3693
1051 3688
1052 3726
1053 3717
1054 3699
1055 3681
1056 3722
1057 3661
1058 3719
1059 3726
1060 3709
1061 3690
1062 3708
1063 3709
1064 3713
1065 3723
1066 3729
1067 3707
1068 3699
1069 3691
1070 3697
1071 3704
1072 3710
1073 3712
1074 3701
1075 3751
1076 3699
1077 3681
1078 3686
1079 3743
1080 3723
1081 3703
1082 3680
1083 3696
1084 3702
1085 3709
1086 3689
1087 3740
1088 3717
1089 3696
1090 3754
1091 3697
1092 3701
1093 3718
1094 3704
1095 3733
1096 3728
1097 3683
1098 3691
1099 3718
1100 3672
1101 3711
1102 3713
1103 3724
1104 3731
1105 3675
1106 3689
1107 3713
1108 3718
1109 3689
1110 3739
1111 3729
1112 3711
1113 3725
1114 3680
1115 3727
1116 3701
1117 3694
1118 3721
1119 3716
1120 3732
1121 3708
1122 3692
1123 3729
1124 3700
1125 3709
1126 3683
1127 3695
1128 3713
1129 3726
1130 3692
1131 3713
1132 3682
1133 3728
1134 3702
1135 3704
1136 3704
1137 3728
1138 3696
1139 3718
1140 3712
1141 3716
1142 3695
1143 3731
1144 3725
1145 3717
1146 3702
1147 3718
1148 3692
1149 3697
1150 3717
1151 3699
1152 3715
1153 3739
1154 3697
1155 3730
1156 3686
1157 3729
1158 3694
1159 3665
1160 3690
1161 3693
1162 3710
1163 3712
1164 3694
1165 3720
1166 3719
1167 3705
1168 3699
1169 3712
1170 3733
1171 3709
1172 3722
1173 3700
1174 3689
1175 3693
1176 3710
1177 3705
1178 3721
1179 3739
1180 3715
1181 3715
1182 3728
1183 3729
1184 3708
1185 3700
1186 3705
1187 3692
1188 3718
1189 3704
1190 3704
1191 3718
1192 3678
1193 3743
1194 3706
1195 3701
1196 3704
1197 3679
1198 3715
1199 3706
1200 3720
1201 3736
1202 3728
1203 3713
1204 3721
1205 3708
1206 3731
1207 3725
1208 3699
1209 3690
1210 3727
1211 3730
1212 3733
1213 3735
1214 3726
1215 3704
1216 3712
1217 3697
1218 3710
1219 3721
1220 3701
1221 3700
1222 3694
1223 3682
1224 3729
1225 3708
1226 3710
1227 3695
1228 3712
1229 3696
1230 3691
1231 3708
1232 3713
1233 3714
1234 3732
1235 3730
1236 3699
1237 3717
1238 3708
1239 3708
1240 3725
1241 3707
1242 3728
1243 3713
1244 3705
1245 3713
1246 3715
1247 3700
1248 3682
1249 3732
1250 3730
1251 3732
1252 3694
1253 3702
1254 3713
1255 3706
1256 3704
1257 3718
1258 3701
1259 3757
1260 3726
1261 3716
1262 3704
1263 3701
1264 3704
1265 3703
1266 3705
1267 3707
1268 3731
1269 3694
1270 3700
1271 3720
1272 3690
1273 3716
1274 3710
1275 3701
1276 3721
1277 3756
1278 3730
1279 3744
1280 3689
1281 3694
1282 3706
1283 3735
1284 3696
1285 3701
1286 3691
1287 3721
1288 3716
1289 3735
1290 3706
1291 3700
1292 3691
1293 3707
1294 3719
1295 3721
1296 3713
1297 3698
1298 3696
1299 3696
1300 3703
1301 3714
1302 3690
1303 3688
1304 3708
1305 3724
1306 3735
1307 3701
1308 3714
1309 3715
1310 3719
1311 3703
1312 3696
1313 3697
1314 3694
1315 3688
1316 3697
1317 3688
1318 3700
1319 3716
1320 3685
1321 3734
1322 3703
1323 3713
1324 3738
1325 3701
1326 3691
1327 3698
1328 3725
1329 3725
1330 3693
1331 3719
1332 3698
1333 3733
1334 3705
1335 3717
1336 3704
1337 3733
1338 3730
1339 3690
1340 3689
1341 3727
1342 3674
1343 3699
1344 3702
1345 3721
1346 3716
1347 3717
1348 3714
1349 3738
1350 3723
1351 3694
1352 3713
1353 3716
1354 3692
1355 3728
1356 3697
1357 3726
1358 3703
1359 3722
1360 3718
1361 3694
1362 3715
1363 3732
1364 3697
1365 3680
1366 3723
1367 3727
1368 3719
1369 3735
1370 3713
1371 3700
1372 3690
1373 3702
1374 3697
1375 3716
1376 3763
1377 3706
1378 3708
1379 3709
1380 3677
1381 3709
1382 3706
1383 3720
1384 3715
1385 3720
1386 3687
1387 3721
1388 3718
1389 3698
1390 3718
1391 3695
1392 3709
1393 3674
1394 3719
1395 3697
1396 3699
1397 3738
1398 3768
1399 3697
1400 3736
1401 3698
1402 3701
1403 3697
1404 3696
1405 3692
1406 3699
1407 3686
1408 3716
1409 3710
1410 3708
1411 3734
1412 3716
1413 3729
1414 3702
1415 3728
1416 3696
1417 3699
1418 3699
1419 3718
1420 3715
1421 3736
1422 3716
1423 3712
1424 3707
1425 3727
1426 3706
1427 3712
1428 3733
1429 3706
1430 3700
1431 3688
1432 3708
1433 3688
1434 3711
1435 3730
1436 3696
1437 3754
1438 3733
1439 3696
1440 3723
1441 3704
1442 3698
1443 3726
1444 3718
1445 3718
1446 3704
1447 3726
1448 3731
1449 3736
1450 3691
1451 3732
1452 3707
1453 3681
1454 3708
1455 3718
1456 3720
1457 3697
1458 3699
1459 3697
1460 3713
1461 3692
1462 3693
1463 3717
1464 3718
1465 3723
1466 3713
1467 3728
1468 3720
1469 3712
1470 3709
1471 3692
1472 3719
1473 3706
1474 3693
1475 3698
1476 3736
1477 3723
1478 3722
1479 3697
1480 3707
1481 3697
1482 3705
1483 3721
1484 3697
1485 3717
1486 3696
1487 3740
1488 3697
1489 3701
1490 3693
1491 3723
1492 3715
1493 3724
1494 3688
1495 3714
1496 3708
1497 3752
1498 3695
1499 3698
1500 3680
1501 3715
1502 3733
1503 3708
1504 3693
1505 3736
1506 3713
1507 3719
1508 3713
1509 3721
1510 3712
1511 3736
1512 3699
1513 3732
1514 3715
1515 3683
1516 3737
1517 3704
1518 3705
1519 3708
1520 3728
1521 3699
1522 3718
1523 3697
1524 3726
1525 3727
1526 3718
1527 3716
1528 3694
1529 3739
1530 3709
1531 3709
1532 3707
1533 3711
1534 3717
1535 3720
1536 3723
1537 3742
1538 3721
1539 3720
1540 3712
1541 3712
1542 3751
1543 3687
1544 3708
1545 3699
1546 3732
1547 3723
1548 3722
1549 3741
1550 3706
1551 3725
1552 3710
1553 3741
1554 3714
1555 3717
1556 3719
1557 3702
1558 3717
1559 3697
1560 3723
1561 3720
1562 3716
1563 3704
1564 3721
1565 3770
1566 3735
1567 3728
1568 3735
1569 3723
1570 3734
1571 3737
1572 3717
1573 3692
1574 3716
1575 3697
1576 3721
1577 3692
1578 3683
1579 3725
1580 3745
1581 3700
1582 3699
1583 3716
1584 3717
1585 3759
1586 3730
1587 3719
1588 3708
1589 3730
1590 3715
1591 3757
1592 3727
1593 3703
1594 3712
1595 3720
1596 3703
1597 3721
1598 3702
1599 3704
1600 3704
1601 3732
1602 3723
1603 3801
1604 3723
1605 3709
1606 3701
1607 3703
1608 3722
1609 3734
1610 3728
1611 3727
1612 3689
1613 3767
1614 3696
1615 3729
1616 3702
1617 3735
1618 3718
1619 3720
1620 3714
1621 3706
1622 3712
1623 3729
1624 3707
1625 3720
1626 3708
1627 3705
1628 3728
1629 3724
1630 3725
1631 3730
1632 3703
1633 3716
1634 3720
1635 3730
1636 3697
1637 3736
1638 3722
1639 3723
1640 3727
1641 3780
1642 3715
1643 3709
1644 3727
1645 3706
1646 3738
1647 3728
1648 3731
1649 3741
1650 3711
1651 3708
1652 3713
1653 3708
1654 3721
1655 3737
1656 3690
1657 3679
1658 3717
1659 3710
1660 3738
1661 3717
1662 3708
1663 3725
1664 3701
1665 3715
1666 3734
1667 3709
1668 3705
1669 3709
1670 3697
1671 3706
1672 3687
1673 3713
1674 3703
1675 3720
1676 3735
1677 3727
1678 3721
1679 3700
1680 3722
1681 3728
1682 3716
1683 3692
1684 3720
1685 3709
1686 3700
1687 3731
1688 3717
1689 3741
1690 3707
1691 3715
1692 3691
1693 3716
1694 3689
1695 3722
1696 3704
1697 3717
1698 3718
1699 3697
1700 3701
1701 3714
1702 3697
1703 3732
1704 3715
1705 3725
1706 3714
1707 3706
1708 3721
1709 3729
1710 3721
1711 3675
1712 3746
1713 3714
1714 3716
1715 3716
1716 3689
1717 3718
1718 3727
1719 3708
1720 3697
1721 3686
1722 3716
1723 3709
1724 3683
1725 3706
1726 3693
1727 3684
1728 3705
1729 3764
1730 3700
1731 3739
1732 3697
1733 3721
1734 3718
1735 3712
1736 3719
1737 3722
1738 3744
1739 3722
1740 3722
1741 3715
1742 3707
1743 3713
1744 3698
1745 3708
1746 3720
1747 3712
1748 3709
1749 3700
1750 3720
1751 3754
1752 3672
1753 3678
1754 3689
1755 3700
1756 3718
1757 3718
1758 3708
1759 3727
1760 3716
1761 3720
1762 3689
1763 3708
1764 3737
1765 3697
1766 3717
1767 3725
1768 3699
1769 3732
1770 3682
1771 3724
1772 3711
1773 3716
1774 3700
1775 3715
1776 3711
1777 3724
1778 3716
1779 3730
1780 3700
1781 3691
1782 3712
1783 3722
1784 3707
1785 3711
1786 3710
1787 3716
1788 3698
1789 3690
1790 3695
1791 3711
1792 3729
1793 3698
1794 3714
1795 3738
1796 3685
1797 3738
1798 3675
1799 3717
1800 3708
1801 3767
1802 3713
1803 3727
1804 3695
1805 3711
1806 3705
1807 3707
1808 3708
1809 3719
1810 3733
1811 3733
1812 3717
1813 3689
1814 3726
1815 3717
1816 3701
1817 3770
1818 3704
1819 3719
1820 3723
1821 3730
1822 3702
1823 3705
1824 3698
1825 3721
1826 3702
1827 3711
1828 3734
1829 3695
1830 3709
1831 3683
1832 3711
1833 3690
1834 3706
1835 3710
1836 3695
1837 3702
1838 3695
1839 3723
1840 3715
1841 3719
1842 3711
1843 3689
1844 3696
1845 3773
1846 3715
1847 3720
1848 3695
1849 3739
1850 3690
1851 3706
1852 3705
1853 3710
1854 3706
1855 3721
1856 3714
1857 3737
1858 3694
1859 3697
1860 3709
1861 3729
1862 3704
1863 3698
1864 3749
1865 3736
1866 3715
1867 3690
1868 3738
1869 3723
1870 3707
1871 3712
1872 3694
1873 3713
1874 3704
1875 3708
1876 3737
1877 3707
1878 3702
1879 3707
1880 3686
1881 3704
1882 3706
1883 3712
1884 3711
1885 3706
1886 3705
1887 3711
1888 3714
1889 3674
1890 3706
1891 3734
1892 3701
1893 3683
1894 3710
1895 3728
1896 3704
1897 3744
1898 3743
1899 3734
1900 3735
1901 3713
1902 3706
1903 3695
1904 3672
1905 3949
1906 3810
1907 3810
1908 3859
1909 3756
1910 3748
1911 3737
1912 3705
1913 3698
1914 3732
1915 3736
1916 3703
1917 3711
1918 3735
1919 3734
1920 3705
1921 3696
1922 3730
1923 3702
1924 3704
1925 3727
1926 3702
1927 3727
1928 3729
1929 3717
1930 3715
1931 3709
1932 3692
1933 3723
1934 3720
1935 3718
1936 3677
1937 3696
1938 3700
1939 3731
1940 3726
1941 3717
1942 3698
1943 3703
1944 3706
1945 3731
1946 3700
1947 3739
1948 3726
1949 3686
1950 3714
1951 3733
1952 3736
1953 3731
1954 3704
1955 3714
1956 3713
1957 3704
1958 3701
1959 3725
1960 3699
1961 3730
1962 3701
1963 3692
1964 3718
1965 3720
1966 3716
1967 3708
1968 3727
1969 3710
1970 3727
1971 3671
1972 3748
1973 3718
1974 3688
1975 3729
1976 3713
1977 3731
1978 3716
1979 3694
1980 3710
1981 3718
1982 3714
1983 3699
1984 3699
1985 3708
1986 3757
1987 3697
1988 3692
1989 3716
1990 3707
1991 3708
1992 3716
1993 3704
1994 3689
1995 3695
1996 3731
1997 3714
1998 3732
1999 3700
2000 3708
2001 3720
2002 3693
2003 3693
2004 3715
2005 3714
2006 3724
2007 3696
2008 3734
2009 3694
2010 3700
2011 3720
2012 3717
2013 3696
2014 3709
2015 3719
2016 3723
2017 3706
2018 3724
2019 3733
2020 3715
2021 3693
2022 3714
2023 3692
2024 3725
2025 3707
2026 3720
2027 3704
2028 3708
2029 3715
2030 3676
2031 3703
2032 3688
2033 3695
2034 3715
2035 3718
2036 3691
2037 3708
2038 3714
2039 3715
2040 3693
2041 3719
2042 3696
2043 3710
2044 3704
2045 3706
2046 3720
2047 3692
2048 3706
2049 3693
2050 3716
2051 3729
2052 3723
2053 3697
2054 3721
2055 3733
2056 3724
2057 3694
2058 3732
2059 3720
2060 3729
2061 3699
2062 3718
2063 3695
2064 3729
2065 3742
2066 3717
2067 3729
2068 3713
2069 3737
2070 3806
2071 3744
2072 3797
2073 3747
2074 3742
2075 3745
2076 3729
2077 3729
2078 3722
2079 3703
2080 3695
2081 3724
2082 3693
2083 3728
2084 3706
2085 3697
2086 3686
2087 3748
2088 3714
2089 3701
2090 3714
2091 3735
2092 3693
2093 3728
2094 3721
2095 3695
2096 3718
2097 3708
2098 3721
2099 3720
2100 3711
2101 3706
2102 3725
2103 3689
2104 3746
2105 3731
2106 3716
2107 3716
2108 3693
2109 3699
2110 3704
2111 3747
2112 3703
2113 3697
2114 3705
2115 3675
2116 3680
2117 3725
2118 3727
2119 3667
2120 3702
2121 3704
2122 3695
2123 3694
2124 3733
2125 3724
2126 3730
2127 3699
2128 3725
2129 3710
2130 3700
2131 3723
2132 3705
2133 3728
2134 3698
2135 3695
2136 3765
2137 3704
2138 3724
2139 3685
2140 3709
2141 3757
2142 3719
2143 3700
2144 3698
2145 3703
2146 3726
2147 3708
2148 3742
2149 3722
2150 3726
2151 3707
2152 3695
2153 3707
2154 3710
2155 3695
2156 3707
2157 3729
2158 3702
2159 3700
2160 3715
2161 3725
2162 3703
2163 3731
2164 3708
2165 3730
2166 3725
2167 3713
2168 3721
2169 3714
2170 3722
2171 3712
2172 3715
2173 3693
2174 3700
2175 3727
2176 3706
2177 3730
2178 3718
2179 3731
2180 3740
2181 3730
2182 3705
2183 3780
2184 3698
2185 3775
2186 3722
2187 3698
2188 3690
2189 3705
2190 3714
2191 3711
2192 3705
2193 3702
2194 3688
2195 3716
2196 3705
2197 3738
2198 3729
2199 3723
2200 3700
2201 3691
2202 3711
2203 3682
2204 3721
2205 3725
2206 3689
2207 3713
2208 3697
2209 3724
2210 3748
2211 3721
2212 3719
2213 3703
2214 3701
2215 3699
2216 3730
2217 3741
2218 3710
2219 3736
2220 3705
2221 3703
2222 3712
2223 3688
2224 3726
2225 3715
2226 3688
2227 3699
2228 3703
2229 3687
2230 3685
2231 3715
2232 3717
2233 3726
2234 3730
2235 3701
2236 3707
2237 3710
2238 3695
2239 3736
2240 3729
2241 3702
2242 3702
2243 3682
2244 3706
2245 3717
2246 3719
2247 3745
2248 3697
2249 3726
2250 3689
2251 3727
2252 3720
2253 3696
2254 3716
2255 3726
2256 3682
2257 3683
2258 3685
2259 3709
2260 3702
2261 3689
2262 3713
2263 3704
2264 3723
2265 3719
2266 3718
2267 3708
2268 3740
2269 3695
2270 3722
2271 3719
2272 3706
2273 3714
2274 3683
2275 3689
2276 3702
2277 3703
2278 3710
2279 3717
2280 3690
2281 3699
2282 3712
2283 3722
2284 3682
2285 3749
2286 3689
2287 3689
2288 3721
2289 3711
2290 3707
2291 3726
2292 3731
2293 3735
2294 3715
2295 3700
2296 3710
2297 3739
2298 3721
2299 3726
2300 3731
2301 3706
2302 3709
2303 3722
2304 3720
2305 3723
2306 3710
2307 3691
2308 3705
2309 3731
2310 3701
2311 3694
2312 3699
2313 3708
2314 3678
2315 3707
2316 3710
2317 3683
2318 3708
2319 3730
2320 3738
2321 3726
2322 3710
2323 3743
2324 3705
2325 3783
2326 3696
2327 3717
2328 3710
2329 3755
2330 3712
2331 3699
2332 3692
2333 3724
2334 3713
2335 3732
2336 3685
2337 3744
2338 3734
2339 3711
2340 3722
2341 3771
2342 3692
2343 3690
2344 3697
2345 3727
2346 3722
2347 3700
2348 3676
2349 3689
2350 3696
2351 3741
2352 3706
2353 3710
2354 3711
2355 3693
2356 3705
2357 3770
2358 3715
2359 3708
2360 3716
2361 3710
2362 3729
2363 3725
2364 3690
2365 3742
2366 3689
2367 3691
2368 3707
2369 3683
2370 3729
2371 3723
2372 3739
2373 3737
2374 3712
2375 3710
2376 3719
2377 3709
2378 3722
2379 3707
2380 3705
2381 3700
2382 3710
2383 3713
2384 3706
2385 3719
2386 3689
2387 3687
2388 3696
2389 3695
2390 3733
2391 3713
2392 3712
2393 3702
2394 3708
2395 3736
2396 3712
2397 3771
2398 3772
2399 3702
2400 3706
2401 3731
2402 3708
2403 3696
2404 3695
2405 3737
2406 3701
2407 3703
2408 3737
2409 3707
2410 3716
2411 3716
2412 3674
2413 3683
2414 3731
2415 3717
2416 3685
2417 3735
2418 3703
2419 3732
2420 3721
2421 3698
2422 3725
2423 3740
2424 3717
2425 3709
2426 3718
2427 3734
2428 3709
2429 3725
2430 3696
2431 3732
2432 3718
2433 3698
2434 3726
2435 3728
2436 3703
2437 3693
2438 3731
2439 3693
2440 3688
2441 3714
2442 3702
2443 3702
2444 3709
2445 3774
2446 3714
2447 3724
2448 3723
2449 3699
2450 3701
2451 3723
2452 3742
2453 3772
2454 3720
2455 3777
2456 3719
2457 3741
2458 3700
2459 3672
2460 3688
2461 3726
2462 3711
2463 3734
2464 3699
2465 3702
2466 3742
2467 3695
2468 3712
2469 3703
2470 3720
2471 3729
2472 3721
2473 3731
2474 3683
2475 3697
2476 3702
2477 3697
2478 3698
2479 3758
2480 3705
2481 3729
2482 3725
2483 3732
2484 3714
2485 3711
2486 3685
2487 3740
2488 3710
2489 3715
2490 3725
2491 3707
2492 3679
2493 3744
2494 3721
2495 3703
2496 3712
2497 3724
2498 3705
2499 3700
2500 3732
2501 3709
2502 3701
2503 3722
2504 3690
2505 3700
2506 3713
2507 3733
2508 3701
2509 3734
2510 3738
2511 3725
2512 3741
2513 3684
2514 3729
2515 3688
2516 3693
2517 3698
2518 3707
2519 3717
2520 3728
2521 3719
2522 3712
2523 3720
2524 3747
2525 3718
2526 3714
2527 3725
2528 3723
2529 3680
2530 3691
2531 3697
2532 3738
2533 3709
2534 3713
2535 3733
2536 3735
2537 3714
2538 3710
2539 3697
2540 3722
2541 3740
2542 3707
2543 3722
2544 3692
2545 3730
2546 3715
2547 3679
2548 3693
2549 3693
2550 3727
2551 3725
2552 3718
2553 3709
2554 3685
2555 3693
2556 3704
2557 3713
2558 3689
2559 3687
2560 3701
2561 3723
2562 3700
2563 3718
2564 3695
2565 3711
2566 3707
2567 3703
2568 3721
2569 3716
2570 3706
2571 3708
2572 3720
2573 3705
2574 3699
2575 3729
2576 3754
2577 3727
2578 3724
2579 3742
2580 3728
2581 3731
2582 3698
2583 3688
2584 3703
2585 3737
2586 3692
2587 3715
2588 3678
2589 3708
2590 3704
2591 3789
2592 3691
2593 3738
2594 3691
2595 3741
2596 3718
2597 3693
2598 3704
2599 3709
2600 3706
2601 3690
2602 3697
2603 3705
2604 3720
2605 3717
2606 3727
2607 3724
2608 3739
2609 3716
2610 3698
2611 3686
2612 3728
2613 3674
2614 3719
2615 3742
2616 3691
2617 3679
2618 3714
2619 3701
2620 3734
2621 3698
2622 3676
2623 3693
2624 3683
2625 3702
2626 3756
2627 3728
2628 3710
2629 3723
2630 3738
2631 3705
2632 3690
2633 3690
2634 3735
2635 3727
2636 3769
2637 3694
2638 3707
2639 3700
2640 3730
2641 3722
2642 3716
2643 3732
2644 3684
2645 3721
2646 3718
2647 3703
2648 3693
2649 3687
2650 3723
2651 3709
2652 3716
2653 3706
2654 3705
2655 3732
2656 3698
2657 3720
2658 3710
2659 3686
2660 3733
2661 3730
2662 3705
2663 3696
2664 3700
2665 3716
2666 3683
2667 3702
2668 3724
2669 3715
2670 3695
2671 3696
2672 3696
2673 3715
2674 3695
2675 3704
2676 3733
2677 3703
2678 3699
2679 3729
2680 3692
2681 3739
2682 3695
2683 3680
2684 3721
2685 3707
2686 3704
2687 3732
2688 3702
2689 3696
2690 3727
2691 3697
2692 3728
2693 3725
2694 3755
2695 3687
2696 3691
2697 3689
2698 3705
2699 3726
2700 3713
2701 3693
2702 3741
2703 3714
2704 3681
2705 3710
2706 3709
2707 3721
2708 3710
2709 3701
2710 3710
2711 3685
2712 3716
2713 3737
2714 3694
2715 3723
2716 3726
2717 3682
2718 3715
2719 3680
2720 3714
2721 3722
2722 3672
2723 3707
2724 3733
2725 3696
2726 3725
2727 3691
2728 3717
2729 3683
2730 3673
2731 3675
2732 3718
2733 3699
2734 3706
2735 3685
2736 3681
2737 3696
2738 3700
2739 3715
2740 3724
2741 3695
2742 3707
2743 3727
2744 3685
2745 3729
2746 3723
2747 3734
2748 3719
2749 3730
2750 3694
2751 3717
2752 3727
2753 3718
2754 3681
2755 3696
2756 3701
2757 3703
2758 3691
2759 3705
2760 3698
2761 3717
2762 3728
2763 3700
2764 3712
2765 3711
2766 3714
2767 3753
2768 3677
2769 3671
2770 3692
2771 3695
2772 3708
2773 3721
2774 3686
2775 3699
2776 3735
2777 3755
2778 3701
2779 3714
2780 3732
2781 3669
2782 3710
2783 3694
2784 3673
2785 3721
2786 3731
2787 3694
2788 3697
2789 3764
2790 3687
2791 3682
2792 3689
2793 3691
2794 3675
2795 3721
2796 3733
2797 3702
2798 3700
2799 3703
2800 3713
2801 3731
2802 3726
2803 3685
2804 3694
2805 3731
2806 3757
2807 3737
2808 3701
2809 3701
2810 3750
2811 3727
2812 3712
2813 3672
2814 3718
2815 3713
2816 3695
2817 3730
2818 3721
2819 3719
2820 3723
2821 3701
2822 3729
2823 3743
2824 3731
2825 3706
2826 3729
2827 3708
2828 3695
2829 3715
2830 3683
2831 3718
2832 3745
2833 3699
2834 3749
2835 3707
2836 3698
2837 3694
2838 3742
2839 3698
2840 3715
2841 3796
2842 3716
2843 3721
2844 3737
2845 3707
2846 3715
2847 3719
2848 3717
2849 3708
2850 3705
2851 3728
2852 3726
2853 3687
2854 3679
2855 3706
2856 3698
2857 3702
2858 3707
2859 3731
2860 3715
2861 3696
2862 3706
2863 3695
2864 3738
2865 3715
2866 3704
2867 3704
2868 3725
2869 3713
2870 3724
2871 3735
2872 3719
2873 3704
2874 3698
2875 3710
2876 3716
2877 3702
2878 3681
2879 3722
2880 3725
2881 3686
2882 3728
2883 3690
2884 3698
2885 3706
2886 3715
2887 3706
2888 3717
2889 3704
2890 3709
2891 3717
2892 3689
2893 3734
2894 3687
2895 3700
2896 3684
2897 3752
2898 3745
2899 3738
2900 3709
2901 3696
2902 3765
2903 3715
2904 3719
2905 3669
2906 3747
2907 3720
2908 3715
2909 3927
2910 3815
2911 3802
2912 3820
2913 3744
2914 3754
2915 3697
2916 3694
2917 3705
2918 3738
2919 3693
2920 3695
2921 3685
2922 3704
2923 3699
2924 3722
2925 3689
2926 3752
2927 3722
2928 3713
2929 3709
2930 3711
2931 3697
2932 3704
2933 3717
2934 3721
2935 3689
2936 3748
2937 3728
2938 3710
2939 3694
2940 3708
2941 3693
2942 3727
2943 3691
2944 3715
2945 3672
2946 3693
2947 3691
2948 3713
2949 3681
2950 3703
2951 3691
2952 3675
2953 3730
2954 3726
2955 3754
2956 3711
2957 3685
2958 3706
2959 3729
2960 3680
2961 3729
2962 3699
2963 3706
2964 3704
2965 3696
2966 3716
2967 3742
2968 3693
2969 3711
2970 3704
2971 3712
2972 3708
2973 3696
2974 3729
2975 3715
2976 3696
2977 3741
2978 3701
2979 3713
2980 3694
2981 3694
2982 3694
2983 3733
2984 3697
2985 3671
2986 3726
2987 3690
2988 3708
2989 3680
2990 3729
2991 3707
2992 3704
2993 3734
2994 3715
2995 3699
2996 3711
2997 3718
2998 3715
2999 3743
3000 3702
3001 3693
3002 3740
3003 3723
3004 3698
3005 3716
3006 3717
3007 3698
3008 3680
3009 3725
3010 3692
3011 3707
3012 3695
3013 3679
3014 3695
3015 3678
3016 3706
3017 3700
3018 3707
3019 3694
3020 3733
3021 3732
3022 3699
3023 3725
3024 3735
3025 3726
3026 3708
3027 3703
3028 3724
3029 3678
3030 3732
3031 3718
3032 3746
3033 3723
3034 3729
3035 3698
3036 3735
3037 3715
3038 3709
3039 3688
3040 3694
3041 3705
3042 3713
3043 3732
3044 3724
3045 3692
3046 3703
3047 3735
3048 3700
3049 3721
3050 3729
3051 3705
3052 3700
3053 3671
3054 3711
3055 3710
3056 3695
3057 3716
3058 3682
3059 3689
3060 3692
3061 3715
3062 3729
3063 3723
3064 3699
3065 3719
3066 3717
3067 3714
3068 3720
3069 3691
3070 3683
3071 3725
3072 3711
3073 3721
3074 3691
3075 3730
3076 3691
3077 3688
3078 3675
3079 3715
3080 3674
3081 3695
3082 3698
3083 3715
3084 3735
3085 3717
3086 3733
3087 3733
3088 3720
3089 3677
3090 3699
3091 3713
3092 3709
3093 3685
3094 3801
3095 3701
3096 3724
3097 3724
3098 3716
3099 3705
3100 3701
3101 3677
3102 3711
3103 3728
3104 3728
3105 3723
3106 3738
3107 3703
3108 3707
3109 3684
3110 3736
3111 3777
3112 3707
3113 3715
3114 3715
3115 3742
3116 3693
3117 3718
3118 3682
3119 3688
3120 3710
3121 3773
3122 3713
3123 3699
3124 3682
3125 3701
3126 3673
3127 3698
3128 3675
3129 3701
3130 3694
3131 3707
3132 3676
3133 3680
3134 3704
3135 3697
3136 3730
3137 3719
3138 3708
3139 3689
3140 3717
3141 3729
3142 3731
3143 3695
3144 3717
3145 3732
3146 3731
3147 3689
3148 3697
3149 3717
3150 3716
3151 3704
3152 3702
3153 3701
3154 3726
3155 3712
3156 3701
3157 3700
3158 3709
3159 3723
3160 3722
3161 3731
3162 3710
3163 3734
3164 3734
3165 3720
3166 3728
3167 3699
3168 3730
3169 3730
3170 3695
3171 3672
3172 3706
3173 3701
3174 3693
3175 3711
3176 3724
3177 3700
3178 3691
3179 3718
3180 3732
3181 3703
3182 3689
3183 3712
3184 3664
3185 3725
3186 3682
3187 3680
3188 3711
3189 3711
3190 3684
3191 3715
3192 3709
3193 3702
3194 3703
3195 3672
3196 3690
3197 3711
3198 3735
3199 3670
3200 3717
3201 3713
3202 3692
3203 3716
3204 3743
3205 3733
3206 3697
3207 3697
3208 3717
3209 3711
3210 3707
3211 3691
3212 3707
3213 3703
3214 3685
3215 3733
3216 3722
3217 3721
3218 3704
3219 3728
3220 3695
3221 3699
3222 3681
3223 3693
3224 3710
3225 3697
3226 3716
3227 3683
3228 3702
3229 3707
3230 3712
3231 3710
3232 3715
3233 3698
3234 3689
3235 3715
3236 3730
3237 3711
3238 3706
3239 3689
3240 3714
3241 3715
3242 3714
3243 3722
3244 3715
3245 3686
3246 3720
3247 3719
3248 3693
3249 3696
3250 3724
3251 3713
3252 3711
3253 3695
3254 3760
3255 3726
3256 3706
3257 3729
3258 3698
3259 3718
3260 3687
3261 3759
3262 3725
3263 3725
3264 3737
3265 3726
3266 3710
3267 3704
3268 3712
3269 3699
3270 3709
3271 3708
3272 3725
3273 3727
3274 3706
3275 3732
3276 3713
3277 3697
3278 3665
3279 3717
3280 3735
3281 3716
3282 3709
3283 3713
3284 3718
3285 3708
3286 3718
3287 3693
3288 3716
3289 3684
3290 3723
3291 3686
3292 3728
3293 3710
3294 3716
3295 3706
3296 3698
3297 3727
3298 3720
3299 3743
3300 3741
3301 3727
3302 3709
3303 3698
3304 3694
3305 3697
3306 3698
3307 3724
3308 3721
3309 3694
3310 3700
3311 3693
3312 3723
3313 3715
3314 3706
3315 3724
3316 3691
3317 3750
3318 3694
3319 3697
3320 3712
3321 3695
3322 3701
3323 3714
3324 3726
3325 3691
3326 3709
3327 3726
3328 3740
3329 3695
3330 3708
3331 3722
3332 3689
3333 3702
3334 3710
3335 3726
3336 3739
3337 3705
3338 3728
3339 3707
3340 3709
3341 3708
3342 3741
3343 3744
3344 3677
3345 3702
3346 3717
3347 3704
3348 3711
3349 3700
3350 3704
3351 3684
3352 3712
3353 3701
3354 3718
3355 3688
3356 3708
3357 3696
3358 3726
3359 3679
3360 3714
3361 3700
3362 3729
3363 3699
3364 3668
3365 3717
3366 3712
3367 3679
3368 3703
3369 3722
3370 3704
3371 3728
3372 3695
3373 3742
3374 3739
3375 3727
3376 3718
3377 3701
3378 3706
3379 3700
3380 3715
3381 3728
3382 3690
3383 3729
3384 3705
3385 3716
3386 3733
3387 3712
3388 3733
3389 3699
3390 3726
3391 3698
3392 3696
3393 3699
3394 3688
3395 3742
3396 3717
3397 3716
3398 3735
3399 3727
3400 3711
3401 3736
3402 3711
3403 3685
3404 3705
3405 3712
3406 3707
3407 3709
3408 3699
3409 3719
3410 3723
3411 3698
3412 3692
3413 3703
3414 3737
3415 3691
3416 3721
3417 3728
3418 3710
3419 3692
3420 3724
3421 3716
3422 3717
3423 3734
3424 3723
3425 3726
3426 3718
3427 3705
3428 3718
3429 3724
3430 3719
3431 3717
3432 3719
3433 3717
3434 3710
3435 3696
3436 3697
3437 3727
3438 3712
3439 3698
3440 3712
3441 3700
3442 3720
3443 3787
3444 3683
3445 3691
3446 3722
3447 3709
3448 3724
3449 3710
3450 3697
3451 3712
3452 3687
3453 3685
3454 3682
3455 3733
3456 3712
3457 3698
3458 3698
3459 3727
3460 3689
3461 3720
3462 3723
3463 3707
3464 3724
3465 3704
3466 3709
3467 3699
3468 3733
3469 3743
3470 3701
3471 3731
3472 3702
3473 3771
3474 3748
3475 3677
3476 3717
3477 3733
3478 3742
3479 3713
3480 3692
3481 3770
3482 3716
3483 3730
3484 3745
3485 3715
3486 3697
3487 3708
3488 3723
3489 3676
3490 3698
3491 3726
3492 3701
3493 3706
3494 3694
3495 3731
3496 3694
3497 3727
3498 3715
3499 3713
3500 3733
3501 3724
3502 3720
3503 3723
3504 3727
3505 3703
3506 3713
3507 3729
3508 3694
3509 3701
3510 3759
3511 3758
3512 3693
3513 3735
3514 3726
3515 3730
3516 3727
3517 3702
3518 3724
3519 3706
3520 3695
3521 3713
3522 3725
3523 3682
3524 3747
3525 3722
3526 3697
3527 3769
3528 3768
3529 3741
3530 3731
3531 3699
3532 3725
3533 3691
3534 3709
3535 3701
3536 3685
3537 3689
3538 3747
3539 3703
3540 3712
3541 3732
3542 3742
3543 3697
3544 3728
3545 3701
3546 3718
3547 3681
3548 3701
3549 3694
3550 3715
3551 3736
3552 3710
3553 3721
3554 3725
3555 3683
3556 3705
3557 3703
3558 3721
3559 3679
3560 3704
3561 3689
3562 3751
3563 3690
3564 3717
3565 3693
3566 3723
3567 3684
3568 3698
3569 3689
3570 3699
3571 3686
3572 3681
3573 3733
3574 3719
3575 3686
3576 3732
3577 3707
3578 3728
3579 3696
3580 3736
3581 3707
3582 3723
3583 3680
3584 3725
3585 3744
3586 3767
3587 3707
3588 3740
3589 3690
3590 3736
3591 3685
3592 3695
3593 3723
3594 3714
3595 3687
3596 3734
3597 3702
3598 3704
3599 3754
3600 3696
3601 3726
3602 3704
3603 3710
3604 3707
3605 3694
3606 3775
3607 3726
3608 3688
3609 3734
3610 3728
3611 3694
3612 3731
3613 3689
3614 3693
3615 3735
3616 3719
3617 3696
3618 3746
3619 3691
3620 3725
3621 3718
3622 3733
3623 3804
3624 3682
3625 3729
3626 3739
3627 3730
3628 3699
3629 3693
3630 3726
3631 3704
3632 3769
3633 3719
3634 3753
3635 3686
3636 3742
3637 3738
3638 3730
3639 3702
3640 3731
3641 3735
3642 3724
3643 3706
3644 3719
3645 3695
3646 3745
3647 3765
3648 3730
3649 3709
3650 3753
3651 3706
3652 3737
3653 3728
3654 3716
3655 3690
3656 3714
3657 3716
3658 3704
3659 3702
3660 3703
3661 3731
3662 3707
3663 3669
3664 3704
3665 3751
3666 3723
3667 3726
3668 3699
3669 3730
3670 3715
3671 3720
3672 3695
3673 3730
3674 3699
3675 3716
3676 3722
3677 3717
3678 3718
3679 3707
3680 3713
3681 3719
3682 3727
3683 3746
3684 3712
3685 3724
3686 3704
3687 3681
3688 3703
3689 3707
3690 3702
3691 3728
3692 3702
3693 3726
3694 3737
3695 3726
3696 3712
3697 3733
3698 3728
3699 3718
3700 3727
3701 3723
3702 3740
3703 3707
3704 3723
3705 3729
3706 3730
3707 3684
3708 3688
3709 3695
3710 3725
3711 3721
3712 3749
3713 3695
3714 3710
3715 3727
3716 3709
3717 3735
3718 3720
3719 3697
3720 3722
3721 3695
3722 3709
3723 3683
3724 3732
3725 3691
3726 3731
3727 3725
3728 3712
3729 3727
3730 3699
3731 3707
3732 3724
3733 3707
3734 3699
3735 3696
3736 3695
3737 3712
3738 3713
3739 3715
3740 3730
3741 3755
3742 3681
3743 3697
3744 3717
3745 3709
3746 3703
3747 3733
3748 3693
3749 3701
3750 3707
3751 3722
3752 3731
3753 3703
3754 3701
3755 3719
3756 3697
3757 3714
3758 3692
3759 3692
3760 3732
3761 3711
3762 3754
3763 3682
3764 3695
3765 3696
3766 3726
3767 3686
3768 3714
3769 3769
3770 3700
3771 3708
3772 3727
3773 3680
3774 3733
3775 3770
3776 3700
3777 3720
3778 3713
3779 3711
3780 3742
3781 3715
3782 3738
3783 3730
3784 3679
3785 3688
3786 3693
3787 3682
3788 3736
3789 3697
3790 3725
3791 3713
3792 3705
3793 3711
3794 3692
3795 3716
3796 3712
3797 3713
3798 3700
3799 3684
3800 3731
3801 3728
3802 3714
3803 3704
3804 3734
3805 3698
3806 3759
3807 3712
3808 3703
3809 3707
3810 3709
3811 3692
3812 3729
3813 3693
3814 3781
3815 3709
3816 3734
3817 3702
3818 3717
3819 3705
3820 3708
3821 3721
3822 3744
3823 3700
3824 3743
3825 3714
3826 3766
3827 3724
3828 3748
3829 3726
3830 3736
3831 3702
3832 3711
3833 3691
3834 3706
3835 3673
3836 3710
3837 3716
3838 3684
3839 3717
3840 3716
3841 3691
3842 3699
3843 3687
3844 3702
3845 3695
3846 3703
3847 3728
3848 3742
3849 3706
3850 3692
3851 3682
3852 3713
3853 3748
3854 3730
3855 3721
3856 3700
3857 3736
3858 3714
3859 3759
3860 3695
3861 3705
3862 3686
3863 3728
3864 3717
3865 3749
3866 3715
3867 3719
3868 3728
3869 3700
3870 3734
3871 3789
3872 3705
3873 3684
3874 3698
3875 3714
3876 3723
3877 3714
3878 3715
3879 3757
3880 3682
3881 3693
3882 3720
3883 3688
3884 3684
3885 3729
3886 3707
3887 3719
3888 3713
3889 3693
3890 3711
3891 3703
3892 3712
3893 3765
3894 3677
3895 3698
3896 3713
3897 3784
3898 3703
3899 3712
3900 3705
3901 3690
3902 3694
3903 3730
3904 3735
3905 3729
3906 3715
3907 3706
3908 3738
3909 3744
3910 3728
3911 3724
3912 3972
3913 3846
3914 3810
3915 3868
3916 3727
3917 3819
3918 3737
3919 3736
3920 3731
3921 3720
3922 3742
3923 3736
3924 3737
3925 3722
3926 3734
3927 3698
3928 3752
3929 3706
3930 3741
3931 3711
3932 3714
3933 3732
3934 3711
3935 3756
3936 3686
3937 3703
3938 3713
3939 3704
3940 3720
3941 3700
3942 3695
3943 3704
3944 3687
3945 3713
3946 3728
3947 3757
3948 3681
3949 3689
3950 3728
3951 3698
3952 3722
3953 3725
3954 3688
3955 3703
3956 3730
3957 3708
3958 3717
3959 3684
3960 3731
3961 3725
3962 3697
3963 3680
3964 3757
3965 3696
3966 3731
3967 3718
3968 3734
3969 3709
3970 3705
3971 3749
3972 3730
3973 3710
3974 3724
3975 3720
3976 3701
3977 3720
3978 3733
3979 3721
3980 3728
3981 3766
3982 3702
3983 3745
3984 3698
3985 3725
3986 3732
3987 3725
3988 3730
3989 3757
3990 3709
3991 3724
3992 3700
3993 3747
3994 3715
3995 3728
3996 3774
3997 3697
3998 3690
3999 3700
4000 3722
4001 3682
4002 3678
4003 3775
4004 3716
4005 3679
4006 3733
4007 3762
4008 3719
4009 3685
4010 3704
4011 3736
4012 3703
4013 3739
4014 3716
4015 3727
4016 3726
4017 3703
4018 3691
4019 3734
4020 3735
4021 3731
4022 3725
4023 3748
4024 3694
4025 3742
4026 3692
4027 3732
4028 3726
4029 3713
4030 3708
4031 3709
4032 3703
4033 3711
4034 3721
4035 3727
4036 3733
4037 3774
4038 3703
4039 3765
4040 3730
4041 3756
4042 3733
4043 3696
4044 3689
4045 3723
4046 3721
4047 3710
4048 3682
4049 3697
4050 3744
4051 3716
4052 3727
4053 3682
4054 3710
4055 3723
4056 3740
4057 3717
4058 3698
4059 3716
4060 3745
4061 3691
4062 3735
4063 3725
4064 3734
4065 3741
4066 3740
4067 3720
4068 3734
4069 3739
4070 3711
4071 3759
4072 3706
4073 3681
4074 3680
4075 3726
4076 3731
4077 3697
4078 3727
4079 3723
4080 3721
4081 3706
4082 3701
4083 3709
4084 3722
4085 3778
4086 3689
4087 3716
4088 3713
4089 3747
4090 3698
4091 3700
4092 3687
4093 3717
4094 3717
4095 3750
4096 3710
4097 3738
4098 3710
4099 3715
4100 3734
4101 3703
4102 3694
4103 3727
4104 3680
4105 3684
4106 3708
4107 3730
4108 3712
4109 3680
4110 3687
4111 3742
4112 3687
4113 3730
4114 3752
4115 3714
4116 3717
4117 3712
4118 3739
4119 3682
4120 3718
4121 3744
4122 3701
4123 3739
4124 3747
4125 3689
4126 3702
4127 3710
4128 3751
4129 3724
4130 3694
4131 3697
4132 3736
4133 3739
4134 3694
4135 3730
4136 3710
4137 3689
4138 3709
4139 3761
4140 3713
4141 3728
4142 3724
4143 3730
4144 3703
4145 3681
4146 3697
4147 3722
4148 3756
4149 3687
4150 3733
4151 3752
4152 3706
4153 3719
4154 3694
4155 3732
4156 3728
4157 3693
4158 3712
4159 3720
4160 3755
4161 3693
4162 3717
4163 3687
4164 3690
4165 3725
4166 3694
4167 3703
4168 3725
4169 3708
4170 3706
4171 3712
4172 3714
4173 3719
4174 3720
4175 3684
4176 3720
4177 3699
4178 3700
4179 3706
4180 3701
4181 3752
4182 3710
4183 3702
4184 3732
4185 3726
4186 3682
4187 3679
4188 3685
4189 3745
4190 3684
4191 3754
4192 3695
4193 3700
4194 3732
4195 3705
4196 3697
4197 3722
4198 3745
4199 3737
4200 3756
4201 3672
4202 3684
4203 3776
4204 3701
4205 3780
4206 3723
4207 3703
4208 3721
4209 3706
4210 3697
4211 3701
4212 3703
4213 3696
4214 3769
4215 3706
4216 3727
4217 3732
4218 3705
4219 3731
4220 3699
4221 3698
4222 3700
4223 3708
4224 3698
4225 3712
4226 3708
4227 3714
4228 3707
4229 3716
4230 3712
4231 3699
4232 3698
4233 3711
4234 3717
4235 3715
4236 3730
4237 3730
4238 3696
4239 3715
4240 3714
4241 3726
4242 3693
4243 3720
4244 3723
4245 3743
4246 3765
4247 3743
4248 3705
4249 3710
4250 3692
4251 3680
4252 3717
4253 3697
4254 3691
4255 3715
4256 3707
4257 3717
4258 3721
4259 3752
4260 3717
4261 3700
4262 3720
4263 3698
4264 3728
4265 3724
4266 3713
4267 3704
4268 3737
4269 3687
4270 3694
4271 3726
4272 3743
4273 3723
4274 3697
4275 3733
4276 3711
4277 3701
4278 3718
4279 3699
4280 3720
4281 3701
4282 3737
4283 3716
4284 3712
4285 3688
4286 3722
4287 3760
4288 3728
4289 3723
4290 3715
4291 3764
4292 3707
4293 3754
4294 3708
4295 3724
4296 3719
4297 3713
4298 3683
4299 3720
4300 3706
4301 3761
4302 3739
4303 3722
4304 3742
4305 3726
4306 3696
4307 3694
4308 3701
4309 3700
4310 3709
4311 3694
4312 3739
4313 3756
4314 3711
4315 3768
4316 3725
4317 3741
4318 3698
4319 3723
4320 3704
4321 3780
4322 3694
4323 3765
4324 3748
4325 3711
4326 3709
4327 3718
4328 3711
4329 3696
4330 3717
4331 3730
4332 3722
4333 3732
4334 3735
4335 3739
4336 3720
4337 3736
4338 3691
4339 3703
4340 3705
4341 3721
4342 3698
4343 3710
4344 3707
4345 3670
4346 3700
4347 3680
4348 3710
4349 3720
4350 3712
4351 3736
4352 3708
4353 3731
4354 3688
4355 3691
4356 3699
4357 3731
4358 3719
4359 3725
4360 3720
4361 3739
4362 3698
4363 3738
4364 3712
4365 3734
4366 3707
4367 3707
4368 3693
4369 3716
4370 3721
4371 3681
4372 3712
4373 3739
4374 3700
4375 3694
4376 3716
4377 3684
4378 3691
4379 3725
4380 3744
4381 3713
4382 3688
4383 3689
4384 3689
4385 3699
4386 3725
4387 3735
4388 3718
4389 3746
4390 3692
4391 3710
4392 3712
4393 3752
4394 3719
4395 3723
4396 3704
4397 3719
4398 3721
4399 3720
4400 3738
4401 3680
4402 3712
4403 3695
4404 3704
4405 3734
4406 3736
4407 3709
4408 3728
4409 3740
4410 3742
4411 3723
4412 3717
4413 3727
4414 3713
4415 3720
4416 3727
4417 3703
4418 3716
4419 3711
4420 3707
4421 3700
4422 3732
4423 3725
4424 3708
4425 3732
4426 3717
4427 3704
4428 3701
4429 3696
4430 3733
4431 3729
4432 3690
4433 3691
4434 3731
4435 3680
4436 3722
4437 3694
4438 3700
4439 3710
4440 3713
4441 3736
4442 3703
4443 3754
4444 3680
4445 3732
4446 3717
4447 3731
4448 3761
4449 3687
4450 3739
4451 3725
4452 3687
4453 3726
4454 3692
4455 3731
4456 3715
4457 3700
4458 3700
4459 3687
4460 3694
4461 3693
4462 3778
4463 3737
4464 3755
4465 3690
4466 3726
4467 3691
4468 3683
4469 3699
4470 3717
4471 3725
4472 3690
4473 3740
4474 3717
4475 3696
4476 3718
4477 3692
4478 3719
4479 3701
4480 3712
4481 3696
4482 3706
4483 3676
4484 3723
4485 3737
4486 3752
4487 3711
4488 3725
4489 3685
4490 3737
4491 3712
4492 3698
4493 3704
4494 3724
4495 3705
4496 3720
4497 3721
4498 3726
4499 3704
4500 3720
4501 3695
4502 3738
4503 3683
4504 3713
4505 3711
4506 3720
4507 3719
4508 3715
4509 3680
4510 3701
4511 3697
4512 3704
4513 3690
4514 3749
4515 3723
4516 3701
4517 3733
4518 3715
4519 3697
4520 3750
4521 3731
4522 3675
4523 3708
4524 3710
4525 3692
4526 3704
4527 3719
4528 3718
4529 3750
4530 3715
4531 3733
4532 3703
4533 3736
4534 3728
4535 3702
4536 3691
4537 3798
4538 3727
4539 3720
4540 3725
4541 3713
4542 3681
4543 3737
4544 3733
4545 3723
4546 3717
4547 3712
4548 3700
4549 3710
4550 3686
4551 3707
4552 3708
4553 3700
4554 3697
4555 3710
4556 3732
4557 3725
4558 3695
4559 3743
4560 3733
4561 3706
4562 3710
4563 3695
4564 3745
4565 3717
4566 3698
4567 3731
4568 3729
4569 3725
4570 3739
4571 3708
4572 3710
4573 3712
4574 3691
4575 3731
4576 3705
4577 3719
4578 3729
4579 3698
4580 3728
4581 3720
4582 3712
4583 3707
4584 3706
4585 3704
4586 3701
4587 3710
4588 3745
4589 3789
4590 3707
4591 3791
4592 3733
4593 3706
4594 3712
4595 3708
4596 3679
4597 3703
4598 3682
4599 3692
4600 3727
4601 3708
4602 3743
4603 3725
4604 3672
4605 3672
4606 3738
4607 3724
4608 3705
4609 3731
4610 3709
4611 3689
4612 3722
4613 3720
4614 3708
4615 3723
4616 3720
4617 3720
4618 3698
4619 3722
4620 3725
4621 3717
4622 3711
4623 3731
4624 3714
4625 3694
4626 3719
4627 3684
4628 3709
4629 3715
4630 3767
4631 3721
4632 3702
4633 3698
4634 3680
4635 3723
4636 3729
4637 3706
4638 3709
4639 3737
4640 3742
4641 3720
4642 3682
4643 3702
4644 3739
4645 3731
4646 3715
4647 3701
4648 3737
4649 3724
4650 3715
4651 3701
4652 3713
4653 3720
4654 3718
4655 3702
4656 3702
4657 3711
4658 3704
4659 3753
4660 3714
4661 3676
4662 3691
4663 3713
4664 3721
4665 3731
4666 3734
4667 3696
4668 3700
4669 3713
4670 3738
4671 3701
4672 3711
4673 3700
4674 3711
4675 3709
4676 3714
4677 3698
4678 3711
4679 3678
4680 3730
4681 3706
4682 3709
4683 3719
4684 3671
4685 3679
4686 3708
4687 3707
4688 3715
4689 3732
4690 3685
4691 3712
4692 3742
4693 3728
4694 3727
4695 3690
4696 3695
4697 3776
4698 3732
4699 3711
4700 3747
4701 3703
4702 3729
4703 3704
4704 3702
4705 3745
4706 3727
4707 3756
4708 3725
4709 3708
4710 3700
4711 3714
4712 3707
4713 3735
4714 3724
4715 3708
4716 3713
4717 3738
4718 3739
4719 3711
4720 3722
4721 3706
4722 3739
4723 3725
4724 3691
4725 3715
4726 3761
4727 3704
4728 3729
4729 3724
4730 3708
4731 3700
4732 3694
4733 3733
4734 3713
4735 3729
4736 3742
4737 3711
4738 3744
4739 3729
4740 3700
4741 3720
4742 3711
4743 3748
4744 3707
4745 3749
4746 3722
4747 3712
4748 3725
4749 3758
4750 3713
4751 3744
4752 3689
4753 3695
4754 3721
4755 3714
4756 3700
4757 3729
4758 3692
4759 3694
4760 3728
4761 3721
4762 3716
4763 3752
4764 3727
4765 3704
4766 3674
4767 3719
4768 3716
4769 3719
4770 3713
4771 3769
4772 3729
4773 3696
4774 3713
4775 3726
4776 3714
4777 3697
4778 3710
4779 3723
4780 3714
4781 3723
4782 3673
4783 3785
4784 3739
4785 3698
4786 3724
4787 3732
4788 3712
4789 3696
4790 3711
4791 3700
4792 3717
4793 3730
4794 3691
4795 3745
4796 3698
4797 3678
4798 3736
4799 3720
4800 3705
4801 3720
4802 3705
4803 3768
4804 3697
4805 3733
4806 3698
4807 3696
4808 3706
4809 3693
4810 3680
4811 3690
4812 3704
4813 3764
4814 3685
4815 3680
4816 3686
4817 3706
4818 3705
4819 3706
4820 3694
4821 3729
4822 3731
4823 3740
4824 3739
4825 3739
4826 3712
4827 3695
4828 3690
4829 3705
4830 3711
4831 3725
4832 3713
4833 3728
4834 3742
4835 3722
4836 3693
4837 3741
4838 3714
4839 3722
4840 3717
4841 3712
4842 3735
4843 3718
4844 3730
4845 3747
4846 3722
4847 3719
4848 3715
4849 3724
4850 3735
4851 3706
4852 3715
4853 3705
4854 3703
4855 3712
4856 3707
4857 3704
4858 3735
4859 3707
4860 3680
4861 3746
4862 3747
4863 3711
4864 3727
4865 3729
4866 3735
4867 3698
4868 3728
4869 3703
4870 3715
4871 3676
4872 3729
4873 3695
4874 3707
4875 3694
4876 3719
4877 3718
4878 3708
4879 3703
4880 3699
4881 3710
4882 3694
4883 3710
4884 3682
4885 3706
4886 3678
4887 3731
4888 3715
4889 3727
4890 3707
4891 3692
4892 3745
4893 3711
4894 3681
4895 3697
4896 3708
4897 3733
4898 3755
4899 3755
4900 3729
4901 3687
4902 3712
4903 3764
4904 3719
4905 3740
4906 3699
4907 3717
4908 3747
4909 3741
4910 3736
4911 3683
4912 3699
4913 3682
4914 3727
4915 3704
4916 3930
4917 3803
4918 3844
4919 3823
4920 3772
4921 3723
4922 3705
4923 3686
4924 3714
4925 3705
4926 3695
4927 3711
4928 3748
4929 3738
4930 3727
4931 3715
4932 3682
4933 3705
4934 3710
4935 3735
4936 3698
4937 3713
4938 3732
4939 3692
4940 3699
4941 3697
4942 3692
4943 3700
4944 3712
4945 3683
4946 3703
4947 3745
4948 3742
4949 3713
4950 3715
4951 3739
4952 3732
4953 3765
4954 3717
4955 3688
4956 3697
4957 3712
4958 3735
4959 3701
4960 3706
4961 3694
4962 3690
4963 3685
4964 3713
4965 3735
4966 3704
4967 3717
4968 3686
4969 3707
4970 3729
4971 3708
4972 3704
4973 3746
4974 3744
4975 3747
4976 3733
4977 3762
4978 3718
4979 3693
4980 3720
4981 3704
4982 3701
4983 3757
4984 3703
4985 3728
4986 3732
4987 3777
4988 3749
4989 3691
4990 3720
4991 3711
4992 3698
4993 3714
4994 3703
4995 3740
4996 3705
4997 3669
4998 3718
4999 3712
5000 3707
5001 3717
5002 3727
5003 3707
5004 3737
5005 3776
5006 3722
5007 3711
5008 3704
5009 3705
5010 3707
5011 3691
5012 3713
5013 3689
5014 3724
5015 3695
5016 3692
5017 3706
5018 3702
5019 3740
5020 3721
5021 3701
5022 3735
5023 3715
5024 3733
5025 3718
5026 3695
5027 3744
5028 3686
5029 3683
5030 3701
5031 3696
5032 3713
5033 3730
5034 3687
5035 3721
5036 3680
5037 3707
5038 3721
5039 3738
5040 3742
5041 3691
5042 3748
5043 3736
5044 3702
5045 3700
5046 3735
5047 3705
5048 3738
5049 3712
5050 3733
5051 3702
5052 3707
5053 3731
5054 3681
5055 3699
5056 3689
5057 3727
5058 3729
5059 3697
5060 3713
5061 3743
5062 3692
5063 3758
5064 3732
5065 3705
5066 3702
5067 3695
5068 3690
5069 3697
5070 3705
5071 3687
5072 3679
5073 3696
5074 3692
5075 3716
5076 3720
5077 3670
5078 3695
5079 3703
5080 3710
5081 3711
5082 3743
5083 3731
5084 3770
5085 3714
5086 3722
5087 3746
5088 3697
5089 3728
5090 3711
5091 3708
5092 3714
5093 3705
5094 3708
5095 3708
5096 3739
5097 3723
5098 3742
5099 3720
5100 3702
5101 3752
5102 3689
5103 3700
5104 3703
5105 3684
5106 3699
5107 3726
5108 3714
5109 3726
5110 3721
5111 3685
5112 3736
5113 3695
5114 3700
5115 3712
5116 3742
5117 3741
5118 3721
5119 3707
5120 3705
5121 3717
5122 3694
5123 3680
5124 3687
5125 3688
5126 3695
5127 3687
5128 3715
5129 3744
5130 3722
5131 3730
5132 3725
5133 3719
5134 3723
5135 3698
5136 3710
5137 3740
5138 3722
5139 3728
5140 3721
5141 3701
5142 3730
5143 3754
5144 3700
5145 3718
5146 3701
5147 3730
5148 3720
5149 3727
5150 3728
5151 3719
5152 3680
5153 3724
5154 3720
5155 3722
5156 3729
5157 3725
5158 3709
5159 3724
5160 3703
5161 3718
5162 3696
5163 3736
5164 3694
5165 3754
5166 3701
5167 3720
5168 3710
5169 3728
5170 3709
5171 3708
5172 3736
5173 3750
5174 3711
5175 3681
5176 3705
5177 3743
5178 3683
5179 3691
5180 3706
5181 3697
5182 3691
5183 3704
5184 3700
5185 3754
5186 3745
5187 3703
5188 3702
5189 3704
5190 3700
5191 3734
5192 3724
5193 3695
5194 3741
5195 3682
5196 3686
5197 3719
5198 3718
5199 3704
5200 3725
5201 3722
5202 3681
5203 3713
5204 3714
5205 3792
5206 3684
5207 3751
5208 3697
5209 3710
5210 3716
5211 3739
5212 3748
5213 3735
5214 3730
5215 3702
5216 3719
5217 3712
5218 3747
5219 3709
5220 3707
5221 3712
5222 3706
5223 3686
5224 3702
5225 3714
5226 3711
5227 3728
5228 3746
5229 3717
5230 3705
5231 3682
5232 3708
5233 3692
5234 3716
5235 3700
5236 3703
5237 3742
5238 3715
5239 3704
5240 3694
5241 3742
5242 3722
5243 3723
5244 3704
5245 3737
5246 3729
5247 3721
5248 3691
5249 3669
5250 3682
5251 3727
5252 3696
5253 3719
5254 3655
5255 3702
5256 3707
5257 3730
5258 3699
5259 3767
5260 3750
5261 3709
5262 3718
5263 3709
5264 3708
5265 3747
5266 3721
5267 3747
5268 3744
5269 3744
5270 3726
5271 3721
5272 3733
5273 3750
5274 3712
5275 3721
5276 3683
5277 3741
5278 3724
5279 3696
5280 3734
5281 3723
5282 3684
5283 3735
5284 3705
5285 3743
5286 3704
5287 3782
5288 3695
5289 3817
5290 3734
5291 3691
5292 3685
5293 3720
5294 3711
5295 3727
5296 3727
5297 3725
5298 3703
5299 3731
5300 3726
5301 3725
5302 3716
5303 3719
5304 3730
5305 3742
5306 3731
5307 3729
5308 3722
5309 3717
5310 3707
5311 3725
5312 3687
5313 3707
5314 3714
5315 3738
5316 3722
5317 3732
5318 3705
5319 3731
5320 3710
5321 3709
5322 3743
5323 3708
5324 3730
5325 3725
5326 3709
5327 3712
5328 3740
5329 3731
5330 3720
5331 3738
5332 3698
5333 3718
5334 3700
5335 3733
5336 3708
5337 3718
5338 3716
5339 3713
5340 3690
5341 3732
5342 3739
5343 3792
5344 3731
5345 3705
5346 3706
5347 3699
5348 3707
5349 3716
5350 3733
5351 3729
5352 3681
5353 3733
5354 3729
5355 3708
5356 3727
5357 3712
5358 3702
5359 3763
5360 3727
5361 3729
5362 3705
5363 3714
5364 3726
5365 3753
5366 3724
5367 3815
5368 3680
5369 3732
5370 3713
5371 3715
5372 3743
5373 3748
5374 3702
5375 3701
5376 3696
5377 3738
5378 3739
5379 3735
5380 3734
5381 3729
5382 3677
5383 3742
5384 3731
5385 3701
5386 3704
5387 3733
5388 3710
5389 3703
5390 3711
5391 3702
5392 3729
5393 3672
5394 3694
5395 3732
5396 3686
5397 3746
5398 3732
5399 3766
5400 3709
5401 3732
5402 3741
5403 3720
5404 3741
5405 3718
5406 3686
5407 3683
5408 3724
5409 3758
5410 3709
5411 3707
5412 3701
5413 3730
5414 3712
5415 3722
5416 3725
5417 3691
5418 3691
5419 3732
5420 3712
5421 3742
5422 3717
5423 3715
5424 3689
5425 3738
5426 3726
5427 3742
5428 3749
5429 3723
5430 3706
5431 3728
5432 3738
5433 3725
5434 3721
5435 3716
5436 3726
5437 3743
5438 3695
5439 3718
5440 3720
5441 3711
5442 3762
5443 3708
5444 3703
5445 3734
5446 3716
5447 3732
5448 3717
5449 3694
5450 3699
5451 3796
5452 3722
5453 3693
5454 3706
5455 3744
5456 3709
5457 3720
5458 3739
5459 3726
5460 3733
5461 3737
5462 3706
5463 3758
5464 3738
5465 3720
5466 3715
5467 3708
5468 3747
5469 3738
5470 3739
5471 3733
5472 3707
5473 3731
5474 3708
5475 3727
5476 3742
5477 3727
5478 3730
5479 3716
5480 3719
5481 3732
5482 3737
5483 3720
5484 3723
5485 3695
5486 3712
5487 3773
5488 3741
5489 3740
5490 3747
5491 3716
5492 3712
5493 3720
5494 3698
5495 3727
5496 3693
5497 3673
5498 3755
5499 3803
5500 3713
5501 3678
5502 3744
5503 3731
5504 3741
5505 3718
5506 3708
5507 3695
5508 3712
5509 3742
5510 3740
5511 3762
5512 3736
5513 3729
5514 3705
5515 3795
5516 3693
5517 3782
5518 3724
5519 3730
5520 3735
5521 3726
5522 3731
5523 3738
5524 3714
5525 3723
5526 3718
5527 3727
5528 3714
5529 3717
5530 3682
5531 3716
5532 3734
5533 3709
5534 3713
5535 3697
5536 3751
5537 3721
5538 3712
5539 3733
5540 3706
5541 3725
5542 3695
5543 3730
5544 3696
5545 3698
5546 3718
5547 3727
5548 3730
5549 3714
5550 3739
5551 3740
5552 3712
5553 3719
5554 3702
5555 3724
5556 3713
5557 3714
5558 3735
5559 3731
5560 3706
5561 3715
5562 3743
5563 3729
5564 3729
5565 3790
5566 3727
5567 3692
5568 3735
5569 3736
5570 3714
5571 3708
5572 3722
5573 3725
5574 3714
5575 3708
5576 3729
5577 3720
5578 3713
5579 3701
5580 3708
5581 3788
5582 3694
5583 3730
5584 3730
5585 3703
5586 3701
5587 3729
5588 3725
5589 3721
5590 3708
5591 3739
5592 3719
5593 3726
5594 3732
5595 3711
5596 3727
5597 3712
5598 3734
5599 3700
5600 3708
5601 3695
5602 3725
5603 3723
5604 3712
5605 3727
5606 3739
5607 3716
5608 3711
5609 3728
5610 3710
5611 3713
5612 3691
5613 3729
5614 3702
5615 3723
5616 3714
5617 3731
5618 3710
5619 3707
5620 3759
5621 3718
5622 3738
5623 3723
5624 3714
5625 3730
5626 3715
5627 3724
5628 3728
5629 3752
5630 3722
5631 3703
5632 3739
5633 3746
5634 3708
5635 3759
5636 3723
5637 3727
5638 3718
5639 3721
5640 3746
5641 3732
5642 3701
5643 3730
5644 3722
5645 3719
5646 3707
5647 3703
5648 3711
5649 3700
5650 3719
5651 3745
5652 3716
5653 3742
5654 3722
5655 3700
5656 3706
5657 3699
5658 3740
5659 3745
5660 3728
5661 3733
5662 3724
5663 3722
5664 3711
5665 3708
5666 3693
5667 3778
5668 3716
5669 3698
5670 3753
5671 3753
5672 3700
5673 3711
5674 3733
5675 3721
5676 3714
5677 3727
5678 3700
5679 3717
5680 3745
5681 3706
5682 3700
5683 3732
5684 3740
5685 3710
5686 3704
5687 3704
5688 3732
5689 3726
5690 3747
5691 3743
5692 3736
5693 3705
5694 3702
5695 3740
5696 3717
5697 3723
5698 3708
5699 3734
5700 3712
5701 3736
5702 3688
5703 3720
5704 3699
5705 3714
5706 3700
5707 3725
5708 3725
5709 3725
5710 3717
5711 3749
5712 3715
5713 3780
5714 3727
5715 3741
5716 3712
5717 3709
5718 3722
5719 3740
5720 3723
5721 3735
5722 3736
5723 3753
5724 3738
5725 3715
5726 3712
5727 3709
5728 3709
5729 3749
5730 3737
5731 3745
5732 3693
5733 3728
5734 3705
5735 3723
5736 3723
5737 3745
5738 3712
5739 3723
5740 3741
5741 3715
5742 3743
5743 3708
5744 3720
5745 3767
5746 3721
5747 3689
5748 3698
5749 3736
5750 3726
5751 3701
5752 3707
5753 3728
5754 3714
5755 3708
5756 3709
5757 3708
5758 3718
5759 3708
5760 3720
5761 3729
5762 3708
5763 3705
5764 3721
5765 3731
5766 3751
5767 3727
5768 3722
5769 3726
5770 3745
5771 3707
5772 3731
5773 3743
5774 3725
5775 3702
5776 3730
5777 3743
5778 3736
5779 3783
5780 3756
5781 3744
5782 3718
5783 3731
5784 3706
5785 3690
5786 3695
5787 3742
5788 3725
5789 3729
5790 3727
5791 3737
5792 3731
5793 3736
5794 3737
5795 3711
5796 3752
5797 3705
5798 3710
5799 3706
5800 3715
5801 3792
5802 3737
5803 3713
5804 3716
5805 3728
5806 3688
5807 3743
5808 3756
5809 3740
5810 3730
5811 3745
5812 3690
5813 3726
5814 3706
5815 3729
5816 3715
5817 3736
5818 3729
5819 3709
5820 3742
5821 3732
5822 3714
5823 3710
5824 3724
5825 3713
5826 3705
5827 3769
5828 3737
5829 3743
5830 3702
5831 3727
5832 3712
5833 3722
5834 3701
5835 3745
5836 3735
5837 3782
5838 3717
5839 3713
5840 3770
5841 3769
5842 3723
5843 3736
5844 3707
5845 3713
5846 3765
5847 3697
5848 3707
5849 3713
5850 3715
5851 3725
5852 3721
5853 3744
5854 3763
5855 3709
5856 3739
5857 3722
5858 3710
5859 3710
5860 3707
5861 3716
5862 3728
5863 3725
5864 3712
5865 3714
5866 3728
5867 3707
5868 3768
5869 3710
5870 3704
5871 3726
5872 3730
5873 3731
5874 3724
5875 3740
5876 3711
5877 3729
5878 3726
5879 3736
5880 3703
5881 3730
5882 3717
5883 3740
5884 3719
5885 3718
5886 3715
5887 3732
5888 3722
5889 3702
5890 3708
5891 3714
5892 3718
5893 3722
5894 3700
5895 3810
5896 3702
5897 3792
5898 3728
5899 3796
5900 3726
5901 3708
5902 3717
5903 3718
5904 3711
5905 3741
5906 3720
5907 3702
5908 3715
5909 3718
5910 3719
5911 3730
5912 3689
5913 3732
5914 3745
5915 3718
5916 3722
5917 3777
5918 3710
5919 3932
5920 3809
5921 3809
5922 3879
5923 3727
5924 3721
5925 3733
5926 3735
5927 3739
5928 3720
5929 3740
5930 3701
5931 3708
5932 3716
5933 3734
5934 3702
5935 3724
5936 3712
5937 3690
5938 3689
5939 3714
5940 3728
5941 3723
5942 3705
5943 3714
5944 3745
5945 3695
5946 3725
5947 3683
5948 3691
5949 3670
5950 3681
5951 3734
5952 3728
5953 3704
5954 3724
5955 3728
5956 3681
5957 3721
5958 3733
5959 3714
5960 3727
5961 3780
5962 3747
5963 3715
5964 3726
5965 3734
5966 3722
5967 3731
5968 3720
5969 3728
5970 3735
5971 3693
5972 3710
5973 3683
5974 3681
5975 3725
5976 3733
5977 3746
5978 3680
5979 3700
5980 3722
5981 3725
5982 3695
5983 3693
5984 3711
5985 3718
5986 3744
5987 3726
5988 3680
5989 3694
5990 3730
5991 3690
5992 3725
5993 3706
5994 3703
5995 3746
5996 3679
5997 3704
5998 3679
5999 3703
6000 3716
6001 3707
6002 3696
6003 3685
6004 3738
6005 3703
6006 3733
6007 3742
6008 3693
6009 3728
6010 3701
6011 3725
6012 3687
6013 3722
6014 3749
6015 3718
6016 3700
6017 3787
6018 3679
6019 3684
6020 3686
6021 3686
6022 3722
6023 3692
6024 3720
6025 3749
6026 3713
6027 3709
6028 3729
6029 3689
6030 3680
6031 3729
6032 3688
6033 3693
6034 3705
6035 3680
6036 3709
6037 3778
6038 3676
6039 3696
6040 3764
6041 3680
6042 3712
6043 3676
6044 3722
6045 3678
6046 3740
6047 3666
6048 3742
6049 3728
6050 3728
6051 3750
6052 3714
6053 3708
6054 3703
6055 3733
6056 3714
6057 3699
6058 3697
6059 3686
6060 3766
6061 3689
6062 3709
6063 3742
6064 3703
6065 3701
6066 3726
6067 3699
6068 3723
6069 3700
6070 3727
6071 3722
6072 3721
6073 3727
6074 3746
6075 3733
6076 3753
6077 3724
6078 3683
6079 3720
6080 3694
6081 3729
6082 3731
6083 3740
6084 3727
6085 3721
6086 3748
6087 3716
6088 3773
6089 3741
6090 3718
6091 3733
6092 3693
6093 3722
6094 3693
6095 3734
6096 3725
6097 3728
6098 3739
6099 3712
6100 3725
6101 3682
6102 3675
6103 3721
6104 3703
6105 3683
6106 3718
6107 3690
6108 3720
6109 3703
6110 3727
6111 3690
6112 3722
6113 3687
6114 3715
6115 3722
6116 3713
6117 3734
6118 3714
6119 3735
6120 3754
6121 3740
6122 3723
6123 3688
6124 3682
6125 3702
6126 3738
6127 3700
6128 3688
6129 3685
6130 3704
6131 3756
6132 3707
6133 3727
6134 3719
6135 3725
6136 3719
6137 3717
6138 3737
6139 3759
6140 3707
6141 3706
6142 3713
6143 3741
6144 3699
6145 3706
6146 3745
6147 3704
6148 3679
6149 3748
6150 3706
6151 3677
6152 3721
6153 3705
6154 3717
6155 3680
6156 3697
6157 3704
6158 3704
6159 3696
6160 3728
6161 3700
6162 3712
6163 3753
6164 3734
6165 3676
6166 3721
6167 3718
6168 3685
6169 3705
6170 3708
6171 3739
6172 3697
6173 3739
6174 3713
6175 3738
6176 3680
6177 3743
6178 3719
6179 3690
6180 3720
6181 3681
6182 3758
6183 3740
6184 3728
6185 3677
6186 3693
6187 3721
6188 3721
6189 3703
6190 3707
6191 3708
6192 3707
6193 3710
6194 3679
6195 3711
6196 3679
6197 3717
6198 3728
6199 3712
6200 3679
6201 3721
6202 3735
6203 3734
6204 3707
6205 3730
6206 3753
6207 3707
6208 3697
6209 3714
6210 3704
6211 3707
6212 3716
6213 3699
6214 3717
6215 3693
6216 3728
6217 3702
6218 3688
6219 3680
6220 3680
6221 3712
6222 3709
6223 3743
6224 3691
6225 3709
6226 3707
6227 3708
6228 3708
6229 3716
6230 3729
6231 3746
6232 3723
6233 3743
6234 3712
6235 3764
6236 3709
6237 3725
6238 3689
6239 3685
6240 3719
6241 3724
6242 3707
6243 3732
6244 3727
6245 3726
6246 3719
6247 3685
6248 3722
6249 3790
6250 3735
6251 3700
6252 3685
6253 3743
6254 3721
6255 3707
6256 3741
6257 3694
6258 3742
6259 3693
6260 3717
6261 3684
6262 3702
6263 3701
6264 3698
6265 3747
6266 3682
6267 3705
6268 3702
6269 3706
6270 3700
6271 3718
6272 3692
6273 3729
6274 3679
6275 3698
6276 3751
6277 3734
6278 3727
6279 3700
6280 3708
6281 3701
6282 3705
6283 3711
6284 3724
6285 3692
6286 3709
6287 3718
6288 3720
6289 3709
6290 3724
6291 3721
6292 3681
6293 3741
6294 3732
6295 3742
6296 3733
6297 3709
6298 3719
6299 3699
6300 3691
6301 3714
6302 3690
6303 3741
6304 3694
6305 3713
6306 3703
6307 3711
6308 3712
6309 3720
6310 3712
6311 3713
6312 3743
6313 3739
6314 3724
6315 3702
6316 3707
6317 3670
6318 3715
6319 3712
6320 3719
6321 3731
6322 3776
6323 3688
6324 3690
6325 3703
6326 3719
6327 3731
6328 3725
6329 3704
6330 3696
6331 3711
6332 3696
6333 3707
6334 3735
6335 3749
6336 3728
6337 3699
6338 3708
6339 3685
6340 3703
6341 3714
6342 3710
6343 3711
6344 3697
6345 3733
6346 3685
6347 3678
6348 3695
6349 3706
6350 3691
6351 3726
6352 3680
6353 3698
6354 3707
6355 3725
6356 3735
6357 3676
6358 3683
6359 3728
6360 3715
6361 3700
6362 3709
6363 3781
6364 3729
6365 3706
6366 3726
6367 3725
6368 3689
6369 3707
6370 3727
6371 3730
6372 3731
6373 3753
6374 3725
6375 3690
6376 3696
6377 3744
6378 3716
6379 3735
6380 3709
6381 3728
6382 3736
6383 3727
6384 3729
6385 3723
6386 3740
6387 3726
6388 3712
6389 3732
6390 3724
6391 3732
6392 3701
6393 3715
6394 3716
6395 3741
6396 3735
6397 3750
6398 3757
6399 3711
6400 3707
6401 3730
6402 3700
6403 3740
6404 3742
6405 3717
6406 3714
6407 3667
6408 3714
6409 3747
6410 3706
6411 3728
6412 3735
6413 3736
6414 3719
6415 3727
6416 3712
6417 3723
6418 3722
6419 3760
6420 3758
6421 3691
6422 3732
6423 3749
6424 3699
6425 3730
6426 3715
6427 3714
6428 3735
6429 3707
6430 3724
6431 3730
6432 3698
6433 3727
6434 3706
6435 3754
6436 3722
6437 3737
6438 3708
6439 3788
6440 3701
6441 3703
6442 3699
6443 3736
6444 3683
6445 3737
6446 3718
6447 3704
6448 3698
6449 3707
6450 3696
6451 3716
6452 3691
6453 3679
6454 3755
6455 3734
6456 3734
6457 3737
6458 3748
6459 3728
6460 3726
6461 3752
6462 3730
6463 3723
6464 3715
6465 3703
6466 3727
6467 3709
6468 3705
6469 3718
6470 3716
6471 3708
6472 3692
6473 3713
6474 3738
6475 3680
6476 3717
6477 3731
6478 3721
6479 3731
6480 3708
6481 3731
6482 3710
6483 3737
6484 3749
6485 3725
6486 3710
6487 3738
6488 3732
6489 3707
6490 3687
6491 3724
6492 3737
6493 3722
6494 3709
6495 3766
6496 3691
6497 3683
6498 3678
6499 3681
6500 3681
6501 3697
6502 3707
6503 3727
6504 3696
6505 3696
6506 3680
6507 3722
6508 3734
6509 3728
6510 3723
6511 3745
6512 3722
6513 3730
6514 3713
6515 3700
6516 3720
6517 3724
6518 3722
6519 3709
6520 3701
6521 3736
6522 3728
6523 3740
6524 3700
6525 3759
6526 3695
6527 3701
6528 3718
6529 3740
6530 3723
6531 3735
6532 3712
6533 3719
6534 3712
6535 3724
6536 3742
6537 3731
6538 3702
6539 3713
6540 3735
6541 3738
6542 3751
6543 3713
6544 3737
6545 3716
6546 3729
6547 3715
6548 3723
6549 3709
6550 3694
6551 3726
6552 3749
6553 3750
6554 3711
6555 3745
6556 3716
6557 3734
6558 3716
6559 3732
6560 3724
6561 3725
6562 3733
6563 3747
6564 3701
6565 3732
6566 3709
6567 3722
6568 3760
6569 3751
6570 3765
6571 3710
6572 3731
6573 3716
6574 3739
6575 3724
6576 3712
6577 3720
6578 3745
6579 3712
6580 3728
6581 3693
6582 3753
6583 3730
6584 3753
6585 3729
6586 3705
6587 3722
6588 3719
6589 3722
6590 3725
6591 3733
6592 3735
6593 3710
6594 3732
6595 3749
6596 3725
6597 3740
6598 3714
6599 3755
6600 3735
6601 3738
6602 3729
6603 3742
6604 3732
6605 3737
6606 3710
6607 3735
6608 3712
6609 3716
6610 3728
6611 3720
6612 3754
6613 3729
6614 3721
6615 3707
6616 3705
6617 3726
6618 3705
6619 3728
6620 3725
6621 3717
6622 3708
6623 3711
6624 3739
6625 3710
6626 3744
6627 3712
6628 3710
6629 3712
6630 3726
6631 3741
6632 3732
6633 3682
6634 3727
6635 3703
6636 3718
6637 3681
6638 3697
6639 3729
6640 3729
6641 3752
6642 3717
6643 3736
6644 3735
6645 3743
6646 3749
6647 3725
6648 3743
6649 3719
6650 3722
6651 3714
6652 3705
6653 3732
6654 3722
6655 3728
6656 3722
6657 3722
6658 3718
6659 3723
6660 3726
6661 3746
6662 3730
6663 3738
6664 3761
6665 3707
6666 3720
6667 3732
6668 3734
6669 3731
6670 3706
6671 3738
6672 3698
6673 3728
6674 3696
6675 3750
6676 3727
6677 3705
6678 3708
6679 3715
6680 3707
6681 3739
6682 3719
6683 3732
6684 3737
6685 3728
6686 3728
6687 3698
6688 3728
6689 3727
6690 3718
6691 3744
6692 3718
6693 3745
6694 3716
6695 3746
6696 3706
6697 3744
6698 3717
6699 3728
6700 3728
6701 3724
6702 3711
6703 3721
6704 3742
6705 3743
6706 3710
6707 3719
6708 3716
6709 3747
6710 3723
6711 3673
6712 3721
6713 3741
6714 3749
6715 3749
6716 3738
6717 3719
6718 3718
6719 3742
6720 3714
6721 3755
6722 3693
6723 3706
6724 3704
6725 3751
6726 3720
6727 3730
6728 3702
6729 3731
6730 3686
6731 3729
6732 3697
6733 3703
6734 3728
6735 3727
6736 3709
6737 3738
6738 3699
6739 3729
6740 3712
6741 3731
6742 3718
6743 3669
6744 3720
6745 3741
6746 3737
6747 3724
6748 3719
6749 3736
6750 3734
6751 3723
6752 3715
6753 3752
6754 3739
6755 3686
6756 3724
6757 3704
6758 3737
6759 3751
6760 3713
6761 3713
6762 3716
6763 3737
6764 3721
6765 3732
6766 3718
6767 3713
6768 3739
6769 3703
6770 3755
6771 3730
6772 3722
6773 3691
6774 3708
6775 3709
6776 3716
6777 3731
6778 3730
6779 3759
6780 3724
6781 3752
6782 3741
6783 3727
6784 3704
6785 3732
6786 3696
6787 3720
6788 3720
6789 3733
6790 3749
6791 3758
6792 3699
6793 3706
6794 3723
6795 3702
6796 3730
6797 3746
6798 3734
6799 3716
6800 3716
6801 3704
6802 3704
6803 3727
6804 3701
6805 3730
6806 3718
6807 3692
6808 3702
6809 3676
6810 3748
6811 3721
6812 3704
6813 3719
6814 3691
6815 3744
6816 3737
6817 3677
6818 3702
6819 3714
6820 3739
6821 3744
6822 3728
6823 3736
6824 3697
6825 3746
6826 3730
6827 3732
6828 3734
6829 3687
6830 3735
6831 3753
6832 3707
6833 3750
6834 3739
6835 3732
6836 3689
6837 3736
6838 3730
6839 3715
6840 3732
6841 3714
6842 3714
6843 3761
6844 3746
6845 3701
6846 3726
6847 3762
6848 3721
6849 3753
6850 3735
6851 3734
6852 3739
6853 3721
6854 3733
6855 3703
6856 3720
6857 3733
6858 3732
6859 3699
6860 3741
6861 3715
6862 3705
6863 3733
6864 3700
6865 3736
6866 3739
6867 3729
6868 3724
6869 3715
6870 3725
6871 3739
6872 3717
6873 3736
6874 3722
6875 3745
6876 3720
6877 3731
6878 3706
6879 3755
6880 3746
6881 3701
6882 3711
6883 3692
6884 3714
6885 3758
6886 3721
6887 3751
6888 3732
6889 3739
6890 3743
6891 3731
6892 3732
6893 3740
6894 3711
6895 3808
6896 3728
6897 3771
6898 3737
6899 3721
6900 3727
6901 3730
6902 3734
6903 3736
6904 3703
6905 3683
6906 3715
6907 3699
6908 3725
6909 3735
6910 3712
6911 3708
6912 3724
6913 3714
6914 3733
6915 3694
6916 3735
6917 3696
6918 3737
6919 3718
6920 3702
6921 3756
6922 3826
6923 3911
6924 3792
6925 3862
6926 3770
6927 3738
6928 3720
6929 3714
6930 3712
6931 3710
6932 3661
6933 3694
6934 3705
6935 3754
6936 3692
6937 3721
6938 3737
6939 3665
6940 3720
6941 3674
6942 3707
6943 3689
6944 3683
6945 3722
6946 3691
6947 3701
6948 3707
6949 3694
6950 3714
6951 3667
6952 3715
6953 3679
6954 3671
6955 3699
6956 3717
6957 3672
6958 3717
6959 3692
6960 3708
6961 3709
6962 3705
6963 3769
6964 3678
6965 3691
6966 3708
6967 3687
6968 3682
6969 3717
6970 3706
6971 3706
6972 3717
6973 3681
6974 3705
6975 3728
6976 3683
6977 3696
6978 3707
6979 3720
6980 3688
6981 3703
6982 3678
6983 3674
6984 3698
6985 3704
6986 3707
6987 3667
6988 3709
6989 3722
6990 3717
6991 3775
6992 3695
6993 3690
6994 3707
6995 3710
6996 3689
6997 3715
6998 3709
6999 3670
7000 3716
7001 3697
7002 3675
7003 3736
7004 3732
7005 3730
7006 3713
7007 3693
7008 3674
7009 3729
7010 3709
7011 3698
7012 3704
7013 3692
7014 3696
7015 3729
7016 3705
7017 3675
7018 3693
7019 3689
7020 3729
7021 3696
7022 3684
7023 3707
7024 3701
7025 3722
7026 3738
7027 3732
7028 3709
7029 3710
7030 3715
7031 3706
7032 3717
7033 3717
7034 3701
7035 3683
7036 3686
7037 3668
7038 3700
7039 3705
7040 3735
7041 3704
7042 3706
7043 3705
7044 3724
7045 3716
7046 3714
7047 3705
7048 3704
7049 3728
7050 3693
7051 3707
7052 3703
7053 3698
7054 3696
7055 3704
7056 3716
7057 3696
7058 3707
7059 3719
7060 3730
7061 3723
7062 3702
7063 3681
7064 3707
7065 3733
7066 3726
7067 3711
7068 3709
7069 3732
7070 3704
7071 3680
7072 3685
7073 3702
7074 3731
7075 3699
7076 3722
7077 3702
7078 3722
7079 3706
7080 3701
7081 3710
7082 3690
7083 3694
7084 3689
7085 3725
7086 3728
7087 3714
7088 3720
7089 3699
7090 3709
7091 3711
7092 3687
7093 3704
7094 3723
7095 3707
7096 3717
7097 3706
7098 3709
7099 3676
7100 3706
7101 3698
7102 3703
7103 3728
7104 3709
7105 3728
7106 3686
7107 3710
7108 3719
7109 3719
7110 3726
7111 3674
7112 3718
7113 3706
7114 3699
7115 3714
7116 3702
7117 3706
7118 3719
7119 3700
7120 3741
7121 3722
7122 3726
7123 3692
7124 3717
7125 3688
7126 3705
7127 3699
7128 3719
7129 3696
7130 3691
7131 3708
7132 3699
7133 3729
7134 3724
7135 3697
7136 3707
7137 3682
7138 3723
7139 3712
7140 3687
7141 3717
7142 3725
7143 3720
7144 3718
7145 3767
7146 3694
7147 3705
7148 3708
7149 3718
7150 3704
7151 3700
7152 3698
7153 3690
7154 3719
7155 3680
7156 3729
7157 3686
7158 3692
7159 3726
7160 3733
7161 3702
7162 3696
7163 3726
7164 3704
7165 3700
7166 3705
7167 3730
7168 3683
7169 3702
7170 3744
7171 3717
7172 3717
7173 3716
7174 3701
7175 3693
7176 3690
7177 3733
7178 3704
7179 3710
7180 3672
7181 3703
7182 3701
7183 3706
7184 3706
7185 3710
7186 3727
7187 3687
7188 3702
7189 3694
7190 3727
7191 3683
7192 3694
7193 3697
7194 3720
7195 3694
7196 3695
7197 3708
7198 3697
7199 3686
7200 3670
7201 3675
7202 3678
7203 3697
7204 3718
7205 3717
7206 3700
7207 3716
7208 3717
7209 3689
7210 3688
7211 3694
7212 3698
7213 3677
7214 3721
7215 3690
7216 3701
7217 3702
7218 3730
7219 3687
7220 3745
7221 3719
7222 3690
7223 3683
7224 3697
7225 3714
7226 3684
7227 3717
7228 3717
7229 3734
7230 3689
7231 3696
7232 3700
7233 3732
7234 3710
7235 3692
7236 3732
7237 3706
7238 3704
7239 3696
7240 3757
7241 3690
7242 3715
7243 3712
7244 3727
7245 3704
7246 3709
7247 3754
7248 3705
7249 3707
7250 3714
7251 3705
7252 3711
7253 3702
7254 3704
7255 3702
7256 3719
7257 3721
7258 3716
7259 3699
7260 3720
7261 3725
7262 3698
7263 3718
7264 3706
7265 3696
7266 3704
7267 3717
7268 3706
7269 3711
7270 3723
7271 3719
7272 3720
7273 3704
7274 3703
7275 3675
7276 3707
7277 3691
7278 3713
7279 3668
7280 3701
7281 3701
7282 3685
7283 3699
7284 3711
7285 3705
7286 3691
7287 3691
7288 3721
7289 3689
7290 3691
7291 3724
7292 3690
7293 3675
7294 3685
7295 3722
7296 3697
7297 3718
7298 3701
7299 3700
7300 3694
7301 3675
7302 3712
7303 3698
7304 3680
7305 3711
7306 3704
7307 3709
7308 3701
7309 3688
7310 3707
7311 3708
7312 3717
7313 3695
7314 3676
7315 3723
7316 3718
7317 3670
7318 3706
7319 3682
7320 3690
7321 3706
7322 3715
7323 3715
7324 3730
7325 3699
7326 3725
7327 3678
7328 3723
7329 3715
7330 3686
7331 3712
7332 3693
7333 3715
7334 3725
7335 3730
7336 3704
7337 3765
7338 3672
7339 3715
7340 3700
7341 3747
7342 3703
7343 3725
7344 3695
7345 3715
7346 3710
7347 3739
7348 3688
7349 3722
7350 3727
7351 3687
7352 3741
7353 3697
7354 3733
7355 3705
7356 3707
7357 3719
7358 3724
7359 3737
7360 3695
7361 3689
7362 3713
7363 3662
7364 3707
7365 3725
7366 3698
7367 3696
7368 3715
7369 3708
7370 3672
7371 3677
7372 3722
7373 3687
7374 3693
7375 3679
7376 3701
7377 3714
7378 3723
7379 3722
7380 3703
7381 3717
7382 3717
7383 3723
7384 3726
7385 3684
7386 3706
7387 3707
7388 3690
7389 3713
7390 3684
7391 3733
7392 3712
7393 3713
7394 3703
7395 3727
7396 3715
7397 3760
7398 3745
7399 3743
7400 3711
7401 3703
7402 3699
7403 3683
7404 3715
7405 3718
7406 3705
7407 3729
7408 3719
7409 3736
7410 3723
7411 3700
7412 3702
7413 3717
7414 3713
7415 3714
7416 3707
7417 3688
7418 3714
7419 3713
7420 3793
7421 3725
7422 3683
7423 3734
7424 3687
7425 3734
7426 3711
7427 3719
7428 3710
7429 3713
7430 3702
7431 3736
7432 3719
7433 3731
7434 3703
7435 3697
7436 3740
7437 3726
7438 3688
7439 3693
7440 3706
7441 3697
7442 3715
7443 3721
7444 3673
7445 3706
7446 3696
7447 3684
7448 3686
7449 3726
7450 3708
7451 3759
7452 3696
7453 3723
7454 3700
7455 3736
7456 3708
7457 3726
7458 3702
7459 3731
7460 3695
7461 3720
7462 3742
7463 3745
7464 3699
7465 3712
7466 3731
7467 3721
7468 3713
7469 3702
7470 3710
7471 3692
7472 3693
7473 3719
7474 3688
7475 3682
7476 3718
7477 3698
7478 3717
7479 3720
7480 3725
7481 3690
7482 3705
7483 3685
7484 3691
7485 3691
7486 3725
7487 3712
7488 3689
7489 3718
7490 3730
7491 3724
7492 3712
7493 3713
7494 3723
7495 3687
7496 3709
7497 3695
7498 3712
7499 3688
7500 3710
7501 3715
7502 3699
7503 3701
7504 3741
7505 3700
7506 3701
7507 3700
7508 3734
7509 3712
7510 3688
7511 3695
7512 3740
7513 3700
7514 3712
7515 3710
7516 3695
7517 3707
7518 3697
7519 3685
7520 3697
7521 3746
7522 3717
7523 3689
7524 3757
7525 3684
7526 3725
7527 3729
7528 3690
7529 3732
7530 3709
7531 3717
7532 3705
7533 3696
7534 3702
7535 3696
7536 3689
7537 3716
7538 3724
7539 3695
7540 3751
7541 3708
7542 3715
7543 3727
7544 3693
7545 3694
7546 3689
7547 3716
7548 3689
7549 3699
7550 3721
7551 3677
7552 3717
7553 3735
7554 3707
7555 3705
7556 3721
7557 3731
7558 3700
7559 3711
7560 3710
7561 3737
7562 3700
7563 3712
7564 3736
7565 3710
7566 3700
7567 3723
7568 3701
7569 3722
7570 3704
7571 3699
7572 3697
7573 3697
7574 3701
7575 3682
7576 3712
7577 3756
7578 3680
7579 3695
7580 3716
7581 3680
7582 3708
7583 3701
7584 3713
7585 3710
7586 3709
7587 3713
7588 3743
7589 3699
7590 3718
7591 3723
7592 3702
7593 3716
7594 3692
7595 3703
7596 3699
7597 3699
7598 3699
7599 3717
7600 3704
7601 3694
7602 3682
7603 3709
7604 3734
7605 3700
7606 3721
7607 3711
7608 3705
7609 3680
7610 3727
7611 3693
7612 3688
7613 3698
7614 3713
7615 3715
7616 3695
7617 3736
7618 3716
7619 3721
7620 3700
7621 3689
7622 3672
7623 3716
7624 3716
7625 3734
7626 3675
7627 3696
7628 3684
7629 3763
7630 3735
7631 3676
7632 3706
7633 3710
7634 3697
7635 3719
7636 3700
7637 3727
7638 3717
7639 3683
7640 3730
7641 3723
7642 3703
7643 3688
7644 3707
7645 3693
7646 3702
7647 3727
7648 3694
7649 3706
7650 3703
7651 3695
7652 3667
7653 3716
7654 3733
7655 3699
7656 3714
7657 3703
7658 3708
7659 3688
7660 3717
7661 3701
7662 3716
7663 3684
7664 3691
7665 3703
7666 3727
7667 3702
7668 3698
7669 3707
7670 3701
7671 3683
7672 3694
7673 3724
7674 3693
7675 3714
7676 3691
7677 3715
7678 3699
7679 3714
7680 3736
7681 3713
7682 3742
7683 3724
7684 3690
7685 3725
7686 3705
7687 3712
7688 3717
7689 3726
7690 3709
7691 3700
7692 3712
7693 3724
7694 3703
7695 3700
7696 3711
7697 3723
7698 3686
7699 3676
7700 3698
7701 3712
7702 3724
7703 3695
7704 3730
7705 3726
7706 3699
7707 3705
7708 3711
7709 3700
7710 3702
7711 3709
7712 3694
7713 3724
7714 3698
7715 3713
7716 3700
7717 3710
7718 3665
7719 3665
7720 3677
7721 3694
7722 3720
7723 3695
7724 3721
7725 3704
7726 3719
7727 3712
7728 3713
7729 3722
7730 3698
7731 3699
7732 3725
7733 3713
7734 3719
7735 3715
7736 3682
7737 3702
7738 3716
7739 3698
7740 3708
7741 3728
7742 3685
7743 3698
7744 3711
7745 3690
7746 3692
7747 3719
7748 3669
7749 3745
7750 3691
7751 3733
7752 3698
7753 3761
7754 3711
7755 3710
7756 3693
7757 3742
7758 3703
7759 3692
7760 3695
7761 3695
7762 3719
7763 3739
7764 3707
7765 3719
7766 3716
7767 3726
7768 3715
7769 3734
7770 3727
7771 3696
7772 3716
7773 3734
7774 3715
7775 3722
7776 3729
7777 3729
7778 3687
7779 3710
7780 3721
7781 3680
7782 3687
7783 3706
7784 3714
7785 3708
7786 3715
7787 3675
7788 3711
7789 3675
7790 3748
7791 3715
7792 3692
7793 3695
7794 3729
7795 3711
7796 3694
7797 3703
7798 3695
7799 3742
7800 3724
7801 3714
7802 3683
7803 3687
7804 3712
7805 3709
7806 3729
7807 3705
7808 3684
7809 3717
7810 3697
7811 3689
7812 3700
7813 3746
7814 3727
7815 3721
7816 3701
7817 3722
7818 3729
7819 3729
7820 3710
7821 3722
7822 3720
7823 3724
7824 3709
7825 3739
7826 3672
7827 3718
7828 3713
7829 3701
7830 3710
7831 3700
7832 3704
7833 3717
7834 3687
7835 3737
7836 3706
7837 3776
7838 3735
7839 3729
7840 3700
7841 3723
7842 3714
7843 3701
7844 3703
7845 3699
7846 3698
7847 3694
7848 3739
7849 3713
7850 3717
7851 3687
7852 3716
7853 3716
7854 3702
7855 3729
7856 3721
7857 3696
7858 3697
7859 3717
7860 3707
7861 3718
7862 3702
7863 3715
7864 3685
7865 3757
7866 3700
7867 3695
7868 3734
7869 3699
7870 3729
7871 3654
7872 3709
7873 3695
7874 3705
7875 3715
7876 3711
7877 3709
7878 3700
7879 3696
7880 3716
7881 3746
7882 3716
7883 3714
7884 3682
7885 3715
7886 3701
7887 3762
7888 3717
7889 3697
7890 3749
7891 3720
7892 3711
7893 3732
7894 3698
7895 3724
7896 3704
7897 3781
7898 3742
7899 3729
7900 3712
7901 3716
7902 3709
7903 3713
7904 3718
7905 3692
7906 3735
7907 3679
7908 3708
7909 3736
7910 3708
7911 3704
7912 3695
7913 3704
7914 3718
7915 3728
7916 3691
7917 3698
7918 3721
7919 3697
7920 3735
7921 3675
7922 3716
7923 3740
7924 3728
7925 3715
7926 3915
7927 3848
7928 3806
7929 3821
7930 3730
7931 3737
7932 3723
7933 3740
7934 3739
7935 3729
7936 3830
7937 3784
7938 3736
7939 3700
7940 3734
7941 3696
7942 3730
7943 3734
7944 3733
7945 3707
7946 3710
7947 3677
7948 3699
7949 3688
7950 3702
7951 3691
7952 3735
7953 3707
7954 3700
7955 3669
7956 3693
7957 3679
7958 3692
7959 3676
7960 3703
7961 3714
7962 3714
7963 3676
7964 3700
7965 3731
7966 3744
7967 3731
7968 3729
7969 3720
7970 3693
7971 3714
7972 3714
7973 3714
7974 3719
7975 3721
7976 3692
7977 3734
7978 3703
7979 3668
7980 3706
7981 3720
7982 3720
7983 3740
7984 3723
7985 3729
7986 3723
7987 3680
7988 3672
7989 3685
7990 3732
7991 3697
7992 3670
7993 3717
7994 3694
7995 3711
7996 3723
7997 3695
7998 3720
7999 3683
8000 3712
8001 3744
8002 3747
8003 3748
8004 3708
8005 3681
8006 3700
8007 3680
8008 3706
8009 3709
8010 3692
8011 3675
8012 3691
8013 3671
8014 3676
8015 3693
8016 3720
8017 3693
8018 3703
8019 3700
8020 3696
8021 3675
8022 3678
8023 3732
8024 3704
8025 3693
8026 3671
8027 3721
8028 3700
8029 3676
8030 3693
8031 3702
8032 3720
8033 3713
8034 3729
8035 3668
8036 3679
8037 3735
8038 3698
8039 3699
8040 3712
8041 3732
8042 3721
8043 3700
8044 3717
8045 3679
8046 3674
8047 3702
8048 3704
8049 3671
8050 3707
8051 3675
8052 3721
8053 3679
8054 3691
8055 3671
8056 3683
8057 3724
8058 3725
8059 3665
8060 3689
8061 3679
8062 3715
8063 3731
8064 3697
8065 3674
8066 3683
8067 3681
8068 3739
8069 3733
8070 3670
8071 3686
8072 3677
8073 3675
8074 3702
8075 3687
8076 3689
8077 3694
8078 3713
8079 3684
8080 3741
8081 3708
8082 3693
8083 3692
8084 3705
8085 3714
8086 3702
8087 3710
8088 3688
8089 3734
8090 3707
8091 3667
8092 3686
8093 3686
8094 3718
8095 3711
8096 3695
8097 3720
8098 3726
8099 3690
8100 3728
8101 3683
8102 3710
8103 3726
8104 3717
8105 3673
8106 3690
8107 3689
8108 3701
8109 3673
8110 3674
8111 3718
8112 3684
8113 3713
8114 3707
8115 3668
8116 3674
8117 3719
8118 3694
8119 3705
8120 3681
8121 3668
8122 3684
8123 3718
8124 3664
8125 3723
8126 3705
8127 3681
8128 3712
8129 3731
8130 3697
8131 3674
8132 3672
8133 3681
8134 3685
8135 3682
8136 3675
8137 3699
8138 3712
8139 3698
8140 3725
8141 3723
8142 3679
8143 3719
8144 3757
8145 3679
8146 3698
8147 3737
8148 3717
8149 3705
8150 3700
8151 3696
8152 3702
8153 3724
8154 3691
8155 3725
8156 3723
8157 3691
8158 3706
8159 3700
8160 3694
8161 3731
8162 3712
8163 3720
8164 3701
8165 3761
8166 3713
8167 3707
8168 3690
8169 3685
8170 3704
8171 3712
8172 3717
8173 3725
8174 3681
8175 3708
8176 3674
8177 3687
8178 3699
8179 3706
8180 3715
8181 3704
8182 3701
8183 3699
8184 3711
8185 3676
8186 3719
8187 3683
8188 3718
8189 3677
8190 3671
8191 3744
8192 3675
8193 3671
8194 3697
8195 3669
8196 3692
8197 3711
8198 3734
8199 3708
8200 3687
8201 3722
8202 3704
8203 3667
8204 3699
8205 3696
8206 3726
8207 3683
8208 3705
8209 3754
8210 3717
8211 3690
8212 3701
8213 3698
8214 3725
8215 3674
8216 3715
8217 3690
8218 3671
8219 3688
8220 3724
8221 3691
8222 3775
8223 3688
8224 3691
8225 3672
8226 3724
8227 3717
8228 3719
8229 3719
8230 3702
8231 3697
8232 3717
8233 3748
8234 3684
8235 3763
8236 3691
8237 3715
8238 3717
8239 3732
8240 3707
8241 3672
8242 3680
8243 3715
8244 3709
8245 3708
8246 3725
8247 3695
8248 3710
8249 3760
8250 3723
8251 3700
8252 3673
8253 3705
8254 3713
8255 3703
8256 3701
8257 3732
8258 3747
8259 3736
8260 3751
8261 3682
8262 3713
8263 3675
8264 3710
8265 3693
8266 3678
8267 3700
8268 3671
8269 3733
8270 3700
8271 3726
8272 3723
8273 3689
8274 3711
8275 3744
8276 3699
8277 3673
8278 3693
8279 3696
8280 3672
8281 3671
8282 3677
8283 3700
8284 3723
8285 3703
8286 3715
8287 3685
8288 3697
8289 3670
8290 3712
8291 3699
8292 3711
8293 3717
8294 3720
8295 3687
8296 3700
8297 3700
8298 3688
8299 3729
8300 3732
8301 3695
8302 3684
8303 3740
8304 3695
8305 3737
8306 3731
8307 3695
8308 3698
8309 3702
8310 3709
8311 3735
8312 3716
8313 3717
8314 3723
8315 3721
8316 3713
8317 3701
8318 3687
8319 3700
8320 3715
8321 3684
8322 3670
8323 3722
8324 3707
8325 3679
8326 3706
8327 3702
8328 3723
8329 3718
8330 3724
8331 3703
8332 3711
8333 3705
8334 3696
8335 3676
8336 3699
8337 3754
8338 3670
8339 3691
8340 3694
8341 3675
8342 3683
8343 3707
8344 3701
8345 3699
8346 3671
8347 3706
8348 3685
8349 3686
8350 3669
8351 3712
8352 3693
8353 3710
8354 3673
8355 3692
8356 3724
8357 3702
8358 3720
8359 3710
8360 3702
8361 3678
8362 3707
8363 3701
8364 3708
8365 3708
8366 3715
8367 3745
8368 3669
8369 3696
8370 3686
8371 3684
8372 3683
8373 3719
8374 3719
8375 3715
8376 3716
8377 3742
8378 3696
8379 3783
8380 3674
8381 3729
8382 3714
8383 3718
8384 3689
8385 3735
8386 3692
8387 3744
8388 3744
8389 3730
8390 3699
8391 3686
8392 3736
8393 3680
8394 3699
8395 3727
8396 3683
8397 3731
8398 3740
8399 3721
8400 3673
8401 3698
8402 3707
8403 3686
8404 3738
8405 3699
8406 3694
8407 3668
8408 3698
8409 3672
8410 3710
8411 3678
8412 3730
8413 3733
8414 3733
8415 3704
8416 3708
8417 3716
8418 3706
8419 3694
8420 3672
8421 3676
8422 3726
8423 3716
8424 3710
8425 3673
8426 3680
8427 3671
8428 3718
8429 3723
8430 3705
8431 3702
8432 3693
8433 3737
8434 3724
8435 3727
8436 3718
8437 3675
8438 3693
8439 3691
8440 3695
8441 3700
8442 3706
8443 3692
8444 3695
8445 3711
8446 3692
8447 3700
8448 3737
8449 3672
8450 3672
8451 3672
8452 3694
8453 3720
8454 3704
8455 3681
8456 3704
8457 3717
8458 3677
8459 3696
8460 3684
8461 3706
8462 3744
8463 3714
8464 3687
8465 3695
8466 3728
8467 3690
8468 3687
8469 3698
8470 3715
8471 3687
8472 3714
8473 3671
8474 3686
8475 3687
8476 3687
8477 3734
8478 3710
8479 3679
8480 3714
8481 3681
8482 3703
8483 3679
8484 3703
8485 3705
8486 3716
8487 3741
8488 3729
8489 3691
8490 3723
8491 3708
8492 3724
8493 3666
8494 3689
8495 3688
8496 3672
8497 3752
8498 3701
8499 3689
8500 3721
8501 3709
8502 3685
8503 3700
8504 3679
8505 3718
8506 3711
8507 3703
8508 3688
8509 3705
8510 3726
8511 3711
8512 3694
8513 3684
8514 3684
8515 3684
8516 3670
8517 3728
8518 3703
8519 3699
8520 3688
8521 3703
8522 3710
8523 3719
8524 3700
8525 3694
8526 3729
8527 3698
8528 3694
8529 3705
8530 3706
8531 3699
8532 3726
8533 3698
8534 3685
8535 3684
8536 3735
8537 3691
8538 3712
8539 3729
8540 3754
8541 3706
8542 3690
8543 3719
8544 3687
8545 3709
8546 3677
8547 3687
8548 3692
8549 3692
8550 3692
8551 3677
8552 3721
8553 3705
8554 3698
8555 3711
8556 3730
8557 3728
8558 3727
8559 3719
8560 3725
8561 3704
8562 3711
8563 3734
8564 3719
8565 3714
8566 3701
8567 3701
8568 3671
8569 3724
8570 3716
8571 3730
8572 3707
8573 3717
8574 3682
8575 3676
8576 3706
8577 3733
8578 3675
8579 3711
8580 3708
8581 3711
8582 3703
8583 3728
8584 3677
8585 3734
8586 3722
8587 3711
8588 3672
8589 3702
8590 3682
8591 3710
8592 3691
8593 3718
8594 3698
8595 3717
8596 3730
8597 3717
8598 3716
8599 3697
8600 3713
8601 3719
8602 3698
8603 3696
8604 3715
8605 3677
8606 3671
8607 3675
8608 3729
8609 3712
8610 3714
8611 3714
8612 3709
8613 3708
8614 3680
8615 3687
8616 3711
8617 3678
8618 3704
8619 3686
8620 3705
8621 3724
8622 3704
8623 3695
8624 3724
8625 3708
8626 3675
8627 3677
8628 3739
8629 3701
8630 3699
8631 3715
8632 3706
8633 3697
8634 3687
8635 3705
8636 3699
8637 3692
8638 3715
8639 3724
8640 3737
8641 3718
8642 3719
8643 3690
8644 3733
8645 3711
8646 3689
8647 3690
8648 3694
8649 3719
8650 3723
8651 3707
8652 3697
8653 3717
8654 3699
8655 3722
8656 3690
8657 3685
8658 3726
8659 3699
8660 3715
8661 3706
8662 3704
8663 3698
8664 3728
8665 3712
8666 3683
8667 3686
8668 3701
8669 3693
8670 3675
8671 3703
8672 3732
8673 3704
8674 3670
8675 3692
8676 3680
8677 3780
8678 3733
8679 3700
8680 3703
8681 3702
8682 3710
8683 3702
8684 3715
8685 3704
8686 3679
8687 3713
8688 3739
8689 3690
8690 3697
8691 3676
8692 3707
8693 3683
8694 3701
8695 3668
8696 3672
8697 3703
8698 3724
8699 3740
8700 3707
8701 3717
8702 3726
8703 3709
8704 3715
8705 3687
8706 3719
8707 3692
8708 3719
8709 3698
8710 3740
8711 3673
8712 3716
8713 3699
8714 3708
8715 3710
8716 3722
8717 3711
8718 3708
8719 3762
8720 3697
8721 3725
8722 3689
8723 3689
8724 3704
8725 3728
8726 3785
8727 3704
8728 3694
8729 3680
8730 3673
8731 3705
8732 3681
8733 3691
8734 3721
8735 3691
8736 3709
8737 3691
8738 3684
8739 3674
8740 3725
8741 3761
8742 3717
8743 3728
8744 3708
8745 3697
8746 3699
8747 3665
8748 3720
8749 3677
8750 3724
8751 3713
8752 3718
8753 3726
8754 3699
8755 3711
8756 3699
8757 3699
8758 3703
8759 3707
8760 3696
8761 3730
8762 3707
8763 3773
8764 3698
8765 3740
8766 3672
8767 3698
8768 3681
8769 3673
8770 3727
8771 3698
8772 3704
8773 3705
8774 3670
8775 3685
8776 3705
8777 3748
8778 3707
8779 3712
8780 3705
8781 3716
8782 3723
8783 3716
8784 3689
8785 3696
8786 3723
8787 3717
8788 3701
8789 3698
8790 3708
8791 3703
8792 3712
8793 3734
8794 3679
8795 3705
8796 3717
8797 3687
8798 3668
8799 3693
8800 3701
8801 3704
8802 3732
8803 3687
8804 3691
8805 3682
8806 3701
8807 3724
8808 3717
8809 3717
8810 3694
8811 3688
8812 3719
8813 3716
8814 3690
8815 3667
8816 3689
8817 3680
8818 3728
8819 3674
8820 3717
8821 3706
8822 3707
8823 3733
8824 3681
8825 3698
8826 3724
8827 3695
8828 3703
8829 3691
8830 3685
8831 3694
8832 3700
8833 3708
8834 3671
8835 3672
8836 3716
8837 3707
8838 3721
8839 3702
8840 3728
8841 3700
8842 3711
8843 3746
8844 3725
8845 3686
8846 3727
8847 3713
8848 3695
8849 3697
8850 3700
8851 3696
8852 3728
8853 3738
8854 3710
8855 3712
8856 3701
8857 3706
8858 3711
8859 3720
8860 3685
8861 3687
8862 3727
8863 3699
8864 3722
8865 3695
8866 3671
8867 3687
8868 3736
8869 3697
8870 3702
8871 3725
8872 3720
8873 3719
8874 3708
8875 3726
8876 3695
8877 3697
8878 3702
8879 3732
8880 3705
8881 3677
8882 3713
8883 3710
8884 3736
8885 3706
8886 3700
8887 3711
8888 3698
8889 3738
8890 3685
8891 3704
8892 3702
8893 3692
8894 3688
8895 3724
8896 3677
8897 3739
8898 3708
8899 3715
8900 3728
8901 3708
8902 3716
8903 3697
8904 3672
8905 3733
8906 3709
8907 3702
8908 3730
8909 3702
8910 3708
8911 3716
8912 3730
8913 3707
8914 3709
8915 3709
8916 3669
8917 3667
8918 3707
8919 3718
8920 3670
8921 3697
8922 3708
8923 3733
8924 3681
8925 3705
8926 3689
8927 3678
8928 3684
8929 3826
8930 3909
8931 3803
8932 3841
8933 3869
8934 3716
8935 3670
8936 3712
8937 3702
8938 3732
8939 3698
8940 3685
8941 3715
8942 3678
8943 3711
8944 3740
8945 3719
8946 3718
8947 3699
8948 3709
8949 3696
8950 3709
8951 3696
8952 3675
8953 3698
8954 3705
8955 3723
8956 3710
8957 3715
8958 3713
8959 3704
8960 3710
8961 3713
8962 3672
8963 3678
8964 3688
8965 3699
8966 3691
8967 3722
8968 3700
8969 3701
8970 3671
8971 3682
8972 3711
8973 3704
8974 3719
8975 3681
8976 3723
8977 3712
8978 3705
8979 3712
8980 3671
8981 3692
8982 3697
8983 3668
8984 3714
8985 3737
8986 3693
8987 3685
8988 3698
8989 3686
8990 3685
8991 3676
8992 3704
8993 3687
8994 3725
8995 3695
8996 3690
8997 3722
8998 3705
8999 3724
9000 3707
9001 3712
9002 3700
9003 3717
9004 3687
9005 3674
9006 3698
9007 3703
9008 3684
9009 3693
9010 3731
9011 3684
9012 3716
9013 3757
9014 3716
9015 3671
9016 3697
9017 3715
9018 3690
9019 3695
9020 3722
9021 3700
9022 3680
9023 3762
9024 3675
9025 3729
9026 3694
9027 3716
9028 3724
9029 3706
9030 3729
9031 3691
9032 3684
9033 3679
9034 3729
9035 3704
9036 3697
9037 3731
9038 3716
9039 3730
9040 3717
9041 3712
9042 3724
9043 3714
9044 3679
9045 3709
9046 3716
9047 3708
9048 3700
9049 3693
9050 3673
9051 3727
9052 3708
9053 3708
9054 3705
9055 3683
9056 3669
9057 3669
9058 3753
9059 3687
9060 3695
9061 3695
9062 3682
9063 3680
9064 3708
9065 3697
9066 3701
9067 3699
9068 3718
9069 3709
9070 3683
9071 3673
9072 3672
9073 3700
9074 3681
9075 3705
9076 3695
9077 3673
9078 3727
9079 3684
9080 3677
9081 3732
9082 3709
9083 3729
9084 3718
9085 3695
9086 3688
9087 3709
9088 3724
9089 3701
9090 3691
9091 3719
9092 3673
9093 3673
9094 3671
9095 3689
9096 3712
9097 3721
9098 3706
9099 3741
9100 3708
9101 3709
9102 3705
9103 3669
9104 3733
9105 3717
9106 3677
9107 3738
9108 3750
9109 3671
9110 3720
9111 3726
9112 3739
9113 3701
9114 3679
9115 3683
9116 3740
9117 3725
9118 3678
9119 3704
9120 3675
9121 3696
9122 3714
9123 3734
9124 3715
9125 3727
9126 3719
9127 3706
9128 3670
9129 3678
9130 3744
9131 3682
9132 3706
9133 3682
9134 3690
9135 3692
9136 3706
9137 3709
9138 3724
9139 3700
9140 3694
9141 3672
9142 3694
9143 3688
9144 3687
9145 3669
9146 3729
9147 3709
9148 3697
9149 3680
9150 3705
9151 3697
9152 3709
9153 3677
9154 3732
9155 3708
9156 3682
9157 3671
9158 3719
9159 3720
9160 3710
9161 3670
9162 3732
9163 3728
9164 3672
9165 3719
9166 3667
9167 3712
9168 3730
9169 3690
9170 3709
9171 3713
9172 3693
9173 3686
9174 3723
9175 3703
9176 3726
9177 3707
9178 3718
9179 3687
9180 3694
9181 3701
9182 3670
9183 3690
9184 3684
9185 3676
9186 3679
9187 3667
9188 3677
9189 3726
9190 3697
9191 3703
9192 3729
9193 3706
9194 3713
9195 3695
9196 3696
9197 3701
9198 3679
9199 3732
9200 3721
9201 3736
9202 3686
9203 3693
9204 3700
9205 3684
9206 3730
9207 3698
9208 3712
9209 3691
9210 3696
9211 3676
9212 3699
9213 3683
9214 3731
9215 3694
9216 3708
9217 3689
9218 3670
9219 3671
9220 3722
9221 3693
9222 3685
9223 3670
9224 3708
9225 3687
9226 3700
9227 3716
9228 3735
9229 3709
9230 3715
9231 3701
9232 3700
9233 3709
9234 3701
9235 3703
9236 3683
9237 3703
9238 3718
9239 3711
9240 3688
9241 3687
9242 3690
9243 3688
9244 3722
9245 3720
9246 3707
9247 3717
9248 3692
9249 3713
9250 3685
9251 3711
9252 3731
9253 3688
9254 3717
9255 3669
9256 3661
9257 3731
9258 3690
9259 3711
9260 3690
9261 3706
9262 3709
9263 3695
9264 3697
9265 3672
9266 3671
9267 3714
9268 3704
9269 3699
9270 3674
9271 3735
9272 3689
9273 3724
9274 3696
9275 3685
9276 3695
9277 3669
9278 3711
9279 3672
9280 3680
9281 3699
9282 3706
9283 3672
9284 3713
9285 3687
9286 3699
9287 3724
9288 3697
9289 3667
9290 3687
9291 3684
9292 3669
9293 3673
9294 3696
9295 3700
9296 3686
9297 3667
9298 3719
9299 3700
9300 3738
9301 3704
9302 3741
9303 3703
9304 3688
9305 3707
9306 3703
9307 3696
9308 3704
9309 3710
9310 3749
9311 3696
9312 3696
9313 3717
9314 3732
9315 3670
9316 3692
9317 3676
9318 3701
9319 3670
9320 3720
9321 3709
9322 3725
9323 3754
9324 3684
9325 3728
9326 3702
9327 3724
9328 3693
9329 3693
9330 3684
9331 3712
9332 3713
9333 3684
9334 3695
9335 3684
9336 3705
9337 3685
9338 3674
9339 3725
9340 3727
9341 3677
9342 3718
9343 3717
9344 3715
9345 3689
9346 3691
9347 3690
9348 3678
9349 3691
9350 3700
9351 3697
9352 3683
9353 3671
9354 3688
9355 3692
9356 3712
9357 3667
9358 3681
9359 3771
9360 3696
9361 3701
9362 3701
9363 3716
9364 3703
9365 3671
9366 3710
9367 3704
9368 3698
9369 3687
9370 3706
9371 3673
9372 3721
9373 3686
9374 3706
9375 3674
9376 3699
9377 3685
9378 3683
9379 3711
9380 3704
9381 3731
9382 3730
9383 3763
9384 3676
9385 3693
9386 3703
9387 3688
9388 3724
9389 3703
9390 3711
9391 3678
9392 3726
9393 3711
9394 3689
9395 3706
9396 3681
9397 3762
9398 3724
9399 3676
9400 3701
9401 3712
9402 3687
9403 3714
9404 3683
9405 3667
9406 3711
9407 3686
9408 3671
9409 3697
9410 3695
9411 3710
9412 3688
9413 3699
9414 3723
9415 3712
9416 3709
9417 3718
9418 3717
9419 3712
9420 3709
9421 3715
9422 3720
9423 3686
9424 3728
9425 3722
9426 3711
9427 3711
9428 3720
9429 3722
9430 3732
9431 3693
9432 3698
9433 3717
9434 3703
9435 3718
9436 3691
9437 3686
9438 3672
9439 3704
9440 3720
9441 3683
9442 3714
9443 3675
9444 3698
9445 3671
9446 3694
9447 3702
9448 3699
9449 3722
9450 3682
9451 3685
9452 3696
9453 3670
9454 3733
9455 3682
9456 3741
9457 3722
9458 3693
9459 3701
9460 3729
9461 3770
9462 3676
9463 3690
9464 3720
9465 3703
9466 3721
9467 3673
9468 3705
9469 3679
9470 3698
9471 3687
9472 3705
9473 3685
9474 3698
9475 3698
9476 3732
9477 3698
9478 3713
9479 3706
9480 3716
9481 3735
9482 3722
9483 3696
9484 3704
9485 3679
9486 3709
9487 3700
9488 3742
9489 3716
9490 3670
9491 3736
9492 3707
9493 3670
9494 3670
9495 3721
9496 3715
9497 3752
9498 3701
9499 3695
9500 3684
9501 3707
9502 3715
9503 3695
9504 3703
9505 3726
9506 3694
9507 3702
9508 3702
9509 3723
9510 3735
9511 3719
9512 3711
9513 3712
9514 3698
9515 3730
9516 3727
9517 3708
9518 3745
9519 3729
9520 3724
9521 3732
9522 3697
9523 3707
9524 3693
9525 3724
9526 3716
9527 3711
9528 3686
9529 3714
9530 3700
9531 3711
9532 3713
9533 3738
9534 3686
9535 3700
9536 3709
9537 3707
9538 3699
9539 3698
9540 3710
9541 3714
9542 3702
9543 3684
9544 3705
9545 3721
9546 3702
9547 3700
9548 3700
9549 3715
9550 3718
9551 3719
9552 3716
9553 3701
9554 3688
9555 3719
9556 3715
9557 3706
9558 3723
9559 3719
9560 3713
9561 3724
9562 3677
9563 3710
9564 3718
9565 3710
9566 3714
9567 3719
9568 3718
9569 3737
9570 3718
9571 3711
9572 3715
9573 3675
9574 3703
9575 3739
9576 3725
9577 3747
9578 3707
9579 3700
9580 3723
9581 3715
9582 3672
9583 3678
9584 3708
9585 3693
9586 3749
9587 3717
9588 3706
9589 3694
9590 3737
9591 3702
9592 3715
9593 3708
9594 3737
9595 3696
9596 3695
9597 3735
9598 3743
9599 3711
9600 3722
9601 3697
9602 3708
9603 3742
9604 3714
9605 3755
9606 3732
9607 3697
9608 3706
9609 3690
9610 3723
9611 3704
9612 3736
9613 3719
9614 3729
9615 3704
9616 3686
9617 3786
9618 3720
9619 3703
9620 3732
9621 3721
9622 3745
9623 3700
9624 3719
9625 3738
9626 3673
9627 3714
9628 3712
9629 3707
9630 3717
9631 3737
9632 3705
9633 3779
9634 3723
9635 3675
9636 3726
9637 3698
9638 3706
9639 3708
9640 3731
9641 3703
9642 3703
9643 3726
9644 3706
9645 3706
9646 3724
9647 3700
9648 3701
9649 3709
9650 3701
9651 3701
9652 3697
9653 3715
9654 3718
9655 3673
9656 3704
9657 3749
9658 3730
9659 3717
9660 3710
9661 3689
9662 3712
9663 3756
9664 3696
9665 3727
9666 3738
9667 3711
9668 3719
9669 3735
9670 3716
9671 3767
9672 3706
9673 3699
9674 3718
9675 3721
9676 3718
9677 3709
9678 3745
9679 3778
9680 3712
9681 3694
9682 3691
9683 3734
9684 3729
9685 3722
9686 3727
9687 3692
9688 3711
9689 3723
9690 3697
9691 3714
9692 3699
9693 3682
9694 3701
9695 3713
9696 3719
9697 3706
9698 3721
9699 3709
9700 3692
9701 3677
9702 3718
9703 3708
9704 3703
9705 3679
9706 3678
9707 3699
9708 3746
9709 3710
9710 3718
9711 3688
9712 3697
9713 3685
9714 3748
9715 3688
9716 3719
9717 3705
9718 3722
9719 3722
9720 3695
9721 3678
9722 3724
9723 3710
9724 3722
9725 3757
9726 3722
9727 3714
9728 3691
9729 3671
9730 3687
9731 3684
9732 3711
9733 3715
9734 3693
9735 3701
9736 3691
9737 3703
9738 3719
9739 3701
9740 3692
9741 3722
9742 3701
9743 3727
9744 3695
9745 3693
9746 3693
9747 3702
9748 3697
9749 3690
9750 3694
9751 3726
9752 3752
9753 3690
9754 3689
9755 3687
9756 3732
9757 3720
9758 3716
9759 3726
9760 3707
9761 3716
9762 3708
9763 3715
9764 3688
9765 3726
9766 3726
9767 3711
9768 3719
9769 3694
9770 3714
9771 3723
9772 3719
9773 3700
9774 3728
9775 3712
9776 3717
9777 3678
9778 3702
9779 3723
9780 3693
9781 3708
9782 3703
9783 3708
9784 3715
9785 3707
9786 3697
9787 3700
9788 3691
9789 3701
9790 3713
9791 3734
9792 3707
9793 3744
9794 3705
9795 3740
9796 3699
9797 3709
9798 3715
9799 3714
9800 3732
9801 3721
9802 3711
9803 3700
9804 3709
9805 3713
9806 3704
9807 3713
9808 3724
9809 3698
9810 3689
9811 3698
9812 3703
9813 3678
9814 3716
9815 3717
9816 3710
9817 3719
9818 3724
9819 3701
9820 3710
9821 3716
9822 3689
9823 3734
9824 3710
9825 3728
9826 3697
9827 3706
9828 3682
9829 3669
9830 3721
9831 3708
9832 3708
9833 3689
9834 3710
9835 3724
9836 3720
9837 3697
9838 3698
9839 3699
9840 3728
9841 3770
9842 3695
9843 3704
9844 3720
9845 3709
9846 3724
9847 3692
9848 3715
9849 3769
9850 3692
9851 3726
9852 3725
9853 3733
9854 3688
9855 3691
9856 3725
9857 3720
9858 3722
9859 3707
9860 3702
9861 3773
9862 3689
9863 3712
9864 3737
9865 3733
9866 3745
9867 3735
9868 3713
9869 3721
9870 3715
9871 3700
9872 3693
9873 3730
9874 3709
9875 3730
9876 3711
9877 3733
9878 3689
9879 3688
9880 3695
9881 3736
9882 3730
9883 3726
9884 3714
9885 3736
9886 3710
9887 3714
9888 3730
9889 3713
9890 3706
9891 3695
9892 3700
9893 3725
9894 3698
9895 3695
9896 3714
9897 3730
9898 3735
9899 3691
9900 3703
9901 3741
9902 3720
9903 3704
9904 3701
9905 3685
9906 3716
9907 3693
9908 3685
9909 3749
9910 3709
9911 3686
9912 3731
9913 3759
9914 3697
9915 3708
9916 3703
9917 3687
9918 3684
9919 3699
9920 3725
9921 3688
9922 3698
9923 3725
9924 3690
9925 3687
9926 3678
9927 3708
9928 3698
9929 3669
9930 3692
9931 3693
9932 3728
9933 3896
9934 3851
9935 3815
9936 3831
9937 3786
9938 3735
9939 3757
9940 3734
9941 3731
9942 3692
9943 3740
9944 3741
9945 3745
9946 3727
9947 3713
9948 3710
9949 3708
9950 3698
9951 3685
9952 3700
9953 3698
9954 3691
9955 3680
9956 3738
9957 3698
9958 3724
9959 3687
9960 3701
9961 3686
9962 3719
9963 3711
9964 3677
9965 3699
9966 3682
9967 3672
9968 3699
9969 3715
9970 3711
9971 3676
9972 3713
9973 3680
9974 3671
9975 3689
9976 3729
9977 3773
9978 3709
9979 3695
9980 3668
9981 3692
9982 3692
9983 3714
9984 3702
9985 3691
9986 3686
9987 3692
9988 3672
9989 3698
9990 3697
9991 3722
9992 3716
9993 3720
9994 3671
9995 3683
9996 3696
9997 3727
9998 3713
9999 3715
# sum: 3714
# min: 3654
# max: 3972
# err cnt: 0
