1957 1931
1958 2720
1959 4278
1960 4644
1961 4713
1962 4754
1963 4785
1964 4936
1965 5022
1966 5116
1967 5345
1968 5482
1969 5493
1970 5856
1971 6045
1972 6246
1973 6276
1974 6284
1975 6289
1976 6299
1977 6305
1978 6310
1979 6313
1980 6315
1981 6317
1982 6321
1983 6323
1984 6328
1985 6335
1986 6395
1987 6447
1988 6450
1989 6512
1990 6580
1991 6626
1992 6643
1993 6647
1994 6699
1995 6708
1996 6716
1997 6721
1998 6722
1999 6727
2000 6863
2001 6892
2002 6899
2003 6900
2004 6903
2005 6907
2007 6910
2008 6912
2010 6915
2016 6916
2017 6918
2021 6919
2022 6920
2025 7077
2026 7096
2027 7264
2028 7429
2029 7447
2030 7453
2031 7755
2032 7783
2033 7791
2034 7823
2035 7848
2036 7854
2037 7856
2038 7857
2039 7858
2040 7860
2041 7861
2042 7862
2044 7863
2045 7865
2046 7866
2047 7867
2052 7868
2053 7869
2054 7879
2055 8175
2056 8264
2057 8431
2058 8473
2059 8575
2060 8629
2061 8703
2062 8772
2063 8783
2064 8848
2065 8895
2066 8961
2067 8972
2068 8975
2069 8977
2070 8979
2071 8981
2072 8982
2073 8983
2074 8984
2075 8985
2076 8986
2078 8989
2079 8990
2080 8991
2083 8992
2084 8993
2086 9056
2087 9137
2088 9163
2089 9209
2090 9219
2091 9252
2092 9299
2093 9304
2094 9311
2095 9314
2096 9319
2097 9322
2099 9323
2100 9324
2102 9325
2104 9326
2106 9327
2107 9330
2108 9332
2112 9334
2113 9337
2122 9338
2123 9339
2126 9464
2127 9524
2128 9613
2129 9618
2130 9623
2131 9667
2132 9714
2133 9806
2134 9828
2135 9836
2136 9840
2137 9844
2138 9847
2139 9848
2140 9853
2141 9859
2142 9860
2144 9885
2145 9893
2146 9909
2147 9911
2148 9912
2150 9913
2151 9915
2153 9916
2155 9924
2156 9928
2158 9929
2159 9930
2160 9948
2161 9961
2162 9976
2163 9981
2164 9985
2166 9986
2167 9987
2169 9989
2171 9990
2174 9991
2177 9992
2180 9993
2183 9994
2185 9995
2187 9996
2190 9997
2192 9998
2211 9999
2255 10000
