0 4151
1 4082
2 4091
3 4075
4 4296
5 4132
6 4094
7 4075
8 4116
9 4178
10 4121
11 4120
12 4119
13 4121
14 6682
15 4955
16 6080
17 7160
18 4104
19 4107
20 4106
21 4105
22 4210
23 4092
24 4074
25 4105
26 4091
27 4161
28 4101
29 4200
30 4101
31 4250
32 4110
33 4127
34 4115
35 4348
36 4122
37 4163
38 4261
39 4182
40 4215
41 4075
42 4093
43 4165
44 4175
45 4205
46 4163
47 4139
48 4128
49 4133
50 5471
51 5741
52 6170
53 4112
54 4092
55 4161
56 4175
57 4159
58 4130
59 4103
60 4147
61 4144
62 4120
63 4261
64 4106
65 4233
66 4143
67 4192
68 4199
69 4154
70 5125
71 4306
72 6871
73 6898
74 6933
75 4091
76 4104
77 4239
78 4092
79 4102
80 4184
81 4095
82 4074
83 4934
84 5279
85 6621
86 6507
87 6580
88 6549
89 6573
90 6549
91 4077
92 4143
93 6519
94 6593
95 6468
96 4380
97 4285
98 6908
99 4111
100 4092
101 4126
102 4105
103 4075
104 4103
105 4075
106 4106
107 4167
108 6846
109 6865
110 6593
111 7497
112 4367
113 4146
114 8236
115 4125
116 4134
117 4122
118 4075
119 6676
120 6693
121 4175
122 4142
123 6689
124 6670
125 6686
126 4298
127 4220
128 4197
129 4184
130 4092
131 4155
132 4181
133 4192
134 6601
135 6590
136 4157
137 4180
138 4105
139 4278
140 4330
141 4146
142 6101
143 4496
144 6772
145 7048
146 4419
147 4182
148 4348
149 4291
150 4358
151 4359
152 4290
153 4347
154 4408
155 4264
156 4291
157 4370
158 4228
159 4238
160 4430
161 7175
162 4215
163 5891
164 6752
165 6714
166 6733
167 6723
168 6691
169 4263
170 6715
171 4232
172 4220
173 4192
174 4683
175 5483
176 4838
177 4643
178 4110
179 6686
180 6738
181 6818
182 5047
183 6790
184 4078
185 4627
186 6569
187 6500
188 5182
189 5800
190 6730
191 6707
192 6716
193 6746
194 6705
195 6693
196 6653
197 4390
198 6726
199 6729
200 4377
201 4146
202 4152
203 4404
204 4089
205 4079
206 7071
207 4370
208 4150
209 4207
210 4171
211 4143
212 5821
213 6654
214 4075
215 6662
216 4150
217 4261
218 4127
219 4417
220 4208
221 4075
222 4218
223 4210
224 4240
225 4347
226 4088
227 4075
228 4142
229 4117
230 4155
231 4190
232 4544
233 4089
234 4108
235 4792
236 6957
237 4301
238 4473
239 6716
240 6815
241 6745
242 6859
243 6851
244 4338
245 4330
246 4494
247 4393
248 4270
249 4429
250 4165
251 4095
252 4108
253 4101
254 4267
255 4265
256 4130
257 4075
258 4118
259 4146
260 4226
261 4181
262 4143
263 4241
264 4311
265 4190
266 4265
267 5439
268 4429
269 6869
270 4162
271 6725
272 6702
273 6765
274 4148
275 6696
276 5829
277 4279
278 6767
279 6041
280 4248
281 4187
282 4315
283 4913
284 4326
285 4454
286 4447
287 4100
288 4367
289 4292
290 6837
291 6788
292 6863
293 6862
294 6629
295 4082
296 5486
297 4355
298 4274
299 4181
300 4076
301 4077
302 4107
303 4169
304 4171
305 4337
306 4140
307 4141
308 4145
309 4214
310 4145
311 4117
312 4212
313 4298
314 4271
315 7000
316 4219
317 4092
318 4121
319 4114
320 4171
321 4252
322 6907
323 6855
324 4145
325 6882
326 4117
327 5623
328 5025
329 5015
330 8694
331 4419
332 4366
333 4078
334 4272
335 4345
336 4201
337 4293
338 4350
339 4129
340 4210
341 4348
342 4211
343 4079
344 4291
345 4533
346 5197
347 4978
348 4840
349 4114
350 4169
351 4173
352 6787
353 5500
354 4321
355 4320
356 4277
357 4406
358 4110
359 4291
360 4452
361 4332
362 4821
363 4314
364 4316
365 4278
366 4114
367 4125
368 4186
369 4180
370 4119
371 4227
372 4105
373 4265
374 4194
375 4171
376 4263
377 4219
378 4168
379 4127
380 4091
381 4162
382 4127
383 4251
384 6614
385 6986
386 7124
387 7133
388 7041
389 4103
390 4341
391 4265
392 4369
393 4200
394 4310
395 4294
396 4200
397 4406
398 4952
399 4096
400 4176
401 6800
402 6740
403 4167
404 4238
405 4352
406 4442
407 4379
408 4089
409 4172
410 4074
411 4166
412 4125
413 4436
414 4160
415 4170
416 4152
417 4209
418 4137
419 4357
420 4124
421 4182
422 4091
423 4166
424 4258
425 4090
426 4262
427 4148
428 4258
429 4440
430 4279
431 4573
432 4247
433 4144
434 4333
435 4492
436 4312
437 4120
438 4202
439 4106
440 4105
441 4112
442 4174
443 4091
444 4261
445 4090
446 4114
447 4092
448 4114
449 4446
450 4451
451 4220
452 8705
453 8743
454 8618
455 8617
456 8521
457 5280
458 4074
459 8592
460 8655
461 7517
462 4816
463 6340
464 4372
465 9372
466 6148
467 7047
468 6895
469 4324
470 6867
471 6887
472 6849
473 6928
474 6778
475 6863
476 6649
477 4850
478 4196
479 6193
480 5317
481 6367
482 4116
483 4279
484 4326
485 4137
486 6790
487 6833
488 6730
489 4172
490 6823
491 6751
492 6728
493 6768
494 9898
495 6755
496 4461
497 9115
498 4333
499 7756
500 4143
501 4328
502 6635
503 6668
504 6648
505 6692
506 6627
507 6658
508 6716
509 6628
510 4325
511 4074
512 4412
513 4073
514 4354
515 4286
516 8555
517 8522
518 8516
519 8561
520 8617
521 8635
522 8629
523 6476
524 7647
525 9195
526 4475
527 9150
528 9134
529 9123
530 5940
531 9292
532 4378
533 4905
534 6439
535 4268
536 4132
537 4183
538 4079
539 6352
540 9594
541 9593
542 9414
543 9523
544 4080
545 9569
546 9538
547 9517
548 9610
549 6469
550 5492
551 5527
552 4193
553 8577
554 4466
555 5685
556 7097
557 8352
558 8194
559 4074
560 9152
561 9218
562 9217
563 9228
564 9179
565 9106
566 9170
567 4103
568 6560
569 6574
570 4551
571 4078
572 4130
573 4148
574 4225
575 6567
576 6558
577 6548
578 6597
579 6573
580 6587
581 6583
582 6585
583 6591
584 5027
585 4136
586 4085
587 8334
588 5806
589 4141
590 4366
591 4082
592 6335
593 6659
594 4078
595 6563
596 6655
597 6579
598 6610
599 6591
600 4138
601 6670
602 6659
603 8453
604 4270
605 8064
606 8066
607 8091
608 8048
609 8117
610 8090
611 8065
612 8068
613 8109
614 8113
615 7936
616 6222
617 8888
618 9199
619 9184
620 4249
621 8244
622 9162
623 9194
624 9216
625 9168
626 8359
627 4742
628 8702
629 4111
630 8722
631 8704
632 6519
633 6511
634 6501
635 6507
636 6787
637 7141
638 7115
639 8491
640 4179
641 9866
642 4177
643 7218
644 8767
645 8372
646 8423
647 8417
648 8402
649 8465
650 8524
651 8456
652 5341
653 8431
654 9038
655 6311
656 4133
657 4078
658 4348
659 6780
660 4129
661 5005
662 9144
663 8002
664 7910
665 7971
666 7975
667 7982
668 7972
669 8003
670 7197
671 4231
672 5745
673 7540
674 7920
675 6685
676 6557
677 6550
678 6586
679 6533
680 6534
681 6570
682 6669
683 6614
684 6893
685 8685
686 8480
687 8501
688 8433
689 8480
690 8457
691 4327
692 8553
693 8525
694 8403
695 8530
696 6155
697 4882
698 4135
699 8345
700 6746
701 4073
702 6767
703 6756
704 6775
705 4131
706 6747
707 6773
708 4220
709 6812
710 4079
711 8652
712 8691
713 8662
714 8706
715 7456
716 8661
717 8759
718 4183
719 8718
720 4152
721 4151
722 4295
723 8477
724 8746
725 4143
726 8705
727 8709
728 8714
729 4167
730 8763
731 4414
732 4182
733 8711
734 8709
735 4134
736 8267
737 7036
738 4137
739 6934
740 4079
741 6915
742 6935
743 4080
744 4074
745 6869
746 6946
747 7079
748 9603
749 8314
750 8274
751 8257
752 6824
753 8287
754 4133
755 8344
756 8277
757 8319
758 6905
759 5817
760 4080
761 8711
762 8703
763 6374
764 8738
765 8716
766 8733
767 4182
768 4077
769 8406
770 8438
771 7987
772 4956
773 8950
774 8725
775 8788
776 8721
777 8657
778 8204
779 8162
780 8206
781 8192
782 6770
783 4074
784 4093
785 4307
786 6499
787 6485
788 6545
789 6513
790 6497
791 6498
792 4197
793 6453
794 6488
795 6625
796 4386
797 4337
798 5256
799 9164
800 9182
801 9132
802 9107
803 9208
804 9332
805 9122
806 4082
807 7478
808 5978
809 4855
810 8201
811 4192
812 8259
813 8328
814 8234
815 8265
816 4069
817 8295
818 5522
819 8292
820 7014
821 6884
822 6784
823 6962
824 6933
825 6936
826 4080
827 6961
828 6949
829 6941
830 6871
831 4932
832 6879
833 8906
834 8901
835 8891
836 8915
837 8903
838 8872
839 8882
840 4082
841 6662
842 6594
843 7944
844 6989
845 5021
846 8684
847 8714
848 4328
849 8732
850 8749
851 8712
852 8755
853 8549
854 4074
855 4133
856 4504
857 7374
858 8386
859 4142
860 4130
861 8501
862 8440
863 8540
864 8471
865 4237
866 4133
867 8518
868 8482
869 7951
870 5768
871 8964
872 8985
873 8936
874 4079
875 4079
876 4153
877 8976
878 8990
879 9001
880 8941
881 4073
882 6253
883 8408
884 8874
885 8956
886 8888
887 8933
888 8999
889 8904
890 8858
891 8880
892 7197
893 6461
894 8035
895 8670
896 8610
897 8685
898 4878
899 4166
900 6920
901 7535
902 8806
903 8768
904 4185
905 8002
906 6520
907 6503
908 4254
909 6562
910 6472
911 6450
912 6511
913 6471
914 6455
915 6490
916 4365
917 5125
918 4477
919 4084
920 9241
921 9244
922 9188
923 9229
924 9173
925 9169
926 9208
927 9208
928 4688
929 5444
930 5096
931 4144
932 8508
933 4081
934 4450
935 8553
936 4078
937 7311
938 4128
939 4351
940 4235
941 4150
942 4102
943 4243
944 6752
945 6841
946 6834
947 6834
948 6792
949 4114
950 6874
951 6825
952 6870
953 5383
954 5696
955 4075
956 6799
957 6813
958 6828
959 6775
960 6580
961 5146
962 7118
963 4075
964 9211
965 4075
966 9158
967 9175
968 9178
969 9188
970 9229
971 9061
972 4166
973 6636
974 8677
975 4073
976 6765
977 6766
978 6787
979 6736
980 6781
981 6816
982 6748
983 4408
984 4129
985 6627
986 4370
987 6503
988 6506
989 6490
990 6489
991 6470
992 6470
993 6479
994 6524
995 4358
996 4775
997 5697
998 4384
999 6755
1000 4086
1001 4099
1002 6793
1003 6808
1004 6694
1005 6664
1006 6702
1007 4131
1008 6703
1009 9660
1010 4997
1011 4086
1012 4311
1013 4262
1014 5953
1015 8826
1016 8498
1017 8502
1018 8495
1019 8443
1020 8415
1021 8030
1022 8446
1023 8474
1024 8495
1025 4082
1026 4326
1027 8347
1028 8686
1029 8602
1030 8604
1031 8629
1032 8617
1033 8666
1034 8666
1035 8669
1036 8133
1037 6733
1038 6792
1039 4195
1040 6888
1041 6910
1042 6798
1043 6837
1044 6914
1045 6900
1046 4134
1047 4293
1048 4833
1049 9760
1050 4121
1051 4076
1052 4122
1053 5263
1054 7512
1055 6897
1056 6786
1057 4094
1058 6887
1059 4408
1060 4412
1061 4253
1062 4145
1063 6879
1064 4320
1065 6882
1066 8534
1067 8562
1068 8419
1069 8517
1070 4074
1071 8477
1072 8469
1073 8494
1074 6617
1075 7468
1076 8834
1077 8699
1078 8663
1079 8726
1080 4177
1081 8717
1082 8658
1083 8741
1084 8722
1085 8725
1086 4658
1087 6781
1088 8051
1089 8115
1090 8151
1091 8218
1092 8249
1093 8263
1094 4119
1095 6757
1096 8297
1097 8208
1098 5300
1099 6457
1100 6645
1101 6517
1102 6629
1103 6628
1104 6619
1105 4069
1106 6673
1107 4069
1108 6624
1109 6636
1110 4209
1111 5593
1112 4076
1113 4197
1114 8083
1115 5144
1116 7480
1117 8731
1118 8734
1119 8715
1120 8718
1121 8226
1122 4117
1123 8267
1124 6820
1125 6822
1126 7482
1127 7306
1128 4138
1129 6135
1130 7529
1131 4213
1132 8497
1133 8868
1134 4332
1135 8909
1136 4420
1137 8840
1138 8835
1139 4210
1140 8802
1141 8824
1142 6083
1143 6680
1144 8831
1145 9134
1146 9169
1147 9334
1148 9225
1149 9290
1150 9238
1151 9211
1152 9338
1153 7679
1154 6478
1155 4146
1156 5133
1157 6863
1158 5449
1159 8597
1160 8715
1161 8702
1162 8681
1163 8741
1164 8733
1165 8717
1166 4304
1167 8725
1168 8222
1169 8598
1170 4285
1171 9693
1172 4080
1173 4168
1174 7865
1175 6847
1176 6690
1177 6670
1178 4079
1179 4334
1180 4201
1181 8510
1182 8483
1183 8566
1184 4397
1185 4264
1186 4081
1187 6872
1188 4951
1189 9167
1190 9210
1191 9163
1192 9247
1193 6749
1194 6781
1195 4330
1196 6769
1197 6762
1198 6842
1199 4100
1200 7618
1201 6572
1202 6574
1203 4091
1204 6527
1205 6543
1206 6550
1207 6517
1208 6516
1209 5345
1210 7735
1211 6541
1212 4070
1213 4073
1214 4363
1215 9743
1216 7781
1217 5186
1218 7725
1219 4373
1220 4131
1221 8018
1222 6670
1223 4925
1224 7190
1225 8865
1226 8876
1227 8932
1228 8910
1229 8918
1230 4126
1231 8910
1232 8838
1233 7975
1234 6547
1235 5769
1236 8303
1237 8308
1238 8496
1239 8346
1240 8358
1241 8335
1242 8366
1243 8385
1244 8351
1245 4107
1246 6780
1247 9894
1248 6798
1249 6766
1250 6750
1251 6741
1252 4190
1253 6763
1254 4215
1255 7373
1256 6432
1257 4668
1258 4287
1259 4226
1260 4815
1261 4090
1262 8991
1263 8997
1264 9051
1265 9050
1266 6667
1267 4090
1268 6670
1269 8283
1270 4247
1271 7470
1272 8648
1273 8591
1274 8692
1275 4182
1276 8659
1277 8670
1278 8682
1279 8675
1280 8237
1281 6776
1282 4181
1283 9045
1284 6644
1285 6551
1286 6580
1287 6558
1288 6566
1289 6546
1290 6571
1291 4078
1292 4121
1293 6362
1294 7601
1295 4073
1296 4230
1297 8676
1298 8597
1299 8575
1300 8649
1301 8652
1302 8674
1303 4089
1304 8644
1305 8260
1306 6496
1307 7042
1308 4079
1309 6603
1310 6590
1311 6615
1312 6607
1313 6539
1314 6579
1315 6532
1316 4128
1317 8318
1318 8210
1319 4369
1320 6656
1321 6672
1322 6685
1323 6698
1324 6659
1325 6708
1326 6640
1327 6637
1328 8602
1329 4335
1330 4241
1331 6805
1332 4097
1333 4119
1334 4082
1335 6390
1336 4257
1337 8230
1338 7300
1339 6247
1340 8219
1341 4095
1342 4070
1343 4185
1344 8162
1345 8154
1346 8186
1347 6676
1348 7849
1349 6627
1350 4434
1351 8364
1352 8407
1353 8385
1354 8365
1355 8339
1356 8286
1357 8381
1358 8261
1359 8195
1360 7178
1361 4145
1362 6837
1363 6758
1364 6899
1365 6837
1366 6797
1367 6913
1368 6795
1369 4422
1370 7647
1371 6742
1372 6676
1373 6737
1374 6765
1375 6727
1376 6681
1377 6723
1378 6175
1379 7285
1380 6772
1381 4346
1382 8115
1383 4093
1384 6796
1385 7475
1386 8478
1387 4079
1388 8436
1389 8383
1390 8055
1391 5335
1392 4126
1393 4070
1394 6612
1395 6192
1396 4706
1397 4076
1398 5215
1399 4078
1400 5976
1401 4101
1402 4391
1403 4330
1404 6735
1405 6593
1406 6483
1407 6488
1408 6504
1409 6505
1410 6506
1411 4086
1412 6468
1413 6469
1414 8447
1415 7032
1416 8057
1417 6773
1418 6785
1419 4377
1420 6801
1421 6799
1422 6809
1423 4257
1424 6834
1425 5592
1426 5977
1427 4120
1428 6523
1429 6591
1430 6588
1431 6605
1432 4372
1433 6574
1434 6578
1435 6590
1436 6498
1437 7176
1438 4574
1439 6662
1440 4336
1441 8847
1442 8731
1443 8742
1444 8739
1445 8773
1446 8566
1447 8576
1448 4174
1449 5699
1450 8262
1451 5517
1452 7695
1453 6478
1454 6465
1455 6509
1456 6482
1457 6495
1458 6474
1459 6433
1460 4354
1461 7605
1462 4107
1463 6864
1464 9023
1465 4135
1466 6834
1467 7203
1468 5367
1469 6604
1470 4262
1471 6555
1472 4189
1473 4080
1474 6535
1475 6525
1476 6505
1477 6534
1478 4372
1479 4373
1480 8029
1481 4353
1482 6116
1483 4079
1484 6797
1485 4128
1486 6752
1487 6709
1488 6750
1489 6702
1490 6754
1491 6812
1492 7530
1493 7385
1494 8419
1495 4075
1496 4350
1497 7043
1498 6983
1499 6567
1500 6579
1501 6556
1502 6532
1503 6609
1504 6556
1505 6555
1506 6526
1507 7291
1508 5834
1509 6625
1510 6610
1511 6589
1512 6593
1513 6595
1514 6597
1515 6584
1516 6593
1517 6381
1518 6764
1519 7348
1520 6878
1521 6865
1522 6871
1523 6850
1524 6839
1525 6894
1526 6840
1527 6968
1528 5207
1529 4175
1530 6591
1531 5859
1532 8641
1533 4416
1534 4231
1535 8773
1536 8722
1537 8714
1538 8689
1539 8040
1540 7238
1541 4077
1542 4337
1543 6288
1544 4181
1545 4136
1546 4374
1547 9037
1548 4427
1549 6619
1550 4261
1551 6758
1552 4123
1553 5508
1554 4258
1555 5392
1556 6967
1557 9924
1558 4081
1559 7801
1560 6591
1561 6572
1562 6573
1563 6522
1564 6565
1565 6538
1566 4074
1567 6567
1568 6610
1569 5219
1570 6341
1571 7362
1572 8734
1573 5379
1574 8662
1575 8564
1576 8608
1577 8573
1578 4948
1579 8787
1580 5722
1581 4134
1582 4082
1583 4082
1584 7452
1585 4379
1586 6729
1587 4104
1588 6725
1589 4082
1590 6678
1591 6760
1592 6781
1593 6981
1594 4420
1595 6565
1596 8041
1597 8116
1598 7297
1599 8098
1600 8183
1601 8112
1602 8152
1603 8149
1604 8123
1605 6935
1606 6902
1607 4074
1608 7053
1609 7050
1610 7023
1611 6981
1612 6949
1613 6900
1614 6603
1615 4857
1616 6726
1617 6789
1618 6787
1619 6729
1620 6713
1621 4139
1622 6411
1623 5990
1624 4286
1625 8505
1626 4427
1627 4885
1628 6931
1629 8847
1630 7010
1631 8558
1632 8578
1633 5904
1634 4482
1635 8627
1636 7811
1637 8631
1638 8619
1639 4077
1640 8773
1641 8771
1642 8578
1643 6875
1644 6903
1645 6856
1646 6843
1647 6837
1648 6863
1649 4198
1650 6881
1651 7205
1652 8989
1653 8951
1654 8930
1655 7539
1656 8995
1657 8893
1658 8908
1659 8900
1660 7052
1661 5931
1662 5348
1663 4136
1664 4193
1665 4278
1666 6996
1667 4082
1668 7971
1669 6666
1670 6528
1671 6573
1672 6526
1673 6533
1674 6545
1675 4109
1676 6543
1677 6242
1678 4067
1679 4119
1680 4134
1681 4082
1682 4117
1683 4066
1684 4116
1685 4067
1686 4067
1687 4122
1688 6431
1689 4412
1690 6872
1691 8409
1692 8415
1693 4267
1694 7364
1695 8471
1696 8473
1697 8381
1698 7907
1699 7866
1700 4128
1701 6519
1702 6809
1703 8238
1704 5505
1705 6874
1706 7141
1707 4439
1708 5248
1709 4781
1710 4085
1711 4280
1712 8224
1713 4130
1714 8067
1715 6734
1716 4282
1717 6643
1718 4158
1719 6777
1720 4449
1721 6827
1722 4400
1723 6892
1724 6830
1725 6654
1726 6932
1727 6543
1728 6611
1729 6646
1730 6132
1731 6814
1732 7057
1733 4240
1734 7698
1735 8298
1736 8203
1737 8278
1738 6846
1739 9588
1740 4416
1741 4647
1742 6601
1743 6598
1744 6741
1745 6708
1746 6754
1747 6621
1748 6725
1749 6531
1750 6436
1751 5810
1752 4498
1753 5371
1754 4695
1755 8421
1756 4355
1757 6117
1758 5722
1759 4196
1760 8703
1761 5189
1762 4232
1763 4710
1764 5378
1765 6773
1766 4374
1767 9215
1768 9355
1769 9205
1770 4349
1771 9074
1772 9091
1773 4262
1774 9151
1775 4267
1776 6801
1777 4211
1778 4377
1779 4136
1780 4223
1781 4129
1782 8917
1783 4136
1784 4081
1785 5802
1786 4151
1787 4188
1788 4094
1789 4089
1790 8136
1791 8025
1792 4079
1793 4078
1794 8749
1795 4140
1796 6698
1797 8931
1798 6752
1799 6785
1800 6797
1801 6859
1802 6765
1803 6823
1804 4333
1805 6800
1806 7060
1807 4162
1808 8420
1809 7598
1810 4328
1811 9308
1812 9217
1813 4316
1814 5626
1815 4334
1816 5458
1817 7046
1818 4437
1819 4308
1820 4655
1821 6634
1822 5338
1823 9956
1824 8624
1825 4384
1826 9818
1827 4434
1828 8228
1829 8666
1830 8584
1831 8606
1832 8604
1833 8592
1834 5820
1835 8624
1836 4378
1837 6981
1838 4075
1839 4106
1840 8302
1841 8642
1842 8608
1843 6736
1844 4130
1845 6756
1846 6725
1847 6749
1848 4076
1849 7718
1850 8386
1851 8890
1852 8767
1853 8680
1854 5863
1855 4857
1856 7992
1857 8778
1858 8813
1859 4302
1860 8722
1861 5948
1862 5953
1863 5704
1864 8950
1865 8760
1866 8747
1867 8726
1868 4196
1869 8819
1870 4133
1871 4131
1872 8749
1873 8655
1874 4345
1875 4352
1876 7973
1877 9153
1878 9888
1879 4142
1880 4368
1881 8879
1882 8829
1883 8790
1884 4263
1885 8807
1886 4923
1887 8944
1888 4245
1889 8486
1890 4143
1891 7642
1892 4194
1893 4292
1894 4098
1895 9301
1896 7725
1897 4365
1898 6663
1899 4179
1900 5118
1901 8341
1902 4305
1903 4310
1904 8520
1905 8442
1906 4181
1907 8370
1908 4265
1909 8365
1910 4750
1911 4079
1912 8382
1913 5266
1914 7182
1915 4372
1916 4478
1917 6691
1918 6713
1919 4131
1920 6675
1921 6700
1922 6695
1923 6667
1924 6663
1925 6462
1926 8774
1927 6617
1928 4354
1929 6451
1930 6492
1931 8465
1932 4083
1933 8446
1934 5552
1935 6644
1936 6642
1937 4911
1938 4106
1939 5586
1940 4134
1941 4124
1942 6770
1943 6760
1944 4072
1945 4082
1946 6724
1947 6708
1948 4171
1949 6730
1950 4194
1951 8582
1952 4128
1953 4134
1954 6642
1955 6565
1956 6603
1957 6580
1958 4160
1959 6236
1960 6593
1961 6582
1962 6622
1963 7277
1964 8475
1965 7178
1966 6774
1967 6801
1968 6812
1969 6744
1970 6702
1971 6635
1972 6611
1973 8643
1974 7148
1975 8699
1976 4694
1977 4074
1978 4084
1979 9072
1980 7537
1981 5025
1982 6558
1983 4150
1984 6779
1985 6743
1986 6772
1987 6730
1988 6724
1989 6771
1990 6803
1991 7673
1992 5214
1993 6658
1994 4144
1995 4079
1996 4300
1997 5389
1998 7718
1999 4571
2000 5684
2001 4883
2002 8674
2003 4075
2004 8762
2005 4315
2006 4274
2007 8728
2008 4148
2009 8782
2010 4082
2011 6298
2012 4134
2013 6776
2014 4368
2015 4633
2016 4144
2017 4368
2018 5722
2019 8141
2020 4101
2021 8383
2022 8401
2023 8468
2024 8523
2025 4419
2026 8451
2027 4129
2028 6052
2029 7882
2030 7457
2031 8187
2032 8105
2033 8159
2034 8173
2035 8156
2036 4318
2037 8092
2038 8121
2039 4071
2040 7190
2041 5784
2042 6777
2043 6818
2044 6767
2045 6923
2046 6789
2047 6741
2048 6676
2049 7197
2050 6951
2051 6127
2052 6740
2053 4308
2054 6778
2055 6755
2056 6739
2057 6736
2058 6772
2059 6675
2060 6668
2061 5055
2062 6470
2063 8565
2064 8678
2065 8680
2066 8659
2067 8500
2068 8636
2069 8620
2070 8555
2071 4113
2072 4134
2073 6080
2074 6939
2075 6522
2076 6603
2077 4078
2078 5452
2079 8345
2080 8328
2081 8342
2082 8281
2083 4144
2084 5219
2085 4921
2086 5133
2087 8472
2088 8959
2089 4129
2090 4330
2091 4820
2092 4077
2093 8889
2094 8785
2095 8824
2096 8748
2097 4145
2098 6475
2099 8818
2100 6791
2101 6780
2102 6789
2103 6771
2104 6745
2105 6777
2106 6743
2107 6732
2108 4578
2109 6533
2110 6545
2111 4260
2112 6536
2113 6582
2114 6510
2115 6516
2116 6519
2117 5961
2118 4334
2119 6673
2120 8585
2121 4139
2122 4429
2123 4337
2124 5980
2125 4078
2126 5240
2127 7429
2128 7737
2129 8548
2130 4197
2131 8319
2132 8374
2133 8282
2134 4937
2135 8264
2136 8334
2137 8379
2138 7545
2139 4174
2140 7851
2141 7094
2142 4456
2143 8419
2144 5320
2145 8668
2146 6901
2147 6777
2148 6790
2149 6800
2150 6732
2151 6752
2152 4119
2153 6788
2154 6770
2155 4180
2156 4215
2157 9598
2158 6644
2159 5115
2160 7527
2161 7025
2162 6793
2163 6864
2164 6919
2165 6786
2166 6736
2167 6771
2168 4677
2169 4592
2170 8718
2171 8833
2172 8812
2173 8967
2174 8814
2175 5207
2176 4187
2177 8766
2178 8301
2179 6850
2180 7856
2181 4148
2182 7203
2183 8465
2184 9397
2185 6814
2186 6830
2187 6781
2188 6775
2189 8937
2190 9527
2191 7693
2192 8167
2193 8678
2194 8763
2195 8808
2196 8747
2197 4249
2198 8793
2199 8733
2200 8686
2201 7942
2202 4082
2203 6650
2204 8048
2205 4077
2206 4344
2207 4409
2208 4136
2209 4092
2210 8471
2211 4709
2212 7779
2213 6896
2214 6815
2215 6753
2216 6736
2217 6819
2218 6777
2219 6885
2220 5205
2221 4136
2222 8060
2223 6678
2224 8257
2225 4740
2226 4082
2227 4081
2228 6009
2229 9898
2230 9367
2231 8991
2232 5786
2233 8739
2234 4464
2235 7413
2236 4365
2237 8618
2238 8681
2239 8547
2240 7442
2241 8582
2242 4285
2243 8561
2244 6271
2245 6122
2246 6432
2247 6605
2248 8165
2249 8133
2250 4074
2251 5161
2252 6680
2253 4108
2254 6863
2255 6743
2256 6736
2257 6459
2258 7539
2259 6726
2260 8996
2261 4150
2262 8257
2263 4125
2264 8922
2265 4334
2266 8597
2267 4512
2268 8585
2269 4355
2270 6722
2271 6670
2272 4224
2273 4335
2274 9194
2275 4341
2276 6952
2277 7288
2278 8870
2279 8893
2280 8858
2281 8871
2282 8841
2283 8863
2284 8885
2285 7897
2286 8595
2287 8478
2288 4145
2289 8596
2290 8552
2291 8550
2292 8515
2293 8484
2294 8529
2295 5314
2296 4079
2297 6837
2298 6880
2299 6591
2300 6681
2301 6502
2302 6632
2303 6564
2304 6577
2305 6633
2306 5841
2307 4217
2308 4094
2309 4314
2310 6731
2311 6732
2312 6719
2313 6920
2314 6933
2315 4347
2316 6861
2317 6908
2318 4116
2319 4211
2320 6533
2321 6734
2322 6822
2323 6845
2324 6908
2325 6957
2326 4410
2327 6919
2328 6868
2329 6830
2330 9280
2331 5963
2332 4139
2333 5594
2334 4334
2335 4079
2336 4192
2337 7582
2338 4171
2339 8956
2340 5978
2341 7810
2342 7304
2343 6721
2344 6848
2345 6845
2346 6898
2347 6786
2348 6908
2349 6756
2350 6805
2351 6833
2352 6814
2353 8649
2354 8632
2355 7141
2356 8813
2357 8800
2358 9057
2359 8948
2360 8913
2361 6821
2362 8688
2363 8390
2364 7296
2365 6208
2366 7296
2367 6766
2368 6837
2369 6698
2370 6766
2371 6725
2372 6820
2373 6925
2374 4148
2375 7903
2376 6731
2377 9124
2378 5343
2379 8644
2380 8466
2381 8456
2382 8462
2383 8459
2384 8542
2385 8416
2386 8544
2387 8457
2388 5089
2389 5418
2390 5275
2391 4131
2392 6083
2393 6806
2394 6807
2395 6799
2396 6764
2397 6812
2398 4138
2399 6842
2400 7701
2401 8232
2402 4161
2403 8398
2404 8754
2405 8648
2406 4243
2407 8613
2408 8628
2409 8747
2410 8675
2411 8578
2412 6734
2413 7907
2414 7740
2415 4073
2416 4790
2417 4970
2418 9496
2419 9266
2420 4148
2421 9409
2422 9397
2423 9337
2424 9460
2425 9422
2426 9152
2427 8660
2428 6814
2429 6655
2430 6559
2431 6533
2432 6541
2433 6532
2434 6506
2435 6520
2436 6484
2437 6527
2438 8875
2439 7850
2440 8626
2441 6952
2442 5068
2443 5729
2444 4384
2445 6385
2446 6626
2447 5081
2448 4068
2449 4065
2450 4105
2451 4081
2452 4067
2453 4065
2454 4065
2455 6580
2456 7701
2457 4178
2458 4069
2459 4234
2460 9851
2461 4112
2462 4113
2463 4091
2464 7656
2465 6737
2466 6745
2467 6813
2468 6796
2469 6821
2470 6770
2471 7891
2472 8555
2473 8018
2474 4100
2475 4354
2476 7654
2477 6503
2478 8687
2479 4128
2480 8724
2481 8716
2482 8522
2483 8766
2484 8783
2485 4114
2486 6621
2487 8107
2488 5965
2489 4078
2490 6668
2491 6707
2492 8708
2493 8539
2494 8647
2495 8674
2496 8693
2497 4105
2498 8279
2499 8763
2500 4129
2501 5364
2502 8383
2503 4163
2504 6013
2505 4073
2506 4078
2507 4266
2508 8691
2509 6867
2510 6605
2511 4134
2512 6645
2513 6630
2514 6693
2515 6621
2516 4074
2517 6731
2518 4817
2519 4147
2520 4082
2521 4078
2522 7451
2523 4223
2524 4172
2525 6693
2526 4119
2527 8508
2528 8507
2529 8459
2530 8463
2531 4143
2532 4083
2533 4909
2534 5086
2535 6725
2536 8470
2537 9074
2538 9094
2539 4380
2540 4258
2541 9159
2542 9172
2543 9169
2544 5077
2545 8598
2546 5138
2547 8509
2548 9070
2549 9095
2550 4208
2551 4079
2552 9098
2553 4440
2554 8476
2555 6707
2556 4104
2557 8675
2558 4092
2559 6604
2560 6582
2561 4078
2562 4301
2563 8288
2564 8335
2565 8361
2566 4129
2567 6833
2568 6842
2569 4078
2570 4088
2571 4445
2572 6744
2573 8776
2574 6609
2575 6693
2576 6648
2577 6672
2578 6711
2579 6672
2580 6661
2581 6124
2582 6461
2583 7022
2584 8368
2585 4072
2586 8367
2587 8285
2588 8261
2589 8268
2590 8389
2591 8349
2592 8410
2593 6782
2594 6708
2595 4288
2596 4129
2597 6271
2598 9000
2599 9001
2600 8950
2601 8994
2602 8970
2603 9009
2604 9029
2605 5370
2606 6718
2607 5407
2608 8420
2609 5370
2610 4077
2611 6602
2612 4097
2613 6645
2614 6685
2615 6629
2616 6600
2617 5198
2618 6640
2619 8113
2620 8334
2621 8111
2622 8147
2623 6556
2624 4242
2625 8060
2626 7864
2627 7346
2628 8156
2629 8095
2630 4082
2631 8114
2632 8179
2633 8106
2634 8154
2635 8129
2636 4393
2637 8102
2638 6907
2639 6712
2640 4546
2641 5159
2642 8390
2643 8734
2644 5655
2645 8487
2646 6605
2647 5994
2648 6562
2649 6540
2650 6566
2651 6603
2652 6586
2653 6554
2654 6572
2655 6608
2656 6577
2657 4140
2658 9695
2659 6655
2660 6708
2661 8677
2662 8506
2663 8655
2664 4794
2665 8673
2666 8703
2667 4112
2668 6851
2669 4090
2670 8017
2671 4296
2672 8433
2673 7633
2674 6824
2675 6802
2676 6758
2677 6791
2678 6780
2679 6735
2680 5237
2681 6760
2682 4078
2683 8553
2684 8505
2685 8481
2686 6979
2687 8463
2688 8443
2689 4141
2690 5945
2691 8661
2692 5087
2693 4436
2694 6597
2695 9185
2696 9183
2697 9077
2698 9147
2699 9080
2700 9099
2701 8904
2702 6685
2703 4402
2704 4141
2705 4194
2706 6723
2707 4072
2708 4083
2709 6763
2710 4169
2711 6820
2712 4087
2713 6493
2714 7228
2715 4143
2716 6691
2717 6780
2718 4077
2719 6766
2720 6715
2721 4078
2722 6758
2723 6724
2724 5994
2725 8209
2726 5695
2727 6572
2728 6541
2729 4199
2730 6513
2731 6465
2732 6487
2733 6484
2734 6483
2735 6476
2736 8013
2737 7943
2738 4229
2739 8715
2740 8768
2741 4196
2742 8709
2743 4407
2744 4192
2745 4384
2746 8820
2747 8784
2748 6445
2749 8772
2750 4084
2751 8506
2752 8607
2753 8874
2754 8915
2755 8955
2756 4184
2757 6790
2758 6771
2759 6895
2760 4326
2761 7193
2762 8905
2763 5718
2764 9141
2765 9043
2766 9087
2767 9159
2768 9148
2769 9046
2770 9267
2771 6412
2772 5796
2773 5235
2774 5443
2775 4202
2776 9281
2777 9199
2778 9142
2779 8205
2780 4390
2781 4302
2782 9152
2783 7523
2784 8749
2785 6180
2786 4456
2787 7108
2788 7169
2789 4473
2790 4145
2791 4074
2792 5594
2793 7709
2794 5389
2795 4070
2796 4218
2797 9263
2798 9210
2799 9249
2800 5995
2801 9311
2802 8005
2803 4330
2804 6117
2805 6760
2806 9445
2807 9115
2808 9144
2809 9129
2810 9220
2811 9128
2812 9053
2813 8892
2814 6787
2815 4114
2816 6827
2817 6767
2818 6754
2819 4144
2820 4089
2821 6311
2822 4452
2823 6183
2824 9142
2825 4258
2826 9438
2827 4218
2828 4327
2829 4122
2830 6681
2831 4112
2832 5355
2833 7417
2834 8448
2835 4374
2836 4899
2837 8517
2838 8458
2839 5803
2840 7753
2841 8641
2842 4084
2843 6397
2844 4330
2845 6496
2846 4115
2847 6556
2848 4077
2849 6629
2850 6552
2851 6527
2852 6511
2853 6488
2854 6471
2855 8683
2856 8459
2857 8776
2858 8788
2859 8814
2860 7473
2861 8719
2862 8790
2863 8432
2864 5354
2865 4073
2866 4076
2867 9416
2868 9390
2869 9468
2870 9441
2871 9499
2872 7417
2873 7954
2874 4791
2875 6702
2876 6412
2877 6394
2878 4090
2879 6358
2880 6305
2881 4344
2882 6359
2883 6339
2884 7116
2885 4137
2886 5680
2887 6693
2888 6600
2889 4207
2890 6861
2891 6844
2892 4074
2893 6848
2894 6870
2895 4404
2896 6697
2897 9069
2898 4562
2899 8764
2900 8838
2901 8693
2902 8715
2903 8650
2904 8624
2905 8657
2906 6964
2907 8640
2908 6887
2909 8040
2910 5748
2911 8629
2912 9862
2913 4073
2914 4078
2915 7903
2916 7177
2917 9197
2918 4509
2919 6654
2920 7107
2921 8397
2922 8347
2923 8366
2924 8385
2925 8418
2926 8379
2927 8455
2928 8428
2929 7440
2930 4140
2931 8358
2932 7266
2933 6583
2934 6592
2935 6601
2936 6634
2937 4151
2938 6591
2939 6612
2940 4301
2941 4081
2942 5941
2943 4144
2944 5812
2945 8877
2946 8843
2947 8892
2948 8853
2949 8899
2950 8889
2951 8864
2952 8528
2953 7200
2954 4333
2955 8694
2956 7925
2957 6766
2958 6782
2959 6800
2960 6753
2961 4304
2962 6841
2963 6768
2964 8820
2965 4070
2966 8726
2967 8723
2968 8661
2969 8685
2970 8753
2971 8681
2972 8690
2973 8150
2974 6149
2975 7795
2976 8715
2977 8545
2978 4119
2979 8589
2980 8586
2981 5873
2982 4134
2983 8556
2984 8117
2985 5213
2986 8359
2987 4602
2988 4392
2989 8599
2990 6546
2991 4200
2992 8922
2993 8825
2994 8894
2995 8809
2996 8910
2997 8766
2998 4343
2999 7818
3000 6910
3001 7592
3002 6409
3003 4071
3004 4134
3005 8758
3006 8735
3007 8678
3008 4070
3009 8707
3010 8760
3011 8777
3012 8509
3013 5516
3014 5933
3015 8377
3016 6924
3017 6629
3018 6628
3019 6599
3020 6671
3021 6689
3022 6648
3023 6717
3024 6515
3025 4404
3026 4176
3027 6674
3028 6470
3029 8428
3030 8426
3031 4078
3032 4240
3033 8417
3034 4129
3035 8408
3036 4079
3037 5831
3038 6271
3039 6289
3040 8682
3041 8136
3042 9860
3043 6956
3044 5725
3045 8479
3046 8414
3047 8452
3048 8380
3049 8357
3050 8418
3051 8392
3052 8133
3053 6842
3054 6381
3055 5404
3056 7909
3057 6675
3058 6676
3059 6671
3060 4153
3061 4179
3062 6669
3063 6693
3064 6648
3065 8166
3066 7490
3067 4076
3068 6767
3069 6726
3070 4189
3071 4079
3072 6718
3073 6755
3074 8274
3075 8224
3076 4079
3077 4246
3078 4078
3079 6563
3080 6631
3081 6624
3082 6617
3083 6556
3084 6668
3085 6632
3086 6409
3087 5097
3088 8301
3089 8705
3090 4073
3091 6790
3092 6768
3093 9160
3094 4809
3095 9141
3096 6588
3097 7047
3098 4173
3099 5982
3100 4867
3101 4143
3102 4072
3103 4132
3104 5132
3105 4079
3106 4080
3107 4197
3108 4092
3109 5161
3110 5914
3111 8700
3112 7702
3113 4941
3114 6505
3115 6681
3116 6801
3117 6715
3118 6694
3119 6714
3120 6694
3121 6690
3122 6692
3123 6574
3124 4204
3125 6731
3126 6759
3127 6578
3128 4310
3129 8621
3130 4077
3131 4074
3132 8600
3133 8667
3134 8655
3135 7176
3136 6425
3137 8233
3138 7167
3139 8272
3140 6437
3141 5344
3142 4157
3143 4137
3144 8107
3145 8380
3146 7397
3147 6464
3148 6493
3149 4331
3150 6488
3151 6495
3152 6491
3153 4073
3154 6527
3155 5466
3156 6587
3157 4391
3158 8910
3159 4289
3160 9263
3161 9292
3162 9303
3163 9275
3164 9291
3165 9293
3166 7853
3167 4332
3168 9539
3169 4255
3170 4147
3171 4260
3172 5256
3173 4422
3174 8846
3175 4074
3176 8906
3177 7451
3178 4104
3179 7954
3180 4198
3181 7237
3182 5100
3183 5555
3184 4197
3185 8695
3186 9234
3187 9257
3188 9350
3189 9258
3190 9350
3191 9282
3192 4221
3193 8979
3194 7104
3195 4964
3196 4755
3197 6998
3198 8608
3199 5995
3200 4298
3201 8768
3202 8822
3203 8814
3204 8766
3205 8704
3206 5356
3207 4378
3208 9542
3209 6952
3210 8002
3211 8813
3212 8573
3213 8801
3214 8856
3215 8255
3216 4314
3217 4233
3218 6368
3219 7440
3220 7849
3221 6545
3222 6578
3223 4074
3224 6536
3225 6580
3226 6562
3227 4090
3228 8493
3229 6349
3230 4922
3231 4067
3232 4213
3233 4291
3234 4124
3235 4066
3236 4065
3237 4212
3238 4312
3239 4192
3240 4082
3241 6558
3242 6562
3243 6552
3244 6510
3245 6519
3246 4142
3247 6531
3248 6516
3249 6568
3250 6487
3251 4327
3252 5356
3253 5973
3254 4318
3255 7269
3256 7200
3257 4437
3258 4226
3259 4260
3260 5342
3261 4145
3262 7213
3263 5539
3264 8089
3265 8140
3266 8535
3267 5861
3268 8489
3269 8535
3270 8556
3271 8542
3272 8570
3273 8442
3274 4308
3275 7823
3276 4098
3277 8869
3278 8716
3279 8790
3280 8740
3281 8741
3282 8721
3283 7071
3284 6448
3285 4429
3286 6928
3287 8647
3288 4882
3289 9100
3290 7029
3291 9267
3292 9239
3293 9180
3294 8368
3295 5163
3296 6474
3297 6992
3298 6905
3299 4127
3300 6934
3301 6998
3302 4293
3303 6975
3304 4226
3305 4172
3306 4097
3307 8787
3308 6564
3309 4337
3310 6537
3311 6534
3312 6531
3313 4261
3314 6511
3315 6535
3316 6536
3317 6372
3318 8589
3319 4170
3320 4078
3321 5104
3322 8339
3323 6599
3324 4078
3325 6622
3326 6572
3327 6641
3328 6623
3329 6574
3330 6656
3331 6616
3332 6398
3333 6312
3334 4319
3335 8436
3336 5406
3337 8633
3338 8577
3339 8649
3340 8525
3341 8550
3342 4078
3343 8510
3344 6399
3345 4350
3346 4372
3347 4158
3348 4335
3349 6803
3350 6803
3351 6778
3352 6798
3353 6822
3354 6543
3355 4330
3356 8077
3357 8135
3358 4266
3359 4397
3360 4249
3361 7225
3362 6774
3363 6764
3364 6764
3365 6757
3366 6768
3367 6731
3368 4435
3369 8626
3370 9262
3371 6793
3372 4396
3373 4380
3374 4219
3375 4242
3376 4411
3377 7168
3378 7876
3379 6786
3380 6650
3381 4099
3382 8047
3383 7742
3384 4121
3385 8840
3386 8836
3387 6797
3388 6798
3389 6811
3390 6805
3391 6762
3392 4980
3393 5621
3394 4893
3395 6895
3396 6759
3397 6688
3398 4089
3399 6713
3400 6694
3401 6670
3402 6440
3403 8463
3404 5330
3405 6766
3406 5703
3407 7115
3408 4079
3409 4242
3410 9855
3411 5332
3412 8128
3413 4109
3414 8694
3415 4212
3416 8723
3417 8530
3418 7951
3419 8668
3420 8638
3421 7170
3422 6560
3423 8649
3424 5303
3425 8655
3426 8628
3427 8667
3428 8581
3429 8630
3430 8620
3431 8516
3432 8810
3433 8305
3434 6503
3435 6500
3436 6490
3437 6550
3438 6533
3439 6528
3440 6571
3441 7642
3442 6749
3443 9375
3444 7213
3445 7678
3446 6745
3447 6742
3448 6737
3449 6795
3450 6723
3451 6869
3452 4637
3453 9729
3454 4083
3455 4310
3456 4183
3457 4131
3458 5354
3459 8963
3460 4875
3461 8977
3462 9046
3463 4188
3464 4078
3465 4378
3466 4078
3467 6607
3468 6762
3469 6853
3470 6770
3471 6748
3472 6785
3473 6715
3474 6179
3475 8052
3476 8090
3477 4293
3478 8709
3479 4127
3480 6729
3481 6727
3482 4198
3483 6764
3484 4173
3485 6731
3486 6783
3487 4139
3488 7062
3489 4075
3490 8793
3491 4482
3492 8783
3493 6728
3494 6749
3495 6767
3496 6749
3497 5224
3498 9668
3499 7862
3500 4119
3501 6916
3502 7637
3503 9192
3504 9247
3505 6034
3506 9266
3507 9334
3508 9278
3509 9399
3510 5840
3511 7343
3512 6776
3513 6770
3514 6783
3515 6770
3516 6735
3517 6797
3518 4386
3519 7337
3520 6779
3521 6785
3522 6732
3523 6750
3524 6795
3525 4504
3526 6754
3527 6761
3528 6784
3529 6401
3530 8631
3531 8788
3532 8787
3533 6811
3534 6687
3535 6794
3536 6674
3537 6683
3538 6661
3539 6817
3540 4702
3541 6723
3542 6732
3543 6784
3544 6742
3545 6722
3546 4089
3547 6711
3548 6730
3549 6691
3550 6801
3551 4971
3552 4081
3553 6217
3554 7674
3555 9089
3556 4879
3557 4144
3558 4171
3559 6137
3560 8725
3561 9247
3562 4401
3563 5392
3564 4074
3565 5167
3566 4273
3567 4074
3568 6853
3569 6807
3570 6850
3571 6752
3572 6748
3573 6752
3574 4080
3575 4263
3576 4069
3577 6565
3578 6520
3579 6575
3580 6547
3581 6539
3582 6628
3583 9034
3584 8764
3585 9248
3586 4074
3587 6658
3588 4223
3589 4140
3590 4339
3591 4192
3592 6672
3593 4073
3594 6666
3595 6685
3596 8589
3597 9081
3598 9223
3599 8577
3600 4090
3601 8490
3602 8544
3603 4133
3604 8489
3605 8432
3606 8473
3607 4111
3608 8872
3609 6084
3610 4076
3611 8756
3612 4100
3613 6633
3614 6679
3615 6649
3616 4078
3617 6624
3618 4231
3619 6915
3620 6586
3621 6594
3622 6578
3623 6560
3624 6590
3625 4084
3626 6545
3627 6993
3628 4933
3629 4078
3630 4145
3631 8859
3632 8905
3633 8859
3634 8857
3635 8887
3636 8843
3637 7853
3638 5272
3639 5337
3640 6347
3641 7131
3642 4079
3643 4141
3644 4095
3645 4079
3646 5396
3647 4088
3648 6166
3649 4077
3650 8467
3651 6741
3652 6661
3653 6689
3654 6696
3655 6707
3656 6711
3657 4772
3658 5328
3659 4198
3660 8761
3661 8262
3662 6524
3663 6579
3664 6562
3665 6541
3666 4436
3667 6549
3668 6594
3669 5653
3670 6742
3671 8540
3672 8801
3673 8226
3674 8349
3675 8351
3676 8337
3677 8302
3678 8361
3679 8378
3680 4079
3681 7142
3682 5867
3683 6544
3684 6565
3685 8423
3686 8465
3687 4134
3688 8450
3689 6398
3690 5865
3691 4173
3692 8471
3693 5935
3694 6657
3695 4073
3696 9176
3697 5796
3698 6472
3699 8775
3700 8696
3701 4240
3702 8819
3703 8836
3704 8712
3705 8829
3706 7355
3707 9131
3708 9099
3709 6767
3710 6769
3711 6767
3712 6737
3713 6755
3714 4133
3715 4075
3716 4906
3717 4185
3718 7064
3719 4139
3720 4078
3721 4219
3722 8010
3723 6232
3724 8792
3725 6624
3726 4096
3727 4141
3728 8576
3729 4117
3730 4090
3731 8678
3732 7978
3733 8747
3734 8578
3735 7230
3736 8667
3737 8156
3738 8052
3739 7967
3740 8533
3741 4069
3742 4101
3743 4116
3744 8369
3745 8425
3746 5331
3747 8480
3748 4302
3749 7847
3750 6651
3751 6570
3752 6588
3753 6474
3754 6465
3755 6510
3756 6470
3757 6548
3758 6494
3759 4076
3760 4582
3761 8797
3762 4076
3763 4129
3764 4078
3765 8765
3766 8737
3767 8701
3768 4106
3769 8659
3770 7200
3771 4984
3772 7690
3773 4391
3774 8447
3775 4117
3776 6680
3777 6801
3778 6801
3779 4083
3780 8514
3781 8630
3782 4130
3783 8518
3784 8441
3785 8428
3786 7202
3787 4333
3788 8457
3789 8395
3790 8384
3791 8647
3792 6752
3793 6798
3794 6770
3795 6726
3796 6700
3797 4387
3798 6724
3799 6722
3800 6758
3801 6279
3802 9676
3803 4137
3804 4162
3805 9038
3806 5980
3807 5014
3808 5435
3809 4070
3810 4377
3811 4074
3812 4080
3813 4523
3814 4365
3815 4869
3816 9096
3817 8898
3818 8441
3819 8467
3820 8478
3821 8522
3822 4128
3823 8480
3824 4129
3825 8232
3826 7890
3827 5690
3828 9239
3829 4136
3830 4338
3831 4137
3832 7141
3833 4542
3834 4077
3835 4069
3836 4176
3837 4312
3838 5849
3839 4232
3840 4069
3841 8768
3842 4452
3843 5911
3844 8764
3845 8886
3846 8811
3847 8873
3848 4298
3849 4248
3850 6583
3851 8502
3852 8409
3853 6501
3854 6539
3855 6493
3856 6524
3857 6497
3858 6524
3859 6438
3860 6983
3861 4137
3862 4567
3863 4119
3864 6431
3865 8162
3866 9364
3867 9400
3868 9408
3869 9376
3870 9376
3871 9338
3872 7679
3873 6810
3874 4076
3875 4093
3876 7076
3877 4150
3878 9134
3879 4970
3880 9126
3881 9268
3882 4151
3883 4092
3884 5964
3885 6533
3886 7667
3887 4699
3888 5376
3889 8316
3890 4078
3891 8500
3892 4175
3893 5141
3894 4562
3895 8560
3896 4080
3897 6846
3898 5774
3899 6604
3900 6551
3901 6578
3902 6617
3903 6546
3904 6568
3905 6462
3906 6901
3907 9147
3908 9149
3909 8449
3910 8401
3911 8391
3912 4299
3913 8386
3914 8373
3915 4074
3916 6945
3917 7402
3918 4192
3919 5910
3920 9193
3921 9592
3922 4125
3923 7034
3924 8420
3925 6385
3926 6765
3927 6812
3928 6765
3929 6749
3930 6848
3931 6791
3932 6807
3933 7226
3934 6656
3935 6609
3936 4178
3937 8851
3938 4113
3939 6664
3940 6631
3941 6636
3942 6674
3943 6659
3944 5646
3945 4111
3946 5131
3947 9101
3948 9085
3949 4080
3950 4074
3951 9242
3952 9157
3953 9112
3954 4633
3955 4078
3956 7830
3957 8737
3958 8726
3959 4176
3960 8406
3961 8381
3962 8417
3963 8448
3964 8387
3965 4128
3966 4071
3967 5297
3968 8952
3969 6663
3970 6680
3971 4142
3972 6667
3973 6668
3974 6656
3975 6670
3976 6640
3977 4992
3978 6755
3979 4129
3980 6672
3981 6447
3982 6733
3983 4075
3984 6708
3985 6768
3986 6612
3987 6636
3988 6683
3989 6814
3990 8157
3991 8799
3992 8954
3993 8911
3994 4079
3995 8858
3996 8908
3997 8882
3998 4077
3999 8905
4000 4298
4001 4814
4002 7775
4003 6548
4004 4177
4005 8756
4006 4112
4007 8746
4008 8726
4009 4118
4010 4255
4011 8521
4012 8519
4013 7342
4014 4105
4015 4081
4016 4133
4017 4130
4018 8560
4019 8717
4020 8758
4021 4135
4022 4167
4023 6564
4024 6574
4025 6515
4026 6559
4027 8254
4028 6846
4029 8761
4030 4195
4031 4180
4032 8712
4033 8733
4034 8750
4035 4079
4036 8703
4037 6058
4038 7107
4039 9189
4040 9206
4041 6918
4042 4075
4043 6897
4044 6888
4045 6887
4046 6922
4047 4073
4048 4599
4049 8784
4050 8403
4051 8351
4052 4506
4053 6590
4054 4081
4055 6575
4056 6551
4057 6591
4058 6617
4059 6596
4060 6814
4061 4135
4062 4082
4063 6863
4064 5162
4065 7235
4066 8097
4067 8146
4068 5226
4069 4143
4070 8140
4071 5243
4072 7721
4073 4485
4074 5760
4075 4075
4076 4076
4077 4993
4078 8835
4079 4077
4080 4115
4081 6801
4082 6749
4083 6812
4084 6800
4085 6773
4086 8094
4087 4113
4088 4100
4089 6693
4090 6695
4091 4228
4092 9057
4093 8651
4094 8992
4095 6590
4096 6572
4097 6589
4098 4132
4099 7433
4100 4116
4101 8483
4102 8612
4103 8724
4104 9123
4105 4139
4106 4923
4107 6364
4108 8384
4109 8448
4110 9186
4111 7879
4112 7766
4113 4129
4114 4173
4115 6578
4116 6588
4117 6599
4118 6633
4119 6606
4120 5291
4121 8218
4122 4074
4123 4117
4124 6764
4125 8834
4126 8883
4127 8813
4128 8473
4129 4662
4130 4150
4131 4189
4132 4179
4133 4419
4134 7403
4135 4075
4136 9561
4137 9177
4138 4205
4139 8720
4140 4139
4141 8687
4142 8689
4143 8700
4144 8637
4145 4075
4146 4096
4147 7141
4148 9211
4149 9257
4150 5749
4151 4094
4152 4078
4153 4170
4154 4136
4155 7637
4156 8027
4157 9829
4158 4931
4159 6836
4160 8763
4161 4087
4162 8962
4163 6519
4164 4082
4165 4078
4166 6619
4167 8274
4168 7800
4169 5189
4170 4338
4171 4201
4172 8407
4173 4419
4174 4176
4175 8405
4176 8367
4177 8334
4178 4390
4179 7491
4180 5262
4181 4275
4182 9031
4183 4330
4184 4394
4185 8727
4186 8708
4187 8672
4188 8764
4189 4305
4190 4079
4191 8540
4192 4282
4193 6793
4194 4311
4195 8030
4196 6918
4197 6972
4198 7008
4199 4076
4200 7041
4201 6989
4202 5582
4203 4145
4204 8017
4205 7762
4206 4298
4207 8128
4208 8650
4209 8701
4210 8679
4211 6734
4212 4184
4213 6732
4214 6712
4215 4114
4216 4080
4217 9028
4218 9083
4219 5214
4220 4142
4221 4069
4222 4131
4223 4177
4224 5094
4225 7280
4226 4076
4227 6722
4228 4230
4229 8532
4230 6477
4231 4810
4232 8573
4233 8589
4234 8505
4235 4183
4236 6196
4237 8494
4238 8359
4239 9172
4240 8819
4241 9166
4242 9097
4243 9087
4244 9151
4245 7612
4246 4114
4247 9112
4248 6051
4249 6874
4250 7181
4251 6859
4252 6585
4253 6676
4254 6687
4255 6683
4256 6667
4257 6665
4258 6706
4259 6394
4260 7913
4261 5786
4262 4194
4263 7961
4264 4084
4265 8615
4266 8846
4267 4224
4268 4080
4269 6196
4270 4174
4271 4175
4272 8169
4273 6710
4274 6682
4275 9095
4276 9139
4277 9149
4278 9153
4279 9134
4280 9123
4281 7856
4282 8510
4283 8195
4284 6829
4285 7248
4286 6903
4287 6908
4288 4101
4289 6954
4290 6988
4291 4079
4292 6747
4293 5975
4294 6435
4295 7770
4296 4235
4297 6866
4298 4901
4299 8679
4300 8618
4301 8607
4302 8594
4303 5410
4304 8657
4305 8205
4306 8359
4307 6627
4308 8688
4309 8202
4310 4818
4311 4248
4312 8711
4313 6747
4314 6726
4315 6693
4316 6705
4317 6933
4318 8595
4319 4196
4320 8960
4321 8409
4322 6647
4323 6666
4324 6672
4325 4133
4326 6652
4327 6685
4328 6699
4329 5175
4330 5037
4331 8906
4332 6746
4333 4176
4334 8744
4335 8738
4336 8723
4337 8686
4338 8723
4339 8718
4340 8561
4341 6235
4342 4078
4343 7567
4344 4428
4345 4541
4346 4074
4347 7467
4348 4082
4349 4138
4350 4772
4351 4115
4352 8489
4353 8801
4354 7152
4355 4196
4356 6528
4357 6510
4358 4235
4359 6537
4360 6534
4361 6507
4362 4073
4363 8758
4364 4079
4365 4195
4366 4299
4367 9173
4368 9150
4369 9181
4370 9167
4371 9152
4372 8762
4373 6664
4374 6648
4375 6660
4376 6699
4377 6630
4378 6660
4379 6627
4380 6621
4381 5507
4382 6572
4383 6336
4384 6919
4385 6937
4386 6934
4387 6906
4388 6872
4389 6946
4390 7002
4391 6993
4392 7151
4393 4080
4394 8439
4395 4135
4396 4092
4397 4177
4398 4286
4399 4074
4400 4148
4401 4121
4402 6273
4403 9266
4404 9432
4405 9348
4406 9245
4407 9319
4408 9198
4409 6950
4410 7898
4411 8597
4412 4275
4413 5283
4414 8528
4415 6410
4416 4080
4417 8543
4418 8371
4419 8604
4420 4189
4421 5122
4422 5532
4423 4159
4424 4119
4425 4078
4426 4070
4427 4195
4428 8693
4429 6687
4430 6728
4431 4096
4432 6743
4433 6715
4434 6750
4435 4175
4436 6790
4437 6721
4438 4197
4439 4848
4440 5652
4441 6888
4442 6643
4443 8697
4444 8702
4445 8628
4446 8602
4447 8626
4448 8566
4449 4243
4450 7930
4451 4553
4452 7149
4453 4081
4454 8985
4455 8852
4456 4176
4457 4218
4458 4096
4459 8364
4460 8372
4461 8371
4462 8476
4463 7572
4464 7757
4465 4129
4466 7163
4467 6771
4468 8331
4469 8884
4470 6680
4471 5825
4472 4090
4473 8169
4474 6496
4475 6590
4476 6521
4477 6519
4478 6536
4479 6527
4480 6623
4481 5545
4482 6020
4483 5585
4484 8480
4485 6433
4486 6570
4487 7053
4488 9189
4489 9253
4490 9263
4491 6687
4492 6668
4493 6657
4494 6586
4495 8795
4496 4078
4497 6714
4498 4372
4499 6677
4500 6702
4501 6611
4502 4392
4503 6648
4504 4191
4505 4384
4506 7222
4507 5970
4508 6768
4509 7565
4510 4218
4511 4400
4512 7603
4513 6765
4514 8394
4515 8233
4516 8658
4517 8731
4518 8740
4519 8777
4520 8801
4521 8802
4522 8767
4523 5221
4524 6951
4525 5832
4526 4847
4527 8475
4528 4098
4529 4255
4530 8474
4531 8433
4532 8454
4533 4347
4534 8490
4535 7434
4536 6649
4537 6576
4538 6555
4539 6693
4540 6688
4541 6712
4542 6707
4543 6697
4544 6657
4545 6794
4546 6757
4547 5349
4548 8553
4549 8909
4550 8861
4551 4131
4552 4078
4553 7532
4554 4078
4555 7041
4556 8907
4557 4177
4558 8559
4559 5215
4560 5564
4561 9684
4562 4078
4563 6730
4564 7575
4565 4086
4566 9094
4567 9132
4568 9044
4569 4381
4570 9076
4571 4255
4572 9077
4573 4389
4574 9143
4575 4359
4576 5161
4577 9559
4578 9493
4579 9496
4580 9443
4581 9532
4582 8217
4583 8230
4584 4143
4585 8229
4586 8262
4587 8110
4588 8099
4589 8051
4590 8194
4591 8139
4592 8122
4593 8092
4594 4870
4595 6437
4596 6303
4597 6756
4598 4170
4599 6496
4600 4418
4601 4496
4602 9951
4603 6541
4604 4412
4605 4498
4606 7838
4607 9251
4608 9289
4609 4255
4610 9217
4611 9255
4612 9249
4613 9216
4614 8925
4615 4910
4616 4372
4617 6818
4618 6782
4619 6776
4620 4088
4621 6796
4622 6747
4623 6696
4624 6731
4625 6468
4626 6588
4627 6470
4628 8463
4629 8142
4630 8193
4631 8177
4632 8154
4633 4185
4634 8195
4635 8133
4636 4389
4637 4150
4638 5287
4639 8682
4640 4401
4641 8656
4642 5331
4643 6478
4644 4079
4645 6496
4646 6569
4647 6520
4648 6495
4649 6478
4650 4079
4651 6108
4652 9694
4653 4348
4654 8505
4655 4078
4656 8174
4657 8096
4658 8166
4659 5298
4660 8208
4661 8165
4662 4140
4663 8156
4664 4890
4665 4124
4666 8025
4667 8220
4668 4809
4669 4736
4670 8503
4671 8455
4672 8450
4673 8376
4674 8393
4675 8434
4676 8427
4677 8266
4678 6764
4679 8363
4680 8335
4681 8332
4682 4925
4683 8340
4684 7832
4685 6617
4686 8408
4687 8401
4688 4583
4689 6477
4690 7759
4691 4431
4692 4194
4693 4513
4694 7737
4695 4266
4696 4079
4697 4093
4698 4117
4699 4078
4700 7439
4701 8583
4702 9519
4703 5076
4704 7284
4705 7316
4706 8728
4707 4095
4708 8861
4709 8796
4710 4105
4711 8879
4712 8892
4713 8868
4714 8844
4715 7253
4716 8980
4717 8715
4718 8874
4719 7134
4720 8230
4721 8270
4722 8242
4723 8210
4724 4080
4725 8452
4726 8445
4727 4178
4728 4095
4729 4307
4730 8727
4731 4106
4732 4149
4733 4076
4734 8741
4735 8434
4736 5257
4737 8353
4738 6295
4739 8785
4740 7471
4741 4501
4742 6367
4743 7148
4744 6596
4745 6801
4746 6761
4747 4132
4748 4141
4749 6777
4750 6775
4751 6740
4752 5707
4753 4116
4754 6262
4755 8225
4756 8213
4757 8222
4758 8216
4759 4077
4760 8149
4761 6710
4762 9063
4763 5812
4764 4800
4765 5953
4766 4206
4767 5039
4768 8482
4769 8661
4770 7169
4771 5051
4772 6977
4773 4831
4774 4146
4775 8334
4776 8701
4777 4140
4778 8710
4779 8698
4780 7432
4781 4127
4782 8683
4783 4328
4784 4134
4785 7303
4786 8455
4787 8545
4788 8763
4789 4131
4790 8707
4791 8631
4792 8704
4793 8695
4794 4228
4795 8889
4796 7364
4797 5860
4798 4138
4799 4294
4800 4084
4801 6795
4802 4263
4803 6838
4804 6847
4805 6790
4806 6767
4807 6730
4808 8149
4809 6784
4810 8308
4811 4869
4812 8455
4813 8526
4814 4133
4815 4078
4816 8505
4817 4237
4818 8458
4819 8415
4820 6615
4821 6250
4822 6591
4823 6587
4824 9247
4825 9198
4826 4169
4827 9226
4828 9189
4829 9301
4830 9229
4831 4305
4832 6649
4833 4189
4834 4074
4835 4257
4836 4133
4837 8628
4838 8824
4839 8823
4840 8763
4841 8673
4842 8765
4843 8689
4844 8755
4845 7071
4846 7492
4847 6815
4848 9076
4849 4254
4850 9226
4851 9288
4852 9229
4853 8752
4854 9246
4855 5172
4856 4483
4857 9882
4858 6739
4859 6537
4860 6420
4861 6553
4862 6777
4863 6578
4864 6552
4865 6770
4866 6549
4867 4230
4868 6176
4869 4088
4870 7460
4871 6723
4872 6755
4873 6764
4874 6809
4875 6751
4876 6783
4877 6716
4878 5789
4879 4131
4880 6819
4881 4137
4882 4073
4883 6404
4884 4308
4885 5762
4886 5680
4887 4351
4888 9084
4889 4124
4890 4074
4891 4307
4892 8892
4893 7500
4894 6657
4895 6655
4896 6674
4897 6655
4898 6667
4899 6648
4900 6825
4901 8839
4902 8790
4903 4171
4904 6637
4905 6561
4906 6623
4907 4074
4908 6581
4909 6865
4910 9338
4911 4126
4912 9253
4913 4196
4914 5963
4915 6640
4916 4076
4917 6624
4918 6628
4919 6644
4920 6623
4921 5765
4922 5175
4923 7088
4924 5239
4925 4120
4926 6690
4927 4248
4928 6639
4929 4077
4930 8574
4931 8640
4932 4074
4933 5603
4934 8682
4935 4078
4936 7599
4937 4127
4938 8487
4939 8586
4940 8650
4941 4117
4942 4094
4943 4177
4944 8623
4945 8559
4946 4124
4947 4139
4948 9244
4949 8559
4950 4791
4951 5423
4952 6616
4953 4079
4954 4188
4955 6681
4956 8579
4957 9204
4958 8332
4959 8167
4960 8867
4961 4504
4962 9768
4963 4084
4964 8668
4965 4126
4966 9084
4967 4189
4968 9176
4969 8671
4970 4086
4971 8166
4972 9151
4973 8669
4974 5689
4975 6652
4976 6419
4977 6660
4978 7896
4979 8453
4980 6821
4981 6839
4982 8458
4983 4142
4984 8668
4985 7855
4986 8522
4987 6994
4988 8712
4989 4194
4990 9154
4991 8973
4992 9046
4993 9014
4994 8646
4995 8690
4996 7209
4997 7013
4998 4185
4999 5869
5000 6708
5001 6522
5002 4078
5003 4137
5004 4116
5005 4131
5006 4187
5007 4094
5008 8713
5009 8639
5010 8177
5011 6873
5012 6702
5013 8801
5014 6916
5015 8859
5016 8835
5017 4084
5018 4073
5019 4074
5020 4113
5021 8875
5022 7778
5023 5492
5024 9396
5025 7549
5026 6768
5027 6671
5028 4184
5029 6697
5030 6704
5031 6716
5032 6645
5033 6942
5034 8392
5035 4139
5036 4172
5037 6739
5038 7372
5039 4209
5040 8496
5041 4113
5042 8540
5043 8557
5044 8577
5045 4168
5046 6669
5047 6954
5048 6792
5049 6626
5050 6571
5051 6599
5052 6568
5053 6611
5054 4151
5055 6591
5056 4080
5057 6551
5058 6865
5059 5965
5060 9861
5061 8549
5062 8339
5063 6802
5064 4075
5065 4078
5066 6765
5067 4285
5068 6832
5069 6803
5070 6967
5071 4133
5072 8615
5073 4233
5074 8763
5075 7669
5076 9132
5077 4152
5078 4308
5079 6737
5080 6744
5081 6700
5082 6670
5083 6670
5084 4172
5085 7980
5086 8601
5087 8260
5088 6868
5089 4189
5090 4130
5091 8456
5092 8507
5093 8478
5094 8462
5095 8493
5096 8474
5097 5370
5098 5718
5099 8769
5100 4076
5101 4274
5102 8264
5103 7027
5104 8077
5105 7657
5106 6467
5107 4379
5108 4308
5109 6440
5110 6387
5111 6447
5112 6450
5113 9094
5114 4600
5115 8840
5116 8684
5117 8627
5118 6677
5119 6685
5120 4098
5121 4103
5122 6674
5123 6665
5124 6700
5125 9930
5126 8602
5127 9229
5128 4078
5129 6796
5130 6801
5131 4180
5132 6754
5133 6825
5134 4225
5135 4528
5136 5573
5137 6791
5138 5430
5139 4386
5140 5307
5141 4079
5142 7672
5143 4078
5144 6983
5145 4077
5146 4130
5147 6924
5148 4348
5149 6572
5150 4331
5151 6543
5152 6540
5153 6574
5154 6550
5155 6562
5156 7247
5157 4108
5158 4975
5159 6572
5160 6791
5161 7660
5162 6606
5163 6576
5164 6661
5165 6652
5166 6584
5167 6580
5168 6951
5169 7729
5170 6790
5171 5841
5172 8441
5173 8502
5174 6308
5175 4363
5176 8452
5177 8425
5178 4308
5179 6815
5180 6166
5181 4266
5182 6265
5183 4079
5184 5794
5185 4602
5186 8638
5187 8541
5188 8614
5189 4216
5190 4125
5191 4070
5192 4183
5193 4082
5194 4551
5195 5359
5196 7469
5197 9082
5198 9107
5199 4125
5200 9039
5201 9079
5202 8684
5203 6803
5204 4075
5205 8883
5206 9078
5207 9444
5208 9490
5209 4354
5210 9467
5211 9441
5212 9480
5213 7131
5214 6734
5215 6655
5216 5812
5217 7695
5218 6722
5219 6777
5220 6894
5221 6860
5222 6836
5223 6776
5224 7241
5225 9017
5226 5665
5227 8679
5228 7328
5229 8592
5230 8479
5231 8444
5232 4122
5233 4146
5234 8419
5235 5274
5236 4221
5237 4240
5238 4236
5239 6772
5240 8512
5241 8570
5242 8826
5243 8935
5244 8825
5245 8835
5246 8850
5247 8855
5248 6628
5249 9005
5250 8888
5251 4080
5252 4078
5253 8788
5254 4086
5255 8810
5256 8830
5257 8814
5258 7937
5259 4140
5260 8269
5261 6866
5262 4183
5263 4178
5264 8728
5265 8705
5266 8694
5267 8755
5268 8701
5269 8718
5270 7821
5271 7857
5272 5711
5273 6774
5274 7514
5275 8928
5276 9011
5277 9097
5278 9050
5279 9065
5280 9077
5281 7787
5282 8061
5283 8020
5284 6755
5285 6817
5286 4073
5287 6743
5288 6768
5289 6797
5290 6803
5291 6743
5292 4391
5293 4394
5294 8282
5295 8926
5296 4118
5297 8807
5298 8825
5299 8858
5300 8824
5301 4175
5302 6243
5303 4069
5304 8583
5305 5743
5306 8888
5307 8018
5308 8997
5309 4816
5310 8666
5311 9007
5312 9024
5313 4076
5314 6773
5315 9024
5316 8057
5317 5519
5318 4244
5319 7731
5320 4104
5321 8170
5322 8448
5323 4079
5324 7957
5325 4192
5326 8671
5327 7465
5328 4072
5329 8631
5330 8628
5331 7464
5332 4396
5333 4120
5334 5714
5335 4074
5336 4079
5337 8485
5338 8177
5339 8418
5340 6009
5341 6683
5342 6711
5343 6644
5344 6651
5345 6682
5346 6648
5347 8616
5348 6589
5349 7823
5350 4154
5351 5855
5352 5297
5353 4334
5354 5389
5355 4663
5356 5153
5357 5063
5358 7448
5359 6613
5360 6637
5361 6585
5362 6584
5363 6643
5364 6605
5365 4185
5366 8614
5367 4375
5368 8448
5369 6023
5370 8752
5371 4136
5372 4088
5373 8043
5374 8812
5375 4136
5376 4817
5377 4135
5378 8760
5379 4314
5380 8750
5381 4175
5382 8611
5383 4095
5384 8763
5385 6794
5386 7670
5387 5009
5388 8431
5389 8512
5390 8554
5391 8593
5392 4394
5393 7779
5394 7315
5395 9039
5396 9035
5397 9077
5398 9001
5399 9019
5400 8997
5401 9085
5402 6309
5403 6189
5404 4082
5405 8338
5406 8361
5407 4444
5408 8319
5409 8167
5410 6506
5411 6542
5412 6521
5413 6575
5414 6542
5415 7150
5416 5303
5417 6442
5418 8670
5419 8667
5420 8529
5421 7265
5422 6567
5423 6543
5424 4085
5425 6529
5426 4140
5427 4275
5428 6110
5429 4078
5430 6936
5431 6820
5432 6791
5433 7504
5434 8420
5435 4416
5436 8396
5437 6305
5438 8430
5439 7765
5440 4879
5441 6977
5442 7004
5443 6989
5444 6992
5445 8788
5446 8812
5447 8814
5448 8749
5449 8871
5450 8637
5451 4306
5452 8753
5453 5347
5454 7997
5455 8807
5456 7734
5457 6702
5458 6704
5459 4072
5460 6715
5461 6670
5462 6715
5463 7925
5464 8431
5465 5800
5466 8431
5467 4189
5468 7741
5469 6593
5470 6624
5471 6568
5472 4288
5473 6624
5474 4069
5475 7508
5476 4141
5477 4113
5478 4073
5479 4184
5480 6803
5481 6428
5482 6864
5483 4145
5484 6860
5485 4275
5486 6922
5487 6849
5488 4094
5489 4189
5490 8514
5491 6890
5492 8471
5493 8417
5494 8427
5495 8013
5496 9338
5497 9430
5498 9429
5499 4145
5500 9498
5501 6613
5502 6681
5503 6606
5504 6696
5505 4069
5506 6653
5507 4368
5508 6822
5509 6803
5510 6822
5511 6792
5512 4097
5513 4192
5514 8983
5515 8990
5516 8199
5517 5231
5518 6782
5519 6732
5520 6736
5521 4116
5522 4190
5523 6736
5524 6722
5525 6706
5526 6716
5527 6682
5528 4923
5529 6532
5530 6492
5531 6506
5532 6518
5533 6578
5534 7363
5535 8425
5536 8439
5537 8438
5538 7904
5539 4239
5540 4168
5541 8830
5542 8799
5543 8774
5544 8642
5545 8535
5546 8865
5547 5564
5548 8874
5549 8904
5550 8894
5551 4224
5552 4496
5553 4304
5554 8586
5555 8555
5556 8470
5557 8512
5558 8684
5559 8618
5560 5832
5561 4077
5562 8597
5563 4077
5564 5253
5565 6330
5566 5448
5567 6689
5568 6669
5569 4135
5570 6664
5571 7422
5572 8585
5573 5554
5574 8626
5575 8642
5576 7923
5577 4300
5578 9226
5579 5000
5580 4122
5581 5011
5582 9138
5583 5094
5584 8412
5585 9136
5586 9086
5587 9086
5588 9140
5589 9107
5590 5498
5591 4320
5592 7717
5593 8577
5594 4764
5595 8602
5596 8525
5597 8002
5598 5116
5599 4150
5600 8501
5601 7961
5602 7895
5603 8463
5604 7486
5605 6531
5606 6564
5607 6559
5608 6523
5609 6501
5610 7040
5611 6695
5612 4131
5613 4079
5614 6395
5615 8667
5616 6790
5617 6717
5618 4140
5619 6728
5620 6732
5621 6580
5622 5398
5623 4137
5624 4069
5625 5042
5626 9158
5627 4176
5628 7467
5629 8575
5630 4295
5631 4139
5632 8666
5633 4773
5634 4823
5635 8644
5636 8659
5637 8747
5638 8624
5639 8699
5640 8107
5641 6502
5642 4108
5643 4070
5644 4069
5645 4306
5646 4077
5647 8781
5648 6890
5649 6827
5650 6770
5651 6748
5652 6741
5653 6734
5654 4148
5655 6712
5656 4252
5657 5750
5658 6638
5659 6589
5660 6605
5661 6613
5662 8696
5663 8818
5664 8755
5665 8746
5666 8810
5667 5916
5668 4264
5669 6866
5670 6847
5671 6834
5672 6943
5673 4193
5674 4128
5675 4075
5676 7586
5677 4084
5678 5179
5679 5154
5680 8856
5681 4081
5682 8827
5683 8822
5684 4078
5685 7833
5686 5009
5687 4139
5688 4074
5689 4631
5690 4314
5691 8566
5692 8569
5693 8538
5694 8560
5695 7606
5696 6510
5697 6484
5698 6532
5699 6496
5700 4198
5701 7339
5702 5706
5703 4084
5704 4306
5705 4128
5706 4225
5707 4074
5708 4894
5709 8983
5710 6586
5711 4258
5712 9078
5713 9081
5714 5437
5715 8811
5716 8802
5717 8804
5718 8852
5719 7445
5720 4126
5721 5702
5722 4079
5723 8906
5724 8875
5725 8962
5726 8717
5727 8587
5728 8618
5729 8596
5730 8599
5731 7417
5732 4964
5733 6687
5734 6554
5735 4360
5736 6553
5737 6585
5738 6449
5739 4073
5740 6542
5741 6553
5742 6548
5743 6550
5744 4202
5745 4780
5746 9167
5747 8727
5748 4433
5749 7606
5750 4078
5751 6839
5752 6749
5753 6739
5754 6789
5755 6720
5756 5768
5757 7788
5758 4103
5759 6999
5760 6982
5761 6881
5762 6859
5763 4197
5764 7298
5765 6764
5766 6716
5767 6706
5768 6790
5769 4135
5770 6435
5771 8701
5772 8668
5773 7458
5774 6904
5775 5888
5776 6676
5777 4192
5778 6670
5779 6674
5780 6711
5781 4251
5782 4142
5783 7222
5784 6671
5785 6686
5786 6701
5787 6694
5788 4387
5789 4345
5790 6740
5791 6824
5792 6821
5793 6052
5794 8601
5795 8605
5796 8586
5797 8714
5798 9146
5799 4074
5800 4190
5801 4082
5802 9292
5803 7945
5804 4334
5805 4265
5806 8766
5807 8813
5808 8769
5809 4091
5810 6391
5811 9266
5812 8147
5813 4138
5814 4200
5815 9939
5816 4339
5817 4332
5818 6912
5819 6861
5820 6782
5821 6804
5822 6808
5823 4085
5824 6791
5825 4373
5826 4304
5827 6786
5828 6827
5829 6845
5830 4924
5831 4179
5832 6594
5833 6614
5834 4084
5835 6610
5836 6566
5837 6653
5838 6603
5839 6640
5840 4375
5841 6677
5842 5271
5843 6635
5844 7962
5845 8636
5846 8638
5847 7829
5848 7409
5849 4125
5850 6659
5851 6673
5852 6676
5853 6666
5854 8989
5855 8964
5856 8836
5857 8377
5858 6633
5859 7685
5860 5921
5861 4329
5862 8030
5863 8774
5864 6766
5865 6793
5866 6796
5867 6590
5868 6648
5869 5763
5870 4191
5871 4417
5872 4084
5873 4080
5874 4190
5875 4336
5876 8151
5877 4078
5878 8194
5879 8139
5880 8179
5881 8125
5882 4131
5883 8210
5884 8193
5885 8135
5886 4396
5887 7410
5888 4486
5889 6669
5890 6607
5891 6626
5892 6639
5893 4737
5894 6603
5895 6686
5896 6619
5897 6633
5898 4758
5899 5135
5900 6765
5901 6779
5902 6794
5903 6772
5904 6816
5905 4747
5906 7026
5907 4074
5908 4075
5909 8942
5910 8912
5911 8976
5912 7587
5913 6585
5914 6555
5915 6555
5916 6559
5917 6708
5918 5075
5919 4419
5920 4416
5921 5555
5922 4202
5923 6901
5924 4119
5925 4074
5926 7952
5927 8026
5928 7970
5929 5248
5930 6671
5931 4544
5932 4258
5933 6938
5934 6983
5935 4320
5936 9056
5937 8092
5938 8991
5939 9054
5940 7445
5941 8045
5942 6870
5943 6924
5944 6838
5945 6838
5946 6552
5947 6876
5948 6886
5949 6899
5950 6904
5951 6072
5952 8342
5953 7491
5954 4075
5955 8822
5956 7518
5957 4178
5958 4233
5959 9107
5960 9191
5961 4348
5962 9092
5963 5486
5964 7413
5965 8842
5966 6567
5967 8829
5968 8854
5969 8863
5970 6975
5971 7013
5972 6995
5973 6967
5974 5325
5975 4076
5976 4080
5977 4103
5978 4129
5979 4175
5980 4423
5981 6551
5982 6491
5983 6531
5984 6244
5985 5117
5986 8646
5987 7007
5988 6385
5989 8680
5990 8676
5991 4238
5992 8426
5993 4110
5994 7876
5995 8391
5996 7206
5997 7581
5998 6506
5999 6505
6000 6528
6001 6485
6002 6524
6003 6839
6004 6818
6005 8473
6006 8425
6007 4388
6008 6870
6009 6610
6010 6607
6011 6605
6012 6567
6013 6490
6014 6679
6015 6733
6016 6677
6017 6737
6018 8444
6019 7227
6020 4156
6021 6710
6022 6702
6023 6716
6024 4077
6025 9059
6026 9089
6027 9064
6028 9086
6029 7836
6030 8757
6031 8926
6032 8902
6033 8980
6034 8958
6035 4231
6036 9713
6037 4319
6038 4369
6039 8743
6040 6811
6041 6777
6042 6789
6043 7754
6044 4530
6045 9200
6046 8688
6047 4081
6048 4370
6049 8559
6050 4137
6051 8549
6052 4606
6053 6643
6054 6666
6055 6709
6056 6644
6057 7692
6058 6870
6059 8734
6060 8722
6061 8738
6062 8743
6063 8532
6064 4373
6065 4178
6066 7087
6067 8046
6068 6663
6069 6626
6070 6595
6071 6606
6072 6494
6073 6773
6074 6791
6075 6781
6076 6795
6077 4300
6078 7612
6079 8712
6080 8731
6081 4199
6082 8727
6083 4084
6084 8799
6085 8767
6086 8745
6087 8736
6088 4138
6089 4259
6090 5381
6091 4080
6092 5282
6093 8856
6094 6956
6095 6649
6096 6578
6097 7140
6098 8597
6099 8632
6100 8605
6101 8727
6102 8356
6103 8765
6104 8670
6105 8748
6106 4180
6107 6816
6108 8654
6109 9933
6110 8490
6111 8739
6112 8723
6113 8724
6114 4330
6115 6610
6116 6584
6117 6543
6118 6551
6119 6558
6120 4069
6121 6604
6122 6537
6123 6545
6124 5442
6125 4334
6126 4262
6127 4266
6128 4150
6129 8992
6130 4078
6131 4372
6132 5419
6133 4080
6134 4096
6135 6402
6136 6793
6137 6613
6138 5747
6139 8729
6140 4335
6141 7767
6142 4305
6143 8497
6144 4078
6145 8602
6146 8578
6147 7833
6148 6728
6149 6754
6150 6818
6151 6822
6152 4328
6153 4075
6154 9239
6155 9169
6156 9207
6157 9222
6158 7748
6159 6262
6160 6619
6161 6732
6162 6671
6163 6685
6164 5999
6165 4235
6166 8729
6167 8729
6168 5877
6169 4070
6170 7567
6171 4156
6172 4083
6173 6605
6174 6594
6175 6589
6176 6597
6177 8997
6178 9002
6179 4171
6180 6625
6181 6662
6182 7364
6183 6675
6184 8650
6185 4350
6186 8653
6187 8653
6188 8465
6189 8521
6190 8588
6191 8440
6192 8502
6193 4349
6194 8432
6195 4335
6196 4256
6197 8648
6198 8680
6199 4968
6200 8435
6201 6657
6202 6653
6203 6377
6204 4182
6205 7885
6206 6837
6207 6896
6208 6864
6209 6843
6210 4241
6211 6941
6212 6945
6213 6892
6214 6614
6215 5765
6216 6548
6217 8466
6218 8508
6219 8573
6220 8529
6221 6410
6222 6947
6223 4301
6224 4081
6225 4118
6226 7963
6227 5527
6228 6566
6229 4301
6230 4077
6231 6611
6232 6631
6233 6700
6234 6685
6235 5246
6236 9819
6237 4264
6238 4078
6239 5690
6240 4796
6241 5314
6242 4221
6243 6599
6244 6603
6245 6602
6246 6622
6247 6962
6248 4254
6249 8488
6250 4149
6251 6878
6252 7263
6253 6773
6254 7494
6255 8420
6256 8479
6257 8627
6258 6478
6259 4183
6260 8548
6261 8555
6262 8564
6263 8565
6264 5956
6265 7681
6266 7655
6267 8682
6268 4262
6269 6151
6270 4101
6271 4078
6272 5564
6273 6676
6274 6706
6275 6719
6276 6691
6277 4496
6278 6675
6279 6638
6280 4260
6281 6596
6282 6731
6283 4476
6284 8767
6285 9104
6286 9155
6287 9104
6288 9163
6289 6315
6290 4074
6291 4124
6292 6901
6293 4419
6294 6696
6295 6982
6296 6950
6297 6778
6298 6727
6299 6737
6300 6842
6301 8731
6302 5968
6303 7430
6304 4306
6305 5535
6306 5338
6307 7097
6308 5897
6309 6864
6310 6906
6311 6826
6312 6883
6313 6844
6314 6848
6315 6926
6316 6942
6317 6602
6318 6523
6319 8490
6320 8487
6321 8527
6322 8485
6323 8484
6324 8559
6325 8606
6326 8588
6327 5918
6328 4314
6329 4424
6330 4251
6331 8606
6332 4113
6333 8423
6334 4767
6335 8472
6336 8550
6337 4145
6338 8437
6339 4194
6340 8391
6341 7737
6342 7011
6343 6696
6344 4418
6345 8428
6346 5741
6347 8910
6348 4332
6349 8777
6350 8777
6351 4289
6352 8345
6353 8359
6354 4416
6355 8415
6356 8363
6357 7954
6358 7546
6359 4074
6360 4069
6361 4215
6362 4185
6363 6871
6364 4464
6365 4368
6366 6792
6367 4297
6368 7192
6369 9774
6370 5389
6371 4192
6372 4419
6373 9478
6374 9473
6375 9450
6376 6743
6377 6657
6378 6722
6379 6715
6380 4999
6381 4791
6382 4072
6383 4074
6384 7128
6385 8034
6386 4073
6387 7803
6388 6843
6389 6800
6390 6789
6391 6853
6392 6316
6393 5349
6394 7171
6395 5642
6396 4246
6397 4469
6398 4079
6399 4080
6400 4254
6401 4078
6402 4222
6403 6011
6404 9468
6405 4077
6406 5066
6407 8876
6408 7489
6409 8008
6410 8787
6411 8487
6412 8853
6413 4124
6414 8834
6415 6977
6416 4135
6417 5845
6418 6921
6419 4333
6420 8649
6421 4235
6422 4339
6423 8657
6424 4076
6425 4499
6426 6681
6427 4258
6428 8064
6429 4229
6430 4884
6431 6667
6432 6637
6433 4510
6434 4331
6435 6689
6436 6674
6437 7224
6438 8433
6439 8504
6440 8452
6441 5680
6442 5279
6443 4135
6444 8481
6445 8550
6446 8549
6447 8545
6448 8583
6449 4345
6450 8403
6451 6839
6452 8430
6453 7513
6454 7648
6455 4105
6456 4078
6457 8895
6458 4171
6459 4130
6460 8771
6461 4080
6462 6495
6463 4325
6464 4288
6465 5653
6466 4210
6467 8727
6468 8553
6469 4204
6470 4320
6471 8678
6472 7884
6473 4199
6474 4178
6475 4333
6476 4078
6477 8609
6478 5742
6479 8280
6480 7017
6481 6837
6482 6838
6483 6827
6484 6847
6485 8778
6486 8798
6487 6971
6488 8818
6489 8375
6490 8156
6491 7572
6492 8842
6493 4364
6494 8848
6495 4297
6496 8800
6497 4150
6498 6452
6499 8712
6500 4528
6501 4367
6502 6793
6503 4330
6504 4387
6505 8460
6506 8428
6507 8470
6508 8429
6509 4073
6510 8420
6511 8467
6512 8420
6513 8468
6514 4218
6515 4453
6516 7420
6517 6397
6518 4079
6519 4118
6520 4138
6521 8550
6522 8400
6523 9141
6524 9204
6525 4070
6526 9171
6527 4913
6528 4919
6529 5298
6530 4081
6531 8538
6532 8469
6533 8544
6534 8528
6535 7275
6536 6769
6537 6743
6538 6763
6539 7481
6540 8527
6541 9096
6542 7588
6543 4198
6544 6024
6545 8647
6546 8110
6547 8461
6548 8426
6549 4825
6550 8418
6551 4277
6552 5678
6553 4083
6554 4142
6555 4190
6556 4078
6557 8636
6558 9260
6559 7162
6560 4081
6561 6306
6562 4317
6563 8071
6564 4255
6565 6960
6566 4972
6567 9174
6568 4412
6569 4399
6570 7071
6571 4200
6572 4088
6573 8808
6574 7969
6575 4140
6576 4176
6577 4454
6578 4269
6579 6750
6580 6779
6581 6634
6582 8517
6583 4096
6584 8078
6585 7961
6586 5614
6587 4100
6588 8605
6589 8536
6590 8555
6591 8129
6592 4128
6593 4264
6594 9233
6595 8251
6596 5531
6597 6378
6598 5187
6599 9089
6600 9012
6601 5187
6602 9733
6603 6259
6604 9040
6605 4075
6606 9037
6607 4088
6608 9123
6609 6882
6610 4387
6611 8102
6612 8084
6613 7103
6614 4138
6615 4358
6616 6531
6617 4304
6618 8784
6619 4349
6620 8834
6621 8837
6622 8586
6623 8788
6624 4179
6625 8804
6626 7028
6627 4079
6628 7778
6629 4333
6630 4397
6631 4087
6632 4137
6633 5191
6634 7710
6635 8908
6636 4074
6637 4120
6638 6431
6639 8854
6640 5440
6641 5386
6642 4179
6643 5592
6644 9337
6645 8585
6646 8450
6647 4331
6648 4074
6649 8585
6650 4197
6651 8676
6652 8662
6653 4139
6654 5109
6655 7123
6656 6717
6657 4329
6658 6752
6659 6694
6660 6744
6661 8735
6662 8735
6663 8753
6664 6803
6665 4376
6666 8869
6667 8838
6668 8722
6669 8765
6670 8765
6671 8708
6672 8479
6673 8444
6674 4195
6675 8440
6676 5629
6677 5428
6678 8195
6679 8571
6680 8569
6681 8626
6682 8643
6683 8615
6684 8412
6685 4496
6686 4141
6687 8415
6688 6582
6689 4840
6690 4108
6691 5286
6692 8420
6693 6312
6694 8527
6695 8109
6696 8333
6697 8294
6698 4244
6699 6313
6700 5663
6701 8162
6702 8341
6703 8504
6704 5819
6705 6859
6706 7856
6707 4176
6708 8438
6709 8623
6710 8556
6711 7354
6712 6734
6713 4100
6714 8700
6715 8793
6716 8800
6717 8760
6718 8791
6719 8720
6720 4079
6721 8690
6722 8584
6723 4526
6724 5884
6725 8007
6726 8944
6727 8891
6728 8907
6729 8783
6730 8741
6731 5874
6732 7860
6733 8240
6734 8377
6735 8386
6736 8311
6737 7392
6738 8271
6739 8121
6740 8050
6741 5733
6742 4784
6743 7905
6744 4379
6745 9929
6746 8629
6747 7480
6748 5494
6749 8634
6750 4346
6751 5169
6752 4238
6753 9037
6754 9026
6755 5088
6756 4078
6757 4175
6758 6599
6759 6516
6760 4241
6761 6556
6762 6534
6763 6523
6764 4079
6765 8480
6766 8438
6767 7933
6768 4336
6769 5264
6770 6690
6771 7969
6772 4236
6773 8784
6774 8861
6775 8169
6776 4792
6777 6759
6778 6712
6779 4424
6780 8929
6781 8677
6782 6773
6783 4078
6784 6763
6785 4189
6786 6373
6787 4212
6788 4090
6789 4764
6790 8483
6791 8355
6792 8334
6793 4204
6794 5171
6795 4916
6796 6595
6797 4327
6798 6622
6799 6563
6800 6563
6801 6532
6802 6567
6803 6558
6804 4605
6805 4267
6806 4758
6807 4236
6808 6571
6809 6507
6810 6511
6811 6559
6812 6500
6813 6617
6814 6538
6815 6526
6816 4081
6817 7758
6818 4134
6819 6784
6820 6813
6821 6801
6822 6846
6823 6810
6824 4539
6825 6566
6826 6555
6827 6576
6828 6840
6829 7996
6830 4568
6831 6609
6832 4078
6833 4080
6834 4127
6835 4095
6836 6592
6837 8464
6838 4176
6839 6643
6840 4265
6841 4152
6842 7397
6843 5710
6844 6877
6845 4069
6846 4086
6847 4078
6848 6828
6849 6908
6850 4072
6851 9939
6852 5019
6853 4078
6854 6380
6855 8860
6856 5401
6857 6527
6858 9234
6859 4397
6860 4081
6861 4128
6862 8878
6863 9146
6864 9132
6865 5969
6866 7481
6867 7168
6868 4252
6869 8961
6870 8937
6871 8888
6872 8961
6873 4928
6874 7377
6875 5233
6876 8674
6877 8710
6878 7835
6879 6900
6880 6840
6881 4074
6882 8569
6883 4641
6884 5225
6885 4174
6886 6866
6887 6201
6888 6653
6889 8144
6890 8597
6891 8634
6892 8554
6893 6424
6894 8584
6895 8435
6896 9040
6897 9081
6898 8051
6899 4079
6900 5068
6901 7616
6902 8540
6903 4160
6904 7398
6905 4196
6906 8481
6907 8586
6908 8838
6909 8821
6910 8861
6911 5140
6912 6456
6913 6848
6914 7330
6915 8311
6916 8311
6917 8279
6918 8343
6919 8305
6920 8292
6921 4186
6922 4125
6923 4140
6924 6784
6925 6813
6926 4114
6927 6771
6928 6784
6929 6260
6930 8974
6931 8986
6932 7598
6933 6745
6934 4233
6935 8616
6936 9047
6937 9095
6938 9078
6939 7017
6940 7629
6941 8626
6942 8709
6943 8710
6944 4584
6945 6491
6946 4103
6947 7245
6948 6908
6949 6827
6950 6828
6951 6846
6952 4846
6953 8645
6954 4886
6955 6759
6956 6687
6957 9040
6958 4086
6959 7805
6960 9097
6961 9037
6962 8980
6963 4108
6964 5844
6965 6810
6966 6593
6967 6462
6968 6427
6969 6396
6970 6426
6971 6505
6972 6605
6973 6558
6974 4076
6975 4175
6976 9043
6977 4221
6978 8986
6979 4129
6980 9015
6981 8938
6982 4413
6983 8191
6984 8233
6985 7821
6986 6599
6987 6544
6988 8285
6989 6369
6990 7496
6991 4342
6992 8605
6993 4413
6994 8587
6995 8941
6996 8903
6997 6836
6998 8221
6999 9132
7000 4192
7001 4372
7002 5180
7003 7940
7004 4138
7005 6880
7006 6814
7007 6867
7008 6833
7009 5038
7010 8903
7011 8893
7012 4861
7013 8384
7014 9085
7015 9067
7016 8232
7017 8412
7018 9452
7019 8075
7020 6621
7021 6700
7022 6695
7023 6757
7024 6697
7025 6586
7026 6604
7027 6580
7028 4750
7029 6053
7030 6582
7031 5278
7032 4266
7033 4113
7034 4080
7035 4079
7036 6615
7037 6595
7038 7180
7039 6769
7040 6772
7041 6758
7042 6758
7043 9259
7044 9443
7045 9253
7046 6406
7047 6668
7048 8751
7049 6998
7050 6726
7051 6686
7052 6731
7053 6676
7054 7618
7055 8433
7056 8439
7057 7027
7058 5222
7059 9015
7060 9140
7061 4079
7062 9091
7063 9060
7064 9055
7065 6962
7066 4126
7067 4991
7068 9035
7069 4715
7070 7181
7071 8171
7072 8456
7073 9120
7074 9154
7075 4074
7076 9071
7077 9219
7078 9107
7079 9151
7080 8013
7081 4187
7082 9126
7083 6196
7084 8999
7085 4406
7086 8956
7087 8968
7088 8982
7089 8712
7090 4106
7091 8938
7092 7682
7093 4376
7094 6886
7095 4362
7096 4350
7097 6843
7098 6797
7099 6826
7100 8748
7101 8771
7102 6486
7103 6538
7104 4600
7105 4184
7106 6869
7107 6823
7108 4529
7109 9025
7110 6609
7111 8579
7112 6723
7113 6712
7114 4197
7115 8648
7116 8318
7117 8359
7118 8419
7119 8429
7120 4412
7121 4298
7122 6602
7123 6553
7124 6375
7125 8479
7126 8666
7127 8718
7128 8725
7129 8742
7130 4125
7131 4308
7132 8841
7133 4180
7134 4219
7135 4079
7136 7494
7137 8598
7138 8755
7139 8756
7140 8730
7141 4078
7142 8755
7143 7754
7144 6714
7145 6812
7146 8281
7147 7419
7148 8223
7149 4090
7150 4789
7151 4354
7152 6327
7153 8532
7154 8442
7155 7106
7156 8911
7157 9065
7158 6768
7159 9503
7160 9439
7161 6420
7162 6820
7163 6760
7164 6835
7165 6822
7166 6818
7167 8612
7168 8544
7169 6812
7170 8795
7171 4122
7172 4376
7173 4078
7174 4143
7175 8608
7176 8502
7177 8531
7178 8498
7179 8494
7180 4128
7181 6588
7182 8702
7183 6451
7184 4424
7185 7802
7186 6534
7187 5344
7188 4149
7189 5869
7190 6898
7191 6804
7192 6803
7193 6808
7194 6793
7195 4836
7196 8407
7197 8333
7198 8998
7199 6094
7200 4079
7201 6406
7202 4901
7203 8824
7204 4326
7205 4141
7206 4139
7207 4195
7208 5689
7209 8489
7210 4328
7211 4133
7212 4081
7213 7231
7214 4191
7215 4435
7216 4328
7217 8086
7218 8542
7219 7449
7220 8589
7221 8568
7222 8648
7223 6783
7224 7073
7225 7042
7226 4506
7227 6625
7228 6648
7229 6644
7230 6598
7231 5287
7232 6610
7233 6615
7234 4776
7235 8014
7236 7968
7237 7891
7238 8532
7239 8423
7240 8452
7241 8474
7242 7430
7243 6647
7244 6579
7245 6410
7246 6643
7247 6829
7248 5864
7249 8470
7250 4298
7251 8752
7252 8726
7253 8728
7254 8374
7255 8647
7256 8695
7257 4155
7258 9007
7259 8593
7260 8600
7261 4263
7262 6393
7263 8608
7264 4324
7265 4326
7266 8100
7267 7205
7268 6805
7269 6812
7270 6666
7271 8582
7272 8594
7273 8631
7274 8588
7275 4078
7276 8221
7277 4190
7278 4268
7279 4129
7280 6791
7281 6714
7282 4399
7283 4395
7284 8812
7285 8886
7286 8797
7287 8816
7288 4847
7289 7487
7290 6642
7291 6675
7292 8468
7293 7815
7294 4123
7295 6895
7296 6809
7297 6754
7298 6803
7299 6798
7300 5900
7301 4328
7302 8766
7303 4783
7304 6832
7305 4197
7306 8927
7307 6871
7308 6835
7309 6811
7310 6814
7311 6757
7312 4450
7313 6686
7314 6413
7315 6633
7316 7278
7317 4329
7318 7802
7319 8544
7320 8533
7321 8642
7322 8567
7323 5864
7324 8669
7325 8733
7326 6863
7327 4081
7328 4948
7329 6042
7330 4084
7331 6706
7332 4786
7333 9892
7334 9036
7335 9057
7336 9150
7337 9149
7338 9161
7339 4079
7340 6538
7341 6533
7342 6541
7343 6546
7344 6577
7345 6641
7346 6629
7347 6849
7348 6731
7349 6724
7350 4549
7351 6946
7352 8823
7353 8869
7354 8787
7355 8915
7356 8774
7357 6587
7358 6667
7359 6809
7360 6782
7361 8802
7362 4124
7363 9015
7364 9097
7365 9123
7366 9212
7367 9121
7368 8921
7369 4377
7370 6604
7371 9781
7372 4410
7373 5806
7374 8606
7375 4333
7376 4326
7377 4198
7378 4117
7379 4677
7380 6858
7381 5863
7382 6816
7383 4639
7384 7652
7385 4398
7386 4299
7387 8536
7388 7713
7389 6533
7390 6735
7391 8464
7392 7218
7393 6736
7394 4120
7395 6712
7396 6722
7397 6687
7398 7384
7399 4285
7400 5147
7401 8529
7402 4292
7403 6391
7404 6747
7405 8371
7406 8366
7407 8428
7408 4113
7409 8348
7410 6101
7411 6424
7412 5950
7413 8720
7414 8724
7415 4329
7416 4660
7417 4377
7418 8229
7419 6677
7420 5528
7421 6632
7422 7422
7423 4330
7424 6722
7425 6726
7426 6717
7427 6713
7428 9293
7429 7915
7430 8358
7431 8350
7432 4081
7433 4261
7434 4421
7435 6629
7436 4374
7437 6639
7438 6664
7439 6600
7440 6662
7441 6673
7442 4133
7443 4167
7444 4081
7445 4203
7446 9176
7447 4493
7448 4150
7449 8000
7450 6404
7451 4070
7452 7032
7453 5957
7454 8372
7455 4793
7456 4556
7457 5339
7458 6031
7459 6394
7460 8775
7461 9063
7462 9052
7463 8995
7464 9025
7465 6991
7466 4136
7467 6777
7468 4091
7469 8868
7470 4958
7471 5811
7472 8810
7473 8899
7474 8977
7475 8893
7476 7423
7477 6752
7478 8408
7479 4141
7480 8100
7481 4171
7482 4144
7483 9047
7484 8992
7485 4265
7486 6474
7487 9028
7488 8811
7489 9317
7490 8632
7491 4393
7492 6781
7493 5456
7494 4196
7495 8495
7496 6799
7497 8826
7498 4337
7499 4152
7500 4079
7501 4146
7502 4148
7503 6565
7504 6590
7505 6562
7506 6524
7507 4344
7508 6414
7509 4333
7510 6417
7511 6410
7512 8410
7513 4086
7514 7815
7515 4190
7516 5779
7517 4079
7518 5343
7519 6867
7520 6809
7521 6605
7522 6622
7523 6650
7524 6685
7525 6713
7526 6501
7527 4397
7528 8871
7529 4083
7530 4081
7531 6585
7532 5467
7533 7611
7534 8851
7535 8819
7536 8862
7537 8810
7538 4200
7539 4180
7540 5135
7541 8529
7542 4269
7543 4081
7544 7382
7545 6641
7546 6158
7547 5792
7548 4127
7549 9407
7550 9407
7551 9277
7552 4074
7553 9297
7554 6278
7555 9528
7556 4134
7557 8833
7558 8493
7559 8513
7560 8889
7561 8588
7562 8832
7563 8826
7564 8814
7565 8847
7566 4136
7567 8162
7568 9117
7569 9145
7570 4265
7571 6780
7572 7944
7573 8604
7574 8487
7575 8498
7576 8548
7577 6316
7578 8294
7579 4612
7580 4183
7581 6736
7582 4586
7583 9134
7584 4076
7585 4178
7586 4189
7587 8734
7588 8170
7589 5895
7590 6548
7591 6570
7592 6548
7593 6578
7594 6922
7595 4325
7596 6485
7597 4144
7598 6590
7599 6645
7600 4109
7601 5416
7602 8817
7603 4261
7604 4112
7605 8795
7606 4082
7607 5402
7608 7421
7609 4335
7610 4094
7611 6733
7612 4276
7613 4280
7614 8887
7615 8022
7616 9736
7617 4138
7618 4895
7619 8896
7620 8734
7621 8848
7622 8896
7623 4071
7624 7011
7625 6605
7626 5923
7627 8836
7628 5830
7629 9852
7630 5354
7631 4439
7632 7347
7633 6609
7634 4499
7635 6790
7636 5582
7637 6794
7638 6789
7639 6823
7640 4087
7641 6391
7642 4131
7643 4178
7644 7890
7645 8353
7646 8639
7647 9521
7648 8122
7649 4080
7650 9038
7651 5897
7652 9068
7653 8889
7654 8704
7655 8649
7656 4252
7657 8659
7658 8528
7659 7412
7660 6851
7661 6848
7662 6839
7663 6893
7664 5733
7665 4074
7666 4082
7667 6912
7668 6901
7669 9200
7670 7868
7671 9515
7672 8794
7673 4336
7674 4076
7675 6622
7676 7544
7677 8283
7678 8290
7679 8238
7680 8210
7681 8233
7682 6647
7683 7181
7684 4846
7685 4420
7686 7807
7687 4393
7688 6581
7689 6537
7690 6567
7691 6592
7692 8455
7693 7900
7694 6702
7695 6742
7696 6850
7697 8660
7698 8660
7699 8656
7700 8770
7701 8701
7702 5202
7703 4418
7704 8761
7705 6419
7706 8766
7707 6044
7708 4125
7709 8515
7710 8523
7711 8744
7712 8742
7713 8611
7714 7847
7715 6920
7716 6956
7717 9074
7718 5953
7719 4402
7720 9018
7721 9005
7722 4477
7723 6608
7724 7599
7725 7611
7726 4409
7727 6728
7728 4137
7729 6691
7730 6712
7731 6679
7732 6538
7733 5394
7734 6840
7735 6786
7736 8595
7737 6309
7738 6596
7739 6610
7740 6655
7741 6636
7742 6663
7743 6525
7744 5536
7745 4187
7746 4277
7747 4078
7748 8420
7749 8358
7750 6547
7751 6497
7752 6445
7753 6484
7754 6484
7755 6644
7756 6600
7757 6513
7758 6517
7759 8840
7760 8765
7761 5396
7762 8627
7763 4129
7764 8604
7765 8653
7766 7022
7767 4354
7768 7984
7769 9141
7770 5796
7771 4907
7772 8711
7773 4305
7774 4255
7775 4098
7776 4140
7777 4080
7778 6830
7779 9304
7780 9035
7781 7286
7782 6724
7783 8629
7784 8656
7785 4122
7786 4196
7787 4799
7788 8251
7789 4143
7790 6689
7791 6702
7792 4081
7793 6599
7794 6583
7795 6544
7796 6571
7797 6545
7798 6537
7799 8538
7800 5937
7801 6728
7802 4461
7803 5728
7804 6962
7805 8753
7806 6743
7807 6753
7808 6797
7809 6731
7810 6811
7811 4186
7812 8543
7813 6923
7814 7308
7815 4351
7816 7937
7817 4082
7818 4100
7819 4356
7820 6833
7821 6838
7822 6817
7823 9002
7824 9118
7825 9099
7826 9190
7827 6873
7828 6989
7829 6779
7830 4076
7831 6595
7832 4379
7833 6564
7834 7244
7835 8596
7836 8607
7837 8567
7838 4403
7839 6194
7840 8752
7841 7027
7842 6697
7843 6321
7844 4113
7845 5312
7846 4378
7847 5722
7848 8631
7849 4291
7850 8413
7851 4773
7852 7150
7853 8314
7854 8798
7855 6386
7856 8721
7857 8748
7858 8120
7859 8713
7860 8713
7861 6765
7862 6797
7863 4780
7864 4334
7865 4326
7866 4078
7867 4114
7868 6674
7869 5754
7870 6825
7871 6889
7872 6668
7873 4301
7874 6703
7875 6678
7876 6778
7877 6648
7878 6840
7879 6575
7880 5328
7881 4081
7882 6142
7883 8886
7884 4265
7885 4074
7886 7533
7887 8914
7888 6912
7889 8843
7890 8846
7891 8118
7892 7894
7893 4092
7894 8547
7895 4094
7896 6422
7897 6422
7898 6380
7899 6374
7900 6466
7901 6544
7902 6638
7903 6835
7904 4780
7905 9057
7906 8467
7907 8600
7908 8595
7909 8582
7910 8580
7911 8269
7912 8252
7913 5311
7914 8842
7915 7971
7916 6633
7917 6745
7918 6776
7919 6813
7920 6761
7921 6756
7922 6391
7923 8514
7924 5445
7925 8993
7926 8221
7927 6583
7928 6513
7929 4118
7930 4145
7931 9165
7932 9146
7933 9167
7934 4144
7935 4469
7936 8763
7937 6639
7938 6611
7939 4204
7940 4242
7941 6679
7942 7998
7943 4095
7944 4396
7945 6785
7946 4082
7947 6522
7948 6835
7949 4184
7950 4768
7951 8000
7952 4922
7953 7834
7954 4351
7955 8885
7956 4249
7957 4096
7958 4351
7959 8932
7960 5630
7961 8313
7962 4619
7963 9010
7964 4882
7965 4145
7966 6631
7967 6637
7968 4089
7969 4125
7970 6643
7971 6494
7972 7381
7973 8975
7974 5554
7975 9267
7976 4145
7977 7885
7978 8394
7979 4371
7980 4083
7981 5794
7982 4325
7983 8449
7984 4359
7985 8170
7986 4431
7987 8433
7988 8572
7989 6879
7990 6789
7991 7446
7992 8588
7993 8594
7994 8622
7995 8634
7996 9811
7997 4080
7998 8182
7999 6870
8000 9375
8001 8638
8002 7946
8003 8083
8004 4072
8005 8455
8006 8435
8007 8498
8008 8344
8009 8585
8010 4361
8011 8190
8012 7460
8013 4334
8014 8802
8015 8867
8016 6157
8017 8580
8018 4203
8019 6712
8020 4070
8021 8871
8022 8676
8023 4430
8024 6602
8025 5834
8026 8643
8027 6573
8028 4414
8029 6593
8030 7739
8031 6742
8032 5442
8033 4262
8034 6858
8035 6868
8036 4407
8037 6956
8038 4085
8039 8529
8040 4135
8041 9245
8042 7613
8043 4075
8044 8466
8045 8443
8046 8433
8047 8478
8048 8301
8049 8817
8050 7215
8051 8488
8052 4092
8053 6434
8054 8271
8055 6851
8056 4998
8057 8522
8058 8617
8059 8892
8060 5340
8061 4792
8062 7805
8063 5250
8064 8313
8065 8260
8066 8229
8067 7507
8068 4320
8069 4346
8070 8658
8071 4073
8072 7726
8073 4114
8074 4133
8075 6850
8076 4380
8077 4340
8078 4431
8079 8952
8080 7840
8081 4130
8082 6608
8083 6653
8084 6670
8085 6632
8086 6490
8087 9189
8088 8898
8089 8801
8090 9220
8091 5266
8092 8667
8093 8854
8094 8975
8095 8896
8096 6633
8097 6542
8098 6955
8099 6813
8100 6875
8101 6992
8102 5242
8103 6968
8104 8497
8105 8467
8106 7826
8107 4265
8108 4407
8109 7402
8110 4349
8111 4229
8112 4082
8113 8209
8114 5153
8115 4248
8116 8536
8117 8355
8118 7908
8119 6850
8120 4078
8121 9281
8122 4125
8123 9179
8124 9131
8125 9051
8126 9130
8127 8757
8128 4371
8129 8586
8130 8602
8131 7400
8132 8517
8133 8237
8134 4222
8135 6471
8136 6807
8137 4439
8138 7022
8139 9042
8140 8456
8141 8416
8142 4761
8143 8530
8144 4776
8145 8498
8146 6608
8147 5719
8148 8509
8149 8508
8150 4145
8151 8398
8152 8443
8153 8427
8154 5809
8155 9993
8156 4128
8157 6179
8158 5248
8159 4171
8160 4197
8161 9131
8162 9114
8163 5972
8164 8829
8165 4139
8166 8868
8167 6430
8168 8846
8169 8693
8170 7086
8171 4215
8172 6681
8173 6291
8174 9028
8175 7013
8176 7020
8177 6821
8178 4145
8179 6849
8180 6778
8181 8584
8182 4391
8183 8397
8184 8406
8185 8410
8186 8299
8187 5825
8188 5269
8189 8285
8190 8199
8191 8853
8192 6690
8193 6607
8194 6414
8195 9008
8196 8537
8197 4265
8198 8859
8199 8899
8200 4160
8201 8919
8202 8824
8203 7605
8204 9088
8205 9070
8206 4074
8207 9962
8208 8872
8209 8869
8210 8740
8211 8738
8212 8654
8213 8790
8214 4113
8215 6675
8216 6630
8217 6628
8218 6640
8219 4076
8220 8934
8221 8936
8222 8871
8223 8923
8224 6479
8225 4132
8226 9598
8227 8468
8228 7347
8229 6609
8230 6571
8231 6604
8232 4265
8233 6804
8234 9017
8235 6827
8236 6799
8237 5914
8238 8554
8239 7770
8240 6547
8241 4192
8242 6534
8243 6553
8244 6495
8245 8486
8246 4125
8247 5375
8248 8435
8249 4233
8250 5318
8251 9089
8252 5233
8253 8840
8254 8598
8255 4609
8256 6745
8257 6768
8258 6709
8259 6747
8260 8463
8261 5976
8262 6555
8263 6316
8264 4365
8265 6794
8266 6450
8267 6533
8268 4404
8269 8929
8270 8855
8271 8873
8272 8888
8273 8576
8274 9219
8275 4627
8276 4144
8277 4080
8278 7024
8279 6440
8280 4263
8281 8640
8282 4100
8283 4078
8284 7283
8285 4080
8286 8120
8287 4305
8288 4149
8289 8650
8290 8888
8291 8908
8292 8949
8293 8959
8294 4260
8295 4078
8296 6808
8297 4130
8298 8864
8299 8706
8300 6990
8301 6674
8302 6683
8303 6685
8304 6511
8305 4222
8306 6373
8307 8192
8308 8181
8309 8666
8310 8507
8311 8475
8312 4941
8313 4141
8314 8140
8315 8561
8316 4176
8317 8902
8318 8782
8319 4394
8320 4182
8321 8950
8322 8874
8323 8774
8324 8826
8325 8834
8326 4141
8327 6336
8328 6706
8329 4079
8330 9121
8331 7790
8332 4138
8333 6859
8334 8532
8335 8544
8336 8553
8337 5284
8338 8381
8339 8543
8340 9667
8341 5761
8342 4452
8343 8716
8344 5592
8345 5409
8346 4438
8347 4375
8348 6942
8349 7526
8350 9071
8351 4129
8352 4709
8353 8848
8354 4112
8355 4072
8356 6975
8357 6895
8358 6904
8359 4350
8360 4236
8361 8573
8362 4356
8363 5397
8364 4262
8365 5347
8366 4081
8367 8896
8368 9402
8369 4296
8370 4339
8371 9070
8372 9062
8373 6969
8374 5603
8375 5920
8376 8984
8377 9163
8378 4512
8379 4099
8380 4414
8381 9990
8382 4332
8383 6702
8384 8932
8385 8984
8386 6121
8387 6766
8388 4188
8389 6751
8390 4136
8391 4123
8392 8004
8393 8217
8394 6435
8395 6859
8396 6534
8397 6562
8398 4080
8399 8344
8400 7874
8401 8303
8402 6789
8403 4233
8404 6808
8405 6618
8406 6617
8407 6635
8408 7396
8409 8313
8410 7817
8411 8524
8412 8036
8413 6536
8414 6538
8415 4117
8416 4438
8417 8589
8418 8501
8419 4335
8420 8370
8421 7221
8422 8606
8423 8452
8424 4080
8425 5832
8426 6566
8427 8663
8428 8602
8429 5403
8430 8661
8431 7032
8432 6716
8433 6710
8434 6737
8435 6695
8436 8633
8437 4462
8438 4676
8439 6941
8440 7467
8441 4426
8442 6796
8443 6803
8444 6771
8445 6786
8446 8586
8447 4130
8448 8504
8449 8611
8450 7630
8451 6278
8452 4229
8453 9899
8454 8836
8455 8859
8456 6547
8457 4335
8458 6550
8459 6623
8460 6650
8461 6674
8462 6631
8463 6763
8464 7530
8465 6674
8466 6701
8467 6672
8468 7739
8469 4083
8470 7319
8471 6773
8472 7812
8473 4174
8474 8749
8475 8814
8476 9120
8477 9062
8478 9101
8479 6588
8480 8807
8481 6753
8482 8781
8483 4070
8484 4190
8485 6653
8486 4140
8487 4118
8488 9081
8489 9103
8490 9116
8491 9075
8492 6692
8493 6130
8494 6640
8495 6641
8496 4124
8497 4076
8498 8666
8499 8768
8500 8733
8501 6484
8502 4164
8503 4927
8504 7112
8505 6737
8506 6680
8507 4130
8508 6671
8509 4269
8510 9159
8511 8937
8512 8531
8513 8676
8514 8510
8515 8798
8516 4120
8517 4343
8518 8837
8519 8806
8520 8519
8521 7961
8522 6737
8523 4269
8524 8549
8525 8305
8526 7362
8527 6723
8528 7140
8529 4389
8530 8977
8531 8909
8532 8965
8533 4977
8534 8602
8535 5328
8536 6644
8537 6507
8538 4883
8539 4090
8540 9994
8541 4364
8542 4201
8543 6840
8544 4179
8545 6796
8546 4073
8547 8275
8548 5492
8549 8444
8550 4119
8551 4518
8552 4346
8553 4171
8554 5452
8555 4331
8556 9044
8557 9008
8558 9013
8559 6762
8560 6869
8561 7733
8562 8309
8563 8411
8564 8582
8565 8362
8566 4976
8567 4132
8568 8308
8569 8370
8570 8401
8571 6743
8572 6634
8573 4085
8574 4233
8575 8603
8576 8943
8577 9003
8578 8542
8579 9023
8580 9061
8581 8998
8582 8378
8583 6810
8584 4762
8585 6778
8586 6805
8587 9109
8588 8713
8589 6729
8590 4156
8591 6933
8592 6877
8593 4088
8594 6900
8595 4076
8596 6634
8597 6624
8598 9622
8599 4076
8600 4164
8601 4131
8602 4167
8603 8789
8604 8662
8605 8543
8606 8553
8607 4077
8608 7025
8609 8586
8610 4079
8611 8755
8612 4622
8613 4126
8614 8749
8615 4144
8616 6871
8617 7617
8618 4148
8619 8772
8620 8674
8621 4089
8622 8157
8623 6817
8624 7799
8625 6400
8626 7290
8627 4108
8628 4131
8629 4083
8630 4073
8631 8533
8632 6636
8633 4077
8634 6989
8635 4243
8636 8500
8637 8441
8638 8489
8639 7743
8640 6739
8641 4393
8642 4132
8643 4863
8644 5603
8645 8952
8646 8475
8647 6750
8648 6680
8649 6662
8650 6692
8651 7459
8652 4174
8653 5500
8654 6846
8655 4135
8656 4092
8657 8886
8658 8952
8659 8993
8660 8981
8661 8943
8662 8962
8663 4314
8664 9016
8665 8719
8666 4211
8667 6719
8668 7831
8669 6585
8670 5615
8671 6674
8672 6581
8673 6761
8674 6820
8675 6829
8676 6746
8677 6738
8678 4333
8679 4777
8680 4271
8681 4125
8682 4083
8683 6343
8684 4123
8685 6510
8686 6892
8687 6753
8688 4192
8689 4992
8690 5345
8691 6755
8692 4330
8693 6866
8694 5226
8695 6651
8696 6952
8697 6813
8698 4863
8699 4132
8700 6618
8701 5757
8702 4398
8703 6466
8704 5540
8705 5027
8706 5419
8707 5646
8708 8456
8709 8061
8710 4079
8711 4076
8712 4074
8713 6794
8714 4463
8715 4079
8716 4258
8717 6850
8718 4260
8719 4341
8720 4167
8721 4081
8722 8502
8723 6897
8724 6740
8725 4258
8726 4799
8727 8717
8728 8728
8729 8724
8730 8674
8731 4945
8732 6699
8733 6573
8734 6832
8735 4711
8736 4087
8737 8603
8738 8592
8739 4130
8740 8680
8741 8649
8742 8571
8743 4133
8744 4148
8745 8861
8746 5207
8747 4382
8748 5930
8749 7559
8750 5986
8751 9060
8752 6891
8753 8420
8754 4299
8755 8982
8756 4095
8757 4199
8758 8748
8759 6564
8760 6214
8761 8958
8762 4333
8763 7838
8764 9059
8765 5957
8766 6919
8767 4139
8768 6991
8769 4130
8770 6829
8771 6698
8772 5327
8773 6609
8774 7016
8775 6552
8776 6588
8777 8391
8778 8889
8779 8906
8780 7073
8781 4110
8782 8468
8783 6964
8784 6542
8785 4258
8786 7224
8787 6778
8788 4776
8789 5050
8790 4142
8791 4184
8792 4542
8793 4079
8794 4136
8795 4122
8796 8327
8797 4676
8798 4085
8799 8961
8800 8842
8801 8980
8802 5154
8803 4131
8804 4258
8805 4330
8806 4370
8807 5208
8808 6712
8809 6940
8810 4465
8811 4348
8812 6457
8813 8445
8814 5899
8815 8770
8816 8788
8817 8736
8818 8728
8819 7433
8820 4319
8821 4101
8822 8567
8823 4078
8824 6501
8825 9789
8826 4377
8827 8087
8828 4143
8829 4073
8830 4763
8831 4079
8832 8190
8833 7957
8834 8704
8835 8546
8836 8547
8837 8486
8838 8411
8839 4316
8840 5602
8841 4138
8842 5986
8843 6797
8844 6601
8845 6647
8846 6564
8847 6606
8848 6591
8849 6655
8850 6531
8851 6517
8852 5473
8853 4082
8854 7829
8855 5740
8856 4208
8857 4083
8858 8937
8859 4118
8860 8900
8861 5016
8862 4091
8863 4792
8864 6813
8865 6379
8866 8826
8867 8792
8868 5380
8869 5320
8870 8747
8871 8763
8872 8765
8873 4074
8874 8806
8875 7280
8876 8591
8877 7731
8878 6724
8879 6526
8880 7493
8881 5541
8882 8919
8883 4793
8884 8888
8885 7343
8886 8548
8887 6723
8888 4098
8889 6737
8890 4158
8891 4231
8892 8178
8893 4234
8894 4404
8895 8290
8896 4073
8897 8754
8898 6464
8899 6672
8900 6737
8901 4069
8902 6699
8903 6654
8904 6815
8905 8974
8906 4955
8907 4176
8908 4118
8909 8801
8910 5415
8911 8705
8912 8533
8913 4797
8914 8798
8915 8821
8916 8769
8917 7998
8918 8594
8919 5344
8920 9057
8921 8822
8922 7768
8923 6854
8924 6780
8925 6522
8926 6517
8927 6539
8928 6529
8929 5720
8930 8385
8931 6657
8932 8746
8933 6288
8934 4506
8935 8996
8936 9039
8937 9050
8938 9076
8939 8540
8940 6959
8941 4953
8942 8620
8943 9029
8944 4109
8945 4113
8946 8984
8947 7023
8948 6671
8949 6628
8950 6691
8951 6608
8952 5078
8953 6716
8954 6712
8955 4121
8956 6835
8957 4175
8958 8387
8959 5245
8960 8335
8961 8341
8962 8261
8963 8843
8964 8572
8965 8507
8966 4129
8967 7516
8968 8296
8969 4192
8970 4186
8971 4134
8972 8852
8973 4125
8974 4074
8975 8624
8976 6675
8977 5343
8978 4116
8979 8568
8980 8203
8981 6836
8982 6842
8983 6883
8984 6849
8985 6584
8986 7340
8987 6582
8988 6596
8989 8510
8990 8983
8991 6504
8992 8725
8993 8657
8994 8671
8995 8698
8996 5370
8997 8785
8998 4132
8999 6682
9000 6657
9001 6910
9002 6934
9003 4079
9004 6852
9005 6548
9006 8620
9007 4812
9008 7994
9009 4075
9010 8146
9011 8952
9012 8190
9013 6819
9014 6844
9015 6782
9016 6762
9017 6767
9018 6138
9019 4077
9020 7107
9021 4131
9022 4306
9023 6639
9024 7358
9025 8882
9026 8893
9027 4171
9028 8909
9029 4114
9030 6589
9031 6541
9032 8565
9033 8522
9034 7320
9035 4079
9036 9069
9037 6837
9038 6830
9039 6811
9040 6791
9041 4077
9042 6996
9043 5339
9044 8718
9045 4465
9046 6618
9047 6648
9048 4929
9049 4073
9050 4082
9051 4153
9052 4096
9053 8673
9054 6269
9055 8518
9056 4369
9057 9050
9058 6594
9059 6571
9060 6576
9061 6622
9062 4073
9063 7397
9064 4159
9065 4130
9066 4079
9067 6936
9068 6790
9069 6723
9070 6721
9071 6864
9072 6344
9073 4212
9074 4084
9075 4080
9076 6034
9077 6619
9078 4078
9079 5911
9080 9049
9081 4081
9082 8979
9083 4146
9084 8357
9085 4941
9086 4103
9087 8714
9088 5732
9089 4129
9090 4075
9091 4092
9092 8761
9093 8786
9094 4817
9095 6789
9096 6820
9097 6933
9098 6861
9099 6663
9100 6639
9101 6525
9102 6531
9103 6656
9104 6636
9105 8639
9106 8643
9107 8672
9108 8653
9109 4193
9110 4292
9111 8342
9112 8442
9113 8236
9114 9111
9115 8469
9116 8410
9117 4130
9118 8464
9119 8462
9120 4105
9121 7328
9122 4077
9123 4366
9124 5351
9125 7557
9126 4227
9127 7145
9128 8624
9129 8570
9130 8246
9131 8349
9132 8164
9133 8381
9134 8164
9135 8422
9136 8446
9137 4104
9138 8237
9139 6449
9140 9096
9141 9180
9142 9112
9143 9080
9144 7079
9145 4137
9146 5425
9147 4074
9148 6924
9149 5307
9150 6697
9151 6117
9152 8769
9153 8752
9154 8728
9155 4788
9156 5094
9157 4127
9158 7717
9159 4081
9160 4214
9161 8940
9162 8654
9163 8874
9164 4819
9165 4145
9166 8659
9167 4394
9168 8421
9169 8824
9170 4417
9171 4200
9172 4079
9173 6531
9174 4268
9175 4081
9176 8496
9177 4108
9178 4263
9179 9175
9180 9125
9181 8974
9182 4319
9183 8521
9184 5462
9185 4566
9186 4082
9187 6083
9188 8857
9189 8816
9190 6932
9191 8884
9192 4175
9193 8764
9194 8788
9195 7024
9196 4078
9197 5410
9198 4117
9199 6633
9200 6671
9201 6840
9202 8715
9203 7960
9204 8778
9205 4109
9206 4071
9207 4168
9208 6386
9209 4079
9210 8866
9211 8859
9212 8887
9213 4115
9214 4231
9215 6886
9216 6509
9217 8881
9218 8823
9219 8869
9220 8806
9221 5885
9222 8781
9223 4131
9224 6556
9225 4082
9226 6485
9227 6603
9228 5406
9229 4132
9230 9221
9231 9092
9232 9056
9233 8135
9234 9133
9235 5648
9236 6798
9237 5815
9238 4172
9239 6456
9240 4139
9241 4151
9242 6628
9243 5142
9244 5865
9245 8728
9246 8762
9247 8765
9248 4921
9249 8561
9250 4075
9251 8078
9252 4069
9253 4121
9254 8024
9255 8843
9256 6564
9257 6626
9258 6620
9259 6640
9260 6616
9261 6615
9262 6701
9263 6670
9264 4991
9265 8613
9266 8472
9267 5280
9268 4156
9269 4094
9270 5366
9271 9820
9272 4408
9273 7110
9274 4439
9275 8896
9276 8816
9277 8835
9278 8867
9279 8557
9280 8410
9281 8848
9282 8819
9283 4079
9284 8995
9285 4089
9286 4181
9287 6523
9288 6497
9289 6575
9290 6540
9291 4189
9292 6531
9293 8658
9294 9156
9295 8675
9296 6726
9297 6756
9298 8671
9299 8634
9300 8562
9301 8537
9302 5911
9303 6605
9304 7900
9305 8140
9306 8199
9307 8766
9308 4148
9309 4078
9310 4076
9311 8797
9312 4097
9313 8274
9314 7412
9315 6570
9316 6654
9317 4511
9318 7425
9319 4288
9320 6758
9321 6781
9322 6855
9323 6817
9324 6811
9325 6941
9326 8750
9327 8831
9328 6101
9329 4079
9330 4228
9331 4079
9332 9039
9333 8954
9334 6868
9335 4185
9336 6592
9337 9109
9338 8540
9339 8098
9340 8722
9341 5244
9342 4113
9343 4180
9344 8752
9345 4074
9346 8803
9347 4170
9348 4357
9349 4080
9350 5736
9351 4136
9352 5570
9353 4084
9354 4156
9355 5074
9356 4078
9357 4179
9358 4109
9359 4083
9360 4142
9361 9073
9362 8552
9363 4190
9364 4166
9365 8283
9366 8251
9367 4081
9368 8546
9369 8533
9370 8477
9371 8463
9372 8471
9373 6602
9374 6796
9375 4206
9376 4386
9377 6674
9378 4478
9379 6858
9380 6725
9381 6696
9382 6643
9383 5378
9384 7606
9385 6655
9386 4140
9387 4073
9388 4220
9389 6754
9390 6723
9391 8834
9392 4082
9393 9708
9394 4130
9395 8010
9396 7628
9397 6767
9398 4177
9399 6865
9400 6758
9401 5002
9402 4113
9403 9134
9404 6859
9405 6832
9406 4240
9407 6787
9408 6834
9409 4534
9410 6430
9411 8118
9412 8595
9413 5854
9414 4163
9415 6858
9416 4107
9417 6875
9418 6902
9419 8636
9420 5329
9421 9153
9422 8350
9423 6858
9424 6790
9425 4089
9426 6796
9427 6795
9428 8852
9429 7499
9430 8614
9431 8380
9432 6608
9433 6675
9434 4074
9435 6660
9436 6655
9437 6784
9438 8289
9439 6802
9440 6699
9441 8497
9442 7505
9443 8654
9444 7506
9445 6675
9446 8882
9447 6411
9448 8869
9449 8866
9450 8000
9451 4078
9452 7025
9453 7000
9454 4452
9455 6826
9456 6672
9457 6763
9458 4114
9459 6759
9460 6861
9461 4077
9462 6782
9463 6598
9464 6589
9465 8497
9466 5006
9467 6825
9468 5992
9469 5720
9470 8455
9471 4289
9472 6821
9473 4441
9474 4073
9475 9046
9476 5626
9477 8991
9478 8939
9479 9012
9480 9102
9481 4069
9482 7080
9483 8640
9484 8126
9485 8543
9486 6835
9487 4126
9488 8095
9489 9233
9490 4080
9491 7608
9492 5973
9493 4173
9494 5054
9495 6570
9496 6574
9497 4133
9498 8436
9499 6664
9500 6550
9501 6614
9502 6572
9503 4272
9504 6578
9505 7862
9506 4133
9507 8719
9508 9005
9509 8404
9510 6738
9511 9119
9512 9044
9513 4082
9514 6351
9515 6632
9516 8006
9517 6956
9518 6754
9519 8928
9520 6616
9521 6600
9522 6637
9523 6626
9524 8438
9525 8462
9526 8897
9527 4232
9528 6536
9529 6369
9530 8069
9531 8045
9532 6726
9533 8011
9534 5741
9535 7779
9536 4321
9537 7158
9538 9967
9539 6095
9540 4083
9541 6882
9542 6720
9543 6699
9544 8758
9545 8720
9546 5978
9547 6684
9548 9180
9549 8311
9550 6803
9551 6847
9552 4074
9553 6557
9554 6560
9555 6532
9556 6553
9557 6567
9558 4078
9559 8708
9560 8778
9561 6801
9562 4866
9563 4251
9564 6858
9565 6828
9566 4400
9567 6833
9568 4156
9569 4850
9570 9515
9571 5143
9572 9927
9573 4146
9574 6940
9575 8484
9576 6953
9577 8796
9578 8832
9579 4130
9580 4073
9581 8648
9582 6903
9583 7655
9584 4313
9585 4086
9586 5215
9587 4091
9588 9055
9589 4262
9590 8648
9591 5275
9592 4968
9593 8545
9594 8405
9595 8506
9596 6308
9597 9056
9598 8878
9599 8290
9600 9010
9601 8339
9602 6621
9603 6685
9604 6692
9605 6794
9606 7732
9607 4070
9608 4797
9609 4317
9610 6759
9611 6034
9612 9989
9613 8873
9614 6814
9615 4884
9616 5506
9617 8704
9618 4108
9619 6872
9620 6869
9621 6959
9622 6854
9623 4878
9624 8877
9625 8682
9626 8804
9627 8675
9628 4078
9629 4388
9630 7014
9631 9116
9632 9106
9633 9125
9634 9072
9635 7227
9636 6694
9637 4334
9638 8268
9639 5886
9640 6895
9641 4092
9642 5965
9643 6012
9644 9081
9645 8747
9646 8645
9647 8674
9648 8674
9649 4383
9650 8151
9651 4200
9652 9023
9653 4185
9654 6832
9655 8840
9656 5819
9657 8565
9658 8226
9659 8296
9660 8293
9661 4405
9662 8465
9663 6759
9664 8931
9665 8677
9666 6790
9667 8635
9668 6889
9669 8165
9670 4221
9671 7617
9672 9122
9673 4081
9674 4143
9675 7929
9676 4115
9677 4380
9678 8828
9679 4100
9680 8336
9681 8374
9682 8313
9683 8379
9684 8335
9685 5662
9686 4738
9687 6998
9688 8768
9689 4173
9690 8180
9691 4610
9692 4197
9693 6795
9694 6776
9695 6759
9696 4618
9697 5259
9698 6168
9699 5337
9700 4079
9701 4266
9702 4078
9703 6796
9704 6331
9705 8313
9706 8311
9707 8266
9708 8373
9709 7341
9710 6619
9711 4823
9712 8510
9713 7060
9714 8355
9715 4279
9716 6620
9717 4166
9718 8213
9719 7554
9720 6666
9721 4259
9722 8241
9723 6776
9724 7168
9725 6715
9726 4219
9727 6662
9728 6653
9729 8538
9730 7969
9731 8536
9732 5347
9733 5740
9734 5160
9735 5926
9736 4274
9737 5270
9738 4436
9739 9871
9740 4312
9741 5659
9742 6758
9743 6731
9744 6771
9745 4093
9746 5821
9747 8596
9748 4091
9749 5801
9750 4119
9751 4181
9752 4317
9753 6739
9754 8981
9755 8996
9756 6233
9757 7292
9758 8635
9759 8507
9760 4804
9761 4203
9762 4261
9763 6803
9764 6709
9765 6687
9766 4223
9767 4069
9768 4137
9769 7695
9770 6498
9771 8090
9772 4381
9773 6250
9774 7211
9775 6696
9776 8168
9777 8940
9778 8795
9779 6773
9780 4130
9781 6772
9782 6790
9783 6725
9784 8241
9785 8006
9786 6645
9787 4507
9788 9245
9789 9355
9790 6858
9791 6822
9792 6080
9793 6735
9794 4166
9795 6636
9796 6540
9797 5259
9798 6304
9799 7754
9800 5458
9801 8993
9802 9034
9803 4076
9804 9015
9805 7985
9806 4427
9807 8479
9808 8581
9809 4145
9810 8298
9811 8558
9812 8409
9813 4085
9814 5896
9815 4129
9816 4258
9817 8587
9818 6397
9819 8545
9820 8099
9821 6765
9822 7148
9823 8419
9824 8440
9825 8283
9826 8925
9827 8820
9828 8856
9829 4334
9830 6134
9831 4390
9832 8674
9833 4096
9834 8686
9835 8737
9836 4183
9837 8745
9838 4183
9839 6936
9840 6636
9841 5866
9842 4115
9843 5098
9844 6735
9845 6649
9846 8185
9847 8636
9848 7055
9849 8211
9850 4179
9851 6753
9852 6729
9853 6897
9854 6745
9855 6559
9856 6534
9857 6535
9858 6519
9859 6479
9860 6548
9861 6594
9862 7389
9863 4268
9864 4362
9865 4128
9866 6833
9867 5732
9868 8226
9869 7061
9870 6974
9871 6827
9872 6858
9873 6683
9874 6694
9875 6708
9876 6478
9877 4129
9878 6074
9879 8602
9880 5838
9881 8573
9882 6140
9883 5649
9884 5267
9885 7983
9886 5418
9887 8895
9888 7927
9889 6764
9890 6599
9891 4137
9892 6733
9893 6725
9894 6795
9895 8287
9896 6736
9897 6537
9898 6710
9899 6657
9900 4307
9901 9628
9902 9343
9903 5401
9904 9086
9905 7277
9906 6848
9907 4435
9908 6883
9909 6796
9910 4340
9911 8419
9912 6745
9913 6743
9914 8364
9915 8407
9916 8413
9917 8448
9918 6885
9919 8423
9920 8408
9921 7056
9922 8609
9923 6283
9924 4375
9925 8784
9926 4082
9927 4308
9928 9336
9929 5017
9930 4140
9931 8438
9932 7234
9933 7983
9934 4755
9935 7313
9936 8714
9937 8794
9938 8721
9939 8791
9940 6923
9941 6780
9942 4410
9943 8740
9944 4243
9945 4214
9946 4128
9947 6626
9948 6628
9949 4245
9950 6622
9951 6395
9952 6594
9953 4328
9954 6487
9955 6313
9956 6668
9957 4458
9958 4094
9959 4153
9960 6572
9961 7872
9962 8711
9963 6786
9964 4783
9965 9040
9966 9073
9967 9096
9968 9097
9969 8937
9970 7692
9971 4306
9972 4189
9973 8530
9974 4069
9975 8793
9976 7055
9977 4381
9978 4411
9979 4345
9980 4255
9981 4116
9982 6580
9983 4360
9984 8457
9985 8084
9986 6635
9987 6750
9988 8658
9989 8600
9990 8667
9991 5842
9992 5573
9993 8753
9994 8927
9995 4269
9996 7701
9997 4333
9998 8295
9999 8255
# sum: 6605
# min: 4065
# max: 9994
# err cnt: 950
