2832 5
2834 8
2835 23
2836 30
2837 50
2838 60
2839 103
2840 111
2841 144
2842 212
2843 225
2844 233
2845 265
2846 244
2847 268
2848 250
2849 217
2850 196
2851 189
2852 147
2853 145
2854 140
2855 164
2856 150
2857 155
2858 231
2859 254
2860 321
2861 312
2862 346
2863 362
2864 390
2865 425
2866 425
2867 405
2868 415
2869 421
2870 360
2871 341
2872 209
2873 178
2874 129
2875 140
2876 76
2877 58
2878 61
2879 40
2880 35
2881 17
2882 18
2883 15
2884 17
2885 19
2886 7
2887 4
2888 3
2889 3
2891 3
2892 4
2893 4
2894 1
2895 4
2896 1
2897 3
2898 2
2903 1
2904 1
2905 1
2907 2
2908 1
2909 6
2911 1
2913 1
2914 5
2915 2
2916 5
2917 2
2918 4
2919 2
2920 4
2921 6
2922 5
2923 4
2924 8
2925 13
2926 5
2927 10
2928 7
2929 16
2930 15
2931 6
2932 9
2933 6
2934 8
2935 3
2936 7
2937 1
2938 5
2939 4
2940 3
2941 1
2942 3
2943 1
2944 2
2945 1
2946 2
2947 2
2950 1
2951 2
2952 2
2955 1
2956 1
2959 1
2960 1
2963 1
2964 1
2965 1
2968 1
2970 1
2984 1
3021 1
