0 2556
1 2603
2 2637
3 2370
4 2590
5 2580
6 2381
7 2279
8 2836
9 2301
10 2779
11 2251
12 2563
13 2340
14 2344
15 2504
16 2019
17 2385
18 2458
19 2214
20 2266
21 2176
22 2270
23 2287
24 2268
25 2286
26 2349
27 2342
28 2294
29 2260
30 2259
31 2342
32 2291
33 2244
34 2210
35 2281
36 2307
37 2288
38 2264
39 2213
40 2285
41 2140
42 2283
43 2367
44 2306
45 2280
46 2276
47 2256
48 2246
49 2241
50 2295
51 2380
52 2287
53 2375
54 2258
55 2243
56 2176
57 2267
58 2159
59 2250
60 2269
61 2268
62 2162
63 2283
64 2366
65 2181
66 2268
67 2284
68 2288
69 2203
70 2239
71 2355
72 2241
73 2195
74 2254
75 2204
76 2306
77 2286
78 2211
79 2184
80 2265
81 2243
82 2178
83 2318
84 2353
85 2271
86 2248
87 2278
88 2149
89 2285
90 2190
91 2255
92 2292
93 2303
94 2243
95 2304
96 2249
97 2271
98 2284
99 2179
100 2246
101 2342
102 2354
103 2256
104 2320
105 2348
106 2294
107 2443
108 2253
109 2299
110 2313
111 2275
112 2182
113 2302
114 2379
115 2253
116 2307
117 2239
118 2348
119 2312
120 2194
121 2187
122 2317
123 2239
124 2244
125 2336
126 2209
127 2265
128 2251
129 2188
130 2243
131 2270
132 2276
133 2186
134 2132
135 2345
136 2260
137 2207
138 2261
139 2255
140 2261
141 2341
142 2366
143 2168
144 2295
145 2252
146 2299
147 2330
148 2206
149 2177
150 2203
151 2281
152 2207
153 2129
154 2181
155 2292
156 2287
157 2171
158 2215
159 2404
160 2257
161 2267
162 2359
163 2178
164 2246
165 2235
166 2267
167 2277
168 2250
169 2156
170 2290
171 2368
172 2212
173 2358
174 2238
175 2248
176 2379
177 2189
178 2343
179 2309
180 2170
181 2258
182 2204
183 2249
184 2244
185 2253
186 2168
187 2273
188 2264
189 2290
190 2140
191 2282
192 2379
193 2211
194 2260
195 2455
196 2169
197 2389
198 2265
199 2322
200 2455
201 2055
202 2272
203 2416
204 2302
205 2191
206 2257
207 2272
208 2195
209 2272
210 2285
211 2257
212 2253
213 2204
214 2209
215 2303
216 2305
217 2272
218 2304
219 2248
220 2273
221 2259
222 2248
223 2272
224 2318
225 2242
226 2129
227 2300
228 2281
229 2177
230 2374
231 2304
232 2263
233 2347
234 2254
235 2167
236 2188
237 2296
238 2195
239 2204
240 2241
241 2305
242 2290
243 2285
244 2174
245 2298
246 2299
247 2274
248 2136
249 2198
250 2308
251 2297
252 2195
253 2300
254 2414
255 2126
256 2349
257 2269
258 2252
259 2301
260 2207
261 2259
262 2260
263 2243
264 2249
265 2356
266 2177
267 2303
268 2168
269 2322
270 2264
271 2305
272 2410
273 2246
274 2243
275 2294
276 2215
277 2369
278 2096
279 2265
280 2382
281 2286
282 2091
283 2254
284 2256
285 2172
286 2141
287 2277
288 2161
289 2279
290 2269
291 2300
292 2262
293 2265
294 2274
295 2124
296 2246
297 2324
298 2294
299 2212
300 2414
301 2270
302 2257
303 2414
304 2123
305 2303
306 2458
307 2115
308 2278
309 2382
310 2181
311 2268
312 2393
313 2148
314 2258
315 2274
316 2299
317 2174
318 2297
319 2239
320 2313
321 2182
322 2291
323 2267
324 2300
325 2355
326 2317
327 2238
328 2169
329 2178
330 2303
331 2309
332 2208
333 2250
334 2394
335 2289
336 2286
337 2176
338 2339
339 2197
340 2343
341 2201
342 2281
343 2318
344 2255
345 2244
346 2214
347 2304
348 2281
349 2119
350 2253
351 2331
352 2187
353 2252
354 2249
355 2351
356 2261
357 2303
358 2279
359 2269
360 2152
361 2266
362 2311
363 2242
364 2302
365 2211
366 2205
367 2251
368 2303
369 2268
370 2248
371 2295
372 2156
373 2251
374 2413
375 2173
376 2269
377 2367
378 2203
379 2211
380 2380
381 2176
382 2290
383 2473
384 2150
385 2302
386 2414
387 2199
388 2293
389 2204
390 2172
391 2400
392 2158
393 2295
394 2424
395 2169
396 2410
397 2273
398 2168
399 2418
400 2210
401 2181
402 2298
403 2269
404 2306
405 2250
406 2297
407 2190
408 2307
409 2277
410 2316
411 2294
412 2240
413 2267
414 2276
415 2205
416 2263
417 2467
418 2244
419 2239
420 2443
421 2188
422 2306
423 2210
424 2315
425 2265
426 2289
427 2309
428 2156
429 2282
430 2440
431 2235
432 2298
433 2365
434 2110
435 2303
436 2293
437 2174
438 2264
439 2284
440 2301
441 2158
442 2206
443 2253
444 2389
445 2243
446 2292
447 2282
448 2078
449 2262
450 2275
451 2295
452 2288
453 2118
454 2247
455 2343
456 2344
457 2345
458 2169
459 2282
460 2352
461 2297
462 2277
463 2345
464 2245
465 2334
466 2377
467 2256
468 2213
469 2182
470 2271
471 2303
472 2115
473 2289
474 2316
475 2268
476 2238
477 2322
478 2171
479 2248
480 2182
481 2286
482 2293
483 2129
484 2271
485 2296
486 2300
487 2200
488 2192
489 2486
490 2105
491 2358
492 2260
493 2335
494 2344
495 2251
496 2161
497 2342
498 2256
499 2238
500 2174
501 2244
502 2320
503 2198
504 2290
505 2336
506 2213
507 2284
508 2277
509 2182
510 2281
511 2178
512 2260
513 2256
514 2270
515 2152
516 2275
517 2315
518 2294
519 2332
520 2259
521 2284
522 2196
523 2299
524 2271
525 2254
526 2244
527 2279
528 2268
529 2270
530 2311
531 2273
532 2170
533 2210
534 2338
535 2345
536 2260
537 2306
538 2198
539 2254
540 2291
541 2316
542 2179
543 2261
544 2329
545 2112
546 2157
547 2324
548 2299
549 2180
550 1706
551 2378
552 2546
553 2139
554 2539
555 2331
556 2185
557 2415
558 2140
559 2263
560 2244
561 2240
562 2166
563 2215
564 2256
565 2166
566 2172
567 2258
568 2350
569 2252
570 2211
571 2416
572 2156
573 2342
574 2384
575 2185
576 2260
577 2340
578 2271
579 2214
580 2401
581 2259
582 2260
583 2339
584 2178
585 2296
586 2337
587 2287
588 2287
589 2326
590 2150
591 2265
592 2257
593 2246
594 2307
595 2180
596 2168
597 2393
598 2111
599 2274
600 2252
601 2185
602 2260
603 2260
604 2250
605 2259
606 2311
607 2252
608 2324
609 2174
610 2239
611 2396
612 2299
613 2136
614 2280
615 2406
616 2166
617 2267
618 2397
619 2267
620 2273
621 2283
622 2195
623 2278
624 2283
625 2248
626 2213
627 2392
628 2214
629 2210
630 2293
631 2260
632 2301
633 2288
634 2182
635 2394
636 2188
637 2269
638 2403
639 2186
640 2256
641 2349
642 2182
643 2286
644 2308
645 2266
646 2297
647 2257
648 2274
649 2184
650 2255
651 2155
652 2288
653 2202
654 2277
655 2266
656 2212
657 2337
658 2290
659 2170
660 2332
661 2294
662 2162
663 2376
664 2363
665 2238
666 2259
667 2272
668 2195
669 2283
670 2319
671 2275
672 2261
673 2404
674 2251
675 2263
676 2437
677 2084
678 2347
679 2259
680 2181
681 2445
682 2274
683 2207
684 2349
685 2163
686 2315
687 2270
688 2204
689 2346
690 2156
691 2297
692 2371
693 2184
694 2296
695 2188
696 2301
697 2282
698 2181
699 2269
700 2329
701 2205
702 2288
703 2243
704 2170
705 2281
706 2277
707 2181
708 2283
709 2245
710 2212
711 2205
712 2200
713 2297
714 2198
715 2327
716 2302
717 2271
718 2278
719 2352
720 2341
721 2321
722 2273
723 2302
724 2366
725 2311
726 2199
727 2275
728 2263
729 2239
730 2268
731 2294
732 2259
733 2156
734 2190
735 2290
736 2279
737 2251
738 2279
739 2261
740 2282
741 2263
742 2306
743 2268
744 2263
745 2363
746 2359
747 2203
748 2284
749 2300
750 2355
751 2349
752 2206
753 2250
754 2292
755 2205
756 2274
757 2259
758 2259
759 2283
760 2253
761 2357
762 2307
763 2255
764 2270
765 2206
766 2273
767 2258
768 2318
769 2259
770 2311
771 2294
772 2205
773 2371
774 2208
775 2293
776 2292
777 2253
778 2278
779 2263
780 2275
781 2262
782 2318
783 2247
784 2259
785 2317
786 2343
787 2297
788 2306
789 2268
790 2285
791 2310
792 2263
793 2302
794 2345
795 2275
796 2269
797 2290
798 2309
799 2280
800 2298
801 2248
802 2348
803 2141
804 2272
805 2333
806 2250
807 2329
808 2177
809 2247
810 2363
811 2155
812 2212
813 2322
814 2181
815 2192
816 2335
817 2276
818 2245
819 2272
820 2349
821 2297
822 2290
823 2281
824 2352
825 2286
826 2369
827 2259
828 2289
829 2385
830 2353
831 2281
832 2280
833 2254
834 2238
835 2426
836 2242
837 2283
838 2358
839 2281
840 2306
841 2339
842 2177
843 2298
844 2266
845 2210
846 2290
847 2210
848 2249
849 2368
850 2277
851 2297
852 2201
853 2251
854 2254
855 2207
856 2285
857 2289
858 2281
859 2241
860 2277
861 2290
862 2194
863 2266
864 2207
865 2305
866 2197
867 2251
868 2169
869 2261
870 2307
871 2204
872 2269
873 2214
874 2319
875 2251
876 2242
877 2191
878 2281
879 2155
880 2334
881 2310
882 2262
883 2189
884 2277
885 2348
886 2280
887 2300
888 2353
889 2196
890 2203
891 2286
892 2263
893 2199
894 2252
895 2256
896 2258
897 2270
898 2189
899 2210
900 2273
901 2184
902 2298
903 2369
904 2287
905 2283
906 2412
907 2207
908 2291
909 2403
910 2252
911 2311
912 2259
913 2251
914 2187
915 2269
916 2303
917 2322
918 2342
919 2273
920 2258
921 2349
922 2242
923 2202
924 2279
925 2314
926 2243
927 2414
928 2172
929 2260
930 2150
931 2328
932 2363
933 2249
934 2206
935 2284
936 2272
937 2330
938 2303
939 2272
940 2260
941 2268
942 2293
943 2238
944 2273
945 2184
946 2286
947 2258
948 2248
949 2274
950 2376
951 2297
952 2203
953 2280
954 2286
955 2267
956 2212
957 2253
958 2268
959 2372
960 2172
961 2204
962 2214
963 2291
964 2184
965 2290
966 2341
967 2550
968 2129
969 2273
970 2501
971 2189
972 2310
973 2383
974 2194
975 2362
976 2253
977 2212
978 2259
979 2265
980 2310
981 2299
982 2317
983 2342
984 2320
985 2258
986 2248
987 2376
988 2312
989 2254
990 2277
991 2289
992 2260
993 2367
994 2339
995 2293
996 2286
997 2345
998 2304
999 2365
1000 2174
1001 2292
1002 2381
1003 2215
1004 2250
1005 2260
1006 2193
1007 2264
1008 2276
1009 2359
1010 2359
1011 2168
1012 2252
1013 2319
1014 2198
1015 2297
1016 2270
1017 2255
1018 2304
1019 2345
1020 2292
1021 2394
1022 2236
1023 2286
1024 2172
1025 2307
1026 2264
1027 2260
1028 2384
1029 2239
1030 2256
1031 2260
1032 2295
1033 2319
1034 2255
1035 2298
1036 2279
1037 2251
1038 2365
1039 2351
1040 2261
1041 2353
1042 2320
1043 2197
1044 2270
1045 2292
1046 2314
1047 2378
1048 2312
1049 2268
1050 2270
1051 2334
1052 2293
1053 2153
1054 2280
1055 2307
1056 2256
1057 2316
1058 2299
1059 2248
1060 2285
1061 2212
1062 2304
1063 2254
1064 2331
1065 2389
1066 2203
1067 2239
1068 2298
1069 2133
1070 2271
1071 2248
1072 2253
1073 2362
1074 2250
1075 2208
1076 2363
1077 2204
1078 2362
1079 2296
1080 2261
1081 2344
1082 2344
1083 2324
1084 2349
1085 2301
1086 2264
1087 2282
1088 2323
1089 2307
1090 2339
1091 2262
1092 2296
1093 2340
1094 2352
1095 2310
1096 2317
1097 2372
1098 2247
1099 2305
1100 2375
1101 2211
1102 2256
1103 2377
1104 2345
1105 2300
1106 2282
1107 2253
1108 2243
1109 2320
1110 2346
1111 2350
1112 2169
1113 2274
1114 2240
1115 2267
1116 2366
1117 2275
1118 2289
1119 2355
1120 2300
1121 2191
1122 2386
1123 2241
1124 2316
1125 2277
1126 2320
1127 2267
1128 2343
1129 2178
1130 2194
1131 2311
1132 2268
1133 2316
1134 2287
1135 2306
1136 2313
1137 2267
1138 2262
1139 2198
1140 2253
1141 2367
1142 2290
1143 2209
1144 2338
1145 2240
1146 2256
1147 2257
1148 2304
1149 2309
1150 2370
1151 2298
1152 2240
1153 2260
1154 2247
1155 2276
1156 2328
1157 2342
1158 2345
1159 2306
1160 2236
1161 2275
1162 2211
1163 2215
1164 2205
1165 2213
1166 2263
1167 2319
1168 2205
1169 2247
1170 2240
1171 2297
1172 2252
1173 2243
1174 2200
1175 2269
1176 2247
1177 2184
1178 2259
1179 2177
1180 2249
1181 2313
1182 2356
1183 2295
1184 2276
1185 2327
1186 2279
1187 2260
1188 2249
1189 2263
1190 2183
1191 2264
1192 2249
1193 2347
1194 2377
1195 2334
1196 2294
1197 2212
1198 2268
1199 2194
1200 2211
1201 2288
1202 2335
1203 2279
1204 2359
1205 2315
1206 2196
1207 2303
1208 2301
1209 2248
1210 2301
1211 2260
1212 2291
1213 2248
1214 2243
1215 2241
1216 2306
1217 2270
1218 2374
1219 2192
1220 2251
1221 2264
1222 2335
1223 2155
1224 2343
1225 2168
1226 2304
1227 2393
1228 2165
1229 2193
1230 2408
1231 2239
1232 2265
1233 2427
1234 2247
1235 2296
1236 2343
1237 2272
1238 2323
1239 2403
1240 2272
1241 2322
1242 2261
1243 2340
1244 2315
1245 2299
1246 2295
1247 2338
1248 2311
1249 2282
1250 2286
1251 2372
1252 2306
1253 2297
1254 2341
1255 2290
1256 2310
1257 2393
1258 2250
1259 2295
1260 2349
1261 2312
1262 2274
1263 2314
1264 2356
1265 2389
1266 2316
1267 2263
1268 2285
1269 2316
1270 2278
1271 2284
1272 2302
1273 2283
1274 2300
1275 2378
1276 2388
1277 2394
1278 2311
1279 2304
1280 2366
1281 2348
1282 2279
1283 2303
1284 2369
1285 2311
1286 2328
1287 2404
1288 2317
1289 2293
1290 2312
1291 2260
1292 2362
1293 2288
1294 2259
1295 2291
1296 2078
1297 2296
1298 2394
1299 2125
1300 2295
1301 2467
1302 2106
1303 2275
1304 2454
1305 2164
1306 2320
1307 2310
1308 2311
1309 2204
1310 2309
1311 2407
1312 2201
1313 2277
1314 2433
1315 2309
1316 2284
1317 2401
1318 2300
1319 2257
1320 2344
1321 2205
1322 2200
1323 2255
1324 2293
1325 2248
1326 2257
1327 2300
1328 2279
1329 2209
1330 2207
1331 2249
1332 2261
1333 2210
1334 2281
1335 2281
1336 2208
1337 2285
1338 2283
1339 2361
1340 2201
1341 2295
1342 2271
1343 2281
1344 2392
1345 2262
1346 2289
1347 2334
1348 2204
1349 2280
1350 2417
1351 2134
1352 2349
1353 2356
1354 2305
1355 2155
1356 2262
1357 2291
1358 2300
1359 2300
1360 2195
1361 2353
1362 2326
1363 2271
1364 2325
1365 2389
1366 2242
1367 2319
1368 2374
1369 2299
1370 2319
1371 2363
1372 2329
1373 2343
1374 2313
1375 2259
1376 2362
1377 2339
1378 2307
1379 2280
1380 2348
1381 2314
1382 2317
1383 2354
1384 2286
1385 2257
1386 2411
1387 2260
1388 2318
1389 2272
1390 2240
1391 2188
1392 2262
1393 2174
1394 2271
1395 2282
1396 2251
1397 2267
1398 2279
1399 2270
1400 2345
1401 2308
1402 2266
1403 2286
1404 2356
1405 2312
1406 2333
1407 2324
1408 2285
1409 2253
1410 2334
1411 2391
1412 2303
1413 2276
1414 2353
1415 2278
1416 2307
1417 2318
1418 2250
1419 2375
1420 2267
1421 2243
1422 2387
1423 2292
1424 2261
1425 2207
1426 2282
1427 2240
1428 2199
1429 2298
1430 2299
1431 2324
1432 2293
1433 2339
1434 2348
1435 2239
1436 2363
1437 2360
1438 2278
1439 2303
1440 2346
1441 2350
1442 2305
1443 2300
1444 2284
1445 2214
1446 2261
1447 2297
1448 2182
1449 2282
1450 2298
1451 2259
1452 2187
1453 2187
1454 2281
1455 2202
1456 2211
1457 2291
1458 2259
1459 2346
1460 2240
1461 2209
1462 2299
1463 2256
1464 2407
1465 2267
1466 2257
1467 2313
1468 2383
1469 2259
1470 2324
1471 2271
1472 2281
1473 2311
1474 2269
1475 2381
1476 2362
1477 2279
1478 2319
1479 2239
1480 2368
1481 2300
1482 2306
1483 2325
1484 2292
1485 2251
1486 2306
1487 2295
1488 2322
1489 2294
1490 2262
1491 2315
1492 2201
1493 2209
1494 2349
1495 2294
1496 2260
1497 2345
1498 2298
1499 2192
1500 2250
1501 2198
1502 2150
1503 2369
1504 2163
1505 2279
1506 2427
1507 2151
1508 2305
1509 2249
1510 2288
1511 2358
1512 2238
1513 2197
1514 2307
1515 2162
1516 2263
1517 2309
1518 2162
1519 2171
1520 2261
1521 2210
1522 2205
1523 2316
1524 2183
1525 2196
1526 2214
1527 2266
1528 2248
1529 2116
1530 2288
1531 2298
1532 2195
1533 2272
1534 2268
1535 2259
1536 2264
1537 2210
1538 2246
1539 2271
1540 2248
1541 2253
1542 2205
1543 2173
1544 2276
1545 2316
1546 2251
1547 2123
1548 2308
1549 2260
1550 2063
1551 2183
1552 2277
1553 2310
1554 2195
1555 2198
1556 2293
1557 2186
1558 2248
1559 2168
1560 2211
1561 2354
1562 2077
1563 2275
1564 2451
1565 2238
1566 2273
1567 2250
1568 2266
1569 2245
1570 2268
1571 2334
1572 2145
1573 2208
1574 2208
1575 2311
1576 2316
1577 2195
1578 2212
1579 2293
1580 2273
1581 2296
1582 2242
1583 2303
1584 2181
1585 2197
1586 2268
1587 2241
1588 2254
1589 2289
1590 2127
1591 2196
1592 2438
1593 2110
1594 2271
1595 2291
1596 2190
1597 2311
1598 2158
1599 2241
1600 2257
1601 2179
1602 2302
1603 2138
1604 2263
1605 2328
1606 2297
1607 2166
1608 2171
1609 2279
1610 2281
1611 2253
1612 2299
1613 2388
1614 2210
1615 2250
1616 2261
1617 2258
1618 2186
1619 2209
1620 2357
1621 2261
1622 2247
1623 2301
1624 2164
1625 2270
1626 2268
1627 2200
1628 2287
1629 2173
1630 2306
1631 2293
1632 2179
1633 2190
1634 2322
1635 2249
1636 2252
1637 2349
1638 2158
1639 2186
1640 2191
1641 2214
1642 2209
1643 2268
1644 2246
1645 2168
1646 2294
1647 2299
1648 2190
1649 2308
1650 2174
1651 2250
1652 2203
1653 2275
1654 2372
1655 2272
1656 2208
1657 2239
1658 2276
1659 2257
1660 2251
1661 2259
1662 2209
1663 2172
1664 2166
1665 2248
1666 2348
1667 2249
1668 2190
1669 2293
1670 2287
1671 2101
1672 2141
1673 2273
1674 2198
1675 2185
1676 2198
1677 2311
1678 2254
1679 2124
1680 2168
1681 2248
1682 2432
1683 2158
1684 2194
1685 2240
1686 2316
1687 2213
1688 2246
1689 2275
1690 2284
1691 2210
1692 2287
1693 2135
1694 2280
1695 2303
1696 2208
1697 2290
1698 2168
1699 2249
1700 2310
1701 2206
1702 2136
1703 2252
1704 2260
1705 2163
1706 2190
1707 2192
1708 2263
1709 2301
1710 2149
1711 2283
1712 2190
1713 2263
1714 2356
1715 2275
1716 2163
1717 2208
1718 2283
1719 2150
1720 2260
1721 2270
1722 2275
1723 2242
1724 2199
1725 2103
1726 2328
1727 2357
1728 2262
1729 2256
1730 2213
1731 2249
1732 2319
1733 2143
1734 2307
1735 2255
1736 2198
1737 2208
1738 2357
1739 2131
1740 2278
1741 2213
1742 2248
1743 2309
1744 2194
1745 2164
1746 2352
1747 2255
1748 2141
1749 2244
1750 2277
1751 2197
1752 2258
1753 2250
1754 2208
1755 2266
1756 2243
1757 2250
1758 2287
1759 2201
1760 2170
1761 2327
1762 2248
1763 2247
1764 2378
1765 2266
1766 2173
1767 2251
1768 2352
1769 2256
1770 2272
1771 2298
1772 2375
1773 2286
1774 2289
1775 2191
1776 2253
1777 2280
1778 2143
1779 2247
1780 2253
1781 2301
1782 2277
1783 2288
1784 2287
1785 2149
1786 2266
1787 2191
1788 2331
1789 2208
1790 2197
1791 2246
1792 2240
1793 2270
1794 2237
1795 2155
1796 2150
1797 2282
1798 2260
1799 2197
1800 2179
1801 2314
1802 2248
1803 2241
1804 2253
1805 2278
1806 2174
1807 2171
1808 2206
1809 2290
1810 2273
1811 2201
1812 2342
1813 2276
1814 2236
1815 2370
1816 2372
1817 2213
1818 2166
1819 2257
1820 2281
1821 2312
1822 2213
1823 2192
1824 2239
1825 2290
1826 2244
1827 2285
1828 2183
1829 2242
1830 2302
1831 2292
1832 2284
1833 2214
1834 2204
1835 2281
1836 2146
1837 2328
1838 2292
1839 2197
1840 2277
1841 2388
1842 2165
1843 2252
1844 2279
1845 2262
1846 2348
1847 2258
1848 2276
1849 2275
1850 2253
1851 2264
1852 2264
1853 2213
1854 2354
1855 2272
1856 2244
1857 2190
1858 2267
1859 2319
1860 2295
1861 2354
1862 2259
1863 2307
1864 2269
1865 2289
1866 2283
1867 2337
1868 2198
1869 2284
1870 2380
1871 2268
1872 2303
1873 2351
1874 2285
1875 2356
1876 2352
1877 2315
1878 2261
1879 2293
1880 2264
1881 2374
1882 2307
1883 2299
1884 2355
1885 2269
1886 2261
1887 2332
1888 2367
1889 2284
1890 2259
1891 2372
1892 2210
1893 2201
1894 2213
1895 2319
1896 2271
1897 2318
1898 2203
1899 2307
1900 2372
1901 2215
1902 2295
1903 2187
1904 2322
1905 2262
1906 2251
1907 2275
1908 2270
1909 2292
1910 2203
1911 2270
1912 2210
1913 2187
1914 2338
1915 2191
1916 2314
1917 2255
1918 2144
1919 2275
1920 2361
1921 2280
1922 2258
1923 2373
1924 2295
1925 2279
1926 2281
1927 2367
1928 2333
1929 2250
1930 2319
1931 2301
1932 2291
1933 2350
1934 2345
1935 2301
1936 2279
1937 2286
1938 2296
1939 2292
1940 2278
1941 2343
1942 2339
1943 2246
1944 2294
1945 2251
1946 2376
1947 2332
1948 2265
1949 2318
1950 2305
1951 2266
1952 2202
1953 2288
1954 2386
1955 2278
1956 2344
1957 2364
1958 2345
1959 2261
1960 2252
1961 2316
1962 2260
1963 2272
1964 2140
1965 2208
1966 2369
1967 2345
1968 2298
1969 2263
1970 2304
1971 2385
1972 2297
1973 2202
1974 2339
1975 2295
1976 2321
1977 2300
1978 2366
1979 2300
1980 2278
1981 2278
1982 2288
1983 2275
1984 2339
1985 2265
1986 2291
1987 2309
1988 2279
1989 2282
1990 2332
1991 2306
1992 2330
1993 2342
1994 2274
1995 2329
1996 2279
1997 2295
1998 2298
1999 2377
2000 2197
2001 2306
2002 2288
2003 2302
2004 2239
2005 2271
2006 2318
2007 2192
2008 2276
2009 2408
2010 2210
2011 2241
2012 2324
2013 2259
2014 2199
2015 2204
2016 2302
2017 2277
2018 2306
2019 2359
2020 2259
2021 2246
2022 2176
2023 2244
2024 2126
2025 2202
2026 2184
2027 2289
2028 2179
2029 2214
2030 2277
2031 2263
2032 2252
2033 2176
2034 2280
2035 2288
2036 2355
2037 2259
2038 2167
2039 2288
2040 2133
2041 2259
2042 2267
2043 2338
2044 2240
2045 2261
2046 2261
2047 2273
2048 2308
2049 2279
2050 2295
2051 2164
2052 2189
2053 2280
2054 2316
2055 2259
2056 2300
2057 2391
2058 2281
2059 2262
2060 2351
2061 2244
2062 2282
2063 2325
2064 2335
2065 2284
2066 2317
2067 2324
2068 2312
2069 2349
2070 2214
2071 2278
2072 2327
2073 2265
2074 2194
2075 2284
2076 2337
2077 2393
2078 2297
2079 2198
2080 2287
2081 2281
2082 2285
2083 2296
2084 2419
2085 2247
2086 2274
2087 2309
2088 2323
2089 2342
2090 2286
2091 2279
2092 2307
2093 2349
2094 2265
2095 2291
2096 2255
2097 2284
2098 2261
2099 2198
2100 2368
2101 2287
2102 2307
2103 2288
2104 2161
2105 2292
2106 2250
2107 2248
2108 2260
2109 2273
2110 2191
2111 2208
2112 2331
2113 2242
2114 2271
2115 2406
2116 2214
2117 2316
2118 2160
2119 2276
2120 2251
2121 2283
2122 2291
2123 2310
2124 2371
2125 2293
2126 2281
2127 2260
2128 2196
2129 2281
2130 2304
2131 2206
2132 2280
2133 2318
2134 2360
2135 2307
2136 2241
2137 2313
2138 2444
2139 2243
2140 2252
2141 2262
2142 2287
2143 2284
2144 2314
2145 2287
2146 2279
2147 2356
2148 2348
2149 2280
2150 2354
2151 2246
2152 2309
2153 2266
2154 2263
2155 2306
2156 2360
2157 2293
2158 2361
2159 2288
2160 2241
2161 2409
2162 2323
2163 2293
2164 2321
2165 2342
2166 2355
2167 2328
2168 2307
2169 2271
2170 2382
2171 2283
2172 2294
2173 2294
2174 2328
2175 2249
2176 2306
2177 2327
2178 2261
2179 2276
2180 2394
2181 2281
2182 2323
2183 2282
2184 2263
2185 2299
2186 2380
2187 2260
2188 2275
2189 2303
2190 2276
2191 2289
2192 2418
2193 2269
2194 2302
2195 2281
2196 2145
2197 2285
2198 2279
2199 2268
2200 2275
2201 2294
2202 2353
2203 2292
2204 2307
2205 2313
2206 2275
2207 2278
2208 2266
2209 2331
2210 2315
2211 2347
2212 2284
2213 2341
2214 2201
2215 2318
2216 2284
2217 2326
2218 2328
2219 2259
2220 2330
2221 2268
2222 2306
2223 2303
2224 2365
2225 2251
2226 2354
2227 2184
2228 2264
2229 2262
2230 2292
2231 2283
2232 2305
2233 2319
2234 2296
2235 2201
2236 2290
2237 2275
2238 2188
2239 2266
2240 2240
2241 2288
2242 2240
2243 2198
2244 2351
2245 2257
2246 2275
2247 2406
2248 2282
2249 2258
2250 2328
2251 2210
2252 2272
2253 2305
2254 2350
2255 2261
2256 2352
2257 2187
2258 2301
2259 2247
2260 2312
2261 2264
2262 2351
2263 2271
2264 2303
2265 2344
2266 2279
2267 2201
2268 2335
2269 2275
2270 2268
2271 2284
2272 2277
2273 2387
2274 2366
2275 2207
2276 2328
2277 2292
2278 2215
2279 2199
2280 2251
2281 2323
2282 2276
2283 2279
2284 2320
2285 2309
2286 2343
2287 2273
2288 2272
2289 2308
2290 2389
2291 2282
2292 2270
2293 2360
2294 2163
2295 2293
2296 2242
2297 2277
2298 2365
2299 2293
2300 2281
2301 2297
2302 2290
2303 2396
2304 2158
2305 2337
2306 2278
2307 2212
2308 2206
2309 2294
2310 2342
2311 2288
2312 2373
2313 2279
2314 2310
2315 2264
2316 2325
2317 2298
2318 2268
2319 2301
2320 2296
2321 2278
2322 2291
2323 2385
2324 2270
2325 2261
2326 2370
2327 2306
2328 2252
2329 2293
2330 2326
2331 2322
2332 2380
2333 2248
2334 2208
2335 2266
2336 2291
2337 2300
2338 2205
2339 2278
2340 2301
2341 2199
2342 2263
2343 2378
2344 2298
2345 2325
2346 2297
2347 2254
2348 2263
2349 2329
2350 2289
2351 2265
2352 2303
2353 2265
2354 2311
2355 2269
2356 2303
2357 2294
2358 2374
2359 2268
2360 2296
2361 2277
2362 2314
2363 2359
2364 2421
2365 2188
2366 2343
2367 2192
2368 2169
2369 2212
2370 2277
2371 2320
2372 2317
2373 2296
2374 2149
2375 2175
2376 2332
2377 2253
2378 2156
2379 2276
2380 2261
2381 2343
2382 2272
2383 2260
2384 2310
2385 2260
2386 2203
2387 2311
2388 2274
2389 2198
2390 2341
2391 2284
2392 2305
2393 2409
2394 2291
2395 2303
2396 2183
2397 2357
2398 2290
2399 2345
2400 2278
2401 2241
2402 2389
2403 2262
2404 2281
2405 2371
2406 2255
2407 2257
2408 2248
2409 2283
2410 2299
2411 2240
2412 2245
2413 2268
2414 2256
2415 2263
2416 2191
2417 2210
2418 2240
2419 2266
2420 2345
2421 2298
2422 2361
2423 2290
2424 2240
2425 2302
2426 2294
2427 2291
2428 2315
2429 2331
2430 2270
2431 2305
2432 2282
2433 2262
2434 2355
2435 2284
2436 2277
2437 2276
2438 2263
2439 2339
2440 2302
2441 2307
2442 2316
2443 2296
2444 2247
2445 2331
2446 2296
2447 2304
2448 2372
2449 2284
2450 2202
2451 2268
2452 2383
2453 2338
2454 2294
2455 2373
2456 2373
2457 2292
2458 2378
2459 2354
2460 2277
2461 2324
2462 2277
2463 2267
2464 2357
2465 2181
2466 2382
2467 2389
2468 2258
2469 2437
2470 2314
2471 2245
2472 2337
2473 2160
2474 2264
2475 2268
2476 2273
2477 2190
2478 2286
2479 2321
2480 2257
2481 2298
2482 2332
2483 2295
2484 2215
2485 2193
2486 2327
2487 2370
2488 2355
2489 2303
2490 2270
2491 2302
2492 2287
2493 2282
2494 2322
2495 2305
2496 2149
2497 2316
2498 2412
2499 2204
2500 2250
2501 2381
2502 2277
2503 2198
2504 2265
2505 2342
2506 2163
2507 2301
2508 2259
2509 2252
2510 2253
2511 2246
2512 2302
2513 2246
2514 2350
2515 2274
2516 2266
2517 2360
2518 2261
2519 2326
2520 2304
2521 2207
2522 2240
2523 2295
2524 2190
2525 2297
2526 2086
2527 2168
2528 2308
2529 2170
2530 2256
2531 2248
2532 2302
2533 2210
2534 2294
2535 2255
2536 2274
2537 2293
2538 2313
2539 2301
2540 2215
2541 2300
2542 2278
2543 2306
2544 2280
2545 2259
2546 2371
2547 2372
2548 2249
2549 2327
2550 2266
2551 2212
2552 2358
2553 2268
2554 2317
2555 2362
2556 2201
2557 2280
2558 2326
2559 2252
2560 2283
2561 2377
2562 2273
2563 2292
2564 2261
2565 2274
2566 2269
2567 2199
2568 2378
2569 2280
2570 2257
2571 2300
2572 2296
2573 2304
2574 2298
2575 2254
2576 2260
2577 2276
2578 2213
2579 2196
2580 2301
2581 2350
2582 2253
2583 2189
2584 2273
2585 2239
2586 2204
2587 2213
2588 2206
2589 2237
2590 2274
2591 2195
2592 2317
2593 2344
2594 2308
2595 2336
2596 2273
2597 2274
2598 2294
2599 2270
2600 2275
2601 2242
2602 2274
2603 2350
2604 2189
2605 2271
2606 2255
2607 2192
2608 2195
2609 2297
2610 2243
2611 2355
2612 2303
2613 2240
2614 2260
2615 2187
2616 2332
2617 2138
2618 2245
2619 2303
2620 2294
2621 2147
2622 2170
2623 2357
2624 2260
2625 2317
2626 2277
2627 2265
2628 2245
2629 2181
2630 2248
2631 2264
2632 2305
2633 2174
2634 2214
2635 2256
2636 2286
2637 2301
2638 2193
2639 2314
2640 2212
2641 2376
2642 2379
2643 2239
2644 2302
2645 2343
2646 2215
2647 2343
2648 2241
2649 2284
2650 2470
2651 2176
2652 2267
2653 2356
2654 2255
2655 2241
2656 2318
2657 2355
2658 2195
2659 2289
2660 2396
2661 2265
2662 2215
2663 2271
2664 2325
2665 2313
2666 2188
2667 2376
2668 2202
2669 2293
2670 2197
2671 2274
2672 2268
2673 2387
2674 2296
2675 2308
2676 2269
2677 2212
2678 2255
2679 2281
2680 2172
2681 2288
2682 2399
2683 2158
2684 2269
2685 2274
2686 2366
2687 2309
2688 2207
2689 2312
2690 2340
2691 2136
2692 2274
2693 2287
2694 2197
2695 2349
2696 2247
2697 2289
2698 2311
2699 2246
2700 2283
2701 2372
2702 2207
2703 2304
2704 2301
2705 2268
2706 2207
2707 2180
2708 2264
2709 2257
2710 2279
2711 2294
2712 2297
2713 2279
2714 2193
2715 2330
2716 2371
2717 2287
2718 2206
2719 2268
2720 2312
2721 2301
2722 2194
2723 2276
2724 2308
2725 2251
2726 2258
2727 2267
2728 2259
2729 2161
2730 2355
2731 2245
2732 2255
2733 2211
2734 2274
2735 2200
2736 2301
2737 2289
2738 2212
2739 2269
2740 2144
2741 2279
2742 2327
2743 2282
2744 2358
2745 2274
2746 2261
2747 2352
2748 2304
2749 2268
2750 2357
2751 2254
2752 2358
2753 2190
2754 2249
2755 2325
2756 2307
2757 2286
2758 2319
2759 2267
2760 2380
2761 2297
2762 2277
2763 2285
2764 2251
2765 2272
2766 2240
2767 2238
2768 2322
2769 2350
2770 2116
2771 2201
2772 2336
2773 2212
2774 2178
2775 2280
2776 2257
2777 2241
2778 2260
2779 2250
2780 2187
2781 2284
2782 2253
2783 2277
2784 2248
2785 2301
2786 2247
2787 2176
2788 2449
2789 2275
2790 2199
2791 2186
2792 2206
2793 2293
2794 2181
2795 2278
2796 2240
2797 2301
2798 2116
2799 2182
2800 2313
2801 2308
2802 2127
2803 2270
2804 2401
2805 2183
2806 2259
2807 2259
2808 2269
2809 2244
2810 2240
2811 2260
2812 2197
2813 2279
2814 2244
2815 2153
2816 2261
2817 2280
2818 2240
2819 2153
2820 2177
2821 2357
2822 2269
2823 2205
2824 2339
2825 2266
2826 2201
2827 2336
2828 2201
2829 2961
2830 2679
2831 2965
2832 2441
2833 2920
2834 2436
2835 2777
2836 2473
2837 2487
2838 2360
2839 2561
2840 2509
2841 2959
2842 2400
2843 2655
2844 2865
2845 2671
2846 2625
2847 2702
2848 2414
2849 2587
2850 2586
2851 2961
2852 2380
2853 2576
2854 2716
2855 2749
2856 2637
2857 2841
2858 2312
2859 2780
2860 2451
2861 2398
2862 2346
2863 2276
2864 2211
2865 2444
2866 2774
2867 2211
2868 2399
2869 2436
2870 2243
2871 2678
2872 2270
2873 2197
2874 2306
2875 2212
2876 2209
2877 2305
2878 2254
2879 2263
2880 2373
2881 2258
2882 2287
2883 2253
2884 2200
2885 2266
2886 2159
2887 2247
2888 2298
2889 2315
2890 2248
2891 2299
2892 2307
2893 2187
2894 2300
2895 2181
2896 2242
2897 2337
2898 2203
2899 2276
2900 2209
2901 2311
2902 2253
2903 2418
2904 2303
2905 2268
2906 2275
2907 2409
2908 2298
2909 2195
2910 2324
2911 2284
2912 2272
2913 2263
2914 2252
2915 2310
2916 2268
2917 2237
2918 2213
2919 2333
2920 2259
2921 2278
2922 2303
2923 2300
2924 2275
2925 2344
2926 2427
2927 2278
2928 2307
2929 2214
2930 2198
2931 2283
2932 2249
2933 2363
2934 2354
2935 2274
2936 2290
2937 2321
2938 2323
2939 2297
2940 2307
2941 2260
2942 2268
2943 2289
2944 2279
2945 2312
2946 2407
2947 2207
2948 2307
2949 2296
2950 2265
2951 2260
2952 2267
2953 2381
2954 2259
2955 2311
2956 2274
2957 2252
2958 2265
2959 2240
2960 2265
2961 2179
2962 2271
2963 2261
2964 2321
2965 2303
2966 2344
2967 2290
2968 2282
2969 2190
2970 2307
2971 2326
2972 2307
2973 2149
2974 2449
2975 2110
2976 2279
2977 2359
2978 2199
2979 2185
2980 2161
2981 2257
2982 2281
2983 2287
2984 2304
2985 2248
2986 2304
2987 2316
2988 2265
2989 2167
2990 2387
2991 2276
2992 2281
2993 2292
2994 2303
2995 2292
2996 2374
2997 2213
2998 2195
2999 2389
3000 2279
3001 2269
3002 2239
3003 2385
3004 2253
3005 2295
3006 2248
3007 2276
3008 2286
3009 2157
3010 2308
3011 2254
3012 2369
3013 2206
3014 2244
3015 2283
3016 2400
3017 2284
3018 2260
3019 2269
3020 2258
3021 2281
3022 2270
3023 2198
3024 2306
3025 2298
3026 2153
3027 2313
3028 2209
3029 2271
3030 2268
3031 2289
3032 2170
3033 2241
3034 2268
3035 2294
3036 2258
3037 2298
3038 2365
3039 2271
3040 2304
3041 2360
3042 2266
3043 2261
3044 2308
3045 2271
3046 2296
3047 2348
3048 2255
3049 2262
3050 2313
3051 2302
3052 2260
3053 2405
3054 2242
3055 2275
3056 2290
3057 2262
3058 2279
3059 2317
3060 2270
3061 2351
3062 2358
3063 2354
3064 2290
3065 2285
3066 2282
3067 2260
3068 2259
3069 2282
3070 2208
3071 2249
3072 2279
3073 2246
3074 2194
3075 2207
3076 2293
3077 2278
3078 2311
3079 2320
3080 2294
3081 2256
3082 2332
3083 2353
3084 2178
3085 2257
3086 2324
3087 2174
3088 2191
3089 2268
3090 2249
3091 2163
3092 2266
3093 2265
3094 2300
3095 2266
3096 2273
3097 2264
3098 2212
3099 2308
3100 2323
3101 2299
3102 2275
3103 2418
3104 2304
3105 2259
3106 2298
3107 2327
3108 2344
3109 2250
3110 2275
3111 2302
3112 2318
3113 2265
3114 2288
3115 2324
3116 2265
3117 2304
3118 2404
3119 2277
3120 2280
3121 2415
3122 2240
3123 2304
3124 2312
3125 2288
3126 2285
3127 2189
3128 2174
3129 2298
3130 2278
3131 2325
3132 2271
3133 2264
3134 2296
3135 2260
3136 2302
3137 2347
3138 2289
3139 2279
3140 2368
3141 2261
3142 2267
3143 2369
3144 2262
3145 2259
3146 2245
3147 2293
3148 2240
3149 2296
3150 2204
3151 2263
3152 2289
3153 2266
3154 2244
3155 2178
3156 2317
3157 2186
3158 2265
3159 2271
3160 2277
3161 2300
3162 2298
3163 2316
3164 2354
3165 2302
3166 2345
3167 2391
3168 2203
3169 2195
3170 2241
3171 2191
3172 2264
3173 2238
3174 2274
3175 2312
3176 2259
3177 2239
3178 2247
3179 2278
3180 2326
3181 2369
3182 2284
3183 2257
3184 2286
3185 2178
3186 2290
3187 2265
3188 2309
3189 2259
3190 2260
3191 2249
3192 2313
3193 2261
3194 2366
3195 2306
3196 2250
3197 2289
3198 2322
3199 2266
3200 2355
3201 2317
3202 2267
3203 2368
3204 2369
3205 2190
3206 2263
3207 2353
3208 2180
3209 2250
3210 2253
3211 2242
3212 2285
3213 2260
3214 2369
3215 2319
3216 2281
3217 2374
3218 2367
3219 2195
3220 2352
3221 2284
3222 2259
3223 2328
3224 2270
3225 2259
3226 2362
3227 2313
3228 2347
3229 2369
3230 2256
3231 2240
3232 2312
3233 2294
3234 2289
3235 2382
3236 2298
3237 2315
3238 2307
3239 2357
3240 2327
3241 2325
3242 2307
3243 2291
3244 2354
3245 2326
3246 2364
3247 2329
3248 2272
3249 2282
3250 2303
3251 2276
3252 2362
3253 2352
3254 2250
3255 2282
3256 2337
3257 2295
3258 2343
3259 2354
3260 2332
3261 2309
3262 2253
3263 2293
3264 2308
3265 2267
3266 2247
3267 2348
3268 2332
3269 2207
3270 2297
3271 2411
3272 2274
3273 2248
3274 2308
3275 2299
3276 2290
3277 2321
3278 2257
3279 2364
3280 2375
3281 2276
3282 2268
3283 2374
3284 2265
3285 2285
3286 2406
3287 2128
3288 2278
3289 2296
3290 2257
3291 2265
3292 2277
3293 2288
3294 2197
3295 2264
3296 2296
3297 2295
3298 2197
3299 2338
3300 2330
3301 2251
3302 2336
3303 2356
3304 2200
3305 2326
3306 2269
3307 2288
3308 2359
3309 2257
3310 2186
3311 2300
3312 2289
3313 2310
3314 2386
3315 2255
3316 2204
3317 2297
3318 2296
3319 2292
3320 2346
3321 2349
3322 2336
3323 2258
3324 2275
3325 2347
3326 2404
3327 2270
3328 2311
3329 2297
3330 2282
3331 2290
3332 2316
3333 2319
3334 2298
3335 2259
3336 2268
3337 2334
3338 2348
3339 2202
3340 2282
3341 2303
3342 2158
3343 2264
3344 2176
3345 2294
3346 2214
3347 2264
3348 2280
3349 2383
3350 2365
3351 2326
3352 2346
3353 2317
3354 2280
3355 2379
3356 2295
3357 2357
3358 2309
3359 2262
3360 2309
3361 2373
3362 2332
3363 2300
3364 2300
3365 2170
3366 2277
3367 2316
3368 2306
3369 2282
3370 2363
3371 2298
3372 2327
3373 2337
3374 2274
3375 2296
3376 2262
3377 2265
3378 2306
3379 2371
3380 2248
3381 2287
3382 2338
3383 2271
3384 2277
3385 2277
3386 2375
3387 2291
3388 2366
3389 2301
3390 2277
3391 2311
3392 2305
3393 2309
3394 2355
3395 2277
3396 2267
3397 2323
3398 2253
3399 2204
3400 2350
3401 2324
3402 2270
3403 2253
3404 2255
3405 2284
3406 2387
3407 2207
3408 2322
3409 2403
3410 2260
3411 2134
3412 2316
3413 2385
3414 2203
3415 2297
3416 2200
3417 2260
3418 2283
3419 2162
3420 2208
3421 2248
3422 2333
3423 2300
3424 2249
3425 2279
3426 2273
3427 2261
3428 2239
3429 2286
3430 2268
3431 2244
3432 2272
3433 2302
3434 2255
3435 2306
3436 2310
3437 2269
3438 2204
3439 2309
3440 2187
3441 2307
3442 2271
3443 2201
3444 2307
3445 2276
3446 2260
3447 2257
3448 2296
3449 2185
3450 2299
3451 2316
3452 2156
3453 2276
3454 2268
3455 2199
3456 2241
3457 2256
3458 2142
3459 2271
3460 2389
3461 2265
3462 2292
3463 2263
3464 2286
3465 2145
3466 2385
3467 2212
3468 2283
3469 2198
3470 2269
3471 2351
3472 2242
3473 2200
3474 2269
3475 2310
3476 2184
3477 2293
3478 2267
3479 2316
3480 2301
3481 2119
3482 2339
3483 2444
3484 2086
3485 2271
3486 2437
3487 2032
3488 2257
3489 2354
3490 2138
3491 2253
3492 2387
3493 2272
3494 2240
3495 2259
3496 2275
3497 2275
3498 2203
3499 2271
3500 2393
3501 2175
3502 2357
3503 2273
3504 2335
3505 2201
3506 2248
3507 2439
3508 2244
3509 2107
3510 2276
3511 2279
3512 2189
3513 2139
3514 2293
3515 2251
3516 2136
3517 2255
3518 2144
3519 2416
3520 2152
3521 2192
3522 2354
3523 2287
3524 2272
3525 2176
3526 2282
3527 2313
3528 2284
3529 2143
3530 2353
3531 2257
3532 2307
3533 2304
3534 2124
3535 2258
3536 2365
3537 2110
3538 2262
3539 2380
3540 2239
3541 2246
3542 2273
3543 2326
3544 2213
3545 2166
3546 2192
3547 2289
3548 2189
3549 2193
3550 2282
3551 2267
3552 2198
3553 2261
3554 2095
3555 2259
3556 2194
3557 2242
3558 2384
3559 2292
3560 2149
3561 2168
3562 2238
3563 2254
3564 2322
3565 2135
3566 2358
3567 2311
3568 2298
3569 2130
3570 2240
3571 2405
3572 2185
3573 2274
3574 2270
3575 2095
3576 2266
3577 2277
3578 2176
3579 2315
3580 2290
3581 2156
3582 2280
3583 2299
3584 2160
3585 2274
3586 2239
3587 2199
3588 2265
3589 2181
3590 2166
3591 2190
3592 2396
3593 2182
3594 2246
3595 2268
3596 2305
3597 2168
3598 2134
3599 2305
3600 2238
3601 2238
3602 2206
3603 2195
3604 2292
3605 2239
3606 2240
3607 2300
3608 2185
3609 2299
3610 2257
3611 2159
3612 2380
3613 2267
3614 2273
3615 2292
3616 2273
3617 2201
3618 2363
3619 2263
3620 2184
3621 2280
3622 2202
3623 2246
3624 2267
3625 2287
3626 2129
3627 2331
3628 2266
3629 2309
3630 2424
3631 2141
3632 2324
3633 2365
3634 2257
3635 2282
3636 2207
3637 2295
3638 2341
3639 2317
3640 2253
3641 2182
3642 2265
3643 2350
3644 2338
3645 2192
3646 2162
3647 2298
3648 2204
3649 2293
3650 2164
3651 2174
3652 2260
3653 2281
3654 2107
3655 2250
3656 2374
3657 2198
3658 2263
3659 2184
3660 2175
3661 2265
3662 2302
3663 2276
3664 2247
3665 2469
3666 2166
3667 2150
3668 2470
3669 2116
3670 2333
3671 2313
3672 2252
3673 2301
3674 2312
3675 2286
3676 2152
3677 2316
3678 2167
3679 2180
3680 2267
3681 2287
3682 2262
3683 2269
3684 2323
3685 2275
3686 2311
3687 2141
3688 2253
3689 2286
3690 2384
3691 2246
3692 2203
3693 2429
3694 2156
3695 2300
3696 2101
3697 2353
3698 2183
3699 2214
3700 2272
3701 2272
3702 2285
3703 2327
3704 2294
3705 2154
3706 2292
3707 2285
3708 2180
3709 2211
3710 2403
3711 2180
3712 2245
3713 2440
3714 2206
3715 2266
3716 2403
3717 2254
3718 2290
3719 2261
3720 2251
3721 2282
3722 2168
3723 2254
3724 2199
3725 2278
3726 2272
3727 2196
3728 2273
3729 2255
3730 2286
3731 2279
3732 2204
3733 2293
3734 2165
3735 2148
3736 2275
3737 2303
3738 2272
3739 2170
3740 2190
3741 2378
3742 2214
3743 2183
3744 2283
3745 2267
3746 2279
3747 2290
3748 2211
3749 2274
3750 2212
3751 2280
3752 2180
3753 2282
3754 2132
3755 2299
3756 2202
3757 2250
3758 2402
3759 2175
3760 2201
3761 2279
3762 2259
3763 2297
3764 2350
3765 2209
3766 2291
3767 2176
3768 2304
3769 2387
3770 2212
3771 2312
3772 2292
3773 2278
3774 2238
3775 2260
3776 2257
3777 2250
3778 2263
3779 2268
3780 2249
3781 2275
3782 2270
3783 2255
3784 2164
3785 2362
3786 2245
3787 2146
3788 2382
3789 2349
3790 2140
3791 2302
3792 2335
3793 2260
3794 2292
3795 2119
3796 2276
3797 2300
3798 2172
3799 2173
3800 2242
3801 2406
3802 2167
3803 2300
3804 2371
3805 2178
3806 2276
3807 2359
3808 2150
3809 2192
3810 2258
3811 2313
3812 2192
3813 2241
3814 2286
3815 2188
3816 2211
3817 2262
3818 2184
3819 2263
3820 2302
3821 2184
3822 2273
3823 2263
3824 2300
3825 2146
3826 2306
3827 2198
3828 2295
3829 2215
3830 2259
3831 2246
3832 2263
3833 2252
3834 2153
3835 2338
3836 2280
3837 2250
3838 2252
3839 2342
3840 2205
3841 2179
3842 2245
3843 2207
3844 2302
3845 2332
3846 2275
3847 2214
3848 2155
3849 2320
3850 2322
3851 2185
3852 2280
3853 2248
3854 2307
3855 2262
3856 2108
3857 2365
3858 2155
3859 2257
3860 2214
3861 2261
3862 2188
3863 2263
3864 2161
3865 2241
3866 2295
3867 2180
3868 2204
3869 2279
3870 2351
3871 2176
3872 2284
3873 2272
3874 2286
3875 2355
3876 2135
3877 2253
3878 2210
3879 2285
3880 2352
3881 2153
3882 2281
3883 2330
3884 2181
3885 2312
3886 2276
3887 2199
3888 2308
3889 2241
3890 2291
3891 2238
3892 2209
3893 2212
3894 2181
3895 2197
3896 2314
3897 2204
3898 2164
3899 2278
3900 2289
3901 2352
3902 2206
3903 2175
3904 2340
3905 2181
3906 2203
3907 2340
3908 2174
3909 2170
3910 2365
3911 2258
3912 2262
3913 2384
3914 2152
3915 2298
3916 2366
3917 2254
3918 2183
3919 2178
3920 2396
3921 2244
3922 2276
3923 2174
3924 2265
3925 2304
3926 2201
3927 2293
3928 2336
3929 2176
3930 2262
3931 2351
3932 2303
3933 2238
3934 2323
3935 2270
3936 2260
3937 2313
3938 2263
3939 2205
3940 2291
3941 2245
3942 2195
3943 2250
3944 2287
3945 2280
3946 2213
3947 2271
3948 2181
3949 2318
3950 2184
3951 2174
3952 2361
3953 2284
3954 2174
3955 2290
3956 2284
3957 2241
3958 2323
3959 2275
3960 2246
3961 2262
3962 2260
3963 2260
3964 2260
3965 2202
3966 2296
3967 2247
3968 2374
3969 2281
3970 2210
3971 2286
3972 2278
3973 2275
3974 2336
3975 2392
3976 2132
3977 2269
3978 2268
3979 2241
3980 2267
3981 2178
3982 2206
3983 2290
3984 2270
3985 2192
3986 2309
3987 2151
3988 2205
3989 2211
3990 2282
3991 2342
3992 2266
3993 2176
3994 2215
3995 2338
3996 2360
3997 2162
3998 2164
3999 2473
4000 2251
4001 2266
4002 2255
4003 2272
4004 2280
4005 2142
4006 2250
4007 2310
4008 2206
4009 2210
4010 2197
4011 2266
4012 2288
4013 2269
4014 2370
4015 2249
4016 2291
4017 2288
4018 2277
4019 2208
4020 2324
4021 2263
4022 2256
4023 2261
4024 2244
4025 2306
4026 2269
4027 2329
4028 2258
4029 2283
4030 2207
4031 2205
4032 2258
4033 2240
4034 2286
4035 2207
4036 2177
4037 2278
4038 2257
4039 2259
4040 2190
4041 2240
4042 2380
4043 2242
4044 2261
4045 2254
4046 2304
4047 2262
4048 2276
4049 2209
4050 2275
4051 2287
4052 2309
4053 2286
4054 2172
4055 2370
4056 2315
4057 2300
4058 2236
4059 2212
4060 2279
4061 2313
4062 2241
4063 2312
4064 2342
4065 2170
4066 2259
4067 2298
4068 2285
4069 2250
4070 2265
4071 2249
4072 2348
4073 2277
4074 2277
4075 2284
4076 2143
4077 2303
4078 2266
4079 2284
4080 2249
4081 2195
4082 2280
4083 2323
4084 2284
4085 2273
4086 2333
4087 2250
4088 2432
4089 2301
4090 2303
4091 2326
4092 2202
4093 2299
4094 2281
4095 2257
4096 2339
4097 2247
4098 2174
4099 2206
4100 2329
4101 2202
4102 2324
4103 2201
4104 2211
4105 2311
4106 2299
4107 2271
4108 2324
4109 2288
4110 2272
4111 2328
4112 2242
4113 2559
4114 2577
4115 2389
4116 2135
4117 2359
4118 2489
4119 2213
4120 2282
4121 2451
4122 2374
4123 2175
4124 2897
4125 2920
4126 2804
4127 2806
4128 2706
4129 2479
4130 2569
4131 2454
4132 2499
4133 2255
4134 2830
4135 2215
4136 2375
4137 2348
4138 2320
4139 2391
4140 2333
4141 2739
4142 2194
4143 2253
4144 2461
4145 2299
4146 2294
4147 2169
4148 2243
4149 2370
4150 2245
4151 2455
4152 2286
4153 2546
4154 2845
4155 2597
4156 2548
4157 2753
4158 2513
4159 2603
4160 2642
4161 2589
4162 2617
4163 2599
4164 2624
4165 2592
4166 2586
4167 2544
4168 2519
4169 2642
4170 2795
4171 2698
4172 2758
4173 2611
4174 2619
4175 2387
4176 2346
4177 2321
4178 2547
4179 2259
4180 2408
4181 2241
4182 2365
4183 2451
4184 2167
4185 2492
4186 2177
4187 2325
4188 2381
4189 2311
4190 2199
4191 2278
4192 2369
4193 2207
4194 2341
4195 2331
4196 2209
4197 2189
4198 2277
4199 2204
4200 2192
4201 2273
4202 2299
4203 2256
4204 2274
4205 2157
4206 2243
4207 2287
4208 2269
4209 2317
4210 2311
4211 2312
4212 2372
4213 2249
4214 2319
4215 2303
4216 2355
4217 2289
4218 2279
4219 2284
4220 2283
4221 2412
4222 2257
4223 2367
4224 2299
4225 2274
4226 2317
4227 2273
4228 2214
4229 2195
4230 2180
4231 2180
4232 2310
4233 2334
4234 2280
4235 2190
4236 2279
4237 2195
4238 2310
4239 2301
4240 2191
4241 2244
4242 2180
4243 2265
4244 2146
4245 2301
4246 2243
4247 2204
4248 2283
4249 2336
4250 2318
4251 2259
4252 2276
4253 2174
4254 2191
4255 2303
4256 2347
4257 2280
4258 2307
4259 2299
4260 2254
4261 2172
4262 2258
4263 2258
4264 2278
4265 2299
4266 2208
4267 2266
4268 2212
4269 2401
4270 2289
4271 2270
4272 2238
4273 2264
4274 2306
4275 2253
4276 2332
4277 2309
4278 2291
4279 2281
4280 2300
4281 2313
4282 2208
4283 2263
4284 2325
4285 2299
4286 2260
4287 2305
4288 2309
4289 2342
4290 2209
4291 2298
4292 2305
4293 2248
4294 2248
4295 2334
4296 2204
4297 2277
4298 2272
4299 2202
4300 2356
4301 2288
4302 2295
4303 2251
4304 2274
4305 2179
4306 2259
4307 2296
4308 2306
4309 2168
4310 2362
4311 2265
4312 2247
4313 2179
4314 2306
4315 2238
4316 2283
4317 2270
4318 2275
4319 2295
4320 2172
4321 2300
4322 2362
4323 2160
4324 2323
4325 2345
4326 2280
4327 2179
4328 2252
4329 2264
4330 2254
4331 2243
4332 2259
4333 2288
4334 2308
4335 2282
4336 2363
4337 2307
4338 2299
4339 2330
4340 2293
4341 2214
4342 2207
4343 2177
4344 2272
4345 2241
4346 2164
4347 2362
4348 2277
4349 2295
4350 2341
4351 2269
4352 2183
4353 2202
4354 2278
4355 2333
4356 2189
4357 2280
4358 2191
4359 2256
4360 2284
4361 2300
4362 2355
4363 2206
4364 2276
4365 2274
4366 2298
4367 2281
4368 2242
4369 2245
4370 2301
4371 2306
4372 2259
4373 2272
4374 2258
4375 2183
4376 2266
4377 2249
4378 2285
4379 2248
4380 2244
4381 2369
4382 2271
4383 2256
4384 2294
4385 2262
4386 2632
4387 2511
4388 2460
4389 2130
4390 2420
4391 2388
4392 2579
4393 2316
4394 2403
4395 2519
4396 2549
4397 2215
4398 2433
4399 2308
4400 2215
4401 2376
4402 2204
4403 2321
4404 2263
4405 2316
4406 2372
4407 2141
4408 2343
4409 2197
4410 2246
4411 2174
4412 2245
4413 2289
4414 2287
4415 2158
4416 2282
4417 2247
4418 2119
4419 2336
4420 2268
4421 2292
4422 2291
4423 2248
4424 2269
4425 2281
4426 2298
4427 2202
4428 2269
4429 2247
4430 2254
4431 2283
4432 2258
4433 2169
4434 2305
4435 2244
4436 2236
4437 2355
4438 2182
4439 2288
4440 2310
4441 2164
4442 2192
4443 2260
4444 2299
4445 2273
4446 2286
4447 2191
4448 2199
4449 2280
4450 2279
4451 2140
4452 2177
4453 2276
4454 2251
4455 2276
4456 2157
4457 2204
4458 2282
4459 2261
4460 2280
4461 2180
4462 2294
4463 2315
4464 2246
4465 2337
4466 2174
4467 2285
4468 2279
4469 2199
4470 2106
4471 2270
4472 2212
4473 2266
4474 2258
4475 2264
4476 2240
4477 2199
4478 2276
4479 2207
4480 2207
4481 2373
4482 2171
4483 2259
4484 2359
4485 2273
4486 2091
4487 2264
4488 2341
4489 2164
4490 2252
4491 2367
4492 2196
4493 2207
4494 2246
4495 2271
4496 2190
4497 2211
4498 2239
4499 2288
4500 2294
4501 2187
4502 2275
4503 2314
4504 2147
4505 2249
4506 2245
4507 2247
4508 2405
4509 2242
4510 2311
4511 2476
4512 2257
4513 2185
4514 2475
4515 2185
4516 2403
4517 2243
4518 2295
4519 2444
4520 2127
4521 2316
4522 2366
4523 2163
4524 2239
4525 2336
4526 2203
4527 2279
4528 2285
4529 2271
4530 2194
4531 2246
4532 2361
4533 2170
4534 2300
4535 2249
4536 2187
4537 2304
4538 2312
4539 2121
4540 2254
4541 2203
4542 2269
4543 2265
4544 2258
4545 2275
4546 2332
4547 2199
4548 2168
4549 2394
4550 2200
4551 2239
4552 2144
4553 2303
4554 2346
4555 2136
4556 2202
4557 2344
4558 2279
4559 2199
4560 2131
4561 2330
4562 2088
4563 2251
4564 2198
4565 2242
4566 2248
4567 2212
4568 2204
4569 2188
4570 2243
4571 2271
4572 2307
4573 2131
4574 2300
4575 2252
4576 2168
4577 2206
4578 2112
4579 2273
4580 2349
4581 2277
4582 2298
4583 2315
4584 2349
4585 2304
4586 2257
4587 2322
4588 2184
4589 2188
4590 2280
4591 2153
4592 2277
4593 2347
4594 2241
4595 2199
4596 2254
4597 2275
4598 2295
4599 2213
4600 2147
4601 2281
4602 2311
4603 2293
4604 2393
4605 2341
4606 2204
4607 2180
4608 2263
4609 2289
4610 2204
4611 2303
4612 2200
4613 2171
4614 2290
4615 2269
4616 2197
4617 2318
4618 2241
4619 2250
4620 2333
4621 2284
4622 2249
4623 2266
4624 2296
4625 2291
4626 2198
4627 2285
4628 2260
4629 2207
4630 2357
4631 2267
4632 2286
4633 2206
4634 2284
4635 2212
4636 2331
4637 2248
4638 2134
4639 2319
4640 2125
4641 2158
4642 2257
4643 2271
4644 2278
4645 2211
4646 2240
4647 2238
4648 2188
4649 2356
4650 2162
4651 2141
4652 2296
4653 2281
4654 2400
4655 2204
4656 2250
4657 2204
4658 2324
4659 2284
4660 2244
4661 2204
4662 2239
4663 2269
4664 2190
4665 2151
4666 2255
4667 2262
4668 2288
4669 2278
4670 2188
4671 2263
4672 2239
4673 2276
4674 2186
4675 2285
4676 2301
4677 2258
4678 2213
4679 2253
4680 2262
4681 2283
4682 2116
4683 2293
4684 2404
4685 2211
4686 2190
4687 2258
4688 2286
4689 2155
4690 2265
4691 2206
4692 2243
4693 2308
4694 2387
4695 2151
4696 2168
4697 2453
4698 2062
4699 2306
4700 2384
4701 2205
4702 2168
4703 2268
4704 2272
4705 2237
4706 2254
4707 2176
4708 2279
4709 2251
4710 2240
4711 2267
4712 2261
4713 2261
4714 2267
4715 2255
4716 2183
4717 2262
4718 2204
4719 2298
4720 2296
4721 2201
4722 2211
4723 2212
4724 2307
4725 2265
4726 2189
4727 2201
4728 2385
4729 2146
4730 2157
4731 2357
4732 2183
4733 2145
4734 2405
4735 2178
4736 2174
4737 2283
4738 2209
4739 2241
4740 2256
4741 2293
4742 2251
4743 2170
4744 2244
4745 2276
4746 2213
4747 2301
4748 2341
4749 2159
4750 2268
4751 2287
4752 2319
4753 2146
4754 2355
4755 2182
4756 2263
4757 2409
4758 2248
4759 2183
4760 2307
4761 2344
4762 2204
4763 2309
4764 2242
4765 2166
4766 2346
4767 2115
4768 2284
4769 2258
4770 2263
4771 2193
4772 2266
4773 2294
4774 2202
4775 2362
4776 2244
4777 2289
4778 2387
4779 2258
4780 2276
4781 2341
4782 2203
4783 2279
4784 2261
4785 2266
4786 2186
4787 2262
4788 2355
4789 2304
4790 2201
4791 2243
4792 2316
4793 2255
4794 2262
4795 2239
4796 2193
4797 2104
4798 2198
4799 2372
4800 2260
4801 2258
4802 2209
4803 2257
4804 2204
4805 2251
4806 2262
4807 2178
4808 2277
4809 2207
4810 2199
4811 2283
4812 2180
4813 2324
4814 2191
4815 2305
4816 2252
4817 2266
4818 2267
4819 2195
4820 2159
4821 2279
4822 2257
4823 2238
4824 2243
4825 2272
4826 2308
4827 2242
4828 2285
4829 2302
4830 2166
4831 2322
4832 2183
4833 2285
4834 2172
4835 2239
4836 2215
4837 2238
4838 2275
4839 2290
4840 2113
4841 2281
4842 2242
4843 2304
4844 2238
4845 2162
4846 2254
4847 2240
4848 2298
4849 2249
4850 2141
4851 2215
4852 2273
4853 2276
4854 2163
4855 2274
4856 2287
4857 2177
4858 2200
4859 2353
4860 2289
4861 2240
4862 2249
4863 2208
4864 2350
4865 2272
4866 2275
4867 2459
4868 2241
4869 2330
4870 2330
4871 2154
4872 2286
4873 2340
4874 2185
4875 2372
4876 2464
4877 2200
4878 2208
4879 2327
4880 2167
4881 2276
4882 2308
4883 2242
4884 2244
4885 2162
4886 2369
4887 2314
4888 2261
4889 2206
4890 2196
4891 2287
4892 2253
4893 2211
4894 2268
4895 2281
4896 2144
4897 2263
4898 2294
4899 2283
4900 2248
4901 2280
4902 2238
4903 2287
4904 2286
4905 2256
4906 2295
4907 2251
4908 2309
4909 2210
4910 2366
4911 2287
4912 2206
4913 2328
4914 2205
4915 2304
4916 2260
4917 2264
4918 2252
4919 2256
4920 2256
4921 2305
4922 2249
4923 2301
4924 2318
4925 2271
4926 2323
4927 2242
4928 2210
4929 2267
4930 2187
4931 2253
4932 2351
4933 2256
4934 2240
4935 2340
4936 2318
4937 2280
4938 2240
4939 2278
4940 2296
4941 2359
4942 2273
4943 2274
4944 2304
4945 2397
4946 2273
4947 2249
4948 2344
4949 2160
4950 2289
4951 2347
4952 2212
4953 2277
4954 2302
4955 2199
4956 2279
4957 2340
4958 2289
4959 2208
4960 2267
4961 2277
4962 2247
4963 2255
4964 2360
4965 2374
4966 2280
4967 2310
4968 2292
4969 2255
4970 2331
4971 2299
4972 2278
4973 2298
4974 2412
4975 2301
4976 2283
4977 2382
4978 2273
4979 2280
4980 2359
4981 2372
4982 2287
4983 2251
4984 2319
4985 2311
4986 2255
4987 2295
4988 2279
4989 2195
4990 2212
4991 2277
4992 2161
4993 2241
4994 2361
4995 2260
4996 2306
4997 2237
4998 2282
4999 2262
5000 2204
5001 2382
5002 2272
5003 2181
5004 2259
5005 2334
5006 2267
5007 2151
5008 2322
5009 2310
5010 2306
5011 2292
5012 2347
5013 2257
5014 2281
5015 2271
5016 2206
5017 2166
5018 2282
5019 2294
5020 2325
5021 2262
5022 2351
5023 2306
5024 2383
5025 2267
5026 2366
5027 2337
5028 2350
5029 2190
5030 2315
5031 2161
5032 2315
5033 2294
5034 2250
5035 2286
5036 2386
5037 2211
5038 2314
5039 2242
5040 2139
5041 2301
5042 2294
5043 2248
5044 2353
5045 2242
5046 2276
5047 2210
5048 2207
5049 2345
5050 2177
5051 2154
5052 2267
5053 2265
5054 2279
5055 2339
5056 2308
5057 2311
5058 2291
5059 2264
5060 2289
5061 2364
5062 2369
5063 2273
5064 2374
5065 2359
5066 2278
5067 2214
5068 2330
5069 2187
5070 2209
5071 2200
5072 2280
5073 2330
5074 2215
5075 2207
5076 2201
5077 2242
5078 2264
5079 2198
5080 2190
5081 2159
5082 2280
5083 2309
5084 2408
5085 2255
5086 2278
5087 2194
5088 2303
5089 2176
5090 2249
5091 2275
5092 2287
5093 2268
5094 2198
5095 2194
5096 2163
5097 2297
5098 2350
5099 2261
5100 2292
5101 2186
5102 2356
5103 2314
5104 2355
5105 2308
5106 2375
5107 2286
5108 2324
5109 2301
5110 2214
5111 2360
5112 2400
5113 2293
5114 2297
5115 2210
5116 2303
5117 2286
5118 2268
5119 2274
5120 2358
5121 2340
5122 2290
5123 2296
5124 2420
5125 2297
5126 2297
5127 2308
5128 2340
5129 2206
5130 2310
5131 2283
5132 2317
5133 2337
5134 2261
5135 2260
5136 2293
5137 2381
5138 2361
5139 2312
5140 2213
5141 2347
5142 2263
5143 2285
5144 2322
5145 2385
5146 2312
5147 2302
5148 2339
5149 2264
5150 2360
5151 2202
5152 2296
5153 2202
5154 2274
5155 2202
5156 2259
5157 2282
5158 2306
5159 2297
5160 2262
5161 2213
5162 2261
5163 2279
5164 2264
5165 2369
5166 2278
5167 2272
5168 2325
5169 2347
5170 2309
5171 2301
5172 2326
5173 2408
5174 2332
5175 2297
5176 2283
5177 2202
5178 2311
5179 2246
5180 2329
5181 2365
5182 2269
5183 2176
5184 2209
5185 2308
5186 2298
5187 2271
5188 2241
5189 2273
5190 2210
5191 2213
5192 2200
5193 2213
5194 2295
5195 2335
5196 2311
5197 2347
5198 2298
5199 2360
5200 2350
5201 2278
5202 2304
5203 2323
5204 2317
5205 2337
5206 2302
5207 2253
5208 2311
5209 2444
5210 2208
5211 2252
5212 2308
5213 2301
5214 2282
5215 2248
5216 2178
5217 2206
5218 2306
5219 2188
5220 2287
5221 2406
5222 2296
5223 2270
5224 2341
5225 2296
5226 2340
5227 2302
5228 2290
5229 2259
5230 2320
5231 2310
5232 2346
5233 2290
5234 2348
5235 2342
5236 2278
5237 2296
5238 2286
5239 2267
5240 2274
5241 2248
5242 2189
5243 2295
5244 2275
5245 2293
5246 2274
5247 2242
5248 2214
5249 2308
5250 2185
5251 2262
5252 2253
5253 2348
5254 2263
5255 2290
5256 2410
5257 2289
5258 2295
5259 2292
5260 2270
5261 2311
5262 2143
5263 2312
5264 2267
5265 2279
5266 2330
5267 2322
5268 2267
5269 2333
5270 2238
5271 2289
5272 2241
5273 2238
5274 2246
5275 2267
5276 2243
5277 2298
5278 2340
5279 2284
5280 2360
5281 2282
5282 2250
5283 2286
5284 2287
5285 2241
5286 2261
5287 2243
5288 2296
5289 2200
5290 2249
5291 2275
5292 2276
5293 2377
5294 2338
5295 2213
5296 2212
5297 2286
5298 2264
5299 2177
5300 2307
5301 2263
5302 2282
5303 2310
5304 2299
5305 2264
5306 2377
5307 2270
5308 2300
5309 2273
5310 2295
5311 2267
5312 2190
5313 2257
5314 2254
5315 2202
5316 2198
5317 2318
5318 2251
5319 2284
5320 2341
5321 2317
5322 2286
5323 2240
5324 2187
5325 2180
5326 2267
5327 2431
5328 2283
5329 2168
5330 2395
5331 2211
5332 2310
5333 2256
5334 2343
5335 2264
5336 2185
5337 2172
5338 2209
5339 2319
5340 2251
5341 2276
5342 2307
5343 2285
5344 2284
5345 2381
5346 2213
5347 2265
5348 2442
5349 2157
5350 2262
5351 2303
5352 2313
5353 2258
5354 2179
5355 2369
5356 2169
5357 2278
5358 2287
5359 2266
5360 2250
5361 2345
5362 2320
5363 2300
5364 2279
5365 2286
5366 2386
5367 2363
5368 2266
5369 2297
5370 2338
5371 2186
5372 2325
5373 2284
5374 2307
5375 2333
5376 2247
5377 2265
5378 2341
5379 2405
5380 2279
5381 2339
5382 2271
5383 2284
5384 2264
5385 2190
5386 2276
5387 2246
5388 2374
5389 2264
5390 2276
5391 2262
5392 2285
5393 2206
5394 2262
5395 2252
5396 2282
5397 2297
5398 2281
5399 2316
5400 2259
5401 2352
5402 2398
5403 2247
5404 2305
5405 2294
5406 2271
5407 2280
5408 2360
5409 2289
5410 2341
5411 2370
5412 2281
5413 2310
5414 2287
5415 2366
5416 2263
5417 2325
5418 2275
5419 2361
5420 2385
5421 2240
5422 2318
5423 2280
5424 2165
5425 2277
5426 2269
5427 2260
5428 2239
5429 2189
5430 2188
5431 2347
5432 2271
5433 2305
5434 2167
5435 2184
5436 2343
5437 2196
5438 2196
5439 2295
5440 2344
5441 2215
5442 2248
5443 2275
5444 2280
5445 2295
5446 2344
5447 2314
5448 2373
5449 2195
5450 2243
5451 2311
5452 2248
5453 2351
5454 2387
5455 2251
5456 2324
5457 2287
5458 2250
5459 2341
5460 2265
5461 2299
5462 2292
5463 2177
5464 2284
5465 2379
5466 2278
5467 2360
5468 2267
5469 2270
5470 2237
5471 2261
5472 2285
5473 2177
5474 2308
5475 2311
5476 2281
5477 2331
5478 2416
5479 2214
5480 2255
5481 2244
5482 2211
5483 2357
5484 2270
5485 2319
5486 2336
5487 2267
5488 2302
5489 2364
5490 2275
5491 2400
5492 2278
5493 2275
5494 2353
5495 2295
5496 2263
5497 2182
5498 2285
5499 2316
5500 2244
5501 2303
5502 2295
5503 2161
5504 2295
5505 2302
5506 2156
5507 2241
5508 2202
5509 2290
5510 2271
5511 2250
5512 2272
5513 2178
5514 2372
5515 2265
5516 2284
5517 2404
5518 2161
5519 2272
5520 2237
5521 2297
5522 2310
5523 2246
5524 2315
5525 2262
5526 2263
5527 2251
5528 2304
5529 2356
5530 2370
5531 2307
5532 2335
5533 2304
5534 2286
5535 2365
5536 2342
5537 2266
5538 2360
5539 2311
5540 2278
5541 2319
5542 2298
5543 2267
5544 2302
5545 2372
5546 2242
5547 2214
5548 2275
5549 2257
5550 2175
5551 2275
5552 2303
5553 2240
5554 2245
5555 2250
5556 2193
5557 2302
5558 2242
5559 2305
5560 2289
5561 2215
5562 2261
5563 2268
5564 2298
5565 2325
5566 2372
5567 2247
5568 2256
5569 2281
5570 2191
5571 2275
5572 2345
5573 2303
5574 2354
5575 2393
5576 2255
5577 2301
5578 2251
5579 2208
5580 2338
5581 2205
5582 2294
5583 2239
5584 2292
5585 2266
5586 2263
5587 2210
5588 2242
5589 2276
5590 2209
5591 2399
5592 2291
5593 2281
5594 2313
5595 2259
5596 2181
5597 2349
5598 2344
5599 2303
5600 2210
5601 2332
5602 2329
5603 2343
5604 2215
5605 2300
5606 2268
5607 2241
5608 2424
5609 2213
5610 2262
5611 2357
5612 2300
5613 2328
5614 2366
5615 2251
5616 2349
5617 2353
5618 2212
5619 2349
5620 2321
5621 2263
5622 2274
5623 2369
5624 2333
5625 2345
5626 2299
5627 2265
5628 2359
5629 2363
5630 2315
5631 2297
5632 2294
5633 2342
5634 2314
5635 2300
5636 2245
5637 2356
5638 2310
5639 2259
5640 2296
5641 2377
5642 2284
5643 2396
5644 2273
5645 2304
5646 2288
5647 2293
5648 2318
5649 2322
5650 2341
5651 2252
5652 2310
5653 2312
5654 2215
5655 2306
5656 2300
5657 2333
5658 2308
5659 2349
5660 2370
5661 2298
5662 2241
5663 2280
5664 2303
5665 2349
5666 2295
5667 2300
5668 2298
5669 2288
5670 2297
5671 2337
5672 2341
5673 2306
5674 2310
5675 2365
5676 2285
5677 2274
5678 2292
5679 2282
5680 2366
5681 2261
5682 2269
5683 2187
5684 2301
5685 2198
5686 2242
5687 2282
5688 2205
5689 2308
5690 2305
5691 2270
5692 2303
5693 2260
5694 2204
5695 2296
5696 2299
5697 2341
5698 2298
5699 2295
5700 2269
5701 2297
5702 2356
5703 2261
5704 2300
5705 2277
5706 2212
5707 2186
5708 2184
5709 2251
5710 2381
5711 2267
5712 2204
5713 2267
5714 2265
5715 2362
5716 2315
5717 2283
5718 2263
5719 2421
5720 2356
5721 2301
5722 2304
5723 2160
5724 2282
5725 2247
5726 2268
5727 2343
5728 2270
5729 2291
5730 2257
5731 2333
5732 2290
5733 2272
5734 2368
5735 2270
5736 2330
5737 2304
5738 2302
5739 2275
5740 2267
5741 2301
5742 2242
5743 2306
5744 2212
5745 2210
5746 2305
5747 2261
5748 2284
5749 2306
5750 2273
5751 2257
5752 2343
5753 2202
5754 2267
5755 2320
5756 2363
5757 2349
5758 2286
5759 2212
5760 2293
5761 2273
5762 2192
5763 2578
5764 2142
5765 2307
5766 2374
5767 2196
5768 2282
5769 2242
5770 2350
5771 2280
5772 2358
5773 2248
5774 2204
5775 2280
5776 2284
5777 2279
5778 2184
5779 2294
5780 2348
5781 2304
5782 2332
5783 2242
5784 2274
5785 2191
5786 2299
5787 2246
5788 2358
5789 2358
5790 2188
5791 2281
5792 2211
5793 2282
5794 2350
5795 2184
5796 2275
5797 2274
5798 2323
5799 2366
5800 2344
5801 2353
5802 2288
5803 2331
5804 2271
5805 2313
5806 2337
5807 2137
5808 2241
5809 2362
5810 2302
5811 2305
5812 2286
5813 2363
5814 2291
5815 2351
5816 2259
5817 2318
5818 2312
5819 2280
5820 2281
5821 2347
5822 2264
5823 2267
5824 2298
5825 2263
5826 2278
5827 2313
5828 2278
5829 2268
5830 2349
5831 2298
5832 2352
5833 2307
5834 2285
5835 2377
5836 2346
5837 2264
5838 2297
5839 2173
5840 2197
5841 2203
5842 2356
5843 2274
5844 2274
5845 2369
5846 2354
5847 2292
5848 2352
5849 2275
5850 2271
5851 2303
5852 2324
5853 2296
5854 2438
5855 2193
5856 2275
5857 2386
5858 2211
5859 2282
5860 2183
5861 2197
5862 2205
5863 2302
5864 2308
5865 2237
5866 2180
5867 2316
5868 2287
5869 2308
5870 2192
5871 2249
5872 2356
5873 2337
5874 2287
5875 2297
5876 2379
5877 2331
5878 2312
5879 2336
5880 2271
5881 2337
5882 2358
5883 2267
5884 2284
5885 2279
5886 2372
5887 2316
5888 2279
5889 2314
5890 2381
5891 2295
5892 2311
5893 2351
5894 2358
5895 2291
5896 2254
5897 2343
5898 2298
5899 2314
5900 2296
5901 2315
5902 2378
5903 2260
5904 2207
5905 2310
5906 2350
5907 2258
5908 2307
5909 2343
5910 2304
5911 2302
5912 2425
5913 2332
5914 2252
5915 2271
5916 2337
5917 2348
5918 2241
5919 2278
5920 2278
5921 2433
5922 2375
5923 2344
5924 2187
5925 2316
5926 2238
5927 2251
5928 2278
5929 2187
5930 2289
5931 2129
5932 2196
5933 2197
5934 2309
5935 2309
5936 2249
5937 2275
5938 2265
5939 2213
5940 2286
5941 2316
5942 2264
5943 2239
5944 2355
5945 2267
5946 2241
5947 2278
5948 2285
5949 2274
5950 2265
5951 2150
5952 2267
5953 2266
5954 2309
5955 2340
5956 2249
5957 2244
5958 2245
5959 2327
5960 2274
5961 2148
5962 2209
5963 2198
5964 2258
5965 2240
5966 2397
5967 2200
5968 2350
5969 2358
5970 2246
5971 2315
5972 2206
5973 2259
5974 2240
5975 2377
5976 2337
5977 2206
5978 2236
5979 2297
5980 2255
5981 2343
5982 2256
5983 2266
5984 2371
5985 2205
5986 2166
5987 2350
5988 2261
5989 2332
5990 2256
5991 2261
5992 2449
5993 2110
5994 2259
5995 2420
5996 2148
5997 2246
5998 2131
5999 2213
6000 2290
6001 2100
6002 2248
6003 2279
6004 2315
6005 2162
6006 2152
6007 2277
6008 2238
6009 2242
6010 2261
6011 2319
6012 2244
6013 2264
6014 2282
6015 2246
6016 2210
6017 2278
6018 2112
6019 2173
6020 2385
6021 2145
6022 2204
6023 2244
6024 2179
6025 2389
6026 2252
6027 2250
6028 2326
6029 2191
6030 2292
6031 2245
6032 2208
6033 2261
6034 2294
6035 2162
6036 2169
6037 2244
6038 2349
6039 2169
6040 2254
6041 2308
6042 2257
6043 2277
6044 2190
6045 2208
6046 2199
6047 2199
6048 2354
6049 2299
6050 2240
6051 2153
6052 2246
6053 2207
6054 2312
6055 2252
6056 2294
6057 2257
6058 2309
6059 2154
6060 2214
6061 2252
6062 2318
6063 2104
6064 2251
6065 2285
6066 2304
6067 2267
6068 2363
6069 2328
6070 2170
6071 2212
6072 2254
6073 2207
6074 2350
6075 2198
6076 2237
6077 2201
6078 2306
6079 2272
6080 2201
6081 2258
6082 2277
6083 2277
6084 2281
6085 2180
6086 2238
6087 2348
6088 2248
6089 2293
6090 2186
6091 2187
6092 2380
6093 2282
6094 2285
6095 2204
6096 2511
6097 2254
6098 2243
6099 2423
6100 2188
6101 2351
6102 2271
6103 2132
6104 2285
6105 2264
6106 2101
6107 2207
6108 2264
6109 2275
6110 2305
6111 2165
6112 2316
6113 2267
6114 2269
6115 2161
6116 2314
6117 2205
6118 2165
6119 2254
6120 2350
6121 2339
6122 2201
6123 2261
6124 2299
6125 2196
6126 2270
6127 2187
6128 2270
6129 2211
6130 2359
6131 2270
6132 2156
6133 2289
6134 2271
6135 2211
6136 2275
6137 2314
6138 2243
6139 2187
6140 2252
6141 2248
6142 2266
6143 2165
6144 2387
6145 2302
6146 2265
6147 2324
6148 2185
6149 2188
6150 2302
6151 2210
6152 2201
6153 2144
6154 2205
6155 2311
6156 2201
6157 2300
6158 2250
6159 2148
6160 2297
6161 2145
6162 2319
6163 2210
6164 2214
6165 2257
6166 2187
6167 2213
6168 2370
6169 2275
6170 2167
6171 2289
6172 2276
6173 2262
6174 2296
6175 2188
6176 2269
6177 2316
6178 2107
6179 2195
6180 2367
6181 2254
6182 2153
6183 2328
6184 2239
6185 2239
6186 2290
6187 2257
6188 2241
6189 2298
6190 2141
6191 2275
6192 2325
6193 2275
6194 2185
6195 2298
6196 2205
6197 2195
6198 2198
6199 2269
6200 2242
6201 2167
6202 2244
6203 2196
6204 2281
6205 2274
6206 2151
6207 2196
6208 2172
6209 2285
6210 2290
6211 2262
6212 2200
6213 2363
6214 2114
6215 2251
6216 2257
6217 2129
6218 2213
6219 2283
6220 2273
6221 2166
6222 2317
6223 2250
6224 2200
6225 2194
6226 2209
6227 2260
6228 2248
6229 2194
6230 2316
6231 2264
6232 2279
6233 2265
6234 2271
6235 2317
6236 2308
6237 2237
6238 2185
6239 2296
6240 2172
6241 2245
6242 2241
6243 2367
6244 2297
6245 2247
6246 2246
6247 2171
6248 2265
6249 2193
6250 2273
6251 2260
6252 2180
6253 2297
6254 2268
6255 2201
6256 2215
6257 2168
6258 2274
6259 2265
6260 2207
6261 2260
6262 2270
6263 2296
6264 2189
6265 2258
6266 2273
6267 2348
6268 2137
6269 2276
6270 2293
6271 2272
6272 2290
6273 2201
6274 2181
6275 2251
6276 2254
6277 2320
6278 2193
6279 2309
6280 2386
6281 2202
6282 2345
6283 2281
6284 2255
6285 2178
6286 2245
6287 2290
6288 2294
6289 2245
6290 2172
6291 2257
6292 2210
6293 2300
6294 2244
6295 2210
6296 2088
6297 2248
6298 2166
6299 2205
6300 2252
6301 2283
6302 2294
6303 2155
6304 2289
6305 2248
6306 2289
6307 2202
6308 2162
6309 2251
6310 2317
6311 2197
6312 2188
6313 2277
6314 2296
6315 2262
6316 2209
6317 2194
6318 2196
6319 2288
6320 2294
6321 2189
6322 2256
6323 2342
6324 2414
6325 2156
6326 2291
6327 2439
6328 2238
6329 2209
6330 2255
6331 2269
6332 2262
6333 2241
6334 2268
6335 2249
6336 2167
6337 2343
6338 2314
6339 2278
6340 2267
6341 2369
6342 2239
6343 2244
6344 2296
6345 2304
6346 2241
6347 2207
6348 2251
6349 2163
6350 2310
6351 2245
6352 2304
6353 2400
6354 2181
6355 2210
6356 2275
6357 2279
6358 2249
6359 2277
6360 2253
6361 2285
6362 2290
6363 2176
6364 2303
6365 2291
6366 2183
6367 2312
6368 2236
6369 2295
6370 2323
6371 2209
6372 2296
6373 2210
6374 2200
6375 2261
6376 2273
6377 2275
6378 2279
6379 2168
6380 2203
6381 2341
6382 2206
6383 2358
6384 2307
6385 2282
6386 2307
6387 2271
6388 2296
6389 2187
6390 2279
6391 2379
6392 2307
6393 2265
6394 2358
6395 2299
6396 2240
6397 2250
6398 2262
6399 2269
6400 2284
6401 2325
6402 2293
6403 2329
6404 2262
6405 2298
6406 2268
6407 2365
6408 2375
6409 2271
6410 2345
6411 2254
6412 2274
6413 2257
6414 2325
6415 2271
6416 2320
6417 2406
6418 2262
6419 2290
6420 2382
6421 2270
6422 2213
6423 2315
6424 2340
6425 2342
6426 2303
6427 2294
6428 2297
6429 2325
6430 2353
6431 2306
6432 2178
6433 2271
6434 2360
6435 2277
6436 2253
6437 2211
6438 2299
6439 2278
6440 2174
6441 2279
6442 2246
6443 2199
6444 2291
6445 2267
6446 2356
6447 2294
6448 2274
6449 2258
6450 2299
6451 2213
6452 2403
6453 2344
6454 2297
6455 2256
6456 2305
6457 2351
6458 2332
6459 2318
6460 2302
6461 2284
6462 2356
6463 2303
6464 2312
6465 2367
6466 2269
6467 2324
6468 2270
6469 2264
6470 2385
6471 2314
6472 2259
6473 2196
6474 2288
6475 2272
6476 2264
6477 2257
6478 2283
6479 2268
6480 2439
6481 2303
6482 2270
6483 2364
6484 2302
6485 2324
6486 2311
6487 2352
6488 2364
6489 2371
6490 2259
6491 2299
6492 2305
6493 2368
6494 2202
6495 2286
6496 2184
6497 2337
6498 2193
6499 2269
6500 2251
6501 2317
6502 2269
6503 2245
6504 2331
6505 2301
6506 2190
6507 2259
6508 2276
6509 2316
6510 2301
6511 2262
6512 2356
6513 2368
6514 2328
6515 2317
6516 2300
6517 2197
6518 2188
6519 2288
6520 2308
6521 2261
6522 2279
6523 2244
6524 2172
6525 2281
6526 2243
6527 2206
6528 2289
6529 2251
6530 2363
6531 2423
6532 2243
6533 2301
6534 2201
6535 2249
6536 2273
6537 2286
6538 2308
6539 2377
6540 2208
6541 2361
6542 2312
6543 2297
6544 2250
6545 2365
6546 2259
6547 2272
6548 2283
6549 2270
6550 2273
6551 2201
6552 2305
6553 2342
6554 2284
6555 2280
6556 2352
6557 2315
6558 2272
6559 2311
6560 2290
6561 2352
6562 2264
6563 2314
6564 2307
6565 2349
6566 2293
6567 2298
6568 2380
6569 2307
6570 2241
6571 2322
6572 2313
6573 2320
6574 2279
6575 2365
6576 2276
6577 2284
6578 2291
6579 2266
6580 2305
6581 2304
6582 2256
6583 2357
6584 2332
6585 2343
6586 2343
6587 2279
6588 2370
6589 2273
6590 2270
6591 2280
6592 2253
6593 2312
6594 2211
6595 2238
6596 2270
6597 2284
6598 2186
6599 2305
6600 2211
6601 2268
6602 2315
6603 2351
6604 2316
6605 2288
6606 2292
6607 2268
6608 2298
6609 2369
6610 2309
6611 2311
6612 2278
6613 2344
6614 2308
6615 2305
6616 2281
6617 2313
6618 2278
6619 2312
6620 2312
6621 2272
6622 2320
6623 2338
6624 2236
6625 2321
6626 2351
6627 2253
6628 2190
6629 2204
6630 2311
6631 2276
6632 2261
6633 2188
6634 2188
6635 2246
6636 2275
6637 2374
6638 2248
6639 2287
6640 2252
6641 2327
6642 2214
6643 2350
6644 2239
6645 2266
6646 2335
6647 2340
6648 2317
6649 2318
6650 2334
6651 2194
6652 2277
6653 2238
6654 2360
6655 2237
6656 2262
6657 2245
6658 2260
6659 2302
6660 2203
6661 2287
6662 2291
6663 2326
6664 2319
6665 2354
6666 2326
6667 2290
6668 2259
6669 2305
6670 2268
6671 2273
6672 2314
6673 2281
6674 2255
6675 2313
6676 2314
6677 2349
6678 2261
6679 2289
6680 2296
6681 2291
6682 2309
6683 2284
6684 2307
6685 2303
6686 2341
6687 2207
6688 2357
6689 2345
6690 2247
6691 2387
6692 2377
6693 2275
6694 2284
6695 2401
6696 2262
6697 2301
6698 2304
6699 2369
6700 2356
6701 2263
6702 2324
6703 2351
6704 2340
6705 2199
6706 2205
6707 2254
6708 2245
6709 2245
6710 2175
6711 2249
6712 2268
6713 2263
6714 2178
6715 2279
6716 2212
6717 2240
6718 2164
6719 2207
6720 2278
6721 2264
6722 2246
6723 2280
6724 2337
6725 2318
6726 2257
6727 2255
6728 2118
6729 2095
6730 2252
6731 2276
6732 2261
6733 2277
6734 2122
6735 2299
6736 2282
6737 2272
6738 2195
6739 2165
6740 2242
6741 2240
6742 2264
6743 2292
6744 2264
6745 2209
6746 2262
6747 2254
6748 2167
6749 2322
6750 2173
6751 2254
6752 2254
6753 2298
6754 2285
6755 2271
6756 2211
6757 2258
6758 2274
6759 2285
6760 2344
6761 2390
6762 2287
6763 2268
6764 2323
6765 2273
6766 2267
6767 2261
6768 2308
6769 2353
6770 2242
6771 2250
6772 2191
6773 2270
6774 2254
6775 2314
6776 2247
6777 2298
6778 2340
6779 2265
6780 2195
6781 2195
6782 2289
6783 2337
6784 2259
6785 2205
6786 2266
6787 2362
6788 2306
6789 2282
6790 2281
6791 2351
6792 2285
6793 2301
6794 2373
6795 2342
6796 2275
6797 2362
6798 2385
6799 2281
6800 2280
6801 2301
6802 2281
6803 2268
6804 2295
6805 2301
6806 2268
6807 2204
6808 2272
6809 2395
6810 2320
6811 2300
6812 2395
6813 2323
6814 2298
6815 2278
6816 2315
6817 2387
6818 2212
6819 2281
6820 2252
6821 2405
6822 2353
6823 2285
6824 2309
6825 2368
6826 2358
6827 2387
6828 2268
6829 2193
6830 2300
6831 2298
6832 2417
6833 2302
6834 2260
6835 2445
6836 2256
6837 2191
6838 2260
6839 2358
6840 2254
6841 2248
6842 2349
6843 2156
6844 2300
6845 2260
6846 2305
6847 2274
6848 2249
6849 2251
6850 2250
6851 2252
6852 2371
6853 2196
6854 2373
6855 2286
6856 2259
6857 2355
6858 2246
6859 2281
6860 2302
6861 2193
6862 2392
6863 2212
6864 2291
6865 2238
6866 2204
6867 2260
6868 2312
6869 2324
6870 2274
6871 2282
6872 2339
6873 2368
6874 2303
6875 2256
6876 2387
6877 2322
6878 2253
6879 2295
6880 2308
6881 2312
6882 2290
6883 2202
6884 2296
6885 2271
6886 2342
6887 2287
6888 2308
6889 2268
6890 2352
6891 2358
6892 2214
6893 2283
6894 2315
6895 2292
6896 2295
6897 2404
6898 2260
6899 2279
6900 2279
6901 2252
6902 2297
6903 2443
6904 2260
6905 2243
6906 2209
6907 2210
6908 2297
6909 2339
6910 2259
6911 2253
6912 2274
6913 2199
6914 2248
6915 2281
6916 2260
6917 2259
6918 2192
6919 2263
6920 2378
6921 2205
6922 2339
6923 2297
6924 2144
6925 2259
6926 2275
6927 2275
6928 2277
6929 2152
6930 2271
6931 2296
6932 2304
6933 2280
6934 2179
6935 2332
6936 2274
6937 2261
6938 2215
6939 2438
6940 2286
6941 2288
6942 2275
6943 2269
6944 2337
6945 2370
6946 2249
6947 2287
6948 2315
6949 2238
6950 2275
6951 2377
6952 2384
6953 2277
6954 2357
6955 2354
6956 2301
6957 2282
6958 2268
6959 2433
6960 2295
6961 2281
6962 2337
6963 2417
6964 2303
6965 2277
6966 2360
6967 2381
6968 2299
6969 2247
6970 2376
6971 2315
6972 2250
6973 2269
6974 2313
6975 2241
6976 2191
6977 2214
6978 2255
6979 2295
6980 2306
6981 2338
6982 2286
6983 2320
6984 2320
6985 2275
6986 2369
6987 2307
6988 2295
6989 2310
6990 2313
6991 2295
6992 2303
6993 2293
6994 2767
6995 2459
6996 2942
6997 2335
6998 2921
6999 2501
7000 2871
7001 2499
7002 2780
7003 2546
7004 2833
7005 2703
7006 2462
7007 2449
7008 2319
7009 2492
7010 2583
7011 2592
7012 2562
7013 2510
7014 2642
7015 2529
7016 2465
7017 2505
7018 2989
7019 2735
7020 2536
7021 2608
7022 2818
7023 2786
7024 2745
7025 2873
7026 2769
7027 2988
7028 2519
7029 2598
7030 2509
7031 2401
7032 2853
7033 2454
7034 2523
7035 2885
7036 2508
7037 2555
7038 2658
7039 2636
7040 2493
7041 2474
7042 2025
7043 2961
7044 2656
7045 2832
7046 2610
7047 2535
7048 2353
7049 2490
7050 2752
7051 2694
7052 2618
7053 2550
7054 2962
7055 2408
7056 2290
7057 2331
7058 2967
7059 2488
7060 2476
7061 2845
7062 2455
7063 2324
7064 2149
7065 2503
7066 2789
7067 2436
7068 2917
7069 2204
7070 2501
7071 2510
7072 2214
7073 2593
7074 2423
7075 2188
7076 2426
7077 2402
7078 2275
7079 2523
7080 2159
7081 2306
7082 2193
7083 2559
7084 2959
7085 2460
7086 2779
7087 2182
7088 2056
7089 2322
7090 2446
7091 2301
7092 2639
7093 2459
7094 2251
7095 2809
7096 2986
7097 2352
7098 2806
7099 2191
7100 2594
7101 2469
7102 2379
7103 2271
7104 2923
7105 2256
7106 2411
7107 2349
7108 2425
7109 2762
7110 2793
7111 2556
7112 2785
7113 2250
7114 2274
7115 2465
7116 2366
7117 1961
7118 2266
7119 2446
7120 2728
7121 2359
7122 2348
7123 2467
7124 2820
7125 2446
7126 2806
7127 2175
7128 2736
7129 2307
7130 2333
7131 2324
7132 2618
7133 2181
7134 2442
7135 2935
7136 2361
7137 2852
7138 2276
7139 2780
7140 2177
7141 2520
7142 2315
7143 2317
7144 2474
7145 2141
7146 2317
7147 2382
7148 2146
7149 2273
7150 2441
7151 2136
7152 2251
7153 2324
7154 2255
7155 2299
7156 2191
7157 2167
7158 2283
7159 2265
7160 2213
7161 2268
7162 2238
7163 2268
7164 2257
7165 2207
7166 2213
7167 2214
7168 2269
7169 2307
7170 2274
7171 2307
7172 2295
7173 2354
7174 2308
7175 2268
7176 2255
7177 2315
7178 2277
7179 2290
7180 2316
7181 2341
7182 2276
7183 2313
7184 2288
7185 2281
7186 2355
7187 2270
7188 2238
7189 2288
7190 2238
7191 2279
7192 2358
7193 2381
7194 2274
7195 2310
7196 2278
7197 2253
7198 2307
7199 2264
7200 2272
7201 2186
7202 2020
7203 2647
7204 2537
7205 2656
7206 2997
7207 2584
7208 2609
7209 2676
7210 2710
7211 2675
7212 2066
7213 2292
7214 2101
7215 2514
7216 2848
7217 2192
7218 2390
7219 2659
7220 2165
7221 2247
7222 2375
7223 2262
7224 2162
7225 2254
7226 2243
7227 2241
7228 2271
7229 2327
7230 2262
7231 2212
7232 2292
7233 2260
7234 2279
7235 2281
7236 2280
7237 2306
7238 2359
7239 2263
7240 2330
7241 2259
7242 2261
7243 2282
7244 2187
7245 2319
7246 2367
7247 2346
7248 2263
7249 2323
7250 2312
7251 2315
7252 2264
7253 2346
7254 2252
7255 2283
7256 2308
7257 2301
7258 2354
7259 2271
7260 2275
7261 2386
7262 2345
7263 2359
7264 2330
7265 2297
7266 2308
7267 2312
7268 2248
7269 2355
7270 2410
7271 2193
7272 2289
7273 2329
7274 2287
7275 2294
7276 2268
7277 2309
7278 2324
7279 2288
7280 2350
7281 2328
7282 2343
7283 2311
7284 2239
7285 2296
7286 2323
7287 2352
7288 2360
7289 2208
7290 2287
7291 2316
7292 2327
7293 2358
7294 2359
7295 2264
7296 2269
7297 2318
7298 2385
7299 2345
7300 2328
7301 2258
7302 2314
7303 2294
7304 2278
7305 2351
7306 2307
7307 2302
7308 2369
7309 2391
7310 2268
7311 2291
7312 2267
7313 2247
7314 2297
7315 2297
7316 2366
7317 2355
7318 2357
7319 2262
7320 2369
7321 2364
7322 2243
7323 2308
7324 2349
7325 2316
7326 2346
7327 2298
7328 2291
7329 2253
7330 2284
7331 2289
7332 2304
7333 2674
7334 2099
7335 2309
7336 2441
7337 2254
7338 2244
7339 2269
7340 2268
7341 2239
7342 2204
7343 2276
7344 2200
7345 2284
7346 2173
7347 2204
7348 2304
7349 2258
7350 2190
7351 2273
7352 2260
7353 2206
7354 2210
7355 2271
7356 2319
7357 2255
7358 2300
7359 2304
7360 2255
7361 2280
7362 2357
7363 2327
7364 2357
7365 2243
7366 2364
7367 2336
7368 2162
7369 2290
7370 2215
7371 2241
7372 2201
7373 2247
7374 2210
7375 2281
7376 2385
7377 2295
7378 2347
7379 2293
7380 2351
7381 2312
7382 2313
7383 2309
7384 2344
7385 2348
7386 2303
7387 2253
7388 2384
7389 2337
7390 2272
7391 2354
7392 2352
7393 2350
7394 2343
7395 2265
7396 2275
7397 2393
7398 2310
7399 2259
7400 2339
7401 2209
7402 2282
7403 2258
7404 2263
7405 2381
7406 2268
7407 2292
7408 2305
7409 2287
7410 2360
7411 2260
7412 2191
7413 2203
7414 2243
7415 2260
7416 2298
7417 2262
7418 2283
7419 2294
7420 2323
7421 2430
7422 2685
7423 2247
7424 2675
7425 2321
7426 2674
7427 2802
7428 2546
7429 2463
7430 2878
7431 2268
7432 2463
7433 2367
7434 2369
7435 2391
7436 2253
7437 2397
7438 2364
7439 2263
7440 2455
7441 2208
7442 2423
7443 2416
7444 2258
7445 2371
7446 2432
7447 2294
7448 2444
7449 2304
7450 2326
7451 2464
7452 2294
7453 2369
7454 2366
7455 2300
7456 2381
7457 2284
7458 2363
7459 2267
7460 2412
7461 2343
7462 2392
7463 2398
7464 2237
7465 2334
7466 2386
7467 2327
7468 2316
7469 2356
7470 2260
7471 2292
7472 2301
7473 2311
7474 2341
7475 2300
7476 2442
7477 2397
7478 2194
7479 2463
7480 2444
7481 2247
7482 2438
7483 2284
7484 2367
7485 2355
7486 2244
7487 2434
7488 2283
7489 2301
7490 2392
7491 2277
7492 2409
7493 2321
7494 2347
7495 2272
7496 2272
7497 2195
7498 2306
7499 2358
7500 2285
7501 2260
7502 2549
7503 2195
7504 2356
7505 2275
7506 2250
7507 2365
7508 2306
7509 2321
7510 2376
7511 2309
7512 2403
7513 2368
7514 2367
7515 2330
7516 2442
7517 2401
7518 2252
7519 2452
7520 2426
7521 2200
7522 2516
7523 2399
7524 2253
7525 2520
7526 2303
7527 2267
7528 2352
7529 2262
7530 2273
7531 2253
7532 2269
7533 2332
7534 2151
7535 2301
7536 2422
7537 2066
7538 2312
7539 2387
7540 2255
7541 2179
7542 2307
7543 2284
7544 2129
7545 2264
7546 2338
7547 2282
7548 2181
7549 2163
7550 2272
7551 2251
7552 2158
7553 2150
7554 2288
7555 2328
7556 2349
7557 2256
7558 2239
7559 2184
7560 2272
7561 2177
7562 2173
7563 2269
7564 2356
7565 2202
7566 2186
7567 2336
7568 2280
7569 2112
7570 2205
7571 2267
7572 2275
7573 2280
7574 2295
7575 2244
7576 2212
7577 2208
7578 2297
7579 2261
7580 2149
7581 2295
7582 2275
7583 2295
7584 2371
7585 2321
7586 2200
7587 2275
7588 2252
7589 2297
7590 2159
7591 2315
7592 2162
7593 2284
7594 2185
7595 2259
7596 2400
7597 2335
7598 2258
7599 2330
7600 2259
7601 2258
7602 2322
7603 2314
7604 2243
7605 2372
7606 2334
7607 2174
7608 2398
7609 2276
7610 2251
7611 2290
7612 2195
7613 2277
7614 2295
7615 2201
7616 2272
7617 2249
7618 2191
7619 2276
7620 2084
7621 2271
7622 2362
7623 2311
7624 2251
7625 2166
7626 2299
7627 2306
7628 2104
7629 2159
7630 2323
7631 2255
7632 2250
7633 2135
7634 2283
7635 2401
7636 2109
7637 2332
7638 2453
7639 2105
7640 2287
7641 2300
7642 2304
7643 2244
7644 2286
7645 2240
7646 2174
7647 2270
7648 2309
7649 2244
7650 2186
7651 2210
7652 2261
7653 2290
7654 2127
7655 2348
7656 2305
7657 2246
7658 2269
7659 2259
7660 2185
7661 2194
7662 2271
7663 2273
7664 2300
7665 2213
7666 2294
7667 2274
7668 2240
7669 2160
7670 2909
7671 2319
7672 2812
7673 2281
7674 2456
7675 2556
7676 2211
7677 2348
7678 2383
7679 2190
7680 2377
7681 2244
7682 2388
7683 2422
7684 2284
7685 2413
7686 2326
7687 2415
7688 2392
7689 2257
7690 2370
7691 2352
7692 2300
7693 2362
7694 2279
7695 2315
7696 2392
7697 2387
7698 2407
7699 2328
7700 2414
7701 2276
7702 2342
7703 2398
7704 2316
7705 2347
7706 2425
7707 2262
7708 2394
7709 2319
7710 2371
7711 2485
7712 2174
7713 2524
7714 2377
7715 2445
7716 2317
7717 2355
7718 2383
7719 2389
7720 2381
7721 2346
7722 2342
7723 2330
7724 2625
7725 2212
7726 2552
7727 2246
7728 2709
7729 2240
7730 2612
7731 2250
7732 2824
7733 2256
7734 2796
7735 2260
7736 2920
7737 2395
7738 2889
7739 2321
7740 2473
7741 2151
7742 2377
7743 2475
7744 2160
7745 2245
7746 2428
7747 2142
7748 2347
7749 2276
7750 2249
7751 2301
7752 2290
7753 2268
7754 2185
7755 2259
7756 2200
7757 2262
7758 2274
7759 2243
7760 2184
7761 2240
7762 2307
7763 2313
7764 2253
7765 2254
7766 2273
7767 2370
7768 2264
7769 2289
7770 2281
7771 2285
7772 2258
7773 2245
7774 2269
7775 2247
7776 2241
7777 2208
7778 2315
7779 2214
7780 2202
7781 2276
7782 2293
7783 2313
7784 2238
7785 2286
7786 2408
7787 2277
7788 2276
7789 2383
7790 2246
7791 2279
7792 2415
7793 2256
7794 2198
7795 2261
7796 2259
7797 2308
7798 2304
7799 2179
7800 2309
7801 2262
7802 2274
7803 2320
7804 2354
7805 2242
7806 2346
7807 2386
7808 2267
7809 2319
7810 2320
7811 2318
7812 2256
7813 2280
7814 2253
7815 2304
7816 2303
7817 2301
7818 2352
7819 2279
7820 2288
7821 2213
7822 2299
7823 2352
7824 2159
7825 2294
7826 2283
7827 2248
7828 2285
7829 2214
7830 2373
7831 2266
7832 2212
7833 2309
7834 2277
7835 2247
7836 2260
7837 2272
7838 2303
7839 2251
7840 2247
7841 2335
7842 2285
7843 2213
7844 2198
7845 2278
7846 2317
7847 2248
7848 2315
7849 2350
7850 2192
7851 2313
7852 2204
7853 2238
7854 2200
7855 2265
7856 2387
7857 2344
7858 2201
7859 2178
7860 2362
7861 2250
7862 2318
7863 2300
7864 2256
7865 2367
7866 2376
7867 2250
7868 2261
7869 2268
7870 2287
7871 2276
7872 2148
7873 2286
7874 2307
7875 2142
7876 2295
7877 2215
7878 2273
7879 2262
7880 2240
7881 2299
7882 2322
7883 2266
7884 2150
7885 2293
7886 2195
7887 2317
7888 2333
7889 2311
7890 2329
7891 2355
7892 2145
7893 2321
7894 2369
7895 2202
7896 2249
7897 2180
7898 2320
7899 2184
7900 2394
7901 2241
7902 2297
7903 2212
7904 2145
7905 2392
7906 2171
7907 2253
7908 2333
7909 2285
7910 2172
7911 2264
7912 2249
7913 2356
7914 2285
7915 2243
7916 1926
7917 2050
7918 2528
7919 2243
7920 2401
7921 2448
7922 2150
7923 1995
7924 1958
7925 2382
7926 2438
7927 2241
7928 2890
7929 2279
7930 2355
7931 2255
7932 2287
7933 2213
7934 2267
7935 2277
7936 2335
7937 2309
7938 2155
7939 2272
7940 2286
7941 2200
7942 2275
7943 2263
7944 2260
7945 2160
7946 2253
7947 2277
7948 2321
7949 2244
7950 2260
7951 2142
7952 2209
7953 2267
7954 2410
7955 2301
7956 2271
7957 2274
7958 2290
7959 2272
7960 2253
7961 2280
7962 2176
7963 2318
7964 2166
7965 2204
7966 2510
7967 2282
7968 2237
7969 2309
7970 2353
7971 2271
7972 2341
7973 2264
7974 2298
7975 2415
7976 2172
7977 2300
7978 2368
7979 2184
7980 2275
7981 2258
7982 2103
7983 2297
7984 2411
7985 2185
7986 2213
7987 2280
7988 2194
7989 2393
7990 2173
7991 2257
7992 2341
7993 2120
7994 2285
7995 2302
7996 2187
7997 2177
7998 2305
7999 2307
8000 2303
8001 2247
8002 2241
8003 2430
8004 2053
8005 2290
8006 2180
8007 2167
8008 2348
8009 2269
8010 2256
8011 2279
8012 2213
8013 2237
8014 2268
8015 2156
8016 2249
8017 2274
8018 2196
8019 2208
8020 2214
8021 2276
8022 2244
8023 2167
8024 2310
8025 2169
8026 2263
8027 2176
8028 2271
8029 2301
8030 2260
8031 2256
8032 2176
8033 2266
8034 2244
8035 2214
8036 2380
8037 2158
8038 2314
8039 2165
8040 2351
8041 2206
8042 2252
8043 2298
8044 2215
8045 2273
8046 2290
8047 2238
8048 2207
8049 2304
8050 2256
8051 2255
8052 2292
8053 2183
8054 2239
8055 2302
8056 2299
8057 2264
8058 2290
8059 2284
8060 2264
8061 2266
8062 2215
8063 2245
8064 2244
8065 2250
8066 2177
8067 2382
8068 2202
8069 2154
8070 2296
8071 2212
8072 2265
8073 2256
8074 2238
8075 2275
8076 2262
8077 2166
8078 2253
8079 2307
8080 2262
8081 2269
8082 2246
8083 2270
8084 2262
8085 2271
8086 2321
8087 2200
8088 2173
8089 2338
8090 2249
8091 2244
8092 2277
8093 2202
8094 2258
8095 2274
8096 2299
8097 2270
8098 2173
8099 2276
8100 2212
8101 2255
8102 2269
8103 2192
8104 2282
8105 2239
8106 2180
8107 2240
8108 2172
8109 2272
8110 2210
8111 2299
8112 2248
8113 2290
8114 2291
8115 2268
8116 2209
8117 2269
8118 2299
8119 2335
8120 2259
8121 2289
8122 2369
8123 2165
8124 2316
8125 2246
8126 2194
8127 2241
8128 2328
8129 2160
8130 2255
8131 2345
8132 2199
8133 2267
8134 2261
8135 2259
8136 2250
8137 2268
8138 2287
8139 2237
8140 2364
8141 2256
8142 2261
8143 2382
8144 2285
8145 2310
8146 2342
8147 2212
8148 2251
8149 2311
8150 2263
8151 2195
8152 2277
8153 2276
8154 2304
8155 2286
8156 2250
8157 2310
8158 2195
8159 2316
8160 2241
8161 2239
8162 2262
8163 2272
8164 2279
8165 2260
8166 2199
8167 2311
8168 2288
8169 2333
8170 2242
8171 2272
8172 2301
8173 2209
8174 2263
8175 2349
8176 2265
8177 2316
8178 2369
8179 2201
8180 2381
8181 2390
8182 2149
8183 2308
8184 2181
8185 2311
8186 2259
8187 2271
8188 2297
8189 2165
8190 2345
8191 2369
8192 2310
8193 2196
8194 2343
8195 2262
8196 2256
8197 2394
8198 2236
8199 2265
8200 2209
8201 2255
8202 2348
8203 2252
8204 2174
8205 2194
8206 2260
8207 2169
8208 2245
8209 2312
8210 2298
8211 2184
8212 2201
8213 2332
8214 2173
8215 2186
8216 2329
8217 2271
8218 2260
8219 2261
8220 2333
8221 2393
8222 2385
8223 2179
8224 2327
8225 2357
8226 2208
8227 2276
8228 2208
8229 2192
8230 2316
8231 2278
8232 2300
8233 2329
8234 2281
8235 2294
8236 2215
8237 2289
8238 2269
8239 2267
8240 2192
8241 2279
8242 2199
8243 2176
8244 2363
8245 2273
8246 2204
8247 2304
8248 2164
8249 2176
8250 2193
8251 2302
8252 2207
8253 2193
8254 2347
8255 2294
8256 2275
8257 2194
8258 2297
8259 2347
8260 2284
8261 2370
8262 2333
8263 2335
8264 2337
8265 2246
8266 2355
8267 2207
8268 2310
8269 2271
8270 2371
8271 2246
8272 2248
8273 2269
8274 2276
8275 2288
8276 2275
8277 2258
8278 2263
8279 2355
8280 2309
8281 2329
8282 2271
8283 2202
8284 2313
8285 2396
8286 2357
8287 2465
8288 2080
8289 2296
8290 2407
8291 2169
8292 2288
8293 2383
8294 2159
8295 2464
8296 2329
8297 2249
8298 2392
8299 2379
8300 2239
8301 2436
8302 2360
8303 2352
8304 2447
8305 2191
8306 2458
8307 2399
8308 2157
8309 2368
8310 2341
8311 2258
8312 2280
8313 2272
8314 2194
8315 2194
8316 2313
8317 2244
8318 2309
8319 2283
8320 2276
8321 2242
8322 2289
8323 2245
8324 2279
8325 2404
8326 2347
8327 2190
8328 2324
8329 2356
8330 2194
8331 2314
8332 2354
8333 2269
8334 2297
8335 2264
8336 2301
8337 2380
8338 2274
8339 2284
8340 2351
8341 2377
8342 2356
8343 2316
8344 2352
8345 2309
8346 2378
8347 2306
8348 2304
8349 2308
8350 2380
8351 2336
8352 2288
8353 2318
8354 2353
8355 2274
8356 2277
8357 2270
8358 2385
8359 2277
8360 2310
8361 2322
8362 2322
8363 2301
8364 2278
8365 2213
8366 2303
8367 2288
8368 2246
8369 2237
8370 2283
8371 2214
8372 2192
8373 2278
8374 2248
8375 2249
8376 2376
8377 2275
8378 2282
8379 2395
8380 2357
8381 2302
8382 2295
8383 2299
8384 2367
8385 2313
8386 2291
8387 2346
8388 2310
8389 2345
8390 2329
8391 2300
8392 2307
8393 2254
8394 2352
8395 2332
8396 2275
8397 2290
8398 2361
8399 2318
8400 2359
8401 2312
8402 2349
8403 2335
8404 2296
8405 2383
8406 2195
8407 2265
8408 2168
8409 2311
8410 2244
8411 2245
8412 2307
8413 2267
8414 2212
8415 2390
8416 2288
8417 2265
8418 2252
8419 2195
8420 2281
8421 2277
8422 2277
8423 2341
8424 2285
8425 2368
8426 2303
8427 2204
8428 2388
8429 2300
8430 2239
8431 2334
8432 2342
8433 2203
8434 2277
8435 2257
8436 2292
8437 2360
8438 2290
8439 2326
8440 2282
8441 2167
8442 2260
8443 2199
8444 2301
8445 2266
8446 2240
8447 2290
8448 2162
8449 2329
8450 2276
8451 2283
8452 2404
8453 2239
8454 2323
8455 2359
8456 2266
8457 2284
8458 2293
8459 2245
8460 2288
8461 2167
8462 2257
8463 2385
8464 2163
8465 2187
8466 2264
8467 2203
8468 2247
8469 2241
8470 2263
8471 2207
8472 2206
8473 2288
8474 2284
8475 2181
8476 2325
8477 2241
8478 2214
8479 2397
8480 2257
8481 2251
8482 2294
8483 2252
8484 2248
8485 2246
8486 2252
8487 2305
8488 2300
8489 2251
8490 2249
8491 2297
8492 2405
8493 2211
8494 2271
8495 2312
8496 2201
8497 2263
8498 2337
8499 2247
8500 2209
8501 2263
8502 2265
8503 2286
8504 2275
8505 2162
8506 2209
8507 2291
8508 2243
8509 2204
8510 2262
8511 2263
8512 2252
8513 2186
8514 2273
8515 2238
8516 2276
8517 2215
8518 2375
8519 2300
8520 2389
8521 2352
8522 2297
8523 2294
8524 2183
8525 2288
8526 2267
8527 2266
8528 2262
8529 2198
8530 2341
8531 2279
8532 2272
8533 2323
8534 2241
8535 2265
8536 2262
8537 2287
8538 2242
8539 2212
8540 2364
8541 2244
8542 2292
8543 2280
8544 2254
8545 2185
8546 2252
8547 2341
8548 2370
8549 2311
8550 2241
8551 2246
8552 2274
8553 2169
8554 2250
8555 2271
8556 2272
8557 2247
8558 2250
8559 2214
8560 2260
8561 2271
8562 2307
8563 2290
8564 2259
8565 2270
8566 2305
8567 2282
8568 2273
8569 2308
8570 2319
8571 2362
8572 2258
8573 2308
8574 2369
8575 2210
8576 2268
8577 2317
8578 2360
8579 2186
8580 2306
8581 2208
8582 2364
8583 2361
8584 2362
8585 2240
8586 2190
8587 2322
8588 2419
8589 2309
8590 2274
8591 2313
8592 2176
8593 2322
8594 2177
8595 2260
8596 2259
8597 2262
8598 2273
8599 2207
8600 2289
8601 2210
8602 2240
8603 2242
8604 2256
8605 2419
8606 2276
8607 2295
8608 2301
8609 2303
8610 2301
8611 2207
8612 2238
8613 2511
8614 2238
8615 2316
8616 2274
8617 2185
8618 2364
8619 2143
8620 2272
8621 2246
8622 2269
8623 2299
8624 2241
8625 2276
8626 2305
8627 2147
8628 2298
8629 2260
8630 2164
8631 2290
8632 2345
8633 2306
8634 2200
8635 2189
8636 2208
8637 2408
8638 2136
8639 2101
8640 2342
8641 2250
8642 2269
8643 2180
8644 2291
8645 2357
8646 2258
8647 2237
8648 2212
8649 2267
8650 2279
8651 2165
8652 2298
8653 2240
8654 2198
8655 2274
8656 2324
8657 2292
8658 2183
8659 2252
8660 2209
8661 2296
8662 2365
8663 2127
8664 2258
8665 2373
8666 2209
8667 2250
8668 2244
8669 2384
8670 2191
8671 2308
8672 2277
8673 2253
8674 2326
8675 2162
8676 2292
8677 2215
8678 2251
8679 2303
8680 2237
8681 2271
8682 2269
8683 2238
8684 2251
8685 2260
8686 2137
8687 2325
8688 2146
8689 2164
8690 2249
8691 2322
8692 2213
8693 2285
8694 2135
8695 2319
8696 2158
8697 2260
8698 2261
8699 2023
8700 2430
8701 2303
8702 2176
8703 2280
8704 2372
8705 2270
8706 2245
8707 2205
8708 2247
8709 2178
8710 2186
8711 2257
8712 2305
8713 2247
8714 2285
8715 2288
8716 2209
8717 2285
8718 2182
8719 2193
8720 2293
8721 2259
8722 2177
8723 2249
8724 2357
8725 2184
8726 2268
8727 2356
8728 2265
8729 2145
8730 2201
8731 2276
8732 2284
8733 2291
8734 2298
8735 2210
8736 2310
8737 2392
8738 2263
8739 2270
8740 2317
8741 2180
8742 2285
8743 2284
8744 2278
8745 2285
8746 2347
8747 2204
8748 2203
8749 2255
8750 2174
8751 2199
8752 2207
8753 2271
8754 2212
8755 2312
8756 2290
8757 2186
8758 2333
8759 2184
8760 2255
8761 2242
8762 2266
8763 2300
8764 2179
8765 2315
8766 2407
8767 2315
8768 2271
8769 2262
8770 2170
8771 2299
8772 2359
8773 2297
8774 2249
8775 2243
8776 2292
8777 2178
8778 2281
8779 2255
8780 2355
8781 2202
8782 2268
8783 2211
8784 2213
8785 2339
8786 2152
8787 2279
8788 2192
8789 2322
8790 2257
8791 2244
8792 2172
8793 2255
8794 2252
8795 2198
8796 2288
8797 2211
8798 2260
8799 2265
8800 2207
8801 2253
8802 2296
8803 2119
8804 2279
8805 2239
8806 2272
8807 2300
8808 2245
8809 2195
8810 2288
8811 2168
8812 2385
8813 2176
8814 2306
8815 2250
8816 2249
8817 2265
8818 2521
8819 2149
8820 2154
8821 2399
8822 2363
8823 2270
8824 2315
8825 2320
8826 2161
8827 2276
8828 2305
8829 2187
8830 2281
8831 2335
8832 2243
8833 2169
8834 2323
8835 2281
8836 2170
8837 2301
8838 2098
8839 2254
8840 2306
8841 2212
8842 2239
8843 2244
8844 2253
8845 2173
8846 2192
8847 2302
8848 2203
8849 2287
8850 2309
8851 2136
8852 2274
8853 2275
8854 2290
8855 2304
8856 2282
8857 2238
8858 2176
8859 2267
8860 2186
8861 2303
8862 2323
8863 2182
8864 2282
8865 2364
8866 2273
8867 2390
8868 2192
8869 2362
8870 2362
8871 2155
8872 2276
8873 2467
8874 2193
8875 2306
8876 2405
8877 2243
8878 2251
8879 2158
8880 2277
8881 2177
8882 2305
8883 2398
8884 2204
8885 2168
8886 2245
8887 2401
8888 2134
8889 2288
8890 2360
8891 2250
8892 2179
8893 2190
8894 2299
8895 2244
8896 2261
8897 2133
8898 2273
8899 2255
8900 2258
8901 2156
8902 2257
8903 2261
8904 2064
8905 2159
8906 2313
8907 2247
8908 2275
8909 2352
8910 2248
8911 2239
8912 2310
8913 2280
8914 2213
8915 2307
8916 2192
8917 2266
8918 2291
8919 2255
8920 2263
8921 2163
8922 2316
8923 2270
8924 2312
8925 2355
8926 2176
8927 2334
8928 2346
8929 2174
8930 2293
8931 2166
8932 2303
8933 2254
8934 2255
8935 2279
8936 2278
8937 2259
8938 2288
8939 2212
8940 2256
8941 2874
8942 2132
8943 2558
8944 2355
8945 2330
8946 2653
8947 2589
8948 2362
8949 2309
8950 2534
8951 2373
8952 2137
8953 2402
8954 2289
8955 2188
8956 2203
8957 2253
8958 2162
8959 2303
8960 2297
8961 2170
8962 2191
8963 2208
8964 2280
8965 2298
8966 2146
8967 2354
8968 2194
8969 2244
8970 2395
8971 2206
8972 2287
8973 2335
8974 2290
8975 2369
8976 2187
8977 2333
8978 2345
8979 2271
8980 2259
8981 2137
8982 2321
8983 2270
8984 2194
8985 2206
8986 2273
8987 2282
8988 2302
8989 2235
8990 2257
8991 2236
8992 2282
8993 2280
8994 2177
8995 2262
8996 2327
8997 2276
8998 2199
8999 2205
9000 2370
9001 2244
9002 2184
9003 2266
9004 2311
9005 2167
9006 2267
9007 2407
9008 2274
9009 2255
9010 2308
9011 2181
9012 2278
9013 2294
9014 2300
9015 2276
9016 2269
9017 2269
9018 2245
9019 2272
9020 2242
9021 2386
9022 2162
9023 2242
9024 2419
9025 2103
9026 2264
9027 2205
9028 2181
9029 2275
9030 2281
9031 2305
9032 2341
9033 2279
9034 2353
9035 2268
9036 2281
9037 2323
9038 2172
9039 2294
9040 2258
9041 2356
9042 2349
9043 2349
9044 2169
9045 2305
9046 2286
9047 2324
9048 2293
9049 2248
9050 2358
9051 2174
9052 2293
9053 2332
9054 2280
9055 2294
9056 2251
9057 2326
9058 2167
9059 2248
9060 2382
9061 2257
9062 2163
9063 2295
9064 2344
9065 2247
9066 2213
9067 2238
9068 2292
9069 2310
9070 2264
9071 2298
9072 2313
9073 2128
9074 2296
9075 2270
9076 2240
9077 2313
9078 2320
9079 2262
9080 2371
9081 2367
9082 2389
9083 2266
9084 2267
9085 2294
9086 2248
9087 2259
9088 2244
9089 2317
9090 2301
9091 2311
9092 2269
9093 2280
9094 2339
9095 2367
9096 2339
9097 2206
9098 2248
9099 2305
9100 2254
9101 2349
9102 2261
9103 2337
9104 2402
9105 2156
9106 2209
9107 2283
9108 2341
9109 2309
9110 2185
9111 2286
9112 2260
9113 2295
9114 2302
9115 2289
9116 2315
9117 2315
9118 2353
9119 2367
9120 2353
9121 2389
9122 2365
9123 2270
9124 2276
9125 2334
9126 2380
9127 2276
9128 2271
9129 2378
9130 2258
9131 2329
9132 2252
9133 2200
9134 2284
9135 2188
9136 2303
9137 2268
9138 2191
9139 2271
9140 2298
9141 2321
9142 2291
9143 2372
9144 2196
9145 2247
9146 2268
9147 2282
9148 2318
9149 2299
9150 2262
9151 2262
9152 2268
9153 2148
9154 2326
9155 2420
9156 2237
9157 2252
9158 2150
9159 2205
9160 2290
9161 2257
9162 2206
9163 2289
9164 2279
9165 2273
9166 2283
9167 2259
9168 2297
9169 2269
9170 2312
9171 2252
9172 2327
9173 2241
9174 2297
9175 2327
9176 2287
9177 2306
9178 2349
9179 2371
9180 2300
9181 2261
9182 2369
9183 2339
9184 2258
9185 2299
9186 2195
9187 2207
9188 2239
9189 2343
9190 2355
9191 2285
9192 2323
9193 2300
9194 2249
9195 2250
9196 2374
9197 2260
9198 2261
9199 2337
9200 2300
9201 2313
9202 2250
9203 2281
9204 2166
9205 2245
9206 2365
9207 2250
9208 2262
9209 2236
9210 2208
9211 2298
9212 2201
9213 2302
9214 2345
9215 2276
9216 2186
9217 2194
9218 2312
9219 2176
9220 2247
9221 2324
9222 2403
9223 2263
9224 2275
9225 2384
9226 2321
9227 2343
9228 2272
9229 2353
9230 2280
9231 2308
9232 2307
9233 2383
9234 2324
9235 2238
9236 2302
9237 2318
9238 2322
9239 2370
9240 2327
9241 2326
9242 2332
9243 2328
9244 2279
9245 2301
9246 2291
9247 2263
9248 2368
9249 2410
9250 2239
9251 2254
9252 2198
9253 2367
9254 2316
9255 2367
9256 2241
9257 2303
9258 2346
9259 2266
9260 2311
9261 2302
9262 2243
9263 2305
9264 2361
9265 2262
9266 2249
9267 2284
9268 2203
9269 2311
9270 2389
9271 2310
9272 2362
9273 2286
9274 2297
9275 2298
9276 2370
9277 2261
9278 2278
9279 2245
9280 2270
9281 2330
9282 2271
9283 2267
9284 2184
9285 2249
9286 2273
9287 2207
9288 2175
9289 2279
9290 2279
9291 2176
9292 2260
9293 2333
9294 2264
9295 2187
9296 2244
9297 2275
9298 2321
9299 2323
9300 2263
9301 2297
9302 2338
9303 2254
9304 2281
9305 2328
9306 2290
9307 2193
9308 2304
9309 2309
9310 2208
9311 2364
9312 2378
9313 2286
9314 2274
9315 2309
9316 2299
9317 2263
9318 2417
9319 2304
9320 2380
9321 2314
9322 2279
9323 2201
9324 2274
9325 2238
9326 2285
9327 2354
9328 2268
9329 2241
9330 2379
9331 2294
9332 2269
9333 2306
9334 2359
9335 2278
9336 2380
9337 2314
9338 2261
9339 2375
9340 2298
9341 2300
9342 2203
9343 2190
9344 2303
9345 2167
9346 2262
9347 2201
9348 2302
9349 2278
9350 2319
9351 2256
9352 2246
9353 2242
9354 2286
9355 2187
9356 2257
9357 2309
9358 2175
9359 2252
9360 2306
9361 2323
9362 2171
9363 2325
9364 2257
9365 2260
9366 2287
9367 2193
9368 2252
9369 2398
9370 2305
9371 2281
9372 2280
9373 2200
9374 2388
9375 2304
9376 2285
9377 2196
9378 2369
9379 2291
9380 2198
9381 2260
9382 2338
9383 2268
9384 2184
9385 2332
9386 2273
9387 2259
9388 2266
9389 2299
9390 2296
9391 2377
9392 2237
9393 2251
9394 2337
9395 2244
9396 2322
9397 2304
9398 2249
9399 2241
9400 2285
9401 2245
9402 2305
9403 2344
9404 2237
9405 2345
9406 2242
9407 2284
9408 2299
9409 2286
9410 2331
9411 2269
9412 2263
9413 2214
9414 2276
9415 2343
9416 2305
9417 2198
9418 2277
9419 2211
9420 2347
9421 2384
9422 2267
9423 2320
9424 2375
9425 2277
9426 2347
9427 2261
9428 2254
9429 2303
9430 2321
9431 2288
9432 2322
9433 2361
9434 2311
9435 2278
9436 2389
9437 2324
9438 2368
9439 2317
9440 2192
9441 2336
9442 2319
9443 2307
9444 2401
9445 2333
9446 2247
9447 2311
9448 2289
9449 2303
9450 2257
9451 2343
9452 2257
9453 2305
9454 2391
9455 2243
9456 2274
9457 2313
9458 2271
9459 2199
9460 2198
9461 2286
9462 2270
9463 2186
9464 2329
9465 2338
9466 2301
9467 2253
9468 2301
9469 2267
9470 2276
9471 2272
9472 2277
9473 2176
9474 2252
9475 2283
9476 2353
9477 2373
9478 2278
9479 2316
9480 2206
9481 2205
9482 2305
9483 2262
9484 2177
9485 2316
9486 2314
9487 2305
9488 2350
9489 2259
9490 2274
9491 2343
9492 2319
9493 2252
9494 2313
9495 2211
9496 2294
9497 2332
9498 2335
9499 2294
9500 2412
9501 2265
9502 2208
9503 2268
9504 2315
9505 2237
9506 2282
9507 2321
9508 2204
9509 2300
9510 2272
9511 2299
9512 2319
9513 2283
9514 2288
9515 2299
9516 2181
9517 2247
9518 2364
9519 2300
9520 2267
9521 2392
9522 2256
9523 2199
9524 2157
9525 2270
9526 2206
9527 2270
9528 2278
9529 2269
9530 2310
9531 2250
9532 2262
9533 2283
9534 2262
9535 2263
9536 2213
9537 2263
9538 2278
9539 2207
9540 2243
9541 2239
9542 2368
9543 2189
9544 2278
9545 2288
9546 2300
9547 2240
9548 2188
9549 2283
9550 2203
9551 2263
9552 2404
9553 2208
9554 2263
9555 2213
9556 2282
9557 2289
9558 2269
9559 2300
9560 2263
9561 2302
9562 2154
9563 2174
9564 2279
9565 2245
9566 2308
9567 2301
9568 2287
9569 2205
9570 2253
9571 2212
9572 2146
9573 2265
9574 2265
9575 2302
9576 2260
9577 2278
9578 2187
9579 2340
9580 2171
9581 2291
9582 2430
9583 2127
9584 2312
9585 2450
9586 2179
9587 2322
9588 2376
9589 2254
9590 2386
9591 2239
9592 2209
9593 2203
9594 2384
9595 2210
9596 2243
9597 2385
9598 2369
9599 2211
9600 2283
9601 2315
9602 2261
9603 2261
9604 2202
9605 2362
9606 2240
9607 2184
9608 2238
9609 2211
9610 2246
9611 2209
9612 2258
9613 2208
9614 2241
9615 2267
9616 2269
9617 2293
9618 2294
9619 2260
9620 2288
9621 2252
9622 2292
9623 2281
9624 2375
9625 2185
9626 2298
9627 2304
9628 2259
9629 2274
9630 2301
9631 2286
9632 2331
9633 2347
9634 2265
9635 2252
9636 2254
9637 2285
9638 2303
9639 2305
9640 2203
9641 2326
9642 2267
9643 2206
9644 2270
9645 2260
9646 2286
9647 2357
9648 2186
9649 2265
9650 2294
9651 2152
9652 2194
9653 2310
9654 2328
9655 2271
9656 2304
9657 2298
9658 2300
9659 2307
9660 2425
9661 2306
9662 2282
9663 2292
9664 2281
9665 2310
9666 2353
9667 2280
9668 2383
9669 2291
9670 2204
9671 2368
9672 2267
9673 2160
9674 2213
9675 2345
9676 2367
9677 2211
9678 2248
9679 2209
9680 2277
9681 2264
9682 2288
9683 2245
9684 2280
9685 2266
9686 2182
9687 2312
9688 2455
9689 2337
9690 2194
9691 2263
9692 2349
9693 2166
9694 2313
9695 2211
9696 2321
9697 2184
9698 2206
9699 2264
9700 2307
9701 2259
9702 2282
9703 2367
9704 2277
9705 2193
9706 2193
9707 2344
9708 2243
9709 2294
9710 2210
9711 2309
9712 2250
9713 2268
9714 2209
9715 2249
9716 2366
9717 2144
9718 2212
9719 2342
9720 2256
9721 2261
9722 2264
9723 2183
9724 2268
9725 2267
9726 2335
9727 2358
9728 2255
9729 2294
9730 2302
9731 2258
9732 2249
9733 2215
9734 2248
9735 2270
9736 2201
9737 2314
9738 2255
9739 2318
9740 2241
9741 2246
9742 2206
9743 2244
9744 2361
9745 2247
9746 2309
9747 2302
9748 2182
9749 2264
9750 2304
9751 2171
9752 2340
9753 2349
9754 2271
9755 2288
9756 2267
9757 2274
9758 2146
9759 2280
9760 2265
9761 2363
9762 2191
9763 2211
9764 2277
9765 2239
9766 2298
9767 2213
9768 2306
9769 2172
9770 2262
9771 2381
9772 2346
9773 2259
9774 2289
9775 2271
9776 2316
9777 2403
9778 2322
9779 2331
9780 2245
9781 2259
9782 2347
9783 2266
9784 2183
9785 2273
9786 2291
9787 2288
9788 2341
9789 2294
9790 2273
9791 2212
9792 2361
9793 2201
9794 2244
9795 2264
9796 2307
9797 2289
9798 2313
9799 2258
9800 2286
9801 2295
9802 2359
9803 2253
9804 2309
9805 2258
9806 2214
9807 2251
9808 2248
9809 2261
9810 2346
9811 2343
9812 2274
9813 2326
9814 2301
9815 2317
9816 2260
9817 2284
9818 2379
9819 2340
9820 2283
9821 2260
9822 2181
9823 2348
9824 2252
9825 2286
9826 2238
9827 2237
9828 2286
9829 2214
9830 2275
9831 2402
9832 2295
9833 2312
9834 2298
9835 2313
9836 2271
9837 2326
9838 2342
9839 2285
9840 2290
9841 2306
9842 2279
9843 2348
9844 2288
9845 2282
9846 2240
9847 2328
9848 2242
9849 2259
9850 2322
9851 2344
9852 2284
9853 2302
9854 2356
9855 2290
9856 2328
9857 2296
9858 2289
9859 2250
9860 2314
9861 2350
9862 2272
9863 2304
9864 2363
9865 2255
9866 2287
9867 2335
9868 2263
9869 2359
9870 2309
9871 2307
9872 2363
9873 2239
9874 2275
9875 2271
9876 2289
9877 2317
9878 2356
9879 2316
9880 2303
9881 2279
9882 2294
9883 2294
9884 2280
9885 2331
9886 2332
9887 2291
9888 2304
9889 2324
9890 2326
9891 2240
9892 2356
9893 2346
9894 2306
9895 2297
9896 2307
9897 2287
9898 2310
9899 2411
9900 2273
9901 2324
9902 2284
9903 2290
9904 2343
9905 2277
9906 2338
9907 2286
9908 2399
9909 2327
9910 2377
9911 2351
9912 2143
9913 2281
9914 2265
9915 2262
9916 2198
9917 2172
9918 2283
9919 2165
9920 2308
9921 2264
9922 2349
9923 2334
9924 2312
9925 2274
9926 2283
9927 2355
9928 2299
9929 2208
9930 2346
9931 2274
9932 2390
9933 2384
9934 2297
9935 2377
9936 2214
9937 2279
9938 2255
9939 2266
9940 2198
9941 2307
9942 2237
9943 2257
9944 2336
9945 2209
9946 2211
9947 2363
9948 2196
9949 2273
9950 2330
9951 2208
9952 2240
9953 2261
9954 2193
9955 2288
9956 2260
9957 2274
9958 2180
9959 2244
9960 2269
9961 2273
9962 2253
9963 2321
9964 2261
9965 2328
9966 2318
9967 2197
9968 2212
9969 2271
9970 2300
9971 2274
9972 2346
9973 2195
9974 2301
9975 2273
9976 2212
9977 2248
9978 2335
9979 2363
9980 2422
9981 2336
9982 2307
9983 2257
9984 2127
9985 2307
9986 2245
9987 2297
9988 2281
9989 2280
9990 2258
9991 2321
9992 2195
9993 2310
9994 2315
9995 2165
9996 2288
9997 2210
9998 2314
9999 2258
# sum: 2284
# min: 1706
# max: 2997
# err cnt: 867
