9 2
10 177
11 1091
12 1791
13 1281
14 605
15 528
16 659
17 833
18 636
19 598
20 233
21 191
22 88
23 57
24 49
25 55
26 43
27 47
28 52
29 34
30 52
31 46
32 38
33 42
34 40
35 34
36 25
37 21
38 21
39 22
40 20
41 17
42 19
43 19
44 18
45 9
46 23
47 21
48 22
49 19
50 16
51 13
52 16
53 12
54 18
55 22
56 16
57 12
58 9
59 9
60 10
61 15
62 16
63 12
64 9
65 2
66 7
67 3
68 5
69 9
70 5
71 4
72 9
73 6
74 7
75 3
76 3
77 5
78 4
79 4
80 5
81 3
82 6
83 3
84 5
85 2
86 5
87 4
88 3
89 6
90 1
91 1
92 6
93 2
94 6
95 1
96 6
97 1
98 2
99 2
100 2
101 1
102 3
103 2
104 3
105 1
106 1
107 2
109 3
110 4
111 3
112 1
113 3
114 1
116 1
117 2
118 2
120 1
124 1
125 2
126 3
127 4
128 1
129 2
130 1
131 1
134 1
135 1
137 1
138 2
139 1
144 1
145 2
146 1
160 1
164 2
175 1
178 1
194 1
196 1
204 1
260 1
288 1
