0 2782
1 2748
2 2727
3 2732
4 2748
5 2744
6 2735
7 2752
8 2743
9 2734
10 2711
11 2715
12 2722
13 2735
14 2774
15 2737
16 2737
17 2718
18 2750
19 2727
20 2727
21 2705
22 2737
23 2718
24 2726
25 2735
26 2737
27 2734
28 2716
29 2719
30 2730
31 2713
32 2735
33 2726
34 2734
35 2740
36 2721
37 2722
38 2729
39 2755
40 2719
41 2716
42 2733
43 2723
44 2714
45 2718
46 2723
47 2738
48 2716
49 2735
50 2724
51 2731
52 2710
53 2729
54 2724
55 2743
56 2718
57 2733
58 2728
59 2728
60 2729
61 2736
62 2706
63 2721
64 2728
65 2738
66 2735
67 2722
68 2712
69 2740
70 2726
71 2732
72 2725
73 2729
74 2712
75 2725
76 2730
77 2716
78 2714
79 2705
80 2722
81 2739
82 2709
83 2724
84 2716
85 2710
86 2736
87 2707
88 2721
89 2732
90 2710
91 2717
92 2718
93 2725
94 2709
95 2727
96 2741
97 2729
98 2727
99 2723
100 2715
101 2721
102 2730
103 2713
104 2715
105 2704
106 2717
107 2735
108 2719
109 2725
110 2720
111 2715
112 2725
113 2714
114 2727
115 2714
116 2712
117 2746
118 2726
119 2712
120 2712
121 2701
122 2708
123 2717
124 2721
125 2719
126 2721
127 2711
128 2736
129 2699
130 2697
131 2724
132 2714
133 2719
134 2700
135 2705
136 2714
137 2708
138 2740
139 2701
140 2721
141 2727
142 2719
143 2707
144 2716
145 2711
146 2704
147 2717
148 2698
149 2728
150 2709
151 2719
152 2711
153 2724
154 2714
155 2712
156 2719
157 2718
158 2713
159 2736
160 2715
161 2712
162 2714
163 2709
164 2701
165 2725
166 2705
167 2719
168 2710
169 2700
170 2749
171 2725
172 2720
173 2723
174 2715
175 2738
176 2714
177 2697
178 2724
179 2714
180 2748
181 2718
182 2718
183 2730
184 2706
185 2712
186 2733
187 2708
188 2719
189 2722
190 2708
191 2737
192 2698
193 2733
194 2708
195 2721
196 2703
197 2711
198 2721
199 2724
200 2721
201 2734
202 2712
203 2724
204 2860
205 2752
206 2725
207 2742
208 2691
209 2723
210 2733
211 2691
212 2693
213 2737
214 2726
215 2705
216 2732
217 2700
218 2752
219 2707
220 2706
221 2710
222 2724
223 2705
224 2712
225 2708
226 2717
227 2705
228 2738
229 2716
230 2695
231 2699
232 2693
233 2711
234 2706
235 2717
236 2705
237 2719
238 2706
239 2731
240 2709
241 2703
242 2708
243 2709
244 2703
245 2697
246 2707
247 2711
248 2713
249 2735
250 2714
251 2701
252 2696
253 2702
254 2700
255 2712
256 2700
257 2698
258 2699
259 2710
260 2739
261 2714
262 2720
263 2722
264 2719
265 2714
266 2714
267 2727
268 2718
269 2697
270 2728
271 2709
272 2701
273 2711
274 2713
275 2713
276 2700
277 2714
278 2745
279 2728
280 2717
281 2739
282 2758
283 2714
284 2715
285 2724
286 2726
287 2715
288 2708
289 2712
290 2708
291 2724
292 2711
293 2719
294 2724
295 2713
296 2730
297 2721
298 2721
299 2703
300 2704
301 2700
302 2737
303 2720
304 2713
305 2725
306 2742
307 2726
308 2712
309 2714
310 2726
311 2713
312 2729
313 2710
314 2713
315 2722
316 2719
317 2708
318 2714
319 2705
320 2717
321 2736
322 2741
323 2738
324 2715
325 2729
326 2697
327 2718
328 2713
329 2708
330 2716
331 2722
332 2715
333 2739
334 2712
335 2697
336 2721
337 2730
338 2719
339 2721
340 2709
341 2703
342 2733
343 2728
344 2729
345 2707
346 2710
347 2694
348 2699
349 2717
350 2711
351 2699
352 2688
353 2706
354 2731
355 2691
356 2714
357 2713
358 2718
359 2707
360 2716
361 2706
362 2711
363 2707
364 2709
365 2726
366 2704
367 2710
368 2707
369 2719
370 2718
371 2723
372 2696
373 2714
374 2706
375 2728
376 2704
377 2722
378 2700
379 2706
380 2709
381 2714
382 2706
383 2728
384 2710
385 2709
386 2736
387 2710
388 2716
389 2707
390 2700
391 2707
392 2692
393 2733
394 2700
395 2716
396 2722
397 2723
398 2703
399 2717
400 2698
401 2709
402 2712
403 2712
404 2737
405 2722
406 2717
407 2734
408 2704
409 2721
410 2718
411 2718
412 2717
413 2708
414 2696
415 2704
416 2714
417 2730
418 2711
419 2711
420 2715
421 2704
422 2704
423 2716
424 2720
425 2698
426 2700
427 2718
428 2740
429 2696
430 2694
431 2710
432 2694
433 2723
434 2695
435 2722
436 2718
437 2717
438 2734
439 2709
440 2728
441 2711
442 1293
443 1233
444 1196
445 1200
446 1198
447 1203
448 1184
449 1198
450 1198
451 1192
452 1207
453 1194
454 1187
455 1195
456 1173
457 1178
458 1163
459 1180
460 1194
461 1196
462 1186
463 1173
464 1171
465 1188
466 1192
467 1171
468 1184
469 1165
470 1135
471 1175
472 1204
473 1194
474 1199
475 1182
476 1183
477 1184
478 1182
479 1174
480 1192
481 1185
482 1183
483 1184
484 1234
485 1195
486 1182
487 1179
488 1182
489 1193
490 1193
491 1190
492 1195
493 1172
494 1201
495 1186
496 1203
497 1194
498 1172
499 1179
500 1184
501 1181
502 1179
503 1183
504 1186
505 1230
506 1166
507 1198
508 1193
509 1179
510 1193
511 1179
512 1185
513 1178
514 1196
515 1201
516 1170
517 1163
518 1182
519 1223
520 1199
521 1172
522 1172
523 1182
524 1189
525 1200
526 1214
527 1175
528 1177
529 1196
530 1180
531 1171
532 1197
533 1198
534 1170
535 1180
536 1216
537 1174
538 1190
539 1197
540 1183
541 1175
542 1176
543 1181
544 1187
545 1176
546 1165
547 1220
548 1218
549 1204
550 1170
551 1187
552 1185
553 1194
554 1174
555 1184
556 1160
557 1213
558 1174
559 1180
560 1164
561 1176
562 1189
563 1196
564 1142
565 1165
566 1165
567 1171
568 1205
569 1142
570 1174
571 1180
572 1187
573 1205
574 1180
575 1168
576 1184
577 1195
578 1179
579 1183
580 1174
581 1176
582 1181
583 1196
584 1143
585 1187
586 1186
587 1178
588 1173
589 1214
590 1183
591 1189
592 1193
593 1187
594 1185
595 1179
596 1166
597 1190
598 1177
599 1203
600 1177
601 1190
602 1170
603 1200
604 1191
605 1175
606 1197
607 1184
608 1186
609 1176
610 1209
611 1177
612 1193
613 1187
614 1184
615 1168
616 1171
617 1180
618 1170
619 1172
620 1196
621 1190
622 1193
623 1174
624 1170
625 1174
626 1174
627 1182
628 1169
629 1162
630 1183
631 1199
632 1176
633 1179
634 1179
635 1189
636 1175
637 1193
638 1177
639 1183
640 1197
641 1199
642 1195
643 1163
644 1179
645 1178
646 1192
647 1175
648 1178
649 1180
650 1183
651 1176
652 1201
653 1194
654 1189
655 1252
656 1120
657 1173
658 1170
659 1142
660 1168
661 1170
662 1211
663 1198
664 1249
665 1161
666 1140
667 1168
668 1252
669 1188
670 1188
671 1175
672 1173
673 1210
674 1200
675 1172
676 1195
677 1164
678 1175
679 1186
680 1138
681 1175
682 1176
683 1227
684 1172
685 1174
686 1173
687 1182
688 1180
689 1168
690 1164
691 1169
692 1177
693 1176
694 1209
695 1210
696 1198
697 1202
698 1179
699 1187
700 1168
701 1186
702 1182
703 1195
704 1214
705 1167
706 1169
707 1177
708 1176
709 1177
710 1173
711 1175
712 1168
713 1164
714 1191
715 1197
716 1186
717 1171
718 1159
719 1173
720 1195
721 1198
722 1178
723 1177
724 1171
725 1219
726 1173
727 1176
728 1202
729 1167
730 1189
731 1201
732 1181
733 1186
734 1184
735 1177
736 1189
737 1171
738 1174
739 1195
740 1177
741 1177
742 1201
743 1183
744 1186
745 1176
746 1204
747 1182
748 1191
749 1193
750 1176
751 1183
752 1166
753 1183
754 1195
755 1179
756 1163
757 1208
758 1278
759 1194
760 1202
761 1186
762 1198
763 1192
764 1176
765 1171
766 1210
767 1183
768 1178
769 1195
770 1173
771 1168
772 1185
773 1186
774 1167
775 1175
776 1186
777 1200
778 1218
779 1204
780 1192
781 1189
782 1187
783 1192
784 1188
785 1179
786 1189
787 1206
788 1201
789 1175
790 1182
791 1199
792 1194
793 1178
794 1178
795 1176
796 1176
797 1176
798 1188
799 1173
800 1181
801 1171
802 1180
803 1196
804 1190
805 1200
806 1182
807 1177
808 1198
809 1185
810 1200
811 1186
812 1174
813 1179
814 1195
815 1164
816 1178
817 1173
818 1189
819 1207
820 1183
821 1177
822 1183
823 1196
824 1196
825 1185
826 1167
827 1175
828 1168
829 1177
830 1179
831 1168
832 1168
833 1176
834 1172
835 1184
836 1197
837 1179
838 1179
839 1165
840 1213
841 1188
842 1193
843 1180
844 1180
845 1175
846 1173
847 1181
848 1179
849 1190
850 1202
851 1192
852 1195
853 1174
854 1189
855 1203
856 1141
857 1202
858 1181
859 1194
860 1187
861 1228
862 1197
863 1186
864 1187
865 1173
866 1189
867 1169
868 1179
869 1125
870 1162
871 1218
872 1193
873 1204
874 1192
875 1192
876 1177
877 1185
878 1195
879 1176
880 1180
881 1174
882 1205
883 1176
884 1172
885 1187
886 1180
887 1181
888 1195
889 1204
890 1186
891 1179
892 1195
893 1192
894 1202
895 1203
896 1190
897 1185
898 1181
899 1193
900 1208
901 1173
902 1177
903 1211
904 1190
905 1191
906 1171
907 1170
908 1174
909 1183
910 1181
911 1136
912 1175
913 1208
914 1197
915 1195
916 1162
917 1137
918 1191
919 1203
920 1183
921 1143
922 1181
923 1169
924 1205
925 1196
926 1170
927 1165
928 1167
929 1177
930 1174
931 1141
932 1167
933 1206
934 1214
935 1141
936 1178
937 1179
938 1201
939 1174
940 1203
941 1197
942 1196
943 1208
944 1179
945 1212
946 1180
947 1187
948 1177
949 1191
950 1178
951 1183
952 1193
953 1183
954 1179
955 1184
956 1180
957 1163
958 1195
959 1178
960 1180
961 1178
962 1202
963 1197
964 1194
965 1189
966 1229
967 1169
968 1183
969 1191
970 1183
971 1190
972 1179
973 1181
974 1175
975 1185
976 1229
977 1182
978 1200
979 1198
980 1203
981 1214
982 1197
983 1185
984 1176
985 1173
986 1176
987 1201
988 1177
989 1199
990 1193
991 1199
992 1179
993 1187
994 1194
995 1175
996 1204
997 1202
998 1189
999 1177
1000 1171
1001 1179
1002 1176
1003 1181
1004 1187
1005 1171
1006 1173
1007 1192
1008 1218
1009 1195
1010 1189
1011 1186
1012 1205
1013 1183
1014 1165
1015 1179
1016 1192
1017 1163
1018 1204
1019 1182
1020 1215
1021 1198
1022 1180
1023 1177
1024 1197
1025 1192
1026 1178
1027 1189
1028 1172
1029 1210
1030 1176
1031 1196
1032 1195
1033 1205
1034 1183
1035 1177
1036 1180
1037 1202
1038 1212
1039 1171
1040 1184
1041 1183
1042 1175
1043 1175
1044 1177
1045 1196
1046 1182
1047 1196
1048 1188
1049 1182
1050 1196
1051 1203
1052 1190
1053 1183
1054 1192
1055 1189
1056 1182
1057 1187
1058 1199
1059 1181
1060 1217
1061 1200
1062 1189
1063 1182
1064 1198
1065 1194
1066 1176
1067 1171
1068 1195
1069 1191
1070 1196
1071 1226
1072 1173
1073 1193
1074 1195
1075 1285
1076 1243
1077 1231
1078 1197
1079 1202
1080 1182
1081 1179
1082 1197
1083 1174
1084 1191
1085 1180
1086 1163
1087 1180
1088 1181
1089 1185
1090 1183
1091 1185
1092 1169
1093 1183
1094 1186
1095 1182
1096 1176
1097 1188
1098 1185
1099 1212
1100 1209
1101 1201
1102 1172
1103 1185
1104 1196
1105 1180
1106 1189
1107 1182
1108 1191
1109 1187
1110 1179
1111 1173
1112 1188
1113 1165
1114 1184
1115 1173
1116 1194
1117 1194
1118 1177
1119 1184
1120 1198
1121 1203
1122 1225
1123 1171
1124 1196
1125 1193
1126 1205
1127 1178
1128 1171
1129 1175
1130 1188
1131 1293
1132 1283
1133 1200
1134 1279
1135 1201
1136 1194
1137 1217
1138 1220
1139 1225
1140 1223
1141 1216
1142 2041
1143 2006
1144 2008
1145 1984
1146 1943
1147 1967
1148 1969
1149 1986
1150 2017
1151 2001
1152 1975
1153 1965
1154 1952
1155 1959
1156 1981
1157 1957
1158 1965
1159 1957
1160 1951
1161 1956
1162 1995
1163 1966
1164 1957
1165 1947
1166 1955
1167 1955
1168 1987
1169 1979
1170 1966
1171 1955
1172 1951
1173 1986
1174 1957
1175 2002
1176 1969
1177 1959
1178 1959
1179 2010
1180 1971
1181 1972
1182 1946
1183 1958
1184 1952
1185 1971
1186 1959
1187 1959
1188 1952
1189 1976
1190 1972
1191 1976
1192 1950
1193 1956
1194 1950
1195 1990
1196 1954
1197 1964
1198 1960
1199 1977
1200 1955
1201 1994
1202 1958
1203 1983
1204 1957
1205 1943
1206 1954
1207 1948
1208 1976
1209 1944
1210 1949
1211 1963
1212 1958
1213 1948
1214 1970
1215 1951
1216 1941
1217 1973
1218 1979
1219 1952
1220 1986
1221 1951
1222 1957
1223 1938
1224 1978
1225 1949
1226 1951
1227 1957
1228 1972
1229 1971
1230 1976
1231 1972
1232 1955
1233 1966
1234 1964
1235 1940
1236 1969
1237 1943
1238 1973
1239 1975
1240 1963
1241 1988
1242 1962
1243 1960
1244 1979
1245 1940
1246 1946
1247 1941
1248 1943
1249 1944
1250 1963
1251 1942
1252 1961
1253 1948
1254 1965
1255 1956
1256 1978
1257 1945
1258 1932
1259 1938
1260 1969
1261 1960
1262 1965
1263 1960
1264 1963
1265 1942
1266 1973
1267 1952
1268 1962
1269 1952
1270 1944
1271 1945
1272 1972
1273 1948
1274 1967
1275 1941
1276 1971
1277 1982
1278 1951
1279 1953
1280 1957
1281 1947
1282 1953
1283 1951
1284 1944
1285 1940
1286 1936
1287 1949
1288 1975
1289 1956
1290 1967
1291 1956
1292 1956
1293 1944
1294 1949
1295 1945
1296 1944
1297 1951
1298 1989
1299 1960
1300 1934
1301 1951
1302 1970
1303 1982
1304 1960
1305 1970
1306 1954
1307 1960
1308 1973
1309 1977
1310 1949
1311 1981
1312 1940
1313 1950
1314 1950
1315 1970
1316 1942
1317 1971
1318 1956
1319 1983
1320 1957
1321 1947
1322 1949
1323 1945
1324 1948
1325 1947
1326 1939
1327 1959
1328 1946
1329 1948
1330 1968
1331 1942
1332 1955
1333 1970
1334 1958
1335 1956
1336 1961
1337 1976
1338 1944
1339 1943
1340 1986
1341 1947
1342 1948
1343 1932
1344 1948
1345 1929
1346 1933
1347 1951
1348 1946
1349 1942
1350 1939
1351 1961
1352 1935
1353 1939
1354 1939
1355 1945
1356 1936
1357 1953
1358 1942
1359 1946
1360 1938
1361 1964
1362 1940
1363 1975
1364 1957
1365 1964
1366 1960
1367 1971
1368 1963
1369 1944
1370 1944
1371 1963
1372 2005
1373 1949
1374 1946
1375 1937
1376 1956
1377 1944
1378 1938
1379 1968
1380 1954
1381 1942
1382 1972
1383 1957
1384 1970
1385 1964
1386 1948
1387 1955
1388 1949
1389 1940
1390 1939
1391 1938
1392 2046
1393 1992
1394 2001
1395 1956
1396 1986
1397 1972
1398 1950
1399 1952
1400 1977
1401 1953
1402 1978
1403 1962
1404 1978
1405 1958
1406 1953
1407 1945
1408 1941
1409 1944
1410 1947
1411 1961
1412 1965
1413 1955
1414 1946
1415 1952
1416 1963
1417 1946
1418 1961
1419 1944
1420 1945
1421 1938
1422 1942
1423 1994
1424 1960
1425 1978
1426 1953
1427 1976
1428 1950
1429 1975
1430 1956
1431 1984
1432 1955
1433 1984
1434 1953
1435 1943
1436 1970
1437 1943
1438 1970
1439 1965
1440 1956
1441 1973
1442 1969
1443 1975
1444 2017
1445 1959
1446 1951
1447 1942
1448 1988
1449 2008
1450 1962
1451 1957
1452 1989
1453 1963
1454 1986
1455 1981
1456 1950
1457 1977
1458 1962
1459 1979
1460 1954
1461 1979
1462 1947
1463 1956
1464 1961
1465 2009
1466 1964
1467 1956
1468 1951
1469 2005
1470 2021
1471 1967
1472 1997
1473 1969
1474 1959
1475 1983
1476 1960
1477 1970
1478 1983
1479 1966
1480 1972
1481 1954
1482 1966
1483 1988
1484 1944
1485 1950
1486 1983
1487 1978
1488 1958
1489 1974
1490 1984
1491 1984
1492 1973
1493 1948
1494 1953
1495 1960
1496 1981
1497 1958
1498 1942
1499 1973
1500 1954
1501 1949
1502 1960
1503 1947
1504 1982
1505 1968
1506 1957
1507 1954
1508 1960
1509 1970
1510 1961
1511 1966
1512 1951
1513 1958
1514 1982
1515 1952
1516 1974
1517 1971
1518 1941
1519 1977
1520 1960
1521 1992
1522 1967
1523 1951
1524 1975
1525 1964
1526 1972
1527 1972
1528 1942
1529 1951
1530 1944
1531 1974
1532 1951
1533 1963
1534 1954
1535 1945
1536 1973
1537 1978
1538 1955
1539 1947
1540 1957
1541 1985
1542 1959
1543 1958
1544 1953
1545 1952
1546 1962
1547 1975
1548 1969
1549 1960
1550 1952
1551 1981
1552 1944
1553 1965
1554 1953
1555 1949
1556 1948
1557 1981
1558 1969
1559 1943
1560 1962
1561 1987
1562 1950
1563 1952
1564 1949
1565 1959
1566 1957
1567 1991
1568 1954
1569 1953
1570 1952
1571 1957
1572 1971
1573 1984
1574 1978
1575 1972
1576 1988
1577 1953
1578 1959
1579 1962
1580 1939
1581 1935
1582 1944
1583 1948
1584 1957
1585 1957
1586 1942
1587 1940
1588 1972
1589 1949
1590 1951
1591 1971
1592 1960
1593 1948
1594 1949
1595 1938
1596 1956
1597 1976
1598 1936
1599 1946
1600 1954
1601 1930
1602 1953
1603 1963
1604 1979
1605 1954
1606 1947
1607 1970
1608 1951
1609 1938
1610 1951
1611 1963
1612 1973
1613 1933
1614 1979
1615 1941
1616 1955
1617 1958
1618 1951
1619 1954
1620 1955
1621 1941
1622 1947
1623 1939
1624 1947
1625 1933
1626 1940
1627 1968
1628 1936
1629 1940
1630 1976
1631 1962
1632 1947
1633 1971
1634 1973
1635 1948
1636 1977
1637 1956
1638 1940
1639 1969
1640 1960
1641 1980
1642 1950
1643 1953
1644 1969
1645 1957
1646 1986
1647 1945
1648 1957
1649 1954
1650 1945
1651 1955
1652 1950
1653 1938
1654 1963
1655 1979
1656 1947
1657 1951
1658 1956
1659 1976
1660 1954
1661 1943
1662 1950
1663 1962
1664 1969
1665 1980
1666 1951
1667 1949
1668 1958
1669 1954
1670 1972
1671 1943
1672 1954
1673 1967
1674 1985
1675 1946
1676 1961
1677 1942
1678 1951
1679 1982
1680 1978
1681 1949
1682 1970
1683 1952
1684 1949
1685 2001
1686 1954
1687 1957
1688 1988
1689 1951
1690 1965
1691 1945
1692 1951
1693 1988
1694 1964
1695 1987
1696 1952
1697 1940
1698 1938
1699 1953
1700 1960
1701 1967
1702 1960
1703 1947
1704 1972
1705 1953
1706 1967
1707 1956
1708 1312
1709 1202
1710 1183
1711 1178
1712 1181
1713 1195
1714 1178
1715 1173
1716 1191
1717 1164
1718 1178
1719 1162
1720 1205
1721 1170
1722 1189
1723 1174
1724 1192
1725 1190
1726 1173
1727 1170
1728 1170
1729 1168
1730 1170
1731 1173
1732 1184
1733 1204
1734 1169
1735 1173
1736 1184
1737 1188
1738 1178
1739 1179
1740 1184
1741 1178
1742 1182
1743 1165
1744 1171
1745 1172
1746 1185
1747 1190
1748 1167
1749 1164
1750 1177
1751 1181
1752 1173
1753 1163
1754 1168
1755 1175
1756 1197
1757 1194
1758 1185
1759 1184
1760 1191
1761 1197
1762 1186
1763 1205
1764 1167
1765 1175
1766 1201
1767 1173
1768 1166
1769 1170
1770 1187
1771 1172
1772 1170
1773 1201
1774 1182
1775 1181
1776 1193
1777 1178
1778 1144
1779 1177
1780 1198
1781 1188
1782 1176
1783 1162
1784 1189
1785 1175
1786 1206
1787 1183
1788 1168
1789 1170
1790 1200
1791 1194
1792 1163
1793 1178
1794 1196
1795 1196
1796 1179
1797 1129
1798 1177
1799 1183
1800 1181
1801 1168
1802 1180
1803 1195
1804 1199
1805 1219
1806 1168
1807 1170
1808 1194
1809 1181
1810 1172
1811 1140
1812 1175
1813 1183
1814 1199
1815 1211
1816 1143
1817 1188
1818 1199
1819 1187
1820 1163
1821 1175
1822 1183
1823 1199
1824 1165
1825 1175
1826 1218
1827 1192
1828 1186
1829 1142
1830 1175
1831 1192
1832 1169
1833 1130
1834 1144
1835 1166
1836 1208
1837 1187
1838 1173
1839 1160
1840 1180
1841 1192
1842 1200
1843 1186
1844 1182
1845 1171
1846 1173
1847 1211
1848 1181
1849 1182
1850 1173
1851 1198
1852 1195
1853 1140
1854 1173
1855 1174
1856 1172
1857 1210
1858 1173
1859 1179
1860 1176
1861 1174
1862 1197
1863 1232
1864 1188
1865 1187
1866 1242
1867 1178
1868 1268
1869 1180
1870 1177
1871 1171
1872 1170
1873 1187
1874 1194
1875 1184
1876 1172
1877 1125
1878 1184
1879 1164
1880 1180
1881 1190
1882 1183
1883 1187
1884 1177
1885 1196
1886 1180
1887 1189
1888 1180
1889 1185
1890 1176
1891 1172
1892 1182
1893 1197
1894 1172
1895 1166
1896 1185
1897 1193
1898 1190
1899 1196
1900 1144
1901 1171
1902 1181
1903 1187
1904 1190
1905 1175
1906 1179
1907 1184
1908 1180
1909 1178
1910 1194
1911 1171
1912 1168
1913 1185
1914 1179
1915 1136
1916 1177
1917 1196
1918 1189
1919 1186
1920 1188
1921 1184
1922 1178
1923 1196
1924 1174
1925 1174
1926 1167
1927 1178
1928 1180
1929 1188
1930 1135
1931 1181
1932 1194
1933 1183
1934 1195
1935 1188
1936 1180
1937 1177
1938 1171
1939 1182
1940 1171
1941 1184
1942 1197
1943 1188
1944 1169
1945 1164
1946 1179
1947 1182
1948 1191
1949 1144
1950 1172
1951 1178
1952 1199
1953 1177
1954 1179
1955 1196
1956 1177
1957 1178
1958 1183
1959 1184
1960 1169
1961 1234
1962 1210
1963 1177
1964 1202
1965 1171
1966 1197
1967 1169
1968 1190
1969 1181
1970 1190
1971 1183
1972 1186
1973 1203
1974 1175
1975 1185
1976 1210
1977 1142
1978 1176
1979 1182
1980 1194
1981 1186
1982 1175
1983 1207
1984 1169
1985 1184
1986 1189
1987 1192
1988 1184
1989 1163
1990 1199
1991 1179
1992 1209
1993 1182
1994 1209
1995 1183
1996 1195
1997 1211
1998 1201
1999 1194
2000 1175
2001 1201
2002 1205
2003 1205
2004 1212
2005 1178
2006 1181
2007 1188
2008 1188
2009 1170
2010 1198
2011 1177
2012 1191
2013 1183
2014 1174
2015 1193
2016 1187
2017 1188
2018 1182
2019 1165
2020 1188
2021 1183
2022 1164
2023 1143
2024 1141
2025 1210
2026 1202
2027 1204
2028 1184
2029 1192
2030 1182
2031 1192
2032 1202
2033 1142
2034 1174
2035 1177
2036 1192
2037 1180
2038 1134
2039 1187
2040 1173
2041 1179
2042 1173
2043 1178
2044 1177
2045 1185
2046 1170
2047 1172
2048 1173
2049 1172
2050 1193
2051 1171
2052 1187
2053 1208
2054 1159
2055 1162
2056 1172
2057 1182
2058 1168
2059 1168
2060 1141
2061 1177
2062 1177
2063 1203
2064 1168
2065 1170
2066 1167
2067 1180
2068 1172
2069 1156
2070 1138
2071 1158
2072 1167
2073 1162
2074 1197
2075 1140
2076 1139
2077 1138
2078 1138
2079 1154
2080 1178
2081 1157
2082 1133
2083 1138
2084 1179
2085 1168
2086 1138
2087 1126
2088 1143
2089 1163
2090 1172
2091 1169
2092 1158
2093 1143
2094 1193
2095 1200
2096 1195
2097 1184
2098 1160
2099 1163
2100 1166
2101 1181
2102 1127
2103 1190
2104 1185
2105 1197
2106 1165
2107 1144
2108 1139
2109 1171
2110 1162
2111 1136
2112 1168
2113 1181
2114 1171
2115 1144
2116 1178
2117 1175
2118 1179
2119 1190
2120 1135
2121 1126
2122 1179
2123 1183
2124 1172
2125 1142
2126 1183
2127 1191
2128 1190
2129 1174
2130 1134
2131 1140
2132 1160
2133 1174
2134 1179
2135 1130
2136 1135
2137 1202
2138 1187
2139 1164
2140 1168
2141 1169
2142 1176
2143 1171
2144 1179
2145 1174
2146 1168
2147 1203
2148 1162
2149 1137
2150 1162
2151 1165
2152 1170
2153 1157
2154 1162
2155 1142
2156 1158
2157 1167
2158 1176
2159 1167
2160 1188
2161 1178
2162 1172
2163 1157
2164 1176
2165 1187
2166 1174
2167 1168
2168 1201
2169 1175
2170 1181
2171 1160
2172 1139
2173 1172
2174 1180
2175 1178
2176 1170
2177 1133
2178 1164
2179 1175
2180 1179
2181 1182
2182 1159
2183 1144
2184 1157
2185 1175
2186 1170
2187 1137
2188 1143
2189 1191
2190 1179
2191 1163
2192 1126
2193 1128
2194 1143
2195 1160
2196 1167
2197 1167
2198 1125
2199 1174
2200 1193
2201 1159
2202 1196
2203 1174
2204 1161
2205 1168
2206 1168
2207 1182
2208 1157
2209 1125
2210 1199
2211 1184
2212 1183
2213 1140
2214 1128
2215 1161
2216 1166
2217 1187
2218 1174
2219 1159
2220 1175
2221 1201
2222 1183
2223 1159
2224 1165
2225 1187
2226 1169
2227 1171
2228 1141
2229 1163
2230 1183
2231 1185
2232 1163
2233 1139
2234 1166
2235 1186
2236 1180
2237 1131
2238 1133
2239 1166
2240 1176
2241 1170
2242 1191
2243 1134
2244 1174
2245 1188
2246 1191
2247 1170
2248 1176
2249 1166
2250 1159
2251 1142
2252 1200
2253 1169
2254 1176
2255 1133
2256 1170
2257 1178
2258 1171
2259 1171
2260 1175
2261 1169
2262 1125
2263 1193
2264 1167
2265 1180
2266 1175
2267 1184
2268 1174
2269 1174
2270 1170
2271 1169
2272 1181
2273 1165
2274 1172
2275 1169
2276 1176
2277 1168
2278 1170
2279 1171
2280 1184
2281 1186
2282 1168
2283 1135
2284 1139
2285 1164
2286 1192
2287 1172
2288 1138
2289 1138
2290 1169
2291 1185
2292 1178
2293 1173
2294 1189
2295 1134
2296 1160
2297 1139
2298 1178
2299 1179
2300 1161
2301 1166
2302 1181
2303 1171
2304 1135
2305 1164
2306 1143
2307 1168
2308 1181
2309 1185
2310 1163
2311 1170
2312 1171
2313 1167
2314 1182
2315 1172
2316 1173
2317 1189
2318 1171
2319 1176
2320 1120
2321 1157
2322 1165
2323 1174
2324 1173
2325 1160
2326 1214
2327 1158
2328 1188
2329 1163
2330 1162
2331 1160
2332 1171
2333 1175
2334 1194
2335 1179
2336 1251
2337 1245
2338 1222
2339 1297
2340 1260
2341 1195
2342 1445
2343 1418
2344 1396
2345 1374
2346 1386
2347 1403
2348 1378
2349 1370
2350 1391
2351 1413
2352 1355
2353 1386
2354 1392
2355 1383
2356 1345
2357 1363
2358 1371
2359 1383
2360 1384
2361 1369
2362 1387
2363 1378
2364 1389
2365 1377
2366 1317
2367 1341
2368 1333
2369 1348
2370 1266
2371 1279
2372 1254
2373 1302
2374 1243
2375 1263
2376 1250
2377 1256
2378 1260
2379 1249
2380 1252
2381 1211
2382 1203
2383 1249
2384 1227
2385 1201
2386 1254
2387 1207
2388 1210
2389 1212
2390 1194
2391 1226
2392 1211
2393 1197
2394 1202
2395 1218
2396 1224
2397 1250
2398 1217
2399 1186
2400 1248
2401 1204
2402 1229
2403 1204
2404 1254
2405 1218
2406 1194
2407 1186
2408 1207
2409 1186
2410 1185
2411 1199
2412 1211
2413 1209
2414 1200
2415 1212
2416 1192
2417 1236
2418 1261
2419 1180
2420 1199
2421 1186
2422 1201
2423 1232
2424 1214
2425 1202
2426 1216
2427 1201
2428 1196
2429 1219
2430 1209
2431 1202
2432 1204
2433 1194
2434 1216
2435 1175
2436 1204
2437 1194
2438 1243
2439 1216
2440 1178
2441 1229
2442 1194
2443 1180
2444 1214
2445 1227
2446 1220
2447 1209
2448 1202
2449 1214
2450 1236
2451 1193
2452 1221
2453 1227
2454 1166
2455 1205
2456 1219
2457 1183
2458 1185
2459 1202
2460 1205
2461 1178
2462 1209
2463 1219
2464 1200
2465 1176
2466 1220
2467 1196
2468 1228
2469 1222
2470 1205
2471 1193
2472 1206
2473 1221
2474 1221
2475 1216
2476 1215
2477 1230
2478 1215
2479 1168
2480 1214
2481 1205
2482 1195
2483 1174
2484 1229
2485 1186
2486 1197
2487 1220
2488 1222
2489 1246
2490 1236
2491 1225
2492 1240
2493 1272
2494 1280
2495 1291
2496 1306
2497 1279
2498 1300
2499 1266
2500 1243
2501 1300
2502 1316
2503 1264
2504 1253
2505 1307
2506 1246
2507 1230
2508 1236
2509 1207
2510 1206
2511 1220
2512 1210
2513 1201
2514 1302
2515 1278
2516 1249
2517 1226
2518 1193
2519 1218
2520 1260
2521 1216
2522 1218
2523 1278
2524 1227
2525 1242
2526 1318
2527 1299
2528 1288
2529 1257
2530 1233
2531 1242
2532 1221
2533 1198
2534 1286
2535 1274
2536 1254
2537 1312
2538 1274
2539 1264
2540 1276
2541 1245
2542 1210
2543 1252
2544 1244
2545 1229
2546 1228
2547 1286
2548 1230
2549 1248
2550 1231
2551 1229
2552 1209
2553 1233
2554 1200
2555 1237
2556 1227
2557 1217
2558 1234
2559 1228
2560 1320
2561 1261
2562 1315
2563 1252
2564 1250
2565 1198
2566 1210
2567 1209
2568 1231
2569 1219
2570 1222
2571 1220
2572 1295
2573 1283
2574 1301
2575 1272
2576 1275
2577 1259
2578 1255
2579 1254
2580 1236
2581 1303
2582 1272
2583 1314
2584 1309
2585 1316
2586 1292
2587 1282
2588 1398
2589 1347
2590 1375
2591 1308
2592 1325
2593 1277
2594 1292
2595 1292
2596 1276
2597 1283
2598 1286
2599 1272
2600 1285
2601 1304
2602 1285
2603 1285
2604 1293
2605 1313
2606 1283
2607 1282
2608 1282
2609 1285
2610 1295
2611 1308
2612 1286
2613 1290
2614 1307
2615 1300
2616 1297
2617 1296
2618 1298
2619 1304
2620 1300
2621 1282
2622 1294
2623 1304
2624 1306
2625 1278
2626 1304
2627 1284
2628 1290
2629 1288
2630 1280
2631 1283
2632 1276
2633 1290
2634 1293
2635 1307
2636 1300
2637 1298
2638 1296
2639 1296
2640 1301
2641 1277
2642 1374
2643 1325
2644 1362
2645 1339
2646 1304
2647 1314
2648 1276
2649 1290
2650 1237
2651 1246
2652 1317
2653 1299
2654 1269
2655 1284
2656 1284
2657 1285
2658 1305
2659 1312
2660 1299
2661 1282
2662 1290
2663 1241
2664 1227
2665 1235
2666 1373
2667 1343
2668 1349
2669 1334
2670 1308
2671 1279
2672 1305
2673 1352
2674 1329
2675 1292
2676 1319
2677 1264
2678 1288
2679 1267
2680 1267
2681 1241
2682 1236
2683 1275
2684 1314
2685 1303
2686 1291
2687 1291
2688 1303
2689 1317
2690 1302
2691 1287
2692 1296
2693 1296
2694 1289
2695 1317
2696 1280
2697 1304
2698 1306
2699 1281
2700 1302
2701 1300
2702 1316
2703 1278
2704 1313
2705 1271
2706 1280
2707 1296
2708 1293
2709 1281
2710 1288
2711 1290
2712 1285
2713 1311
2714 1305
2715 1303
2716 1312
2717 1286
2718 1288
2719 1288
2720 1328
2721 1317
2722 1279
2723 1306
2724 1272
2725 1269
2726 1281
2727 1287
2728 1283
2729 1290
2730 1280
2731 1353
2732 1365
2733 1344
2734 1282
2735 1270
2736 1263
2737 1246
2738 1266
2739 1325
2740 1317
2741 1294
2742 1303
2743 1254
2744 1309
2745 1291
2746 1321
2747 1293
2748 1302
2749 1324
2750 1311
2751 1329
2752 1320
2753 1271
2754 1311
2755 1301
2756 1295
2757 1294
2758 1293
2759 1314
2760 1306
2761 1295
2762 1302
2763 1308
2764 1309
2765 1297
2766 1298
2767 1275
2768 1290
2769 1310
2770 1291
2771 1287
2772 1293
2773 1300
2774 1287
2775 1304
2776 1299
2777 1298
2778 1309
2779 1288
2780 1310
2781 1276
2782 1298
2783 1314
2784 1293
2785 1290
2786 1290
2787 1277
2788 1277
2789 1293
2790 1289
2791 1298
2792 1289
2793 1301
2794 1284
2795 1318
2796 1300
2797 1290
2798 1283
2799 1293
2800 1310
2801 1309
2802 1293
2803 1285
2804 1304
2805 1286
2806 1307
2807 1388
2808 1365
2809 1343
2810 1364
2811 1336
2812 1352
2813 1314
2814 1306
2815 1284
2816 1283
2817 1310
2818 1392
2819 1356
2820 1339
2821 1344
2822 1344
2823 1360
2824 1374
2825 1317
2826 1305
2827 1317
2828 1369
2829 1366
2830 1347
2831 1321
2832 1299
2833 1300
2834 1289
2835 1307
2836 1281
2837 1289
2838 1384
2839 1372
2840 1352
2841 1359
2842 1316
2843 1298
2844 1297
2845 1304
2846 1290
2847 1286
2848 1289
2849 1378
2850 1368
2851 1344
2852 1364
2853 1347
2854 1355
2855 1360
2856 1331
2857 1320
2858 1281
2859 1310
2860 1297
2861 1283
2862 1300
2863 1359
2864 1364
2865 1339
2866 1320
2867 1306
2868 1296
2869 1306
2870 1296
2871 1286
2872 1287
2873 1380
2874 1369
2875 1359
2876 1325
2877 1312
2878 1284
2879 1298
2880 1378
2881 1346
2882 1339
2883 1349
2884 1350
2885 1340
2886 1347
2887 1350
2888 1337
2889 1342
2890 1347
2891 1354
2892 1379
2893 1331
2894 1286
2895 1294
2896 1290
2897 1371
2898 1332
2899 1348
2900 1354
2901 1334
2902 1340
2903 1347
2904 1329
2905 1346
2906 1351
2907 1328
2908 1308
2909 1295
2910 1379
2911 1359
2912 1353
2913 1349
2914 1353
2915 1344
2916 1359
2917 1314
2918 1313
2919 1299
2920 1285
2921 1379
2922 1357
2923 1350
2924 1362
2925 1339
2926 1337
2927 1354
2928 1323
2929 1303
2930 1300
2931 1370
2932 1356
2933 1353
2934 1356
2935 1319
2936 1303
2937 1302
2938 1302
2939 1300
2940 1293
2941 1286
2942 1292
2943 1273
2944 1299
2945 1405
2946 1371
2947 1356
2948 1302
2949 1302
2950 1292
2951 1291
2952 1296
2953 1291
2954 1274
2955 1383
2956 1357
2957 1354
2958 1326
2959 1294
2960 1313
2961 1303
2962 1318
2963 1293
2964 1315
2965 1357
2966 1360
2967 1349
2968 1344
2969 1363
2970 1329
2971 1351
2972 1324
2973 1305
2974 1277
2975 1286
2976 1297
2977 1292
2978 1301
2979 1396
2980 1360
2981 1362
2982 1347
2983 1318
2984 1314
2985 1299
2986 1303
2987 1281
2988 1269
2989 1277
2990 1373
2991 1350
2992 1326
2993 1346
2994 1328
2995 1337
2996 1351
2997 1355
2998 1347
2999 1357
3000 1322
3001 1339
3002 1348
3003 1309
3004 1295
3005 1298
3006 1296
3007 1375
3008 1361
3009 1336
3010 1375
3011 1321
3012 1321
3013 1299
3014 1320
3015 1290
3016 1301
3017 1373
3018 1353
3019 1349
3020 1368
3021 1337
3022 1331
3023 1345
3024 1334
3025 1307
3026 1266
3027 1301
3028 1307
3029 1292
3030 1304
3031 1417
3032 1358
3033 1381
3034 1343
3035 1313
3036 1297
3037 1305
3038 1377
3039 1364
3040 1381
3041 1317
3042 1304
3043 1295
3044 1312
3045 1381
3046 1371
3047 1340
3048 1349
3049 1298
3050 1295
3051 1316
3052 1366
3053 1362
3054 1339
3055 1329
3056 1309
3057 1291
3058 1404
3059 1359
3060 1341
3061 1352
3062 1304
3063 1316
3064 1301
3065 1365
3066 1366
3067 1367
3068 1350
3069 1357
3070 1337
3071 1357
3072 1333
3073 1312
3074 1323
3075 1296
3076 1270
3077 1281
3078 1306
3079 1398
3080 1383
3081 1340
3082 1359
3083 1339
3084 1402
3085 1377
3086 1343
3087 1323
3088 1281
3089 1382
3090 1348
3091 1369
3092 1351
3093 1356
3094 1345
3095 1348
3096 1318
3097 1319
3098 1283
3099 1307
3100 1315
3101 1304
3102 1283
3103 1379
3104 1368
3105 1345
3106 1349
3107 1344
3108 1353
3109 1353
3110 1313
3111 1309
3112 1302
3113 1284
3114 1283
3115 1294
3116 1296
3117 1282
3118 1294
3119 1271
3120 1381
3121 1380
3122 1354
3123 1314
3124 1319
3125 1291
3126 1292
3127 1286
3128 1290
3129 1293
3130 1386
3131 1355
3132 1337
3133 1340
3134 1340
3135 1312
3136 1313
3137 1294
3138 1293
3139 1292
3140 1306
3141 1374
3142 1359
3143 1350
3144 1328
3145 1297
3146 1311
3147 1293
3148 1284
3149 1302
3150 1303
3151 1397
3152 1357
3153 1340
3154 1342
3155 1360
3156 1352
3157 1354
3158 1344
3159 1301
3160 1274
3161 1278
3162 1292
3163 1290
3164 1281
3165 1384
3166 1353
3167 1344
3168 1359
3169 1315
3170 1306
3171 1296
3172 1371
3173 1345
3174 1362
3175 1355
3176 1330
3177 1345
3178 1347
3179 1326
3180 1302
3181 1299
3182 1299
3183 1299
3184 1294
3185 1280
3186 1381
3187 1351
3188 1337
3189 1339
3190 1344
3191 1343
3192 1351
3193 1323
3194 1312
3195 1307
3196 1287
3197 1290
3198 1281
3199 1280
3200 1367
3201 1359
3202 1347
3203 1334
3204 1336
3205 1305
3206 1301
3207 1297
3208 1296
3209 1292
3210 1378
3211 1356
3212 1347
3213 1367
3214 1348
3215 1352
3216 1345
3217 1334
3218 1308
3219 1290
3220 1308
3221 1299
3222 1291
3223 1279
3224 1383
3225 1360
3226 1348
3227 1341
3228 1352
3229 1341
3230 1341
3231 1332
3232 1305
3233 1295
3234 1291
3235 1286
3236 1289
3237 1280
3238 1385
3239 1351
3240 1364
3241 1339
3242 1303
3243 1296
3244 1299
3245 1278
3246 1292
3247 1297
3248 1394
3249 1376
3250 1358
3251 1332
3252 1306
3253 1278
3254 1290
3255 1365
3256 1348
3257 1353
3258 1349
3259 1325
3260 1326
3261 1370
3262 1355
3263 1339
3264 1349
3265 1308
3266 1312
3267 1304
3268 1295
3269 1277
3270 1281
3271 1302
3272 1381
3273 1349
3274 1342
3275 1354
3276 1347
3277 1342
3278 1337
3279 1311
3280 1299
3281 1300
3282 1369
3283 1363
3284 1350
3285 1347
3286 1349
3287 1339
3288 1363
3289 1314
3290 1311
3291 1302
3292 1312
3293 1370
3294 1350
3295 1349
3296 1363
3297 1344
3298 1347
3299 1349
3300 1276
3301 1254
3302 1230
3303 1381
3304 1367
3305 1339
3306 1354
3307 1361
3308 1350
3309 1358
3310 1317
3311 1308
3312 1308
3313 1374
3314 1341
3315 1341
3316 1367
3317 1356
3318 1345
3319 1358
3320 1320
3321 1301
3322 1291
3323 1293
3324 1284
3325 1279
3326 1296
3327 1381
3328 1358
3329 1358
3330 1344
3331 1338
3332 1325
3333 1334
3334 1324
3335 1324
3336 1276
3337 1380
3338 1350
3339 1351
3340 1348
3341 1399
3342 1380
3343 1382
3344 1340
3345 1308
3346 1287
3347 1305
3348 1283
3349 1274
3350 1296
3351 1368
3352 1362
3353 1348
3354 1310
3355 1309
3356 1292
3357 1282
3358 1299
3359 1294
3360 1284
3361 1380
3362 1357
3363 1350
3364 1351
3365 1327
3366 1336
3367 1353
3368 1329
3369 1316
3370 1315
3371 1309
3372 1293
3373 1307
3374 1292
3375 1385
3376 1350
3377 1360
3378 1355
3379 1340
3380 1339
3381 1344
3382 1325
3383 1305
3384 1296
3385 1304
3386 1281
3387 1289
3388 1315
3389 1390
3390 1367
3391 1362
3392 1352
3393 1336
3394 1327
3395 1342
3396 1342
3397 1351
3398 1319
3399 1364
3400 1354
3401 1343
3402 1327
3403 1304
3404 1285
3405 1290
3406 1334
3407 1298
3408 1319
3409 1364
3410 1352
3411 1355
3412 1365
3413 1338
3414 1357
3415 1374
3416 1325
3417 1330
3418 1321
3419 1310
3420 1304
3421 1288
3422 1289
3423 1381
3424 1374
3425 1358
3426 1324
3427 1289
3428 1341
3429 1308
3430 1312
3431 1291
3432 1288
3433 1403
3434 1370
3435 1364
3436 1366
3437 1314
3438 1309
3439 1303
3440 1302
3441 1303
3442 1287
3443 1266
3444 1302
3445 1285
3446 1295
3447 1304
3448 1301
3449 1279
3450 1405
3451 1361
3452 1353
3453 1374
3454 1350
3455 1350
3456 1342
3457 1325
3458 1317
3459 1309
3460 1288
3461 1285
3462 1293
3463 1285
3464 1394
3465 1361
3466 1369
3467 1316
3468 1293
3469 1308
3470 1315
3471 1383
3472 1356
3473 1379
3474 1358
3475 1338
3476 1338
3477 1347
3478 1351
3479 1344
3480 1340
3481 1274
3482 1271
3483 1235
3484 1343
3485 1309
3486 1301
3487 1300
3488 1385
3489 1373
3490 1349
3491 1339
3492 1342
3493 1351
3494 1390
3495 1261
3496 1268
3497 1255
3498 1392
3499 1375
3500 1355
3501 1352
3502 1349
3503 1347
3504 1350
3505 1285
3506 1270
3507 1255
3508 1335
3509 1320
3510 1279
3511 1319
3512 1365
3513 1374
3514 1347
3515 1361
3516 1356
3517 1363
3518 1366
3519 1272
3520 1258
3521 1246
3522 1381
3523 1364
3524 1357
3525 1344
3526 1357
3527 1341
3528 1345
3529 1346
3530 1336
3531 1352
3532 1303
3533 1304
3534 1288
3535 1302
3536 1385
3537 1359
3538 1352
3539 1346
3540 1349
3541 1344
3542 1342
3543 1344
3544 1346
3545 1372
3546 1352
3547 1293
3548 1292
3549 1286
3550 1306
3551 1288
3552 1306
3553 1368
3554 1341
3555 1345
3556 1343
3557 1342
3558 1345
3559 1344
3560 1321
3561 1305
3562 1289
3563 1277
3564 1268
3565 1277
3566 1303
3567 1366
3568 1375
3569 1345
3570 1328
3571 1311
3572 1289
3573 1302
3574 1280
3575 1289
3576 1274
3577 1356
3578 1367
3579 1343
3580 1372
3581 1312
3582 1309
3583 1286
3584 1380
3585 1380
3586 1357
3587 1345
3588 1347
3589 1343
3590 1343
3591 1327
3592 1294
3593 1290
3594 1298
3595 1289
3596 1289
3597 1313
3598 1379
3599 1344
3600 1359
3601 1328
3602 1319
3603 1294
3604 1372
3605 1352
3606 1357
3607 1353
3608 1325
3609 1301
3610 1293
3611 1297
3612 1291
3613 1298
3614 1293
3615 1386
3616 1362
3617 1344
3618 1338
3619 1339
3620 1351
3621 1350
3622 1332
3623 1306
3624 1302
3625 1288
3626 1289
3627 1299
3628 1269
3629 1381
3630 1343
3631 1332
3632 1354
3633 1343
3634 1338
3635 1332
3636 1286
3637 1248
3638 1232
3639 1332
3640 1310
3641 1279
3642 1300
3643 1370
3644 1357
3645 1353
3646 1359
3647 1360
3648 1358
3649 1350
3650 1351
3651 1324
3652 1342
3653 1287
3654 1243
3655 1263
3656 1314
3657 1306
3658 1292
3659 1302
3660 1372
3661 1355
3662 1348
3663 1317
3664 1308
3665 1286
3666 1292
3667 1293
3668 1296
3669 1311
3670 1376
3671 1354
3672 1355
3673 1353
3674 1348
3675 1345
3676 1342
3677 1364
3678 1351
3679 1348
3680 1351
3681 1326
3682 1312
3683 1326
3684 1350
3685 1299
3686 1289
3687 1310
3688 1374
3689 1371
3690 1345
3691 1337
3692 1307
3693 1288
3694 1290
3695 1285
3696 1282
3697 1291
3698 1379
3699 1351
3700 1329
3701 1332
3702 1292
3703 1287
3704 1293
3705 1313
3706 1283
3707 1300
3708 1362
3709 1368
3710 1343
3711 1321
3712 1297
3713 1296
3714 1302
3715 1377
3716 1369
3717 1366
3718 1376
3719 1313
3720 1282
3721 1321
3722 1371
3723 1348
3724 1372
3725 1308
3726 1308
3727 1295
3728 1300
3729 1285
3730 1284
3731 1294
3732 1369
3733 1354
3734 1356
3735 1314
3736 1293
3737 1307
3738 1290
3739 1382
3740 1367
3741 1338
3742 1321
3743 1292
3744 1288
3745 1306
3746 1309
3747 1288
3748 1306
3749 1396
3750 1361
3751 1379
3752 1355
3753 1335
3754 1303
3755 1295
3756 1303
3757 1275
3758 1288
3759 1280
3760 1380
3761 1357
3762 1340
3763 1360
3764 1339
3765 1315
3766 1336
3767 1305
3768 1299
3769 1294
3770 1339
3771 1281
3772 1293
3773 1271
3774 1287
3775 1281
3776 1283
3777 1386
3778 1355
3779 1349
3780 1327
3781 1304
3782 1288
3783 1330
3784 1388
3785 1354
3786 1355
3787 1326
3788 1294
3789 1292
3790 1294
3791 1295
3792 1281
3793 1301
3794 1388
3795 1369
3796 1367
3797 1328
3798 1297
3799 1294
3800 1282
3801 1383
3802 1358
3803 1347
3804 1324
3805 1305
3806 1312
3807 1297
3808 1387
3809 1371
3810 1350
3811 1332
3812 1311
3813 1294
3814 1294
3815 1296
3816 1294
3817 1296
3818 1374
3819 1360
3820 1345
3821 1339
3822 1317
3823 1321
3824 1283
3825 1293
3826 1292
3827 1287
3828 1279
3829 1363
3830 1354
3831 1337
3832 1306
3833 1327
3834 1293
3835 1284
3836 1293
3837 1287
3838 1299
3839 1371
3840 1353
3841 1344
3842 1342
3843 1335
3844 1354
3845 1343
3846 1350
3847 1345
3848 1331
3849 1331
3850 1349
3851 1327
3852 1306
3853 1313
3854 1285
3855 1302
3856 1297
3857 1305
3858 1292
3859 1299
3860 1382
3861 1394
3862 1354
3863 1371
3864 1333
3865 1327
3866 1347
3867 1322
3868 1293
3869 1311
3870 1362
3871 1350
3872 1344
3873 1350
3874 1336
3875 1338
3876 1341
3877 1307
3878 1315
3879 1299
3880 1371
3881 1358
3882 1341
3883 1353
3884 1364
3885 1346
3886 1350
3887 1347
3888 1340
3889 1330
3890 1330
3891 1328
3892 1324
3893 1284
3894 1284
3895 1277
3896 1284
3897 1287
3898 1363
3899 1371
3900 1362
3901 1344
3902 1352
3903 1348
3904 1326
3905 1304
3906 1291
3907 1300
3908 1293
3909 1282
3910 1283
3911 1383
3912 1368
3913 1370
3914 1344
3915 1374
3916 1349
3917 1344
3918 1340
3919 1305
3920 1303
3921 1300
3922 1391
3923 1351
3924 1356
3925 1353
3926 1361
3927 1331
3928 1347
3929 1338
3930 1345
3931 1348
3932 1313
3933 1303
3934 1307
3935 1322
3936 1289
3937 1289
3938 1298
3939 1311
3940 1296
3941 1305
3942 1377
3943 1344
3944 1347
3945 1351
3946 1348
3947 1344
3948 1356
3949 1318
3950 1304
3951 1298
3952 1306
3953 1291
3954 1295
3955 1301
3956 1370
3957 1358
3958 1343
3959 1357
3960 1338
3961 1355
3962 1363
3963 1328
3964 1296
3965 1296
3966 1312
3967 1295
3968 1287
3969 1293
3970 1389
3971 1362
3972 1369
3973 1330
3974 1307
3975 1286
3976 1371
3977 1362
3978 1348
3979 1365
3980 1335
3981 1304
3982 1303
3983 1287
3984 1289
3985 1280
3986 1295
3987 1379
3988 1383
3989 1365
3990 1364
3991 1344
3992 1371
3993 1357
3994 1355
3995 1273
3996 1250
3997 1317
3998 1321
3999 1307
4000 1377
4001 1360
4002 1337
4003 1334
4004 1322
4005 1333
4006 1353
4007 1337
4008 1312
4009 1299
4010 1293
4011 1381
4012 1360
4013 1349
4014 1359
4015 1332
4016 1362
4017 1363
4018 1333
4019 1308
4020 1301
4021 1384
4022 1369
4023 1348
4024 1324
4025 1317
4026 1317
4027 1300
4028 1385
4029 1360
4030 1340
4031 1364
4032 1591
4033 2768
4034 1393
4035 1351
4036 1336
4037 1317
4038 1393
4039 1370
4040 1355
4041 1352
4042 1343
4043 1341
4044 1353
4045 1338
4046 1310
4047 1297
4048 1308
4049 1290
4050 1279
4051 1306
4052 1369
4053 1363
4054 1328
4055 1347
4056 1344
4057 1351
4058 1345
4059 1322
4060 1316
4061 1301
4062 1374
4063 1360
4064 1373
4065 1345
4066 1344
4067 1356
4068 1358
4069 1336
4070 1339
4071 1318
4072 1392
4073 1347
4074 1349
4075 1339
4076 1346
4077 1334
4078 1329
4079 1323
4080 1300
4081 1300
4082 1325
4083 1305
4084 1330
4085 1307
4086 1383
4087 1348
4088 1365
4089 1307
4090 1308
4091 1298
4092 1287
4093 1368
4094 1379
4095 1354
4096 1312
4097 1301
4098 1290
4099 1291
4100 1286
4101 1307
4102 1289
4103 1383
4104 1361
4105 1362
4106 1364
4107 1369
4108 1342
4109 1352
4110 1359
4111 1381
4112 1360
4113 1335
4114 1317
4115 1301
4116 1320
4117 1376
4118 1359
4119 1366
4120 1352
4121 1347
4122 1343
4123 1327
4124 1310
4125 1287
4126 1289
4127 1394
4128 1364
4129 1348
4130 1356
4131 1345
4132 1347
4133 1347
4134 1324
4135 1304
4136 1311
4137 1376
4138 1355
4139 1357
4140 1333
4141 1294
4142 1297
4143 1292
4144 1304
4145 1306
4146 1295
4147 1361
4148 1358
4149 1349
4150 1343
4151 1353
4152 1337
4153 1333
4154 1334
4155 1356
4156 1350
4157 1356
4158 1356
4159 1307
4160 1296
4161 1298
4162 1284
4163 1289
4164 1282
4165 1357
4166 1351
4167 1345
4168 1362
4169 1322
4170 1337
4171 1348
4172 1344
4173 1345
4174 1351
4175 1347
4176 1330
4177 1330
4178 1308
4179 1303
4180 1286
4181 1308
4182 1364
4183 1355
4184 1341
4185 1359
4186 1348
4187 1327
4188 1371
4189 1295
4190 1313
4191 1309
4192 1381
4193 1361
4194 1336
4195 1324
4196 1307
4197 1303
4198 1302
4199 1301
4200 1300
4201 1308
4202 1366
4203 1354
4204 1351
4205 1339
4206 1342
4207 1338
4208 1346
4209 1382
4210 1262
4211 1244
4212 1255
4213 1375
4214 1353
4215 1366
4216 1360
4217 1341
4218 1351
4219 1282
4220 1266
4221 1242
4222 1251
4223 1368
4224 1355
4225 1337
4226 1358
4227 1346
4228 1335
4229 1346
4230 1329
4231 1316
4232 1289
4233 1292
4234 1284
4235 1295
4236 1282
4237 1387
4238 1371
4239 1378
4240 1356
4241 1364
4242 1362
4243 1312
4244 1309
4245 1303
4246 1300
4247 1290
4248 1276
4249 1287
4250 1296
4251 1292
4252 1279
4253 1292
4254 1282
4255 1294
4256 1283
4257 1383
4258 1375
4259 1347
4260 1354
4261 1354
4262 1361
4263 1353
4264 1334
4265 1297
4266 1300
4267 1289
4268 1293
4269 1294
4270 1296
4271 1378
4272 1365
4273 1345
4274 1361
4275 1348
4276 1321
4277 1346
4278 1326
4279 1307
4280 1308
4281 1288
4282 1286
4283 1284
4284 1301
4285 1374
4286 1364
4287 1338
4288 1368
4289 1340
4290 1354
4291 1319
4292 1299
4293 1288
4294 1290
4295 1388
4296 1372
4297 1375
4298 1340
4299 1308
4300 1276
4301 1287
4302 1395
4303 1369
4304 1357
4305 1294
4306 1302
4307 1288
4308 1305
4309 1292
4310 1273
4311 1299
4312 1362
4313 1341
4314 1339
4315 1364
4316 1335
4317 1354
4318 1331
4319 1320
4320 1321
4321 1298
4322 1305
4323 1279
4324 1290
4325 1304
4326 1362
4327 1357
4328 1362
4329 1306
4330 1303
4331 1294
4332 1277
4333 1368
4334 1357
4335 1339
4336 1361
4337 1351
4338 1349
4339 1290
4340 1250
4341 1234
4342 1240
4343 1381
4344 1370
4345 1343
4346 1350
4347 1339
4348 1352
4349 1345
4350 1327
4351 1317
4352 1324
4353 1295
4354 1288
4355 1285
4356 1301
4357 1392
4358 1364
4359 1364
4360 1368
4361 1341
4362 1360
4363 1363
4364 1367
4365 1329
4366 1384
4367 1339
4368 1346
4369 1301
4370 1379
4371 1368
4372 1349
4373 1367
4374 1346
4375 1349
4376 1343
4377 1330
4378 1307
4379 1288
4380 1380
4381 1353
4382 1357
4383 1345
4384 1359
4385 1353
4386 1342
4387 1313
4388 1302
4389 1292
4390 1297
4391 1295
4392 1293
4393 1288
4394 1384
4395 1381
4396 1358
4397 1314
4398 1315
4399 1299
4400 1285
4401 1285
4402 1279
4403 1304
4404 1394
4405 1359
4406 1355
4407 1357
4408 1358
4409 1355
4410 1349
4411 1281
4412 1262
4413 1254
4414 1251
4415 1366
4416 1381
4417 1329
4418 1388
4419 1358
4420 1359
4421 1364
4422 1369
4423 1323
4424 1324
4425 1308
4426 1291
4427 1278
4428 1311
4429 1373
4430 1366
4431 1367
4432 1350
4433 1352
4434 1343
4435 1333
4436 1315
4437 1300
4438 1289
4439 1296
4440 1292
4441 1295
4442 1372
4443 1356
4444 1332
4445 1367
4446 1358
4447 1335
4448 1348
4449 1356
4450 1366
4451 1380
4452 1389
4453 1318
4454 1292
4455 1300
4456 1381
4457 1369
4458 1356
4459 1339
4460 1301
4461 1306
4462 1300
4463 1305
4464 1305
4465 1289
4466 1384
4467 1360
4468 1342
4469 1364
4470 1362
4471 1356
4472 1365
4473 1259
4474 1252
4475 1243
4476 1232
4477 1373
4478 1366
4479 1346
4480 1336
4481 1315
4482 1290
4483 1302
4484 1282
4485 1297
4486 1303
4487 1387
4488 1370
4489 1368
4490 1329
4491 1314
4492 1308
4493 1310
4494 1304
4495 1295
4496 1300
4497 1367
4498 1356
4499 1345
4500 1333
4501 1299
4502 1280
4503 1298
4504 1297
4505 1305
4506 1295
4507 1279
4508 1281
4509 1275
4510 1291
4511 1381
4512 1371
4513 1355
4514 1371
4515 1349
4516 1337
4517 1357
4518 1348
4519 1343
4520 1352
4521 1286
4522 1300
4523 1290
4524 1400
4525 1347
4526 1348
4527 1360
4528 1327
4529 1319
4530 1324
4531 1373
4532 1332
4533 1349
4534 1356
4535 1324
4536 1309
4537 1296
4538 1308
4539 1279
4540 1293
4541 1361
4542 1348
4543 1332
4544 1357
4545 1335
4546 1344
4547 1350
4548 1342
4549 1296
4550 1298
4551 1289
4552 1378
4553 1375
4554 1349
4555 1363
4556 1372
4557 1348
4558 1352
4559 1270
4560 1266
4561 1258
4562 1381
4563 1365
4564 1347
4565 1340
4566 1339
4567 1345
4568 1355
4569 1370
4570 1340
4571 1356
4572 1341
4573 1353
4574 1351
4575 1342
4576 1316
4577 1323
4578 1301
4579 1298
4580 1323
4581 1291
4582 1294
4583 1374
4584 1377
4585 1345
4586 1350
4587 1348
4588 1344
4589 1347
4590 1315
4591 1313
4592 1302
4593 1295
4594 1293
4595 1301
4596 1294
4597 1374
4598 1351
4599 1359
4600 1314
4601 1320
4602 1300
4603 1303
4604 1301
4605 1301
4606 1293
4607 1397
4608 1360
4609 1357
4610 1346
4611 1357
4612 1332
4613 1348
4614 1361
4615 1343
4616 1347
4617 1352
4618 1319
4619 1306
4620 1284
4621 1397
4622 1359
4623 1374
4624 1354
4625 1331
4626 1355
4627 1350
4628 1336
4629 1312
4630 1289
4631 1309
4632 1288
4633 1280
4634 1273
4635 1368
4636 1359
4637 1335
4638 1345
4639 1344
4640 1357
4641 1345
4642 1320
4643 1297
4644 1306
4645 1308
4646 1282
4647 1296
4648 1318
4649 1372
4650 1365
4651 1347
4652 1349
4653 1346
4654 1345
4655 1351
4656 1340
4657 1346
4658 1341
4659 1350
4660 1331
4661 1327
4662 1349
4663 1250
4664 1236
4665 1223
4666 1394
4667 1369
4668 1356
4669 1345
4670 1343
4671 1358
4672 1351
4673 1355
4674 1337
4675 1346
4676 1361
4677 1345
4678 1336
4679 1345
4680 1343
4681 1337
4682 1338
4683 1346
4684 1342
4685 1344
4686 1365
4687 1327
4688 1311
4689 1294
4690 1387
4691 1350
4692 1340
4693 1342
4694 1335
4695 1356
4696 1365
4697 1322
4698 1297
4699 1299
4700 1396
4701 1361
4702 1341
4703 1320
4704 1301
4705 1288
4706 1302
4707 1302
4708 1310
4709 1288
4710 1388
4711 1358
4712 1335
4713 1348
4714 1350
4715 1352
4716 1347
4717 1321
4718 1306
4719 1290
4720 1288
4721 1382
4722 1354
4723 1353
4724 1361
4725 1359
4726 1336
4727 1315
4728 1295
4729 1276
4730 1269
4731 1364
4732 1344
4733 1335
4734 1355
4735 1346
4736 1348
4737 1343
4738 1335
4739 1312
4740 1289
4741 1374
4742 1366
4743 1338
4744 1359
4745 1345
4746 1349
4747 1358
4748 1344
4749 1317
4750 1302
4751 1324
4752 1290
4753 1279
4754 1281
4755 1366
4756 1368
4757 1361
4758 1372
4759 1349
4760 1336
4761 1350
4762 1319
4763 1314
4764 1293
4765 1297
4766 1299
4767 1301
4768 1276
4769 1392
4770 1366
4771 1354
4772 1345
4773 1310
4774 1292
4775 1301
4776 1294
4777 1278
4778 1292
4779 1369
4780 1347
4781 1341
4782 1349
4783 1332
4784 1357
4785 1333
4786 1312
4787 1302
4788 1295
4789 1380
4790 1352
4791 1340
4792 1355
4793 1344
4794 1370
4795 1366
4796 1328
4797 1308
4798 1291
4799 1308
4800 1295
4801 1278
4802 1281
4803 1374
4804 1368
4805 1340
4806 1350
4807 1349
4808 1353
4809 1342
4810 1329
4811 1307
4812 1281
4813 1283
4814 1289
4815 1277
4816 1309
4817 1363
4818 1354
4819 1356
4820 1327
4821 1304
4822 1293
4823 1297
4824 1292
4825 1287
4826 1306
4827 1377
4828 1364
4829 1355
4830 1330
4831 1294
4832 1294
4833 1303
4834 1383
4835 1366
4836 1341
4837 1319
4838 1312
4839 1288
4840 1306
4841 1383
4842 1364
4843 1349
4844 1317
4845 1300
4846 1288
4847 1304
4848 1290
4849 1284
4850 1299
4851 1369
4852 1352
4853 1335
4854 1324
4855 1339
4856 1309
4857 1290
4858 1292
4859 1300
4860 1296
4861 1306
4862 1379
4863 1360
4864 1348
4865 1328
4866 1342
4867 1341
4868 1372
4869 1296
4870 1306
4871 1299
4872 1385
4873 1366
4874 1358
4875 1326
4876 1298
4877 1299
4878 1297
4879 1281
4880 1281
4881 1310
4882 1372
4883 1364
4884 1350
4885 1343
4886 1344
4887 1333
4888 1344
4889 1361
4890 1346
4891 1341
4892 1341
4893 1313
4894 1303
4895 1292
4896 1295
4897 1297
4898 1290
4899 1404
4900 1368
4901 1360
4902 1361
4903 1350
4904 1343
4905 1342
4906 1322
4907 1294
4908 1299
4909 1315
4910 1309
4911 1306
4912 1294
4913 1390
4914 1346
4915 1348
4916 1348
4917 1344
4918 1353
4919 1360
4920 1338
4921 1303
4922 1304
4923 1280
4924 1279
4925 1283
4926 1284
4927 1367
4928 1381
4929 1354
4930 1367
4931 1344
4932 1334
4933 1364
4934 1332
4935 1332
4936 1341
4937 1328
4938 1309
4939 1292
4940 1381
4941 1349
4942 1351
4943 1332
4944 1338
4945 1355
4946 1344
4947 1347
4948 1356
4949 1337
4950 1306
4951 1310
4952 1281
4953 1291
4954 1363
4955 1364
4956 1351
4957 1328
4958 1305
4959 1292
4960 1305
4961 1358
4962 1352
4963 1358
4964 1352
4965 1317
4966 1346
4967 1346
4968 1350
4969 1307
4970 1299
4971 1384
4972 1374
4973 1348
4974 1308
4975 1291
4976 1275
4977 1310
4978 1374
4979 1375
4980 1338
4981 1361
4982 1350
4983 1339
4984 1341
4985 1317
4986 1313
4987 1283
4988 1376
4989 1350
4990 1351
4991 1359
4992 1343
4993 1352
4994 1357
4995 1321
4996 1316
4997 1288
4998 1378
4999 1361
5000 1343
5001 1349
5002 1367
5003 1343
5004 1346
5005 1336
5006 1336
5007 1358
5008 1343
5009 1311
5010 1313
5011 1298
5012 1296
5013 1288
5014 1287
5015 1312
5016 1374
5017 1374
5018 1363
5019 1319
5020 1303
5021 1299
5022 1386
5023 1360
5024 1347
5025 1352
5026 1364
5027 1343
5028 1320
5029 1343
5030 1361
5031 1344
5032 1350
5033 1286
5034 1265
5035 1253
5036 1250
5037 1333
5038 1299
5039 1307
5040 1355
5041 1360
5042 1362
5043 1343
5044 1359
5045 1350
5046 1346
5047 1334
5048 1296
5049 1345
5050 1344
5051 1287
5052 1289
5053 1376
5054 1363
5055 1345
5056 1343
5057 1313
5058 1310
5059 1307
5060 1367
5061 1364
5062 1360
5063 1333
5064 1313
5065 1290
5066 1295
5067 1273
5068 1301
5069 1299
5070 1382
5071 1368
5072 1343
5073 1337
5074 1325
5075 1309
5076 1282
5077 1294
5078 1302
5079 1305
5080 1283
5081 1364
5082 1360
5083 1363
5084 1341
5085 1317
5086 1296
5087 1316
5088 1361
5089 1352
5090 1356
5091 1346
5092 1346
5093 1353
5094 1346
5095 1335
5096 1330
5097 1331
5098 1314
5099 1302
5100 1295
5101 1304
5102 1286
5103 1288
5104 1297
5105 1371
5106 1369
5107 1352
5108 1358
5109 1339
5110 1348
5111 1337
5112 1365
5113 1352
5114 1346
5115 1330
5116 1300
5117 1299
5118 1300
5119 1286
5120 1293
5121 1286
5122 1378
5123 1363
5124 1359
5125 1302
5126 1286
5127 1283
5128 1295
5129 1377
5130 1360
5131 1357
5132 1331
5133 1309
5134 1300
5135 1318
5136 1397
5137 1358
5138 1357
5139 1353
5140 1355
5141 1342
5142 1363
5143 1333
5144 1332
5145 1351
5146 1316
5147 1317
5148 1298
5149 1285
5150 1291
5151 1292
5152 1298
5153 1391
5154 1354
5155 1340
5156 1363
5157 1334
5158 1346
5159 1342
5160 1324
5161 1301
5162 1285
5163 1306
5164 1286
5165 1264
5166 1290
5167 1364
5168 1357
5169 1364
5170 1351
5171 1336
5172 1365
5173 1325
5174 1307
5175 1300
5176 1287
5177 1382
5178 1365
5179 1348
5180 1358
5181 1340
5182 1355
5183 1347
5184 1315
5185 1315
5186 1289
5187 1374
5188 1370
5189 1357
5190 1341
5191 1298
5192 1297
5193 1299
5194 1381
5195 1379
5196 1366
5197 1289
5198 1304
5199 1298
5200 1296
5201 1358
5202 1359
5203 1350
5204 1334
5205 1316
5206 1305
5207 1306
5208 1385
5209 1357
5210 1345
5211 1353
5212 1353
5213 1344
5214 1379
5215 1248
5216 1240
5217 1249
5218 1377
5219 1366
5220 1364
5221 1348
5222 1355
5223 1354
5224 1339
5225 1321
5226 1314
5227 1282
5228 1399
5229 1359
5230 1353
5231 1330
5232 1292
5233 1295
5234 1301
5235 1382
5236 1370
5237 1346
5238 1335
5239 1313
5240 1300
5241 1315
5242 1396
5243 1354
5244 1348
5245 1354
5246 1335
5247 1331
5248 1326
5249 1330
5250 1328
5251 1302
5252 1301
5253 1286
5254 1273
5255 1378
5256 1353
5257 1358
5258 1355
5259 1317
5260 1294
5261 1290
5262 1388
5263 1364
5264 1354
5265 1356
5266 1318
5267 1308
5268 1303
5269 1311
5270 1299
5271 1292
5272 1385
5273 1371
5274 1363
5275 1348
5276 1332
5277 1347
5278 1343
5279 1350
5280 1343
5281 1341
5282 1338
5283 1318
5284 1323
5285 1294
5286 1373
5287 1359
5288 1359
5289 1341
5290 1334
5291 1311
5292 1279
5293 1382
5294 1360
5295 1354
5296 1338
5297 1331
5298 1341
5299 1356
5300 1318
5301 1315
5302 1298
5303 1294
5304 1286
5305 1299
5306 1293
5307 1388
5308 1383
5309 1362
5310 1324
5311 1298
5312 1294
5313 1293
5314 1372
5315 1371
5316 1366
5317 1359
5318 1351
5319 1368
5320 1337
5321 1336
5322 1307
5323 1296
5324 1391
5325 1368
5326 1345
5327 1343
5328 1338
5329 1309
5330 1299
5331 1389
5332 1373
5333 1351
5334 1326
5335 1299
5336 1302
5337 1294
5338 1394
5339 1401
5340 1373
5341 1341
5342 1308
5343 1271
5344 1298
5345 1390
5346 1370
5347 1352
5348 1351
5349 1356
5350 1357
5351 1337
5352 1340
5353 1341
5354 1354
5355 1319
5356 1313
5357 1302
5358 1292
5359 1381
5360 1369
5361 1348
5362 1348
5363 1348
5364 1343
5365 1347
5366 1342
5367 1352
5368 1351
5369 1345
5370 1290
5371 1287
5372 1298
5373 1293
5374 1302
5375 1324
5376 1357
5377 1359
5378 1353
5379 1311
5380 1313
5381 1307
5382 1325
5383 1359
5384 1370
5385 1345
5386 1327
5387 1299
5388 1304
5389 1371
5390 1382
5391 1359
5392 1350
5393 1332
5394 1320
5395 1294
5396 1314
5397 1303
5398 1289
5399 1293
5400 1385
5401 1354
5402 1365
5403 1319
5404 1303
5405 1295
5406 1281
5407 1298
5408 1291
5409 1302
5410 1386
5411 1377
5412 1350
5413 1327
5414 1311
5415 1282
5416 1287
5417 1362
5418 1374
5419 1355
5420 1323
5421 1304
5422 1287
5423 1282
5424 1365
5425 1361
5426 1362
5427 1355
5428 1343
5429 1340
5430 1353
5431 1308
5432 1242
5433 1254
5434 1322
5435 1303
5436 1286
5437 1312
5438 1362
5439 1363
5440 1345
5441 1354
5442 1349
5443 1327
5444 1325
5445 1301
5446 1285
5447 1296
5448 1297
5449 1292
5450 1302
5451 1384
5452 1374
5453 1346
5454 1345
5455 1333
5456 1299
5457 1282
5458 1312
5459 1299
5460 1302
5461 1327
5462 1376
5463 1370
5464 1350
5465 1309
5466 1310
5467 1306
5468 1316
5469 1368
5470 1359
5471 1353
5472 1331
5473 1319
5474 1302
5475 1304
5476 1316
5477 1294
5478 1300
5479 1393
5480 1355
5481 1353
5482 1350
5483 1348
5484 1341
5485 1333
5486 1348
5487 1330
5488 1346
5489 1352
5490 1338
5491 1342
5492 1306
5493 1306
5494 1281
5495 1295
5496 1367
5497 1362
5498 1343
5499 1317
5500 1305
5501 1294
5502 1295
5503 1376
5504 1375
5505 1358
5506 1314
5507 1300
5508 1289
5509 1284
5510 1369
5511 1350
5512 1347
5513 1345
5514 1337
5515 1335
5516 1349
5517 1313
5518 1307
5519 1296
5520 1298
5521 1295
5522 1294
5523 1298
5524 1367
5525 1362
5526 1361
5527 1363
5528 1355
5529 1342
5530 1352
5531 1354
5532 1339
5533 1337
5534 1323
5535 1307
5536 1292
5537 1295
5538 1376
5539 1362
5540 1363
5541 1322
5542 1297
5543 1274
5544 1285
5545 1382
5546 1382
5547 1364
5548 1303
5549 1298
5550 1293
5551 1309
5552 1364
5553 1345
5554 1346
5555 1349
5556 1337
5557 1327
5558 1352
5559 1349
5560 1356
5561 1351
5562 1358
5563 1345
5564 1359
5565 1322
5566 1299
5567 1295
5568 1301
5569 1297
5570 1306
5571 1314
5572 1369
5573 1373
5574 1343
5575 1344
5576 1336
5577 1278
5578 1290
5579 1292
5580 1293
5581 1295
5582 1290
5583 1374
5584 1363
5585 1333
5586 1305
5587 1297
5588 1299
5589 1296
5590 1386
5591 1368
5592 1354
5593 1348
5594 1350
5595 1343
5596 1355
5597 1349
5598 1333
5599 1349
5600 1318
5601 1304
5602 1301
5603 1363
5604 1369
5605 1346
5606 1359
5607 1329
5608 1307
5609 1296
5610 1304
5611 1284
5612 1292
5613 1302
5614 1391
5615 1360
5616 1356
5617 1354
5618 1357
5619 1328
5620 1360
5621 1257
5622 1251
5623 1246
5624 1392
5625 1360
5626 1334
5627 1355
5628 1331
5629 1347
5630 1355
5631 1335
5632 1334
5633 1345
5634 1333
5635 1351
5636 1346
5637 1340
5638 1345
5639 1345
5640 1347
5641 1360
5642 1351
5643 1342
5644 1356
5645 1352
5646 1347
5647 1342
5648 1364
5649 1316
5650 1314
5651 1309
5652 1303
5653 1300
5654 1285
5655 1278
5656 1289
5657 1311
5658 1376
5659 1359
5660 1347
5661 1351
5662 1356
5663 1359
5664 1348
5665 1345
5666 1308
5667 1309
5668 1294
5669 1294
5670 1290
5671 1281
5672 1368
5673 1363
5674 1347
5675 1329
5676 1298
5677 1287
5678 1312
5679 1305
5680 1288
5681 1277
5682 1396
5683 1353
5684 1338
5685 1339
5686 1318
5687 1303
5688 1276
5689 1390
5690 1344
5691 1341
5692 1353
5693 1324
5694 1327
5695 1336
5696 1313
5697 1313
5698 1299
5699 1373
5700 2456
5701 1359
5702 1329
5703 1308
5704 1312
5705 1294
5706 1293
5707 1299
5708 1390
5709 1367
5710 1349
5711 1363
5712 1337
5713 1345
5714 1361
5715 1275
5716 1245
5717 1260
5718 1313
5719 1308
5720 1301
5721 1299
5722 1396
5723 1366
5724 1371
5725 1356
5726 1358
5727 1346
5728 1322
5729 1307
5730 1327
5731 1308
5732 1310
5733 1309
5734 1291
5735 1328
5736 1335
5737 1304
5738 1298
5739 1391
5740 1374
5741 1330
5742 1375
5743 1356
5744 1363
5745 1357
5746 1312
5747 1298
5748 1293
5749 1408
5750 1365
5751 1370
5752 1322
5753 1322
5754 1293
5755 1304
5756 1384
5757 1356
5758 1356
5759 1349
5760 1313
5761 1297
5762 1296
5763 1286
5764 1281
5765 1295
5766 1366
5767 1358
5768 1358
5769 1372
5770 1328
5771 1309
5772 1301
5773 1285
5774 1280
5775 1296
5776 1295
5777 1300
5778 1285
5779 1332
5780 1371
5781 1358
5782 1372
5783 1325
5784 1312
5785 1288
5786 1307
5787 1301
5788 1284
5789 1280
5790 1386
5791 1373
5792 1363
5793 1348
5794 1385
5795 1326
5796 1323
5797 1304
5798 1287
5799 1290
5800 1281
5801 1399
5802 1376
5803 1350
5804 1355
5805 1354
5806 1343
5807 1387
5808 1325
5809 1305
5810 1316
5811 1312
5812 1295
5813 1295
5814 1301
5815 1279
5816 1337
5817 1312
5818 1391
5819 1381
5820 1353
5821 1384
5822 1320
5823 1304
5824 1296
5825 1311
5826 1303
5827 1301
5828 1377
5829 1343
5830 1360
5831 1355
5832 1350
5833 1347
5834 1333
5835 1316
5836 1315
5837 1301
5838 1377
5839 1378
5840 1352
5841 1327
5842 1331
5843 1302
5844 1301
5845 1304
5846 1286
5847 1278
5848 1289
5849 1381
5850 1365
5851 1364
5852 1311
5853 1313
5854 1293
5855 1311
5856 1372
5857 1368
5858 1360
5859 1316
5860 1305
5861 1305
5862 1368
5863 1348
5864 1348
5865 1322
5866 1335
5867 1348
5868 1340
5869 1343
5870 1353
5871 1346
5872 1356
5873 1299
5874 1252
5875 1255
5876 1339
5877 1308
5878 1285
5879 1292
5880 1364
5881 1350
5882 1360
5883 1340
5884 1343
5885 1327
5886 1367
5887 1356
5888 1349
5889 1342
5890 1313
5891 1312
5892 1299
5893 1305
5894 1282
5895 1300
5896 1302
5897 1388
5898 1375
5899 1352
5900 1343
5901 1306
5902 1283
5903 1261
5904 1381
5905 1353
5906 1348
5907 1355
5908 1344
5909 1363
5910 1344
5911 1333
5912 1326
5913 1347
5914 1326
5915 1313
5916 1300
5917 1303
5918 1278
5919 1312
5920 1299
5921 1388
5922 1374
5923 1347
5924 1349
5925 1342
5926 1336
5927 1356
5928 1354
5929 1348
5930 1334
5931 1333
5932 1341
5933 1333
5934 1349
5935 1342
5936 1338
5937 1348
5938 1305
5939 1299
5940 1304
5941 1307
5942 1309
5943 1313
5944 1305
5945 1378
5946 1380
5947 1385
5948 1310
5949 1312
5950 1309
5951 1303
5952 1378
5953 1375
5954 1354
5955 1364
5956 1352
5957 1355
5958 1356
5959 1316
5960 1301
5961 1302
5962 1300
5963 1279
5964 1305
5965 1388
5966 1357
5967 1353
5968 1361
5969 1350
5970 1343
5971 1365
5972 1320
5973 1305
5974 1297
5975 1291
5976 1315
5977 1306
5978 1295
5979 1390
5980 1362
5981 1338
5982 1317
5983 1303
5984 1289
5985 1286
5986 1300
5987 1287
5988 1296
5989 1379
5990 1359
5991 1334
5992 1352
5993 1310
5994 1319
5995 1292
5996 1299
5997 1296
5998 1278
5999 1310
6000 1361
6001 1374
6002 1362
6003 1361
6004 1350
6005 1360
6006 1261
6007 1245
6008 1234
6009 1240
6010 1385
6011 1369
6012 1347
6013 1347
6014 1346
6015 1347
6016 1335
6017 1330
6018 1302
6019 1293
6020 1300
6021 1302
6022 1294
6023 1332
6024 1379
6025 1366
6026 1352
6027 1340
6028 1311
6029 1309
6030 1294
6031 1309
6032 1298
6033 1304
6034 1383
6035 1344
6036 1354
6037 1347
6038 1303
6039 1302
6040 1293
6041 1364
6042 1359
6043 1347
6044 1356
6045 1303
6046 1319
6047 1298
6048 1299
6049 1313
6050 1302
6051 1309
6052 1290
6053 1286
6054 1309
6055 1373
6056 1363
6057 1337
6058 1340
6059 1340
6060 1337
6061 1360
6062 1331
6063 1290
6064 1300
6065 1380
6066 1374
6067 1348
6068 1322
6069 1297
6070 1286
6071 1313
6072 1316
6073 1302
6074 1281
6075 1376
6076 1352
6077 1342
6078 1360
6079 1357
6080 1360
6081 1350
6082 1375
6083 1346
6084 1356
6085 1373
6086 1267
6087 1267
6088 1252
6089 1376
6090 1362
6091 1352
6092 1330
6093 1299
6094 1296
6095 1293
6096 1297
6097 1275
6098 1297
6099 1396
6100 1368
6101 1354
6102 1355
6103 1320
6104 1318
6105 1287
6106 1298
6107 1286
6108 1286
6109 1315
6110 1382
6111 1379
6112 1366
6113 1367
6114 1408
6115 1427
6116 1329
6117 1364
6118 1377
6119 1393
6120 1434
6121 1429
6122 1447
6123 1378
6124 1363
6125 1372
6126 1372
6127 1361
6128 1326
6129 1351
6130 1430
6131 1421
6132 1386
6133 1372
6134 1384
6135 1378
6136 1355
6137 1380
6138 1360
6139 1336
6140 1395
6141 1374
6142 1412
6143 1347
6144 1340
6145 1357
6146 1328
6147 1315
6148 1295
6149 1315
6150 1301
6151 1289
6152 1285
6153 1305
6154 1304
6155 1282
6156 1286
6157 1432
6158 1372
6159 1353
6160 1347
6161 1389
6162 1332
6163 1289
6164 1302
6165 1288
6166 1271
6167 1318
6168 1358
6169 1342
6170 1343
6171 1356
6172 1336
6173 1348
6174 1299
6175 1316
6176 1290
6177 1307
6178 1312
6179 1289
6180 1273
6181 1379
6182 1359
6183 1337
6184 1358
6185 1323
6186 1297
6187 1278
6188 1303
6189 1298
6190 1283
6191 1299
6192 1306
6193 1286
6194 1300
6195 1372
6196 1350
6197 1337
6198 1338
6199 1314
6200 1305
6201 1290
6202 1299
6203 1281
6204 1273
6205 1307
6206 1373
6207 1351
6208 1363
6209 1349
6210 1340
6211 1339
6212 1354
6213 1340
6214 1329
6215 1341
6216 1316
6217 1309
6218 1306
6219 1314
6220 1294
6221 1290
6222 1298
6223 1384
6224 1350
6225 1353
6226 1352
6227 1340
6228 1326
6229 1365
6230 1316
6231 1315
6232 1302
6233 1372
6234 1373
6235 1369
6236 1358
6237 1337
6238 1344
6239 1354
6240 1330
6241 1295
6242 1306
6243 1309
6244 1301
6245 1293
6246 1289
6247 1395
6248 1370
6249 1372
6250 1330
6251 1308
6252 1284
6253 1323
6254 1382
6255 1349
6256 1346
6257 1370
6258 1352
6259 1344
6260 1357
6261 1353
6262 1341
6263 1335
6264 1348
6265 1338
6266 1341
6267 1346
6268 1322
6269 1361
6270 1340
6271 1310
6272 1294
6273 1310
6274 1295
6275 1289
6276 1282
6277 1287
6278 1379
6279 1350
6280 1373
6281 1304
6282 1296
6283 1292
6284 1297
6285 1258
6286 1308
6287 1313
6288 1375
6289 1371
6290 1349
6291 1358
6292 1333
6293 1337
6294 1357
6295 1311
6296 1305
6297 1282
6298 1303
6299 1300
6300 1299
6301 1281
6302 1381
6303 1346
6304 1360
6305 1332
6306 1316
6307 1316
6308 1296
6309 1295
6310 1303
6311 1311
6312 1378
6313 1368
6314 1380
6315 1302
6316 1302
6317 1302
6318 1328
6319 1365
6320 1367
6321 1337
6322 1347
6323 1343
6324 1350
6325 1310
6326 1291
6327 1296
6328 1289
6329 1385
6330 1359
6331 1368
6332 1310
6333 1298
6334 1297
6335 1288
6336 1288
6337 1283
6338 1303
6339 1368
6340 1359
6341 1332
6342 1371
6343 1348
6344 1350
6345 1351
6346 1353
6347 1357
6348 1364
6349 1340
6350 1331
6351 1334
6352 1337
6353 1315
6354 1313
6355 1299
6356 1299
6357 1308
6358 1294
6359 1306
6360 1387
6361 1365
6362 1341
6363 1332
6364 1324
6365 1335
6366 1346
6367 1261
6368 1239
6369 1255
6370 1378
6371 1367
6372 1347
6373 1337
6374 1350
6375 1346
6376 1353
6377 1269
6378 1265
6379 1248
6380 1369
6381 1370
6382 1357
6383 1353
6384 1349
6385 1328
6386 1368
6387 1362
6388 1350
6389 1338
6390 1333
6391 1323
6392 1306
6393 1291
6394 1302
6395 1296
6396 1290
6397 1311
6398 1374
6399 1353
6400 1348
6401 1345
6402 1371
6403 1340
6404 1349
6405 1346
6406 1343
6407 1332
6408 1362
6409 1337
6410 1328
6411 1351
6412 1406
6413 1408
6414 1372
6415 1349
6416 1372
6417 1371
6418 1330
6419 1321
6420 1309
6421 1297
6422 1293
6423 1301
6424 1297
6425 1403
6426 1370
6427 1353
6428 1347
6429 1349
6430 1303
6431 1292
6432 1296
6433 1308
6434 1297
6435 1301
6436 1367
6437 1363
6438 1341
6439 1360
6440 1354
6441 1354
6442 1290
6443 1265
6444 1245
6445 1234
6446 1360
6447 1363
6448 1359
6449 1366
6450 1346
6451 1342
6452 1325
6453 1336
6454 1331
6455 1351
6456 1348
6457 1337
6458 1338
6459 1345
6460 1362
6461 1299
6462 1254
6463 1309
6464 1308
6465 1300
6466 1377
6467 1351
6468 1363
6469 1335
6470 1353
6471 1343
6472 1349
6473 1321
6474 1296
6475 1292
6476 1301
6477 1384
6478 1357
6479 1364
6480 1360
6481 1298
6482 1297
6483 1303
6484 1299
6485 1289
6486 1306
6487 1384
6488 1344
6489 1342
6490 1343
6491 1354
6492 1348
6493 1356
6494 1340
6495 1352
6496 1358
6497 1268
6498 1284
6499 1244
6500 1325
6501 1306
6502 1287
6503 1286
6504 1373
6505 1365
6506 1360
6507 1322
6508 1288
6509 1290
6510 1286
6511 1309
6512 1297
6513 1300
6514 1287
6515 1287
6516 1287
6517 1282
6518 1377
6519 1355
6520 1350
6521 1347
6522 1347
6523 1348
6524 1332
6525 1318
6526 1301
6527 1279
6528 1380
6529 1351
6530 1349
6531 1352
6532 1334
6533 1368
6534 1345
6535 1335
6536 1316
6537 1303
6538 1297
6539 1291
6540 1299
6541 1289
6542 1383
6543 1379
6544 1338
6545 1331
6546 1310
6547 1302
6548 1304
6549 1293
6550 1309
6551 1296
6552 1372
6553 1366
6554 1350
6555 1347
6556 1385
6557 1308
6558 1319
6559 1300
6560 1296
6561 1285
6562 1295
6563 1357
6564 1368
6565 1350
6566 1367
6567 1355
6568 1359
6569 1365
6570 1267
6571 1262
6572 1246
6573 1399
6574 1345
6575 1335
6576 1343
6577 1337
6578 1341
6579 1344
6580 1262
6581 1283
6582 1247
6583 1394
6584 1371
6585 1350
6586 1346
6587 1364
6588 1348
6589 1337
6590 1338
6591 1331
6592 1333
6593 1355
6594 1321
6595 1302
6596 1301
6597 1281
6598 1295
6599 1297
6600 1304
6601 1310
6602 1298
6603 1293
6604 1377
6605 1362
6606 1350
6607 1349
6608 1343
6609 1346
6610 1355
6611 1346
6612 1351
6613 1350
6614 1295
6615 1255
6616 1227
6617 1241
6618 1394
6619 1364
6620 1363
6621 1354
6622 1345
6623 1337
6624 1274
6625 1256
6626 1230
6627 1237
6628 1365
6629 1368
6630 1334
6631 1321
6632 1305
6633 1289
6634 1308
6635 1300
6636 1289
6637 1303
6638 1281
6639 1285
6640 1289
6641 1280
6642 1400
6643 1341
6644 1346
6645 1346
6646 1353
6647 1347
6648 1353
6649 1314
6650 1309
6651 1297
6652 1286
6653 1290
6654 1308
6655 1384
6656 1363
6657 1345
6658 1328
6659 1300
6660 1298
6661 1296
6662 1291
6663 1282
6664 1300
6665 1402
6666 1375
6667 1351
6668 1364
6669 1316
6670 1339
6671 1348
6672 1356
6673 1336
6674 1288
6675 1305
6676 1370
6677 1371
6678 1354
6679 1356
6680 1341
6681 1343
6682 1359
6683 1314
6684 1312
6685 1312
6686 1295
6687 1299
6688 1306
6689 1302
6690 1373
6691 1354
6692 1342
6693 1350
6694 1356
6695 1347
6696 1330
6697 1292
6698 1297
6699 1296
6700 1295
6701 1283
6702 1291
6703 1391
6704 1377
6705 1349
6706 1352
6707 1337
6708 1318
6709 1306
6710 1278
6711 1303
6712 1288
6713 1310
6714 1388
6715 1362
6716 1346
6717 1339
6718 1307
6719 1314
6720 1299
6721 1289
6722 1271
6723 1300
6724 1371
6725 1372
6726 1353
6727 1356
6728 1357
6729 1364
6730 1368
6731 1316
6732 1301
6733 1305
6734 1317
6735 1321
6736 1303
6737 1376
6738 1356
6739 1345
6740 1365
6741 1343
6742 1348
6743 1353
6744 1339
6745 1316
6746 1296
6747 1310
6748 1375
6749 1416
6750 1350
6751 1356
6752 1333
6753 1362
6754 1276
6755 1249
6756 1237
6757 1237
6758 1377
6759 1369
6760 1344
6761 1350
6762 1347
6763 1327
6764 1355
6765 1354
6766 1355
6767 1346
6768 1352
6769 1356
6770 1347
6771 1356
6772 1336
6773 1310
6774 1282
6775 1300
6776 1305
6777 1299
6778 1301
6779 1361
6780 1364
6781 1364
6782 1340
6783 1322
6784 1280
6785 1295
6786 1307
6787 1285
6788 1278
6789 1383
6790 1341
6791 1352
6792 1344
6793 1342
6794 1349
6795 1336
6796 1354
6797 1343
6798 1349
6799 1351
6800 1321
6801 1317
6802 1299
6803 1307
6804 1299
6805 1291
6806 1303
6807 1362
6808 1345
6809 1347
6810 1338
6811 1355
6812 1342
6813 1397
6814 1326
6815 1295
6816 1291
6817 1396
6818 1381
6819 1352
6820 1319
6821 1300
6822 1297
6823 1284
6824 1292
6825 1285
6826 1279
6827 1384
6828 1352
6829 1335
6830 1348
6831 1359
6832 1354
6833 1377
6834 1328
6835 1311
6836 1298
6837 1327
6838 1345
6839 1367
6840 1387
6841 1321
6842 1312
6843 1323
6844 1307
6845 1305
6846 1299
6847 1280
6848 1359
6849 1363
6850 1353
6851 1338
6852 1336
6853 1342
6854 1336
6855 1323
6856 1311
6857 1278
6858 1298
6859 1281
6860 1279
6861 1311
6862 1362
6863 1339
6864 1347
6865 1314
6866 1303
6867 1289
6868 1305
6869 1309
6870 1302
6871 1288
6872 1375
6873 1362
6874 1334
6875 1326
6876 1308
6877 1301
6878 1282
6879 1359
6880 1347
6881 1338
6882 1324
6883 1302
6884 1298
6885 1292
6886 1298
6887 1292
6888 1287
6889 1385
6890 1357
6891 1345
6892 1338
6893 1346
6894 1350
6895 1347
6896 1303
6897 1288
6898 1295
6899 1295
6900 1387
6901 1365
6902 1340
6903 1354
6904 1340
6905 1337
6906 1356
6907 1348
6908 1329
6909 1336
6910 1355
6911 1339
6912 1366
6913 1341
6914 1349
6915 1333
6916 1332
6917 1352
6918 1340
6919 1345
6920 1325
6921 1334
6922 1317
6923 1294
6924 1377
6925 1355
6926 1354
6927 1351
6928 1342
6929 1327
6930 1341
6931 1324
6932 1300
6933 1288
6934 1307
6935 1283
6936 1284
6937 1276
6938 1373
6939 1365
6940 1360
6941 1298
6942 1306
6943 1294
6944 1287
6945 1381
6946 1352
6947 1351
6948 1317
6949 1310
6950 1298
6951 1305
6952 1284
6953 1291
6954 1315
6955 1388
6956 1377
6957 1336
6958 1326
6959 1312
6960 1291
6961 1292
6962 1313
6963 1282
6964 1290
6965 1378
6966 1360
6967 1341
6968 1352
6969 1314
6970 1316
6971 1301
6972 1398
6973 1358
6974 1344
6975 1354
6976 1315
6977 1319
6978 1291
6979 1288
6980 1285
6981 1298
6982 1295
6983 1372
6984 1362
6985 1351
6986 1335
6987 1311
6988 1295
6989 1293
6990 1298
6991 1274
6992 1280
6993 1358
6994 1365
6995 1342
6996 1358
6997 1299
6998 1282
6999 1305
7000 1293
7001 1288
7002 1298
7003 1293
7004 1290
7005 1284
7006 1281
7007 1289
7008 1278
7009 1295
7010 1396
7011 1360
7012 1342
7013 1330
7014 1304
7015 1292
7016 1289
7017 1378
7018 1377
7019 1344
7020 1336
7021 1305
7022 1306
7023 1306
7024 1380
7025 1351
7026 1357
7027 1333
7028 1305
7029 1296
7030 1268
7031 1306
7032 1282
7033 1281
7034 1385
7035 1348
7036 1338
7037 1356
7038 1367
7039 1351
7040 1351
7041 1331
7042 1342
7043 1347
7044 1342
7045 1345
7046 1348
7047 1354
7048 1318
7049 1311
7050 1319
7051 1381
7052 1346
7053 1346
7054 1350
7055 1354
7056 1349
7057 1346
7058 1353
7059 1342
7060 1343
7061 1343
7062 1321
7063 1282
7064 1299
7065 1296
7066 1293
7067 1284
7068 1329
7069 1362
7070 1360
7071 1347
7072 1317
7073 1302
7074 1283
7075 1301
7076 1286
7077 1283
7078 1281
7079 1295
7080 1285
7081 1298
7082 1403
7083 1360
7084 1342
7085 1342
7086 1341
7087 1349
7088 1336
7089 1358
7090 1338
7091 1358
7092 1343
7093 1349
7094 1332
7095 1399
7096 1292
7097 1262
7098 1235
7099 1282
7100 1364
7101 1365
7102 1356
7103 1350
7104 1333
7105 1328
7106 1354
7107 1347
7108 1348
7109 1343
7110 1349
7111 1339
7112 1341
7113 1323
7114 1316
7115 1299
7116 1285
7117 1367
7118 1359
7119 1351
7120 1358
7121 1348
7122 1353
7123 1355
7124 1355
7125 1340
7126 1360
7127 1268
7128 1249
7129 1254
7130 1262
7131 1368
7132 1360
7133 1361
7134 1308
7135 1299
7136 1276
7137 1373
7138 1355
7139 1361
7140 1347
7141 1312
7142 1308
7143 1282
7144 1363
7145 1367
7146 1351
7147 1339
7148 1346
7149 1336
7150 1335
7151 1354
7152 1344
7153 1341
7154 1335
7155 1326
7156 1346
7157 1322
7158 1326
7159 1315
7160 1293
7161 1371
7162 1358
7163 1324
7164 1353
7165 1343
7166 1346
7167 1351
7168 1310
7169 1307
7170 1297
7171 1303
7172 1363
7173 1356
7174 1327
7175 1356
7176 1330
7177 1357
7178 1346
7179 1328
7180 1337
7181 1369
7182 1304
7183 1299
7184 1303
7185 1370
7186 1363
7187 1343
7188 1348
7189 1313
7190 1300
7191 1289
7192 1297
7193 1297
7194 1304
7195 1304
7196 1354
7197 1342
7198 1336
7199 1343
7200 1336
7201 1342
7202 1359
7203 1315
7204 1313
7205 1285
7206 1370
7207 1371
7208 1371
7209 1361
7210 1334
7211 1299
7212 1297
7213 1382
7214 1364
7215 1351
7216 1350
7217 1317
7218 1334
7219 1341
7220 1256
7221 1231
7222 1227
7223 1308
7224 1313
7225 1302
7226 1314
7227 1357
7228 1352
7229 1341
7230 1333
7231 1345
7232 1339
7233 1325
7234 1334
7235 1347
7236 1338
7237 1326
7238 1305
7239 1304
7240 1366
7241 1348
7242 1370
7243 1356
7244 1350
7245 1362
7246 1351
7247 1341
7248 1304
7249 1289
7250 1314
7251 1293
7252 1266
7253 1289
7254 1311
7255 1295
7256 1294
7257 1371
7258 1365
7259 1354
7260 1354
7261 1316
7262 1300
7263 1277
7264 1287
7265 1277
7266 1281
7267 1284
7268 1369
7269 1362
7270 1346
7271 1332
7272 1307
7273 1302
7274 1289
7275 1302
7276 1292
7277 1302
7278 1380
7279 1362
7280 1359
7281 1336
7282 1331
7283 1320
7284 1277
7285 1284
7286 1283
7287 1295
7288 1279
7289 1383
7290 1360
7291 1366
7292 1327
7293 1302
7294 1288
7295 1280
7296 1282
7297 1265
7298 1299
7299 1381
7300 1360
7301 1348
7302 1345
7303 1348
7304 1331
7305 1335
7306 1325
7307 1317
7308 1286
7309 1299
7310 1302
7311 1277
7312 1295
7313 1365
7314 1348
7315 1360
7316 1372
7317 1354
7318 1357
7319 1357
7320 1330
7321 1346
7322 1332
7323 1354
7324 1346
7325 1341
7326 1352
7327 1339
7328 1344
7329 1338
7330 1314
7331 1306
7332 1313
7333 1307
7334 1295
7335 1292
7336 1316
7337 1374
7338 1357
7339 1346
7340 1336
7341 1284
7342 1284
7343 1292
7344 1305
7345 1297
7346 1285
7347 1376
7348 1354
7349 1353
7350 1374
7351 1332
7352 1346
7353 1367
7354 1329
7355 1314
7356 1284
7357 1291
7358 1293
7359 1299
7360 1295
7361 1382
7362 1364
7363 1340
7364 1346
7365 1626
7366 2844
7367 1355
7368 1344
7369 1321
7370 1298
7371 1307
7372 1308
7373 1289
7374 1368
7375 1359
7376 1357
7377 1364
7378 1346
7379 1352
7380 1336
7381 1333
7382 1311
7383 1282
7384 1315
7385 1300
7386 1284
7387 1297
7388 1381
7389 1377
7390 1354
7391 1348
7392 1288
7393 1303
7394 1301
7395 1381
7396 1348
7397 1371
7398 1356
7399 1354
7400 1348
7401 1359
7402 1314
7403 1314
7404 1305
7405 1296
7406 1283
7407 1286
7408 1378
7409 1354
7410 1342
7411 1316
7412 1299
7413 1305
7414 1286
7415 1383
7416 1395
7417 1351
7418 1336
7419 1320
7420 1293
7421 1304
7422 1296
7423 1289
7424 1281
7425 1310
7426 1303
7427 1294
7428 1303
7429 1378
7430 1369
7431 1360
7432 1318
7433 1304
7434 1296
7435 1319
7436 1386
7437 1367
7438 1351
7439 1356
7440 1358
7441 1333
7442 1356
7443 1347
7444 1349
7445 1359
7446 1324
7447 1320
7448 1300
7449 1301
7450 1304
7451 1295
7452 1279
7453 1376
7454 1371
7455 1360
7456 1341
7457 1350
7458 1340
7459 1346
7460 1344
7461 1349
7462 1332
7463 1312
7464 1318
7465 1306
7466 1302
7467 1291
7468 1292
7469 1291
7470 1400
7471 1362
7472 1342
7473 1359
7474 1337
7475 1342
7476 1360
7477 1331
7478 1309
7479 1317
7480 1306
7481 1301
7482 1300
7483 1303
7484 1372
7485 1355
7486 1372
7487 1324
7488 1309
7489 1307
7490 1399
7491 1361
7492 1352
7493 1337
7494 1332
7495 1301
7496 1294
7497 1292
7498 1300
7499 1299
7500 1281
7501 1370
7502 1363
7503 1339
7504 1350
7505 1355
7506 1348
7507 1341
7508 1332
7509 1303
7510 1273
7511 1298
7512 1297
7513 1298
7514 1294
7515 1381
7516 1370
7517 1362
7518 1318
7519 1307
7520 1283
7521 1271
7522 1411
7523 1355
7524 1348
7525 1329
7526 1317
7527 1307
7528 1286
7529 1305
7530 1275
7531 1299
7532 1389
7533 1357
7534 1358
7535 1358
7536 1350
7537 1339
7538 1352
7539 1314
7540 1321
7541 1274
7542 1394
7543 1354
7544 1341
7545 1356
7546 1319
7547 1308
7548 1304
7549 1384
7550 1372
7551 1349
7552 1352
7553 1351
7554 1339
7555 1336
7556 1367
7557 1338
7558 1350
7559 1333
7560 1312
7561 1296
7562 1301
7563 1301
7564 1310
7565 1293
7566 1290
7567 1289
7568 1285
7569 1284
7570 1375
7571 1349
7572 1351
7573 1342
7574 1333
7575 1338
7576 1348
7577 1328
7578 1305
7579 1305
7580 1299
7581 1293
7582 1309
7583 1309
7584 1375
7585 1343
7586 1348
7587 1354
7588 1315
7589 1304
7590 1297
7591 1282
7592 1300
7593 1297
7594 1385
7595 1364
7596 1368
7597 1322
7598 1299
7599 1298
7600 1286
7601 1379
7602 1357
7603 1358
7604 1313
7605 1324
7606 1307
7607 1310
7608 1372
7609 1368
7610 1346
7611 1338
7612 1316
7613 1303
7614 1373
7615 1368
7616 1352
7617 1360
7618 1368
7619 1345
7620 1350
7621 1343
7622 1315
7623 1302
7624 1282
7625 1384
7626 1376
7627 1365
7628 1311
7629 1309
7630 1295
7631 1300
7632 1384
7633 1368
7634 1335
7635 1364
7636 1316
7637 1309
7638 1302
7639 1295
7640 1286
7641 1294
7642 1381
7643 1364
7644 1374
7645 1328
7646 1293
7647 1287
7648 1322
7649 1366
7650 1369
7651 1347
7652 1322
7653 1306
7654 1315
7655 1293
7656 1302
7657 1300
7658 1293
7659 1382
7660 1377
7661 1365
7662 1322
7663 1276
7664 1299
7665 1306
7666 1363
7667 1352
7668 1362
7669 1357
7670 1345
7671 1351
7672 1362
7673 1323
7674 1316
7675 1301
7676 1381
7677 1360
7678 1336
7679 1351
7680 1348
7681 1355
7682 1349
7683 1335
7684 1300
7685 1280
7686 1308
7687 1276
7688 1285
7689 1294
7690 1375
7691 1376
7692 1355
7693 1328
7694 1301
7695 1283
7696 1367
7697 1361
7698 1357
7699 1368
7700 1322
7701 1302
7702 1306
7703 1387
7704 1362
7705 1350
7706 1358
7707 1364
7708 1341
7709 1348
7710 1310
7711 1309
7712 1297
7713 1296
7714 1307
7715 1298
7716 1283
7717 1379
7718 1369
7719 1340
7720 1324
7721 1307
7722 1297
7723 1289
7724 1378
7725 1360
7726 1359
7727 1359
7728 1354
7729 1332
7730 1336
7731 1289
7732 1266
7733 1257
7734 1307
7735 1311
7736 1297
7737 1293
7738 1386
7739 1351
7740 1360
7741 1319
7742 1323
7743 1326
7744 1307
7745 1295
7746 1292
7747 1307
7748 1392
7749 1418
7750 1375
7751 1342
7752 1295
7753 1298
7754 1272
7755 1371
7756 1349
7757 1361
7758 1333
7759 1305
7760 1289
7761 1304
7762 1285
7763 1280
7764 1289
7765 1394
7766 1373
7767 1376
7768 1340
7769 1306
7770 1292
7771 1296
7772 1297
7773 1307
7774 1298
7775 1366
7776 1351
7777 1368
7778 1427
7779 1384
7780 1367
7781 1372
7782 1319
7783 1311
7784 1298
7785 1285
7786 1291
7787 1298
7788 1281
7789 1388
7790 1366
7791 1365
7792 1355
7793 1348
7794 1378
7795 1317
7796 1305
7797 1304
7798 1288
7799 1372
7800 1361
7801 1340
7802 1326
7803 1315
7804 1285
7805 1291
7806 1288
7807 1302
7808 1293
7809 1359
7810 1354
7811 1337
7812 1355
7813 1359
7814 1356
7815 1370
7816 1257
7817 1269
7818 1237
7819 1258
7820 1380
7821 1367
7822 1352
7823 1360
7824 1357
7825 1349
7826 1342
7827 1294
7828 1299
7829 1291
7830 1375
7831 1359
7832 1359
7833 1339
7834 1292
7835 1296
7836 1310
7837 1364
7838 1379
7839 1352
7840 1323
7841 1316
7842 1300
7843 1297
7844 1275
7845 1287
7846 1286
7847 1378
7848 1363
7849 1356
7850 1361
7851 1349
7852 1333
7853 1353
7854 1333
7855 1305
7856 1293
7857 1394
7858 1344
7859 1355
7860 1341
7861 1333
7862 1340
7863 1323
7864 1341
7865 1326
7866 1316
7867 1318
7868 1285
7869 1309
7870 1310
7871 1381
7872 1357
7873 1346
7874 1358
7875 1340
7876 1306
7877 1302
7878 1292
7879 1281
7880 1278
7881 1316
7882 1287
7883 1292
7884 1383
7885 1364
7886 1339
7887 1360
7888 1358
7889 1354
7890 1341
7891 1361
7892 1354
7893 1322
7894 1336
7895 1346
7896 1349
7897 1361
7898 1330
7899 1306
7900 1298
7901 1306
7902 1289
7903 1294
7904 1307
7905 1387
7906 1375
7907 1356
7908 1324
7909 1298
7910 1277
7911 1315
7912 1382
7913 1365
7914 1375
7915 1308
7916 1284
7917 1291
7918 1300
7919 1388
7920 1354
7921 1372
7922 1319
7923 1310
7924 1303
7925 1293
7926 1291
7927 1300
7928 1295
7929 1371
7930 1352
7931 1345
7932 1351
7933 1360
7934 1349
7935 1345
7936 1390
7937 1332
7938 1310
7939 1307
7940 1303
7941 1280
7942 1305
7943 1393
7944 1350
7945 1355
7946 1354
7947 1346
7948 1367
7949 1334
7950 1295
7951 1295
7952 1281
7953 1306
7954 1303
7955 1284
7956 1369
7957 1365
7958 1343
7959 1308
7960 1304
7961 1296
7962 1295
7963 1360
7964 1345
7965 1348
7966 1350
7967 1346
7968 1343
7969 1358
7970 1331
7971 1313
7972 1302
7973 1312
7974 1281
7975 1278
7976 1279
7977 1366
7978 1369
7979 1344
7980 1351
7981 1348
7982 1344
7983 1374
7984 1309
7985 1288
7986 1298
7987 1309
7988 1302
7989 1293
7990 1373
7991 1364
7992 1408
7993 1362
7994 1334
7995 1311
7996 1308
7997 1272
7998 1277
7999 1278
8000 1299
8001 1306
8002 1297
8003 1317
8004 1449
8005 1393
8006 1374
8007 1309
8008 1317
8009 1294
8010 1311
8011 1377
8012 1378
8013 1336
8014 1332
8015 1311
8016 1289
8017 1303
8018 1301
8019 1288
8020 1303
8021 1378
8022 1373
8023 1358
8024 1358
8025 1338
8026 1332
8027 1297
8028 1296
8029 1306
8030 1286
8031 1318
8032 1360
8033 1366
8034 1360
8035 1362
8036 1346
8037 1355
8038 1359
8039 1309
8040 1314
8041 1290
8042 1371
8043 1354
8044 1340
8045 1330
8046 1321
8047 1296
8048 1296
8049 1291
8050 1286
8051 1302
8052 1373
8053 1359
8054 1348
8055 1353
8056 1343
8057 1354
8058 1359
8059 1322
8060 1304
8061 1293
8062 1330
8063 1358
8064 1362
8065 1347
8066 1358
8067 1343
8068 1338
8069 1280
8070 1260
8071 1238
8072 1251
8073 1364
8074 1363
8075 1356
8076 1353
8077 1358
8078 1343
8079 1342
8080 1313
8081 1299
8082 1288
8083 1291
8084 1272
8085 1276
8086 1321
8087 1382
8088 1371
8089 1365
8090 1362
8091 1350
8092 1359
8093 1376
8094 1280
8095 1258
8096 1252
8097 1395
8098 1370
8099 1348
8100 1359
8101 1360
8102 1361
8103 1376
8104 1297
8105 1307
8106 1289
8107 1308
8108 1282
8109 1291
8110 1372
8111 1351
8112 1345
8113 1342
8114 1356
8115 1336
8116 1343
8117 1373
8118 1307
8119 1301
8120 1318
8121 1315
8122 1298
8123 1301
8124 1371
8125 1375
8126 1358
8127 1358
8128 1337
8129 1355
8130 1338
8131 1323
8132 1304
8133 1289
8134 1304
8135 1291
8136 1298
8137 1290
8138 1309
8139 1296
8140 1297
8141 1364
8142 1351
8143 1350
8144 1352
8145 1354
8146 1354
8147 1354
8148 1317
8149 1316
8150 1306
8151 1301
8152 1274
8153 1299
8154 1297
8155 1393
8156 1379
8157 1366
8158 1339
8159 1321
8160 1321
8161 1308
8162 1372
8163 1355
8164 1350
8165 1316
8166 1319
8167 1301
8168 1302
8169 1283
8170 1285
8171 1287
8172 1366
8173 1356
8174 1349
8175 1363
8176 1323
8177 1317
8178 1296
8179 1301
8180 1296
8181 1315
8182 1305
8183 1383
8184 1383
8185 1372
8186 1318
8187 1304
8188 1310
8189 1287
8190 1294
8191 1296
8192 1296
8193 1398
8194 1370
8195 1351
8196 1349
8197 1325
8198 1300
8199 1280
8200 1299
8201 1297
8202 1296
8203 1376
8204 1356
8205 1364
8206 1361
8207 1309
8208 1318
8209 1302
8210 1380
8211 1343
8212 1353
8213 1345
8214 1336
8215 1337
8216 1347
8217 1330
8218 1296
8219 1309
8220 1393
8221 1358
8222 1338
8223 1361
8224 1294
8225 1300
8226 1300
8227 1377
8228 1347
8229 1366
8230 1356
8231 1346
8232 1363
8233 1355
8234 1342
8235 1314
8236 1291
8237 1303
8238 1294
8239 1306
8240 1299
8241 1368
8242 1364
8243 1358
8244 1306
8245 1307
8246 1289
8247 1282
8248 1377
8249 1364
8250 1341
8251 1368
8252 1342
8253 1350
8254 1344
8255 1342
8256 1345
8257 1349
8258 1313
8259 1295
8260 1312
8261 1290
8262 1387
8263 1340
8264 1349
8265 1319
8266 1299
8267 1276
8268 1282
8269 1283
8270 1297
8271 1291
8272 1304
8273 1290
8274 1294
8275 1388
8276 1355
8277 1342
8278 1333
8279 1349
8280 1337
8281 1344
8282 1317
8283 1304
8284 1293
8285 1295
8286 1301
8287 1297
8288 1282
8289 1380
8290 1366
8291 1336
8292 1342
8293 1353
8294 1344
8295 1340
8296 1317
8297 1326
8298 1309
8299 1305
8300 1290
8301 1274
8302 1305
8303 1371
8304 1368
8305 1354
8306 1358
8307 1350
8308 1345
8309 1344
8310 1343
8311 1338
8312 1340
8313 1312
8314 1311
8315 1290
8316 1311
8317 1288
8318 1302
8319 1295
8320 1358
8321 1350
8322 1348
8323 1344
8324 1337
8325 1336
8326 1335
8327 1281
8328 1270
8329 1257
8330 1313
8331 1307
8332 1299
8333 1329
8334 1388
8335 1367
8336 1362
8337 1362
8338 1353
8339 1353
8340 1321
8341 1297
8342 1286
8343 1292
8344 1361
8345 1364
8346 1335
8347 1340
8348 1300
8349 1295
8350 1301
8351 1387
8352 1361
8353 1353
8354 1333
8355 1301
8356 1286
8357 1317
8358 1364
8359 1362
8360 1345
8361 1364
8362 1338
8363 1323
8364 1353
8365 1344
8366 1352
8367 1344
8368 1324
8369 1314
8370 1294
8371 1285
8372 1285
8373 1273
8374 1271
8375 1369
8376 1358
8377 1348
8378 1362
8379 1298
8380 1299
8381 1285
8382 1325
8383 1360
8384 1345
8385 1345
8386 1343
8387 1340
8388 1339
8389 1328
8390 1325
8391 1344
8392 1323
8393 1301
8394 1316
8395 1356
8396 1364
8397 1366
8398 1374
8399 1331
8400 1353
8401 1347
8402 1267
8403 1254
8404 1234
8405 1319
8406 1308
8407 1302
8408 1291
8409 1377
8410 1369
8411 1349
8412 1325
8413 1299
8414 1299
8415 1308
8416 1335
8417 1297
8418 1314
8419 1380
8420 1359
8421 1346
8422 1353
8423 1314
8424 1301
8425 1299
8426 1292
8427 1295
8428 1264
8429 1281
8430 1358
8431 1359
8432 1352
8433 1362
8434 1352
8435 1342
8436 1342
8437 1326
8438 1308
8439 1300
8440 1296
8441 1278
8442 1284
8443 1308
8444 1373
8445 1350
8446 1346
8447 1360
8448 1331
8449 1330
8450 1356
8451 1345
8452 1348
8453 1341
8454 1309
8455 1299
8456 1283
8457 1303
8458 1282
8459 1285
8460 1288
8461 1408
8462 1370
8463 1334
8464 1341
8465 1350
8466 1366
8467 1340
8468 1344
8469 1339
8470 1345
8471 1285
8472 1270
8473 1252
8474 1307
8475 1298
8476 1295
8477 1283
8478 1386
8479 1372
8480 1362
8481 1333
8482 1320
8483 1303
8484 1285
8485 1291
8486 1305
8487 1295
8488 1375
8489 1347
8490 1359
8491 1354
8492 1368
8493 1345
8494 1345
8495 1370
8496 1358
8497 1339
8498 1357
8499 1328
8500 1306
8501 1297
8502 1282
8503 1298
8504 1291
8505 1289
8506 1386
8507 1370
8508 1349
8509 1330
8510 1311
8511 1302
8512 1303
8513 1364
8514 1362
8515 1344
8516 1342
8517 1351
8518 1353
8519 1334
8520 1346
8521 1335
8522 1345
8523 1362
8524 1287
8525 1250
8526 1246
8527 1373
8528 1362
8529 1351
8530 1350
8531 1358
8532 1349
8533 1337
8534 1317
8535 1299
8536 1302
8537 1391
8538 1362
8539 1331
8540 1321
8541 1289
8542 1307
8543 1288
8544 1296
8545 1284
8546 1336
8547 1388
8548 1361
8549 1350
8550 1366
8551 1366
8552 1307
8553 1295
8554 1392
8555 1351
8556 1348
8557 1361
8558 1353
8559 1340
8560 1377
8561 1318
8562 1309
8563 1287
8564 1292
8565 1310
8566 1294
8567 1282
8568 1382
8569 1350
8570 1348
8571 1356
8572 1324
8573 1327
8574 1329
8575 1329
8576 1306
8577 1298
8578 1299
8579 1287
8580 1280
8581 1286
8582 1284
8583 1292
8584 1289
8585 1301
8586 1370
8587 1360
8588 1349
8589 1353
8590 1348
8591 1349
8592 1356
8593 1317
8594 1286
8595 1282
8596 1275
8597 1283
8598 1276
8599 1376
8600 1366
8601 1350
8602 1317
8603 1317
8604 1294
8605 1315
8606 1294
8607 1292
8608 1294
8609 1302
8610 1313
8611 1305
8612 1377
8613 1356
8614 1356
8615 1352
8616 1348
8617 1335
8618 1347
8619 1316
8620 1292
8621 1306
8622 1311
8623 1365
8624 1381
8625 1362
8626 1323
8627 1314
8628 1289
8629 1370
8630 1362
8631 1347
8632 1341
8633 1319
8634 1296
8635 1313
8636 1308
8637 1291
8638 1293
8639 1306
8640 1381
8641 1370
8642 1353
8643 1315
8644 1307
8645 1299
8646 1289
8647 1284
8648 1306
8649 1289
8650 1382
8651 1374
8652 1343
8653 1353
8654 1333
8655 1305
8656 1289
8657 1313
8658 1291
8659 1293
8660 1298
8661 1377
8662 1362
8663 1335
8664 1318
8665 1311
8666 1305
8667 1291
8668 1377
8669 1365
8670 1358
8671 1336
8672 1312
8673 1304
8674 1291
8675 1295
8676 1281
8677 1294
8678 1390
8679 1340
8680 1344
8681 1353
8682 1356
8683 1345
8684 1348
8685 1312
8686 1314
8687 1282
8688 1282
8689 1301
8690 1295
8691 1283
8692 1381
8693 1363
8694 1361
8695 1356
8696 1369
8697 1349
8698 1353
8699 1342
8700 1347
8701 1351
8702 1384
8703 1307
8704 1311
8705 1297
8706 1304
8707 1310
8708 1300
8709 1369
8710 1372
8711 1341
8712 1351
8713 1359
8714 1342
8715 1360
8716 1347
8717 1348
8718 1331
8719 1341
8720 1364
8721 1311
8722 1316
8723 1370
8724 1346
8725 1345
8726 1349
8727 1341
8728 1339
8729 1357
8730 1318
8731 1296
8732 1292
8733 1309
8734 1287
8735 1275
8736 1287
8737 1374
8738 1369
8739 1341
8740 1318
8741 1288
8742 1288
8743 1295
8744 1375
8745 1353
8746 1337
8747 1326
8748 1347
8749 1385
8750 1357
8751 1350
8752 1336
8753 1354
8754 1364
8755 1307
8756 1314
8757 1395
8758 1360
8759 1347
8760 1363
8761 1346
8762 1333
8763 1310
8764 1318
8765 1309
8766 1314
8767 1302
8768 1302
8769 1284
8770 1282
8771 1378
8772 1359
8773 1349
8774 1341
8775 1359
8776 1346
8777 1331
8778 1305
8779 1300
8780 1300
8781 1292
8782 1370
8783 1376
8784 1353
8785 1304
8786 1298
8787 1289
8788 1283
8789 1383
8790 1361
8791 1365
8792 1320
8793 1299
8794 1286
8795 1291
8796 1373
8797 1351
8798 1338
8799 1343
8800 1335
8801 1352
8802 1361
8803 1345
8804 1340
8805 1365
8806 1333
8807 1302
8808 1299
8809 1309
8810 1288
8811 1292
8812 1286
8813 1380
8814 1369
8815 1349
8816 1344
8817 1300
8818 1304
8819 1292
8820 1296
8821 1267
8822 1278
8823 1374
8824 1357
8825 1339
8826 1345
8827 1331
8828 1338
8829 1345
8830 1320
8831 1323
8832 1298
8833 1315
8834 1289
8835 1284
8836 1287
8837 1381
8838 1346
8839 1345
8840 1322
8841 1290
8842 1288
8843 1291
8844 1368
8845 1358
8846 1347
8847 1315
8848 1295
8849 1288
8850 1303
8851 1365
8852 1354
8853 1335
8854 1349
8855 1353
8856 1344
8857 1348
8858 1308
8859 1297
8860 1286
8861 1376
8862 1350
8863 1335
8864 1349
8865 1345
8866 1351
8867 1330
8868 1303
8869 1306
8870 1277
8871 1390
8872 1358
8873 1363
8874 1340
8875 1319
8876 1304
8877 1311
8878 1393
8879 1355
8880 1350
8881 1350
8882 1370
8883 1336
8884 1351
8885 1334
8886 1334
8887 1336
8888 1381
8889 1374
8890 1317
8891 1321
8892 1386
8893 1362
8894 1349
8895 1330
8896 1338
8897 1363
8898 1354
8899 1319
8900 1288
8901 1292
8902 1297
8903 1284
8904 1293
8905 1286
8906 1371
8907 1361
8908 1349
8909 1371
8910 1345
8911 1340
8912 1361
8913 1265
8914 1256
8915 1244
8916 1406
8917 1350
8918 1357
8919 1354
8920 1325
8921 1303
8922 1307
8923 1301
8924 1301
8925 1284
8926 1293
8927 1296
8928 1281
8929 1283
8930 1302
8931 1296
8932 1295
8933 1399
8934 1353
8935 1330
8936 1351
8937 1328
8938 1328
8939 1350
8940 1331
8941 1282
8942 1281
8943 1280
8944 1278
8945 1286
8946 1293
8947 1363
8948 1362
8949 1345
8950 1319
8951 1315
8952 1289
8953 1301
8954 1391
8955 1363
8956 1362
8957 1310
8958 1306
8959 1287
8960 1307
8961 1377
8962 1372
8963 1347
8964 1369
8965 1348
8966 1337
8967 1360
8968 1295
8969 1295
8970 1305
8971 1381
8972 1371
8973 1346
8974 1348
8975 1350
8976 1350
8977 1340
8978 1351
8979 1342
8980 1362
8981 1340
8982 1337
8983 1335
8984 1336
8985 1356
8986 1329
8987 1315
8988 1318
8989 1285
8990 1287
8991 1394
8992 1383
8993 1362
8994 1348
8995 1336
8996 1314
8997 1297
8998 1299
8999 1299
9000 1308
9001 1298
9002 1382
9003 1372
9004 1337
9005 1347
9006 1345
9007 1351
9008 1366
9009 1330
9010 1314
9011 1313
9012 1382
9013 1371
9014 1344
9015 1322
9016 1313
9017 1311
9018 1295
9019 1310
9020 1301
9021 1274
9022 1275
9023 1279
9024 1285
9025 1281
9026 1379
9027 1358
9028 1344
9029 1343
9030 1355
9031 1355
9032 1596
9033 2490
9034 1325
9035 1318
9036 1311
9037 1293
9038 1299
9039 1395
9040 1367
9041 1337
9042 1348
9043 1353
9044 1352
9045 1345
9046 1368
9047 1349
9048 1346
9049 1354
9050 1360
9051 1340
9052 1332
9053 1383
9054 1286
9055 1272
9056 1261
9057 1325
9058 1301
9059 1301
9060 1378
9061 1365
9062 1349
9063 1343
9064 1342
9065 1345
9066 1348
9067 1311
9068 1311
9069 1295
9070 1372
9071 1364
9072 1340
9073 1338
9074 1330
9075 1326
9076 1343
9077 1350
9078 1346
9079 1334
9080 1341
9081 1330
9082 1319
9083 1302
9084 1289
9085 1297
9086 1278
9087 1275
9088 1386
9089 1360
9090 1357
9091 1375
9092 1359
9093 1353
9094 1317
9095 1294
9096 1286
9097 1303
9098 1375
9099 1374
9100 1342
9101 1316
9102 1323
9103 1294
9104 1312
9105 1360
9106 1357
9107 1346
9108 1363
9109 1345
9110 1340
9111 1321
9112 1313
9113 1304
9114 1302
9115 1371
9116 1359
9117 1355
9118 1362
9119 1347
9120 1336
9121 1361
9122 1326
9123 1312
9124 1300
9125 1374
9126 1353
9127 1347
9128 1366
9129 1340
9130 1355
9131 1358
9132 1339
9133 1360
9134 1344
9135 1368
9136 1346
9137 1340
9138 1359
9139 1333
9140 1338
9141 1342
9142 1269
9143 1289
9144 1293
9145 1392
9146 1372
9147 1350
9148 1367
9149 1322
9150 1301
9151 1291
9152 1297
9153 1287
9154 1283
9155 1293
9156 1290
9157 1299
9158 1292
9159 1373
9160 1358
9161 1356
9162 1354
9163 1321
9164 1340
9165 1337
9166 1349
9167 1346
9168 1328
9169 1316
9170 1300
9171 1275
9172 1291
9173 1388
9174 1356
9175 1334
9176 1358
9177 1326
9178 1353
9179 1345
9180 1346
9181 1352
9182 1340
9183 1307
9184 1312
9185 1271
9186 1371
9187 1362
9188 1346
9189 1339
9190 1332
9191 1338
9192 1352
9193 1324
9194 1295
9195 1283
9196 1291
9197 1296
9198 1303
9199 1295
9200 1368
9201 1357
9202 1345
9203 1348
9204 1345
9205 1339
9206 1323
9207 1317
9208 1298
9209 1294
9210 1359
9211 1365
9212 1363
9213 1349
9214 1349
9215 1343
9216 1325
9217 1294
9218 1319
9219 1299
9220 1359
9221 1352
9222 1346
9223 1358
9224 1324
9225 1307
9226 1290
9227 1369
9228 1372
9229 1354
9230 1343
9231 1320
9232 1313
9233 1316
9234 1383
9235 1361
9236 1361
9237 1354
9238 1343
9239 1350
9240 1348
9241 1300
9242 1299
9243 1308
9244 1384
9245 1372
9246 1339
9247 1336
9248 1311
9249 1304
9250 1309
9251 1383
9252 1353
9253 1349
9254 1355
9255 1363
9256 1349
9257 1326
9258 1358
9259 1342
9260 1339
9261 1342
9262 1320
9263 1305
9264 1305
9265 1292
9266 1297
9267 1296
9268 1384
9269 1349
9270 1341
9271 1358
9272 1359
9273 1331
9274 1335
9275 1285
9276 1305
9277 1297
9278 1313
9279 1373
9280 1368
9281 1352
9282 1339
9283 1336
9284 1340
9285 1259
9286 1262
9287 1254
9288 1235
9289 1375
9290 1345
9291 1347
9292 1346
9293 1368
9294 1348
9295 1342
9296 1314
9297 1308
9298 1296
9299 1383
9300 1355
9301 1359
9302 1343
9303 1316
9304 1307
9305 1299
9306 1378
9307 1350
9308 1364
9309 1351
9310 1328
9311 1317
9312 1286
9313 1383
9314 1355
9315 1349
9316 1341
9317 1348
9318 1348
9319 1338
9320 1320
9321 1286
9322 1274
9323 1301
9324 1293
9325 1294
9326 1286
9327 1362
9328 1355
9329 1365
9330 1317
9331 1302
9332 1284
9333 1288
9334 1387
9335 1360
9336 1347
9337 1370
9338 1380
9339 1348
9340 1337
9341 1316
9342 1322
9343 1278
9344 1300
9345 1294
9346 1290
9347 1282
9348 1365
9349 1355
9350 1335
9351 1344
9352 1330
9353 1364
9354 1364
9355 1314
9356 1305
9357 1302
9358 1357
9359 1373
9360 1362
9361 1374
9362 1339
9363 1342
9364 1346
9365 1341
9366 1336
9367 1338
9368 1361
9369 1351
9370 1331
9371 1364
9372 1313
9373 1293
9374 1294
9375 1304
9376 1291
9377 1291
9378 1396
9379 1367
9380 1369
9381 1361
9382 1313
9383 1307
9384 1318
9385 1375
9386 1369
9387 1359
9388 1358
9389 1337
9390 1329
9391 1361
9392 1323
9393 1305
9394 1291
9395 1367
9396 1365
9397 1346
9398 1343
9399 1320
9400 1307
9401 1304
9402 1384
9403 1363
9404 1344
9405 1343
9406 1329
9407 1311
9408 1323
9409 1374
9410 1353
9411 1343
9412 1363
9413 1325
9414 1303
9415 1300
9416 1406
9417 1363
9418 1350
9419 1358
9420 1324
9421 1312
9422 1288
9423 1377
9424 1357
9425 1344
9426 1354
9427 1356
9428 1341
9429 1356
9430 1305
9431 1322
9432 1290
9433 1366
9434 1372
9435 1344
9436 1347
9437 1313
9438 1312
9439 1298
9440 1364
9441 1342
9442 1353
9443 1437
9444 1360
9445 1313
9446 1283
9447 1367
9448 1371
9449 1341
9450 1372
9451 1343
9452 1338
9453 1342
9454 1318
9455 1323
9456 1294
9457 1376
9458 1362
9459 1344
9460 1344
9461 1307
9462 1311
9463 1288
9464 1379
9465 1369
9466 1351
9467 1361
9468 1334
9469 1340
9470 1366
9471 1276
9472 1241
9473 1241
9474 1242
9475 1380
9476 1360
9477 1361
9478 1338
9479 1348
9480 1345
9481 1365
9482 1357
9483 1350
9484 1355
9485 1335
9486 1309
9487 1286
9488 1302
9489 1293
9490 1287
9491 1281
9492 1364
9493 1369
9494 1346
9495 1339
9496 1327
9497 1339
9498 1346
9499 1318
9500 1316
9501 1290
9502 1282
9503 1284
9504 1282
9505 1402
9506 1366
9507 1353
9508 1343
9509 1352
9510 1341
9511 1339
9512 1344
9513 1349
9514 1332
9515 1346
9516 1346
9517 1349
9518 1355
9519 1317
9520 1306
9521 1300
9522 1274
9523 1373
9524 1356
9525 1333
9526 1352
9527 1364
9528 1518
9529 1360
9530 1313
9531 1300
9532 1354
9533 1329
9534 1337
9535 1316
9536 1434
9537 1410
9538 1395
9539 1335
9540 1348
9541 1305
9542 1360
9543 1314
9544 1309
9545 1288
9546 1366
9547 1319
9548 1292
9549 1314
9550 1373
9551 1372
9552 1341
9553 1361
9554 1338
9555 1360
9556 1330
9557 1348
9558 1354
9559 1345
9560 1312
9561 1300
9562 1296
9563 1283
9564 1277
9565 1289
9566 1283
9567 1367
9568 1362
9569 1368
9570 1358
9571 1313
9572 1318
9573 1304
9574 1363
9575 1345
9576 1330
9577 1314
9578 1312
9579 1326
9580 1317
9581 1377
9582 1377
9583 1357
9584 1356
9585 1344
9586 1361
9587 1322
9588 1292
9589 1306
9590 1303
9591 1395
9592 1381
9593 1356
9594 1356
9595 1357
9596 1356
9597 1371
9598 1327
9599 1311
9600 1291
9601 1295
9602 1293
9603 1288
9604 1276
9605 1377
9606 1356
9607 1354
9608 1358
9609 1333
9610 1345
9611 1283
9612 1254
9613 1248
9614 1244
9615 1397
9616 1358
9617 1343
9618 1342
9619 1340
9620 1327
9621 1373
9622 1309
9623 1291
9624 1283
9625 1393
9626 1376
9627 1359
9628 1317
9629 1299
9630 1315
9631 1311
9632 1397
9633 1376
9634 1375
9635 1339
9636 1296
9637 1297
9638 1297
9639 1379
9640 1371
9641 1337
9642 1372
9643 1326
9644 1347
9645 1356
9646 1308
9647 1303
9648 1288
9649 1392
9650 1354
9651 1349
9652 1331
9653 1299
9654 1304
9655 1296
9656 1386
9657 1360
9658 1352
9659 1314
9660 1307
9661 1294
9662 1303
9663 1360
9664 1363
9665 1351
9666 1348
9667 1349
9668 1343
9669 1341
9670 1289
9671 1254
9672 1225
9673 1393
9674 1337
9675 1344
9676 1352
9677 1341
9678 1341
9679 1355
9680 1324
9681 1310
9682 1286
9683 1295
9684 1309
9685 1295
9686 1278
9687 1299
9688 1306
9689 1288
9690 1387
9691 1379
9692 1352
9693 1355
9694 1357
9695 1350
9696 1346
9697 1323
9698 1329
9699 1313
9700 1311
9701 1291
9702 1284
9703 1282
9704 1363
9705 1362
9706 1375
9707 1343
9708 1315
9709 1303
9710 1298
9711 1382
9712 1363
9713 1345
9714 1322
9715 1312
9716 1298
9717 1369
9718 1356
9719 1344
9720 1347
9721 1357
9722 1342
9723 1338
9724 1341
9725 1335
9726 1330
9727 1357
9728 1367
9729 1302
9730 1289
9731 1291
9732 1281
9733 1294
9734 1304
9735 1372
9736 1340
9737 1349
9738 1350
9739 1342
9740 1352
9741 1342
9742 1349
9743 1359
9744 1347
9745 1338
9746 1342
9747 1337
9748 1350
9749 1374
9750 1348
9751 1349
9752 1309
9753 1291
9754 1289
9755 1303
9756 1290
9757 1287
9758 1328
9759 1381
9760 1365
9761 1384
9762 1359
9763 1341
9764 1352
9765 1248
9766 1259
9767 1235
9768 1256
9769 1362
9770 1366
9771 1351
9772 1364
9773 1348
9774 1329
9775 1351
9776 1369
9777 1303
9778 1310
9779 1298
9780 1275
9781 1285
9782 1381
9783 1365
9784 1343
9785 1331
9786 1319
9787 1309
9788 1285
9789 1290
9790 1294
9791 1287
9792 1296
9793 1387
9794 1355
9795 1360
9796 1308
9797 1295
9798 1288
9799 1285
9800 1396
9801 1350
9802 1358
9803 1312
9804 1318
9805 1303
9806 1380
9807 1364
9808 1344
9809 1348
9810 1324
9811 1303
9812 1285
9813 1301
9814 1286
9815 1294
9816 1304
9817 1375
9818 1356
9819 1341
9820 1352
9821 1341
9822 1345
9823 1320
9824 1313
9825 1321
9826 1372
9827 1387
9828 1365
9829 1356
9830 1312
9831 1315
9832 1296
9833 1303
9834 1387
9835 1353
9836 1334
9837 1330
9838 1304
9839 1299
9840 1296
9841 1289
9842 1290
9843 1269
9844 1372
9845 1348
9846 1347
9847 1356
9848 1330
9849 1311
9850 1299
9851 1305
9852 1277
9853 1285
9854 1286
9855 1300
9856 1303
9857 1299
9858 1375
9859 1378
9860 1348
9861 1313
9862 1300
9863 1269
9864 1283
9865 1384
9866 1366
9867 1351
9868 1352
9869 1339
9870 1343
9871 1353
9872 1318
9873 1308
9874 1295
9875 1307
9876 1294
9877 1293
9878 1313
9879 1392
9880 1350
9881 1347
9882 1360
9883 1342
9884 1334
9885 1347
9886 1342
9887 1338
9888 1341
9889 1369
9890 1338
9891 1359
9892 1262
9893 1255
9894 1233
9895 1239
9896 1386
9897 1353
9898 1345
9899 1375
9900 1354
9901 1348
9902 1352
9903 1333
9904 1333
9905 1360
9906 1306
9907 1307
9908 1266
9909 1284
9910 1290
9911 1289
9912 1333
9913 1307
9914 1285
9915 1290
9916 1366
9917 1360
9918 1353
9919 1349
9920 1339
9921 1332
9922 1367
9923 1311
9924 1290
9925 1295
9926 1299
9927 1292
9928 1304
9929 1320
9930 1362
9931 1343
9932 1365
9933 1349
9934 1341
9935 1353
9936 1321
9937 1327
9938 1310
9939 1316
9940 1349
9941 1348
9942 1379
9943 1321
9944 1280
9945 1288
9946 1303
9947 1368
9948 1372
9949 1343
9950 1328
9951 1310
9952 1277
9953 1385
9954 1346
9955 1353
9956 1354
9957 1369
9958 1350
9959 1336
9960 1350
9961 1357
9962 1353
9963 1323
9964 1323
9965 1340
9966 1325
9967 1299
9968 1309
9969 1281
9970 1360
9971 1350
9972 1347
9973 1331
9974 1305
9975 1307
9976 1301
9977 1297
9978 1294
9979 1289
9980 1301
9981 1373
9982 1376
9983 1374
9984 1326
9985 1299
9986 1291
9987 1316
9988 1374
9989 1359
9990 1375
9991 1304
9992 1309
9993 1311
9994 1395
9995 1354
9996 1345
9997 1360
9998 1357
9999 1335
# sum: 1405
# min: 1120
# max: 2860
# err cnt: 12
