1120 2
1125 5
1126 3
1127 1
1128 2
1129 1
1130 2
1131 1
1133 4
1134 4
1135 6
1136 3
1137 3
1138 8
1139 6
1140 6
1141 6
1142 9
1143 9
1144 7
1154 1
1156 1
1157 6
1158 4
1159 7
1160 9
1161 4
1162 12
1163 18
1164 14
1165 16
1166 13
1167 17
1168 31
1169 21
1170 31
1171 37
1172 30
1173 37
1174 37
1175 40
1176 39
1177 40
1178 40
1179 47
1180 38
1181 31
1182 36
1183 45
1184 32
1185 28
1186 31
1187 31
1188 25
1189 26
1190 21
1191 18
1192 25
1193 26
1194 29
1195 30
1196 29
1197 24
1198 19
1199 17
1200 17
1201 20
1202 20
1203 14
1204 14
1205 15
1206 5
1207 6
1208 6
1209 11
1210 12
1211 8
1212 6
1213 2
1214 10
1215 3
1216 7
1217 4
1218 9
1219 6
1220 7
1221 4
1222 4
1223 3
1224 1
1225 4
1226 3
1227 9
1228 4
1229 7
1230 6
1231 4
1232 4
1233 4
1234 7
1235 5
1236 7
1237 6
1238 1
1239 2
1240 4
1241 5
1242 6
1243 6
1244 5
1245 5
1246 8
1247 1
1248 7
1249 7
1250 8
1251 5
1252 10
1253 2
1254 15
1255 8
1256 5
1257 5
1258 5
1259 4
1260 5
1261 7
1262 8
1263 3
1264 5
1265 5
1266 10
1267 7
1268 6
1269 10
1270 6
1271 11
1272 10
1273 10
1274 16
1275 16
1276 22
1277 23
1278 30
1279 29
1280 30
1281 53
1282 57
1283 52
1284 52
1285 60
1286 71
1287 56
1288 71
1289 89
1290 74
1291 73
1292 84
1293 93
1294 86
1295 102
1296 96
1297 87
1298 84
1299 122
1300 92
1301 91
1302 97
1303 90
1304 85
1305 79
1306 82
1307 82
1308 71
1309 76
1310 52
1311 61
1312 58
1313 64
1314 54
1315 47
1316 57
1317 57
1318 41
1319 39
1320 29
1321 38
1322 34
1323 36
1324 37
1325 32
1326 36
1327 34
1328 37
1329 31
1330 44
1331 38
1332 45
1333 51
1334 39
1335 51
1336 63
1337 65
1338 63
1339 69
1340 78
1341 89
1342 87
1343 101
1344 93
1345 109
1346 104
1347 105
1348 124
1349 114
1350 118
1351 95
1352 90
1353 99
1354 102
1355 90
1356 100
1357 82
1358 88
1359 90
1360 94
1361 66
1362 82
1363 66
1364 85
1365 57
1366 55
1367 47
1368 56
1369 51
1370 42
1371 52
1372 56
1373 39
1374 50
1375 39
1376 30
1377 38
1378 31
1379 29
1380 26
1381 47
1382 25
1383 30
1384 27
1385 19
1386 18
1387 18
1388 19
1389 6
1390 10
1391 10
1392 12
1393 11
1394 13
1395 10
1396 12
1397 7
1398 4
1399 7
1400 3
1401 1
1402 3
1403 4
1404 2
1405 2
1406 3
1408 5
1410 1
1411 1
1412 1
1413 1
1416 1
1417 1
1418 2
1421 1
1427 2
1429 1
1430 1
1432 1
1434 2
1437 1
1445 1
1447 1
1449 1
1518 1
1591 1
1596 1
1626 1
1929 1
1930 1
1932 2
1933 3
1934 1
1935 2
1936 4
1937 1
1938 10
1939 7
1940 11
1941 7
1942 13
1943 10
1944 16
1945 11
1946 10
1947 15
1948 14
1949 16
1950 12
1951 25
1952 15
1953 16
1954 18
1955 13
1956 18
1957 21
1958 11
1959 11
1960 19
1961 8
1962 10
1963 12
1964 8
1965 8
1966 6
1967 8
1968 4
1969 11
1970 12
1971 10
1972 14
1973 10
1974 3
1975 8
1976 9
1977 6
1978 9
1979 8
1980 2
1981 6
1982 5
1983 5
1984 6
1985 2
1986 7
1987 3
1988 6
1989 2
1990 1
1991 1
1992 2
1994 2
1995 1
1997 1
2001 3
2002 1
2005 2
2006 1
2008 2
2009 1
2010 1
2017 2
2021 1
2041 1
2046 1
2456 1
2490 1
2688 1
2691 3
2692 1
2693 2
2694 3
2695 2
2696 4
2697 6
2698 5
2699 5
2700 11
2701 5
2702 1
2703 6
2704 9
2705 9
2706 10
2707 10
2708 12
2709 13
2710 12
2711 14
2712 16
2713 12
2714 22
2715 11
2716 12
2717 13
2718 16
2719 16
2720 5
2721 15
2722 12
2723 8
2724 12
2725 9
2726 9
2727 8
2728 10
2729 8
2730 7
2731 3
2732 4
2733 7
2734 6
2735 8
2736 6
2737 8
2738 5
2739 4
2740 4
2741 2
2742 2
2743 2
2744 1
2745 1
2746 1
2748 3
2749 1
2750 1
2752 3
2755 1
2758 1
2768 1
2774 1
2782 1
2844 1
2860 1
