0 4308
1 4280
2 4264
3 4280
4 4271
5 4277
6 4269
7 4277
8 4269
9 4277
10 4269
11 4277
12 4263
13 4277
14 4274
15 4262
16 4266
17 4275
18 4266
19 4274
20 4266
21 4274
22 4266
23 4274
24 4266
25 4261
26 4266
27 4274
28 4266
29 4275
30 4266
31 4275
32 4266
33 4274
34 4266
35 4274
36 4269
37 4275
38 4266
39 4274
40 4266
41 4274
42 4266
43 4261
44 4269
45 4275
46 4266
47 4274
48 4266
49 4275
50 4266
51 4261
52 4266
53 4274
54 4266
55 4274
56 4266
57 4276
58 4274
59 4297
60 4273
61 4271
62 4269
63 4275
64 4267
65 4275
66 4267
67 4277
68 4268
69 4275
70 4282
71 4277
72 4267
73 4275
74 4309
75 4332
76 4331
77 4322
78 4277
79 4274
80 4277
81 4277
82 4270
83 4275
84 4266
85 4274
86 4267
87 4277
88 4310
89 4334
90 4331
91 4332
92 4331
93 4321
94 4266
95 4275
96 4266
97 4275
98 4266
99 4275
100 4309
101 4332
102 4331
103 4333
104 4331
105 4331
106 4336
107 4334
108 4331
109 4332
110 4331
111 4331
112 4331
113 4332
114 4331
115 4321
116 4309
117 4321
118 4309
119 4322
120 4266
121 4275
122 4267
123 4275
124 4309
125 4333
126 4331
127 4321
128 4309
129 4321
130 4309
131 4332
132 4331
133 4331
134 4331
135 4331
136 4331
137 4331
138 4331
139 4321
140 4309
141 4321
142 4309
143 4332
144 4331
145 4321
146 4310
147 4324
148 4309
149 4321
150 4309
151 4321
152 4267
153 4277
154 4309
155 4332
156 4331
157 4321
158 4309
159 4322
160 4276
161 4275
162 4267
163 4278
164 4268
165 4261
166 4260
167 4275
168 4266
169 4275
170 4267
171 4274
172 4267
173 4274
174 4267
175 4275
176 4267
177 4275
178 4266
179 4275
180 4267
181 4275
182 4266
183 4261
184 4309
185 4322
186 4266
187 4275
188 4309
189 4323
190 4265
191 4275
192 4309
193 4322
194 4309
195 4331
196 4331
197 4321
198 4269
199 4275
200 4309
201 4331
202 4331
203 4331
204 4331
205 4322
206 4293
207 4276
208 4270
209 4275
210 4270
211 4277
212 4267
213 4274
214 4266
215 4274
216 4269
217 4275
218 4266
219 4274
220 4269
221 4274
222 4266
223 4277
224 4266
225 4276
226 4266
227 4274
228 4266
229 4275
230 4266
231 4274
232 4267
233 4275
234 4266
235 4275
236 4266
237 4274
238 4266
239 4274
240 4266
241 4275
242 4266
243 4274
244 4266
245 4274
246 4266
247 4275
248 4266
249 4279
250 4276
251 4276
252 4266
253 4274
254 4266
255 4274
256 4266
257 4276
258 4266
259 4274
260 4266
261 4274
262 4266
263 4274
264 4266
265 4275
266 4266
267 4276
268 4276
269 4276
270 4266
271 4275
272 4266
273 4274
274 4266
275 4278
276 4265
277 4277
278 4266
279 4274
280 4266
281 4274
282 4265
283 4274
284 4266
285 4275
286 4266
287 4275
288 4309
289 4321
290 4266
291 4275
292 4266
293 4275
294 4266
295 4261
296 4266
297 4275
298 4266
299 4275
300 4266
301 4275
302 4270
303 4274
304 4266
305 4275
306 4269
307 4273
308 4332
309 4331
310 4331
311 4322
312 4266
313 4274
314 4309
315 4321
316 4266
317 4275
318 4268
319 4275
320 4266
321 4261
322 4266
323 4275
324 4266
325 4275
326 4266
327 4261
328 4266
329 4261
330 4309
331 4321
332 4266
333 4275
334 4266
335 4275
336 4266
337 4275
338 4309
339 4324
340 4267
341 4261
342 4278
343 4321
344 4309
345 4321
346 4309
347 4332
348 4331
349 4332
350 4332
351 4333
352 4331
353 4331
354 4331
355 4331
356 4331
357 4331
358 4331
359 4332
360 4331
361 4333
362 4330
363 4321
364 4309
365 4331
366 4331
367 4322
368 4309
369 4321
370 4266
371 4275
372 4266
373 4275
374 4266
375 4275
376 4266
377 4274
378 4266
379 4275
380 4266
381 4274
382 4266
383 4275
384 4266
385 4275
386 4266
387 4275
388 4269
389 4275
390 4309
391 4322
392 4309
393 4320
394 4266
395 4275
396 4266
397 4275
398 4266
399 4274
400 4266
401 4274
402 4266
403 4275
404 4267
405 4274
406 4266
407 4274
408 4266
409 4273
410 4266
411 4260
412 4266
413 4274
414 4266
415 4274
416 4266
417 4274
418 4266
419 4274
420 4266
421 4274
422 4266
423 4274
424 4266
425 4275
426 4269
427 4274
428 4269
429 4276
430 4265
431 4275
432 4266
433 4274
434 4266
435 4274
436 4266
437 4275
438 4266
439 4274
440 4266
441 4274
442 4266
443 4275
444 4269
445 4274
446 4269
447 4261
448 4269
449 4275
450 4266
451 4276
452 4274
453 4274
454 4266
455 4274
456 4275
457 4274
458 4266
459 4274
460 4266
461 4277
462 4269
463 4274
464 4266
465 4274
466 4269
467 4274
468 4266
469 4274
470 4266
471 4274
472 4266
473 4274
474 4266
475 4274
476 4266
477 4274
478 4266
479 4274
480 4266
481 4274
482 4269
483 4260
484 4266
485 4274
486 4266
487 4274
488 4269
489 4274
490 4266
491 4274
492 4266
493 4276
494 4267
495 4276
496 4266
497 4276
498 4266
499 4274
500 4266
501 4276
502 4266
503 4274
504 4266
505 4274
506 4266
507 4276
508 4266
509 4278
510 4266
511 4274
512 4266
513 4274
514 4269
515 4275
516 4266
517 4274
518 4266
519 4274
520 4266
521 4274
522 4266
523 4274
524 4266
525 4274
526 4266
527 4274
528 4269
529 4274
530 4266
531 4274
532 4266
533 4275
534 4266
535 4274
536 4266
537 4275
538 4265
539 4275
540 4266
541 4274
542 4267
543 4262
544 4270
545 4274
546 4266
547 4268
548 4266
549 4261
550 4266
551 4275
552 4266
553 4273
554 4276
555 4274
556 4266
557 4275
558 4266
559 4261
560 4309
561 4343
562 4309
563 4295
564 4281
565 4277
566 4271
567 4275
568 4281
569 4276
570 4270
571 4275
572 4276
573 4275
574 4269
575 4277
576 4309
577 4321
578 4266
579 4275
580 4266
581 4275
582 4309
583 4321
584 4309
585 4332
586 4331
587 4321
588 4309
589 4321
590 4270
591 4275
592 4266
593 4274
594 4266
595 4276
596 4275
597 4275
598 4266
599 4276
600 4266
601 4261
602 4266
603 4275
604 4266
605 4261
606 4266
607 4270
608 4331
609 4322
610 4269
611 4275
612 4309
613 4321
614 4309
615 4322
616 4267
617 4275
618 4266
619 4260
620 4266
621 4261
622 4266
623 4275
624 4266
625 4275
626 4276
627 4261
628 4266
629 4274
630 4276
631 4275
632 4266
633 4275
634 4266
635 4261
636 4266
637 4274
638 4267
639 4275
640 4266
641 4275
642 4266
643 4277
644 4267
645 4275
646 4266
647 4274
648 4266
649 4274
650 4309
651 4322
652 4309
653 4321
654 4275
655 4275
656 4266
657 4275
658 4266
659 4275
660 4276
661 4275
662 4266
663 4275
664 4266
665 4275
666 4266
667 4275
668 4276
669 4275
670 4266
671 4277
672 4309
673 4321
674 4276
675 4278
676 4269
677 4275
678 4309
679 4331
680 4331
681 4331
682 4287
683 4274
684 4266
685 4275
686 4309
687 4321
688 4309
689 4321
690 4269
691 4275
692 4266
693 4275
694 4266
695 4274
696 4266
697 4261
698 4309
699 4331
700 4331
701 4322
702 4266
703 4275
704 4266
705 4275
706 4266
707 4275
708 4309
709 4332
710 4331
711 4332
712 4331
713 4331
714 4331
715 4322
716 4309
717 4332
718 4331
719 4332
720 4331
721 4332
722 4331
723 4333
724 4330
725 4322
726 4309
727 4321
728 4309
729 4322
730 4270
731 4275
732 4266
733 4261
734 4266
735 4275
736 4266
737 4275
738 4266
739 4275
740 4309
741 4322
742 4266
743 4275
744 4309
745 4331
746 4331
747 4322
748 4266
749 4275
750 4266
751 4275
752 4266
753 4275
754 4266
755 4274
756 4266
757 4275
758 4266
759 4275
760 4266
761 4277
762 4266
763 4274
764 4266
765 4274
766 4308
767 4332
768 4331
769 4332
770 4331
771 4321
772 4276
773 4275
774 4266
775 4275
776 4267
777 4275
778 4265
779 4275
780 4269
781 4275
782 4266
783 4275
784 4266
785 4261
786 4266
787 4275
788 4266
789 4275
790 4266
791 4262
792 4266
793 4274
794 4266
795 4274
796 4266
797 4261
798 4277
799 4278
800 4266
801 4274
802 4266
803 4275
804 4265
805 4274
806 4266
807 4276
808 4266
809 4275
810 4266
811 4274
812 4266
813 4274
814 4266
815 4275
816 4266
817 4276
818 4269
819 4274
820 4266
821 4275
822 4266
823 4274
824 4266
825 4274
826 4269
827 4275
828 4269
829 4260
830 4266
831 4275
832 4266
833 4277
834 4266
835 4274
836 4269
837 4274
838 4266
839 4274
840 4270
841 4274
842 4278
843 4275
844 4309
845 4322
846 4268
847 4275
848 4267
849 4274
850 4266
851 4261
852 4266
853 4274
854 4266
855 4274
856 4266
857 4275
858 4266
859 4274
860 4266
861 4277
862 4267
863 4261
864 4269
865 4274
866 4309
867 4322
868 4309
869 4332
870 4331
871 4331
872 4331
873 4321
874 4269
875 4275
876 4266
877 4274
878 4266
879 4275
880 4266
881 4275
882 4266
883 4274
884 4266
885 4274
886 4266
887 4275
888 4267
889 4276
890 4259
891 4274
892 4266
893 4275
894 4266
895 4275
896 4266
897 4274
898 4266
899 4275
900 4266
901 4275
902 4266
903 4274
904 4266
905 4273
906 4266
907 4275
908 4266
909 4274
910 4266
911 4275
912 4266
913 4274
914 4275
915 4274
916 4266
917 4274
918 4266
919 4274
920 4266
921 4275
922 4266
923 4274
924 4266
925 4276
926 4266
927 4261
928 4269
929 4261
930 4266
931 4274
932 4266
933 4261
934 4266
935 4274
936 4269
937 4274
938 4266
939 4275
940 4266
941 4274
942 4266
943 4276
944 4266
945 4275
946 4266
947 4276
948 4265
949 4292
950 4270
951 4275
952 4266
953 4273
954 4266
955 4275
956 4266
957 4274
958 4266
959 4274
960 4270
961 4275
962 4266
963 4261
964 4266
965 4275
966 4269
967 4275
968 4266
969 4275
970 4266
971 4261
972 4266
973 4275
974 4261
975 4262
976 4266
977 4274
978 4269
979 4275
980 4266
981 4276
982 4266
983 4274
984 4266
985 4277
986 4266
987 4276
988 4266
989 4274
990 4266
991 4261
992 4266
993 4276
994 4266
995 4276
996 4265
997 4274
998 4269
999 4276
1000 4275
1001 4274
1002 4266
1003 4277
1004 4266
1005 4276
1006 4276
1007 4274
1008 4269
1009 4274
1010 4266
1011 4277
1012 4268
1013 4275
1014 4309
1015 4332
1016 4331
1017 4330
1018 4287
1019 4274
1020 4266
1021 4275
1022 4266
1023 4274
1024 4266
1025 4274
1026 4266
1027 4275
1028 4266
1029 4274
1030 4266
1031 4274
1032 4266
1033 4277
1034 4276
1035 4261
1036 4266
1037 4274
1038 4266
1039 4277
1040 4266
1041 4274
1042 4266
1043 4274
1044 4266
1045 4276
1046 4266
1047 4274
1048 4266
1049 4274
1050 4266
1051 4277
1052 4266
1053 4277
1054 4265
1055 4274
1056 4270
1057 4275
1058 4269
1059 4275
1060 4265
1061 4276
1062 4266
1063 4275
1064 4285
1065 4279
1066 4289
1067 4275
1068 4268
1069 4276
1070 4314
1071 4332
1072 4293
1073 4276
1074 4270
1075 4275
1076 4266
1077 4275
1078 4266
1079 4274
1080 4266
1081 4262
1082 4265
1083 4274
1084 4266
1085 4275
1086 4266
1087 4275
1088 4269
1089 4275
1090 4266
1091 4275
1092 4266
1093 4261
1094 4266
1095 4275
1096 4266
1097 4276
1098 4266
1099 4275
1100 4309
1101 4331
1102 4331
1103 4321
1104 4266
1105 4275
1106 4266
1107 4274
1108 4266
1109 4274
1110 4259
1111 4275
1112 4266
1113 4274
1114 4266
1115 4274
1116 4266
1117 4275
1118 4277
1119 4274
1120 4271
1121 4276
1122 4267
1123 4275
1124 4267
1125 4284
1126 4287
1127 4274
1128 4266
1129 4276
1130 4266
1131 4274
1132 4266
1133 4275
1134 4266
1135 4274
1136 4266
1137 4274
1138 4266
1139 4275
1140 4266
1141 4274
1142 4266
1143 4274
1144 4266
1145 4274
1146 4269
1147 4274
1148 4266
1149 4274
1150 4266
1151 4274
1152 4269
1153 4276
1154 4266
1155 4260
1156 4266
1157 4274
1158 4266
1159 4260
1160 4266
1161 4260
1162 4269
1163 4274
1164 4266
1165 4274
1166 4265
1167 4276
1168 4265
1169 4274
1170 4266
1171 4274
1172 4266
1173 4274
1174 4266
1175 4274
1176 4270
1177 4260
1178 4266
1179 4274
1180 4266
1181 4277
1182 4266
1183 4274
1184 4266
1185 4274
1186 4269
1187 4275
1188 4266
1189 4274
1190 4266
1191 4274
1192 4266
1193 4274
1194 4269
1195 4274
1196 4266
1197 4274
1198 4266
1199 4274
1200 4266
1201 4274
1202 4266
1203 4280
1204 4267
1205 4275
1206 4266
1207 4275
1208 4309
1209 4332
1210 4332
1211 4332
1212 4331
1213 4321
1214 4309
1215 4332
1216 4331
1217 4332
1218 4331
1219 4332
1220 4331
1221 4331
1222 4331
1223 4322
1224 4267
1225 4275
1226 4269
1227 4274
1228 4309
1229 4322
1230 4266
1231 4275
1232 4309
1233 4321
1234 4266
1235 4275
1236 4266
1237 4261
1238 4266
1239 4275
1240 4266
1241 4275
1242 4266
1243 4274
1244 4266
1245 4274
1246 4266
1247 4275
1248 4266
1249 4270
1250 4331
1251 4321
1252 4266
1253 4276
1254 4265
1255 4275
1256 4266
1257 4275
1258 4276
1259 4275
1260 4266
1261 4261
1262 4266
1263 4275
1264 4266
1265 4275
1266 4266
1267 4274
1268 4309
1269 4331
1270 4331
1271 4322
1272 4266
1273 4275
1274 4266
1275 4275
1276 4266
1277 4275
1278 4266
1279 4261
1280 4266
1281 4275
1282 4266
1283 4275
1284 4266
1285 4274
1286 4276
1287 4275
1288 4269
1289 4275
1290 4266
1291 4261
1292 4309
1293 4321
1294 4270
1295 4275
1296 4268
1297 4275
1298 4266
1299 4274
1300 4266
1301 4275
1302 4309
1303 4332
1304 4331
1305 4331
1306 4330
1307 4332
1308 4330
1309 4331
1310 4332
1311 4332
1312 4331
1313 4322
1314 4266
1315 4274
1316 4266
1317 4274
1318 4266
1319 4275
1320 4266
1321 4260
1322 4266
1323 4274
1324 4269
1325 4275
1326 4266
1327 4274
1328 4266
1329 4274
1330 4266
1331 4275
1332 4266
1333 4274
1334 4266
1335 4274
1336 4266
1337 4262
1338 4266
1339 4276
1340 4274
1341 4276
1342 4270
1343 4275
1344 4269
1345 4275
1346 4266
1347 4277
1348 4267
1349 4275
1350 4266
1351 4275
1352 4276
1353 4260
1354 4266
1355 4274
1356 4266
1357 4275
1358 4266
1359 4275
1360 4309
1361 4332
1362 4331
1363 4321
1364 4269
1365 4275
1366 4309
1367 4321
1368 4266
1369 4275
1370 4266
1371 4261
1372 4269
1373 4275
1374 4309
1375 4332
1376 4331
1377 4321
1378 4266
1379 4274
1380 4309
1381 4322
1382 4309
1383 4331
1384 4331
1385 4331
1386 4331
1387 4332
1388 4331
1389 4321
1390 4266
1391 4274
1392 4266
1393 4275
1394 4266
1395 4279
1396 4275
1397 4274
1398 4266
1399 4275
1400 4309
1401 4330
1402 4331
1403 4331
1404 4331
1405 4322
1406 4270
1407 4274
1408 4270
1409 4274
1410 4266
1411 4275
1412 4266
1413 4275
1414 4266
1415 4274
1416 4266
1417 4275
1418 4266
1419 4275
1420 4266
1421 4261
1422 4276
1423 4275
1424 4276
1425 4274
1426 4266
1427 4275
1428 4266
1429 4275
1430 4266
1431 4275
1432 4309
1433 4331
1434 4331
1435 4322
1436 4266
1437 4274
1438 4309
1439 4321
1440 4309
1441 4322
1442 4266
1443 4276
1444 4265
1445 4275
1446 4270
1447 4275
1448 4266
1449 4275
1450 4266
1451 4275
1452 4266
1453 4275
1454 4278
1455 4275
1456 4266
1457 4261
1458 4266
1459 4275
1460 4269
1461 4274
1462 4266
1463 4275
1464 4266
1465 4261
1466 4276
1467 4274
1468 4266
1469 4260
1470 4266
1471 4275
1472 4266
1473 4260
1474 4266
1475 4274
1476 4266
1477 4275
1478 4266
1479 4260
1480 4269
1481 4276
1482 4266
1483 4275
1484 4266
1485 4274
1486 4267
1487 4275
1488 4269
1489 4261
1490 4269
1491 4276
1492 4266
1493 4274
1494 4266
1495 4275
1496 4269
1497 4274
1498 4266
1499 4274
1500 4266
1501 4275
1502 4266
1503 4274
1504 4269
1505 4274
1506 4269
1507 4275
1508 4266
1509 4279
1510 4266
1511 4275
1512 4266
1513 4275
1514 4309
1515 4321
1516 4266
1517 4275
1518 4309
1519 4322
1520 4309
1521 4331
1522 4331
1523 4321
1524 4309
1525 4322
1526 4309
1527 4332
1528 4331
1529 4323
1530 4275
1531 4275
1532 4266
1533 4274
1534 4266
1535 4275
1536 4266
1537 4275
1538 4309
1539 4324
1540 4267
1541 4275
1542 4266
1543 4275
1544 4266
1545 4274
1546 4309
1547 4321
1548 4270
1549 4275
1550 4266
1551 4275
1552 4266
1553 4274
1554 4309
1555 4322
1556 4309
1557 4321
1558 4270
1559 4274
1560 4266
1561 4275
1562 4270
1563 4275
1564 4309
1565 4321
1566 4276
1567 4277
1568 4279
1569 4270
1570 4281
1571 4280
1572 4275
1573 4275
1574 4272
1575 4276
1576 4270
1577 4274
1578 4269
1579 4275
1580 4266
1581 4274
1582 4265
1583 4275
1584 4266
1585 4274
1586 4269
1587 4274
1588 4266
1589 4277
1590 4266
1591 4274
1592 4269
1593 4274
1594 4266
1595 4275
1596 4266
1597 4274
1598 4266
1599 4274
1600 4266
1601 4275
1602 4266
1603 4274
1604 4266
1605 4274
1606 4266
1607 4275
1608 4266
1609 4274
1610 4266
1611 4275
1612 4269
1613 4275
1614 4266
1615 4274
1616 4282
1617 4278
1618 4269
1619 4279
1620 4266
1621 4274
1622 4266
1623 4261
1624 4266
1625 4278
1626 4266
1627 4275
1628 4266
1629 4275
1630 4266
1631 4261
1632 4266
1633 4275
1634 4266
1635 4274
1636 4266
1637 4275
1638 4266
1639 4275
1640 4266
1641 4273
1642 4266
1643 4261
1644 4266
1645 4275
1646 4266
1647 4274
1648 4266
1649 4274
1650 4266
1651 4275
1652 4266
1653 4276
1654 4266
1655 4276
1656 4266
1657 4277
1658 4266
1659 4274
1660 4266
1661 4275
1662 4266
1663 4261
1664 4266
1665 4274
1666 4266
1667 4274
1668 4266
1669 4275
1670 4266
1671 4274
1672 4275
1673 4274
1674 4266
1675 4275
1676 4267
1677 4275
1678 4276
1679 4274
1680 4266
1681 4275
1682 4266
1683 4279
1684 4266
1685 4276
1686 4266
1687 4274
1688 4266
1689 4275
1690 4266
1691 4276
1692 4266
1693 4274
1694 4266
1695 4275
1696 4266
1697 4261
1698 4266
1699 4261
1700 4266
1701 4276
1702 4266
1703 4274
1704 4275
1705 4275
1706 4266
1707 4275
1708 4266
1709 4260
1710 4266
1711 4276
1712 4266
1713 4274
1714 4266
1715 4260
1716 4266
1717 4274
1718 4266
1719 4277
1720 4266
1721 4260
1722 4266
1723 4274
1724 4266
1725 4274
1726 4270
1727 4274
1728 4266
1729 4274
1730 4275
1731 4275
1732 4266
1733 4260
1734 4266
1735 4274
1736 4266
1737 4274
1738 4266
1739 4276
1740 4266
1741 4261
1742 4266
1743 4274
1744 4266
1745 4274
1746 4266
1747 4274
1748 4269
1749 4274
1750 4266
1751 4274
1752 4266
1753 4275
1754 4266
1755 4274
1756 4266
1757 4260
1758 4276
1759 4275
1760 4266
1761 4274
1762 4269
1763 4276
1764 4266
1765 4275
1766 4269
1767 4260
1768 4266
1769 4275
1770 4274
1771 4261
1772 4266
1773 4276
1774 4266
1775 4275
1776 4275
1777 4275
1778 4266
1779 4274
1780 4266
1781 4274
1782 4266
1783 4277
1784 4266
1785 4276
1786 4259
1787 4260
1788 4266
1789 4274
1790 4266
1791 4277
1792 4266
1793 4276
1794 4269
1795 4277
1796 4266
1797 4276
1798 4266
1799 4276
1800 4266
1801 4276
1802 4266
1803 4276
1804 4269
1805 4276
1806 4266
1807 4261
1808 4266
1809 4274
1810 4266
1811 4274
1812 4267
1813 4275
1814 4275
1815 4276
1816 4266
1817 4276
1818 4266
1819 4275
1820 4266
1821 4274
1822 4266
1823 4276
1824 4266
1825 4274
1826 4266
1827 4261
1828 4259
1829 4274
1830 4275
1831 4276
1832 4266
1833 4276
1834 4266
1835 4276
1836 4266
1837 4276
1838 4269
1839 4260
1840 4266
1841 4274
1842 4270
1843 4274
1844 4266
1845 4274
1846 4309
1847 4331
1848 4330
1849 4331
1850 4330
1851 4331
1852 4331
1853 4321
1854 4266
1855 4276
1856 4274
1857 4274
1858 4266
1859 4274
1860 4269
1861 4274
1862 4266
1863 4274
1864 4266
1865 4275
1866 4266
1867 4274
1868 4266
1869 4274
1870 4268
1871 4278
1872 4309
1873 4332
1874 4331
1875 4321
1876 4270
1877 4275
1878 4266
1879 4275
1880 4266
1881 4275
1882 4266
1883 4275
1884 4266
1885 4274
1886 4266
1887 4275
1888 4266
1889 4275
1890 4266
1891 4274
1892 4266
1893 4275
1894 4266
1895 4275
1896 4266
1897 4274
1898 4267
1899 4277
1900 4269
1901 4275
1902 4266
1903 4261
1904 4266
1905 4275
1906 4309
1907 4334
1908 4332
1909 4332
1910 4331
1911 4331
1912 4330
1913 4331
1914 4335
1915 4331
1916 4336
1917 4333
1918 4330
1919 4332
1920 4331
1921 4331
1922 4331
1923 4321
1924 4266
1925 4275
1926 4270
1927 4274
1928 4269
1929 4275
1930 4266
1931 4275
1932 4270
1933 4274
1934 4267
1935 4261
1936 4266
1937 4275
1938 4266
1939 4275
1940 4266
1941 4262
1942 4265
1943 4275
1944 4266
1945 4275
1946 4309
1947 4321
1948 4266
1949 4261
1950 4313
1951 4332
1952 4336
1953 4333
1954 4331
1955 4332
1956 4331
1957 4321
1958 4309
1959 4332
1960 4331
1961 4321
1962 4266
1963 4274
1964 4266
1965 4276
1966 4277
1967 4274
1968 4272
1969 4277
1970 4266
1971 4275
1972 4266
1973 4276
1974 4267
1975 4274
1976 4310
1977 4330
1978 4330
1979 4321
1980 4266
1981 4275
1982 4269
1983 4274
1984 4266
1985 4274
1986 4266
1987 4275
1988 4266
1989 4274
1990 4265
1991 4274
1992 4270
1993 4275
1994 4271
1995 4262
1996 4266
1997 4274
1998 4266
1999 4275
2000 4266
2001 4274
2002 4266
2003 4274
2004 4266
2005 4277
2006 4266
2007 4274
2008 4266
2009 4273
2010 4266
2011 4275
2012 4269
2013 4274
2014 4266
2015 4275
2016 4266
2017 4275
2018 4309
2019 4326
2020 4267
2021 4274
2022 4266
2023 4274
2024 4266
2025 4275
2026 4266
2027 4274
2028 4266
2029 4274
2030 4266
2031 4261
2032 4259
2033 4274
2034 4266
2035 4260
2036 4266
2037 4274
2038 4266
2039 4274
2040 4266
2041 4260
2042 4266
2043 4275
2044 4266
2045 4275
2046 4275
2047 4274
2048 4266
2049 4275
2050 4266
2051 4274
2052 4266
2053 4274
2054 4266
2055 4275
2056 4266
2057 4274
2058 4266
2059 4274
2060 4266
2061 4275
2062 4267
2063 4274
2064 4266
2065 4274
2066 4269
2067 4275
2068 4266
2069 4284
2070 4281
2071 4277
2072 4265
2073 4278
2074 4314
2075 4331
2076 4292
2077 4276
2078 4266
2079 4275
2080 4266
2081 4260
2082 4276
2083 4274
2084 4267
2085 4275
2086 4266
2087 4274
2088 4266
2089 4275
2090 4269
2091 4274
2092 4266
2093 4274
2094 4266
2095 4275
2096 4266
2097 4274
2098 4266
2099 4260
2100 4269
2101 4261
2102 4266
2103 4276
2104 4266
2105 4276
2106 4275
2107 4275
2108 4266
2109 4283
2110 4330
2111 4321
2112 4266
2113 4275
2114 4266
2115 4270
2116 4287
2117 4274
2118 4269
2119 4275
2120 4266
2121 4276
2122 4269
2123 4274
2124 4266
2125 4284
2126 4330
2127 4331
2128 4330
2129 4331
2130 4287
2131 4274
2132 4266
2133 4274
2134 4266
2135 4260
2136 4266
2137 4274
2138 4266
2139 4276
2140 4266
2141 4274
2142 4265
2143 4275
2144 4266
2145 4274
2146 4266
2147 4276
2148 4267
2149 4274
2150 4266
2151 4274
2152 4266
2153 4274
2154 4266
2155 4274
2156 4266
2157 4260
2158 4266
2159 4274
2160 4266
2161 4274
2162 4266
2163 4274
2164 4266
2165 4276
2166 4266
2167 4276
2168 4266
2169 4274
2170 4265
2171 4274
2172 4266
2173 4261
2174 4269
2175 4276
2176 4276
2177 4274
2178 4266
2179 4276
2180 4266
2181 4276
2182 4266
2183 4276
2184 4266
2185 4274
2186 4266
2187 4274
2188 4266
2189 4260
2190 4265
2191 4262
2192 4274
2193 4276
2194 4266
2195 4274
2196 4266
2197 4274
2198 4266
2199 4274
2200 4266
2201 4276
2202 4266
2203 4274
2204 4266
2205 4276
2206 4266
2207 4274
2208 4266
2209 4276
2210 4269
2211 4276
2212 4266
2213 4274
2214 4266
2215 4274
2216 4266
2217 4274
2218 4266
2219 4276
2220 4266
2221 4274
2222 4265
2223 4274
2224 4266
2225 4274
2226 4266
2227 4276
2228 4266
2229 4274
2230 4266
2231 4276
2232 4266
2233 4276
2234 4267
2235 4260
2236 4266
2237 4260
2238 4266
2239 4276
2240 4266
2241 4276
2242 4266
2243 4276
2244 4266
2245 4261
2246 4259
2247 4274
2248 4266
2249 4274
2250 4266
2251 4276
2252 4275
2253 4276
2254 4269
2255 4274
2256 4269
2257 4276
2258 4266
2259 4274
2260 4266
2261 4274
2262 4269
2263 4276
2264 4266
2265 4261
2266 4269
2267 4274
2268 4266
2269 4274
2270 4275
2271 4276
2272 4266
2273 4276
2274 4266
2275 4276
2276 4266
2277 4278
2278 4265
2279 4260
2280 4266
2281 4276
2282 4266
2283 4274
2284 4266
2285 4274
2286 4262
2287 4278
2288 4266
2289 4277
2290 4266
2291 4275
2292 4266
2293 4274
2294 4266
2295 4274
2296 4276
2297 4275
2298 4266
2299 4261
2300 4266
2301 4275
2302 4266
2303 4275
2304 4266
2305 4275
2306 4266
2307 4274
2308 4270
2309 4275
2310 4266
2311 4275
2312 4266
2313 4259
2314 4266
2315 4276
2316 4266
2317 4274
2318 4266
2319 4274
2320 4266
2321 4274
2322 4266
2323 4275
2324 4266
2325 4274
2326 4266
2327 4274
2328 4266
2329 4275
2330 4266
2331 4274
2332 4266
2333 4274
2334 4266
2335 4275
2336 4266
2337 4274
2338 4266
2339 4275
2340 4266
2341 4275
2342 4272
2343 4274
2344 4269
2345 4275
2346 4266
2347 4275
2348 4309
2349 4321
2350 4270
2351 4275
2352 4309
2353 4322
2354 4266
2355 4279
2356 4310
2357 4321
2358 4309
2359 4322
2360 4309
2361 4331
2362 4331
2363 4332
2364 4331
2365 4322
2366 4266
2367 4261
2368 4270
2369 4261
2370 4266
2371 4275
2372 4309
2373 4331
2374 4331
2375 4332
2376 4331
2377 4332
2378 4331
2379 4321
2380 4269
2381 4274
2382 4276
2383 4275
2384 4266
2385 4275
2386 4267
2387 4276
2388 4309
2389 4332
2390 4331
2391 4322
2392 4309
2393 4331
2394 4331
2395 4322
2396 4269
2397 4261
2398 4267
2399 4261
2400 4266
2401 4275
2402 4266
2403 4263
2404 4267
2405 4274
2406 4276
2407 4275
2408 4266
2409 4274
2410 4266
2411 4261
2412 4266
2413 4274
2414 4266
2415 4276
2416 4266
2417 4274
2418 4266
2419 4274
2420 4266
2421 4260
2422 4266
2423 4274
2424 4266
2425 4275
2426 4266
2427 4274
2428 4275
2429 4274
2430 4266
2431 4275
2432 4266
2433 4276
2434 4266
2435 4276
2436 4266
2437 4275
2438 4276
2439 4274
2440 4266
2441 4277
2442 4274
2443 4275
2444 4269
2445 4274
2446 4266
2447 4274
2448 4266
2449 4275
2450 4266
2451 4274
2452 4269
2453 4275
2454 4269
2455 4275
2456 4266
2457 4274
2458 4266
2459 4274
2460 4266
2461 4275
2462 4266
2463 4274
2464 4266
2465 4275
2466 4266
2467 4277
2468 4266
2469 4276
2470 4266
2471 4274
2472 4266
2473 4274
2474 4266
2475 4274
2476 4266
2477 4274
2478 4266
2479 4261
2480 4266
2481 4274
2482 4266
2483 4276
2484 4267
2485 4274
2486 4266
2487 4274
2488 4266
2489 4261
2490 4266
2491 4275
2492 4266
2493 4274
2494 4266
2495 4277
2496 4276
2497 4274
2498 4266
2499 4274
2500 4266
2501 4276
2502 4269
2503 4274
2504 4269
2505 4274
2506 4266
2507 4274
2508 4266
2509 4280
2510 4266
2511 4274
2512 4266
2513 4261
2514 4266
2515 4274
2516 4266
2517 4274
2518 4266
2519 4275
2520 4266
2521 4274
2522 4266
2523 4274
2524 4266
2525 4277
2526 4266
2527 4275
2528 4265
2529 4274
2530 4266
2531 4274
2532 4266
2533 4274
2534 4266
2535 4274
2536 4269
2537 4275
2538 4266
2539 4275
2540 4276
2541 4275
2542 4266
2543 4275
2544 4266
2545 4275
2546 4276
2547 4275
2548 4266
2549 4275
2550 4309
2551 4321
2552 4266
2553 4275
2554 4266
2555 4275
2556 4266
2557 4275
2558 4276
2559 4275
2560 4266
2561 4274
2562 4266
2563 4274
2564 4266
2565 4275
2566 4266
2567 4275
2568 4269
2569 4275
2570 4275
2571 4277
2572 4285
2573 4281
2574 4304
2575 4268
2576 4270
2577 4279
2578 4269
2579 4282
2580 4269
2581 4277
2582 4274
2583 4281
2584 4269
2585 4276
2586 4269
2587 4277
2588 4268
2589 4276
2590 4268
2591 4286
2592 4263
2593 4277
2594 4269
2595 4276
2596 4269
2597 4277
2598 4269
2599 4277
2600 4269
2601 4277
2602 4269
2603 4277
2604 4269
2605 4277
2606 4263
2607 4279
2608 4269
2609 4265
2610 4269
2611 4277
2612 4269
2613 4279
2614 4269
2615 4276
2616 4269
2617 4277
2618 4269
2619 4277
2620 4278
2621 4277
2622 4279
2623 4277
2624 4278
2625 4278
2626 4278
2627 4277
2628 4278
2629 4277
2630 4278
2631 4277
2632 4277
2633 4275
2634 4266
2635 4275
2636 4266
2637 4275
2638 4266
2639 4277
2640 4266
2641 4275
2642 4266
2643 4278
2644 4268
2645 4275
2646 4276
2647 4274
2648 4276
2649 4275
2650 4266
2651 4261
2652 4266
2653 4274
2654 4266
2655 4275
2656 4270
2657 4274
2658 4266
2659 4274
2660 4266
2661 4275
2662 4266
2663 4274
2664 4266
2665 4262
2666 4265
2667 4275
2668 4266
2669 4274
2670 4266
2671 4274
2672 4309
2673 4332
2674 4331
2675 4322
2676 4270
2677 4275
2678 4309
2679 4322
2680 4309
2681 4321
2682 4266
2683 4275
2684 4266
2685 4275
2686 4262
2687 4276
2688 4266
2689 4275
2690 4266
2691 4277
2692 4268
2693 4275
2694 4266
2695 4275
2696 4266
2697 4277
2698 4309
2699 4331
2700 4331
2701 4321
2702 4266
2703 4275
2704 4266
2705 4275
2706 4266
2707 4275
2708 4268
2709 4275
2710 4269
2711 4274
2712 4266
2713 4274
2714 4266
2715 4275
2716 4266
2717 4274
2718 4269
2719 4274
2720 4266
2721 4275
2722 4266
2723 4275
2724 4266
2725 4275
2726 4266
2727 4275
2728 4266
2729 4274
2730 4266
2731 4274
2732 4266
2733 4275
2734 4266
2735 4274
2736 4266
2737 4274
2738 4266
2739 4275
2740 4266
2741 4261
2742 4266
2743 4274
2744 4270
2745 4275
2746 4266
2747 4274
2748 4276
2749 4274
2750 4266
2751 4276
2752 4265
2753 4274
2754 4309
2755 4321
2756 4266
2757 4277
2758 4266
2759 4274
2760 4266
2761 4274
2762 4267
2763 4275
2764 4266
2765 4275
2766 4266
2767 4277
2768 4309
2769 4322
2770 4266
2771 4274
2772 4309
2773 4331
2774 4331
2775 4332
2776 4331
2777 4331
2778 4331
2779 4322
2780 4309
2781 4332
2782 4331
2783 4322
2784 4278
2785 4276
2786 4310
2787 4334
2788 4331
2789 4321
2790 4266
2791 4275
2792 4266
2793 4275
2794 4267
2795 4261
2796 4269
2797 4275
2798 4266
2799 4275
2800 4266
2801 4274
2802 4276
2803 4261
2804 4266
2805 4275
2806 4270
2807 4275
2808 4309
2809 4331
2810 4331
2811 4332
2812 4331
2813 4321
2814 4309
2815 4331
2816 4331
2817 4324
2818 4276
2819 4275
2820 4266
2821 4274
2822 4266
2823 4275
2824 4266
2825 4274
2826 4309
2827 4321
2828 4266
2829 4275
2830 4266
2831 4274
2832 4309
2833 4321
2834 4309
2835 4332
2836 4331
2837 4333
2838 4330
2839 4321
2840 4266
2841 4274
2842 4271
2843 4261
2844 4309
2845 4331
2846 4331
2847 4321
2848 4269
2849 4274
2850 4266
2851 4276
2852 4309
2853 4321
2854 4309
2855 4331
2856 4331
2857 4321
2858 4309
2859 4332
2860 4331
2861 4321
2862 4309
2863 4331
2864 4331
2865 4331
2866 4331
2867 4331
2868 4331
2869 4321
2870 4309
2871 4322
2872 4266
2873 4274
2874 4266
2875 4274
2876 4266
2877 4275
2878 4266
2879 4274
2880 4310
2881 4332
2882 4331
2883 4332
2884 4331
2885 4321
2886 4276
2887 4276
2888 4266
2889 4275
2890 4269
2891 4274
2892 4276
2893 4274
2894 4276
2895 4261
2896 4269
2897 4274
2898 4309
2899 4321
2900 4309
2901 4331
2902 4331
2903 4321
2904 4276
2905 4274
2906 4266
2907 4275
2908 4266
2909 4274
2910 4268
2911 4276
2912 4270
2913 4275
2914 4267
2915 4274
2916 4267
2917 4275
2918 4309
2919 4332
2920 4331
2921 4322
2922 4266
2923 4276
2924 4265
2925 4261
2926 4277
2927 4276
2928 4309
2929 4331
2930 4331
2931 4324
2932 4266
2933 4275
2934 4266
2935 4274
2936 4309
2937 4329
2938 4264
2939 4280
2940 4276
2941 4275
2942 4266
2943 4275
2944 4266
2945 4275
2946 4266
2947 4275
2948 4266
2949 4293
2950 4276
2951 4275
2952 4309
2953 4331
2954 4330
2955 4332
2956 4331
2957 4322
2958 4268
2959 4275
2960 4266
2961 4275
2962 4266
2963 4275
2964 4270
2965 4274
2966 4268
2967 4275
2968 4270
2969 4275
2970 4266
2971 4275
2972 4266
2973 4274
2974 4266
2975 4275
2976 4266
2977 4275
2978 4266
2979 4278
2980 4267
2981 4275
2982 4266
2983 4274
2984 4309
2985 4330
2986 4330
2987 4331
2988 4287
2989 4283
2990 4331
2991 4331
2992 4287
2993 4274
2994 4266
2995 4276
2996 4266
2997 4274
2998 4266
2999 4274
3000 4266
3001 4275
3002 4266
3003 4274
3004 4266
3005 4274
3006 4265
3007 4275
3008 4269
3009 4274
3010 4266
3011 4274
3012 4266
3013 4275
3014 4266
3015 4261
3016 4269
3017 4274
3018 4266
3019 4275
3020 4266
3021 4261
3022 4276
3023 4278
3024 4267
3025 4275
3026 4276
3027 4278
3028 4266
3029 4261
3030 4309
3031 4332
3032 4331
3033 4322
3034 4269
3035 4261
3036 4276
3037 4274
3038 4269
3039 4275
3040 4309
3041 4331
3042 4331
3043 4321
3044 4309
3045 4332
3046 4331
3047 4321
3048 4309
3049 4322
3050 4266
3051 4275
3052 4266
3053 4275
3054 4266
3055 4261
3056 4270
3057 4275
3058 4266
3059 4275
3060 4269
3061 4275
3062 4266
3063 4275
3064 4309
3065 4331
3066 4331
3067 4331
3068 4331
3069 4322
3070 4268
3071 4275
3072 4266
3073 4261
3074 4266
3075 4292
3076 4284
3077 4285
3078 4268
3079 4261
3080 4272
3081 4278
3082 4309
3083 4332
3084 4331
3085 4321
3086 4266
3087 4261
3088 4309
3089 4332
3090 4331
3091 4321
3092 4309
3093 4321
3094 4266
3095 4275
3096 4309
3097 4332
3098 4331
3099 4331
3100 4331
3101 4322
3102 4275
3103 4275
3104 4266
3105 4274
3106 4266
3107 4274
3108 4266
3109 4275
3110 4266
3111 4274
3112 4266
3113 4277
3114 4274
3115 4274
3116 4266
3117 4275
3118 4268
3119 4262
3120 4266
3121 4274
3122 4266
3123 4274
3124 4266
3125 4284
3126 4287
3127 4274
3128 4266
3129 4275
3130 4266
3131 4260
3132 4266
3133 4274
3134 4266
3135 4275
3136 4266
3137 4260
3138 4266
3139 4274
3140 4269
3141 4275
3142 4266
3143 4274
3144 4266
3145 4261
3146 4266
3147 4275
3148 4266
3149 4261
3150 4266
3151 4274
3152 4266
3153 4275
3154 4266
3155 4274
3156 4267
3157 4275
3158 4266
3159 4275
3160 4269
3161 4274
3162 4266
3163 4274
3164 4266
3165 4274
3166 4266
3167 4260
3168 4266
3169 4274
3170 4266
3171 4275
3172 4266
3173 4274
3174 4266
3175 4261
3176 4266
3177 4261
3178 4266
3179 4275
3180 4309
3181 4331
3182 4331
3183 4332
3184 4331
3185 4331
3186 4331
3187 4332
3188 4331
3189 4332
3190 4331
3191 4321
3192 4270
3193 4274
3194 4309
3195 4322
3196 4276
3197 4274
3198 4309
3199 4323
3200 4259
3201 4275
3202 4270
3203 4275
3204 4309
3205 4331
3206 4331
3207 4332
3208 4331
3209 4320
3210 4309
3211 4321
3212 4309
3213 4322
3214 4266
3215 4275
3216 4270
3217 4275
3218 4266
3219 4275
3220 4266
3221 4275
3222 4309
3223 4321
3224 4309
3225 4332
3226 4331
3227 4321
3228 4276
3229 4275
3230 4266
3231 4261
3232 4266
3233 4261
3234 4269
3235 4270
3236 4331
3237 4332
3238 4331
3239 4321
3240 4276
3241 4275
3242 4267
3243 4275
3244 4267
3245 4274
3246 4266
3247 4275
3248 4266
3249 4275
3250 4309
3251 4335
3252 4330
3253 4331
3254 4331
3255 4321
3256 4309
3257 4332
3258 4331
3259 4321
3260 4266
3261 4261
3262 4266
3263 4275
3264 4266
3265 4274
3266 4266
3267 4261
3268 4266
3269 4275
3270 4269
3271 4274
3272 4266
3273 4274
3274 4269
3275 4277
3276 4267
3277 4274
3278 4266
3279 4261
3280 4309
3281 4322
3282 4276
3283 4275
3284 4266
3285 4274
3286 4309
3287 4322
3288 4269
3289 4275
3290 4309
3291 4322
3292 4309
3293 4322
3294 4267
3295 4275
3296 4266
3297 4274
3298 4309
3299 4322
3300 4266
3301 4274
3302 4309
3303 4331
3304 4331
3305 4322
3306 4266
3307 4274
3308 4266
3309 4261
3310 4266
3311 4277
3312 4266
3313 4275
3314 4266
3315 4277
3316 4267
3317 4275
3318 4266
3319 4276
3320 4266
3321 4274
3322 4266
3323 4277
3324 4266
3325 4274
3326 4266
3327 4274
3328 4266
3329 4261
3330 4266
3331 4274
3332 4266
3333 4274
3334 4266
3335 4275
3336 4269
3337 4275
3338 4265
3339 4274
3340 4266
3341 4261
3342 4271
3343 4284
3344 4331
3345 4321
3346 4309
3347 4322
3348 4270
3349 4261
3350 4266
3351 4275
3352 4269
3353 4273
3354 4309
3355 4332
3356 4331
3357 4321
3358 4309
3359 4321
3360 4276
3361 4275
3362 4266
3363 4277
3364 4268
3365 4263
3366 4266
3367 4274
3368 4309
3369 4322
3370 4309
3371 4322
3372 4266
3373 4274
3374 4269
3375 4275
3376 4270
3377 4274
3378 4266
3379 4274
3380 4276
3381 4275
3382 4266
3383 4261
3384 4269
3385 4276
3386 4309
3387 4322
3388 4309
3389 4321
3390 4309
3391 4331
3392 4331
3393 4322
3394 4309
3395 4323
3396 4265
3397 4275
3398 4309
3399 4332
3400 4331
3401 4331
3402 4331
3403 4321
3404 4309
3405 4322
3406 4309
3407 4331
3408 4331
3409 4321
3410 4309
3411 4334
3412 4331
3413 4331
3414 4287
3415 4274
3416 4266
3417 4275
3418 4266
3419 4274
3420 4276
3421 4274
3422 4266
3423 4275
3424 4266
3425 4274
3426 4266
3427 4274
3428 4266
3429 4275
3430 4266
3431 4274
3432 4266
3433 4276
3434 4266
3435 4261
3436 4275
3437 4274
3438 4267
3439 4275
3440 4266
3441 4275
3442 4278
3443 4279
3444 4270
3445 4275
3446 4271
3447 4277
3448 4266
3449 4261
3450 4266
3451 4275
3452 4266
3453 4261
3454 4266
3455 4274
3456 4266
3457 4275
3458 4270
3459 4275
3460 4270
3461 4275
3462 4266
3463 4274
3464 4266
3465 4261
3466 4266
3467 4275
3468 4266
3469 4276
3470 4266
3471 4261
3472 4269
3473 4275
3474 4266
3475 4274
3476 4267
3477 4275
3478 4266
3479 4274
3480 4309
3481 4323
3482 4308
3483 4332
3484 4331
3485 4331
3486 4331
3487 4321
3488 4266
3489 4275
3490 4269
3491 4275
3492 4266
3493 4270
3494 4331
3495 4332
3496 4331
3497 4321
3498 4309
3499 4321
3500 4309
3501 4332
3502 4331
3503 4321
3504 4269
3505 4274
3506 4276
3507 4275
3508 4266
3509 4265
3510 4276
3511 4274
3512 4309
3513 4322
3514 4309
3515 4331
3516 4331
3517 4331
3518 4331
3519 4321
3520 4269
3521 4274
3522 4309
3523 4321
3524 4267
3525 4275
3526 4266
3527 4274
3528 4266
3529 4274
3530 4266
3531 4275
3532 4269
3533 4260
3534 4266
3535 4260
3536 4309
3537 4321
3538 4309
3539 4321
3540 4309
3541 4331
3542 4331
3543 4332
3544 4331
3545 4321
3546 4309
3547 4321
3548 4266
3549 4275
3550 4266
3551 4274
3552 4269
3553 4274
3554 4266
3555 4275
3556 4309
3557 4321
3558 4266
3559 4261
3560 4266
3561 4275
3562 4309
3563 4321
3564 4309
3565 4331
3566 4331
3567 4323
3568 4259
3569 4261
3570 4266
3571 4274
3572 4266
3573 4275
3574 4266
3575 4274
3576 4269
3577 4283
3578 4279
3579 4276
3580 4265
3581 4261
3582 4313
3583 4322
3584 4281
3585 4277
3586 4266
3587 4275
3588 4267
3589 4275
3590 4269
3591 4275
3592 4266
3593 4275
3594 4266
3595 4275
3596 4270
3597 4261
3598 4309
3599 4322
3600 4266
3601 4275
3602 4309
3603 4332
3604 4331
3605 4322
3606 4266
3607 4274
3608 4266
3609 4275
3610 4309
3611 4322
3612 4266
3613 4274
3614 4266
3615 4274
3616 4285
3617 4275
3618 4267
3619 4280
3620 4267
3621 4275
3622 4266
3623 4275
3624 4276
3625 4276
3626 4270
3627 4275
3628 4266
3629 4274
3630 4266
3631 4276
3632 4266
3633 4275
3634 4309
3635 4321
3636 4266
3637 4275
3638 4266
3639 4275
3640 4309
3641 4331
3642 4331
3643 4331
3644 4331
3645 4331
3646 4332
3647 4333
3648 4331
3649 4321
3650 4276
3651 4275
3652 4269
3653 4275
3654 4266
3655 4275
3656 4266
3657 4274
3658 4269
3659 4275
3660 4266
3661 4274
3662 4271
3663 4275
3664 4309
3665 4322
3666 4266
3667 4275
3668 4276
3669 4261
3670 4266
3671 4261
3672 4266
3673 4274
3674 4266
3675 4275
3676 4266
3677 4261
3678 4309
3679 4321
3680 4269
3681 4277
3682 4266
3683 4275
3684 4309
3685 4321
3686 4309
3687 4321
3688 4266
3689 4274
3690 4309
3691 4332
3692 4331
3693 4321
3694 4266
3695 4284
3696 4331
3697 4332
3698 4331
3699 4334
3700 4332
3701 4331
3702 4331
3703 4332
3704 4331
3705 4322
3706 4309
3707 4331
3708 4331
3709 4321
3710 4276
3711 4275
3712 4266
3713 4276
3714 4266
3715 4275
3716 4270
3717 4275
3718 4266
3719 4261
3720 4266
3721 4275
3722 4266
3723 4275
3724 4309
3725 4321
3726 4309
3727 4332
3728 4331
3729 4322
3730 4266
3731 4276
3732 4275
3733 4274
3734 4276
3735 4275
3736 4266
3737 4275
3738 4309
3739 4331
3740 4331
3741 4322
3742 4269
3743 4275
3744 4276
3745 4275
3746 4309
3747 4335
3748 4332
3749 4321
3750 4270
3751 4275
3752 4266
3753 4275
3754 4266
3755 4275
3756 4269
3757 4275
3758 4266
3759 4275
3760 4276
3761 4275
3762 4266
3763 4275
3764 4309
3765 4332
3766 4331
3767 4321
3768 4309
3769 4331
3770 4331
3771 4324
3772 4266
3773 4274
3774 4310
3775 4332
3776 4331
3777 4332
3778 4331
3779 4334
3780 4332
3781 4331
3782 4331
3783 4332
3784 4331
3785 4331
3786 4331
3787 4321
3788 4266
3789 4275
3790 4266
3791 4275
3792 4266
3793 4274
3794 4266
3795 4274
3796 4266
3797 4274
3798 4266
3799 4275
3800 4266
3801 4275
3802 4266
3803 4261
3804 4269
3805 4275
3806 4266
3807 4275
3808 4269
3809 4274
3810 4266
3811 4274
3812 4266
3813 4277
3814 4266
3815 4261
3816 4266
3817 4276
3818 4275
3819 4274
3820 4266
3821 4261
3822 4266
3823 4275
3824 4266
3825 4277
3826 4267
3827 4275
3828 4275
3829 4276
3830 4276
3831 4275
3832 4266
3833 4274
3834 4266
3835 4274
3836 4269
3837 4261
3838 4276
3839 4261
3840 4309
3841 4332
3842 4334
3843 4331
3844 4335
3845 4331
3846 4336
3847 4334
3848 4331
3849 4332
3850 4330
3851 4331
3852 4335
3853 4332
3854 4336
3855 4333
3856 4331
3857 4331
3858 4331
3859 4322
3860 4310
3861 4332
3862 4331
3863 4321
3864 4309
3865 4322
3866 4266
3867 4274
3868 4310
3869 4332
3870 4336
3871 4334
3872 4331
3873 4321
3874 4309
3875 4334
3876 4331
3877 4332
3878 4331
3879 4321
3880 4266
3881 4274
3882 4309
3883 4322
3884 4309
3885 4321
3886 4261
3887 4332
3888 4331
3889 4322
3890 4309
3891 4334
3892 4332
3893 4332
3894 4331
3895 4322
3896 4309
3897 4331
3898 4331
3899 4321
3900 4309
3901 4332
3902 4331
3903 4333
3904 4330
3905 4321
3906 4266
3907 4277
3908 4266
3909 4275
3910 4266
3911 4275
3912 4266
3913 4275
3914 4309
3915 4321
3916 4309
3917 4321
3918 4308
3919 4323
3920 4309
3921 4321
3922 4269
3923 4275
3924 4266
3925 4275
3926 4309
3927 4332
3928 4331
3929 4321
3930 4309
3931 4321
3932 4266
3933 4274
3934 4309
3935 4321
3936 4309
3937 4332
3938 4331
3939 4331
3940 4331
3941 4322
3942 4309
3943 4321
3944 4309
3945 4322
3946 4309
3947 4322
3948 4309
3949 4322
3950 4266
3951 4261
3952 4266
3953 4261
3954 4309
3955 4333
3956 4330
3957 4331
3958 4331
3959 4332
3960 4331
3961 4321
3962 4309
3963 4321
3964 4309
3965 4322
3966 4309
3967 4322
3968 4270
3969 4274
3970 4308
3971 4322
3972 4309
3973 4332
3974 4331
3975 4321
3976 4266
3977 4275
3978 4309
3979 4331
3980 4331
3981 4321
3982 4261
3983 4276
3984 4269
3985 4270
3986 4331
3987 4331
3988 4331
3989 4332
3990 4331
3991 4321
3992 4276
3993 4274
3994 4266
3995 4275
3996 4266
3997 4261
3998 4268
3999 4261
4000 4266
4001 4277
4002 4266
4003 4275
4004 4266
4005 4274
4006 4266
4007 4275
4008 4266
4009 4278
4010 4266
4011 4275
4012 4309
4013 4322
4014 4309
4015 4321
4016 4270
4017 4274
4018 4267
4019 4275
4020 4266
4021 4275
4022 4266
4023 4275
4024 4266
4025 4260
4026 4266
4027 4275
4028 4270
4029 4274
4030 4269
4031 4277
4032 4266
4033 4275
4034 4266
4035 4277
4036 4267
4037 4275
4038 4266
4039 4275
4040 4276
4041 4277
4042 4270
4043 4275
4044 4266
4045 4274
4046 4266
4047 4275
4048 4269
4049 4274
4050 4266
4051 4275
4052 4309
4053 4322
4054 4309
4055 4321
4056 4266
4057 4274
4058 4309
4059 4322
4060 4270
4061 4275
4062 4266
4063 4275
4064 4309
4065 4332
4066 4331
4067 4333
4068 4330
4069 4321
4070 4309
4071 4322
4072 4309
4073 4321
4074 4266
4075 4261
4076 4266
4077 4275
4078 4309
4079 4331
4080 4343
4081 4353
4082 4354
4083 4323
4084 4280
4085 4276
4086 4273
4087 4261
4088 4314
4089 4334
4090 4331
4091 4331
4092 4331
4093 4331
4094 4331
4095 4331
4096 4331
4097 4332
4098 4331
4099 4332
4100 4331
4101 4331
4102 4330
4103 4322
4104 4309
4105 4331
4106 4331
4107 4321
4108 4266
4109 4275
4110 4265
4111 4275
4112 4270
4113 4275
4114 4266
4115 4261
4116 4266
4117 4261
4118 4266
4119 4275
4120 4309
4121 4322
4122 4266
4123 4275
4124 4276
4125 4275
4126 4275
4127 4275
4128 4309
4129 4321
4130 4276
4131 4274
4132 4309
4133 4323
4134 4265
4135 4274
4136 4266
4137 4274
4138 4269
4139 4275
4140 4266
4141 4261
4142 4266
4143 4275
4144 4269
4145 4275
4146 4266
4147 4275
4148 4266
4149 4275
4150 4266
4151 4275
4152 4269
4153 4260
4154 4309
4155 4331
4156 4331
4157 4322
4158 4309
4159 4321
4160 4266
4161 4275
4162 4266
4163 4275
4164 4266
4165 4274
4166 4266
4167 4274
4168 4269
4169 4277
4170 4266
4171 4260
4172 4266
4173 4274
4174 4275
4175 4275
4176 4277
4177 4260
4178 4266
4179 4274
4180 4269
4181 4275
4182 4266
4183 4274
4184 4266
4185 4274
4186 4266
4187 4275
4188 4266
4189 4261
4190 4308
4191 4321
4192 4309
4193 4322
4194 4309
4195 4321
4196 4309
4197 4331
4198 4331
4199 4332
4200 4331
4201 4331
4202 4331
4203 4321
4204 4269
4205 4275
4206 4276
4207 4274
4208 4309
4209 4321
4210 4266
4211 4275
4212 4266
4213 4274
4214 4309
4215 4321
4216 4266
4217 4275
4218 4266
4219 4275
4220 4259
4221 4274
4222 4266
4223 4275
4224 4266
4225 4274
4226 4309
4227 4331
4228 4331
4229 4332
4230 4331
4231 4331
4232 4330
4233 4321
4234 4309
4235 4322
4236 4309
4237 4323
4238 4308
4239 4331
4240 4330
4241 4322
4242 4269
4243 4274
4244 4266
4245 4274
4246 4309
4247 4322
4248 4269
4249 4274
4250 4276
4251 4275
4252 4266
4253 4275
4254 4309
4255 4322
4256 4309
4257 4321
4258 4309
4259 4332
4260 4331
4261 4321
4262 4266
4263 4275
4264 4266
4265 4275
4266 4266
4267 4275
4268 4266
4269 4261
4270 4266
4271 4261
4272 4270
4273 4275
4274 4266
4275 4274
4276 4266
4277 4275
4278 4309
4279 4322
4280 4266
4281 4274
4282 4269
4283 4276
4284 4309
4285 4331
4286 4332
4287 4333
4288 4331
4289 4321
4290 4266
4291 4276
4292 4265
4293 4261
4294 4266
4295 4274
4296 4266
4297 4276
4298 4266
4299 4275
4300 4266
4301 4261
4302 4266
4303 4274
4304 4266
4305 4275
4306 4309
4307 4331
4308 4331
4309 4321
4310 4309
4311 4322
4312 4309
4313 4330
4314 4330
4315 4331
4316 4330
4317 4322
4318 4266
4319 4261
4320 4266
4321 4276
4322 4266
4323 4275
4324 4266
4325 4274
4326 4266
4327 4274
4328 4266
4329 4275
4330 4266
4331 4274
4332 4266
4333 4274
4334 4266
4335 4275
4336 4276
4337 4260
4338 4266
4339 4274
4340 4269
4341 4261
4342 4270
4343 4275
4344 4266
4345 4274
4346 4266
4347 4275
4348 4309
4349 4321
4350 4309
4351 4321
4352 4309
4353 4322
4354 4309
4355 4325
4356 4266
4357 4275
4358 4266
4359 4275
4360 4269
4361 4275
4362 4266
4363 4274
4364 4309
4365 4331
4366 4331
4367 4332
4368 4331
4369 4321
4370 4309
4371 4324
4372 4267
4373 4274
4374 4266
4375 4274
4376 4275
4377 4276
4378 4275
4379 4275
4380 4266
4381 4274
4382 4266
4383 4274
4384 4269
4385 4274
4386 4269
4387 4274
4388 4269
4389 4276
4390 4266
4391 4275
4392 4266
4393 4276
4394 4269
4395 4276
4396 4266
4397 4275
4398 4267
4399 4275
4400 4266
4401 4274
4402 4266
4403 4277
4404 4266
4405 4274
4406 4269
4407 4274
4408 4266
4409 4274
4410 4266
4411 4274
4412 4266
4413 4261
4414 4266
4415 4274
4416 4269
4417 4274
4418 4266
4419 4274
4420 4269
4421 4261
4422 4266
4423 4274
4424 4269
4425 4276
4426 4269
4427 4274
4428 4266
4429 4276
4430 4266
4431 4275
4432 4266
4433 4274
4434 4266
4435 4274
4436 4266
4437 4277
4438 4266
4439 4274
4440 4266
4441 4275
4442 4265
4443 4274
4444 4266
4445 4274
4446 4265
4447 4276
4448 4275
4449 4275
4450 4309
4451 4332
4452 4335
4453 4331
4454 4336
4455 4324
4456 4266
4457 4260
4458 4267
4459 4276
4460 4266
4461 4275
4462 4266
4463 4260
4464 4266
4465 4274
4466 4266
4467 4261
4468 4266
4469 4276
4470 4269
4471 4276
4472 4266
4473 4276
4474 4266
4475 4260
4476 4275
4477 4276
4478 4268
4479 4275
4480 4266
4481 4274
4482 4266
4483 4276
4484 4267
4485 4275
4486 4266
4487 4274
4488 4266
4489 4274
4490 4266
4491 4274
4492 4266
4493 4276
4494 4266
4495 4274
4496 4275
4497 4276
4498 4266
4499 4276
4500 4269
4501 4274
4502 4266
4503 4260
4504 4266
4505 4260
4506 4266
4507 4276
4508 4266
4509 4278
4510 4269
4511 4260
4512 4269
4513 4274
4514 4266
4515 4261
4516 4266
4517 4274
4518 4266
4519 4274
4520 4266
4521 4275
4522 4266
4523 4274
4524 4266
4525 4260
4526 4266
4527 4262
4528 4275
4529 4274
4530 4276
4531 4260
4532 4266
4533 4275
4534 4269
4535 4274
4536 4266
4537 4276
4538 4266
4539 4274
4540 4266
4541 4276
4542 4277
4543 4276
4544 4266
4545 4275
4546 4266
4547 4275
4548 4269
4549 4274
4550 4266
4551 4275
4552 4266
4553 4275
4554 4266
4555 4274
4556 4270
4557 4275
4558 4266
4559 4274
4560 4309
4561 4321
4562 4266
4563 4275
4564 4266
4565 4274
4566 4309
4567 4321
4568 4309
4569 4322
4570 4310
4571 4332
4572 4331
4573 4331
4574 4331
4575 4332
4576 4331
4577 4324
4578 4309
4579 4324
4580 4267
4581 4274
4582 4309
4583 4338
4584 4275
4585 4270
4586 4275
4587 4276
4588 4270
4589 4277
4590 4314
4591 4334
4592 4331
4593 4332
4594 4331
4595 4321
4596 4266
4597 4274
4598 4266
4599 4275
4600 4266
4601 4261
4602 4266
4603 4275
4604 4266
4605 4275
4606 4266
4607 4274
4608 4309
4609 4321
4610 4309
4611 4332
4612 4331
4613 4333
4614 4330
4615 4321
4616 4267
4617 4275
4618 4266
4619 4275
4620 4266
4621 4274
4622 4266
4623 4275
4624 4266
4625 4276
4626 4267
4627 4275
4628 4266
4629 4275
4630 4269
4631 4276
4632 4309
4633 4332
4634 4331
4635 4322
4636 4266
4637 4275
4638 4269
4639 4275
4640 4276
4641 4275
4642 4266
4643 4274
4644 4266
4645 4275
4646 4266
4647 4275
4648 4266
4649 4274
4650 4266
4651 4276
4652 4266
4653 4275
4654 4266
4655 4276
4656 4266
4657 4274
4658 4269
4659 4275
4660 4269
4661 4274
4662 4266
4663 4274
4664 4269
4665 4261
4666 4269
4667 4274
4668 4266
4669 4274
4670 4266
4671 4277
4672 4266
4673 4260
4674 4266
4675 4275
4676 4267
4677 4275
4678 4266
4679 4275
4680 4266
4681 4261
4682 4270
4683 4275
4684 4309
4685 4331
4686 4331
4687 4321
4688 4266
4689 4275
4690 4266
4691 4273
4692 4331
4693 4331
4694 4331
4695 4331
4696 4331
4697 4332
4698 4331
4699 4321
4700 4266
4701 4274
4702 4309
4703 4332
4704 4331
4705 4321
4706 4266
4707 4277
4708 4268
4709 4275
4710 4266
4711 4275
4712 4269
4713 4274
4714 4266
4715 4277
4716 4266
4717 4274
4718 4276
4719 4274
4720 4266
4721 4261
4722 4266
4723 4274
4724 4270
4725 4274
4726 4266
4727 4275
4728 4266
4729 4274
4730 4309
4731 4321
4732 4309
4733 4322
4734 4267
4735 4275
4736 4266
4737 4275
4738 4266
4739 4275
4740 4266
4741 4275
4742 4266
4743 4274
4744 4309
4745 4322
4746 4266
4747 4261
4748 4266
4749 4274
4750 4266
4751 4275
4752 4309
4753 4321
4754 4309
4755 4321
4756 4309
4757 4322
4758 4266
4759 4275
4760 4266
4761 4261
4762 4266
4763 4275
4764 4266
4765 4274
4766 4266
4767 4274
4768 4276
4769 4275
4770 4266
4771 4274
4772 4266
4773 4274
4774 4266
4775 4275
4776 4266
4777 4276
4778 4308
4779 4331
4780 4331
4781 4322
4782 4266
4783 4275
4784 4276
4785 4275
4786 4301
4787 4275
4788 4267
4789 4277
4790 4271
4791 4277
4792 4269
4793 4266
4794 4268
4795 4265
4796 4269
4797 4277
4798 4269
4799 4277
4800 4269
4801 4265
4802 4269
4803 4278
4804 4268
4805 4266
4806 4269
4807 4276
4808 4263
4809 4276
4810 4269
4811 4277
4812 4269
4813 4276
4814 4269
4815 4265
4816 4263
4817 4265
4818 4263
4819 4276
4820 4269
4821 4276
4822 4278
4823 4277
4824 4269
4825 4277
4826 4269
4827 4276
4828 4277
4829 4277
4830 4263
4831 4266
4832 4276
4833 4265
4834 4268
4835 4277
4836 4278
4837 4276
4838 4269
4839 4265
4840 4277
4841 4279
4842 4282
4843 4264
4844 4269
4845 4276
4846 4263
4847 4277
4848 4269
4849 4276
4850 4269
4851 4277
4852 4269
4853 4277
4854 4269
4855 4277
4856 4269
4857 4277
4858 4269
4859 4277
4860 4269
4861 4278
4862 4269
4863 4276
4864 4269
4865 4266
4866 4269
4867 4277
4868 4269
4869 4277
4870 4269
4871 4277
4872 4269
4873 4276
4874 4278
4875 4276
4876 4277
4877 4276
4878 4277
4879 4276
4880 4277
4881 4276
4882 4276
4883 4274
4884 4266
4885 4274
4886 4266
4887 4274
4888 4269
4889 4274
4890 4269
4891 4274
4892 4266
4893 4274
4894 4309
4895 4331
4896 4331
4897 4321
4898 4266
4899 4261
4900 4266
4901 4274
4902 4269
4903 4274
4904 4266
4905 4274
4906 4266
4907 4275
4908 4269
4909 4274
4910 4269
4911 4274
4912 4309
4913 4331
4914 4330
4915 4331
4916 4331
4917 4332
4918 4330
4919 4331
4920 4330
4921 4330
4922 4287
4923 4274
4924 4266
4925 4277
4926 4266
4927 4274
4928 4266
4929 4274
4930 4266
4931 4275
4932 4266
4933 4260
4934 4266
4935 4274
4936 4266
4937 4275
4938 4266
4939 4276
4940 4266
4941 4276
4942 4265
4943 4275
4944 4266
4945 4274
4946 4269
4947 4274
4948 4266
4949 4291
4950 4276
4951 4270
4952 4331
4953 4331
4954 4331
4955 4322
4956 4267
4957 4261
4958 4266
4959 4275
4960 4266
4961 4275
4962 4266
4963 4262
4964 4265
4965 4274
4966 4269
4967 4275
4968 4266
4969 4274
4970 4309
4971 4331
4972 4331
4973 4322
4974 4266
4975 4274
4976 4309
4977 4321
4978 4266
4979 4275
4980 4266
4981 4274
4982 4276
4983 4275
4984 4266
4985 4273
4986 4266
4987 4261
4988 4266
4989 4276
4990 4269
4991 4274
4992 4269
4993 4274
4994 4266
4995 4261
4996 4266
4997 4274
4998 4266
4999 4274
5000 4266
5001 4274
5002 4266
5003 4260
5004 4269
5005 4275
5006 4266
5007 4275
5008 4266
5009 4278
5010 4266
5011 4261
5012 4270
5013 4275
5014 4270
5015 4275
5016 4276
5017 4274
5018 4266
5019 4275
5020 4266
5021 4274
5022 4308
5023 4332
5024 4331
5025 4332
5026 4331
5027 4325
5028 4266
5029 4261
5030 4266
5031 4275
5032 4266
5033 4275
5034 4267
5035 4274
5036 4266
5037 4275
5038 4266
5039 4274
5040 4309
5041 4332
5042 4331
5043 4325
5044 4268
5045 4274
5046 4309
5047 4321
5048 4309
5049 4322
5050 4266
5051 4274
5052 4266
5053 4274
5054 4269
5055 4275
5056 4266
5057 4274
5058 4309
5059 4332
5060 4331
5061 4332
5062 4331
5063 4321
5064 4266
5065 4274
5066 4266
5067 4275
5068 4266
5069 4274
5070 4268
5071 4275
5072 4266
5073 4275
5074 4266
5075 4261
5076 4266
5077 4274
5078 4267
5079 4275
5080 4266
5081 4274
5082 4266
5083 4274
5084 4269
5085 4282
5086 4296
5087 4290
5088 4272
5089 4275
5090 4277
5091 4278
5092 4266
5093 4274
5094 4266
5095 4275
5096 4266
5097 4261
5098 4266
5099 4275
5100 4309
5101 4322
5102 4266
5103 4274
5104 4269
5105 4274
5106 4266
5107 4261
5108 4270
5109 4261
5110 4309
5111 4331
5112 4331
5113 4332
5114 4330
5115 4321
5116 4309
5117 4321
5118 4266
5119 4275
5120 4266
5121 4261
5122 4266
5123 4279
5124 4269
5125 4283
5126 4331
5127 4331
5128 4331
5129 4332
5130 4331
5131 4331
5132 4287
5133 4274
5134 4266
5135 4277
5136 4266
5137 4276
5138 4266
5139 4274
5140 4266
5141 4275
5142 4266
5143 4276
5144 4266
5145 4274
5146 4266
5147 4275
5148 4269
5149 4274
5150 4266
5151 4274
5152 4266
5153 4275
5154 4266
5155 4261
5156 4267
5157 4275
5158 4266
5159 4275
5160 4266
5161 4276
5162 4266
5163 4276
5164 4266
5165 4275
5166 4266
5167 4274
5168 4266
5169 4274
5170 4266
5171 4275
5172 4266
5173 4274
5174 4266
5175 4274
5176 4270
5177 4275
5178 4266
5179 4261
5180 4266
5181 4274
5182 4266
5183 4275
5184 4266
5185 4275
5186 4266
5187 4275
5188 4266
5189 4275
5190 4266
5191 4275
5192 4266
5193 4274
5194 4309
5195 4332
5196 4331
5197 4321
5198 4270
5199 4276
5200 4308
5201 4322
5202 4266
5203 4274
5204 4266
5205 4275
5206 4269
5207 4275
5208 4267
5209 4275
5210 4309
5211 4331
5212 4331
5213 4322
5214 4308
5215 4332
5216 4331
5217 4331
5218 4331
5219 4334
5220 4332
5221 4321
5222 4266
5223 4261
5224 4269
5225 4273
5226 4266
5227 4275
5228 4266
5229 4274
5230 4266
5231 4275
5232 4309
5233 4321
5234 4309
5235 4321
5236 4309
5237 4321
5238 4309
5239 4321
5240 4309
5241 4322
5242 4266
5243 4261
5244 4266
5245 4275
5246 4309
5247 4322
5248 4309
5249 4331
5250 4331
5251 4323
5252 4267
5253 4275
5254 4266
5255 4276
5256 4309
5257 4331
5258 4331
5259 4322
5260 4266
5261 4275
5262 4308
5263 4321
5264 4309
5265 4332
5266 4331
5267 4323
5268 4275
5269 4274
5270 4266
5271 4275
5272 4309
5273 4332
5274 4331
5275 4321
5276 4269
5277 4275
5278 4266
5279 4275
5280 4309
5281 4322
5282 4266
5283 4275
5284 4266
5285 4275
5286 4309
5287 4321
5288 4270
5289 4261
5290 4270
5291 4275
5292 4266
5293 4275
5294 4266
5295 4275
5296 4266
5297 4275
5298 4266
5299 4261
5300 4269
5301 4261
5302 4269
5303 4270
5304 4331
5305 4321
5306 4266
5307 4275
5308 4269
5309 4261
5310 4267
5311 4284
5312 4331
5313 4332
5314 4331
5315 4334
5316 4332
5317 4321
5318 4266
5319 4275
5320 4269
5321 4260
5322 4266
5323 4276
5324 4266
5325 4277
5326 4266
5327 4275
5328 4266
5329 4274
5330 4266
5331 4261
5332 4269
5333 4274
5334 4266
5335 4274
5336 4266
5337 4275
5338 4266
5339 4276
5340 4266
5341 4276
5342 4270
5343 4275
5344 4266
5345 4274
5346 4295
5347 4261
5348 4266
5349 4275
5350 4276
5351 4274
5352 4269
5353 4276
5354 4268
5355 4275
5356 4266
5357 4277
5358 4277
5359 4276
5360 4269
5361 4260
5362 4270
5363 4275
5364 4276
5365 4274
5366 4269
5367 4274
5368 4266
5369 4275
5370 4276
5371 4274
5372 4266
5373 4275
5374 4266
5375 4275
5376 4309
5377 4331
5378 4331
5379 4334
5380 4289
5381 4261
5382 4309
5383 4321
5384 4266
5385 4275
5386 4266
5387 4275
5388 4266
5389 4274
5390 4309
5391 4331
5392 4331
5393 4332
5394 4331
5395 4331
5396 4332
5397 4321
5398 4270
5399 4275
5400 4266
5401 4274
5402 4266
5403 4274
5404 4266
5405 4275
5406 4309
5407 4331
5408 4331
5409 4332
5410 4331
5411 4334
5412 4332
5413 4323
5414 4266
5415 4276
5416 4266
5417 4275
5418 4266
5419 4274
5420 4266
5421 4276
5422 4266
5423 4275
5424 4266
5425 4274
5426 4266
5427 4274
5428 4266
5429 4275
5430 4266
5431 4260
5432 4266
5433 4274
5434 4266
5435 4274
5436 4266
5437 4276
5438 4266
5439 4276
5440 4265
5441 4275
5442 4266
5443 4274
5444 4266
5445 4274
5446 4275
5447 4274
5448 4266
5449 4274
5450 4266
5451 4274
5452 4266
5453 4274
5454 4266
5455 4274
5456 4266
5457 4260
5458 4266
5459 4275
5460 4266
5461 4276
5462 4276
5463 4274
5464 4269
5465 4275
5466 4266
5467 4275
5468 4266
5469 4261
5470 4266
5471 4261
5472 4266
5473 4276
5474 4266
5475 4274
5476 4266
5477 4277
5478 4266
5479 4261
5480 4266
5481 4260
5482 4271
5483 4275
5484 4269
5485 4276
5486 4266
5487 4274
5488 4266
5489 4275
5490 4266
5491 4274
5492 4269
5493 4260
5494 4266
5495 4277
5496 4266
5497 4276
5498 4296
5499 4312
5500 4267
5501 4278
5502 4271
5503 4275
5504 4266
5505 4284
5506 4330
5507 4331
5508 4330
5509 4325
5510 4266
5511 4274
5512 4309
5513 4321
5514 4269
5515 4275
5516 4309
5517 4331
5518 4330
5519 4321
5520 4266
5521 4261
5522 4269
5523 4261
5524 4266
5525 4262
5526 4265
5527 4274
5528 4309
5529 4321
5530 4266
5531 4274
5532 4266
5533 4275
5534 4266
5535 4274
5536 4266
5537 4260
5538 4266
5539 4275
5540 4266
5541 4260
5542 4266
5543 4274
5544 4266
5545 4275
5546 4266
5547 4274
5548 4266
5549 4274
5550 4309
5551 4322
5552 4309
5553 4331
5554 4330
5555 4321
5556 4266
5557 4275
5558 4266
5559 4274
5560 4309
5561 4331
5562 4331
5563 4322
5564 4309
5565 4321
5566 4269
5567 4275
5568 4309
5569 4322
5570 4266
5571 4275
5572 4266
5573 4274
5574 4266
5575 4275
5576 4266
5577 4275
5578 4266
5579 4261
5580 4270
5581 4275
5582 4310
5583 4332
5584 4331
5585 4331
5586 4331
5587 4332
5588 4342
5589 4350
5590 4349
5591 4334
5592 4332
5593 4333
5594 4331
5595 4331
5596 4332
5597 4334
5598 4331
5599 4331
5600 4330
5601 4331
5602 4331
5603 4332
5604 4330
5605 4331
5606 4287
5607 4275
5608 4266
5609 4274
5610 4266
5611 4274
5612 4276
5613 4275
5614 4266
5615 4260
5616 4286
5617 4275
5618 4266
5619 4279
5620 4268
5621 4275
5622 4266
5623 4274
5624 4266
5625 4276
5626 4276
5627 4275
5628 4309
5629 4331
5630 4331
5631 4321
5632 4309
5633 4331
5634 4331
5635 4321
5636 4309
5637 4332
5638 4331
5639 4331
5640 4331
5641 4332
5642 4331
5643 4331
5644 4331
5645 4332
5646 4332
5647 4332
5648 4331
5649 4321
5650 4270
5651 4277
5652 4276
5653 4275
5654 4266
5655 4276
5656 4266
5657 4260
5658 4266
5659 4275
5660 4276
5661 4276
5662 4276
5663 4274
5664 4266
5665 4275
5666 4270
5667 4275
5668 4276
5669 4276
5670 4266
5671 4261
5672 4266
5673 4274
5674 4266
5675 4274
5676 4270
5677 4277
5678 4266
5679 4274
5680 4269
5681 4274
5682 4266
5683 4275
5684 4309
5685 4321
5686 4309
5687 4321
5688 4309
5689 4323
5690 4308
5691 4321
5692 4309
5693 4332
5694 4331
5695 4333
5696 4331
5697 4322
5698 4266
5699 4275
5700 4265
5701 4283
5702 4335
5703 4332
5704 4336
5705 4334
5706 4331
5707 4321
5708 4309
5709 4321
5710 4309
5711 4322
5712 4309
5713 4321
5714 4267
5715 4277
5716 4269
5717 4275
5718 4267
5719 4274
5720 4272
5721 4263
5722 4266
5723 4275
5724 4266
5725 4274
5726 4267
5727 4274
5728 4267
5729 4276
5730 4266
5731 4274
5732 4267
5733 4275
5734 4266
5735 4276
5736 4266
5737 4274
5738 4267
5739 4275
5740 4271
5741 4276
5742 4275
5743 4274
5744 4266
5745 4275
5746 4260
5747 4274
5748 4266
5749 4274
5750 4266
5751 4261
5752 4266
5753 4274
5754 4266
5755 4274
5756 4266
5757 4275
5758 4266
5759 4274
5760 4266
5761 4274
5762 4275
5763 4277
5764 4266
5765 4260
5766 4269
5767 4260
5768 4269
5769 4275
5770 4266
5771 4274
5772 4266
5773 4274
5774 4265
5775 4276
5776 4268
5777 4276
5778 4266
5779 4274
5780 4266
5781 4275
5782 4266
5783 4276
5784 4266
5785 4274
5786 4266
5787 4277
5788 4266
5789 4276
5790 4275
5791 4275
5792 4266
5793 4275
5794 4266
5795 4274
5796 4266
5797 4274
5798 4266
5799 4277
5800 4266
5801 4276
5802 4266
5803 4274
5804 4275
5805 4261
5806 4266
5807 4274
5808 4266
5809 4274
5810 4266
5811 4274
5812 4266
5813 4274
5814 4266
5815 4274
5816 4266
5817 4274
5818 4267
5819 4274
5820 4269
5821 4274
5822 4266
5823 4276
5824 4266
5825 4276
5826 4266
5827 4274
5828 4269
5829 4260
5830 4269
5831 4260
5832 4266
5833 4274
5834 4266
5835 4261
5836 4266
5837 4276
5838 4266
5839 4274
5840 4265
5841 4274
5842 4270
5843 4260
5844 4266
5845 4274
5846 4309
5847 4322
5848 4266
5849 4274
5850 4266
5851 4260
5852 4266
5853 4274
5854 4266
5855 4274
5856 4266
5857 4274
5858 4269
5859 4275
5860 4269
5861 4275
5862 4268
5863 4274
5864 4266
5865 4276
5866 4266
5867 4274
5868 4266
5869 4274
5870 4266
5871 4274
5872 4269
5873 4274
5874 4266
5875 4274
5876 4266
5877 4275
5878 4266
5879 4274
5880 4266
5881 4274
5882 4266
5883 4261
5884 4266
5885 4275
5886 4266
5887 4274
5888 4270
5889 4275
5890 4266
5891 4274
5892 4309
5893 4331
5894 4331
5895 4322
5896 4266
5897 4274
5898 4266
5899 4275
5900 4266
5901 4275
5902 4266
5903 4274
5904 4266
5905 4274
5906 4266
5907 4275
5908 4266
5909 4275
5910 4266
5911 4275
5912 4309
5913 4322
5914 4266
5915 4274
5916 4266
5917 4275
5918 4266
5919 4275
5920 4266
5921 4275
5922 4266
5923 4262
5924 4268
5925 4275
5926 4266
5927 4275
5928 4266
5929 4261
5930 4266
5931 4261
5932 4266
5933 4274
5934 4266
5935 4275
5936 4266
5937 4275
5938 4266
5939 4274
5940 4309
5941 4321
5942 4266
5943 4275
5944 4266
5945 4274
5946 4309
5947 4321
5948 4269
5949 4275
5950 4269
5951 4276
5952 4266
5953 4274
5954 4266
5955 4261
5956 4266
5957 4274
5958 4266
5959 4260
5960 4276
5961 4274
5962 4266
5963 4276
5964 4266
5965 4274
5966 4267
5967 4274
5968 4266
5969 4274
5970 4266
5971 4275
5972 4266
5973 4274
5974 4266
5975 4274
5976 4275
5977 4261
5978 4266
5979 4274
5980 4266
5981 4274
5982 4266
5983 4261
5984 4266
5985 4276
5986 4266
5987 4279
5988 4270
5989 4275
5990 4266
5991 4260
5992 4266
5993 4274
5994 4266
5995 4275
5996 4276
5997 4274
5998 4269
5999 4274
6000 4269
6001 4277
6002 4266
6003 4274
6004 4266
6005 4274
6006 4266
6007 4261
6008 4266
6009 4279
6010 4259
6011 4274
6012 4266
6013 4275
6014 4270
6015 4275
6016 4276
6017 4275
6018 4266
6019 4275
6020 4266
6021 4274
6022 4269
6023 4274
6024 4266
6025 4274
6026 4276
6027 4275
6028 4266
6029 4275
6030 4266
6031 4275
6032 4270
6033 4275
6034 4266
6035 4275
6036 4266
6037 4274
6038 4276
6039 4274
6040 4266
6041 4275
6042 4266
6043 4275
6044 4266
6045 4275
6046 4266
6047 4275
6048 4266
6049 4275
6050 4266
6051 4277
6052 4267
6053 4261
6054 4266
6055 4274
6056 4266
6057 4274
6058 4266
6059 4275
6060 4266
6061 4274
6062 4266
6063 4277
6064 4266
6065 4274
6066 4266
6067 4276
6068 4268
6069 4274
6070 4276
6071 4274
6072 4266
6073 4274
6074 4269
6075 4276
6076 4266
6077 4275
6078 4266
6079 4274
6080 4266
6081 4274
6082 4266
6083 4275
6084 4266
6085 4274
6086 4266
6087 4276
6088 4266
6089 4275
6090 4266
6091 4275
6092 4285
6093 4271
6094 4267
6095 4275
6096 4314
6097 4334
6098 4331
6099 4322
6100 4270
6101 4270
6102 4331
6103 4322
6104 4266
6105 4275
6106 4269
6107 4275
6108 4309
6109 4321
6110 4270
6111 4262
6112 4309
6113 4321
6114 4266
6115 4275
6116 4266
6117 4261
6118 4310
6119 4332
6120 4336
6121 4333
6122 4331
6123 4332
6124 4331
6125 4332
6126 4331
6127 4321
6128 4270
6129 4275
6130 4269
6131 4276
6132 4269
6133 4275
6134 4266
6135 4261
6136 4266
6137 4274
6138 4266
6139 4261
6140 4266
6141 4276
6142 4266
6143 4260
6144 4269
6145 4277
6146 4266
6147 4274
6148 4269
6149 4274
6150 4266
6151 4277
6152 4266
6153 4274
6154 4269
6155 4276
6156 4266
6157 4274
6158 4266
6159 4274
6160 4266
6161 4274
6162 4269
6163 4276
6164 4269
6165 4276
6166 4266
6167 4274
6168 4266
6169 4274
6170 4266
6171 4274
6172 4266
6173 4275
6174 4264
6175 4274
6176 4267
6177 4274
6178 4266
6179 4274
6180 4266
6181 4261
6182 4266
6183 4276
6184 4266
6185 4274
6186 4269
6187 4274
6188 4266
6189 4274
6190 4266
6191 4276
6192 4266
6193 4274
6194 4266
6195 4274
6196 4266
6197 4274
6198 4266
6199 4261
6200 4266
6201 4276
6202 4266
6203 4274
6204 4269
6205 4276
6206 4266
6207 4274
6208 4266
6209 4276
6210 4266
6211 4274
6212 4266
6213 4276
6214 4266
6215 4274
6216 4267
6217 4275
6218 4266
6219 4276
6220 4266
6221 4274
6222 4266
6223 4274
6224 4266
6225 4274
6226 4266
6227 4260
6228 4269
6229 4274
6230 4266
6231 4276
6232 4266
6233 4276
6234 4266
6235 4274
6236 4266
6237 4274
6238 4266
6239 4274
6240 4266
6241 4274
6242 4266
6243 4276
6244 4266
6245 4276
6246 4266
6247 4276
6248 4266
6249 4274
6250 4266
6251 4274
6252 4266
6253 4276
6254 4266
6255 4276
6256 4266
6257 4260
6258 4275
6259 4277
6260 4265
6261 4274
6262 4266
6263 4274
6264 4266
6265 4276
6266 4266
6267 4276
6268 4269
6269 4276
6270 4266
6271 4274
6272 4266
6273 4274
6274 4266
6275 4276
6276 4266
6277 4274
6278 4266
6279 4274
6280 4269
6281 4276
6282 4274
6283 4274
6284 4269
6285 4274
6286 4278
6287 4262
6288 4266
6289 4274
6290 4266
6291 4275
6292 4266
6293 4261
6294 4267
6295 4275
6296 4266
6297 4275
6298 4309
6299 4332
6300 4331
6301 4321
6302 4267
6303 4275
6304 4266
6305 4275
6306 4266
6307 4275
6308 4266
6309 4275
6310 4266
6311 4274
6312 4269
6313 4274
6314 4266
6315 4275
6316 4266
6317 4274
6318 4268
6319 4275
6320 4269
6321 4277
6322 4266
6323 4275
6324 4266
6325 4274
6326 4266
6327 4275
6328 4266
6329 4274
6330 4266
6331 4277
6332 4266
6333 4261
6334 4266
6335 4274
6336 4266
6337 4274
6338 4266
6339 4275
6340 4266
6341 4276
6342 4270
6343 4274
6344 4266
6345 4275
6346 4265
6347 4274
6348 4270
6349 4261
6350 4309
6351 4332
6352 4331
6353 4321
6354 4270
6355 4261
6356 4266
6357 4275
6358 4266
6359 4274
6360 4266
6361 4276
6362 4309
6363 4332
6364 4331
6365 4331
6366 4331
6367 4332
6368 4331
6369 4332
6370 4331
6371 4322
6372 4266
6373 4274
6374 4270
6375 4275
6376 4309
6377 4332
6378 4331
6379 4321
6380 4266
6381 4274
6382 4266
6383 4275
6384 4276
6385 4275
6386 4309
6387 4334
6388 4289
6389 4275
6390 4266
6391 4274
6392 4269
6393 4274
6394 4266
6395 4261
6396 4266
6397 4261
6398 4269
6399 4260
6400 4266
6401 4275
6402 4266
6403 4278
6404 4265
6405 4276
6406 4260
6407 4275
6408 4266
6409 4274
6410 4266
6411 4274
6412 4266
6413 4275
6414 4266
6415 4274
6416 4266
6417 4276
6418 4266
6419 4275
6420 4266
6421 4274
6422 4266
6423 4274
6424 4266
6425 4275
6426 4260
6427 4260
6428 4266
6429 4276
6430 4266
6431 4277
6432 4269
6433 4274
6434 4266
6435 4276
6436 4266
6437 4276
6438 4266
6439 4274
6440 4266
6441 4276
6442 4266
6443 4274
6444 4266
6445 4274
6446 4267
6447 4261
6448 4266
6449 4276
6450 4266
6451 4274
6452 4266
6453 4260
6454 4266
6455 4274
6456 4269
6457 4274
6458 4266
6459 4274
6460 4266
6461 4274
6462 4266
6463 4275
6464 4266
6465 4274
6466 4266
6467 4274
6468 4266
6469 4276
6470 4265
6471 4276
6472 4276
6473 4277
6474 4266
6475 4261
6476 4266
6477 4260
6478 4266
6479 4261
6480 4266
6481 4261
6482 4275
6483 4274
6484 4266
6485 4274
6486 4266
6487 4276
6488 4266
6489 4277
6490 4265
6491 4274
6492 4269
6493 4260
6494 4269
6495 4260
6496 4269
6497 4274
6498 4266
6499 4274
6500 4266
6501 4274
6502 4269
6503 4274
6504 4266
6505 4274
6506 4266
6507 4276
6508 4266
6509 4273
6510 4266
6511 4274
6512 4266
6513 4274
6514 4266
6515 4274
6516 4266
6517 4274
6518 4266
6519 4274
6520 4266
6521 4261
6522 4266
6523 4260
6524 4266
6525 4274
6526 4266
6527 4274
6528 4269
6529 4274
6530 4266
6531 4274
6532 4267
6533 4275
6534 4266
6535 4274
6536 4266
6537 4274
6538 4309
6539 4321
6540 4266
6541 4260
6542 4266
6543 4274
6544 4266
6545 4261
6546 4266
6547 4277
6548 4267
6549 4275
6550 4266
6551 4275
6552 4309
6553 4331
6554 4331
6555 4332
6556 4331
6557 4332
6558 4331
6559 4331
6560 4331
6561 4321
6562 4266
6563 4275
6564 4266
6565 4275
6566 4266
6567 4275
6568 4266
6569 4275
6570 4269
6571 4275
6572 4269
6573 4275
6574 4266
6575 4276
6576 4308
6577 4321
6578 4309
6579 4321
6580 4269
6581 4261
6582 4269
6583 4275
6584 4266
6585 4274
6586 4266
6587 4275
6588 4266
6589 4261
6590 4269
6591 4275
6592 4266
6593 4283
6594 4323
6595 4349
6596 4338
6597 4333
6598 4336
6599 4332
6600 4336
6601 4334
6602 4331
6603 4332
6604 4331
6605 4321
6606 4267
6607 4275
6608 4266
6609 4277
6610 4266
6611 4275
6612 4269
6613 4261
6614 4266
6615 4275
6616 4277
6617 4274
6618 4268
6619 4275
6620 4266
6621 4275
6622 4266
6623 4274
6624 4309
6625 4332
6626 4331
6627 4332
6628 4331
6629 4324
6630 4266
6631 4275
6632 4266
6633 4276
6634 4266
6635 4275
6636 4309
6637 4321
6638 4270
6639 4275
6640 4266
6641 4274
6642 4309
6643 4321
6644 4309
6645 4321
6646 4266
6647 4274
6648 4269
6649 4275
6650 4269
6651 4274
6652 4269
6653 4274
6654 4269
6655 4272
6656 4331
6657 4321
6658 4266
6659 4274
6660 4266
6661 4276
6662 4265
6663 4276
6664 4266
6665 4276
6666 4266
6667 4275
6668 4266
6669 4274
6670 4266
6671 4261
6672 4266
6673 4277
6674 4269
6675 4274
6676 4266
6677 4275
6678 4266
6679 4275
6680 4270
6681 4275
6682 4266
6683 4275
6684 4266
6685 4261
6686 4269
6687 4275
6688 4266
6689 4275
6690 4270
6691 4261
6692 4266
6693 4275
6694 4266
6695 4275
6696 4266
6697 4273
6698 4269
6699 4261
6700 4309
6701 4321
6702 4266
6703 4275
6704 4266
6705 4274
6706 4266
6707 4275
6708 4269
6709 4275
6710 4266
6711 4275
6712 4269
6713 4275
6714 4266
6715 4274
6716 4270
6717 4275
6718 4266
6719 4275
6720 4266
6721 4275
6722 4266
6723 4277
6724 4304
6725 4332
6726 4331
6727 4331
6728 4287
6729 4274
6730 4266
6731 4261
6732 4266
6733 4274
6734 4269
6735 4260
6736 4266
6737 4261
6738 4266
6739 4275
6740 4265
6741 4260
6742 4266
6743 4275
6744 4266
6745 4274
6746 4269
6747 4274
6748 4266
6749 4275
6750 4266
6751 4274
6752 4269
6753 4274
6754 4266
6755 4261
6756 4266
6757 4274
6758 4269
6759 4274
6760 4275
6761 4275
6762 4266
6763 4274
6764 4266
6765 4274
6766 4269
6767 4275
6768 4266
6769 4274
6770 4266
6771 4260
6772 4266
6773 4277
6774 4266
6775 4274
6776 4266
6777 4274
6778 4269
6779 4275
6780 4269
6781 4261
6782 4267
6783 4275
6784 4266
6785 4261
6786 4269
6787 4274
6788 4266
6789 4274
6790 4266
6791 4275
6792 4269
6793 4274
6794 4266
6795 4274
6796 4266
6797 4277
6798 4269
6799 4274
6800 4266
6801 4276
6802 4266
6803 4275
6804 4266
6805 4276
6806 4266
6807 4274
6808 4266
6809 4275
6810 4266
6811 4274
6812 4266
6813 4274
6814 4266
6815 4275
6816 4266
6817 4274
6818 4266
6819 4261
6820 4266
6821 4261
6822 4275
6823 4274
6824 4266
6825 4277
6826 4274
6827 4276
6828 4266
6829 4276
6830 4266
6831 4260
6832 4266
6833 4276
6834 4266
6835 4276
6836 4266
6837 4260
6838 4266
6839 4276
6840 4266
6841 4276
6842 4270
6843 4261
6844 4266
6845 4274
6846 4266
6847 4276
6848 4269
6849 4274
6850 4269
6851 4275
6852 4266
6853 4274
6854 4266
6855 4274
6856 4266
6857 4274
6858 4266
6859 4274
6860 4266
6861 4261
6862 4269
6863 4275
6864 4269
6865 4274
6866 4269
6867 4274
6868 4267
6869 4261
6870 4266
6871 4274
6872 4266
6873 4274
6874 4266
6875 4274
6876 4266
6877 4274
6878 4266
6879 4274
6880 4309
6881 4331
6882 4331
6883 4321
6884 4269
6885 4275
6886 4269
6887 4274
6888 4266
6889 4274
6890 4266
6891 4274
6892 4266
6893 4274
6894 4266
6895 4260
6896 4309
6897 4322
6898 4266
6899 4274
6900 4266
6901 4274
6902 4266
6903 4274
6904 4266
6905 4274
6906 4266
6907 4274
6908 4266
6909 4274
6910 4269
6911 4262
6912 4265
6913 4274
6914 4266
6915 4274
6916 4269
6917 4274
6918 4266
6919 4274
6920 4269
6921 4275
6922 4266
6923 4276
6924 4266
6925 4274
6926 4269
6927 4275
6928 4266
6929 4274
6930 4266
6931 4264
6932 4267
6933 4275
6934 4266
6935 4274
6936 4266
6937 4261
6938 4275
6939 4275
6940 4266
6941 4274
6942 4266
6943 4274
6944 4266
6945 4261
6946 4266
6947 4274
6948 4266
6949 4289
6950 4270
6951 4274
6952 4269
6953 4275
6954 4266
6955 4275
6956 4266
6957 4261
6958 4267
6959 4275
6960 4266
6961 4275
6962 4266
6963 4274
6964 4266
6965 4277
6966 4266
6967 4261
6968 4267
6969 4261
6970 4276
6971 4277
6972 4266
6973 4275
6974 4309
6975 4321
6976 4266
6977 4275
6978 4266
6979 4275
6980 4269
6981 4275
6982 4266
6983 4275
6984 4266
6985 4275
6986 4266
6987 4274
6988 4266
6989 4274
6990 4269
6991 4274
6992 4266
6993 4274
6994 4266
6995 4260
6996 4266
6997 4274
6998 4269
6999 4274
7000 4269
7001 4275
7002 4266
7003 4274
7004 4266
7005 4274
7006 4266
7007 4274
7008 4266
7009 4280
7010 4266
7011 4275
7012 4309
7013 4332
7014 4331
7015 4321
7016 4266
7017 4277
7018 4266
7019 4275
7020 4309
7021 4321
7022 4270
7023 4275
7024 4309
7025 4322
7026 4266
7027 4278
7028 4275
7029 4274
7030 4266
7031 4274
7032 4309
7033 4332
7034 4331
7035 4321
7036 4309
7037 4321
7038 4266
7039 4270
7040 4331
7041 4331
7042 4331
7043 4331
7044 4331
7045 4322
7046 4276
7047 4275
7048 4266
7049 4275
7050 4266
7051 4270
7052 4331
7053 4321
7054 4309
7055 4321
7056 4309
7057 4332
7058 4331
7059 4324
7060 4267
7061 4275
7062 4266
7063 4261
7064 4269
7065 4261
7066 4266
7067 4274
7068 4269
7069 4261
7070 4267
7071 4274
7072 4266
7073 4276
7074 4266
7075 4277
7076 4266
7077 4275
7078 4269
7079 4274
7080 4266
7081 4276
7082 4269
7083 4260
7084 4266
7085 4276
7086 4266
7087 4274
7088 4269
7089 4276
7090 4266
7091 4274
7092 4266
7093 4274
7094 4269
7095 4274
7096 4277
7097 4293
7098 4288
7099 4279
7100 4270
7101 4284
7102 4334
7103 4331
7104 4292
7105 4277
7106 4270
7107 4275
7108 4266
7109 4276
7110 4266
7111 4276
7112 4266
7113 4285
7114 4330
7115 4331
7116 4330
7117 4331
7118 4286
7119 4261
7120 4266
7121 4276
7122 4266
7123 4274
7124 4266
7125 4277
7126 4266
7127 4274
7128 4266
7129 4275
7130 4266
7131 4277
7132 4266
7133 4274
7134 4266
7135 4275
7136 4276
7137 4274
7138 4266
7139 4276
7140 4269
7141 4261
7142 4269
7143 4274
7144 4266
7145 4261
7146 4266
7147 4275
7148 4275
7149 4274
7150 4266
7151 4275
7152 4269
7153 4275
7154 4266
7155 4276
7156 4267
7157 4260
7158 4266
7159 4276
7160 4266
7161 4276
7162 4269
7163 4276
7164 4266
7165 4274
7166 4275
7167 4274
7168 4266
7169 4276
7170 4266
7171 4276
7172 4266
7173 4260
7174 4266
7175 4260
7176 4266
7177 4261
7178 4266
7179 4274
7180 4266
7181 4274
7182 4266
7183 4275
7184 4266
7185 4261
7186 4269
7187 4274
7188 4266
7189 4275
7190 4266
7191 4274
7192 4266
7193 4274
7194 4266
7195 4274
7196 4266
7197 4274
7198 4275
7199 4262
7200 4265
7201 4274
7202 4309
7203 4331
7204 4331
7205 4321
7206 4266
7207 4274
7208 4266
7209 4274
7210 4266
7211 4274
7212 4266
7213 4274
7214 4268
7215 4263
7216 4269
7217 4274
7218 4266
7219 4270
7220 4331
7221 4331
7222 4331
7223 4321
7224 4266
7225 4275
7226 4266
7227 4275
7228 4309
7229 4321
7230 4309
7231 4322
7232 4266
7233 4275
7234 4266
7235 4260
7236 4266
7237 4275
7238 4269
7239 4274
7240 4266
7241 4275
7242 4268
7243 4275
7244 4266
7245 4274
7246 4309
7247 4321
7248 4267
7249 4275
7250 4309
7251 4324
7252 4270
7253 4275
7254 4270
7255 4275
7256 4266
7257 4275
7258 4269
7259 4270
7260 4331
7261 4332
7262 4331
7263 4321
7264 4309
7265 4331
7266 4331
7267 4322
7268 4270
7269 4275
7270 4269
7271 4274
7272 4309
7273 4322
7274 4266
7275 4274
7276 4309
7277 4321
7278 4266
7279 4275
7280 4266
7281 4274
7282 4309
7283 4332
7284 4331
7285 4333
7286 4330
7287 4321
7288 4309
7289 4321
7290 4309
7291 4332
7292 4331
7293 4321
7294 4309
7295 4321
7296 4266
7297 4275
7298 4267
7299 4275
7300 4266
7301 4274
7302 4266
7303 4275
7304 4266
7305 4274
7306 4309
7307 4321
7308 4309
7309 4322
7310 4308
7311 4331
7312 4331
7313 4321
7314 4266
7315 4261
7316 4270
7317 4274
7318 4266
7319 4274
7320 4309
7321 4330
7322 4330
7323 4321
7324 4269
7325 4276
7326 4266
7327 4261
7328 4266
7329 4274
7330 4275
7331 4276
7332 4266
7333 4276
7334 4266
7335 4260
7336 4266
7337 4261
7338 4266
7339 4274
7340 4266
7341 4274
7342 4270
7343 4277
7344 4266
7345 4275
7346 4266
7347 4275
7348 4309
7349 4322
7350 4309
7351 4321
7352 4309
7353 4321
7354 4266
7355 4275
7356 4266
7357 4275
7358 4309
7359 4321
7360 4266
7361 4275
7362 4309
7363 4335
7364 4330
7365 4331
7366 4331
7367 4332
7368 4331
7369 4331
7370 4331
7371 4332
7372 4331
7373 4321
7374 4309
7375 4332
7376 4331
7377 4321
7378 4266
7379 4274
7380 4309
7381 4332
7382 4331
7383 4321
7384 4266
7385 4275
7386 4309
7387 4321
7388 4270
7389 4274
7390 4266
7391 4261
7392 4309
7393 4332
7394 4331
7395 4324
7396 4267
7397 4275
7398 4266
7399 4276
7400 4266
7401 4274
7402 4266
7403 4275
7404 4266
7405 4274
7406 4277
7407 4275
7408 4266
7409 4277
7410 4266
7411 4274
7412 4266
7413 4274
7414 4266
7415 4277
7416 4266
7417 4274
7418 4266
7419 4274
7420 4266
7421 4275
7422 4269
7423 4274
7424 4269
7425 4276
7426 4269
7427 4275
7428 4266
7429 4274
7430 4269
7431 4274
7432 4266
7433 4277
7434 4269
7435 4274
7436 4266
7437 4274
7438 4269
7439 4261
7440 4266
7441 4276
7442 4266
7443 4274
7444 4266
7445 4275
7446 4266
7447 4274
7448 4266
7449 4278
7450 4265
7451 4274
7452 4269
7453 4260
7454 4266
7455 4276
7456 4266
7457 4275
7458 4269
7459 4276
7460 4266
7461 4274
7462 4269
7463 4275
7464 4266
7465 4276
7466 4266
7467 4274
7468 4266
7469 4275
7470 4269
7471 4276
7472 4266
7473 4274
7474 4266
7475 4277
7476 4266
7477 4261
7478 4266
7479 4261
7480 4266
7481 4274
7482 4266
7483 4274
7484 4269
7485 4274
7486 4266
7487 4274
7488 4266
7489 4261
7490 4266
7491 4260
7492 4270
7493 4274
7494 4275
7495 4260
7496 4266
7497 4261
7498 4266
7499 4276
7500 4266
7501 4260
7502 4266
7503 4276
7504 4266
7505 4276
7506 4266
7507 4276
7508 4275
7509 4264
7510 4266
7511 4274
7512 4266
7513 4274
7514 4266
7515 4275
7516 4269
7517 4274
7518 4269
7519 4274
7520 4266
7521 4275
7522 4266
7523 4274
7524 4269
7525 4260
7526 4275
7527 4274
7528 4266
7529 4274
7530 4309
7531 4321
7532 4269
7533 4277
7534 4266
7535 4275
7536 4308
7537 4321
7538 4269
7539 4274
7540 4266
7541 4274
7542 4266
7543 4274
7544 4266
7545 4275
7546 4266
7547 4274
7548 4266
7549 4274
7550 4266
7551 4274
7552 4266
7553 4274
7554 4266
7555 4274
7556 4266
7557 4275
7558 4269
7559 4274
7560 4266
7561 4274
7562 4309
7563 4331
7564 4331
7565 4331
7566 4331
7567 4321
7568 4266
7569 4274
7570 4266
7571 4274
7572 4267
7573 4274
7574 4267
7575 4277
7576 4270
7577 4274
7578 4267
7579 4274
7580 4309
7581 4331
7582 4330
7583 4331
7584 4331
7585 4331
7586 4331
7587 4335
7588 4331
7589 4332
7590 4335
7591 4332
7592 4336
7593 4323
7594 4266
7595 4276
7596 4266
7597 4274
7598 4267
7599 4275
7600 4296
7601 4294
7602 4274
7603 4277
7604 4273
7605 4277
7606 4268
7607 4278
7608 4278
7609 4277
7610 4278
7611 4278
7612 4278
7613 4276
7614 4278
7615 4277
7616 4286
7617 4286
7618 4334
7619 4338
7620 4334
7621 4324
7622 4262
7623 4276
7624 4278
7625 4278
7626 4278
7627 4277
7628 4278
7629 4277
7630 4278
7631 4277
7632 4278
7633 4265
7634 4278
7635 4278
7636 4278
7637 4277
7638 4263
7639 4275
7640 4278
7641 4277
7642 4278
7643 4265
7644 4278
7645 4265
7646 4278
7647 4277
7648 4278
7649 4277
7650 4272
7651 4277
7652 4263
7653 4266
7654 4268
7655 4265
7656 4269
7657 4275
7658 4262
7659 4277
7660 4277
7661 4276
7662 4278
7663 4276
7664 4277
7665 4276
7666 4277
7667 4278
7668 4304
7669 4333
7670 4332
7671 4333
7672 4332
7673 4333
7674 4332
7675 4333
7676 4333
7677 4326
7678 4278
7679 4276
7680 4278
7681 4276
7682 4278
7683 4277
7684 4278
7685 4276
7686 4263
7687 4265
7688 4278
7689 4277
7690 4262
7691 4277
7692 4277
7693 4265
7694 4263
7695 4277
7696 4278
7697 4277
7698 4278
7699 4280
7700 4262
7701 4277
7702 4278
7703 4276
7704 4272
7705 4277
7706 4278
7707 4277
7708 4278
7709 4276
7710 4271
7711 4276
7712 4271
7713 4277
7714 4278
7715 4278
7716 4278
7717 4277
7718 4278
7719 4277
7720 4278
7721 4277
7722 4262
7723 4276
7724 4277
7725 4277
7726 4278
7727 4265
7728 4278
7729 4276
7730 4277
7731 4280
7732 4270
7733 4277
7734 4277
7735 4278
7736 4277
7737 4265
7738 4277
7739 4276
7740 4277
7741 4276
7742 4279
7743 4265
7744 4277
7745 4276
7746 4262
7747 4278
7748 4277
7749 4277
7750 4277
7751 4265
7752 4277
7753 4278
7754 4277
7755 4277
7756 4277
7757 4278
7758 4277
7759 4276
7760 4262
7761 4279
7762 4277
7763 4276
7764 4277
7765 4265
7766 4277
7767 4279
7768 4262
7769 4278
7770 4277
7771 4278
7772 4277
7773 4277
7774 4277
7775 4276
7776 4277
7777 4278
7778 4277
7779 4276
7780 4262
7781 4278
7782 4277
7783 4279
7784 4279
7785 4278
7786 4276
7787 4276
7788 4283
7789 4278
7790 4262
7791 4277
7792 4277
7793 4278
7794 4277
7795 4276
7796 4278
7797 4276
7798 4277
7799 4265
7800 4277
7801 4277
7802 4277
7803 4278
7804 4277
7805 4278
7806 4277
7807 4278
7808 4277
7809 4276
7810 4262
7811 4276
7812 4277
7813 4279
7814 4277
7815 4278
7816 4304
7817 4333
7818 4332
7819 4333
7820 4332
7821 4325
7822 4277
7823 4276
7824 4277
7825 4278
7826 4277
7827 4276
7828 4305
7829 4333
7830 4332
7831 4333
7832 4332
7833 4333
7834 4332
7835 4333
7836 4332
7837 4333
7838 4332
7839 4333
7840 4332
7841 4333
7842 4336
7843 4323
7844 4278
7845 4276
7846 4277
7847 4276
7848 4277
7849 4278
7850 4277
7851 4278
7852 4277
7853 4276
7854 4277
7855 4276
7856 4278
7857 4276
7858 4277
7859 4265
7860 4277
7861 4276
7862 4277
7863 4276
7864 4277
7865 4276
7866 4277
7867 4276
7868 4277
7869 4276
7870 4277
7871 4277
7872 4276
7873 4278
7874 4278
7875 4276
7876 4277
7877 4276
7878 4277
7879 4278
7880 4277
7881 4276
7882 4262
7883 4265
7884 4277
7885 4276
7886 4279
7887 4264
7888 4278
7889 4265
7890 4278
7891 4277
7892 4278
7893 4276
7894 4263
7895 4276
7896 4277
7897 4266
7898 4277
7899 4276
7900 4277
7901 4276
7902 4278
7903 4277
7904 4278
7905 4276
7906 4277
7907 4276
7908 4278
7909 4277
7910 4263
7911 4276
7912 4277
7913 4275
7914 4267
7915 4275
7916 4309
7917 4321
7918 4266
7919 4275
7920 4309
7921 4332
7922 4331
7923 4324
7924 4266
7925 4275
7926 4266
7927 4261
7928 4266
7929 4275
7930 4276
7931 4274
7932 4269
7933 4275
7934 4268
7935 4277
7936 4270
7937 4274
7938 4309
7939 4322
7940 4266
7941 4275
7942 4266
7943 4275
7944 4266
7945 4275
7946 4266
7947 4275
7948 4269
7949 4276
7950 4269
7951 4275
7952 4266
7953 4275
7954 4266
7955 4275
7956 4270
7957 4276
7958 4268
7959 4274
7960 4266
7961 4275
7962 4266
7963 4275
7964 4266
7965 4275
7966 4266
7967 4274
7968 4266
7969 4275
7970 4266
7971 4275
7972 4309
7973 4321
7974 4309
7975 4332
7976 4331
7977 4332
7978 4331
7979 4321
7980 4266
7981 4261
7982 4266
7983 4274
7984 4266
7985 4274
7986 4266
7987 4279
7988 4267
7989 4274
7990 4266
7991 4276
7992 4266
7993 4260
7994 4266
7995 4260
7996 4266
7997 4276
7998 4269
7999 4274
8000 4267
8001 4274
8002 4269
8003 4260
8004 4266
8005 4274
8006 4266
8007 4274
8008 4266
8009 4264
8010 4270
8011 4274
8012 4270
8013 4275
8014 4266
8015 4261
8016 4266
8017 4261
8018 4266
8019 4275
8020 4266
8021 4275
8022 4266
8023 4274
8024 4266
8025 4274
8026 4266
8027 4275
8028 4266
8029 4274
8030 4277
8031 4276
8032 4266
8033 4274
8034 4266
8035 4275
8036 4309
8037 4331
8038 4331
8039 4321
8040 4276
8041 4275
8042 4269
8043 4278
8044 4308
8045 4321
8046 4266
8047 4275
8048 4269
8049 4274
8050 4309
8051 4321
8052 4266
8053 4275
8054 4266
8055 4275
8056 4309
8057 4332
8058 4331
8059 4322
8060 4266
8061 4261
8062 4269
8063 4274
8064 4266
8065 4275
8066 4266
8067 4277
8068 4268
8069 4275
8070 4266
8071 4275
8072 4266
8073 4275
8074 4309
8075 4331
8076 4331
8077 4322
8078 4270
8079 4275
8080 4309
8081 4321
8082 4266
8083 4261
8084 4269
8085 4275
8086 4310
8087 4321
8088 4266
8089 4275
8090 4266
8091 4275
8092 4266
8093 4275
8094 4266
8095 4275
8096 4309
8097 4332
8098 4331
8099 4332
8100 4331
8101 4339
8102 4350
8103 4345
8104 4337
8105 4332
8106 4332
8107 4334
8108 4331
8109 4331
8110 4330
8111 4332
8112 4331
8113 4321
8114 4266
8115 4261
8116 4266
8117 4261
8118 4266
8119 4274
8120 4266
8121 4332
8122 4287
8123 4277
8124 4266
8125 4277
8126 4266
8127 4274
8128 4266
8129 4277
8130 4269
8131 4275
8132 4266
8133 4274
8134 4266
8135 4277
8136 4266
8137 4274
8138 4266
8139 4276
8140 4275
8141 4275
8142 4265
8143 4275
8144 4269
8145 4274
8146 4266
8147 4275
8148 4266
8149 4260
8150 4269
8151 4274
8152 4269
8153 4262
8154 4269
8155 4261
8156 4266
8157 4274
8158 4266
8159 4274
8160 4266
8161 4274
8162 4266
8163 4262
8164 4274
8165 4276
8166 4266
8167 4274
8168 4269
8169 4261
8170 4269
8171 4276
8172 4266
8173 4274
8174 4276
8175 4275
8176 4267
8177 4275
8178 4266
8179 4274
8180 4266
8181 4275
8182 4309
8183 4332
8184 4331
8185 4322
8186 4266
8187 4275
8188 4266
8189 4274
8190 4269
8191 4274
8192 4309
8193 4322
8194 4266
8195 4276
8196 4309
8197 4321
8198 4269
8199 4275
8200 4309
8201 4321
8202 4266
8203 4274
8204 4269
8205 4275
8206 4270
8207 4274
8208 4266
8209 4274
8210 4309
8211 4321
8212 4266
8213 4274
8214 4266
8215 4274
8216 4266
8217 4275
8218 4309
8219 4321
8220 4266
8221 4274
8222 4266
8223 4262
8224 4309
8225 4321
8226 4266
8227 4275
8228 4266
8229 4275
8230 4266
8231 4274
8232 4309
8233 4332
8234 4331
8235 4332
8236 4331
8237 4331
8238 4331
8239 4322
8240 4270
8241 4275
8242 4309
8243 4321
8244 4270
8245 4275
8246 4266
8247 4270
8248 4331
8249 4332
8250 4330
8251 4322
8252 4266
8253 4275
8254 4268
8255 4262
8256 4266
8257 4277
8258 4266
8259 4274
8260 4269
8261 4274
8262 4266
8263 4277
8264 4266
8265 4274
8266 4269
8267 4274
8268 4266
8269 4277
8270 4266
8271 4260
8272 4266
8273 4274
8274 4266
8275 4276
8276 4276
8277 4274
8278 4266
8279 4274
8280 4266
8281 4261
8282 4269
8283 4275
8284 4267
8285 4275
8286 4309
8287 4332
8288 4331
8289 4321
8290 4266
8291 4275
8292 4268
8293 4275
8294 4266
8295 4275
8296 4266
8297 4275
8298 4309
8299 4332
8300 4331
8301 4321
8302 4276
8303 4275
8304 4309
8305 4332
8306 4331
8307 4321
8308 4309
8309 4322
8310 4276
8311 4275
8312 4309
8313 4321
8314 4266
8315 4261
8316 4266
8317 4275
8318 4269
8319 4261
8320 4266
8321 4275
8322 4276
8323 4278
8324 4270
8325 4274
8326 4266
8327 4274
8328 4266
8329 4261
8330 4269
8331 4274
8332 4266
8333 4274
8334 4268
8335 4276
8336 4265
8337 4274
8338 4266
8339 4275
8340 4266
8341 4275
8342 4270
8343 4275
8344 4266
8345 4275
8346 4266
8347 4275
8348 4276
8349 4275
8350 4266
8351 4275
8352 4270
8353 4275
8354 4266
8355 4275
8356 4266
8357 4275
8358 4266
8359 4261
8360 4270
8361 4275
8362 4269
8363 4274
8364 4270
8365 4261
8366 4267
8367 4276
8368 4266
8369 4274
8370 4309
8371 4321
8372 4276
8373 4276
8374 4266
8375 4276
8376 4266
8377 4275
8378 4267
8379 4261
8380 4267
8381 4275
8382 4309
8383 4332
8384 4331
8385 4332
8386 4331
8387 4321
8388 4266
8389 4275
8390 4266
8391 4274
8392 4266
8393 4260
8394 4266
8395 4277
8396 4266
8397 4261
8398 4266
8399 4274
8400 4266
8401 4275
8402 4266
8403 4277
8404 4277
8405 4261
8406 4309
8407 4322
8408 4309
8409 4321
8410 4266
8411 4275
8412 4266
8413 4275
8414 4269
8415 4275
8416 4269
8417 4275
8418 4266
8419 4275
8420 4266
8421 4262
8422 4275
8423 4274
8424 4309
8425 4322
8426 4309
8427 4321
8428 4270
8429 4270
8430 4331
8431 4322
8432 4266
8433 4275
8434 4266
8435 4274
8436 4267
8437 4275
8438 4266
8439 4275
8440 4269
8441 4275
8442 4270
8443 4275
8444 4266
8445 4274
8446 4266
8447 4275
8448 4269
8449 4275
8450 4266
8451 4275
8452 4269
8453 4275
8454 4309
8455 4332
8456 4331
8457 4331
8458 4331
8459 4321
8460 4266
8461 4275
8462 4266
8463 4275
8464 4267
8465 4275
8466 4309
8467 4332
8468 4331
8469 4331
8470 4331
8471 4321
8472 4309
8473 4322
8474 4309
8475 4321
8476 4309
8477 4321
8478 4270
8479 4275
8480 4266
8481 4270
8482 4331
8483 4376
8484 4294
8485 4284
8486 4335
8487 4331
8488 4336
8489 4323
8490 4269
8491 4277
8492 4266
8493 4276
8494 4269
8495 4274
8496 4275
8497 4277
8498 4266
8499 4274
8500 4266
8501 4276
8502 4275
8503 4274
8504 4266
8505 4274
8506 4266
8507 4275
8508 4274
8509 4271
8510 4266
8511 4274
8512 4266
8513 4274
8514 4266
8515 4275
8516 4266
8517 4274
8518 4266
8519 4260
8520 4266
8521 4274
8522 4269
8523 4274
8524 4266
8525 4274
8526 4275
8527 4275
8528 4266
8529 4274
8530 4266
8531 4274
8532 4266
8533 4274
8534 4266
8535 4274
8536 4266
8537 4274
8538 4266
8539 4274
8540 4266
8541 4274
8542 4266
8543 4274
8544 4266
8545 4274
8546 4266
8547 4274
8548 4275
8549 4260
8550 4267
8551 4274
8552 4266
8553 4260
8554 4269
8555 4274
8556 4266
8557 4275
8558 4266
8559 4260
8560 4266
8561 4274
8562 4266
8563 4274
8564 4269
8565 4274
8566 4266
8567 4274
8568 4266
8569 4274
8570 4266
8571 4274
8572 4266
8573 4274
8574 4266
8575 4274
8576 4266
8577 4274
8578 4266
8579 4274
8580 4266
8581 4275
8582 4266
8583 4274
8584 4269
8585 4283
8586 4330
8587 4321
8588 4266
8589 4274
8590 4278
8591 4262
8592 4309
8593 4323
8594 4265
8595 4261
8596 4266
8597 4274
8598 4266
8599 4261
8600 4266
8601 4275
8602 4266
8603 4274
8604 4275
8605 4278
8606 4278
8607 4263
8608 4273
8609 4275
8610 4314
8611 4334
8612 4331
8613 4322
8614 4267
8615 4274
8616 4270
8617 4261
8618 4266
8619 4270
8620 4331
8621 4321
8622 4276
8623 4261
8624 4266
8625 4278
8626 4266
8627 4275
8628 4266
8629 4261
8630 4270
8631 4275
8632 4266
8633 4274
8634 4266
8635 4275
8636 4271
8637 4275
8638 4309
8639 4331
8640 4331
8641 4321
8642 4270
8643 4261
8644 4269
8645 4283
8646 4331
8647 4322
8648 4266
8649 4274
8650 4266
8651 4275
8652 4266
8653 4275
8654 4266
8655 4274
8656 4276
8657 4274
8658 4266
8659 4278
8660 4267
8661 4274
8662 4266
8663 4276
8664 4266
8665 4261
8666 4266
8667 4274
8668 4266
8669 4274
8670 4266
8671 4275
8672 4266
8673 4274
8674 4266
8675 4274
8676 4266
8677 4275
8678 4270
8679 4276
8680 4275
8681 4274
8682 4276
8683 4277
8684 4266
8685 4274
8686 4266
8687 4275
8688 4266
8689 4275
8690 4309
8691 4332
8692 4331
8693 4321
8694 4270
8695 4275
8696 4266
8697 4260
8698 4266
8699 4275
8700 4276
8701 4275
8702 4309
8703 4331
8704 4331
8705 4321
8706 4266
8707 4275
8708 4266
8709 4275
8710 4266
8711 4274
8712 4266
8713 4275
8714 4266
8715 4261
8716 4269
8717 4275
8718 4266
8719 4275
8720 4266
8721 4274
8722 4266
8723 4275
8724 4270
8725 4261
8726 4270
8727 4275
8728 4266
8729 4260
8730 4266
8731 4275
8732 4266
8733 4274
8734 4265
8735 4275
8736 4266
8737 4275
8738 4309
8739 4325
8740 4267
8741 4274
8742 4266
8743 4275
8744 4309
8745 4332
8746 4331
8747 4321
8748 4266
8749 4275
8750 4268
8751 4278
8752 4266
8753 4275
8754 4309
8755 4332
8756 4287
8757 4274
8758 4266
8759 4275
8760 4309
8761 4322
8762 4266
8763 4274
8764 4266
8765 4261
8766 4266
8767 4275
8768 4270
8769 4274
8770 4266
8771 4274
8772 4266
8773 4275
8774 4266
8775 4274
8776 4266
8777 4274
8778 4309
8779 4322
8780 4309
8781 4321
8782 4310
8783 4321
8784 4266
8785 4275
8786 4266
8787 4274
8788 4266
8789 4274
8790 4266
8791 4275
8792 4309
8793 4321
8794 4266
8795 4274
8796 4309
8797 4322
8798 4266
8799 4261
8800 4266
8801 4275
8802 4266
8803 4275
8804 4267
8805 4274
8806 4266
8807 4275
8808 4276
8809 4275
8810 4309
8811 4321
8812 4309
8813 4332
8814 4331
8815 4332
8816 4331
8817 4321
8818 4270
8819 4277
8820 4277
8821 4276
8822 4269
8823 4274
8824 4266
8825 4276
8826 4265
8827 4276
8828 4275
8829 4274
8830 4266
8831 4275
8832 4269
8833 4274
8834 4266
8835 4274
8836 4266
8837 4275
8838 4266
8839 4276
8840 4266
8841 4274
8842 4270
8843 4275
8844 4266
8845 4275
8846 4266
8847 4275
8848 4309
8849 4322
8850 4266
8851 4275
8852 4309
8853 4321
8854 4266
8855 4275
8856 4270
8857 4275
8858 4266
8859 4275
8860 4309
8861 4322
8862 4266
8863 4274
8864 4309
8865 4332
8866 4331
8867 4322
8868 4310
8869 4332
8870 4331
8871 4321
8872 4266
8873 4275
8874 4309
8875 4322
8876 4276
8877 4275
8878 4266
8879 4275
8880 4309
8881 4321
8882 4309
8883 4332
8884 4331
8885 4332
8886 4331
8887 4331
8888 4331
8889 4331
8890 4331
8891 4322
8892 4266
8893 4274
8894 4266
8895 4274
8896 4309
8897 4322
8898 4266
8899 4275
8900 4309
8901 4332
8902 4331
8903 4322
8904 4309
8905 4330
8906 4287
8907 4274
8908 4266
8909 4275
8910 4266
8911 4274
8912 4266
8913 4274
8914 4266
8915 4274
8916 4266
8917 4275
8918 4266
8919 4274
8920 4269
8921 4275
8922 4266
8923 4274
8924 4266
8925 4274
8926 4269
8927 4274
8928 4266
8929 4274
8930 4266
8931 4276
8932 4266
8933 4275
8934 4266
8935 4274
8936 4266
8937 4274
8938 4275
8939 4275
8940 4269
8941 4274
8942 4265
8943 4274
8944 4266
8945 4275
8946 4266
8947 4277
8948 4265
8949 4292
8950 4267
8951 4275
8952 4270
8953 4275
8954 4266
8955 4275
8956 4266
8957 4275
8958 4309
8959 4331
8960 4331
8961 4322
8962 4309
8963 4322
8964 4266
8965 4275
8966 4309
8967 4332
8968 4331
8969 4321
8970 4309
8971 4321
8972 4309
8973 4322
8974 4266
8975 4275
8976 4266
8977 4275
8978 4266
8979 4275
8980 4266
8981 4275
8982 4266
8983 4275
8984 4309
8985 4332
8986 4297
8987 4275
8988 4266
8989 4277
8990 4277
8991 4278
8992 4266
8993 4274
8994 4266
8995 4276
8996 4265
8997 4274
8998 4266
8999 4274
9000 4266
9001 4276
9002 4276
9003 4275
9004 4269
9005 4274
9006 4266
9007 4274
9008 4266
9009 4273
9010 4266
9011 4275
9012 4266
9013 4274
9014 4269
9015 4275
9016 4266
9017 4274
9018 4309
9019 4331
9020 4331
9021 4321
9022 4269
9023 4275
9024 4270
9025 4275
9026 4309
9027 4322
9028 4270
9029 4275
9030 4266
9031 4274
9032 4309
9033 4330
9034 4331
9035 4321
9036 4309
9037 4321
9038 4266
9039 4275
9040 4266
9041 4275
9042 4266
9043 4270
9044 4331
9045 4331
9046 4331
9047 4321
9048 4266
9049 4275
9050 4266
9051 4275
9052 4266
9053 4275
9054 4309
9055 4322
9056 4309
9057 4331
9058 4331
9059 4332
9060 4331
9061 4332
9062 4331
9063 4332
9064 4331
9065 4321
9066 4309
9067 4322
9068 4266
9069 4275
9070 4309
9071 4331
9072 4331
9073 4322
9074 4309
9075 4325
9076 4266
9077 4275
9078 4309
9079 4322
9080 4269
9081 4275
9082 4309
9083 4321
9084 4266
9085 4274
9086 4266
9087 4275
9088 4266
9089 4274
9090 4269
9091 4275
9092 4266
9093 4277
9094 4266
9095 4275
9096 4266
9097 4275
9098 4276
9099 4261
9100 4266
9101 4277
9102 4266
9103 4275
9104 4266
9105 4275
9106 4266
9107 4290
9108 4285
9109 4273
9110 4271
9111 4276
9112 4270
9113 4277
9114 4281
9115 4286
9116 4331
9117 4324
9118 4268
9119 4277
9120 4276
9121 4276
9122 4266
9123 4274
9124 4266
9125 4276
9126 4270
9127 4275
9128 4266
9129 4275
9130 4270
9131 4275
9132 4266
9133 4275
9134 4270
9135 4275
9136 4266
9137 4275
9138 4266
9139 4275
9140 4266
9141 4275
9142 4266
9143 4276
9144 4266
9145 4275
9146 4276
9147 4275
9148 4309
9149 4321
9150 4278
9151 4275
9152 4266
9153 4275
9154 4266
9155 4260
9156 4266
9157 4274
9158 4266
9159 4274
9160 4266
9161 4276
9162 4265
9163 4274
9164 4266
9165 4274
9166 4275
9167 4275
9168 4260
9169 4274
9170 4266
9171 4275
9172 4266
9173 4261
9174 4266
9175 4274
9176 4295
9177 4275
9178 4266
9179 4261
9180 4266
9181 4275
9182 4266
9183 4261
9184 4266
9185 4270
9186 4331
9187 4331
9188 4331
9189 4332
9190 4331
9191 4332
9192 4331
9193 4331
9194 4331
9195 4322
9196 4266
9197 4275
9198 4309
9199 4321
9200 4309
9201 4332
9202 4331
9203 4322
9204 4267
9205 4275
9206 4276
9207 4274
9208 4266
9209 4275
9210 4269
9211 4275
9212 4266
9213 4275
9214 4267
9215 4275
9216 4266
9217 4263
9218 4266
9219 4263
9220 4267
9221 4275
9222 4266
9223 4275
9224 4270
9225 4261
9226 4270
9227 4277
9228 4266
9229 4275
9230 4309
9231 4321
9232 4269
9233 4275
9234 4309
9235 4332
9236 4331
9237 4331
9238 4331
9239 4322
9240 4266
9241 4274
9242 4309
9243 4321
9244 4269
9245 4277
9246 4266
9247 4276
9248 4265
9249 4274
9250 4309
9251 4332
9252 4331
9253 4321
9254 4266
9255 4275
9256 4270
9257 4276
9258 4309
9259 4332
9260 4331
9261 4321
9262 4309
9263 4321
9264 4309
9265 4321
9266 4309
9267 4332
9268 4331
9269 4322
9270 4309
9271 4322
9272 4309
9273 4322
9274 4266
9275 4274
9276 4266
9277 4274
9278 4276
9279 4275
9280 4269
9281 4275
9282 4309
9283 4321
9284 4309
9285 4322
9286 4309
9287 4321
9288 4266
9289 4275
9290 4271
9291 4275
9292 4267
9293 4274
9294 4309
9295 4321
9296 4266
9297 4275
9298 4309
9299 4331
9300 4331
9301 4321
9302 4309
9303 4322
9304 4309
9305 4332
9306 4331
9307 4321
9308 4267
9309 4275
9310 4266
9311 4275
9312 4270
9313 4261
9314 4266
9315 4275
9316 4309
9317 4321
9318 4309
9319 4321
9320 4266
9321 4260
9322 4266
9323 4274
9324 4269
9325 4260
9326 4268
9327 4278
9328 4266
9329 4276
9330 4266
9331 4276
9332 4269
9333 4276
9334 4275
9335 4276
9336 4266
9337 4261
9338 4269
9339 4275
9340 4266
9341 4274
9342 4270
9343 4275
9344 4266
9345 4277
9346 4266
9347 4274
9348 4266
9349 4274
9350 4276
9351 4275
9352 4269
9353 4274
9354 4309
9355 4331
9356 4331
9357 4322
9358 4265
9359 4275
9360 4266
9361 4275
9362 4266
9363 4275
9364 4270
9365 4275
9366 4266
9367 4270
9368 4331
9369 4321
9370 4266
9371 4274
9372 4266
9373 4277
9374 4266
9375 4275
9376 4266
9377 4277
9378 4266
9379 4275
9380 4269
9381 4275
9382 4266
9383 4274
9384 4270
9385 4275
9386 4266
9387 4274
9388 4309
9389 4331
9390 4331
9391 4332
9392 4331
9393 4332
9394 4331
9395 4321
9396 4309
9397 4332
9398 4331
9399 4321
9400 4309
9401 4331
9402 4331
9403 4322
9404 4266
9405 4275
9406 4266
9407 4261
9408 4266
9409 4275
9410 4266
9411 4278
9412 4266
9413 4260
9414 4269
9415 4274
9416 4266
9417 4274
9418 4266
9419 4276
9420 4266
9421 4274
9422 4266
9423 4274
9424 4269
9425 4274
9426 4266
9427 4275
9428 4266
9429 4276
9430 4269
9431 4274
9432 4266
9433 4261
9434 4266
9435 4274
9436 4266
9437 4260
9438 4269
9439 4277
9440 4266
9441 4274
9442 4266
9443 4274
9444 4276
9445 4275
9446 4266
9447 4274
9448 4266
9449 4274
9450 4267
9451 4276
9452 4270
9453 4275
9454 4271
9455 4276
9456 4266
9457 4275
9458 4266
9459 4274
9460 4267
9461 4274
9462 4274
9463 4277
9464 4266
9465 4274
9466 4266
9467 4274
9468 4266
9469 4277
9470 4266
9471 4274
9472 4266
9473 4274
9474 4275
9475 4276
9476 4266
9477 4260
9478 4267
9479 4276
9480 4276
9481 4275
9482 4269
9483 4274
9484 4267
9485 4262
9486 4267
9487 4261
9488 4268
9489 4275
9490 4266
9491 4276
9492 4266
9493 4275
9494 4266
9495 4274
9496 4266
9497 4275
9498 4265
9499 4277
9500 4265
9501 4274
9502 4273
9503 4284
9504 4336
9505 4323
9506 4266
9507 4261
9508 4266
9509 4264
9510 4266
9511 4277
9512 4269
9513 4274
9514 4266
9515 4274
9516 4266
9517 4275
9518 4266
9519 4276
9520 4266
9521 4274
9522 4266
9523 4274
9524 4266
9525 4276
9526 4266
9527 4276
9528 4266
9529 4274
9530 4266
9531 4260
9532 4266
9533 4274
9534 4266
9535 4274
9536 4275
9537 4260
9538 4266
9539 4276
9540 4267
9541 4274
9542 4266
9543 4274
9544 4266
9545 4276
9546 4275
9547 4276
9548 4266
9549 4276
9550 4266
9551 4274
9552 4266
9553 4276
9554 4266
9555 4276
9556 4266
9557 4274
9558 4266
9559 4276
9560 4266
9561 4276
9562 4266
9563 4274
9564 4266
9565 4260
9566 4266
9567 4276
9568 4266
9569 4274
9570 4266
9571 4276
9572 4266
9573 4274
9574 4266
9575 4276
9576 4266
9577 4274
9578 4266
9579 4276
9580 4275
9581 4274
9582 4266
9583 4275
9584 4265
9585 4274
9586 4266
9587 4276
9588 4269
9589 4260
9590 4266
9591 4276
9592 4266
9593 4274
9594 4266
9595 4274
9596 4266
9597 4276
9598 4266
9599 4274
9600 4266
9601 4276
9602 4266
9603 4276
9604 4269
9605 4276
9606 4266
9607 4274
9608 4266
9609 4283
9610 4287
9611 4280
9612 4266
9613 4276
9614 4267
9615 4278
9616 4293
9617 4276
9618 4270
9619 4265
9620 4267
9621 4275
9622 4266
9623 4274
9624 4267
9625 4262
9626 4271
9627 4275
9628 4266
9629 4274
9630 4266
9631 4275
9632 4266
9633 4274
9634 4270
9635 4261
9636 4266
9637 4275
9638 4266
9639 4275
9640 4270
9641 4274
9642 4266
9643 4275
9644 4276
9645 4275
9646 4267
9647 4275
9648 4269
9649 4274
9650 4266
9651 4275
9652 4276
9653 4275
9654 4276
9655 4275
9656 4266
9657 4273
9658 4266
9659 4277
9660 4266
9661 4274
9662 4266
9663 4275
9664 4266
9665 4275
9666 4266
9667 4274
9668 4266
9669 4274
9670 4269
9671 4275
9672 4266
9673 4276
9674 4266
9675 4276
9676 4266
9677 4275
9678 4309
9679 4321
9680 4309
9681 4321
9682 4266
9683 4275
9684 4266
9685 4274
9686 4270
9687 4274
9688 4309
9689 4332
9690 4331
9691 4321
9692 4309
9693 4331
9694 4331
9695 4322
9696 4309
9697 4321
9698 4266
9699 4265
9700 4266
9701 4275
9702 4269
9703 4275
9704 4269
9705 4275
9706 4266
9707 4277
9708 4309
9709 4332
9710 4331
9711 4324
9712 4266
9713 4274
9714 4266
9715 4275
9716 4266
9717 4275
9718 4309
9719 4332
9720 4331
9721 4321
9722 4309
9723 4322
9724 4309
9725 4332
9726 4331
9727 4331
9728 4331
9729 4322
9730 4266
9731 4261
9732 4266
9733 4270
9734 4331
9735 4322
9736 4266
9737 4275
9738 4266
9739 4275
9740 4270
9741 4261
9742 4268
9743 4275
9744 4309
9745 4321
9746 4309
9747 4334
9748 4289
9749 4275
9750 4266
9751 4275
9752 4309
9753 4332
9754 4331
9755 4331
9756 4331
9757 4321
9758 4266
9759 4275
9760 4266
9761 4274
9762 4309
9763 4321
9764 4309
9765 4332
9766 4331
9767 4321
9768 4266
9769 4275
9770 4266
9771 4277
9772 4266
9773 4275
9774 4309
9775 4321
9776 4309
9777 4332
9778 4331
9779 4321
9780 4269
9781 4274
9782 4266
9783 4275
9784 4266
9785 4273
9786 4266
9787 4274
9788 4269
9789 4275
9790 4266
9791 4275
9792 4266
9793 4261
9794 4269
9795 4275
9796 4266
9797 4274
9798 4266
9799 4276
9800 4275
9801 4275
9802 4269
9803 4274
9804 4266
9805 4274
9806 4269
9807 4275
9808 4266
9809 4274
9810 4266
9811 4276
9812 4266
9813 4277
9814 4266
9815 4274
9816 4266
9817 4260
9818 4266
9819 4275
9820 4266
9821 4274
9822 4275
9823 4260
9824 4269
9825 4261
9826 4266
9827 4276
9828 4265
9829 4274
9830 4266
9831 4275
9832 4266
9833 4274
9834 4266
9835 4261
9836 4266
9837 4275
9838 4269
9839 4274
9840 4266
9841 4260
9842 4270
9843 4261
9844 4269
9845 4276
9846 4309
9847 4332
9848 4331
9849 4322
9850 4309
9851 4321
9852 4309
9853 4332
9854 4331
9855 4321
9856 4309
9857 4331
9858 4331
9859 4321
9860 4269
9861 4261
9862 4266
9863 4274
9864 4266
9865 4274
9866 4266
9867 4261
9868 4269
9869 4261
9870 4267
9871 4274
9872 4266
9873 4275
9874 4266
9875 4274
9876 4266
9877 4274
9878 4309
9879 4331
9880 4331
9881 4321
9882 4309
9883 4321
9884 4275
9885 4261
9886 4277
9887 4277
9888 4266
9889 4275
9890 4266
9891 4277
9892 4267
9893 4274
9894 4276
9895 4274
9896 4266
9897 4275
9898 4276
9899 4275
9900 4266
9901 4275
9902 4266
9903 4275
9904 4266
9905 4275
9906 4309
9907 4331
9908 4331
9909 4322
9910 4266
9911 4274
9912 4269
9913 4276
9914 4308
9915 4331
9916 4331
9917 4321
9918 4266
9919 4274
9920 4309
9921 4322
9922 4266
9923 4275
9924 4309
9925 4321
9926 4267
9927 4261
9928 4266
9929 4276
9930 4266
9931 4275
9932 4266
9933 4274
9934 4309
9935 4332
9936 4331
9937 4331
9938 4330
9939 4321
9940 4309
9941 4332
9942 4331
9943 4331
9944 4330
9945 4330
9946 4331
9947 4321
9948 4266
9949 4275
9950 4266
9951 4275
9952 4266
9953 4274
9954 4270
9955 4274
9956 4266
9957 4275
9958 4266
9959 4275
9960 4266
9961 4275
9962 4266
9963 4275
9964 4276
9965 4275
9966 4266
9967 4275
9968 4266
9969 4274
9970 4266
9971 4275
9972 4270
9973 4275
9974 4266
9975 4275
9976 4266
9977 4275
9978 4266
9979 4275
9980 4266
9981 4274
9982 4309
9983 4321
9984 4266
9985 4275
9986 4266
9987 4276
9988 4265
9989 4274
9990 4309
9991 4332
9992 4331
9993 4330
9994 4330
9995 4321
9996 4266
9997 4277
9998 4269
9999 4274
# sum: 4282
# min: 4259
# max: 4376
# err cnt: 0


 Performance counter stats for './test_cpu':

            927310      cache-misses

      61.006167227 seconds time elapsed

      42.847334000 seconds user
       0.000000000 seconds sys
