0 18
1 16
2 13
3 15
4 13
5 13
6 13
7 14
8 13
9 13
10 13
11 13
12 13
13 13
14 13
15 13
16 13
17 14
18 14
19 16
20 12
21 14
22 14
23 12
24 13
25 13
26 13
27 14
28 14
29 14
30 14
31 14
32 14
33 15
34 14
35 14
36 14
37 14
38 13
39 14
40 12
41 13
42 13
43 13
44 13
45 13
46 13
47 14
48 13
49 13
50 12
51 14
52 13
53 15
54 14
55 14
56 13
57 13
58 13
59 13
60 13
61 13
62 13
63 13
64 14
65 12
66 13
67 12
68 13
69 13
70 13
71 13
72 13
73 14
74 14
75 13
76 13
77 14
78 13
79 13
80 13
81 15
82 15
83 15
84 14
85 14
86 14
87 14
88 13
89 14
90 15
91 14
92 15
93 14
94 13
95 13
96 13
97 14
98 14
99 13
100 12
101 13
102 13
103 14
104 13
105 13
106 13
107 13
108 13
109 13
110 13
111 14
112 14
113 14
114 13
115 14
116 13
117 15
118 13
119 13
120 12
121 13
122 13
123 13
124 12
125 14
126 13
127 14
128 14
129 15
130 13
131 14
132 13
133 13
134 13
135 13
136 13
137 14
138 13
139 13
140 14
141 14
142 13
143 14
144 12
145 12
146 13
147 14
148 13
149 13
150 13
151 13
152 13
153 13
154 14
155 14
156 13
157 14
158 13
159 14
160 13
161 15
162 13
163 13
164 13
165 13
166 13
167 13
168 13
169 13
170 14
171 14
172 13
173 14
174 14
175 13
176 14
177 13
178 14
179 13
180 13
181 12
182 13
183 13
184 13
185 13
186 14
187 15
188 14
189 14
190 14
191 14
192 12
193 13
194 13
195 13
196 13
197 13
198 13
199 13
200 13
201 13
202 13
203 14
204 12
205 13
206 15
207 15
208 15
209 14
210 14
211 13
212 12
213 14
214 13
215 13
216 13
217 13
218 13
219 13
220 14
221 13
222 12
223 13
224 14
225 13
226 13
227 13
228 13
229 13
230 12
231 14
232 14
233 14
234 12
235 14
236 13
237 13
238 13
239 13
240 13
241 15
242 15
243 14
244 14
245 15
246 13
247 15
248 13
249 14
250 13
251 13
252 12
253 13
254 13
255 13
256 12
257 14
258 12
259 13
260 14
261 14
262 14
263 14
264 13
265 13
266 13
267 13
268 12
269 13
270 13
271 12
272 12
273 13
274 14
275 14
276 13
277 12
278 13
279 13
280 13
281 12
282 14
283 13
284 13
285 13
286 13
287 12
288 13
289 14
290 12
291 14
292 14
293 13
294 13
295 14
296 13
297 12
298 13
299 13
300 14
301 14
302 14
303 14
304 14
305 14
306 14
307 14
308 12
309 14
310 14
311 13
312 13
313 13
314 13
315 14
316 14
317 14
318 14
319 14
320 13
321 12
322 13
323 13
324 13
325 12
326 14
327 13
328 14
329 14
330 13
331 13
332 14
333 14
334 14
335 14
336 13
337 12
338 13
339 15
340 13
341 13
342 13
343 14
344 13
345 13
346 14
347 13
348 14
349 14
350 14
351 14
352 14
353 14
354 13
355 13
356 14
357 14
358 14
359 13
360 13
361 13
362 14
363 13
364 13
365 13
366 14
367 15
368 14
369 14
370 13
371 14
372 13
373 13
374 13
375 13
376 14
377 13
378 13
379 14
380 13
381 13
382 13
383 14
384 13
385 12
386 13
387 13
388 12
389 14
390 14
391 14
392 13
393 13
394 13
395 15
396 14
397 14
398 13
399 16
400 15
401 15
402 15
403 14
404 14
405 14
406 13
407 13
408 13
409 13
410 13
411 13
412 13
413 14
414 13
415 14
416 13
417 14
418 13
419 13
420 13
421 15
422 13
423 13
424 13
425 14
426 13
427 13
428 15
429 13
430 13
431 14
432 12
433 14
434 13
435 14
436 14
437 14
438 15
439 14
440 13
441 13
442 13
443 12
444 14
445 14
446 13
447 13
448 13
449 15
450 12
451 14
452 15
453 13
454 13
455 12
456 13
457 12
458 13
459 15
460 13
461 14
462 13
463 13
464 13
465 14
466 12
467 14
468 13
469 13
470 12
471 13
472 13
473 12
474 13
475 12
476 13
477 12
478 13
479 13
480 13
481 14
482 13
483 14
484 12
485 13
486 13
487 13
488 13
489 14
490 14
491 13
492 13
493 13
494 13
495 13
496 14
497 13
498 14
499 15
500 14
501 12
502 12
503 13
504 12
505 14
506 12
507 13
508 12
509 13
510 14
511 14
512 13
513 14
514 13
515 13
516 13
517 14
518 13
519 13
520 13
521 14
522 13
523 13
524 12
525 13
526 12
527 14
528 15
529 15
530 14
531 14
532 13
533 13
534 13
535 13
536 13
537 13
538 14
539 14
540 13
541 14
542 14
543 14
544 14
545 14
546 13
547 14
548 15
549 14
550 13
551 12
552 13
553 13
554 13
555 14
556 12
557 14
558 13
559 13
560 13
561 13
562 13
563 13
564 14
565 14
566 14
567 14
568 14
569 14
570 13
571 13
572 13
573 14
574 14
575 15
576 13
577 14
578 14
579 14
580 14
581 14
582 14
583 14
584 13
585 14
586 15
587 13
588 13
589 14
590 14
591 13
592 13
593 13
594 13
595 13
596 14
597 14
598 13
599 14
600 13
601 13
602 13
603 15
604 13
605 14
606 14
607 15
608 14
609 15
610 14
611 14
612 14
613 14
614 14
615 15
616 13
617 15
618 14
619 14
620 15
621 14
622 13
623 13
624 13
625 14
626 15
627 14
628 14
629 15
630 13
631 13
632 13
633 13
634 13
635 14
636 13
637 13
638 13
639 13
640 13
641 14
642 14
643 14
644 14
645 15
646 13
647 13
648 13
649 13
650 13
651 13
652 13
653 15
654 15
655 15
656 15
657 14
658 14
659 13
660 13
661 14
662 14
663 12
664 12
665 15
666 14
667 15
668 14
669 14
670 14
671 14
672 14
673 14
674 14
675 14
676 13
677 14
678 13
679 14
680 12
681 14
682 13
683 15
684 14
685 14
686 14
687 14
688 12
689 14
690 13
691 13
692 13
693 13
694 13
695 14
696 14
697 14
698 13
699 15
700 15
701 14
702 15
703 14
704 13
705 14
706 14
707 14
708 13
709 14
710 13
711 13
712 13
713 14
714 13
715 13
716 13
717 14
718 13
719 13
720 13
721 13
722 13
723 12
724 13
725 13
726 13
727 14
728 14
729 14
730 14
731 15
732 13
733 14
734 13
735 13
736 12
737 13
738 13
739 14
740 13
741 13
742 12
743 14
744 13
745 13
746 13
747 14
748 13
749 13
750 13
751 12
752 13
753 13
754 13
755 13
756 13
757 12
758 13
759 13
760 14
761 15
762 14
763 14
764 14
765 13
766 13
767 14
768 13
769 13
770 13
771 14
772 13
773 13
774 13
775 14
776 15
777 14
778 13
779 15
780 14
781 14
782 12
783 13
784 12
785 13
786 14
787 13
788 14
789 13
790 14
791 13
792 14
793 14
794 13
795 15
796 14
797 14
798 13
799 13
800 13
801 14
802 14
803 14
804 14
805 14
806 13
807 13
808 13
809 14
810 13
811 13
812 14
813 14
814 13
815 14
816 13
817 15
818 14
819 14
820 15
821 14
822 14
823 14
824 12
825 14
826 12
827 13
828 13
829 14
830 13
831 14
832 14
833 14
834 14
835 13
836 13
837 13
838 12
839 12
840 13
841 13
842 13
843 12
844 13
845 13
846 13
847 14
848 13
849 14
850 13
851 13
852 12
853 13
854 13
855 13
856 13
857 13
858 13
859 14
860 13
861 14
862 14
863 14
864 13
865 14
866 14
867 14
868 12
869 13
870 13
871 13
872 13
873 14
874 13
875 14
876 14
877 13
878 14
879 14
880 14
881 13
882 13
883 13
884 12
885 13
886 14
887 14
888 13
889 14
890 13
891 13
892 13
893 12
894 14
895 12
896 13
897 12
898 13
899 12
900 13
901 15
902 34
903 37
904 21
905 16
906 18
907 34
908 16
909 15
910 14
911 13
912 14
913 13
914 13
915 13
916 13
917 14
918 14
919 13
920 13
921 15
922 13
923 13
924 14
925 14
926 13
927 14
928 14
929 14
930 14
931 14
932 14
933 14
934 13
935 13
936 13
937 14
938 15
939 13
940 13
941 14
942 14
943 14
944 15
945 15
946 14
947 14
948 14
949 14
950 13
951 13
952 13
953 13
954 13
955 15
956 12
957 14
958 15
959 13
960 13
961 13
962 13
963 14
964 13
965 12
966 12
967 15
968 12
969 14
970 13
971 14
972 13
973 13
974 13
975 13
976 12
977 14
978 13
979 13
980 13
981 13
982 13
983 13
984 13
985 13
986 13
987 13
988 13
989 14
990 13
991 13
992 13
993 12
994 14
995 15
996 14
997 15
998 14
999 15
1000 14
1001 12
1002 13
1003 15
1004 14
1005 14
1006 13
1007 16
1008 14
1009 14
1010 14
1011 13
1012 13
1013 15
1014 13
1015 12
1016 13
1017 13
1018 15
1019 15
1020 14
1021 15
1022 14
1023 14
1024 14
1025 15
1026 15
1027 14
1028 13
1029 13
1030 13
1031 14
1032 14
1033 13
1034 13
1035 13
1036 13
1037 13
1038 13
1039 13
1040 14
1041 14
1042 14
1043 15
1044 14
1045 14
1046 12
1047 14
1048 14
1049 13
1050 13
1051 14
1052 13
1053 13
1054 12
1055 13
1056 13
1057 15
1058 14
1059 15
1060 14
1061 15
1062 14
1063 13
1064 14
1065 14
1066 13
1067 13
1068 14
1069 14
1070 13
1071 15
1072 13
1073 13
1074 13
1075 14
1076 13
1077 12
1078 13
1079 14
1080 13
1081 13
1082 13
1083 14
1084 13
1085 14
1086 13
1087 13
1088 13
1089 13
1090 13
1091 15
1092 13
1093 13
1094 13
1095 13
1096 14
1097 14
1098 14
1099 14
1100 14
1101 14
1102 13
1103 13
1104 13
1105 13
1106 12
1107 14
1108 14
1109 14
1110 13
1111 13
1112 14
1113 14
1114 13
1115 15
1116 14
1117 16
1118 14
1119 13
1120 13
1121 14
1122 14
1123 14
1124 13
1125 14
1126 14
1127 15
1128 13
1129 15
1130 13
1131 14
1132 13
1133 13
1134 13
1135 12
1136 13
1137 14
1138 13
1139 13
1140 13
1141 13
1142 13
1143 13
1144 13
1145 12
1146 13
1147 13
1148 13
1149 13
1150 13
1151 13
1152 13
1153 13
1154 13
1155 13
1156 14
1157 13
1158 13
1159 14
1160 14
1161 14
1162 13
1163 12
1164 14
1165 13
1166 14
1167 15
1168 14
1169 12
1170 13
1171 12
1172 13
1173 14
1174 13
1175 14
1176 14
1177 14
1178 13
1179 12
1180 13
1181 13
1182 13
1183 13
1184 12
1185 13
1186 14
1187 13
1188 14
1189 12
1190 14
1191 13
1192 13
1193 14
1194 13
1195 13
1196 14
1197 14
1198 13
1199 13
1200 14
1201 13
1202 14
1203 13
1204 13
1205 13
1206 14
1207 13
1208 14
1209 13
1210 14
1211 14
1212 14
1213 15
1214 14
1215 13
1216 13
1217 14
1218 13
1219 14
1220 13
1221 15
1222 14
1223 14
1224 13
1225 12
1226 14
1227 13
1228 13
1229 14
1230 13
1231 14
1232 14
1233 13
1234 13
1235 13
1236 13
1237 15
1238 13
1239 13
1240 13
1241 14
1242 13
1243 14
1244 13
1245 13
1246 13
1247 14
1248 14
1249 14
1250 13
1251 14
1252 13
1253 13
1254 13
1255 13
1256 13
1257 13
1258 13
1259 13
1260 12
1261 13
1262 14
1263 13
1264 13
1265 16
1266 15
1267 15
1268 14
1269 15
1270 14
1271 15
1272 16
1273 15
1274 14
1275 14
1276 13
1277 13
1278 13
1279 13
1280 14
1281 14
1282 13
1283 14
1284 13
1285 13
1286 14
1287 15
1288 13
1289 14
1290 14
1291 14
1292 14
1293 14
1294 15
1295 14
1296 13
1297 13
1298 14
1299 14
1300 14
1301 13
1302 13
1303 13
1304 14
1305 14
1306 13
1307 14
1308 13
1309 13
1310 14
1311 13
1312 13
1313 15
1314 14
1315 15
1316 14
1317 16
1318 15
1319 14
1320 14
1321 14
1322 13
1323 13
1324 14
1325 15
1326 13
1327 13
1328 13
1329 15
1330 13
1331 13
1332 13
1333 13
1334 13
1335 14
1336 15
1337 14
1338 14
1339 15
1340 15
1341 14
1342 14
1343 13
1344 14
1345 14
1346 13
1347 13
1348 12
1349 13
1350 13
1351 14
1352 14
1353 14
1354 14
1355 15
1356 14
1357 14
1358 13
1359 14
1360 13
1361 13
1362 14
1363 14
1364 14
1365 14
1366 15
1367 14
1368 13
1369 13
1370 13
1371 13
1372 13
1373 14
1374 12
1375 13
1376 12
1377 13
1378 12
1379 13
1380 13
1381 14
1382 14
1383 14
1384 14
1385 15
1386 13
1387 13
1388 13
1389 14
1390 13
1391 13
1392 14
1393 14
1394 14
1395 14
1396 13
1397 14
1398 13
1399 13
1400 14
1401 14
1402 14
1403 12
1404 14
1405 13
1406 13
1407 13
1408 13
1409 14
1410 14
1411 14
1412 13
1413 14
1414 13
1415 14
1416 13
1417 15
1418 14
1419 12
1420 13
1421 15
1422 13
1423 14
1424 13
1425 14
1426 13
1427 13
1428 14
1429 15
1430 13
1431 14
1432 14
1433 14
1434 15
1435 14
1436 14
1437 15
1438 13
1439 15
1440 12
1441 13
1442 13
1443 13
1444 14
1445 13
1446 14
1447 13
1448 13
1449 13
1450 14
1451 13
1452 13
1453 14
1454 13
1455 14
1456 14
1457 14
1458 13
1459 13
1460 13
1461 13
1462 14
1463 14
1464 14
1465 14
1466 13
1467 12
1468 13
1469 13
1470 13
1471 13
1472 13
1473 13
1474 14
1475 13
1476 13
1477 13
1478 14
1479 13
1480 13
1481 14
1482 14
1483 13
1484 14
1485 13
1486 14
1487 15
1488 15
1489 13
1490 13
1491 13
1492 14
1493 13
1494 14
1495 14
1496 13
1497 14
1498 15
1499 13
1500 14
1501 11
1502 13
1503 13
1504 14
1505 13
1506 13
1507 14
1508 14
1509 13
1510 13
1511 14
1512 13
1513 14
1514 13
1515 13
1516 13
1517 14
1518 15
1519 14
1520 14
1521 14
1522 13
1523 14
1524 13
1525 14
1526 13
1527 14
1528 13
1529 13
1530 13
1531 15
1532 14
1533 15
1534 13
1535 14
1536 14
1537 14
1538 13
1539 14
1540 12
1541 13
1542 13
1543 14
1544 13
1545 15
1546 14
1547 14
1548 14
1549 13
1550 13
1551 13
1552 14
1553 14
1554 14
1555 13
1556 13
1557 14
1558 13
1559 14
1560 13
1561 13
1562 13
1563 13
1564 13
1565 15
1566 15
1567 14
1568 13
1569 13
1570 14
1571 14
1572 14
1573 13
1574 13
1575 14
1576 14
1577 14
1578 15
1579 14
1580 14
1581 14
1582 15
1583 14
1584 14
1585 14
1586 14
1587 13
1588 14
1589 13
1590 13
1591 12
1592 14
1593 15
1594 13
1595 13
1596 13
1597 13
1598 13
1599 14
1600 13
1601 13
1602 14
1603 13
1604 13
1605 12
1606 13
1607 13
1608 14
1609 15
1610 13
1611 15
1612 15
1613 15
1614 13
1615 14
1616 13
1617 15
1618 13
1619 15
1620 14
1621 14
1622 13
1623 14
1624 14
1625 14
1626 14
1627 14
1628 15
1629 15
1630 13
1631 13
1632 13
1633 14
1634 15
1635 14
1636 15
1637 14
1638 13
1639 13
1640 13
1641 13
1642 13
1643 14
1644 13
1645 15
1646 13
1647 13
1648 13
1649 13
1650 13
1651 14
1652 14
1653 15
1654 15
1655 14
1656 13
1657 13
1658 13
1659 13
1660 13
1661 14
1662 13
1663 14
1664 14
1665 14
1666 12
1667 12
1668 13
1669 13
1670 12
1671 13
1672 13
1673 13
1674 14
1675 13
1676 12
1677 12
1678 13
1679 13
1680 12
1681 13
1682 13
1683 13
1684 13
1685 13
1686 13
1687 12
1688 13
1689 13
1690 14
1691 13
1692 13
1693 13
1694 13
1695 13
1696 13
1697 13
1698 13
1699 14
1700 13
1701 14
1702 13
1703 14
1704 13
1705 13
1706 13
1707 12
1708 13
1709 14
1710 14
1711 13
1712 13
1713 13
1714 13
1715 15
1716 12
1717 14
1718 14
1719 14
1720 15
1721 14
1722 14
1723 15
1724 14
1725 14
1726 14
1727 14
1728 14
1729 12
1730 14
1731 13
1732 13
1733 13
1734 14
1735 13
1736 14
1737 13
1738 13
1739 14
1740 13
1741 13
1742 13
1743 12
1744 13
1745 12
1746 13
1747 14
1748 13
1749 13
1750 13
1751 15
1752 14
1753 13
1754 14
1755 13
1756 13
1757 14
1758 14
1759 14
1760 13
1761 13
1762 13
1763 13
1764 13
1765 15
1766 14
1767 14
1768 14
1769 15
1770 14
1771 14
1772 14
1773 13
1774 13
1775 14
1776 13
1777 13
1778 13
1779 13
1780 13
1781 13
1782 14
1783 14
1784 14
1785 14
1786 14
1787 13
1788 14
1789 14
1790 13
1791 13
1792 13
1793 13
1794 13
1795 14
1796 14
1797 15
1798 13
1799 13
1800 13
1801 13
1802 13
1803 14
1804 14
1805 14
1806 12
1807 13
1808 13
1809 14
1810 14
1811 14
1812 13
1813 14
1814 13
1815 13
1816 13
1817 17
1818 13
1819 14
1820 13
1821 13
1822 13
1823 13
1824 14
1825 13
1826 13
1827 14
1828 13
1829 13
1830 14
1831 12
1832 13
1833 13
1834 14
1835 13
1836 13
1837 15
1838 13
1839 14
1840 13
1841 13
1842 13
1843 13
1844 13
1845 13
1846 13
1847 13
1848 13
1849 14
1850 16
1851 15
1852 14
1853 14
1854 14
1855 13
1856 13
1857 13
1858 13
1859 14
1860 13
1861 13
1862 13
1863 14
1864 14
1865 13
1866 13
1867 13
1868 13
1869 12
1870 13
1871 13
1872 14
1873 14
1874 14
1875 14
1876 14
1877 13
1878 13
1879 13
1880 13
1881 13
1882 14
1883 15
1884 14
1885 14
1886 13
1887 12
1888 13
1889 13
1890 13
1891 13
1892 14
1893 14
1894 14
1895 14
1896 14
1897 13
1898 13
1899 13
1900 14
1901 15
1902 15
1903 14
1904 14
1905 14
1906 14
1907 13
1908 35
1909 25
1910 17
1911 16
1912 18
1913 39
1914 16
1915 15
1916 14
1917 16
1918 14
1919 14
1920 14
1921 14
1922 15
1923 14
1924 14
1925 13
1926 13
1927 14
1928 13
1929 14
1930 14
1931 15
1932 14
1933 14
1934 13
1935 14
1936 14
1937 15
1938 13
1939 14
1940 13
1941 13
1942 12
1943 13
1944 13
1945 13
1946 13
1947 13
1948 13
1949 13
1950 13
1951 13
1952 13
1953 14
1954 13
1955 14
1956 13
1957 15
1958 13
1959 14
1960 13
1961 12
1962 13
1963 14
1964 13
1965 13
1966 13
1967 13
1968 13
1969 13
1970 13
1971 15
1972 13
1973 14
1974 13
1975 13
1976 13
1977 13
1978 13
1979 15
1980 13
1981 15
1982 14
1983 15
1984 14
1985 15
1986 13
1987 13
1988 13
1989 13
1990 13
1991 12
1992 14
1993 15
1994 14
1995 14
1996 13
1997 15
1998 13
1999 13
2000 14
2001 11
2002 14
2003 14
2004 14
2005 15
2006 14
2007 14
2008 14
2009 13
2010 13
2011 14
2012 13
2013 13
2014 14
2015 12
2016 13
2017 14
2018 13
2019 13
2020 14
2021 12
2022 14
2023 13
2024 13
2025 12
2026 13
2027 13
2028 13
2029 12
2030 13
2031 13
2032 13
2033 14
2034 14
2035 14
2036 14
2037 14
2038 13
2039 13
2040 13
2041 14
2042 14
2043 13
2044 13
2045 14
2046 13
2047 13
2048 14
2049 13
2050 13
2051 14
2052 14
2053 13
2054 13
2055 13
2056 14
2057 14
2058 14
2059 15
2060 14
2061 14
2062 13
2063 13
2064 13
2065 13
2066 13
2067 13
2068 13
2069 14
2070 14
2071 14
2072 15
2073 14
2074 13
2075 14
2076 13
2077 13
2078 13
2079 13
2080 13
2081 13
2082 14
2083 15
2084 14
2085 15
2086 13
2087 14
2088 14
2089 14
2090 14
2091 14
2092 13
2093 14
2094 13
2095 14
2096 13
2097 13
2098 13
2099 14
2100 12
2101 13
2102 13
2103 13
2104 13
2105 13
2106 12
2107 12
2108 13
2109 13
2110 12
2111 14
2112 14
2113 15
2114 13
2115 13
2116 13
2117 14
2118 14
2119 13
2120 14
2121 15
2122 13
2123 13
2124 13
2125 13
2126 13
2127 14
2128 14
2129 15
2130 13
2131 13
2132 14
2133 14
2134 14
2135 13
2136 13
2137 13
2138 13
2139 14
2140 13
2141 13
2142 13
2143 13
2144 14
2145 13
2146 13
2147 15
2148 13
2149 14
2150 13
2151 15
2152 14
2153 14
2154 13
2155 13
2156 14
2157 12
2158 13
2159 14
2160 13
2161 13
2162 14
2163 13
2164 14
2165 14
2166 13
2167 13
2168 14
2169 13
2170 14
2171 13
2172 13
2173 14
2174 13
2175 13
2176 14
2177 13
2178 14
2179 14
2180 13
2181 13
2182 13
2183 14
2184 13
2185 13
2186 13
2187 13
2188 13
2189 13
2190 13
2191 13
2192 13
2193 13
2194 14
2195 14
2196 14
2197 13
2198 14
2199 14
2200 13
2201 13
2202 13
2203 13
2204 14
2205 13
2206 12
2207 12
2208 14
2209 13
2210 13
2211 13
2212 13
2213 15
2214 14
2215 14
2216 13
2217 14
2218 15
2219 14
2220 14
2221 14
2222 14
2223 14
2224 13
2225 13
2226 13
2227 14
2228 13
2229 13
2230 13
2231 13
2232 14
2233 13
2234 13
2235 13
2236 14
2237 14
2238 13
2239 13
2240 13
2241 14
2242 13
2243 14
2244 13
2245 14
2246 12
2247 13
2248 13
2249 13
2250 13
2251 12
2252 14
2253 13
2254 13
2255 13
2256 13
2257 14
2258 14
2259 13
2260 13
2261 15
2262 14
2263 14
2264 13
2265 14
2266 13
2267 13
2268 13
2269 14
2270 14
2271 15
2272 13
2273 14
2274 13
2275 13
2276 13
2277 14
2278 13
2279 13
2280 13
2281 15
2282 15
2283 14
2284 14
2285 15
2286 13
2287 15
2288 14
2289 19
2290 18
2291 15
2292 14
2293 14
2294 14
2295 14
2296 14
2297 14
2298 13
2299 13
2300 14
2301 13
2302 13
2303 14
2304 13
2305 13
2306 13
2307 13
2308 13
2309 14
2310 14
2311 14
2312 14
2313 15
2314 14
2315 13
2316 14
2317 14
2318 14
2319 14
2320 13
2321 12
2322 13
2323 13
2324 13
2325 13
2326 13
2327 13
2328 13
2329 13
2330 14
2331 14
2332 14
2333 14
2334 14
2335 14
2336 14
2337 14
2338 14
2339 15
2340 14
2341 15
2342 15
2343 15
2344 14
2345 15
2346 14
2347 15
2348 12
2349 14
2350 14
2351 13
2352 13
2353 13
2354 12
2355 14
2356 13
2357 14
2358 12
2359 14
2360 12
2361 12
2362 13
2363 13
2364 12
2365 14
2366 13
2367 14
2368 14
2369 14
2370 13
2371 13
2372 13
2373 14
2374 14
2375 14
2376 14
2377 14
2378 13
2379 14
2380 12
2381 13
2382 12
2383 13
2384 13
2385 13
2386 14
2387 13
2388 13
2389 14
2390 13
2391 13
2392 13
2393 13
2394 12
2395 15
2396 14
2397 14
2398 13
2399 13
2400 14
2401 13
2402 13
2403 14
2404 14
2405 14
2406 14
2407 14
2408 13
2409 13
2410 13
2411 14
2412 13
2413 14
2414 13
2415 15
2416 13
2417 14
2418 14
2419 13
2420 14
2421 13
2422 14
2423 14
2424 13
2425 15
2426 13
2427 13
2428 13
2429 14
2430 14
2431 12
2432 13
2433 13
2434 14
2435 14
2436 13
2437 13
2438 14
2439 14
2440 14
2441 13
2442 14
2443 13
2444 13
2445 13
2446 13
2447 12
2448 13
2449 13
2450 13
2451 12
2452 13
2453 14
2454 14
2455 13
2456 13
2457 15
2458 14
2459 14
2460 14
2461 13
2462 14
2463 14
2464 14
2465 13
2466 14
2467 13
2468 13
2469 15
2470 13
2471 14
2472 13
2473 14
2474 14
2475 14
2476 14
2477 14
2478 15
2479 14
2480 11
2481 14
2482 15
2483 14
2484 14
2485 14
2486 13
2487 14
2488 13
2489 13
2490 14
2491 13
2492 14
2493 14
2494 14
2495 13
2496 13
2497 14
2498 13
2499 13
2500 14
2501 11
2502 13
2503 15
2504 14
2505 13
2506 13
2507 13
2508 13
2509 14
2510 14
2511 14
2512 13
2513 14
2514 13
2515 13
2516 13
2517 15
2518 14
2519 13
2520 13
2521 13
2522 13
2523 14
2524 13
2525 14
2526 13
2527 13
2528 13
2529 14
2530 14
2531 14
2532 14
2533 13
2534 14
2535 14
2536 13
2537 14
2538 13
2539 13
2540 14
2541 14
2542 13
2543 15
2544 13
2545 12
2546 13
2547 13
2548 13
2549 15
2550 14
2551 15
2552 14
2553 14
2554 14
2555 13
2556 13
2557 15
2558 14
2559 14
2560 13
2561 13
2562 13
2563 13
2564 13
2565 14
2566 13
2567 13
2568 13
2569 13
2570 13
2571 13
2572 13
2573 13
2574 13
2575 13
2576 13
2577 14
2578 13
2579 14
2580 14
2581 13
2582 14
2583 15
2584 14
2585 15
2586 13
2587 14
2588 12
2589 12
2590 13
2591 14
2592 14
2593 14
2594 14
2595 14
2596 14
2597 15
2598 14
2599 14
2600 13
2601 14
2602 13
2603 12
2604 13
2605 14
2606 13
2607 13
2608 13
2609 13
2610 13
2611 14
2612 12
2613 13
2614 13
2615 13
2616 14
2617 15
2618 14
2619 13
2620 13
2621 14
2622 14
2623 14
2624 15
2625 13
2626 13
2627 13
2628 13
2629 13
2630 13
2631 13
2632 14
2633 13
2634 13
2635 13
2636 13
2637 12
2638 13
2639 12
2640 13
2641 14
2642 13
2643 13
2644 14
2645 14
2646 13
2647 14
2648 13
2649 14
2650 13
2651 14
2652 13
2653 13
2654 13
2655 13
2656 13
2657 13
2658 12
2659 13
2660 14
2661 15
2662 14
2663 13
2664 13
2665 13
2666 13
2667 13
2668 14
2669 13
2670 12
2671 13
2672 14
2673 13
2674 13
2675 13
2676 13
2677 13
2678 13
2679 13
2680 13
2681 13
2682 14
2683 14
2684 13
2685 12
2686 13
2687 14
2688 13
2689 14
2690 13
2691 13
2692 13
2693 14
2694 13
2695 13
2696 13
2697 13
2698 14
2699 14
2700 14
2701 13
2702 13
2703 14
2704 13
2705 13
2706 13
2707 14
2708 14
2709 14
2710 14
2711 14
2712 14
2713 15
2714 14
2715 15
2716 13
2717 16
2718 15
2719 15
2720 14
2721 15
2722 13
2723 14
2724 13
2725 13
2726 13
2727 13
2728 13
2729 13
2730 13
2731 14
2732 13
2733 13
2734 14
2735 14
2736 14
2737 13
2738 13
2739 15
2740 14
2741 14
2742 13
2743 14
2744 14
2745 13
2746 14
2747 13
2748 13
2749 13
2750 13
2751 13
2752 14
2753 14
2754 14
2755 13
2756 14
2757 13
2758 13
2759 13
2760 14
2761 14
2762 15
2763 14
2764 14
2765 14
2766 14
2767 13
2768 14
2769 15
2770 15
2771 14
2772 14
2773 14
2774 13
2775 14
2776 14
2777 13
2778 14
2779 13
2780 14
2781 14
2782 14
2783 14
2784 13
2785 14
2786 14
2787 14
2788 14
2789 14
2790 15
2791 15
2792 13
2793 14
2794 15
2795 14
2796 14
2797 14
2798 13
2799 14
2800 14
2801 19
2802 16
2803 17
2804 14
2805 14
2806 14
2807 15
2808 14
2809 13
2810 13
2811 13
2812 13
2813 14
2814 13
2815 13
2816 13
2817 14
2818 13
2819 13
2820 13
2821 13
2822 13
2823 13
2824 13
2825 13
2826 13
2827 13
2828 14
2829 14
2830 13
2831 14
2832 13
2833 13
2834 13
2835 13
2836 13
2837 14
2838 13
2839 14
2840 13
2841 14
2842 14
2843 13
2844 14
2845 13
2846 13
2847 14
2848 14
2849 13
2850 14
2851 12
2852 13
2853 13
2854 13
2855 12
2856 13
2857 14
2858 14
2859 14
2860 14
2861 13
2862 14
2863 13
2864 14
2865 12
2866 13
2867 13
2868 14
2869 13
2870 14
2871 14
2872 13
2873 12
2874 13
2875 13
2876 13
2877 12
2878 13
2879 13
2880 13
2881 13
2882 14
2883 13
2884 15
2885 15
2886 14
2887 12
2888 13
2889 12
2890 12
2891 13
2892 13
2893 13
2894 12
2895 13
2896 13
2897 13
2898 13
2899 13
2900 15
2901 14
2902 14
2903 13
2904 13
2905 13
2906 12
2907 13
2908 13
2909 13
2910 13
2911 14
2912 13
2913 14
2914 36
2915 35
2916 19
2917 18
2918 19
2919 40
2920 17
2921 15
2922 14
2923 14
2924 13
2925 13
2926 13
2927 12
2928 13
2929 12
2930 13
2931 14
2932 14
2933 14
2934 12
2935 14
2936 13
2937 13
2938 13
2939 13
2940 14
2941 13
2942 13
2943 14
2944 14
2945 13
2946 13
2947 14
2948 14
2949 14
2950 12
2951 14
2952 15
2953 14
2954 13
2955 13
2956 13
2957 13
2958 14
2959 14
2960 13
2961 14
2962 13
2963 13
2964 13
2965 13
2966 12
2967 14
2968 13
2969 13
2970 13
2971 13
2972 13
2973 12
2974 13
2975 14
2976 13
2977 15
2978 13
2979 13
2980 13
2981 14
2982 14
2983 14
2984 13
2985 14
2986 13
2987 14
2988 14
2989 13
2990 13
2991 13
2992 13
2993 15
2994 13
2995 13
2996 13
2997 13
2998 14
2999 14
3000 13
3001 12
3002 14
3003 14
3004 14
3005 14
3006 13
3007 14
3008 13
3009 14
3010 14
3011 13
3012 14
3013 16
3014 13
3015 13
3016 13
3017 13
3018 14
3019 14
3020 15
3021 13
3022 13
3023 13
3024 13
3025 14
3026 15
3027 13
3028 13
3029 14
3030 13
3031 13
3032 13
3033 14
3034 13
3035 13
3036 13
3037 13
3038 13
3039 13
3040 13
3041 13
3042 13
3043 13
3044 13
3045 13
3046 12
3047 14
3048 13
3049 14
3050 14
3051 13
3052 14
3053 14
3054 14
3055 13
3056 13
3057 14
3058 13
3059 13
3060 14
3061 13
3062 13
3063 13
3064 13
3065 14
3066 13
3067 13
3068 13
3069 13
3070 12
3071 14
3072 13
3073 13
3074 13
3075 13
3076 13
3077 13
3078 13
3079 14
3080 14
3081 14
3082 14
3083 13
3084 13
3085 14
3086 14
3087 13
3088 13
3089 12
3090 13
3091 13
3092 13
3093 14
3094 13
3095 13
3096 14
3097 15
3098 13
3099 13
3100 13
3101 13
3102 12
3103 15
3104 14
3105 14
3106 14
3107 13
3108 13
3109 14
3110 14
3111 15
3112 13
3113 14
3114 13
3115 15
3116 13
3117 14
3118 13
3119 15
3120 13
3121 13
3122 13
3123 14
3124 13
3125 13
3126 13
3127 13
3128 13
3129 13
3130 13
3131 14
3132 13
3133 13
3134 13
3135 13
3136 13
3137 14
3138 13
3139 13
3140 12
3141 13
3142 13
3143 15
3144 13
3145 13
3146 14
3147 12
3148 12
3149 13
3150 14
3151 14
3152 14
3153 14
3154 13
3155 13
3156 13
3157 13
3158 13
3159 12
3160 13
3161 13
3162 13
3163 13
3164 13
3165 12
3166 13
3167 12
3168 13
3169 12
3170 13
3171 15
3172 13
3173 14
3174 13
3175 13
3176 13
3177 13
3178 13
3179 13
3180 14
3181 14
3182 14
3183 15
3184 15
3185 13
3186 14
3187 14
3188 14
3189 13
3190 13
3191 14
3192 13
3193 13
3194 14
3195 14
3196 14
3197 13
3198 12
3199 13
3200 13
3201 14
3202 14
3203 13
3204 14
3205 14
3206 13
3207 13
3208 13
3209 15
3210 14
3211 14
3212 14
3213 14
3214 13
3215 13
3216 12
3217 15
3218 14
3219 14
3220 14
3221 14
3222 12
3223 14
3224 14
3225 14
3226 14
3227 14
3228 13
3229 14
3230 13
3231 15
3232 12
3233 14
3234 14
3235 14
3236 14
3237 14
3238 12
3239 13
3240 13
3241 13
3242 14
3243 13
3244 13
3245 13
3246 13
3247 14
3248 12
3249 13
3250 13
3251 12
3252 13
3253 13
3254 13
3255 13
3256 13
3257 12
3258 14
3259 15
3260 14
3261 15
3262 15
3263 14
3264 14
3265 15
3266 13
3267 15
3268 15
3269 14
3270 13
3271 13
3272 14
3273 12
3274 12
3275 14
3276 14
3277 13
3278 14
3279 14
3280 14
3281 13
3282 13
3283 13
3284 13
3285 15
3286 13
3287 13
3288 13
3289 13
3290 13
3291 13
3292 14
3293 13
3294 13
3295 13
3296 14
3297 14
3298 14
3299 14
3300 14
3301 13
3302 13
3303 14
3304 14
3305 15
3306 14
3307 14
3308 13
3309 13
3310 13
3311 13
3312 13
3313 19
3314 18
3315 16
3316 15
3317 13
3318 14
3319 13
3320 13
3321 15
3322 14
3323 13
3324 13
3325 13
3326 13
3327 14
3328 13
3329 13
3330 13
3331 13
3332 13
3333 14
3334 13
3335 13
3336 14
3337 14
3338 14
3339 15
3340 14
3341 15
3342 13
3343 14
3344 15
3345 15
3346 15
3347 14
3348 14
3349 16
3350 13
3351 13
3352 14
3353 14
3354 14
3355 14
3356 12
3357 14
3358 14
3359 13
3360 14
3361 15
3362 13
3363 13
3364 13
3365 13
3366 13
3367 14
3368 13
3369 14
3370 13
3371 14
3372 12
3373 13
3374 13
3375 15
3376 14
3377 15
3378 14
3379 14
3380 14
3381 14
3382 13
3383 14
3384 13
3385 14
3386 14
3387 13
3388 13
3389 13
3390 13
3391 14
3392 15
3393 15
3394 15
3395 14
3396 14
3397 14
3398 13
3399 13
3400 14
3401 14
3402 14
3403 14
3404 13
3405 13
3406 13
3407 14
3408 13
3409 14
3410 14
3411 13
3412 13
3413 14
3414 13
3415 13
3416 12
3417 15
3418 14
3419 15
3420 12
3421 13
3422 13
3423 12
3424 14
3425 13
3426 14
3427 12
3428 13
3429 13
3430 13
3431 12
3432 13
3433 13
3434 12
3435 12
3436 14
3437 13
3438 14
3439 15
3440 14
3441 15
3442 13
3443 14
3444 13
3445 13
3446 13
3447 13
3448 14
3449 13
3450 14
3451 14
3452 13
3453 13
3454 13
3455 13
3456 13
3457 13
3458 13
3459 13
3460 13
3461 14
3462 15
3463 13
3464 14
3465 14
3466 14
3467 15
3468 15
3469 15
3470 14
3471 15
3472 13
3473 13
3474 13
3475 13
3476 14
3477 13
3478 13
3479 13
3480 12
3481 13
3482 13
3483 13
3484 12
3485 14
3486 13
3487 13
3488 13
3489 13
3490 13
3491 14
3492 13
3493 13
3494 14
3495 12
3496 13
3497 14
3498 14
3499 14
3500 13
3501 11
3502 12
3503 14
3504 12
3505 13
3506 13
3507 13
3508 14
3509 13
3510 14
3511 13
3512 13
3513 15
3514 13
3515 13
3516 13
3517 14
3518 14
3519 14
3520 14
3521 14
3522 13
3523 14
3524 13
3525 13
3526 13
3527 13
3528 13
3529 14
3530 13
3531 13
3532 13
3533 14
3534 13
3535 13
3536 13
3537 14
3538 13
3539 13
3540 13
3541 13
3542 13
3543 12
3544 13
3545 13
3546 13
3547 14
3548 13
3549 13
3550 13
3551 13
3552 13
3553 14
3554 13
3555 15
3556 13
3557 14
3558 13
3559 13
3560 14
3561 14
3562 13
3563 13
3564 13
3565 13
3566 14
3567 15
3568 14
3569 15
3570 14
3571 13
3572 14
3573 12
3574 13
3575 12
3576 13
3577 14
3578 16
3579 15
3580 13
3581 15
3582 14
3583 13
3584 13
3585 13
3586 13
3587 13
3588 13
3589 13
3590 13
3591 13
3592 13
3593 14
3594 13
3595 13
3596 12
3597 12
3598 13
3599 13
3600 13
3601 14
3602 14
3603 15
3604 14
3605 14
3606 13
3607 13
3608 13
3609 14
3610 13
3611 14
3612 14
3613 14
3614 14
3615 13
3616 13
3617 16
3618 15
3619 14
3620 14
3621 14
3622 13
3623 13
3624 14
3625 14
3626 13
3627 14
3628 15
3629 14
3630 12
3631 15
3632 13
3633 14
3634 12
3635 13
3636 13
3637 14
3638 13
3639 14
3640 12
3641 13
3642 12
3643 13
3644 13
3645 13
3646 12
3647 13
3648 13
3649 13
3650 13
3651 14
3652 14
3653 14
3654 14
3655 14
3656 13
3657 13
3658 14
3659 13
3660 13
3661 13
3662 13
3663 14
3664 12
3665 14
3666 13
3667 13
3668 14
3669 15
3670 13
3671 15
3672 15
3673 15
3674 13
3675 14
3676 13
3677 14
3678 13
3679 13
3680 13
3681 13
3682 13
3683 15
3684 14
3685 14
3686 14
3687 14
3688 13
3689 14
3690 13
3691 14
3692 13
3693 13
3694 13
3695 13
3696 13
3697 12
3698 13
3699 12
3700 13
3701 13
3702 13
3703 13
3704 13
3705 12
3706 12
3707 12
3708 13
3709 13
3710 13
3711 13
3712 13
3713 15
3714 12
3715 13
3716 14
3717 15
3718 14
3719 14
3720 14
3721 15
3722 13
3723 13
3724 13
3725 14
3726 13
3727 13
3728 13
3729 13
3730 13
3731 13
3732 14
3733 13
3734 13
3735 13
3736 13
3737 13
3738 12
3739 12
3740 14
3741 14
3742 13
3743 14
3744 14
3745 14
3746 13
3747 14
3748 14
3749 14
3750 14
3751 15
3752 13
3753 14
3754 13
3755 13
3756 13
3757 12
3758 13
3759 14
3760 13
3761 14
3762 13
3763 12
3764 14
3765 14
3766 14
3767 14
3768 13
3769 14
3770 14
3771 15
3772 13
3773 14
3774 13
3775 13
3776 12
3777 13
3778 13
3779 12
3780 12
3781 13
3782 12
3783 14
3784 14
3785 14
3786 13
3787 13
3788 13
3789 14
3790 12
3791 13
3792 12
3793 14
3794 13
3795 13
3796 14
3797 14
3798 14
3799 15
3800 14
3801 14
3802 13
3803 13
3804 14
3805 14
3806 14
3807 13
3808 13
3809 15
3810 13
3811 13
3812 13
3813 15
3814 13
3815 13
3816 13
3817 14
3818 14
3819 13
3820 13
3821 13
3822 13
3823 13
3824 13
3825 13
3826 13
3827 14
3828 14
3829 13
3830 13
3831 13
3832 13
3833 14
3834 13
3835 13
3836 14
3837 13
3838 14
3839 15
3840 13
3841 13
3842 13
3843 12
3844 13
3845 15
3846 14
3847 14
3848 14
3849 14
3850 13
3851 14
3852 14
3853 13
3854 13
3855 14
3856 13
3857 12
3858 13
3859 12
3860 14
3861 13
3862 13
3863 13
3864 13
3865 13
3866 13
3867 14
3868 14
3869 14
3870 13
3871 14
3872 13
3873 14
3874 13
3875 13
3876 13
3877 13
3878 13
3879 12
3880 13
3881 14
3882 13
3883 14
3884 14
3885 13
3886 14
3887 13
3888 14
3889 13
3890 13
3891 13
3892 14
3893 14
3894 13
3895 13
3896 14
3897 14
3898 14
3899 14
3900 14
3901 13
3902 12
3903 15
3904 13
3905 13
3906 12
3907 13
3908 14
3909 15
3910 13
3911 13
3912 13
3913 15
3914 13
3915 13
3916 13
3917 14
3918 14
3919 13
3920 37
3921 36
3922 18
3923 20
3924 20
3925 27
3926 17
3927 15
3928 14
3929 14
3930 13
3931 14
3932 14
3933 14
3934 13
3935 14
3936 13
3937 15
3938 14
3939 14
3940 14
3941 15
3942 13
3943 14
3944 13
3945 13
3946 13
3947 12
3948 12
3949 13
3950 13
3951 13
3952 14
3953 15
3954 13
3955 13
3956 13
3957 14
3958 13
3959 14
3960 14
3961 14
3962 15
3963 14
3964 13
3965 14
3966 13
3967 13
3968 13
3969 14
3970 13
3971 13
3972 14
3973 13
3974 13
3975 15
3976 13
3977 13
3978 14
3979 15
3980 14
3981 15
3982 14
3983 14
3984 13
3985 14
3986 14
3987 13
3988 14
3989 15
3990 14
3991 14
3992 14
3993 15
3994 14
3995 14
3996 14
3997 15
3998 14
3999 14
4000 13
4001 11
4002 14
4003 14
4004 14
4005 14
4006 14
4007 15
4008 14
4009 14
4010 14
4011 13
4012 12
4013 13
4014 13
4015 12
4016 13
4017 14
4018 15
4019 14
4020 14
4021 14
4022 13
4023 14
4024 14
4025 13
4026 13
4027 14
4028 14
4029 14
4030 15
4031 14
4032 14
4033 13
4034 12
4035 15
4036 14
4037 14
4038 13
4039 13
4040 13
4041 13
4042 13
4043 14
4044 13
4045 13
4046 13
4047 14
4048 13
4049 14
4050 14
4051 14
4052 13
4053 14
4054 13
4055 13
4056 14
4057 13
4058 14
4059 15
4060 15
4061 14
4062 13
4063 14
4064 13
4065 14
4066 13
4067 14
4068 13
4069 14
4070 14
4071 14
4072 13
4073 13
4074 13
4075 13
4076 14
4077 14
4078 13
4079 15
4080 13
4081 14
4082 14
4083 13
4084 14
4085 14
4086 13
4087 13
4088 13
4089 14
4090 12
4091 14
4092 13
4093 13
4094 13
4095 13
4096 13
4097 16
4098 13
4099 13
4100 13
4101 13
4102 14
4103 14
4104 13
4105 14
4106 13
4107 13
4108 14
4109 13
4110 13
4111 14
4112 13
4113 14
4114 13
4115 13
4116 13
4117 15
4118 13
4119 15
4120 13
4121 14
4122 13
4123 13
4124 14
4125 13
4126 14
4127 14
4128 14
4129 13
4130 14
4131 14
4132 14
4133 15
4134 13
4135 13
4136 13
4137 13
4138 13
4139 13
4140 13
4141 13
4142 13
4143 13
4144 13
4145 14
4146 13
4147 13
4148 12
4149 13
4150 13
4151 13
4152 13
4153 13
4154 14
4155 12
4156 13
4157 13
4158 13
4159 14
4160 13
4161 13
4162 14
4163 13
4164 13
4165 12
4166 14
4167 13
4168 13
4169 13
4170 13
4171 13
4172 14
4173 14
4174 14
4175 14
4176 14
4177 14
4178 14
4179 13
4180 15
4181 13
4182 14
4183 13
4184 13
4185 13
4186 13
4187 14
4188 13
4189 13
4190 14
4191 14
4192 13
4193 14
4194 13
4195 13
4196 13
4197 14
4198 14
4199 15
4200 13
4201 14
4202 14
4203 14
4204 14
4205 15
4206 14
4207 15
4208 13
4209 14
4210 13
4211 14
4212 14
4213 15
4214 13
4215 14
4216 13
4217 14
4218 12
4219 13
4220 13
4221 13
4222 13
4223 13
4224 12
4225 12
4226 14
4227 13
4228 13
4229 13
4230 12
4231 14
4232 13
4233 13
4234 13
4235 15
4236 14
4237 14
4238 14
4239 15
4240 14
4241 15
4242 14
4243 14
4244 14
4245 15
4246 13
4247 14
4248 13
4249 13
4250 13
4251 13
4252 13
4253 12
4254 13
4255 14
4256 13
4257 13
4258 14
4259 14
4260 13
4261 14
4262 13
4263 13
4264 13
4265 14
4266 13
4267 15
4268 13
4269 13
4270 13
4271 13
4272 13
4273 15
4274 14
4275 13
4276 14
4277 12
4278 15
4279 13
4280 13
4281 13
4282 14
4283 13
4284 14
4285 13
4286 14
4287 13
4288 13
4289 13
4290 13
4291 13
4292 13
4293 13
4294 13
4295 13
4296 13
4297 15
4298 13
4299 13
4300 13
4301 15
4302 13
4303 14
4304 13
4305 14
4306 15
4307 15
4308 14
4309 14
4310 13
4311 13
4312 14
4313 15
4314 13
4315 13
4316 13
4317 16
4318 14
4319 14
4320 14
4321 14
4322 14
4323 13
4324 14
4325 13
4326 14
4327 14
4328 13
4329 13
4330 14
4331 13
4332 14
4333 15
4334 14
4335 15
4336 14
4337 20
4338 17
4339 15
4340 15
4341 15
4342 14
4343 14
4344 13
4345 14
4346 13
4347 14
4348 13
4349 14
4350 13
4351 14
4352 13
4353 13
4354 13
4355 14
4356 14
4357 14
4358 14
4359 14
4360 13
4361 14
4362 13
4363 14
4364 13
4365 14
4366 13
4367 15
4368 14
4369 14
4370 13
4371 13
4372 13
4373 13
4374 13
4375 13
4376 14
4377 14
4378 14
4379 14
4380 13
4381 14
4382 13
4383 13
4384 13
4385 14
4386 13
4387 14
4388 14
4389 15
4390 13
4391 15
4392 14
4393 14
4394 13
4395 13
4396 13
4397 13
4398 14
4399 15
4400 14
4401 14
4402 14
4403 13
4404 13
4405 13
4406 13
4407 13
4408 13
4409 14
4410 14
4411 14
4412 14
4413 15
4414 13
4415 14
4416 13
4417 14
4418 14
4419 12
4420 14
4421 13
4422 12
4423 13
4424 13
4425 14
4426 13
4427 12
4428 14
4429 13
4430 13
4431 15
4432 13
4433 13
4434 13
4435 13
4436 13
4437 14
4438 13
4439 14
4440 14
4441 13
4442 14
4443 15
4444 13
4445 13
4446 14
4447 13
4448 13
4449 13
4450 13
4451 13
4452 13
4453 13
4454 14
4455 14
4456 14
4457 13
4458 14
4459 14
4460 14
4461 15
4462 14
4463 15
4464 14
4465 14
4466 13
4467 14
4468 13
4469 14
4470 14
4471 14
4472 15
4473 14
4474 15
4475 14
4476 14
4477 13
4478 13
4479 13
4480 13
4481 14
4482 13
4483 14
4484 13
4485 13
4486 13
4487 13
4488 13
4489 13
4490 13
4491 13
4492 14
4493 13
4494 14
4495 13
4496 13
4497 13
4498 13
4499 13
4500 13
4501 11
4502 13
4503 14
4504 13
4505 14
4506 12
4507 13
4508 13
4509 13
4510 13
4511 14
4512 14
4513 14
4514 13
4515 15
4516 13
4517 15
4518 15
4519 14
4520 14
4521 14
4522 15
4523 15
4524 14
4525 14
4526 14
4527 15
4528 16
4529 14
4530 14
4531 13
4532 14
4533 14
4534 14
4535 14
4536 14
4537 13
4538 14
4539 14
4540 13
4541 14
4542 15
4543 15
4544 15
4545 14
4546 13
4547 14
4548 14
4549 15
4550 14
4551 15
4552 14
4553 14
4554 14
4555 15
4556 14
4557 14
4558 14
4559 13
4560 14
4561 14
4562 14
4563 14
4564 14
4565 13
4566 14
4567 14
4568 14
4569 13
4570 14
4571 13
4572 13
4573 13
4574 13
4575 15
4576 13
4577 15
4578 15
4579 13
4580 13
4581 12
4582 13
4583 13
4584 12
4585 13
4586 13
4587 13
4588 13
4589 13
4590 14
4591 13
4592 13
4593 13
4594 13
4595 14
4596 14
4597 14
4598 14
4599 13
4600 13
4601 13
4602 13
4603 15
4604 14
4605 13
4606 13
4607 15
4608 15
4609 14
4610 14
4611 13
4612 13
4613 14
4614 14
4615 13
4616 12
4617 15
4618 14
4619 15
4620 14
4621 15
4622 14
4623 14
4624 13
4625 14
4626 13
4627 13
4628 13
4629 13
4630 13
4631 14
4632 13
4633 14
4634 12
4635 14
4636 13
4637 14
4638 12
4639 13
4640 13
4641 13
4642 13
4643 13
4644 14
4645 13
4646 14
4647 13
4648 13
4649 13
4650 13
4651 15
4652 14
4653 14
4654 13
4655 13
4656 13
4657 14
4658 13
4659 15
4660 13
4661 13
4662 13
4663 13
4664 13
4665 13
4666 13
4667 13
4668 13
4669 13
4670 13
4671 13
4672 13
4673 14
4674 14
4675 13
4676 13
4677 13
4678 13
4679 13
4680 14
4681 13
4682 14
4683 14
4684 14
4685 13
4686 13
4687 13
4688 13
4689 15
4690 14
4691 14
4692 14
4693 15
4694 14
4695 14
4696 13
4697 13
4698 13
4699 13
4700 13
4701 15
4702 14
4703 14
4704 14
4705 13
4706 13
4707 13
4708 12
4709 14
4710 14
4711 13
4712 13
4713 13
4714 13
4715 14
4716 13
4717 13
4718 14
4719 15
4720 14
4721 13
4722 13
4723 14
4724 13
4725 14
4726 14
4727 14
4728 13
4729 13
4730 13
4731 13
4732 14
4733 13
4734 13
4735 13
4736 14
4737 14
4738 14
4739 14
4740 14
4741 14
4742 14
4743 13
4744 14
4745 13
4746 14
4747 13
4748 14
4749 14
4750 14
4751 15
4752 14
4753 15
4754 14
4755 15
4756 13
4757 16
4758 13
4759 13
4760 13
4761 15
4762 13
4763 14
4764 13
4765 14
4766 13
4767 13
4768 14
4769 14
4770 13
4771 13
4772 13
4773 14
4774 13
4775 14
4776 13
4777 13
4778 13
4779 15
4780 14
4781 15
4782 13
4783 14
4784 13
4785 13
4786 14
4787 14
4788 13
4789 14
4790 14
4791 14
4792 13
4793 14
4794 14
4795 15
4796 13
4797 14
4798 14
4799 13
4800 13
4801 14
4802 13
4803 15
4804 13
4805 13
4806 13
4807 13
4808 12
4809 12
4810 13
4811 13
4812 13
4813 15
4814 13
4815 14
4816 13
4817 16
4818 14
4819 13
4820 13
4821 14
4822 13
4823 14
4824 13
4825 15
4826 14
4827 15
4828 14
4829 15
4830 14
4831 14
4832 14
4833 15
4834 13
4835 13
4836 13
4837 13
4838 14
4839 13
4840 13
4841 13
4842 13
4843 13
4844 13
4845 13
4846 13
4847 12
4848 14
4849 19
4850 17
4851 16
4852 14
4853 13
4854 13
4855 13
4856 13
4857 13
4858 14
4859 13
4860 14
4861 13
4862 13
4863 14
4864 15
4865 14
4866 13
4867 13
4868 13
4869 13
4870 12
4871 13
4872 12
4873 13
4874 13
4875 13
4876 14
4877 14
4878 15
4879 14
4880 15
4881 15
4882 15
4883 13
4884 13
4885 13
4886 13
4887 13
4888 13
4889 13
4890 13
4891 13
4892 13
4893 13
4894 13
4895 14
4896 13
4897 13
4898 13
4899 12
4900 14
4901 15
4902 13
4903 14
4904 12
4905 13
4906 13
4907 13
4908 13
4909 15
4910 14
4911 14
4912 13
4913 15
4914 13
4915 14
4916 13
4917 14
4918 14
4919 14
4920 13
4921 13
4922 13
4923 14
4924 14
4925 14
4926 43
4927 23
4928 18
4929 17
4930 17
4931 27
4932 16
4933 16
4934 16
4935 15
4936 15
4937 15
4938 14
4939 13
4940 13
4941 12
4942 13
4943 13
4944 14
4945 13
4946 13
4947 14
4948 13
4949 14
4950 13
4951 14
4952 13
4953 13
4954 13
4955 14
4956 13
4957 15
4958 13
4959 14
4960 15
4961 13
4962 13
4963 13
4964 13
4965 13
4966 14
4967 13
4968 13
4969 12
4970 13
4971 14
4972 13
4973 13
4974 14
4975 13
4976 13
4977 13
4978 13
4979 13
4980 13
4981 13
4982 13
4983 15
4984 14
4985 13
4986 14
4987 14
4988 14
4989 15
4990 13
4991 13
4992 13
4993 13
4994 13
4995 13
4996 13
4997 13
4998 14
4999 13
5000 13
5001 11
5002 13
5003 13
5004 12
5005 13
5006 13
5007 13
5008 13
5009 13
5010 13
5011 13
5012 14
5013 14
5014 13
5015 14
5016 14
5017 16
5018 14
5019 14
5020 14
5021 13
5022 14
5023 14
5024 13
5025 13
5026 14
5027 14
5028 13
5029 13
5030 14
5031 14
5032 12
5033 13
5034 13
5035 14
5036 13
5037 13
5038 12
5039 15
5040 13
5041 13
5042 13
5043 13
5044 13
5045 13
5046 12
5047 13
5048 13
5049 13
5050 13
5051 14
5052 12
5053 14
5054 13
5055 13
5056 13
5057 13
5058 13
5059 13
5060 12
5061 14
5062 12
5063 13
5064 13
5065 13
5066 13
5067 14
5068 13
5069 14
5070 13
5071 13
5072 12
5073 13
5074 13
5075 13
5076 13
5077 13
5078 13
5079 14
5080 13
5081 14
5082 13
5083 13
5084 13
5085 12
5086 13
5087 12
5088 13
5089 13
5090 14
5091 15
5092 13
5093 14
5094 13
5095 14
5096 13
5097 13
5098 13
5099 14
5100 14
5101 13
5102 14
5103 14
5104 14
5105 13
5106 13
5107 12
5108 13
5109 13
5110 13
5111 13
5112 13
5113 14
5114 13
5115 14
5116 13
5117 15
5118 15
5119 14
5120 14
5121 15
5122 14
5123 14
5124 14
5125 13
5126 13
5127 14
5128 13
5129 14
5130 13
5131 13
5132 14
5133 12
5134 13
5135 14
5136 13
5137 12
5138 13
5139 13
5140 13
5141 13
5142 13
5143 14
5144 13
5145 12
5146 13
5147 12
5148 13
5149 13
5150 13
5151 13
5152 13
5153 13
5154 14
5155 13
5156 13
5157 13
5158 13
5159 13
5160 14
5161 14
5162 12
5163 14
5164 13
5165 14
5166 13
5167 14
5168 13
5169 13
5170 13
5171 15
5172 14
5173 14
5174 13
5175 13
5176 13
5177 13
5178 14
5179 14
5180 13
5181 15
5182 13
5183 13
5184 13
5185 13
5186 13
5187 14
5188 13
5189 14
5190 13
5191 14
5192 13
5193 15
5194 13
5195 14
5196 13
5197 13
5198 14
5199 14
5200 15
5201 14
5202 13
5203 13
5204 15
5205 13
5206 14
5207 13
5208 13
5209 13
5210 13
5211 14
5212 13
5213 14
5214 13
5215 14
5216 14
5217 16
5218 14
5219 15
5220 13
5221 14
5222 13
5223 13
5224 12
5225 14
5226 14
5227 13
5228 13
5229 14
5230 14
5231 14
5232 13
5233 13
5234 12
5235 14
5236 13
5237 13
5238 13
5239 13
5240 13
5241 13
5242 13
5243 14
5244 13
5245 13
5246 13
5247 13
5248 13
5249 13
5250 14
5251 13
5252 13
5253 12
5254 13
5255 12
5256 13
5257 14
5258 14
5259 15
5260 14
5261 12
5262 14
5263 14
5264 13
5265 13
5266 14
5267 13
5268 13
5269 13
5270 13
5271 12
5272 13
5273 12
5274 13
5275 13
5276 13
5277 13
5278 13
5279 13
5280 13
5281 13
5282 13
5283 13
5284 13
5285 13
5286 13
5287 13
5288 13
5289 12
5290 14
5291 12
5292 14
5293 15
5294 13
5295 15
5296 15
5297 15
5298 13
5299 14
5300 14
5301 13
5302 13
5303 14
5304 14
5305 14
5306 14
5307 13
5308 14
5309 13
5310 15
5311 13
5312 14
5313 14
5314 13
5315 13
5316 13
5317 14
5318 14
5319 13
5320 13
5321 13
5322 13
5323 14
5324 14
5325 14
5326 14
5327 14
5328 13
5329 14
5330 13
5331 14
5332 14
5333 13
5334 13
5335 14
5336 13
5337 15
5338 13
5339 13
5340 13
5341 13
5342 14
5343 13
5344 13
5345 14
5346 13
5347 13
5348 12
5349 15
5350 13
5351 14
5352 13
5353 13
5354 13
5355 14
5356 14
5357 13
5358 13
5359 15
5360 13
5361 21
5362 17
5363 17
5364 15
5365 15
5366 14
5367 14
5368 13
5369 13
5370 13
5371 13
5372 13
5373 12
5374 14
5375 13
5376 13
5377 15
5378 13
5379 14
5380 14
5381 15
5382 14
5383 13
5384 14
5385 14
5386 13
5387 13
5388 13
5389 14
5390 14
5391 14
5392 13
5393 14
5394 13
5395 13
5396 14
5397 14
5398 13
5399 14
5400 14
5401 15
5402 13
5403 13
5404 13
5405 13
5406 13
5407 13
5408 13
5409 13
5410 13
5411 13
5412 13
5413 14
5414 14
5415 13
5416 13
5417 14
5418 14
5419 14
5420 13
5421 14
5422 13
5423 13
5424 13
5425 12
5426 13
5427 13
5428 13
5429 13
5430 14
5431 12
5432 14
5433 13
5434 14
5435 14
5436 14
5437 13
5438 13
5439 13
5440 14
5441 14
5442 14
5443 13
5444 14
5445 15
5446 15
5447 15
5448 13
5449 13
5450 13
5451 13
5452 13
5453 13
5454 13
5455 13
5456 14
5457 15
5458 13
5459 13
5460 13
5461 13
5462 14
5463 14
5464 13
5465 13
5466 13
5467 13
5468 14
5469 13
5470 13
5471 13
5472 13
5473 13
5474 15
5475 14
5476 15
5477 13
5478 15
5479 14
5480 11
5481 14
5482 13
5483 14
5484 13
5485 13
5486 13
5487 13
5488 14
5489 13
5490 13
5491 14
5492 14
5493 14
5494 14
5495 14
5496 15
5497 14
5498 13
5499 14
5500 14
5501 11
5502 14
5503 13
5504 14
5505 13
5506 13
5507 13
5508 13
5509 13
5510 12
5511 14
5512 14
5513 14
5514 13
5515 14
5516 13
5517 14
5518 13
5519 13
5520 13
5521 14
5522 13
5523 14
5524 13
5525 14
5526 13
5527 14
5528 13
5529 13
5530 13
5531 14
5532 15
5533 14
5534 14
5535 13
5536 13
5537 13
5538 14
5539 13
5540 14
5541 14
5542 13
5543 12
5544 14
5545 14
5546 13
5547 12
5548 13
5549 13
5550 13
5551 13
5552 13
5553 12
5554 13
5555 13
5556 13
5557 13
5558 13
5559 12
5560 13
5561 13
5562 14
5563 13
5564 13
5565 13
5566 13
5567 14
5568 13
5569 14
5570 14
5571 13
5572 13
5573 13
5574 12
5575 14
5576 13
5577 13
5578 15
5579 13
5580 14
5581 13
5582 13
5583 14
5584 15
5585 14
5586 12
5587 13
5588 14
5589 14
5590 13
5591 13
5592 13
5593 14
5594 13
5595 13
5596 13
5597 14
5598 13
5599 13
5600 12
5601 13
5602 13
5603 13
5604 13
5605 13
5606 13
5607 13
5608 14
5609 14
5610 13
5611 13
5612 13
5613 14
5614 13
5615 14
5616 13
5617 13
5618 13
5619 13
5620 14
5621 14
5622 14
5623 14
5624 14
5625 14
5626 14
5627 14
5628 14
5629 14
5630 14
5631 14
5632 13
5633 13
5634 13
5635 13
5636 14
5637 13
5638 13
5639 13
5640 12
5641 13
5642 13
5643 14
5644 12
5645 13
5646 13
5647 12
5648 13
5649 15
5650 14
5651 15
5652 13
5653 12
5654 14
5655 14
5656 12
5657 14
5658 13
5659 13
5660 13
5661 14
5662 13
5663 13
5664 13
5665 12
5666 13
5667 14
5668 13
5669 14
5670 13
5671 14
5672 13
5673 13
5674 13
5675 13
5676 13
5677 14
5678 14
5679 15
5680 14
5681 13
5682 13
5683 13
5684 13
5685 15
5686 13
5687 14
5688 14
5689 13
5690 14
5691 13
5692 13
5693 13
5694 14
5695 13
5696 13
5697 13
5698 13
5699 13
5700 13
5701 14
5702 13
5703 13
5704 12
5705 13
5706 14
5707 13
5708 13
5709 15
5710 13
5711 13
5712 13
5713 14
5714 13
5715 13
5716 14
5717 13
5718 13
5719 13
5720 14
5721 13
5722 13
5723 13
5724 12
5725 13
5726 13
5727 13
5728 13
5729 13
5730 14
5731 13
5732 13
5733 13
5734 13
5735 14
5736 14
5737 14
5738 13
5739 13
5740 13
5741 13
5742 14
5743 14
5744 13
5745 13
5746 13
5747 12
5748 13
5749 13
5750 13
5751 13
5752 13
5753 13
5754 14
5755 14
5756 13
5757 13
5758 13
5759 14
5760 13
5761 14
5762 12
5763 14
5764 13
5765 13
5766 13
5767 14
5768 13
5769 14
5770 15
5771 14
5772 14
5773 14
5774 13
5775 14
5776 12
5777 13
5778 12
5779 14
5780 14
5781 15
5782 14
5783 14
5784 13
5785 13
5786 13
5787 14
5788 13
5789 14
5790 13
5791 13
5792 13
5793 13
5794 13
5795 12
5796 13
5797 13
5798 13
5799 14
5800 13
5801 13
5802 13
5803 14
5804 13
5805 14
5806 14
5807 13
5808 13
5809 13
5810 14
5811 13
5812 13
5813 14
5814 13
5815 13
5816 13
5817 14
5818 14
5819 15
5820 13
5821 13
5822 14
5823 13
5824 13
5825 13
5826 13
5827 14
5828 14
5829 13
5830 13
5831 12
5832 13
5833 13
5834 13
5835 13
5836 13
5837 15
5838 13
5839 13
5840 13
5841 13
5842 13
5843 13
5844 14
5845 15
5846 15
5847 14
5848 13
5849 14
5850 13
5851 13
5852 13
5853 13
5854 13
5855 13
5856 14
5857 13
5858 13
5859 13
5860 14
5861 13
5862 12
5863 13
5864 12
5865 13
5866 12
5867 13
5868 13
5869 13
5870 13
5871 13
5872 13
5873 13
5874 13
5875 13
5876 13
5877 13
5878 14
5879 14
5880 13
5881 14
5882 14
5883 15
5884 14
5885 15
5886 14
5887 14
5888 13
5889 14
5890 13
5891 14
5892 13
5893 13
5894 14
5895 14
5896 15
5897 15
5898 13
5899 15
5900 15
5901 14
5902 13
5903 13
5904 13
5905 12
5906 12
5907 13
5908 13
5909 13
5910 13
5911 14
5912 13
5913 14
5914 13
5915 14
5916 13
5917 14
5918 13
5919 13
5920 13
5921 13
5922 13
5923 14
5924 13
5925 13
5926 13
5927 13
5928 13
5929 15
5930 12
5931 15
5932 42
5933 25
5934 19
5935 18
5936 17
5937 34
5938 18
5939 15
5940 15
5941 14
5942 13
5943 14
5944 13
5945 13
5946 13
5947 13
5948 13
5949 14
5950 14
5951 14
5952 13
5953 14
5954 13
5955 14
5956 14
5957 13
5958 13
5959 14
5960 14
5961 14
5962 14
5963 13
5964 14
5965 13
5966 13
5967 13
5968 14
5969 13
5970 12
5971 12
5972 13
5973 14
5974 13
5975 12
5976 13
5977 13
5978 13
5979 13
5980 13
5981 13
5982 14
5983 13
5984 14
5985 13
5986 13
5987 13
5988 13
5989 13
5990 13
5991 13
5992 14
5993 12
5994 13
5995 12
5996 12
5997 13
5998 13
5999 13
6000 13
6001 11
6002 12
6003 13
6004 13
6005 12
6006 13
6007 13
6008 12
6009 13
6010 13
6011 13
6012 13
6013 13
6014 13
6015 13
6016 13
6017 13
6018 14
6019 15
6020 14
6021 13
6022 12
6023 14
6024 13
6025 12
6026 14
6027 14
6028 14
6029 14
6030 14
6031 13
6032 14
6033 13
6034 14
6035 13
6036 12
6037 13
6038 13
6039 13
6040 12
6041 13
6042 13
6043 14
6044 13
6045 13
6046 13
6047 13
6048 13
6049 14
6050 14
6051 14
6052 13
6053 13
6054 13
6055 13
6056 13
6057 13
6058 13
6059 13
6060 13
6061 13
6062 13
6063 12
6064 13
6065 14
6066 13
6067 14
6068 13
6069 13
6070 13
6071 13
6072 13
6073 12
6074 14
6075 13
6076 13
6077 13
6078 14
6079 14
6080 13
6081 14
6082 14
6083 14
6084 14
6085 14
6086 14
6087 15
6088 13
6089 13
6090 13
6091 12
6092 14
6093 15
6094 13
6095 14
6096 13
6097 14
6098 14
6099 15
6100 13
6101 12
6102 13
6103 13
6104 12
6105 12
6106 12
6107 12
6108 13
6109 13
6110 13
6111 14
6112 13
6113 14
6114 13
6115 15
6116 14
6117 12
6118 13
6119 14
6120 13
6121 15
6122 14
6123 14
6124 13
6125 14
6126 14
6127 13
6128 13
6129 13
6130 13
6131 14
6132 13
6133 14
6134 13
6135 13
6136 12
6137 13
6138 14
6139 13
6140 13
6141 13
6142 13
6143 13
6144 13
6145 13
6146 13
6147 14
6148 13
6149 13
6150 14
6151 13
6152 13
6153 13
6154 13
6155 13
6156 14
6157 14
6158 14
6159 13
6160 14
6161 14
6162 14
6163 14
6164 15
6165 13
6166 13
6167 14
6168 13
6169 13
6170 13
6171 13
6172 12
6173 13
6174 13
6175 13
6176 13
6177 14
6178 14
6179 14
6180 14
6181 13
6182 13
6183 14
6184 14
6185 14
6186 15
6187 14
6188 14
6189 14
6190 13
6191 13
6192 13
6193 13
6194 12
6195 14
6196 13
6197 14
6198 12
6199 13
6200 12
6201 14
6202 13
6203 13
6204 13
6205 12
6206 13
6207 13
6208 13
6209 13
6210 13
6211 12
6212 13
6213 14
6214 13
6215 14
6216 13
6217 11
6218 14
6219 13
6220 13
6221 15
6222 14
6223 13
6224 13
6225 12
6226 13
6227 13
6228 14
6229 12
6230 13
6231 13
6232 13
6233 13
6234 13
6235 14
6236 14
6237 12
6238 13
6239 13
6240 13
6241 13
6242 12
6243 13
6244 14
6245 13
6246 13
6247 13
6248 13
6249 15
6250 14
6251 16
6252 14
6253 15
6254 13
6255 13
6256 13
6257 12
6258 13
6259 12
6260 13
6261 13
6262 14
6263 14
6264 13
6265 14
6266 13
6267 14
6268 14
6269 12
6270 13
6271 13
6272 13
6273 13
6274 14
6275 14
6276 13
6277 12
6278 14
6279 13
6280 14
6281 14
6282 13
6283 13
6284 13
6285 13
6286 14
6287 12
6288 14
6289 13
6290 13
6291 13
6292 13
6293 13
6294 13
6295 14
6296 14
6297 13
6298 13
6299 12
6300 12
6301 13
6302 13
6303 13
6304 14
6305 13
6306 14
6307 13
6308 14
6309 13
6310 14
6311 15
6312 14
6313 13
6314 13
6315 12
6316 12
6317 11
6318 13
6319 14
6320 14
6321 14
6322 14
6323 14
6324 13
6325 14
6326 13
6327 13
6328 13
6329 14
6330 14
6331 13
6332 13
6333 13
6334 14
6335 13
6336 14
6337 13
6338 13
6339 14
6340 13
6341 14
6342 14
6343 15
6344 13
6345 13
6346 13
6347 13
6348 13
6349 13
6350 13
6351 13
6352 12
6353 14
6354 12
6355 14
6356 14
6357 14
6358 13
6359 13
6360 14
6361 13
6362 13
6363 13
6364 14
6365 15
6366 13
6367 13
6368 13
6369 13
6370 13
6371 14
6372 13
6373 15
6374 15
6375 14
6376 13
6377 13
6378 13
6379 12
6380 13
6381 13
6382 13
6383 14
6384 13
6385 17
6386 17
6387 14
6388 14
6389 15
6390 13
6391 13
6392 13
6393 14
6394 14
6395 13
6396 13
6397 12
6398 13
6399 12
6400 14
6401 13
6402 14
6403 14
6404 13
6405 13
6406 13
6407 13
6408 12
6409 12
6410 13
6411 13
6412 13
6413 14
6414 14
6415 15
6416 12
6417 12
6418 14
6419 14
6420 14
6421 14
6422 13
6423 14
6424 13
6425 13
6426 12
6427 13
6428 14
6429 13
6430 12
6431 13
6432 13
6433 13
6434 13
6435 13
6436 12
6437 13
6438 13
6439 13
6440 14
6441 13
6442 13
6443 13
6444 13
6445 13
6446 13
6447 13
6448 13
6449 13
6450 13
6451 14
6452 14
6453 15
6454 14
6455 15
6456 14
6457 13
6458 14
6459 13
6460 13
6461 14
6462 13
6463 14
6464 14
6465 13
6466 13
6467 13
6468 13
6469 13
6470 13
6471 13
6472 13
6473 14
6474 13
6475 13
6476 13
6477 14
6478 13
6479 13
6480 13
6481 13
6482 13
6483 13
6484 13
6485 14
6486 13
6487 15
6488 13
6489 13
6490 12
6491 14
6492 14
6493 14
6494 13
6495 12
6496 14
6497 14
6498 13
6499 13
6500 13
6501 11
6502 13
6503 13
6504 14
6505 14
6506 13
6507 13
6508 13
6509 14
6510 13
6511 15
6512 14
6513 13
6514 12
6515 14
6516 13
6517 11
6518 14
6519 13
6520 14
6521 14
6522 13
6523 13
6524 13
6525 12
6526 13
6527 13
6528 13
6529 13
6530 14
6531 13
6532 14
6533 12
6534 13
6535 15
6536 13
6537 14
6538 14
6539 14
6540 13
6541 13
6542 13
6543 13
6544 14
6545 12
6546 14
6547 14
6548 14
6549 13
6550 13
6551 15
6552 13
6553 14
6554 13
6555 14
6556 13
6557 13
6558 16
6559 15
6560 14
6561 14
6562 14
6563 13
6564 13
6565 13
6566 12
6567 13
6568 14
6569 13
6570 13
6571 13
6572 13
6573 14
6574 14
6575 15
6576 13
6577 14
6578 15
6579 14
6580 13
6581 13
6582 14
6583 13
6584 14
6585 15
6586 13
6587 15
6588 14
6589 16
6590 15
6591 14
6592 14
6593 14
6594 13
6595 14
6596 13
6597 14
6598 13
6599 13
6600 13
6601 14
6602 12
6603 13
6604 14
6605 12
6606 13
6607 13
6608 12
6609 14
6610 14
6611 12
6612 12
6613 14
6614 13
6615 13
6616 12
6617 11
6618 14
6619 14
6620 14
6621 13
6622 13
6623 14
6624 13
6625 14
6626 13
6627 13
6628 14
6629 13
6630 12
6631 13
6632 14
6633 13
6634 13
6635 14
6636 13
6637 13
6638 14
6639 12
6640 12
6641 13
6642 13
6643 14
6644 13
6645 13
6646 13
6647 14
6648 13
6649 12
6650 13
6651 13
6652 13
6653 13
6654 13
6655 14
6656 13
6657 14
6658 13
6659 12
6660 13
6661 13
6662 14
6663 14
6664 13
6665 13
6666 14
6667 13
6668 13
6669 13
6670 13
6671 13
6672 13
6673 13
6674 14
6675 13
6676 14
6677 12
6678 13
6679 13
6680 13
6681 12
6682 13
6683 12
6684 14
6685 13
6686 14
6687 13
6688 14
6689 14
6690 14
6691 14
6692 13
6693 14
6694 14
6695 13
6696 13
6697 13
6698 14
6699 13
6700 13
6701 13
6702 13
6703 14
6704 14
6705 13
6706 13
6707 13
6708 13
6709 14
6710 13
6711 13
6712 14
6713 13
6714 14
6715 14
6716 13
6717 11
6718 13
6719 13
6720 13
6721 13
6722 13
6723 13
6724 14
6725 14
6726 13
6727 13
6728 14
6729 14
6730 14
6731 14
6732 14
6733 14
6734 14
6735 14
6736 14
6737 14
6738 13
6739 13
6740 13
6741 14
6742 13
6743 13
6744 13
6745 13
6746 12
6747 14
6748 14
6749 14
6750 14
6751 14
6752 13
6753 14
6754 14
6755 14
6756 15
6757 14
6758 13
6759 14
6760 14
6761 13
6762 13
6763 13
6764 13
6765 13
6766 12
6767 14
6768 14
6769 15
6770 13
6771 12
6772 12
6773 13
6774 13
6775 13
6776 13
6777 12
6778 13
6779 12
6780 13
6781 12
6782 13
6783 14
6784 14
6785 14
6786 13
6787 13
6788 13
6789 13
6790 13
6791 13
6792 13
6793 13
6794 13
6795 12
6796 13
6797 13
6798 13
6799 13
6800 13
6801 12
6802 13
6803 14
6804 13
6805 14
6806 13
6807 13
6808 14
6809 14
6810 14
6811 14
6812 14
6813 13
6814 13
6815 12
6816 13
6817 11
6818 14
6819 14
6820 13
6821 12
6822 13
6823 11
6824 13
6825 12
6826 13
6827 12
6828 13
6829 13
6830 13
6831 14
6832 13
6833 13
6834 13
6835 14
6836 13
6837 13
6838 13
6839 14
6840 13
6841 14
6842 14
6843 14
6844 12
6845 13
6846 13
6847 13
6848 13
6849 14
6850 13
6851 13
6852 13
6853 13
6854 14
6855 14
6856 13
6857 13
6858 13
6859 13
6860 13
6861 13
6862 13
6863 12
6864 14
6865 13
6866 13
6867 13
6868 13
6869 13
6870 13
6871 13
6872 13
6873 13
6874 13
6875 14
6876 14
6877 15
6878 13
6879 14
6880 14
6881 14
6882 13
6883 14
6884 14
6885 15
6886 14
6887 15
6888 14
6889 14
6890 14
6891 14
6892 14
6893 14
6894 13
6895 13
6896 12
6897 18
6898 16
6899 16
6900 15
6901 15
6902 14
6903 13
6904 13
6905 13
6906 14
6907 14
6908 14
6909 15
6910 14
6911 15
6912 13
6913 13
6914 13
6915 14
6916 14
6917 11
6918 15
6919 13
6920 13
6921 13
6922 13
6923 14
6924 13
6925 15
6926 14
6927 14
6928 14
6929 14
6930 14
6931 15
6932 13
6933 13
6934 13
6935 13
6936 14
6937 15
6938 89
6939 36
6940 18
6941 19
6942 21
6943 32
6944 16
6945 15
6946 14
6947 15
6948 13
6949 14
6950 14
6951 14
6952 13
6953 13
6954 13
6955 14
6956 14
6957 13
6958 13
6959 13
6960 14
6961 15
6962 14
6963 14
6964 14
6965 13
6966 14
6967 13
6968 13
6969 13
6970 13
6971 13
6972 13
6973 12
6974 13
6975 12
6976 14
6977 13
6978 13
6979 14
6980 13
6981 13
6982 12
6983 14
6984 14
6985 14
6986 14
6987 14
6988 14
6989 14
6990 14
6991 14
6992 14
6993 14
6994 14
6995 14
6996 13
6997 14
6998 15
6999 13
7000 14
7001 11
7002 15
7003 14
7004 13
7005 14
7006 13
7007 14
7008 13
7009 13
7010 14
7011 13
7012 14
7013 13
7014 12
7015 13
7016 12
7017 11
7018 13
7019 13
7020 14
7021 14
7022 15
7023 14
7024 14
7025 14
7026 12
7027 15
7028 13
7029 13
7030 13
7031 14
7032 13
7033 13
7034 15
7035 14
7036 13
7037 14
7038 13
7039 13
7040 12
7041 13
7042 14
7043 14
7044 12
7045 13
7046 13
7047 13
7048 14
7049 13
7050 13
7051 13
7052 13
7053 14
7054 12
7055 14
7056 13
7057 14
7058 13
7059 14
7060 13
7061 13
7062 13
7063 13
7064 14
7065 13
7066 13
7067 15
7068 13
7069 14
7070 13
7071 13
7072 14
7073 14
7074 13
7075 13
7076 13
7077 12
7078 14
7079 14
7080 14
7081 15
7082 13
7083 14
7084 13
7085 13
7086 13
7087 14
7088 14
7089 14
7090 13
7091 13
7092 13
7093 13
7094 13
7095 13
7096 13
7097 14
7098 14
7099 14
7100 14
7101 13
7102 14
7103 13
7104 14
7105 13
7106 13
7107 13
7108 13
7109 12
7110 14
7111 13
7112 13
7113 14
7114 14
7115 13
7116 14
7117 11
7118 14
7119 14
7120 13
7121 13
7122 14
7123 13
7124 13
7125 13
7126 14
7127 14
7128 13
7129 13
7130 14
7131 13
7132 12
7133 12
7134 14
7135 14
7136 14
7137 13
7138 13
7139 14
7140 13
7141 13
7142 13
7143 13
7144 13
7145 13
7146 14
7147 13
7148 13
7149 13
7150 14
7151 13
7152 13
7153 13
7154 13
7155 14
7156 14
7157 13
7158 13
7159 13
7160 12
7161 14
7162 13
7163 14
7164 13
7165 13
7166 13
7167 13
7168 12
7169 14
7170 13
7171 14
7172 14
7173 14
7174 13
7175 14
7176 14
7177 15
7178 14
7179 14
7180 14
7181 15
7182 13
7183 13
7184 13
7185 14
7186 15
7187 14
7188 15
7189 14
7190 15
7191 13
7192 13
7193 13
7194 14
7195 13
7196 13
7197 15
7198 14
7199 13
7200 14
7201 14
7202 13
7203 13
7204 13
7205 13
7206 13
7207 13
7208 13
7209 12
7210 12
7211 12
7212 13
7213 13
7214 13
7215 12
7216 13
7217 11
7218 13
7219 15
7220 14
7221 15
7222 13
7223 14
7224 13
7225 14
7226 14
7227 14
7228 13
7229 15
7230 13
7231 14
7232 13
7233 14
7234 14
7235 13
7236 13
7237 13
7238 14
7239 14
7240 14
7241 14
7242 14
7243 13
7244 14
7245 13
7246 14
7247 13
7248 13
7249 12
7250 14
7251 13
7252 14
7253 14
7254 14
7255 13
7256 12
7257 12
7258 13
7259 12
7260 14
7261 12
7262 13
7263 13
7264 12
7265 13
7266 14
7267 14
7268 13
7269 14
7270 13
7271 13
7272 14
7273 15
7274 14
7275 14
7276 13
7277 13
7278 14
7279 13
7280 13
7281 13
7282 13
7283 13
7284 14
7285 13
7286 14
7287 13
7288 13
7289 13
7290 13
7291 14
7292 13
7293 13
7294 14
7295 14
7296 14
7297 13
7298 13
7299 12
7300 13
7301 14
7302 15
7303 13
7304 14
7305 14
7306 13
7307 13
7308 13
7309 14
7310 13
7311 14
7312 13
7313 14
7314 13
7315 14
7316 13
7317 11
7318 13
7319 15
7320 13
7321 13
7322 13
7323 13
7324 13
7325 13
7326 13
7327 14
7328 13
7329 14
7330 12
7331 13
7332 12
7333 14
7334 13
7335 15
7336 14
7337 13
7338 13
7339 13
7340 13
7341 15
7342 14
7343 13
7344 13
7345 14
7346 13
7347 14
7348 14
7349 13
7350 13
7351 14
7352 14
7353 14
7354 13
7355 12
7356 13
7357 14
7358 13
7359 14
7360 14
7361 14
7362 14
7363 15
7364 14
7365 15
7366 13
7367 13
7368 13
7369 12
7370 13
7371 13
7372 13
7373 12
7374 14
7375 13
7376 13
7377 13
7378 13
7379 15
7380 13
7381 13
7382 14
7383 14
7384 13
7385 14
7386 14
7387 14
7388 13
7389 13
7390 14
7391 14
7392 14
7393 14
7394 13
7395 13
7396 14
7397 13
7398 14
7399 13
7400 14
7401 15
7402 14
7403 14
7404 13
7405 14
7406 14
7407 12
7408 14
7409 14
7410 13
7411 12
7412 13
7413 15
7414 13
7415 13
7416 13
7417 12
7418 14
7419 13
7420 13
7421 13
7422 12
7423 14
7424 14
7425 14
7426 13
7427 13
7428 14
7429 14
7430 15
7431 14
7432 14
7433 14
7434 15
7435 15
7436 13
7437 15
7438 14
7439 13
7440 14
7441 14
7442 13
7443 13
7444 14
7445 14
7446 13
7447 14
7448 13
7449 13
7450 14
7451 12
7452 13
7453 13
7454 13
7455 14
7456 14
7457 14
7458 14
7459 13
7460 14
7461 15
7462 14
7463 14
7464 14
7465 14
7466 13
7467 14
7468 15
7469 14
7470 13
7471 14
7472 14
7473 14
7474 13
7475 14
7476 13
7477 12
7478 13
7479 13
7480 13
7481 14
7482 14
7483 13
7484 13
7485 12
7486 13
7487 19
7488 16
7489 15
7490 13
7491 13
7492 15
7493 14
7494 13
7495 14
7496 13
7497 13
7498 13
7499 15
7500 14
7501 12
7502 13
7503 13
7504 13
7505 13
7506 13
7507 14
7508 13
7509 13
7510 13
7511 14
7512 14
7513 15
7514 14
7515 13
7516 13
7517 11
7518 15
7519 14
7520 14
7521 14
7522 13
7523 13
7524 13
7525 13
7526 13
7527 13
7528 13
7529 16
7530 13
7531 12
7532 13
7533 13
7534 14
7535 15
7536 13
7537 14
7538 13
7539 12
7540 13
7541 14
7542 13
7543 13
7544 14
7545 13
7546 13
7547 13
7548 13
7549 14
7550 13
7551 13
7552 13
7553 14
7554 14
7555 14
7556 13
7557 12
7558 13
7559 14
7560 13
7561 13
7562 13
7563 13
7564 13
7565 13
7566 12
7567 14
7568 14
7569 15
7570 13
7571 14
7572 14
7573 14
7574 13
7575 13
7576 13
7577 14
7578 16
7579 15
7580 12
7581 15
7582 14
7583 13
7584 12
7585 13
7586 13
7587 14
7588 12
7589 14
7590 13
7591 14
7592 14
7593 13
7594 14
7595 14
7596 13
7597 14
7598 12
7599 14
7600 12
7601 13
7602 13
7603 13
7604 14
7605 14
7606 13
7607 14
7608 12
7609 12
7610 12
7611 13
7612 13
7613 14
7614 13
7615 14
7616 12
7617 11
7618 13
7619 13
7620 13
7621 14
7622 14
7623 13
7624 13
7625 13
7626 14
7627 13
7628 14
7629 12
7630 13
7631 13
7632 13
7633 13
7634 14
7635 14
7636 13
7637 15
7638 14
7639 14
7640 14
7641 15
7642 14
7643 14
7644 13
7645 13
7646 14
7647 14
7648 13
7649 14
7650 13
7651 14
7652 13
7653 14
7654 13
7655 13
7656 13
7657 12
7658 13
7659 13
7660 13
7661 13
7662 14
7663 13
7664 13
7665 14
7666 14
7667 13
7668 13
7669 14
7670 14
7671 13
7672 13
7673 13
7674 14
7675 13
7676 13
7677 13
7678 13
7679 13
7680 13
7681 15
7682 13
7683 13
7684 14
7685 14
7686 13
7687 13
7688 13
7689 13
7690 13
7691 14
7692 13
7693 12
7694 12
7695 13
7696 13
7697 14
7698 13
7699 14
7700 14
7701 13
7702 13
7703 13
7704 13
7705 14
7706 13
7707 13
7708 13
7709 13
7710 13
7711 13
7712 14
7713 15
7714 14
7715 14
7716 14
7717 12
7718 14
7719 14
7720 13
7721 13
7722 13
7723 13
7724 14
7725 13
7726 12
7727 13
7728 13
7729 14
7730 13
7731 14
7732 14
7733 14
7734 15
7735 14
7736 13
7737 13
7738 13
7739 14
7740 13
7741 14
7742 13
7743 14
7744 13
7745 13
7746 13
7747 14
7748 13
7749 15
7750 13
7751 13
7752 13
7753 13
7754 14
7755 14
7756 13
7757 14
7758 12
7759 13
7760 14
7761 13
7762 13
7763 13
7764 14
7765 13
7766 13
7767 14
7768 12
7769 14
7770 13
7771 13
7772 14
7773 15
7774 13
7775 13
7776 13
7777 13
7778 13
7779 12
7780 13
7781 15
7782 13
7783 13
7784 13
7785 14
7786 14
7787 14
7788 12
7789 13
7790 13
7791 13
7792 13
7793 13
7794 13
7795 13
7796 14
7797 13
7798 13
7799 13
7800 13
7801 13
7802 13
7803 13
7804 14
7805 13
7806 12
7807 12
7808 13
7809 12
7810 13
7811 13
7812 13
7813 14
7814 13
7815 12
7816 13
7817 11
7818 14
7819 13
7820 14
7821 14
7822 15
7823 14
7824 13
7825 14
7826 13
7827 13
7828 13
7829 14
7830 14
7831 14
7832 13
7833 13
7834 13
7835 13
7836 13
7837 14
7838 12
7839 13
7840 14
7841 12
7842 13
7843 14
7844 14
7845 14
7846 13
7847 13
7848 13
7849 14
7850 14
7851 14
7852 14
7853 13
7854 14
7855 14
7856 14
7857 13
7858 14
7859 13
7860 14
7861 14
7862 13
7863 13
7864 14
7865 15
7866 13
7867 13
7868 13
7869 14
7870 13
7871 14
7872 13
7873 15
7874 14
7875 13
7876 13
7877 13
7878 13
7879 14
7880 12
7881 14
7882 14
7883 14
7884 12
7885 14
7886 13
7887 13
7888 13
7889 14
7890 13
7891 14
7892 13
7893 13
7894 13
7895 13
7896 13
7897 13
7898 13
7899 13
7900 13
7901 13
7902 13
7903 13
7904 13
7905 14
7906 13
7907 13
7908 13
7909 13
7910 13
7911 13
7912 13
7913 13
7914 13
7915 13
7916 13
7917 11
7918 14
7919 13
7920 14
7921 19
7922 17
7923 16
7924 15
7925 15
7926 13
7927 14
7928 14
7929 13
7930 13
7931 15
7932 13
7933 15
7934 13
7935 14
7936 13
7937 16
7938 13
7939 14
7940 13
7941 13
7942 13
7943 14
7944 77
7945 30
7946 19
7947 20
7948 21
7949 30
7950 18
7951 15
7952 14
7953 16
7954 15
7955 14
7956 14
7957 14
7958 13
7959 13
7960 14
7961 15
7962 13
7963 14
7964 13
7965 13
7966 13
7967 13
7968 13
7969 14
7970 13
7971 13
7972 14
7973 13
7974 13
7975 13
7976 13
7977 13
7978 13
7979 13
7980 14
7981 14
7982 14
7983 13
7984 13
7985 13
7986 13
7987 13
7988 12
7989 13
7990 14
7991 14
7992 14
7993 14
7994 14
7995 12
7996 12
7997 13
7998 13
7999 13
8000 14
8001 11
8002 13
8003 14
8004 14
8005 13
8006 14
8007 13
8008 13
8009 14
8010 13
8011 13
8012 13
8013 14
8014 13
8015 13
8016 13
8017 11
8018 14
8019 14
8020 15
8021 15
8022 13
8023 14
8024 14
8025 14
8026 13
8027 14
8028 13
8029 13
8030 13
8031 13
8032 13
8033 13
8034 13
8035 13
8036 13
8037 14
8038 14
8039 14
8040 13
8041 14
8042 13
8043 14
8044 14
8045 13
8046 13
8047 13
8048 13
8049 13
8050 13
8051 13
8052 13
8053 13
8054 13
8055 12
8056 14
8057 15
8058 13
8059 14
8060 13
8061 12
8062 13
8063 13
8064 13
8065 14
8066 13
8067 14
8068 13
8069 13
8070 13
8071 14
8072 13
8073 14
8074 13
8075 15
8076 15
8077 15
8078 15
8079 15
8080 14
8081 14
8082 14
8083 14
8084 14
8085 13
8086 13
8087 13
8088 14
8089 13
8090 14
8091 16
8092 13
8093 14
8094 13
8095 13
8096 13
8097 14
8098 14
8099 14
8100 15
8101 14
8102 15
8103 14
8104 13
8105 13
8106 13
8107 12
8108 13
8109 12
8110 13
8111 14
8112 14
8113 15
8114 13
8115 13
8116 13
8117 12
8118 14
8119 13
8120 14
8121 14
8122 14
8123 13
8124 13
8125 14
8126 13
8127 14
8128 13
8129 13
8130 13
8131 14
8132 13
8133 12
8134 13
8135 12
8136 14
8137 13
8138 14
8139 13
8140 14
8141 15
8142 12
8143 13
8144 14
8145 13
8146 14
8147 12
8148 13
8149 13
8150 13
8151 14
8152 13
8153 13
8154 13
8155 13
8156 14
8157 14
8158 13
8159 13
8160 13
8161 13
8162 15
8163 13
8164 12
8165 14
8166 13
8167 14
8168 13
8169 12
8170 13
8171 14
8172 13
8173 13
8174 14
8175 15
8176 13
8177 13
8178 13
8179 14
8180 13
8181 14
8182 15
8183 14
8184 13
8185 14
8186 14
8187 15
8188 13
8189 14
8190 12
8191 13
8192 12
8193 14
8194 14
8195 13
8196 13
8197 13
8198 13
8199 15
8200 13
8201 13
8202 14
8203 14
8204 13
8205 13
8206 13
8207 13
8208 13
8209 13
8210 13
8211 13
8212 13
8213 15
8214 13
8215 13
8216 13
8217 11
8218 14
8219 14
8220 14
8221 14
8222 12
8223 13
8224 14
8225 13
8226 13
8227 14
8228 13
8229 15
8230 14
8231 15
8232 13
8233 14
8234 14
8235 15
8236 12
8237 14
8238 13
8239 13
8240 13
8241 13
8242 14
8243 13
8244 13
8245 14
8246 13
8247 14
8248 13
8249 12
8250 13
8251 13
8252 13
8253 13
8254 13
8255 13
8256 12
8257 13
8258 13
8259 13
8260 13
8261 14
8262 14
8263 14
8264 12
8265 13
8266 12
8267 12
8268 13
8269 13
8270 13
8271 13
8272 13
8273 14
8274 14
8275 14
8276 14
8277 13
8278 13
8279 14
8280 13
8281 13
8282 13
8283 13
8284 14
8285 13
8286 13
8287 13
8288 13
8289 13
8290 14
8291 14
8292 13
8293 14
8294 14
8295 14
8296 15
8297 15
8298 14
8299 15
8300 13
8301 14
8302 13
8303 12
8304 13
8305 14
8306 12
8307 14
8308 12
8309 14
8310 14
8311 13
8312 13
8313 14
8314 13
8315 13
8316 13
8317 11
8318 14
8319 14
8320 12
8321 13
8322 13
8323 13
8324 14
8325 13
8326 12
8327 13
8328 12
8329 13
8330 13
8331 15
8332 12
8333 13
8334 14
8335 14
8336 13
8337 14
8338 13
8339 14
8340 13
8341 13
8342 13
8343 12
8344 14
8345 14
8346 13
8347 13
8348 13
8349 14
8350 13
8351 12
8352 13
8353 15
8354 13
8355 13
8356 13
8357 13
8358 13
8359 14
8360 14
8361 14
8362 13
8363 13
8364 13
8365 13
8366 13
8367 13
8368 13
8369 13
8370 13
8371 13
8372 12
8373 14
8374 14
8375 14
8376 13
8377 13
8378 14
8379 15
8380 14
8381 13
8382 14
8383 15
8384 13
8385 13
8386 14
8387 12
8388 14
8389 12
8390 13
8391 13
8392 14
8393 14
8394 13
8395 12
8396 13
8397 13
8398 13
8399 13
8400 13
8401 14
8402 13
8403 13
8404 13
8405 14
8406 14
8407 13
8408 13
8409 12
8410 13
8411 13
8412 13
8413 15
8414 13
8415 13
8416 13
8417 12
8418 14
8419 13
8420 14
8421 13
8422 14
8423 15
8424 14
8425 14
8426 14
8427 14
8428 14
8429 14
8430 13
8431 14
8432 14
8433 18
8434 16
8435 16
8436 15
8437 13
8438 14
8439 14
8440 13
8441 14
8442 14
8443 13
8444 13
8445 14
8446 13
8447 15
8448 13
8449 14
8450 12
8451 13
8452 14
8453 13
8454 12
8455 14
8456 13
8457 14
8458 15
8459 14
8460 13
8461 14
8462 14
8463 15
8464 13
8465 14
8466 13
8467 12
8468 13
8469 14
8470 14
8471 14
8472 14
8473 14
8474 13
8475 15
8476 14
8477 13
8478 14
8479 13
8480 11
8481 14
8482 13
8483 14
8484 14
8485 15
8486 14
8487 14
8488 13
8489 13
8490 13
8491 13
8492 13
8493 13
8494 13
8495 14
8496 13
8497 13
8498 13
8499 13
8500 13
8501 11
8502 13
8503 13
8504 13
8505 13
8506 13
8507 14
8508 15
8509 15
8510 14
8511 13
8512 14
8513 16
8514 12
8515 13
8516 14
8517 12
8518 13
8519 15
8520 14
8521 13
8522 13
8523 12
8524 12
8525 13
8526 13
8527 13
8528 13
8529 14
8530 14
8531 14
8532 14
8533 15
8534 13
8535 13
8536 13
8537 13
8538 13
8539 14
8540 13
8541 13
8542 13
8543 13
8544 13
8545 13
8546 14
8547 13
8548 12
8549 13
8550 14
8551 13
8552 12
8553 13
8554 13
8555 14
8556 15
8557 14
8558 14
8559 13
8560 14
8561 14
8562 14
8563 14
8564 13
8565 13
8566 14
8567 15
8568 14
8569 13
8570 13
8571 14
8572 13
8573 13
8574 14
8575 13
8576 13
8577 14
8578 15
8579 15
8580 14
8581 14
8582 14
8583 14
8584 13
8585 13
8586 13
8587 13
8588 14
8589 13
8590 13
8591 13
8592 13
8593 14
8594 12
8595 13
8596 13
8597 14
8598 13
8599 13
8600 13
8601 14
8602 14
8603 14
8604 14
8605 14
8606 13
8607 13
8608 14
8609 14
8610 14
8611 14
8612 14
8613 15
8614 13
8615 14
8616 13
8617 11
8618 14
8619 15
8620 12
8621 14
8622 14
8623 14
8624 14
8625 13
8626 13
8627 13
8628 13
8629 13
8630 13
8631 12
8632 13
8633 13
8634 14
8635 13
8636 14
8637 13
8638 13
8639 14
8640 13
8641 14
8642 12
8643 14
8644 13
8645 14
8646 13
8647 14
8648 13
8649 13
8650 13
8651 13
8652 13
8653 13
8654 13
8655 13
8656 13
8657 14
8658 13
8659 14
8660 12
8661 13
8662 13
8663 14
8664 13
8665 13
8666 13
8667 13
8668 13
8669 12
8670 13
8671 13
8672 13
8673 14
8674 15
8675 14
8676 13
8677 13
8678 13
8679 13
8680 14
8681 14
8682 14
8683 14
8684 14
8685 12
8686 13
8687 13
8688 13
8689 13
8690 13
8691 14
8692 12
8693 13
8694 12
8695 13
8696 13
8697 13
8698 13
8699 13
8700 13
8701 13
8702 12
8703 13
8704 13
8705 13
8706 13
8707 13
8708 12
8709 13
8710 14
8711 12
8712 14
8713 13
8714 13
8715 14
8716 14
8717 11
8718 14
8719 14
8720 14
8721 14
8722 14
8723 14
8724 13
8725 13
8726 13
8727 13
8728 12
8729 14
8730 14
8731 13
8732 13
8733 14
8734 13
8735 13
8736 13
8737 13
8738 12
8739 14
8740 14
8741 13
8742 12
8743 14
8744 12
8745 13
8746 13
8747 14
8748 14
8749 15
8750 13
8751 13
8752 12
8753 13
8754 13
8755 14
8756 13
8757 13
8758 13
8759 13
8760 13
8761 13
8762 13
8763 13
8764 13
8765 13
8766 13
8767 14
8768 14
8769 15
8770 13
8771 14
8772 13
8773 13
8774 13
8775 14
8776 14
8777 14
8778 13
8779 14
8780 13
8781 14
8782 13
8783 13
8784 13
8785 14
8786 14
8787 14
8788 13
8789 14
8790 14
8791 15
8792 15
8793 14
8794 14
8795 15
8796 14
8797 14
8798 14
8799 13
8800 13
8801 13
8802 13
8803 13
8804 13
8805 14
8806 13
8807 13
8808 13
8809 13
8810 13
8811 13
8812 14
8813 13
8814 14
8815 14
8816 14
8817 11
8818 14
8819 15
8820 14
8821 14
8822 14
8823 14
8824 13
8825 14
8826 13
8827 14
8828 12
8829 14
8830 13
8831 13
8832 13
8833 14
8834 15
8835 14
8836 13
8837 13
8838 14
8839 14
8840 13
8841 15
8842 12
8843 14
8844 13
8845 13
8846 12
8847 13
8848 13
8849 13
8850 14
8851 14
8852 13
8853 14
8854 13
8855 13
8856 12
8857 13
8858 14
8859 14
8860 13
8861 13
8862 13
8863 14
8864 13
8865 14
8866 13
8867 13
8868 14
8869 13
8870 13
8871 13
8872 13
8873 14
8874 14
8875 12
8876 13
8877 14
8878 13
8879 13
8880 13
8881 13
8882 13
8883 13
8884 13
8885 14
8886 14
8887 14
8888 13
8889 14
8890 14
8891 13
8892 14
8893 14
8894 13
8895 13
8896 13
8897 13
8898 13
8899 13
8900 13
8901 15
8902 14
8903 13
8904 13
8905 13
8906 13
8907 15
8908 12
8909 13
8910 14
8911 13
8912 13
8913 14
8914 13
8915 14
8916 13
8917 11
8918 15
8919 15
8920 15
8921 15
8922 13
8923 14
8924 14
8925 14
8926 13
8927 15
8928 13
8929 14
8930 13
8931 13
8932 13
8933 12
8934 14
8935 14
8936 14
8937 13
8938 14
8939 14
8940 14
8941 13
8942 14
8943 14
8944 14
8945 17
8946 17
8947 18
8948 15
8949 13
8950 71
8951 29
8952 18
8953 18
8954 18
8955 29
8956 19
8957 16
8958 15
8959 15
8960 15
8961 15
8962 13
8963 14
8964 14
8965 14
8966 13
8967 14
8968 13
8969 14
8970 13
8971 13
8972 12
8973 13
8974 13
8975 12
8976 13
8977 15
8978 13
8979 12
8980 14
8981 13
8982 13
8983 12
8984 12
8985 14
8986 13
8987 13
8988 13
8989 13
8990 13
8991 13
8992 14
8993 13
8994 13
8995 14
8996 12
8997 14
8998 14
8999 15
9000 12
9001 11
9002 13
9003 13
9004 13
9005 13
9006 13
9007 13
9008 13
9009 14
9010 14
9011 14
9012 15
9013 15
9014 14
9015 13
9016 13
9017 11
9018 13
9019 13
9020 13
9021 14
9022 12
9023 14
9024 13
9025 14
9026 13
9027 13
9028 14
9029 13
9030 13
9031 13
9032 13
9033 13
9034 13
9035 13
9036 13
9037 14
9038 14
9039 14
9040 14
9041 14
9042 13
9043 15
9044 14
9045 13
9046 14
9047 14
9048 13
9049 13
9050 13
9051 13
9052 13
9053 15
9054 13
9055 14
9056 13
9057 14
9058 13
9059 14
9060 13
9061 13
9062 13
9063 14
9064 14
9065 14
9066 14
9067 14
9068 13
9069 13
9070 14
9071 12
9072 13
9073 13
9074 14
9075 14
9076 14
9077 13
9078 14
9079 13
9080 13
9081 13
9082 14
9083 14
9084 13
9085 13
9086 13
9087 13
9088 14
9089 13
9090 14
9091 14
9092 14
9093 14
9094 15
9095 13
9096 13
9097 14
9098 14
9099 13
9100 13
9101 13
9102 13
9103 14
9104 13
9105 13
9106 13
9107 13
9108 13
9109 14
9110 14
9111 14
9112 14
9113 14
9114 13
9115 13
9116 14
9117 11
9118 14
9119 13
9120 13
9121 13
9122 13
9123 13
9124 13
9125 15
9126 13
9127 13
9128 13
9129 14
9130 14
9131 13
9132 13
9133 13
9134 13
9135 13
9136 13
9137 14
9138 13
9139 13
9140 13
9141 14
9142 13
9143 13
9144 13
9145 12
9146 13
9147 14
9148 13
9149 13
9150 13
9151 13
9152 12
9153 14
9154 13
9155 13
9156 15
9157 14
9158 14
9159 14
9160 13
9161 13
9162 13
9163 13
9164 14
9165 13
9166 14
9167 13
9168 13
9169 12
9170 13
9171 12
9172 13
9173 13
9174 13
9175 13
9176 13
9177 13
9178 13
9179 13
9180 13
9181 13
9182 14
9183 13
9184 13
9185 13
9186 13
9187 14
9188 14
9189 14
9190 14
9191 15
9192 13
9193 13
9194 13
9195 15
9196 14
9197 14
9198 14
9199 14
9200 13
9201 14
9202 14
9203 14
9204 14
9205 13
9206 13
9207 14
9208 13
9209 14
9210 14
9211 15
9212 15
9213 16
9214 13
9215 13
9216 14
9217 11
9218 14
9219 13
9220 14
9221 13
9222 13
9223 13
9224 13
9225 13
9226 14
9227 15
9228 13
9229 13
9230 13
9231 12
9232 13
9233 13
9234 13
9235 14
9236 13
9237 13
9238 14
9239 15
9240 13
9241 13
9242 13
9243 13
9244 13
9245 13
9246 14
9247 13
9248 13
9249 13
9250 13
9251 15
9252 14
9253 14
9254 12
9255 14
9256 14
9257 14
9258 14
9259 13
9260 13
9261 13
9262 13
9263 14
9264 13
9265 13
9266 12
9267 13
9268 14
9269 13
9270 13
9271 14
9272 14
9273 13
9274 13
9275 14
9276 14
9277 13
9278 14
9279 13
9280 13
9281 13
9282 14
9283 13
9284 14
9285 14
9286 13
9287 14
9288 14
9289 14
9290 13
9291 13
9292 13
9293 14
9294 13
9295 13
9296 12
9297 13
9298 12
9299 13
9300 14
9301 14
9302 12
9303 14
9304 14
9305 14
9306 13
9307 13
9308 13
9309 13
9310 13
9311 13
9312 13
9313 14
9314 13
9315 14
9316 13
9317 11
9318 14
9319 13
9320 14
9321 13
9322 13
9323 13
9324 13
9325 13
9326 14
9327 15
9328 13
9329 14
9330 13
9331 15
9332 14
9333 15
9334 14
9335 14
9336 14
9337 14
9338 14
9339 14
9340 13
9341 15
9342 13
9343 15
9344 14
9345 13
9346 13
9347 14
9348 14
9349 15
9350 14
9351 15
9352 14
9353 13
9354 13
9355 14
9356 14
9357 15
9358 13
9359 13
9360 13
9361 13
9362 13
9363 14
9364 13
9365 13
9366 13
9367 13
9368 13
9369 13
9370 14
9371 13
9372 13
9373 12
9374 14
9375 13
9376 14
9377 13
9378 14
9379 15
9380 13
9381 15
9382 13
9383 14
9384 13
9385 14
9386 13
9387 14
9388 14
9389 14
9390 13
9391 14
9392 13
9393 15
9394 15
9395 14
9396 14
9397 14
9398 15
9399 15
9400 13
9401 14
9402 13
9403 14
9404 14
9405 14
9406 15
9407 14
9408 15
9409 15
9410 15
9411 14
9412 14
9413 16
9414 14
9415 13
9416 12
9417 12
9418 14
9419 14
9420 13
9421 13
9422 13
9423 13
9424 14
9425 13
9426 14
9427 12
9428 13
9429 13
9430 14
9431 14
9432 13
9433 14
9434 12
9435 14
9436 14
9437 13
9438 13
9439 13
9440 13
9441 14
9442 13
9443 14
9444 13
9445 14
9446 13
9447 14
9448 13
9449 13
9450 12
9451 13
9452 13
9453 15
9454 14
9455 14
9456 14
9457 15
9458 15
9459 14
9460 13
9461 13
9462 13
9463 13
9464 12
9465 12
9466 13
9467 13
9468 14
9469 14
9470 13
9471 14
9472 13
9473 13
9474 13
9475 14
9476 13
9477 12
9478 13
9479 12
9480 13
9481 13
9482 13
9483 14
9484 14
9485 13
9486 13
9487 14
9488 14
9489 14
9490 13
9491 14
9492 13
9493 14
9494 12
9495 12
9496 12
9497 13
9498 13
9499 13
9500 13
9501 11
9502 13
9503 14
9504 14
9505 14
9506 14
9507 13
9508 14
9509 15
9510 13
9511 14
9512 14
9513 15
9514 13
9515 13
9516 13
9517 11
9518 13
9519 15
9520 13
9521 13
9522 13
9523 13
9524 13
9525 15
9526 13
9527 13
9528 13
9529 14
9530 15
9531 13
9532 13
9533 12
9534 13
9535 13
9536 13
9537 15
9538 13
9539 13
9540 13
9541 13
9542 12
9543 13
9544 13
9545 13
9546 13
9547 13
9548 13
9549 14
9550 13
9551 13
9552 13
9553 13
9554 13
9555 13
9556 13
9557 13
9558 14
9559 13
9560 13
9561 13
9562 14
9563 14
9564 14
9565 15
9566 14
9567 14
9568 13
9569 14
9570 13
9571 14
9572 14
9573 14
9574 15
9575 15
9576 14
9577 14
9578 14
9579 14
9580 13
9581 13
9582 14
9583 14
9584 13
9585 15
9586 14
9587 13
9588 13
9589 13
9590 13
9591 15
9592 12
9593 15
9594 13
9595 13
9596 12
9597 13
9598 13
9599 13
9600 12
9601 13
9602 13
9603 13
9604 13
9605 13
9606 13
9607 14
9608 14
9609 13
9610 14
9611 15
9612 13
9613 15
9614 13
9615 15
9616 14
9617 11
9618 15
9619 14
9620 14
9621 14
9622 14
9623 14
9624 13
9625 13
9626 14
9627 14
9628 13
9629 13
9630 13
9631 13
9632 13
9633 15
9634 14
9635 14
9636 13
9637 14
9638 14
9639 14
9640 14
9641 14
9642 13
9643 13
9644 14
9645 14
9646 14
9647 14
9648 14
9649 14
9650 14
9651 14
9652 13
9653 14
9654 14
9655 14
9656 13
9657 14
9658 13
9659 13
9660 14
9661 13
9662 14
9663 15
9664 14
9665 13
9666 13
9667 14
9668 13
9669 13
9670 13
9671 13
9672 13
9673 14
9674 13
9675 13
9676 13
9677 14
9678 15
9679 14
9680 13
9681 14
9682 14
9683 13
9684 12
9685 14
9686 13
9687 13
9688 13
9689 13
9690 13
9691 14
9692 14
9693 14
9694 15
9695 14
9696 15
9697 14
9698 14
9699 13
9700 14
9701 13
9702 13
9703 14
9704 13
9705 12
9706 14
9707 13
9708 13
9709 13
9710 14
9711 13
9712 13
9713 13
9714 13
9715 14
9716 13
9717 11
9718 14
9719 14
9720 13
9721 13
9722 13
9723 13
9724 12
9725 14
9726 12
9727 13
9728 14
9729 14
9730 13
9731 13
9732 13
9733 12
9734 13
9735 13
9736 13
9737 12
9738 13
9739 14
9740 15
9741 14
9742 14
9743 13
9744 13
9745 13
9746 13
9747 14
9748 13
9749 14
9750 13
9751 14
9752 13
9753 13
9754 13
9755 14
9756 14
9757 13
9758 13
9759 15
9760 13
9761 14
9762 13
9763 15
9764 14
9765 15
9766 13
9767 14
9768 13
9769 13
9770 13
9771 13
9772 13
9773 14
9774 14
9775 14
9776 14
9777 15
9778 13
9779 14
9780 13
9781 15
9782 13
9783 13
9784 13
9785 14
9786 14
9787 14
9788 13
9789 15
9790 14
9791 14
9792 13
9793 15
9794 14
9795 15
9796 13
9797 12
9798 13
9799 14
9800 12
9801 12
9802 13
9803 13
9804 13
9805 12
9806 13
9807 12
9808 13
9809 13
9810 13
9811 13
9812 13
9813 14
9814 12
9815 14
9816 14
9817 11
9818 14
9819 14
9820 13
9821 13
9822 14
9823 13
9824 13
9825 13
9826 13
9827 13
9828 14
9829 14
9830 15
9831 13
9832 13
9833 14
9834 14
9835 14
9836 14
9837 14
9838 13
9839 14
9840 15
9841 14
9842 15
9843 14
9844 13
9845 14
9846 14
9847 13
9848 12
9849 14
9850 14
9851 14
9852 13
9853 13
9854 14
9855 15
9856 14
9857 15
9858 14
9859 15
9860 13
9861 14
9862 13
9863 13
9864 14
9865 14
9866 15
9867 13
9868 13
9869 13
9870 13
9871 15
9872 13
9873 14
9874 14
9875 14
9876 13
9877 13
9878 14
9879 13
9880 13
9881 14
9882 13
9883 13
9884 13
9885 14
9886 14
9887 14
9888 13
9889 13
9890 12
9891 13
9892 13
9893 12
9894 14
9895 14
9896 13
9897 15
9898 13
9899 13
9900 13
9901 15
9902 14
9903 13
9904 13
9905 13
9906 13
9907 13
9908 13
9909 14
9910 13
9911 13
9912 14
9913 15
9914 13
9915 15
9916 13
9917 12
9918 13
9919 13
9920 13
9921 13
9922 13
9923 13
9924 13
9925 13
9926 13
9927 13
9928 13
9929 12
9930 13
9931 13
9932 13
9933 14
9934 13
9935 13
9936 13
9937 13
9938 13
9939 12
9940 14
9941 13
9942 13
9943 14
9944 13
9945 13
9946 13
9947 13
9948 13
9949 13
9950 13
9951 13
9952 14
9953 13
9954 13
9955 14
9956 74
9957 37
9958 22
9959 22
9960 19
9961 31
9962 17
9963 15
9964 14
9965 14
9966 13
9967 14
9968 14
9969 18
9970 18
9971 14
9972 14
9973 15
9974 13
9975 13
9976 14
9977 13
9978 13
9979 14
9980 13
9981 14
9982 13
9983 14
9984 13
9985 13
9986 13
9987 13
9988 14
9989 15
9990 13
9991 13
9992 13
9993 13
9994 13
9995 14
9996 13
9997 14
9998 13
9999 13
# sum: 14
# min: 11
# max: 89
# err cnt: 0
