0 4819
1 4230
2 4178
3 4121
4 4820
5 5280
6 4169
7 4092
8 5299
9 5336
10 4073
11 4073
12 4892
13 5345
14 5224
15 4123
16 5271
17 5338
18 4167
19 4260
20 5275
21 5265
22 4123
23 4070
24 5273
25 5343
26 4623
27 4124
28 5249
29 4130
30 4120
31 4203
32 4680
33 5279
34 5357
35 5222
36 5264
37 4659
38 5296
39 4166
40 4697
41 4410
42 5240
43 4629
44 5302
45 4656
46 5287
47 5288
48 5011
49 5293
50 5267
51 4659
52 5296
53 5325
54 5337
55 5291
56 4695
57 5241
58 5239
59 4069
60 4266
61 4183
62 4200
63 4134
64 4287
65 4091
66 4090
67 4153
68 4192
69 4127
70 4204
71 4149
72 4092
73 4074
74 4103
75 4249
76 4137
77 4173
78 4107
79 4147
80 4192
81 4125
82 4150
83 4082
84 4075
85 4162
86 4170
87 4103
88 4153
89 4126
90 5352
91 5269
92 5241
93 5225
94 5201
95 5241
96 5291
97 5271
98 5275
99 5287
100 5363
101 5271
102 5261
103 5293
104 5269
105 5306
106 5287
107 5293
108 5239
109 4157
110 5272
111 5275
112 4074
113 4179
114 5335
115 5264
116 5270
117 4377
118 5407
119 5288
120 5246
121 4742
122 4505
123 5273
124 5302
125 4374
126 5275
127 5349
128 5005
129 4675
130 5337
131 4732
132 4179
133 4118
134 5379
135 5321
136 5270
137 4151
138 5280
139 4138
140 5316
141 4229
142 5325
143 4314
144 5225
145 4087
146 5280
147 4170
148 5247
149 4113
150 5410
151 4750
152 5052
153 5254
154 5250
155 4188
156 5286
157 4238
158 5392
159 5244
160 5279
161 4188
162 5368
163 5262
164 5324
165 4073
166 4664
167 5340
168 5321
169 5238
170 4694
171 5247
172 5297
173 4222
174 4143
175 5247
176 5286
177 5232
178 4671
179 5238
180 5319
181 5315
182 5220
183 5315
184 5321
185 5319
186 4332
187 5272
188 4387
189 5247
190 5264
191 5291
192 5300
193 4932
194 5246
195 5366
196 5208
197 5234
198 4117
199 5385
200 5320
201 5278
202 4172
203 5318
204 5245
205 5315
206 4692
207 4141
208 4655
209 5274
210 4684
211 4131
212 5279
213 4633
214 5254
215 5307
216 5249
217 5252
218 4074
219 4330
220 5315
221 5267
222 4976
223 5216
224 5299
225 5235
226 5272
227 5013
228 5242
229 5269
230 5270
231 4367
232 5390
233 5271
234 5268
235 5274
236 5279
237 5421
238 5347
239 4073
240 4614
241 5233
242 4699
243 5229
244 5296
245 5257
246 4425
247 5304
248 5260
249 5261
250 4129
251 4310
252 5394
253 4649
254 5163
255 5349
256 5249
257 5258
258 5335
259 5463
260 4570
261 5243
262 4961
263 5231
264 5257
265 4218
266 4142
267 5309
268 5437
269 5361
270 5251
271 5290
272 5416
273 5318
274 5260
275 5366
276 5369
277 5315
278 5447
279 5371
280 5364
281 5247
282 5286
283 4118
284 4083
285 4113
286 5106
287 4293
288 5276
289 5368
290 4167
291 4198
292 5292
293 5350
294 5252
295 5179
296 5308
297 5308
298 4180
299 4072
300 5275
301 5359
302 4127
303 4071
304 5229
305 4084
306 4130
307 4073
308 5238
309 5276
310 5310
311 4935
312 5288
313 5258
314 4968
315 5227
316 5288
317 5290
318 5302
319 4073
320 5293
321 5310
322 4129
323 4138
324 4976
325 5398
326 5290
327 4172
328 4653
329 5288
330 5238
331 5228
332 4464
333 5478
334 5307
335 4924
336 4661
337 5291
338 5285
339 4961
340 5260
341 5034
342 5340
343 5307
344 5223
345 5268
346 5241
347 5301
348 4086
349 5254
350 5045
351 5303
352 4218
353 4384
354 5252
355 5257
356 4131
357 5338
358 5279
359 5269
360 4613
361 5252
362 5238
363 4920
364 5290
365 5172
366 5280
367 5231
368 5292
369 4092
370 5190
371 5393
372 4372
373 5238
374 5256
375 5252
376 4976
377 5332
378 5292
379 5322
380 5317
381 5314
382 5041
383 5230
384 5268
385 5264
386 4859
387 5230
388 4645
389 5295
390 4105
391 5226
392 4185
393 4094
394 5323
395 4113
396 5269
397 5287
398 5020
399 5243
400 5259
401 5285
402 4443
403 5272
404 5250
405 5292
406 5195
407 5331
408 5244
409 5009
410 5262
411 4391
412 5224
413 5315
414 4983
415 5317
416 5375
417 5239
418 5242
419 5274
420 5257
421 5235
422 5351
423 5319
424 4415
425 5268
426 5071
427 5292
428 5288
429 5305
430 5300
431 4416
432 4637
433 5304
434 5295
435 5027
436 5250
437 5305
438 5043
439 5346
440 4323
441 5226
442 5402
443 4639
444 5301
445 5321
446 5396
447 5232
448 5332
449 5033
450 5300
451 5258
452 4988
453 5327
454 5327
455 5304
456 4774
457 5241
458 5240
459 5265
460 4407
461 5314
462 5355
463 5233
464 5327
465 5248
466 5312
467 4983
468 5241
469 5227
470 5311
471 5388
472 4187
473 4625
474 4979
475 5279
476 5255
477 5265
478 5290
479 5040
480 5323
481 5302
482 5332
483 4990
484 5230
485 5272
486 5315
487 4679
488 5235
489 5389
490 5075
491 5236
492 5018
493 5310
494 5280
495 5249
496 5364
497 5294
498 5305
499 5308
500 5323
501 5323
502 4637
503 5242
504 5290
505 5287
506 4162
507 5274
508 5275
509 4972
510 5242
511 5306
512 5344
513 5296
514 5306
515 5302
516 4970
517 5303
518 5265
519 5280
520 5003
521 5264
522 5358
523 5288
524 4417
525 5360
526 5309
527 4983
528 5319
529 5303
530 5299
531 4965
532 5278
533 5061
534 5269
535 5306
536 5223
537 5276
538 4959
539 5255
540 5294
541 4330
542 5344
543 5278
544 5259
545 4137
546 5383
547 5453
548 5335
549 5281
550 5050
551 5344
552 5302
553 5303
554 5307
555 5039
556 5219
557 5275
558 5060
559 5318
560 5304
561 5066
562 5315
563 5339
564 5291
565 4795
566 5266
567 5226
568 5009
569 5326
570 4977
571 5252
572 5274
573 4663
574 5299
575 5269
576 5293
577 4991
578 5234
579 4112
580 5294
581 4805
582 4962
583 5304
584 5304
585 4182
586 5303
587 5268
588 5308
589 5001
590 5300
591 5313
592 5346
593 4221
594 5251
595 5303
596 5315
597 5258
598 5293
599 5041
600 5302
601 5300
602 4073
603 4343
604 5302
605 5317
606 5311
607 5262
608 5330
609 5016
610 5277
611 4701
612 5295
613 5287
614 5076
615 5225
616 5384
617 5291
618 4827
619 4623
620 5353
621 4968
622 5258
623 5237
624 5289
625 5268
626 4220
627 5333
628 5309
629 5294
630 4072
631 5298
632 4976
633 5316
634 5217
635 5032
636 5310
637 4330
638 5289
639 5067
640 4198
641 4208
642 5242
643 4115
644 5273
645 5369
646 5290
647 4916
648 5268
649 5275
650 5246
651 4134
652 5255
653 4975
654 5264
655 4182
656 4333
657 5280
658 5321
659 5206
660 5226
661 5297
662 5410
663 4294
664 4141
665 5312
666 5323
667 5264
668 4714
669 5255
670 5255
671 5268
672 4111
673 5252
674 5222
675 5292
676 4495
677 5318
678 5267
679 5297
680 4073
681 4959
682 5258
683 4196
684 4145
685 4142
686 4098
687 4228
688 4265
689 4076
690 4233
691 4144
692 4115
693 4246
694 4117
695 4156
696 4113
697 4207
698 4092
699 4094
700 4135
701 4076
702 4130
703 4137
704 4203
705 4147
706 4074
707 4101
708 4082
709 4164
710 4188
711 4224
712 4099
713 4089
714 4195
715 4201
716 4087
717 4149
718 4128
719 4112
720 4157
721 4222
722 4155
723 4086
724 5287
725 4073
726 5245
727 5313
728 4665
729 5226
730 5249
731 5426
732 4624
733 5194
734 5293
735 5016
736 5210
737 5350
738 4978
739 5265
740 5219
741 4929
742 5259
743 4353
744 5223
745 5221
746 5269
747 5258
748 4193
749 5222
750 4728
751 4710
752 5194
753 5265
754 4184
755 5241
756 5232
757 4083
758 4323
759 5303
760 5315
761 4169
762 5260
763 5229
764 4151
765 5269
766 5363
767 5334
768 5324
769 5248
770 5306
771 5232
772 5381
773 5299
774 5318
775 5228
776 5296
777 5269
778 5274
779 5251
780 5342
781 5493
782 5314
783 5346
784 5386
785 5309
786 5422
787 5264
788 4833
789 4149
790 4080
791 4165
792 4161
793 4138
794 4132
795 4121
796 4146
797 4085
798 4154
799 4112
800 4090
801 4172
802 4219
803 4191
804 4076
805 4171
806 4087
807 4074
808 4080
809 4235
810 4176
811 4177
812 4101
813 4111
814 4187
815 4100
816 4101
817 4093
818 4157
819 4124
820 4096
821 4078
822 4132
823 4330
824 5243
825 5302
826 4072
827 5310
828 5353
829 5342
830 5340
831 4153
832 4210
833 4081
834 4113
835 4233
836 4163
837 4114
838 4162
839 4109
840 4199
841 4146
842 4195
843 4140
844 4109
845 4127
846 4141
847 5366
848 4991
849 5343
850 5308
851 4985
852 5214
853 4143
854 4090
855 4200
856 4142
857 4143
858 4114
859 4160
860 4142
861 4104
862 4075
863 4126
864 4151
865 4155
866 4196
867 4190
868 4200
869 4090
870 4210
871 4193
872 4143
873 4166
874 5081
875 5258
876 5273
877 5240
878 5289
879 5289
880 5281
881 5229
882 5376
883 5375
884 5289
885 5171
886 5349
887 5289
888 5154
889 5225
890 5445
891 5299
892 5298
893 5286
894 5393
895 5294
896 5264
897 5304
898 5396
899 5304
900 5304
901 5379
902 5204
903 4128
904 5260
905 4161
906 5244
907 4136
908 5303
909 4078
910 5362
911 4123
912 5265
913 4985
914 5376
915 4620
916 5294
917 4478
918 5389
919 5313
920 5312
921 5331
922 5240
923 4274
924 5042
925 5219
926 5238
927 4072
928 5292
929 4969
930 5312
931 4622
932 5221
933 5436
934 4231
935 5251
936 5327
937 5261
938 5255
939 5240
940 5326
941 4987
942 5340
943 5237
944 5271
945 5231
946 5391
947 4741
948 5293
949 5287
950 5264
951 5228
952 5224
953 5277
954 5303
955 4770
956 5330
957 5270
958 5372
959 5291
960 5289
961 5239
962 5296
963 5075
964 5288
965 4150
966 5229
967 4959
968 5225
969 5238
970 5305
971 5288
972 4766
973 5221
974 5286
975 5279
976 4407
977 5223
978 5274
979 5302
980 5264
981 5269
982 5271
983 4406
984 5260
985 5273
986 5003
987 5261
988 4704
989 5315
990 4334
991 5263
992 5296
993 4745
994 5224
995 5344
996 5250
997 4097
998 4093
999 4093
1000 4084
1001 4082
1002 4165
1003 4171
1004 4169
1005 4185
1006 4385
1007 4173
1008 4106
1009 4145
1010 4146
1011 4230
1012 4132
1013 4258
1014 4185
1015 4145
1016 4577
1017 5231
1018 5315
1019 5244
1020 4670
1021 5249
1022 5267
1023 5317
1024 4413
1025 5246
1026 4693
1027 5268
1028 4129
1029 4954
1030 5245
1031 5422
1032 5419
1033 4990
1034 5259
1035 5368
1036 5380
1037 5230
1038 5264
1039 5057
1040 5289
1041 5270
1042 5328
1043 4336
1044 5279
1045 5224
1046 5274
1047 4647
1048 5320
1049 4919
1050 5289
1051 5270
1052 5350
1053 4967
1054 5292
1055 5297
1056 5379
1057 5304
1058 5314
1059 5294
1060 5287
1061 5263
1062 4658
1063 5275
1064 5393
1065 5228
1066 4143
1067 5251
1068 5331
1069 5294
1070 4342
1071 5336
1072 4773
1073 4660
1074 5223
1075 5278
1076 5422
1077 5260
1078 5247
1079 5229
1080 5280
1081 5316
1082 5261
1083 5221
1084 5297
1085 4196
1086 4166
1087 5240
1088 5266
1089 5447
1090 5209
1091 5300
1092 5386
1093 5234
1094 5217
1095 5378
1096 5329
1097 5231
1098 4237
1099 5240
1100 5354
1101 5310
1102 4113
1103 5289
1104 5509
1105 4388
1106 5233
1107 5306
1108 5320
1109 4141
1110 4168
1111 4232
1112 5340
1113 5288
1114 4731
1115 5206
1116 5000
1117 5290
1118 5301
1119 4933
1120 5281
1121 5305
1122 4072
1123 5256
1124 5268
1125 4138
1126 4643
1127 4760
1128 5331
1129 4139
1130 5277
1131 4510
1132 5289
1133 4690
1134 5291
1135 4606
1136 5289
1137 4074
1138 5231
1139 5022
1140 5330
1141 4327
1142 5272
1143 5028
1144 5248
1145 5298
1146 4682
1147 5300
1148 5067
1149 5231
1150 5271
1151 4172
1152 4079
1153 4201
1154 4104
1155 4102
1156 4127
1157 4116
1158 4134
1159 4932
1160 5209
1161 5211
1162 4725
1163 5262
1164 4072
1165 5234
1166 4078
1167 5268
1168 5260
1169 4967
1170 5212
1171 5291
1172 4698
1173 5287
1174 4087
1175 5260
1176 5289
1177 4340
1178 5255
1179 5296
1180 5305
1181 5279
1182 5221
1183 5272
1184 5280
1185 4079
1186 5262
1187 5287
1188 5288
1189 5258
1190 5361
1191 4159
1192 4104
1193 4254
1194 4243
1195 4134
1196 4134
1197 4155
1198 4202
1199 4110
1200 4206
1201 4080
1202 4124
1203 4117
1204 4305
1205 4087
1206 4125
1207 4117
1208 4086
1209 4155
1210 4132
1211 4116
1212 4121
1213 4206
1214 4103
1215 4199
1216 4189
1217 4206
1218 4293
1219 4149
1220 4088
1221 4084
1222 4076
1223 4145
1224 4116
1225 4097
1226 4082
1227 4110
1228 4204
1229 4105
1230 4130
1231 4215
1232 4164
1233 4157
1234 5323
1235 5363
1236 5364
1237 5333
1238 5386
1239 5370
1240 5363
1241 5319
1242 5305
1243 5332
1244 5352
1245 5336
1246 4306
1247 4104
1248 5230
1249 5269
1250 4460
1251 5292
1252 5287
1253 5268
1254 5224
1255 5228
1256 5201
1257 5390
1258 4972
1259 5272
1260 5272
1261 4671
1262 5201
1263 5258
1264 5301
1265 5266
1266 4914
1267 5280
1268 5294
1269 5347
1270 5256
1271 4714
1272 5199
1273 5275
1274 5213
1275 5235
1276 4666
1277 5296
1278 4084
1279 4081
1280 4206
1281 4153
1282 4123
1283 4152
1284 4165
1285 4078
1286 4090
1287 4168
1288 4206
1289 4099
1290 4112
1291 4134
1292 4155
1293 4186
1294 4131
1295 4224
1296 4208
1297 4075
1298 4088
1299 5250
1300 5308
1301 4998
1302 5233
1303 5311
1304 4540
1305 4667
1306 5227
1307 4930
1308 5314
1309 5003
1310 5314
1311 5227
1312 5293
1313 5309
1314 5271
1315 5272
1316 5279
1317 5055
1318 5269
1319 5291
1320 5308
1321 4115
1322 5263
1323 5277
1324 5540
1325 4398
1326 5250
1327 5298
1328 5180
1329 5244
1330 5306
1331 5321
1332 4343
1333 5337
1334 5315
1335 5315
1336 5334
1337 5290
1338 5261
1339 5298
1340 4418
1341 5316
1342 4139
1343 4621
1344 5264
1345 5244
1346 5333
1347 5365
1348 4186
1349 5290
1350 5246
1351 4723
1352 4093
1353 5248
1354 5190
1355 5252
1356 4166
1357 5257
1358 5273
1359 5376
1360 4698
1361 5224
1362 5257
1363 5276
1364 4137
1365 5275
1366 5272
1367 5304
1368 5277
1369 5252
1370 4991
1371 5300
1372 5203
1373 4953
1374 5277
1375 5348
1376 4645
1377 4985
1378 5315
1379 5323
1380 5211
1381 5302
1382 5193
1383 5256
1384 4334
1385 5257
1386 4237
1387 4218
1388 4317
1389 4165
1390 4118
1391 4103
1392 4080
1393 4101
1394 5293
1395 4622
1396 5326
1397 5221
1398 5377
1399 5325
1400 5225
1401 4138
1402 5277
1403 5221
1404 5268
1405 4221
1406 5298
1407 5295
1408 5329
1409 5226
1410 4208
1411 4155
1412 4176
1413 4199
1414 4193
1415 4095
1416 4110
1417 4165
1418 4194
1419 4093
1420 4174
1421 4108
1422 4168
1423 5550
1424 5343
1425 4637
1426 5353
1427 5288
1428 4662
1429 5229
1430 5316
1431 5372
1432 4191
1433 5228
1434 4691
1435 5259
1436 4122
1437 4123
1438 4415
1439 5326
1440 5355
1441 5293
1442 5340
1443 5358
1444 5244
1445 4941
1446 5256
1447 5044
1448 5223
1449 5241
1450 4123
1451 5289
1452 4123
1453 5337
1454 5291
1455 5286
1456 5036
1457 5121
1458 5269
1459 5243
1460 4957
1461 5237
1462 5199
1463 5271
1464 4220
1465 4198
1466 5271
1467 5271
1468 4912
1469 4073
1470 5071
1471 5265
1472 4247
1473 4123
1474 5247
1475 5271
1476 4675
1477 4185
1478 5243
1479 5256
1480 4172
1481 4222
1482 4957
1483 5260
1484 5265
1485 5228
1486 4168
1487 4156
1488 5362
1489 5233
1490 4349
1491 5260
1492 5302
1493 5245
1494 4072
1495 5292
1496 4087
1497 4266
1498 4086
1499 4695
1500 5271
1501 4710
1502 5255
1503 5415
1504 5307
1505 5322
1506 4143
1507 5313
1508 4657
1509 5236
1510 4072
1511 5324
1512 5273
1513 5252
1514 4072
1515 5347
1516 5370
1517 5394
1518 4953
1519 5384
1520 5275
1521 4236
1522 4097
1523 5367
1524 5460
1525 4999
1526 4123
1527 4140
1528 5020
1529 5236
1530 4072
1531 5251
1532 5353
1533 4073
1534 4114
1535 5349
1536 5373
1537 5216
1538 4117
1539 5297
1540 5229
1541 5456
1542 4070
1543 5259
1544 5235
1545 5294
1546 4106
1547 5295
1548 5267
1549 5255
1550 4168
1551 5311
1552 4671
1553 5287
1554 4072
1555 5384
1556 5297
1557 5264
1558 4113
1559 4434
1560 5261
1561 5271
1562 4336
1563 5292
1564 5154
1565 5240
1566 5268
1567 5269
1568 4481
1569 5321
1570 4970
1571 5269
1572 5262
1573 4193
1574 4395
1575 5343
1576 4723
1577 4141
1578 5303
1579 5296
1580 4128
1581 5260
1582 5287
1583 4196
1584 4209
1585 5042
1586 5250
1587 5324
1588 5313
1589 4648
1590 5254
1591 5290
1592 5564
1593 5257
1594 5307
1595 5003
1596 5336
1597 4074
1598 5290
1599 4206
1600 4143
1601 4199
1602 4081
1603 4188
1604 4243
1605 4076
1606 4210
1607 4085
1608 4076
1609 4090
1610 4120
1611 4212
1612 4166
1613 4188
1614 4217
1615 4156
1616 4146
1617 4083
1618 4134
1619 4157
1620 5426
1621 5237
1622 5300
1623 5248
1624 5343
1625 5313
1626 5259
1627 5205
1628 5302
1629 5403
1630 4141
1631 4135
1632 5373
1633 4069
1634 5334
1635 5290
1636 5303
1637 5380
1638 5288
1639 5119
1640 5278
1641 5370
1642 5317
1643 4744
1644 5281
1645 5330
1646 5250
1647 4408
1648 5280
1649 5360
1650 5227
1651 4387
1652 5258
1653 5369
1654 5263
1655 4351
1656 5269
1657 5375
1658 5364
1659 4338
1660 5299
1661 5233
1662 4073
1663 4129
1664 5326
1665 5336
1666 5234
1667 4344
1668 5328
1669 5278
1670 5199
1671 5181
1672 5251
1673 4083
1674 4228
1675 4238
1676 4183
1677 5327
1678 5264
1679 5308
1680 4127
1681 5289
1682 5289
1683 5312
1684 4073
1685 5268
1686 5236
1687 5311
1688 4143
1689 5212
1690 5458
1691 5235
1692 4072
1693 5209
1694 5308
1695 5358
1696 5209
1697 4934
1698 5236
1699 5274
1700 4898
1701 5258
1702 4151
1703 5237
1704 5215
1705 4116
1706 4172
1707 4136
1708 4079
1709 4160
1710 4083
1711 4088
1712 4154
1713 4092
1714 4237
1715 5064
1716 5305
1717 5326
1718 5308
1719 5383
1720 5369
1721 5251
1722 5107
1723 5312
1724 5367
1725 5240
1726 5343
1727 5302
1728 5269
1729 5324
1730 5347
1731 5396
1732 5254
1733 5325
1734 5616
1735 5465
1736 5251
1737 5331
1738 5263
1739 5371
1740 5249
1741 4666
1742 5353
1743 5294
1744 5506
1745 5309
1746 5364
1747 5376
1748 5328
1749 5301
1750 5364
1751 5350
1752 5302
1753 5272
1754 5425
1755 5316
1756 5389
1757 5388
1758 5319
1759 5425
1760 5310
1761 5251
1762 5381
1763 5369
1764 5337
1765 5332
1766 5393
1767 5495
1768 5251
1769 5236
1770 5274
1771 5357
1772 5387
1773 5306
1774 5463
1775 5336
1776 5407
1777 5315
1778 5308
1779 5318
1780 5295
1781 5295
1782 5384
1783 5375
1784 5353
1785 5380
1786 5356
1787 5329
1788 4953
1789 4104
1790 4114
1791 4156
1792 4135
1793 4164
1794 4092
1795 4159
1796 4202
1797 4184
1798 4136
1799 4139
1800 4124
1801 4211
1802 4201
1803 4105
1804 4188
1805 4163
1806 4210
1807 4215
1808 4094
1809 4119
1810 4204
1811 5322
1812 5327
1813 5352
1814 5272
1815 5336
1816 5349
1817 5416
1818 5324
1819 5296
1820 5422
1821 5394
1822 5372
1823 5251
1824 4184
1825 5273
1826 4073
1827 4673
1828 5319
1829 5312
1830 4070
1831 4343
1832 5299
1833 5048
1834 5359
1835 4356
1836 5327
1837 5328
1838 5307
1839 4993
1840 5392
1841 5305
1842 5273
1843 4744
1844 5383
1845 5240
1846 4168
1847 4359
1848 5378
1849 5231
1850 5211
1851 4072
1852 5321
1853 5276
1854 4073
1855 4073
1856 5315
1857 5377
1858 4072
1859 4073
1860 5330
1861 5356
1862 4073
1863 4133
1864 5270
1865 5357
1866 4162
1867 4234
1868 5261
1869 5405
1870 4072
1871 4173
1872 5305
1873 5370
1874 4220
1875 4234
1876 4996
1877 5382
1878 5240
1879 5248
1880 5270
1881 4109
1882 5227
1883 4188
1884 5277
1885 5338
1886 4319
1887 4071
1888 5030
1889 5365
1890 5230
1891 4115
1892 5262
1893 5379
1894 5234
1895 4225
1896 5315
1897 5094
1898 5247
1899 4484
1900 5352
1901 5312
1902 5265
1903 4874
1904 5246
1905 4235
1906 4235
1907 4308
1908 5321
1909 4315
1910 4148
1911 4073
1912 5362
1913 4952
1914 4110
1915 4122
1916 5479
1917 5381
1918 4136
1919 4235
1920 5427
1921 5377
1922 4222
1923 4070
1924 4698
1925 4958
1926 4198
1927 4073
1928 5342
1929 5318
1930 4618
1931 4073
1932 5365
1933 5359
1934 4684
1935 4997
1936 5410
1937 5261
1938 4137
1939 5310
1940 5005
1941 5309
1942 4388
1943 5285
1944 5377
1945 5259
1946 4074
1947 5288
1948 5289
1949 5278
1950 4144
1951 5467
1952 4105
1953 4104
1954 4111
1955 4206
1956 4130
1957 4123
1958 4132
1959 4149
1960 4248
1961 4136
1962 4120
1963 4222
1964 4202
1965 4220
1966 4157
1967 4127
1968 4156
1969 4090
1970 4078
1971 4089
1972 4187
1973 4229
1974 4176
1975 4204
1976 4202
1977 4129
1978 4091
1979 4086
1980 4105
1981 4197
1982 4153
1983 4147
1984 4192
1985 4101
1986 4124
1987 5298
1988 4500
1989 5243
1990 5310
1991 4426
1992 5430
1993 5230
1994 5301
1995 4084
1996 5252
1997 4072
1998 5299
1999 4100
2000 5246
2001 4193
2002 5261
2003 4130
2004 5327
2005 4291
2006 4405
2007 5276
2008 5332
2009 4281
2010 5266
2011 4339
2012 5293
2013 4618
2014 5290
2015 4128
2016 5273
2017 5216
2018 5290
2019 4963
2020 5315
2021 5222
2022 5259
2023 5260
2024 5332
2025 4331
2026 5294
2027 4967
2028 5290
2029 4909
2030 4971
2031 5270
2032 4095
2033 4087
2034 4118
2035 5005
2036 5291
2037 5331
2038 5261
2039 5315
2040 5310
2041 4321
2042 4726
2043 5354
2044 5316
2045 5064
2046 4179
2047 4209
2048 4146
2049 5330
2050 4174
2051 5250
2052 4350
2053 5377
2054 5280
2055 5269
2056 5270
2057 5309
2058 5311
2059 5292
2060 4079
2061 5303
2062 5229
2063 4971
2064 5320
2065 5289
2066 5263
2067 5303
2068 5318
2069 4743
2070 5232
2071 5325
2072 4179
2073 5344
2074 5323
2075 4805
2076 5256
2077 5272
2078 5277
2079 5305
2080 5314
2081 4431
2082 5240
2083 5300
2084 4991
2085 5252
2086 5318
2087 5322
2088 4075
2089 5298
2090 5379
2091 5004
2092 5268
2093 4948
2094 5299
2095 5296
2096 5302
2097 5290
2098 5312
2099 4826
2100 5225
2101 5225
2102 5033
2103 5236
2104 5315
2105 5314
2106 4616
2107 5221
2108 5436
2109 5323
2110 4167
2111 4789
2112 5270
2113 4666
2114 5244
2115 5275
2116 5069
2117 5250
2118 4133
2119 5310
2120 5343
2121 5280
2122 5303
2123 5001
2124 5268
2125 5278
2126 5250
2127 5304
2128 5301
2129 5289
2130 5245
2131 5331
2132 5292
2133 5360
2134 5312
2135 5293
2136 5287
2137 5299
2138 5235
2139 5299
2140 4974
2141 5293
2142 5227
2143 5313
2144 4185
2145 5266
2146 5281
2147 4655
2148 5203
2149 5290
2150 5267
2151 4667
2152 5228
2153 5347
2154 5226
2155 4498
2156 5230
2157 5071
2158 5287
2159 4773
2160 5302
2161 4335
2162 5342
2163 5309
2164 5319
2165 4421
2166 5280
2167 5256
2168 5294
2169 4111
2170 5293
2171 5251
2172 5297
2173 4072
2174 5298
2175 5289
2176 5310
2177 5218
2178 5279
2179 4635
2180 5337
2181 4716
2182 5352
2183 5261
2184 5295
2185 4122
2186 5335
2187 5272
2188 4985
2189 5219
2190 4672
2191 5276
2192 5099
2193 5287
2194 4358
2195 5281
2196 5240
2197 5287
2198 4914
2199 5293
2200 4109
2201 5276
2202 5239
2203 5307
2204 5209
2205 5236
2206 4186
2207 5313
2208 4986
2209 5326
2210 4453
2211 5280
2212 5231
2213 5004
2214 5215
2215 5292
2216 5231
2217 4367
2218 5280
2219 4985
2220 5328
2221 5315
2222 5304
2223 5290
2224 5309
2225 4091
2226 5383
2227 4341
2228 5313
2229 5291
2230 5314
2231 5056
2232 5298
2233 5242
2234 5341
2235 4726
2236 5277
2237 5212
2238 5292
2239 4816
2240 5296
2241 4166
2242 5379
2243 4234
2244 5301
2245 5259
2246 5264
2247 4404
2248 5209
2249 5259
2250 5334
2251 4671
2252 5193
2253 5251
2254 5267
2255 4756
2256 5253
2257 4145
2258 4502
2259 5238
2260 5286
2261 4202
2262 5257
2263 5279
2264 5313
2265 4993
2266 5326
2267 5331
2268 5287
2269 5000
2270 5296
2271 5256
2272 5313
2273 5306
2274 5274
2275 5305
2276 5328
2277 5005
2278 5313
2279 5297
2280 5290
2281 5291
2282 5321
2283 5302
2284 5302
2285 4728
2286 5276
2287 5302
2288 4076
2289 4347
2290 5233
2291 5261
2292 5253
2293 4647
2294 5197
2295 5250
2296 5274
2297 5266
2298 5166
2299 5218
2300 5218
2301 4150
2302 4106
2303 4117
2304 4182
2305 4137
2306 4223
2307 5321
2308 5231
2309 5360
2310 5421
2311 5249
2312 5333
2313 5270
2314 5313
2315 5279
2316 5224
2317 5273
2318 5324
2319 5415
2320 5290
2321 5302
2322 4995
2323 5224
2324 4135
2325 5264
2326 5395
2327 4999
2328 5222
2329 5202
2330 5260
2331 4977
2332 5317
2333 5223
2334 4095
2335 4104
2336 4250
2337 4135
2338 4131
2339 4103
2340 4151
2341 4139
2342 4133
2343 4168
2344 4142
2345 4138
2346 4175
2347 4127
2348 4163
2349 4181
2350 4209
2351 4183
2352 4131
2353 4146
2354 4157
2355 4144
2356 4173
2357 4139
2358 4079
2359 4082
2360 4161
2361 4175
2362 4157
2363 4091
2364 4195
2365 4091
2366 4190
2367 4264
2368 4206
2369 4106
2370 4114
2371 4161
2372 4107
2373 4186
2374 4136
2375 4119
2376 4222
2377 4156
2378 4133
2379 4175
2380 4117
2381 4099
2382 4133
2383 4079
2384 4193
2385 4189
2386 4156
2387 4160
2388 4079
2389 5091
2390 5264
2391 5243
2392 5281
2393 5405
2394 5389
2395 5294
2396 5376
2397 5264
2398 5308
2399 5260
2400 5336
2401 5306
2402 5274
2403 5540
2404 5371
2405 5322
2406 5318
2407 5365
2408 5371
2409 5273
2410 5243
2411 5426
2412 5262
2413 5384
2414 5235
2415 5307
2416 5294
2417 5221
2418 5227
2419 5185
2420 5358
2421 5314
2422 5328
2423 5292
2424 5290
2425 5260
2426 5327
2427 5289
2428 5239
2429 5239
2430 5233
2431 5308
2432 5252
2433 5223
2434 5265
2435 5293
2436 5308
2437 5272
2438 5291
2439 5249
2440 5228
2441 5277
2442 5308
2443 5290
2444 5286
2445 5270
2446 5423
2447 5411
2448 5288
2449 5385
2450 5329
2451 5290
2452 5216
2453 5340
2454 5287
2455 5295
2456 5246
2457 5258
2458 5326
2459 5313
2460 5265
2461 5270
2462 5330
2463 5275
2464 5368
2465 5214
2466 5436
2467 5326
2468 5278
2469 5250
2470 5427
2471 5329
2472 5360
2473 5225
2474 5447
2475 5303
2476 5276
2477 5229
2478 5384
2479 5264
2480 4205
2481 5288
2482 5489
2483 5218
2484 5317
2485 5240
2486 5442
2487 5250
2488 4964
2489 4193
2490 4093
2491 4100
2492 4145
2493 4156
2494 4206
2495 4189
2496 4103
2497 4104
2498 4111
2499 4091
2500 4089
2501 4152
2502 4178
2503 4263
2504 4127
2505 4090
2506 4170
2507 4127
2508 4191
2509 4137
2510 4074
2511 4154
2512 4083
2513 4309
2514 4153
2515 4227
2516 4106
2517 4145
2518 4130
2519 4124
2520 4351
2521 5312
2522 4093
2523 5304
2524 4072
2525 5223
2526 4172
2527 5024
2528 5257
2529 5276
2530 4629
2531 5278
2532 5219
2533 5292
2534 5029
2535 5370
2536 5278
2537 5281
2538 5239
2539 5346
2540 4086
2541 5249
2542 4149
2543 5351
2544 5241
2545 5255
2546 4078
2547 5446
2548 5334
2549 5230
2550 5211
2551 5443
2552 5270
2553 5348
2554 4126
2555 5317
2556 5214
2557 5270
2558 4632
2559 4653
2560 5227
2561 5312
2562 4108
2563 4081
2564 5348
2565 5255
2566 5217
2567 4072
2568 5236
2569 5264
2570 5223
2571 4114
2572 5245
2573 5338
2574 4072
2575 4185
2576 5342
2577 5304
2578 4122
2579 4168
2580 5373
2581 5329
2582 5235
2583 5280
2584 5384
2585 5306
2586 5267
2587 5336
2588 4144
2589 4204
2590 4149
2591 4101
2592 4164
2593 4080
2594 5040
2595 5302
2596 5357
2597 5267
2598 5278
2599 4167
2600 4754
2601 5236
2602 5209
2603 5351
2604 5455
2605 4620
2606 4168
2607 5290
2608 5319
2609 4073
2610 4073
2611 5299
2612 5364
2613 4129
2614 4186
2615 5267
2616 5391
2617 5254
2618 4073
2619 5230
2620 5375
2621 5317
2622 4181
2623 5304
2624 5365
2625 5233
2626 4072
2627 5289
2628 5402
2629 5219
2630 4110
2631 4982
2632 5334
2633 5222
2634 5215
2635 4341
2636 5336
2637 5289
2638 4309
2639 4138
2640 5286
2641 5382
2642 4775
2643 4244
2644 5310
2645 5344
2646 4275
2647 4188
2648 5298
2649 5379
2650 4113
2651 4231
2652 5356
2653 5383
2654 4938
2655 5302
2656 5287
2657 5378
2658 5307
2659 5235
2660 5246
2661 5310
2662 5237
2663 4229
2664 5300
2665 5346
2666 5293
2667 4924
2668 5309
2669 5315
2670 5245
2671 4099
2672 5240
2673 5271
2674 5229
2675 4115
2676 5104
2677 5233
2678 5067
2679 5206
2680 5257
2681 5240
2682 5279
2683 4193
2684 5257
2685 5321
2686 5306
2687 4137
2688 5225
2689 5207
2690 5253
2691 5002
2692 5264
2693 5325
2694 4978
2695 5212
2696 5209
2697 5196
2698 4646
2699 5209
2700 5236
2701 5207
2702 4440
2703 5331
2704 5210
2705 5249
2706 4975
2707 5238
2708 5270
2709 5250
2710 4278
2711 5221
2712 5232
2713 5270
2714 5047
2715 5195
2716 4164
2717 5270
2718 4719
2719 4073
2720 5253
2721 4967
2722 5255
2723 5289
2724 5264
2725 5255
2726 5209
2727 5216
2728 4650
2729 5189
2730 4112
2731 5253
2732 4942
2733 4737
2734 4411
2735 5218
2736 5278
2737 4977
2738 5201
2739 5274
2740 4120
2741 5226
2742 4099
2743 4087
2744 4193
2745 4207
2746 5408
2747 5258
2748 5322
2749 5301
2750 5291
2751 5278
2752 4082
2753 4123
2754 4257
2755 4084
2756 5294
2757 5268
2758 4932
2759 5218
2760 5039
2761 5366
2762 5226
2763 5355
2764 4413
2765 5347
2766 5278
2767 4929
2768 5286
2769 5267
2770 5277
2771 5300
2772 4775
2773 5238
2774 5301
2775 5272
2776 5240
2777 5271
2778 5297
2779 4993
2780 5258
2781 5254
2782 5293
2783 4965
2784 5229
2785 5268
2786 5263
2787 5289
2788 4086
2789 5240
2790 5312
2791 5276
2792 4140
2793 5226
2794 4119
2795 4982
2796 5218
2797 5507
2798 5040
2799 5292
2800 5288
2801 4644
2802 5274
2803 5311
2804 5211
2805 5291
2806 5321
2807 5275
2808 4114
2809 5295
2810 5039
2811 5295
2812 5251
2813 5288
2814 5271
2815 4969
2816 5222
2817 5319
2818 4174
2819 4135
2820 5017
2821 5296
2822 5259
2823 5292
2824 5303
2825 4073
2826 5272
2827 5308
2828 4998
2829 5246
2830 5334
2831 5318
2832 5334
2833 5258
2834 5310
2835 5002
2836 5325
2837 5028
2838 5411
2839 4985
2840 5319
2841 5307
2842 4092
2843 5311
2844 5337
2845 5267
2846 4172
2847 4161
2848 4168
2849 4166
2850 4150
2851 4192
2852 5216
2853 5206
2854 4971
2855 5239
2856 5234
2857 5287
2858 4253
2859 4143
2860 4143
2861 4137
2862 4122
2863 4128
2864 4194
2865 4173
2866 4126
2867 4106
2868 4197
2869 4215
2870 4158
2871 4151
2872 4148
2873 4076
2874 4128
2875 4079
2876 4115
2877 4138
2878 4102
2879 4151
2880 4158
2881 4099
2882 4215
2883 4142
2884 4100
2885 4202
2886 4297
2887 4242
2888 4210
2889 4118
2890 4146
2891 4079
2892 4188
2893 4169
2894 4074
2895 4135
2896 4184
2897 4228
2898 4098
2899 4090
2900 4201
2901 4200
2902 4116
2903 4155
2904 4089
2905 4085
2906 4087
2907 4194
2908 4111
2909 4079
2910 4128
2911 4091
2912 4141
2913 4129
2914 4117
2915 4116
2916 4111
2917 4176
2918 4183
2919 4182
2920 4246
2921 4145
2922 4097
2923 4239
2924 4191
2925 4141
2926 4152
2927 4087
2928 4143
2929 4240
2930 4247
2931 4106
2932 4141
2933 4137
2934 4664
2935 4073
2936 5279
2937 4106
2938 4164
2939 4228
2940 4139
2941 4077
2942 4137
2943 4093
2944 4208
2945 4140
2946 4153
2947 4133
2948 4174
2949 4213
2950 4103
2951 4177
2952 4082
2953 4218
2954 4148
2955 4125
2956 4135
2957 4206
2958 4157
2959 4091
2960 4142
2961 4117
2962 4173
2963 4173
2964 4103
2965 4118
2966 4203
2967 4152
2968 4125
2969 4148
2970 4153
2971 4146
2972 4222
2973 4175
2974 4186
2975 4099
2976 4200
2977 4253
2978 4220
2979 4128
2980 4087
2981 4119
2982 4192
2983 4211
2984 4103
2985 4224
2986 4098
2987 4181
2988 4097
2989 4152
2990 4271
2991 4101
2992 4111
2993 4243
2994 4102
2995 5322
2996 5221
2997 5216
2998 5229
2999 5270
3000 5240
3001 5329
3002 5312
3003 5310
3004 5273
3005 5343
3006 5292
3007 5298
3008 5328
3009 5267
3010 5189
3011 5298
3012 5230
3013 5270
3014 5238
3015 5294
3016 4169
3017 5352
3018 5243
3019 5287
3020 5292
3021 5328
3022 5273
3023 5425
3024 5406
3025 5326
3026 5254
3027 5325
3028 5368
3029 5303
3030 5319
3031 5346
3032 5279
3033 5310
3034 5290
3035 5359
3036 5379
3037 5291
3038 5337
3039 5352
3040 5433
3041 5290
3042 5325
3043 5432
3044 5266
3045 5372
3046 5314
3047 5410
3048 5271
3049 5413
3050 5345
3051 5380
3052 5358
3053 5359
3054 5306
3055 5528
3056 5440
3057 5312
3058 5239
3059 5272
3060 5315
3061 5259
3062 4704
3063 5273
3064 5340
3065 5371
3066 5281
3067 5375
3068 5309
3069 5280
3070 5366
3071 5409
3072 5397
3073 5258
3074 5443
3075 5457
3076 5320
3077 5302
3078 5363
3079 5373
3080 5322
3081 5237
3082 5289
3083 5354
3084 5332
3085 5272
3086 5392
3087 5350
3088 5021
3089 4084
3090 4179
3091 4103
3092 4200
3093 4150
3094 4137
3095 4127
3096 4075
3097 4132
3098 4198
3099 4766
3100 5251
3101 4154
3102 5271
3103 5360
3104 5250
3105 5230
3106 5302
3107 5402
3108 5245
3109 4250
3110 5009
3111 5393
3112 5239
3113 4085
3114 5288
3115 5400
3116 4082
3117 4072
3118 5250
3119 5387
3120 5306
3121 5269
3122 5263
3123 4149
3124 4198
3125 5273
3126 5237
3127 5382
3128 5361
3129 4124
3130 5250
3131 5348
3132 4968
3133 5240
3134 5402
3135 5346
3136 4945
3137 5326
3138 5309
3139 5376
3140 5261
3141 5275
3142 5303
3143 4165
3144 4240
3145 4218
3146 4246
3147 4104
3148 4100
3149 4100
3150 4140
3151 4200
3152 4125
3153 4103
3154 4093
3155 4536
3156 5364
3157 5231
3158 4072
3159 5289
3160 4699
3161 4610
3162 4301
3163 4682
3164 5291
3165 5218
3166 4140
3167 4962
3168 5248
3169 5346
3170 4100
3171 4215
3172 4081
3173 4083
3174 4076
3175 4147
3176 4088
3177 4162
3178 4102
3179 4113
3180 4103
3181 4079
3182 4114
3183 4075
3184 4113
3185 4103
3186 4627
3187 4111
3188 4087
3189 5304
3190 5318
3191 4133
3192 4609
3193 5270
3194 4240
3195 4176
3196 4146
3197 4075
3198 4082
3199 4082
3200 4157
3201 4087
3202 4164
3203 4137
3204 4126
3205 4170
3206 4097
3207 4223
3208 5045
3209 5231
3210 5312
3211 5229
3212 4696
3213 4124
3214 4181
3215 5339
3216 5316
3217 5280
3218 4167
3219 5288
3220 5344
3221 5273
3222 5246
3223 5311
3224 5335
3225 5246
3226 4168
3227 5299
3228 5328
3229 5324
3230 4073
3231 5307
3232 5303
3233 5334
3234 4236
3235 5331
3236 5314
3237 5353
3238 4072
3239 5313
3240 5314
3241 5309
3242 5272
3243 4674
3244 5292
3245 5328
3246 4148
3247 5245
3248 5356
3249 4945
3250 5299
3251 4197
3252 5331
3253 5303
3254 4940
3255 4221
3256 5279
3257 5299
3258 4073
3259 4127
3260 4745
3261 4124
3262 5297
3263 4378
3264 5286
3265 5295
3266 5092
3267 5194
3268 5309
3269 5281
3270 5204
3271 4174
3272 5260
3273 5274
3274 4106
3275 4133
3276 5331
3277 5258
3278 5256
3279 4277
3280 5316
3281 5315
3282 4297
3283 4113
3284 5210
3285 4152
3286 4139
3287 4074
3288 4257
3289 4136
3290 4132
3291 4179
3292 4100
3293 4226
3294 4103
3295 4093
3296 4162
3297 4085
3298 4118
3299 4231
3300 4271
3301 4089
3302 4223
3303 4109
3304 4191
3305 4249
3306 4131
3307 4215
3308 4094
3309 4104
3310 4097
3311 4241
3312 4097
3313 4086
3314 4076
3315 4075
3316 4102
3317 4193
3318 4313
3319 5060
3320 5399
3321 5347
3322 5191
3323 5448
3324 5279
3325 5251
3326 5232
3327 5411
3328 5355
3329 5296
3330 5294
3331 5314
3332 5390
3333 5287
3334 5318
3335 5480
3336 5234
3337 4221
3338 4111
3339 5280
3340 4143
3341 4163
3342 4166
3343 4117
3344 4078
3345 4154
3346 4098
3347 4151
3348 4229
3349 4144
3350 4140
3351 4074
3352 5368
3353 5313
3354 5306
3355 5228
3356 5360
3357 5310
3358 5252
3359 5226
3360 5349
3361 4187
3362 4302
3363 4221
3364 4086
3365 4156
3366 4186
3367 5004
3368 5237
3369 5333
3370 5234
3371 4179
3372 4071
3373 4653
3374 5277
3375 4185
3376 4121
3377 5248
3378 5368
3379 5230
3380 4072
3381 5288
3382 4746
3383 4191
3384 4115
3385 5304
3386 5286
3387 4927
3388 4148
3389 5213
3390 5372
3391 4220
3392 4140
3393 5225
3394 5326
3395 4072
3396 4985
3397 5286
3398 5391
3399 4135
3400 5352
3401 5349
3402 5357
3403 5244
3404 5010
3405 5190
3406 5002
3407 5259
3408 5330
3409 4142
3410 5260
3411 5156
3412 5457
3413 5253
3414 5264
3415 4277
3416 5447
3417 5236
3418 4136
3419 4115
3420 5480
3421 5303
3422 4072
3423 4073
3424 5316
3425 5292
3426 4165
3427 4234
3428 5404
3429 4163
3430 5252
3431 4330
3432 4110
3433 5250
3434 4233
3435 4154
3436 4779
3437 5344
3438 5212
3439 4072
3440 4078
3441 5387
3442 4418
3443 5240
3444 5291
3445 5332
3446 5239
3447 5225
3448 5286
3449 5311
3450 5218
3451 4221
3452 5300
3453 4156
3454 4151
3455 4076
3456 4075
3457 4145
3458 4225
3459 4180
3460 4102
3461 4148
3462 4111
3463 4200
3464 4077
3465 4158
3466 4075
3467 4226
3468 4086
3469 4179
3470 5275
3471 4710
3472 5340
3473 4199
3474 5213
3475 4426
3476 5194
3477 5521
3478 5257
3479 4089
3480 4223
3481 4084
3482 5310
3483 5358
3484 4074
3485 4112
3486 5294
3487 5343
3488 5244
3489 4122
3490 5300
3491 5352
3492 5248
3493 4127
3494 5274
3495 5039
3496 5227
3497 4168
3498 5319
3499 4961
3500 5279
3501 4687
3502 5298
3503 5404
3504 5291
3505 4072
3506 5219
3507 5399
3508 5335
3509 5291
3510 5268
3511 4165
3512 4136
3513 4087
3514 4133
3515 4189
3516 4253
3517 4140
3518 5253
3519 4073
3520 5281
3521 4648
3522 4246
3523 4081
3524 4106
3525 4101
3526 4082
3527 4176
3528 4181
3529 4127
3530 4174
3531 4212
3532 4189
3533 4074
3534 4192
3535 4128
3536 4177
3537 4156
3538 4241
3539 5352
3540 5244
3541 5363
3542 5287
3543 5369
3544 5342
3545 5397
3546 5334
3547 5273
3548 5351
3549 5331
3550 5364
3551 5200
3552 5265
3553 5394
3554 5301
3555 5272
3556 5273
3557 5280
3558 5212
3559 5473
3560 5237
3561 5342
3562 5262
3563 5255
3564 5236
3565 5322
3566 5345
3567 5380
3568 5426
3569 5229
3570 5411
3571 5345
3572 5368
3573 5403
3574 5399
3575 5279
3576 5255
3577 5409
3578 5311
3579 5238
3580 5312
3581 5307
3582 5295
3583 5256
3584 5317
3585 5372
3586 5356
3587 5334
3588 5120
3589 4088
3590 4082
3591 4261
3592 4123
3593 4094
3594 4096
3595 4080
3596 4113
3597 4111
3598 4168
3599 4092
3600 4247
3601 4084
3602 4103
3603 4199
3604 4211
3605 4218
3606 4119
3607 4113
3608 4148
3609 4135
3610 4159
3611 4093
3612 4074
3613 4101
3614 4112
3615 4077
3616 4192
3617 4093
3618 4114
3619 4173
3620 4249
3621 4155
3622 4165
3623 4121
3624 4137
3625 4197
3626 4193
3627 4144
3628 4087
3629 4210
3630 4152
3631 4079
3632 4104
3633 4090
3634 4133
3635 5069
3636 5372
3637 5290
3638 5320
3639 5345
3640 5369
3641 5262
3642 5309
3643 5310
3644 5387
3645 5358
3646 5431
3647 5384
3648 5369
3649 5273
3650 5310
3651 5436
3652 5412
3653 5314
3654 5295
3655 5302
3656 5389
3657 5314
3658 5595
3659 5304
3660 5295
3661 5312
3662 5318
3663 5357
3664 5293
3665 5301
3666 5412
3667 5353
3668 5288
3669 5302
3670 5419
3671 5238
3672 5290
3673 5195
3674 5418
3675 5269
3676 5250
3677 4533
3678 5318
3679 5268
3680 5352
3681 5232
3682 5335
3683 5267
3684 5278
3685 5244
3686 5304
3687 5345
3688 5096
3689 4242
3690 4157
3691 4130
3692 4084
3693 4171
3694 4093
3695 4134
3696 4157
3697 4101
3698 4137
3699 4084
3700 4734
3701 5286
3702 5248
3703 5067
3704 5280
3705 5274
3706 4192
3707 4973
3708 5307
3709 5382
3710 5288
3711 4173
3712 4391
3713 5253
3714 4071
3715 4726
3716 5278
3717 5305
3718 4967
3719 5391
3720 4159
3721 4113
3722 4234
3723 4103
3724 4081
3725 4136
3726 4753
3727 4123
3728 5235
3729 4734
3730 4856
3731 5273
3732 5249
3733 4337
3734 5256
3735 5360
3736 5237
3737 5301
3738 5261
3739 5051
3740 5297
3741 4719
3742 4662
3743 5277
3744 4936
3745 5210
3746 5343
3747 5006
3748 5220
3749 5236
3750 5259
3751 5303
3752 5224
3753 4087
3754 5375
3755 5261
3756 5237
3757 4136
3758 5304
3759 5270
3760 5287
3761 4074
3762 4963
3763 5302
3764 5271
3765 5232
3766 5316
3767 5280
3768 5032
3769 5238
3770 4693
3771 5295
3772 5256
3773 5200
3774 4420
3775 5322
3776 5025
3777 5300
3778 4728
3779 4664
3780 5270
3781 5199
3782 4094
3783 5257
3784 5305
3785 5252
3786 4129
3787 5257
3788 5069
3789 5285
3790 5228
3791 5217
3792 5148
3793 5351
3794 4079
3795 5208
3796 5241
3797 5212
3798 4155
3799 5224
3800 5251
3801 5305
3802 5201
3803 4164
3804 4199
3805 4109
3806 4134
3807 4143
3808 4140
3809 4074
3810 4106
3811 4086
3812 4190
3813 4117
3814 4168
3815 4078
3816 4152
3817 4193
3818 4174
3819 4186
3820 4090
3821 4102
3822 4135
3823 4101
3824 4202
3825 4179
3826 4194
3827 4104
3828 4084
3829 4146
3830 4089
3831 4204
3832 4178
3833 4080
3834 4255
3835 4084
3836 4152
3837 4102
3838 4135
3839 4107
3840 4086
3841 4153
3842 4131
3843 4146
3844 4079
3845 4121
3846 4084
3847 4075
3848 4115
3849 5228
3850 4129
3851 5291
3852 5280
3853 5341
3854 5229
3855 5334
3856 5310
3857 5293
3858 4687
3859 5354
3860 5320
3861 5318
3862 5259
3863 4639
3864 5232
3865 5271
3866 4189
3867 5310
3868 5250
3869 5339
3870 4143
3871 5287
3872 5242
3873 5277
3874 4122
3875 5241
3876 5263
3877 5268
3878 4374
3879 4974
3880 5292
3881 4967
3882 5213
3883 5260
3884 5290
3885 5334
3886 4142
3887 5260
3888 4677
3889 5273
3890 4397
3891 5278
3892 5033
3893 5350
3894 5213
3895 5270
3896 5256
3897 4988
3898 5203
3899 4972
3900 5279
3901 5391
3902 5265
3903 4770
3904 5287
3905 5333
3906 4087
3907 5255
3908 5312
3909 5209
3910 5193
3911 5303
3912 5040
3913 5257
3914 4134
3915 5273
3916 4585
3917 4153
3918 4686
3919 5232
3920 4126
3921 5363
3922 5288
3923 4419
3924 5221
3925 5343
3926 5278
3927 5289
3928 4128
3929 4999
3930 5268
3931 5314
3932 4831
3933 5341
3934 5328
3935 4398
3936 5221
3937 5335
3938 5310
3939 5276
3940 4083
3941 5262
3942 5280
3943 4133
3944 4131
3945 5338
3946 4966
3947 5298
3948 4896
3949 4396
3950 5289
3951 5378
3952 5253
3953 5280
3954 5271
3955 5243
3956 4488
3957 5273
3958 5298
3959 5246
3960 5272
3961 5303
3962 4420
3963 5222
3964 4232
3965 4082
3966 4203
3967 4093
3968 4111
3969 4082
3970 4076
3971 4096
3972 4092
3973 4115
3974 4089
3975 4109
3976 4168
3977 4075
3978 4167
3979 4091
3980 4093
3981 4191
3982 4198
3983 4119
3984 4764
3985 5172
3986 5343
3987 5327
3988 5301
3989 4105
3990 5303
3991 4720
3992 5273
3993 5270
3994 4987
3995 5305
3996 4184
3997 5331
3998 5306
3999 4406
4000 5307
4001 5327
4002 5319
4003 5106
4004 5256
4005 5269
4006 5315
4007 5302
4008 4686
4009 5242
4010 5313
4011 5304
4012 4339
4013 5253
4014 5303
4015 5322
4016 5015
4017 5306
4018 5319
4019 5335
4020 4342
4021 5241
4022 5279
4023 5294
4024 4133
4025 4310
4026 5253
4027 5321
4028 4985
4029 5218
4030 5333
4031 5297
4032 4997
4033 5214
4034 5361
4035 5318
4036 5300
4037 4182
4038 5347
4039 5328
4040 4980
4041 5247
4042 5305
4043 5351
4044 5008
4045 5245
4046 4207
4047 4123
4048 4137
4049 4081
4050 4136
4051 4175
4052 5326
4053 4322
4054 5295
4055 4537
4056 5345
4057 4344
4058 4136
4059 4174
4060 5262
4061 5262
4062 5316
4063 4727
4064 4335
4065 5259
4066 4797
4067 5232
4068 5329
4069 5360
4070 5245
4071 4078
4072 5319
4073 5262
4074 5241
4075 4110
4076 5486
4077 5391
4078 5249
4079 4668
4080 5340
4081 5266
4082 5287
4083 4137
4084 5224
4085 5316
4086 5001
4087 5276
4088 4674
4089 5273
4090 5268
4091 5289
4092 5392
4093 5329
4094 5222
4095 4657
4096 4073
4097 5346
4098 5223
4099 4077
4100 5206
4101 5314
4102 5264
4103 4414
4104 5261
4105 5367
4106 5237
4107 4142
4108 5346
4109 5327
4110 5234
4111 4072
4112 4949
4113 5339
4114 5308
4115 5277
4116 5295
4117 5002
4118 5275
4119 5227
4120 4077
4121 4662
4122 5256
4123 5273
4124 5285
4125 4452
4126 5244
4127 4193
4128 5258
4129 4422
4130 5276
4131 5251
4132 5295
4133 4738
4134 5278
4135 4073
4136 4156
4137 4084
4138 4693
4139 5300
4140 5216
4141 5300
4142 5314
4143 5241
4144 5237
4145 5295
4146 5386
4147 5272
4148 4136
4149 4080
4150 5017
4151 5364
4152 5208
4153 4105
4154 5232
4155 5276
4156 5207
4157 5209
4158 5275
4159 4972
4160 5260
4161 4907
4162 5253
4163 4462
4164 4088
4165 4343
4166 4747
4167 5290
4168 5210
4169 5218
4170 5304
4171 4170
4172 4110
4173 4106
4174 4138
4175 4143
4176 4106
4177 4136
4178 4119
4179 4207
4180 4261
4181 4084
4182 4198
4183 4092
4184 4123
4185 4150
4186 4126
4187 4092
4188 4155
4189 4132
4190 4143
4191 4157
4192 4198
4193 4235
4194 4117
4195 4146
4196 4251
4197 4201
4198 4105
4199 4147
4200 4082
4201 4083
4202 4209
4203 4092
4204 4163
4205 4198
4206 4117
4207 4084
4208 4087
4209 4208
4210 4169
4211 4104
4212 4085
4213 4097
4214 4161
4215 4191
4216 4161
4217 4102
4218 4181
4219 4153
4220 4451
4221 4085
4222 4096
4223 4090
4224 4094
4225 4214
4226 4123
4227 4110
4228 4224
4229 4229
4230 4160
4231 4146
4232 4101
4233 4137
4234 4168
4235 4212
4236 4104
4237 4079
4238 4101
4239 4137
4240 4241
4241 4081
4242 4300
4243 4158
4244 4079
4245 4158
4246 4195
4247 4169
4248 4193
4249 4110
4250 4173
4251 4078
4252 4086
4253 4135
4254 4255
4255 4269
4256 4231
4257 4149
4258 4104
4259 4102
4260 4158
4261 4126
4262 4205
4263 4173
4264 4194
4265 4141
4266 4078
4267 4132
4268 4085
4269 4077
4270 4204
4271 4215
4272 4080
4273 4104
4274 4131
4275 4125
4276 4175
4277 4153
4278 4204
4279 4196
4280 4210
4281 5115
4282 5370
4283 5274
4284 5465
4285 4068
4286 4067
4287 4110
4288 4081
4289 4070
4290 4067
4291 4067
4292 4109
4293 4143
4294 4067
4295 4068
4296 4067
4297 4067
4298 4068
4299 5059
4300 5225
4301 5266
4302 5232
4303 5274
4304 4702
4305 5277
4306 4792
4307 4984
4308 5199
4309 4190
4310 5320
4311 4642
4312 5265
4313 4382
4314 5363
4315 5202
4316 5267
4317 5298
4318 4069
4319 4072
4320 5290
4321 4815
4322 5235
4323 4348
4324 5267
4325 5326
4326 5265
4327 4073
4328 5248
4329 5243
4330 5349
4331 4074
4332 5248
4333 5301
4334 5369
4335 5267
4336 5234
4337 4122
4338 4391
4339 5296
4340 5321
4341 4073
4342 5388
4343 5228
4344 5302
4345 4405
4346 5367
4347 5267
4348 5312
4349 4086
4350 5353
4351 4426
4352 5248
4353 4179
4354 5292
4355 5002
4356 5245
4357 4135
4358 5367
4359 4957
4360 5322
4361 4073
4362 5358
4363 4928
4364 5320
4365 5259
4366 5352
4367 5269
4368 4205
4369 4077
4370 4093
4371 4080
4372 4116
4373 4187
4374 4179
4375 4100
4376 4090
4377 4075
4378 4140
4379 4144
4380 4214
4381 4175
4382 4124
4383 4155
4384 4079
4385 4138
4386 4075
4387 4990
4388 5116
4389 4079
4390 5319
4391 5334
4392 5239
4393 4108
4394 5302
4395 5291
4396 4688
4397 5232
4398 5202
4399 5390
4400 5329
4401 4109
4402 5309
4403 5302
4404 5303
4405 4320
4406 5277
4407 5287
4408 4215
4409 4115
4410 4118
4411 4831
4412 5323
4413 5268
4414 4123
4415 5358
4416 4109
4417 4206
4418 4118
4419 4171
4420 4128
4421 4132
4422 4107
4423 4164
4424 4090
4425 4171
4426 4158
4427 4103
4428 4199
4429 4122
4430 4114
4431 4298
4432 4153
4433 4114
4434 4252
4435 4205
4436 4088
4437 5267
4438 4154
4439 4072
4440 5272
4441 5339
4442 4990
4443 5260
4444 5323
4445 4987
4446 5313
4447 5273
4448 4603
4449 5327
4450 5365
4451 5257
4452 5233
4453 5322
4454 5385
4455 5237
4456 5234
4457 5000
4458 5294
4459 5265
4460 5296
4461 5345
4462 5347
4463 5293
4464 5313
4465 5250
4466 5311
4467 5271
4468 5346
4469 4576
4470 5359
4471 5277
4472 5301
4473 4128
4474 4186
4475 4134
4476 5299
4477 4658
4478 5310
4479 5332
4480 5319
4481 4079
4482 5223
4483 5264
4484 5351
4485 4416
4486 5288
4487 4997
4488 5217
4489 5351
4490 4947
4491 5287
4492 5259
4493 4226
4494 5265
4495 5267
4496 5229
4497 5336
4498 5342
4499 4070
4500 5311
4501 5255
4502 5224
4503 5245
4504 4343
4505 4157
4506 4100
4507 4162
4508 4240
4509 4101
4510 4148
4511 4124
4512 4144
4513 4082
4514 4142
4515 4082
4516 4079
4517 5101
4518 5322
4519 5298
4520 5390
4521 5299
4522 5513
4523 5271
4524 5373
4525 5306
4526 5400
4527 5330
4528 5301
4529 5318
4530 5365
4531 5396
4532 5299
4533 5356
4534 5298
4535 5324
4536 5318
4537 5307
4538 5320
4539 5359
4540 5329
4541 5304
4542 5370
4543 5359
4544 5304
4545 5311
4546 5352
4547 5406
4548 5253
4549 4143
4550 5302
4551 4175
4552 5268
4553 5336
4554 5286
4555 4510
4556 5255
4557 4667
4558 5297
4559 5248
4560 5305
4561 4998
4562 5321
4563 5361
4564 4474
4565 5273
4566 4945
4567 4719
4568 5255
4569 5307
4570 5046
4571 5238
4572 5240
4573 5289
4574 4713
4575 5294
4576 4069
4577 5266
4578 5229
4579 5286
4580 4600
4581 5356
4582 5340
4583 4777
4584 5221
4585 5571
4586 4727
4587 5310
4588 5344
4589 4968
4590 5232
4591 4300
4592 5261
4593 4950
4594 5184
4595 5254
4596 5295
4597 4081
4598 4194
4599 4224
4600 4144
4601 4151
4602 4094
4603 4137
4604 4092
4605 5251
4606 5263
4607 5296
4608 5287
4609 5367
4610 5279
4611 5344
4612 5311
4613 5320
4614 5379
4615 5280
4616 5253
4617 5245
4618 5303
4619 5269
4620 5309
4621 5390
4622 5258
4623 5313
4624 5312
4625 5257
4626 5344
4627 5371
4628 5243
4629 5361
4630 5281
4631 5345
4632 5292
4633 5306
4634 5388
4635 5291
4636 5242
4637 5257
4638 5316
4639 5254
4640 5388
4641 5241
4642 5355
4643 5269
4644 5274
4645 5342
4646 5336
4647 5271
4648 5306
4649 5372
4650 5448
4651 5236
4652 5327
4653 5312
4654 5299
4655 5233
4656 5372
4657 5330
4658 5381
4659 5242
4660 5377
4661 5458
4662 5311
4663 5338
4664 5316
4665 5361
4666 5309
4667 5303
4668 5337
4669 5393
4670 5310
4671 5212
4672 5267
4673 5316
4674 5244
4675 5306
4676 5275
4677 5441
4678 5343
4679 5211
4680 5322
4681 5238
4682 5234
4683 4135
4684 5358
4685 5425
4686 5233
4687 5324
4688 5653
4689 5329
4690 5288
4691 5183
4692 5292
4693 5369
4694 5235
4695 5265
4696 5357
4697 5359
4698 5294
4699 5277
4700 4167
4701 4175
4702 5231
4703 4828
4704 5400
4705 5245
4706 4155
4707 4426
4708 5292
4709 5289
4710 4093
4711 5060
4712 5302
4713 5298
4714 4386
4715 5303
4716 4163
4717 5321
4718 4222
4719 4756
4720 5330
4721 5280
4722 4933
4723 4491
4724 4109
4725 4156
4726 4084
4727 4215
4728 4076
4729 4135
4730 4174
4731 4147
4732 4127
4733 4111
4734 4104
4735 4181
4736 4141
4737 4152
4738 4099
4739 4095
4740 4095
4741 4094
4742 4075
4743 4078
4744 4894
4745 5295
4746 4988
4747 4141
4748 5253
4749 5346
4750 4074
4751 4328
4752 5271
4753 5333
4754 4706
4755 5060
4756 5190
4757 5257
4758 4074
4759 5278
4760 4148
4761 5300
4762 4123
4763 5331
4764 4933
4765 4134
4766 4152
4767 4154
4768 5360
4769 4072
4770 5347
4771 5061
4772 5323
4773 5280
4774 5364
4775 5247
4776 4343
4777 5247
4778 5334
4779 5238
4780 4072
4781 5008
4782 5360
4783 4987
4784 5227
4785 5315
4786 5323
4787 5218
4788 4072
4789 5289
4790 5379
4791 4939
4792 5215
4793 5287
4794 5320
4795 5302
4796 4072
4797 4967
4798 5212
4799 5365
4800 4072
4801 5300
4802 5303
4803 5220
4804 4172
4805 5068
4806 5273
4807 5374
4808 5306
4809 5005
4810 5326
4811 5273
4812 4112
4813 4137
4814 5291
4815 5358
4816 4192
4817 4817
4818 5302
4819 4623
4820 4085
4821 4748
4822 5333
4823 5242
4824 4072
4825 4074
4826 5275
4827 5301
4828 4134
4829 4072
4830 5278
4831 5349
4832 5245
4833 4072
4834 5236
4835 5003
4836 5236
4837 4168
4838 5254
4839 5353
4840 5226
4841 4110
4842 5262
4843 5339
4844 4072
4845 4071
4846 4205
4847 5326
4848 5203
4849 4649
4850 5224
4851 5200
4852 4093
4853 4172
4854 5248
4855 4190
4856 4168
4857 4358
4858 4477
4859 5290
4860 5374
4861 5271
4862 5186
4863 5281
4864 5351
4865 5225
4866 4136
4867 5206
4868 5339
4869 4946
4870 4072
4871 5266
4872 5380
4873 5243
4874 5243
4875 4950
4876 5347
4877 5215
4878 4239
4879 5279
4880 4110
4881 4144
4882 4105
4883 4186
4884 4105
4885 4179
4886 4188
4887 4180
4888 4158
4889 4208
4890 4128
4891 4083
4892 4115
4893 4111
4894 4113
4895 4095
4896 4221
4897 4277
4898 4187
4899 4178
4900 5258
4901 5353
4902 5240
4903 5273
4904 5413
4905 5355
4906 5346
4907 5294
4908 5351
4909 5426
4910 5367
4911 5272
4912 5277
4913 5264
4914 5222
4915 5272
4916 5259
4917 5230
4918 5299
4919 5497
4920 5233
4921 5289
4922 5392
4923 5286
4924 5302
4925 5295
4926 5297
4927 5469
4928 5333
4929 5251
4930 5256
4931 5274
4932 5368
4933 5274
4934 5288
4935 4140
4936 4669
4937 5261
4938 5304
4939 5011
4940 5342
4941 5202
4942 5245
4943 5328
4944 5075
4945 5255
4946 5275
4947 5080
4948 5330
4949 5018
4950 5307
4951 5057
4952 5395
4953 5252
4954 5287
4955 4992
4956 5320
4957 5327
4958 5310
4959 5016
4960 5320
4961 5232
4962 5259
4963 5301
4964 5315
4965 5262
4966 5306
4967 4997
4968 5304
4969 5281
4970 5233
4971 4181
4972 5362
4973 5237
4974 5306
4975 5249
4976 5279
4977 5298
4978 5009
4979 5279
4980 5373
4981 5226
4982 4942
4983 5158
4984 4993
4985 5290
4986 5254
4987 4136
4988 5246
4989 5301
4990 4274
4991 4279
4992 5324
4993 5276
4994 5242
4995 5228
4996 5377
4997 5334
4998 4795
4999 5234
5000 5299
5001 5306
5002 4704
5003 4073
5004 5322
5005 5355
5006 5224
5007 4143
5008 5269
5009 5031
5010 5258
5011 4088
5012 5316
5013 5288
5014 5278
5015 4154
5016 5305
5017 5289
5018 5277
5019 4296
5020 4793
5021 5310
5022 5348
5023 5241
5024 4141
5025 5344
5026 5092
5027 5335
5028 4372
5029 5372
5030 5335
5031 5013
5032 4336
5033 5330
5034 5360
5035 5291
5036 5275
5037 5359
5038 5009
5039 5233
5040 5371
5041 5220
5042 5336
5043 5266
5044 5089
5045 5308
5046 4728
5047 5243
5048 4351
5049 5289
5050 4739
5051 5334
5052 4115
5053 5322
5054 4430
5055 5240
5056 4198
5057 5386
5058 5350
5059 5291
5060 4228
5061 5057
5062 5243
5063 5289
5064 5325
5065 5336
5066 5291
5067 5297
5068 4137
5069 5456
5070 5239
5071 5306
5072 5228
5073 5357
5074 4070
5075 4345
5076 5228
5077 4211
5078 4100
5079 4158
5080 4120
5081 4148
5082 4272
5083 4075
5084 4204
5085 4188
5086 5335
5087 4115
5088 5306
5089 4173
5090 4086
5091 4438
5092 4109
5093 5243
5094 5314
5095 4160
5096 4153
5097 4124
5098 4250
5099 4078
5100 4169
5101 4203
5102 4195
5103 4173
5104 4193
5105 4096
5106 4108
5107 4126
5108 4191
5109 4149
5110 4123
5111 4075
5112 4167
5113 4095
5114 4244
5115 4221
5116 4112
5117 4113
5118 4074
5119 4153
5120 4200
5121 4162
5122 4079
5123 4143
5124 4152
5125 4135
5126 4213
5127 4133
5128 4236
5129 4220
5130 4143
5131 4081
5132 4100
5133 5326
5134 5276
5135 5360
5136 5271
5137 4504
5138 4631
5139 4560
5140 5235
5141 5347
5142 4380
5143 5374
5144 5297
5145 5252
5146 5239
5147 5224
5148 4073
5149 5305
5150 5230
5151 5228
5152 4178
5153 5295
5154 5234
5155 5286
5156 4103
5157 5337
5158 5060
5159 5231
5160 4136
5161 5299
5162 5308
5163 5229
5164 4073
5165 5278
5166 5247
5167 5254
5168 4072
5169 5314
5170 5289
5171 5303
5172 5247
5173 5324
5174 4730
5175 5290
5176 5266
5177 5279
5178 5289
5179 5419
5180 5243
5181 5333
5182 5317
5183 5305
5184 4073
5185 4953
5186 5309
5187 5310
5188 4939
5189 4981
5190 5411
5191 5305
5192 5233
5193 5326
5194 5298
5195 5347
5196 4168
5197 5344
5198 5292
5199 5275
5200 4223
5201 5329
5202 4239
5203 5331
5204 4121
5205 5279
5206 5267
5207 5288
5208 4151
5209 4706
5210 5313
5211 4174
5212 4128
5213 4074
5214 5260
5215 5362
5216 4671
5217 4503
5218 5272
5219 4107
5220 5322
5221 4172
5222 5273
5223 5289
5224 4999
5225 5246
5226 5342
5227 5324
5228 4971
5229 5288
5230 5273
5231 5309
5232 4985
5233 5332
5234 5305
5235 5314
5236 5301
5237 5263
5238 5334
5239 5279
5240 5033
5241 5265
5242 4945
5243 5330
5244 5301
5245 5277
5246 4245
5247 4088
5248 5001
5249 5310
5250 5266
5251 5324
5252 5312
5253 4666
5254 5259
5255 5416
5256 5310
5257 5059
5258 5245
5259 5366
5260 4729
5261 5313
5262 5237
5263 5296
5264 5313
5265 5404
5266 5251
5267 5336
5268 4073
5269 5275
5270 4987
5271 5301
5272 5339
5273 5267
5274 5378
5275 5054
5276 5332
5277 5338
5278 4318
5279 5312
5280 5340
5281 4796
5282 5330
5283 4983
5284 5381
5285 5231
5286 5254
5287 5002
5288 5207
5289 5258
5290 4650
5291 4989
5292 5237
5293 5296
5294 5049
5295 5325
5296 4635
5297 5220
5298 5248
5299 5006
5300 5254
5301 5274
5302 5366
5303 4980
5304 5250
5305 5311
5306 5293
5307 5302
5308 5288
5309 5243
5310 5293
5311 5313
5312 5202
5313 5267
5314 5247
5315 5228
5316 5256
5317 5287
5318 5368
5319 4221
5320 5256
5321 5267
5322 5319
5323 4126
5324 4209
5325 4145
5326 4105
5327 4113
5328 4166
5329 4128
5330 4246
5331 4089
5332 4086
5333 4087
5334 4103
5335 4143
5336 4104
5337 4139
5338 4111
5339 4093
5340 4084
5341 4156
5342 4280
5343 4103
5344 5307
5345 4739
5346 5240
5347 5261
5348 5252
5349 5291
5350 5333
5351 5328
5352 5269
5353 4141
5354 5211
5355 5254
5356 4965
5357 5247
5358 4929
5359 5359
5360 5267
5361 5277
5362 5272
5363 5239
5364 5303
5365 5354
5366 5280
5367 5344
5368 5278
5369 5306
5370 5266
5371 5374
5372 5370
5373 5225
5374 5244
5375 5303
5376 4148
5377 4387
5378 5365
5379 5303
5380 4993
5381 5253
5382 5292
5383 5273
5384 5269
5385 5303
5386 5005
5387 5320
5388 5279
5389 5371
5390 5346
5391 5326
5392 5361
5393 5323
5394 5023
5395 5196
5396 5271
5397 5271
5398 4997
5399 5278
5400 5313
5401 5326
5402 4254
5403 5272
5404 5309
5405 4997
5406 5259
5407 5279
5408 5042
5409 5218
5410 5367
5411 5269
5412 5331
5413 4141
5414 5241
5415 5314
5416 5335
5417 4948
5418 5210
5419 5253
5420 5158
5421 5069
5422 5226
5423 4144
5424 4437
5425 5415
5426 5279
5427 5241
5428 5302
5429 5354
5430 5220
5431 4155
5432 4494
5433 5586
5434 5218
5435 4073
5436 4657
5437 5455
5438 5193
5439 4073
5440 4470
5441 4196
5442 4161
5443 4202
5444 4301
5445 4272
5446 4117
5447 4145
5448 4248
5449 5238
5450 4186
5451 4078
5452 4177
5453 4094
5454 4160
5455 4160
5456 4174
5457 4078
5458 4106
5459 4244
5460 4091
5461 4079
5462 4146
5463 4103
5464 4078
5465 4196
5466 4099
5467 4177
5468 4146
5469 4171
5470 4197
5471 4141
5472 4162
5473 4199
5474 4161
5475 4132
5476 4193
5477 4080
5478 4092
5479 4258
5480 5356
5481 5267
5482 4074
5483 4922
5484 5353
5485 4237
5486 4343
5487 5256
5488 5335
5489 4670
5490 5301
5491 4695
5492 5270
5493 5268
5494 5327
5495 5238
5496 5317
5497 5241
5498 5316
5499 5300
5500 5287
5501 4144
5502 4123
5503 4193
5504 4123
5505 4107
5506 4143
5507 4113
5508 5313
5509 5361
5510 4098
5511 4157
5512 4195
5513 4079
5514 4184
5515 4121
5516 4102
5517 4112
5518 4075
5519 4142
5520 4073
5521 4116
5522 4164
5523 4148
5524 4249
5525 4205
5526 4074
5527 4101
5528 4266
5529 4158
5530 4080
5531 4204
5532 4268
5533 4125
5534 4093
5535 4138
5536 4146
5537 4081
5538 4130
5539 4194
5540 4194
5541 4075
5542 4103
5543 4172
5544 4086
5545 5309
5546 4178
5547 5368
5548 5313
5549 4999
5550 5266
5551 5262
5552 5304
5553 4677
5554 4618
5555 5382
5556 5302
5557 4078
5558 5258
5559 5085
5560 5391
5561 5258
5562 5286
5563 4384
5564 5294
5565 5289
5566 4165
5567 5294
5568 5370
5569 5266
5570 5305
5571 5218
5572 5393
5573 5307
5574 5355
5575 5303
5576 5356
5577 5316
5578 5293
5579 5232
5580 5014
5581 5245
5582 5203
5583 4073
5584 4226
5585 4127
5586 4090
5587 4205
5588 4113
5589 4193
5590 4226
5591 4200
5592 4102
5593 4260
5594 4130
5595 4219
5596 4088
5597 4246
5598 4156
5599 4165
5600 4083
5601 4085
5602 4148
5603 4106
5604 4097
5605 4128
5606 4081
5607 4114
5608 4226
5609 4087
5610 4129
5611 4173
5612 4125
5613 4183
5614 5295
5615 5205
5616 5265
5617 5293
5618 5251
5619 5304
5620 5117
5621 5289
5622 5271
5623 5247
5624 4967
5625 5297
5626 5330
5627 5230
5628 5268
5629 5281
5630 5270
5631 4179
5632 5295
5633 5062
5634 5278
5635 5273
5636 5319
5637 4984
5638 5296
5639 5261
5640 4654
5641 5297
5642 4995
5643 5255
5644 5297
5645 5335
5646 4169
5647 5349
5648 5256
5649 5290
5650 4986
5651 5301
5652 5360
5653 5217
5654 5275
5655 4942
5656 5293
5657 5216
5658 5277
5659 5292
5660 5267
5661 4316
5662 5301
5663 5287
5664 4675
5665 4075
5666 4069
5667 5298
5668 5261
5669 5251
5670 5347
5671 4744
5672 5247
5673 4423
5674 5290
5675 4376
5676 5241
5677 5255
5678 4970
5679 5233
5680 5258
5681 4957
5682 5253
5683 4669
5684 4956
5685 5277
5686 4979
5687 5243
5688 5259
5689 4978
5690 5263
5691 5244
5692 5217
5693 5286
5694 4417
5695 5300
5696 5212
5697 5271
5698 5046
5699 5162
5700 5211
5701 5264
5702 5243
5703 4632
5704 5272
5705 5047
5706 5354
5707 5306
5708 5248
5709 4739
5710 5372
5711 5253
5712 5071
5713 5268
5714 5272
5715 5310
5716 5129
5717 5314
5718 5344
5719 4720
5720 5242
5721 5312
5722 4126
5723 4334
5724 5254
5725 4536
5726 5292
5727 5349
5728 4124
5729 5271
5730 5297
5731 4717
5732 5273
5733 5376
5734 5290
5735 5308
5736 5242
5737 5248
5738 5263
5739 5316
5740 4320
5741 5298
5742 5314
5743 4805
5744 5241
5745 4201
5746 4184
5747 4141
5748 5268
5749 4374
5750 5309
5751 5311
5752 4114
5753 4241
5754 4102
5755 4178
5756 4169
5757 4136
5758 4091
5759 4090
5760 4156
5761 4169
5762 4145
5763 4105
5764 4207
5765 4147
5766 4200
5767 4159
5768 4142
5769 4194
5770 4093
5771 4109
5772 4099
5773 4204
5774 4086
5775 4145
5776 4231
5777 4201
5778 4189
5779 4124
5780 4075
5781 4086
5782 4202
5783 4137
5784 4091
5785 4182
5786 4088
5787 4177
5788 4099
5789 4265
5790 4151
5791 4161
5792 4109
5793 4076
5794 5396
5795 5253
5796 5355
5797 5268
5798 5294
5799 5243
5800 5331
5801 5275
5802 5289
5803 5290
5804 5297
5805 5294
5806 5276
5807 5312
5808 5438
5809 5375
5810 5409
5811 5266
5812 5375
5813 5276
5814 5234
5815 4073
5816 5325
5817 5270
5818 5292
5819 4383
5820 5377
5821 5211
5822 4651
5823 5239
5824 5288
5825 5264
5826 4084
5827 4174
5828 4174
5829 4157
5830 4183
5831 4225
5832 4089
5833 4370
5834 4145
5835 4160
5836 4084
5837 4173
5838 4098
5839 4242
5840 4178
5841 4226
5842 4114
5843 4126
5844 4763
5845 5255
5846 5233
5847 4715
5848 5303
5849 5229
5850 5277
5851 4742
5852 5368
5853 5278
5854 5021
5855 5175
5856 5392
5857 5219
5858 5360
5859 4072
5860 4138
5861 4130
5862 4245
5863 4150
5864 4127
5865 4101
5866 4118
5867 4124
5868 4184
5869 4082
5870 4161
5871 4147
5872 4153
5873 4175
5874 4103
5875 4078
5876 4089
5877 4115
5878 4110
5879 4119
5880 5340
5881 5309
5882 5319
5883 5243
5884 5350
5885 5293
5886 5292
5887 5306
5888 5301
5889 5362
5890 5270
5891 5329
5892 5275
5893 4186
5894 4094
5895 4076
5896 4837
5897 5249
5898 5387
5899 5313
5900 4294
5901 5245
5902 5247
5903 5270
5904 5054
5905 5205
5906 5216
5907 5252
5908 4105
5909 4783
5910 5286
5911 5310
5912 5247
5913 5305
5914 4822
5915 5321
5916 5255
5917 5287
5918 4444
5919 5320
5920 5256
5921 5302
5922 4981
5923 5400
5924 5298
5925 5017
5926 4074
5927 4685
5928 5234
5929 4073
5930 4196
5931 4753
5932 5296
5933 4068
5934 5311
5935 4359
5936 5277
5937 4192
5938 4071
5939 4809
5940 4122
5941 4072
5942 4140
5943 5088
5944 5234
5945 4128
5946 4138
5947 5429
5948 5213
5949 4087
5950 4136
5951 5428
5952 5240
5953 4186
5954 4172
5955 5449
5956 5227
5957 4109
5958 4071
5959 5298
5960 4072
5961 4072
5962 4078
5963 5341
5964 4086
5965 4119
5966 4409
5967 4088
5968 4198
5969 4227
5970 4659
5971 5308
5972 4098
5973 4073
5974 4343
5975 5368
5976 5246
5977 5241
5978 5257
5979 5399
5980 5279
5981 5228
5982 5304
5983 5404
5984 5280
5985 4072
5986 4762
5987 5375
5988 5260
5989 5241
5990 5373
5991 5373
5992 5256
5993 4185
5994 5287
5995 5296
5996 4135
5997 4073
5998 4984
5999 5343
6000 4127
6001 5224
6002 5313
6003 5416
6004 5221
6005 4243
6006 4679
6007 5390
6008 5000
6009 5227
6010 4685
6011 5249
6012 5342
6013 4073
6014 5048
6015 5302
6016 5332
6017 4163
6018 4682
6019 5025
6020 5309
6021 5357
6022 4101
6023 4123
6024 4327
6025 4171
6026 4121
6027 4074
6028 4139
6029 4174
6030 4216
6031 4149
6032 4193
6033 4136
6034 4109
6035 4098
6036 4142
6037 4197
6038 4130
6039 4165
6040 4197
6041 4100
6042 4189
6043 4155
6044 4322
6045 4154
6046 5278
6047 5238
6048 5353
6049 4134
6050 5288
6051 4153
6052 4976
6053 5229
6054 4205
6055 4153
6056 4192
6057 4145
6058 4106
6059 4104
6060 4182
6061 5306
6062 4074
6063 5272
6064 4407
6065 5342
6066 5280
6067 4974
6068 5219
6069 5335
6070 4071
6071 5336
6072 4412
6073 5288
6074 4635
6075 5301
6076 4085
6077 5309
6078 5293
6079 5321
6080 5276
6081 5411
6082 5250
6083 5293
6084 4073
6085 5279
6086 5232
6087 5314
6088 4124
6089 4973
6090 5291
6091 5318
6092 5237
6093 4146
6094 4140
6095 4107
6096 4077
6097 4095
6098 4211
6099 4088
6100 4109
6101 4102
6102 5221
6103 5234
6104 4342
6105 5280
6106 4700
6107 5227
6108 4071
6109 5321
6110 5262
6111 5253
6112 4086
6113 5289
6114 4634
6115 5238
6116 5221
6117 5369
6118 4341
6119 5261
6120 4071
6121 5368
6122 4347
6123 5234
6124 5222
6125 5374
6126 5275
6127 5238
6128 5248
6129 5387
6130 5246
6131 5231
6132 4072
6133 4784
6134 5248
6135 5286
6136 4168
6137 4853
6138 5289
6139 5290
6140 4075
6141 5390
6142 5220
6143 5309
6144 4234
6145 4186
6146 4262
6147 4146
6148 4129
6149 4254
6150 4252
6151 4133
6152 4134
6153 4153
6154 4143
6155 4134
6156 4100
6157 4102
6158 4141
6159 4172
6160 4154
6161 4139
6162 4099
6163 4094
6164 4075
6165 4074
6166 4234
6167 4199
6168 4081
6169 4101
6170 4113
6171 4101
6172 4427
6173 4108
6174 4211
6175 4159
6176 4089
6177 4134
6178 4325
6179 4125
6180 4208
6181 4109
6182 4110
6183 4093
6184 4235
6185 4143
6186 4200
6187 4087
6188 4074
6189 5244
6190 5215
6191 4490
6192 5274
6193 5213
6194 5190
6195 5204
6196 5268
6197 5259
6198 5269
6199 4187
6200 5295
6201 5268
6202 4983
6203 5235
6204 5287
6205 5268
6206 5292
6207 4073
6208 5256
6209 5338
6210 4978
6211 5206
6212 5280
6213 4976
6214 5266
6215 5250
6216 5055
6217 5311
6218 5274
6219 5242
6220 4995
6221 5262
6222 5241
6223 4123
6224 4156
6225 5320
6226 5046
6227 5356
6228 5274
6229 5306
6230 5366
6231 5246
6232 5219
6233 4178
6234 4232
6235 4159
6236 4155
6237 4149
6238 4077
6239 4133
6240 5377
6241 5300
6242 5425
6243 5226
6244 5390
6245 5440
6246 5241
6247 5302
6248 5329
6249 5368
6250 5233
6251 5239
6252 5302
6253 5366
6254 5327
6255 5307
6256 5314
6257 5369
6258 5255
6259 5270
6260 5309
6261 5370
6262 5309
6263 5203
6264 5435
6265 5387
6266 5339
6267 5289
6268 4173
6269 4699
6270 4074
6271 5288
6272 5345
6273 5290
6274 4186
6275 5302
6276 5018
6277 5291
6278 5243
6279 4842
6280 5299
6281 5334
6282 5230
6283 5313
6284 5051
6285 5255
6286 4337
6287 5308
6288 5219
6289 5325
6290 4616
6291 5274
6292 4461
6293 5309
6294 4072
6295 4660
6296 5221
6297 5290
6298 4914
6299 4136
6300 5336
6301 5326
6302 4072
6303 4743
6304 5166
6305 5287
6306 4123
6307 4656
6308 5191
6309 5258
6310 4921
6311 4538
6312 5212
6313 5332
6314 5239
6315 5332
6316 5205
6317 5302
6318 5226
6319 4072
6320 4127
6321 5360
6322 5218
6323 5196
6324 5264
6325 4969
6326 5251
6327 4072
6328 5326
6329 5038
6330 5279
6331 5211
6332 5259
6333 4654
6334 5256
6335 4074
6336 4081
6337 4125
6338 4225
6339 5333
6340 4128
6341 4082
6342 5340
6343 5378
6344 4068
6345 5273
6346 5225
6347 5300
6348 4231
6349 4195
6350 5248
6351 5420
6352 5224
6353 4097
6354 4765
6355 5338
6356 5274
6357 4273
6358 5280
6359 4091
6360 4114
6361 4161
6362 4076
6363 4080
6364 4125
6365 4108
6366 4116
6367 4168
6368 4301
6369 4153
6370 4103
6371 4109
6372 4106
6373 4186
6374 4142
6375 4194
6376 4151
6377 4074
6378 4235
6379 4106
6380 5377
6381 5341
6382 5322
6383 5295
6384 5243
6385 5425
6386 5258
6387 5307
6388 5330
6389 5291
6390 5230
6391 5287
6392 5355
6393 5298
6394 4071
6395 5233
6396 4976
6397 5296
6398 5240
6399 5279
6400 5009
6401 5355
6402 5256
6403 5230
6404 4680
6405 5310
6406 5253
6407 5291
6408 4082
6409 4216
6410 4197
6411 4142
6412 4268
6413 4145
6414 4078
6415 4167
6416 4155
6417 4145
6418 4078
6419 4249
6420 4089
6421 4223
6422 4144
6423 4166
6424 4080
6425 4173
6426 4176
6427 4261
6428 4129
6429 4248
6430 4105
6431 4082
6432 4076
6433 4101
6434 4225
6435 4091
6436 4122
6437 4258
6438 4170
6439 4309
6440 4095
6441 4076
6442 4151
6443 4232
6444 4222
6445 4169
6446 4215
6447 4142
6448 4135
6449 4105
6450 4124
6451 4181
6452 4314
6453 4194
6454 4108
6455 4271
6456 4138
6457 4097
6458 4152
6459 4207
6460 4151
6461 4131
6462 4212
6463 4113
6464 4190
6465 4104
6466 4146
6467 4165
6468 4140
6469 4077
6470 4138
6471 4143
6472 4238
6473 4083
6474 4183
6475 4096
6476 4145
6477 4104
6478 4181
6479 4153
6480 4075
6481 4121
6482 4160
6483 4143
6484 4128
6485 4188
6486 4321
6487 4351
6488 5260
6489 4125
6490 4183
6491 4175
6492 4120
6493 4149
6494 4172
6495 4369
6496 5462
6497 5242
6498 5231
6499 5239
6500 5365
6501 5239
6502 5273
6503 5209
6504 5294
6505 5370
6506 5342
6507 5310
6508 5408
6509 5336
6510 5358
6511 5567
6512 5506
6513 5292
6514 5304
6515 5362
6516 5384
6517 5635
6518 5324
6519 5260
6520 5404
6521 5210
6522 5338
6523 5215
6524 5354
6525 5367
6526 5333
6527 5209
6528 5051
6529 5250
6530 5291
6531 4149
6532 5457
6533 5272
6534 5322
6535 4167
6536 5394
6537 5254
6538 5202
6539 5252
6540 5100
6541 5330
6542 4345
6543 5265
6544 4819
6545 5292
6546 4167
6547 5342
6548 5315
6549 5235
6550 4985
6551 5262
6552 5341
6553 5277
6554 5001
6555 5220
6556 5287
6557 5323
6558 5001
6559 5253
6560 5289
6561 5292
6562 4378
6563 5292
6564 5315
6565 5300
6566 4950
6567 5273
6568 5311
6569 5288
6570 4277
6571 5332
6572 5260
6573 5297
6574 5277
6575 5235
6576 4356
6577 5292
6578 5241
6579 5260
6580 5253
6581 5370
6582 5272
6583 5251
6584 4091
6585 4998
6586 5230
6587 5220
6588 4345
6589 5257
6590 5216
6591 4614
6592 5209
6593 5289
6594 5256
6595 5259
6596 5215
6597 5273
6598 5237
6599 5273
6600 4127
6601 5207
6602 5254
6603 4147
6604 5312
6605 5238
6606 5219
6607 5273
6608 5215
6609 5287
6610 5287
6611 4960
6612 5202
6613 4950
6614 5256
6615 5243
6616 5198
6617 5289
6618 5260
6619 5236
6620 5288
6621 4749
6622 5258
6623 5329
6624 5207
6625 4347
6626 5266
6627 5270
6628 4128
6629 4078
6630 5338
6631 5324
6632 5199
6633 4074
6634 5269
6635 5260
6636 5193
6637 4154
6638 5250
6639 5269
6640 4794
6641 5270
6642 5375
6643 5224
6644 5248
6645 4905
6646 5309
6647 5241
6648 5278
6649 4686
6650 5310
6651 5271
6652 5274
6653 5163
6654 5358
6655 5205
6656 5264
6657 4137
6658 5322
6659 4413
6660 5267
6661 4092
6662 5342
6663 5230
6664 5265
6665 4072
6666 5316
6667 5301
6668 5056
6669 5210
6670 4614
6671 5221
6672 5273
6673 5261
6674 4987
6675 5270
6676 4630
6677 4128
6678 4971
6679 5274
6680 4147
6681 5242
6682 5475
6683 5281
6684 5251
6685 5337
6686 5269
6687 5349
6688 4602
6689 5201
6690 5232
6691 5249
6692 5289
6693 5259
6694 4360
6695 4244
6696 4160
6697 4091
6698 4178
6699 4108
6700 4096
6701 4181
6702 4100
6703 4148
6704 4184
6705 4142
6706 4206
6707 5254
6708 5232
6709 5239
6710 5242
6711 5270
6712 5273
6713 5278
6714 5289
6715 5287
6716 5298
6717 5453
6718 5264
6719 5302
6720 5261
6721 4218
6722 5279
6723 5319
6724 5327
6725 5249
6726 5267
6727 5302
6728 5303
6729 5313
6730 5294
6731 5262
6732 5300
6733 5244
6734 5294
6735 5296
6736 5363
6737 5424
6738 5270
6739 5335
6740 5351
6741 5334
6742 5331
6743 5356
6744 5429
6745 5228
6746 4932
6747 5367
6748 5243
6749 5321
6750 5339
6751 4161
6752 4147
6753 4145
6754 4128
6755 5327
6756 5382
6757 4992
6758 4238
6759 5315
6760 5114
6761 5233
6762 4122
6763 5238
6764 5297
6765 5310
6766 4186
6767 5026
6768 5342
6769 5301
6770 4172
6771 4747
6772 5288
6773 4325
6774 5236
6775 5250
6776 5347
6777 5247
6778 5223
6779 5246
6780 5303
6781 4701
6782 5296
6783 5251
6784 5330
6785 4071
6786 4352
6787 5246
6788 5358
6789 4101
6790 4223
6791 5338
6792 5245
6793 4134
6794 4214
6795 4204
6796 4100
6797 4084
6798 4139
6799 4256
6800 4220
6801 4119
6802 4104
6803 4178
6804 4192
6805 4140
6806 4120
6807 4186
6808 4161
6809 4094
6810 4120
6811 4098
6812 4091
6813 4112
6814 4101
6815 4085
6816 4079
6817 4093
6818 4107
6819 4225
6820 4122
6821 4123
6822 4155
6823 4216
6824 4087
6825 4210
6826 4263
6827 4176
6828 4129
6829 4082
6830 4087
6831 4113
6832 4094
6833 4146
6834 4174
6835 4158
6836 4180
6837 4319
6838 4138
6839 4199
6840 4100
6841 4091
6842 4208
6843 4136
6844 4081
6845 4238
6846 4142
6847 4094
6848 4106
6849 4151
6850 4092
6851 4118
6852 4176
6853 4202
6854 4170
6855 4098
6856 4118
6857 4212
6858 4183
6859 4153
6860 4173
6861 4170
6862 4132
6863 4094
6864 4117
6865 4078
6866 4157
6867 4076
6868 4093
6869 4113
6870 4170
6871 4209
6872 4084
6873 5248
6874 5261
6875 5251
6876 5229
6877 4964
6878 5254
6879 5223
6880 5210
6881 5310
6882 5247
6883 4074
6884 5264
6885 4956
6886 5266
6887 5255
6888 5252
6889 4346
6890 5255
6891 5164
6892 5221
6893 4969
6894 5258
6895 5301
6896 5321
6897 4764
6898 5263
6899 5204
6900 5259
6901 4079
6902 5255
6903 4073
6904 5274
6905 4126
6906 5268
6907 4187
6908 5271
6909 5218
6910 5292
6911 5316
6912 4635
6913 5259
6914 5250
6915 5254
6916 4188
6917 5338
6918 5294
6919 4741
6920 4192
6921 5288
6922 4622
6923 5261
6924 5246
6925 4332
6926 5224
6927 5342
6928 4653
6929 5029
6930 5198
6931 5296
6932 4115
6933 5303
6934 5272
6935 4143
6936 4097
6937 4101
6938 5333
6939 5315
6940 5289
6941 5205
6942 5293
6943 5055
6944 5322
6945 4705
6946 4997
6947 5340
6948 4236
6949 5242
6950 5316
6951 5215
6952 5198
6953 5122
6954 5338
6955 5208
6956 5203
6957 5276
6958 5287
6959 4977
6960 5207
6961 5229
6962 5225
6963 4936
6964 5209
6965 5370
6966 5315
6967 5280
6968 4769
6969 4990
6970 5310
6971 5264
6972 4964
6973 5291
6974 4119
6975 5267
6976 4315
6977 4974
6978 5288
6979 5300
6980 4088
6981 4666
6982 5291
6983 5266
6984 5247
6985 4081
6986 5245
6987 5334
6988 5257
6989 4199
6990 4800
6991 5280
6992 4070
6993 4071
6994 5456
6995 5469
6996 5209
6997 4071
6998 5328
6999 5334
7000 4166
7001 4141
7002 4988
7003 5342
7004 5210
7005 4242
7006 4994
7007 5349
7008 5210
7009 4072
7010 4656
7011 5336
7012 5217
7013 5220
7014 4129
7015 5313
7016 5258
7017 4703
7018 4091
7019 5241
7020 5278
7021 4085
7022 4073
7023 5326
7024 5380
7025 5204
7026 4091
7027 5486
7028 5233
7029 4134
7030 4110
7031 5270
7032 5268
7033 4072
7034 4184
7035 5343
7036 5318
7037 5218
7038 4166
7039 5243
7040 5389
7041 5246
7042 4167
7043 5230
7044 5225
7045 5203
7046 4099
7047 4138
7048 4194
7049 4192
7050 4118
7051 4175
7052 4165
7053 4117
7054 4089
7055 4185
7056 4129
7057 4096
7058 4128
7059 4087
7060 4152
7061 4124
7062 4082
7063 4202
7064 4102
7065 4102
7066 4206
7067 4184
7068 4142
7069 4098
7070 4149
7071 4087
7072 4074
7073 4114
7074 4130
7075 4180
7076 4925
7077 5355
7078 4994
7079 5313
7080 5298
7081 4185
7082 5286
7083 4931
7084 5300
7085 4139
7086 5221
7087 4130
7088 4109
7089 4141
7090 4217
7091 4152
7092 4173
7093 4258
7094 4101
7095 4143
7096 4122
7097 4164
7098 4103
7099 4106
7100 4197
7101 4206
7102 4085
7103 4243
7104 4164
7105 4214
7106 4093
7107 4124
7108 4104
7109 4195
7110 4092
7111 4090
7112 4365
7113 4174
7114 4287
7115 4217
7116 4084
7117 4213
7118 4081
7119 4201
7120 4162
7121 4177
7122 4266
7123 4253
7124 4126
7125 4129
7126 4102
7127 4166
7128 4196
7129 4125
7130 4215
7131 4117
7132 4090
7133 4088
7134 4246
7135 4181
7136 4125
7137 4176
7138 4197
7139 4088
7140 4151
7141 4155
7142 4140
7143 4181
7144 4208
7145 4150
7146 4074
7147 4115
7148 4106
7149 4122
7150 4144
7151 4080
7152 4103
7153 4124
7154 4165
7155 4132
7156 4119
7157 4125
7158 4080
7159 4164
7160 4182
7161 4101
7162 4176
7163 4174
7164 4163
7165 4193
7166 4240
7167 4132
7168 4125
7169 4112
7170 4228
7171 5346
7172 4073
7173 5028
7174 5320
7175 5316
7176 4689
7177 5264
7178 5239
7179 5274
7180 4279
7181 5223
7182 5340
7183 5225
7184 4168
7185 5404
7186 5360
7187 5246
7188 4136
7189 5271
7190 5319
7191 5245
7192 4621
7193 5047
7194 5254
7195 5357
7196 5219
7197 5293
7198 4950
7199 5267
7200 4168
7201 4739
7202 5230
7203 5280
7204 4179
7205 4958
7206 5313
7207 5269
7208 5199
7209 5267
7210 5251
7211 5279
7212 4169
7213 4994
7214 5214
7215 5323
7216 4193
7217 5294
7218 4136
7219 5335
7220 5276
7221 4972
7222 5243
7223 5335
7224 5221
7225 5269
7226 5344
7227 5256
7228 4230
7229 5277
7230 5241
7231 5237
7232 4073
7233 4654
7234 4346
7235 4207
7236 4227
7237 4146
7238 4219
7239 5353
7240 4993
7241 5275
7242 5261
7243 5331
7244 5296
7245 5370
7246 4472
7247 5320
7248 5229
7249 5291
7250 4942
7251 4654
7252 5220
7253 4987
7254 5357
7255 4234
7256 5274
7257 5373
7258 5247
7259 5242
7260 5229
7261 5344
7262 5290
7263 4952
7264 5412
7265 5021
7266 5244
7267 4187
7268 5301
7269 4106
7270 4156
7271 4254
7272 4146
7273 4117
7274 4206
7275 4173
7276 5384
7277 5217
7278 5226
7279 5275
7280 5377
7281 5254
7282 5252
7283 5261
7284 5382
7285 5247
7286 5255
7287 5559
7288 5357
7289 5425
7290 5341
7291 5356
7292 5449
7293 5352
7294 5233
7295 5401
7296 4240
7297 4106
7298 4132
7299 4200
7300 5310
7301 4491
7302 5263
7303 4684
7304 4749
7305 5239
7306 5247
7307 4074
7308 4143
7309 5322
7310 4926
7311 4970
7312 4136
7313 5274
7314 5344
7315 5276
7316 4608
7317 5209
7318 5306
7319 4931
7320 5205
7321 5264
7322 4236
7323 4840
7324 5224
7325 5292
7326 5274
7327 5293
7328 4072
7329 4674
7330 5265
7331 4962
7332 5254
7333 4331
7334 5229
7335 5377
7336 5236
7337 4411
7338 5322
7339 4104
7340 4097
7341 4173
7342 4116
7343 4154
7344 4255
7345 4099
7346 4108
7347 4264
7348 4240
7349 4079
7350 4145
7351 4125
7352 4241
7353 4091
7354 4091
7355 4088
7356 4101
7357 4114
7358 4093
7359 4164
7360 4581
7361 5194
7362 5291
7363 4073
7364 5389
7365 5454
7366 4727
7367 4073
7368 5272
7369 5219
7370 5327
7371 5231
7372 5252
7373 5210
7374 4654
7375 4913
7376 5238
7377 5255
7378 5250
7379 5271
7380 5232
7381 5252
7382 4491
7383 5299
7384 5334
7385 4639
7386 5343
7387 4113
7388 5276
7389 5274
7390 5030
7391 5313
7392 5226
7393 5038
7394 5258
7395 4714
7396 5223
7397 5249
7398 5277
7399 4073
7400 5216
7401 5270
7402 5306
7403 4638
7404 5321
7405 5292
7406 4398
7407 5263
7408 4955
7409 5292
7410 5263
7411 4295
7412 5362
7413 5275
7414 4731
7415 5190
7416 5323
7417 5325
7418 4142
7419 4082
7420 4206
7421 5281
7422 4089
7423 4981
7424 5276
7425 4231
7426 4158
7427 4136
7428 4142
7429 4097
7430 4131
7431 4139
7432 4177
7433 4168
7434 4091
7435 4224
7436 4220
7437 4321
7438 4116
7439 4099
7440 4185
7441 4090
7442 4144
7443 4080
7444 4074
7445 4181
7446 4159
7447 4239
7448 4130
7449 4146
7450 4307
7451 4115
7452 4184
7453 4773
7454 5540
7455 5303
7456 5196
7457 5371
7458 5291
7459 5357
7460 5295
7461 5358
7462 5223
7463 5403
7464 5280
7465 4957
7466 4075
7467 5312
7468 5237
7469 5370
7470 5220
7471 5307
7472 5247
7473 5392
7474 5270
7475 5367
7476 4074
7477 4692
7478 5244
7479 5302
7480 5230
7481 4226
7482 4097
7483 4177
7484 4112
7485 4195
7486 4232
7487 4140
7488 4112
7489 4235
7490 5167
7491 5225
7492 4098
7493 5227
7494 5265
7495 4168
7496 5319
7497 5313
7498 5290
7499 4459
7500 4586
7501 5249
7502 5263
7503 5212
7504 4980
7505 5240
7506 5289
7507 4073
7508 5292
7509 5276
7510 5309
7511 5241
7512 5232
7513 4645
7514 5257
7515 4073
7516 5318
7517 5234
7518 4796
7519 4073
7520 5269
7521 5159
7522 4121
7523 5250
7524 4950
7525 5204
7526 5272
7527 4130
7528 5217
7529 4985
7530 5268
7531 4939
7532 5237
7533 4318
7534 5278
7535 5270
7536 5308
7537 5247
7538 5031
7539 5263
7540 5305
7541 5093
7542 5271
7543 4639
7544 5287
7545 5249
7546 5008
7547 5265
7548 5358
7549 5223
7550 5257
7551 4093
7552 5270
7553 5286
7554 4637
7555 5239
7556 5291
7557 5219
7558 5296
7559 5219
7560 5053
7561 4417
7562 5280
7563 5219
7564 5245
7565 5254
7566 4115
7567 5247
7568 4910
7569 5276
7570 4990
7571 4083
7572 4738
7573 5239
7574 5311
7575 5323
7576 5278
7577 5240
7578 5340
7579 4072
7580 5320
7581 5260
7582 5013
7583 4332
7584 5376
7585 5289
7586 5005
7587 5295
7588 5337
7589 5316
7590 5296
7591 5206
7592 5389
7593 5288
7594 4225
7595 4179
7596 5300
7597 4966
7598 5215
7599 5330
7600 5268
7601 5274
7602 5222
7603 4674
7604 4688
7605 5261
7606 5224
7607 4468
7608 5277
7609 5360
7610 4922
7611 5264
7612 5361
7613 5199
7614 5209
7615 4135
7616 5315
7617 5280
7618 5288
7619 4147
7620 5238
7621 4983
7622 5253
7623 5280
7624 4809
7625 4108
7626 4135
7627 4093
7628 4195
7629 4152
7630 4175
7631 4309
7632 4158
7633 4153
7634 4109
7635 4155
7636 4096
7637 4105
7638 4258
7639 4183
7640 4161
7641 4215
7642 4138
7643 4198
7644 4120
7645 4094
7646 4213
7647 4304
7648 4134
7649 4117
7650 4105
7651 5351
7652 5253
7653 5310
7654 5319
7655 5355
7656 5230
7657 5298
7658 5333
7659 5530
7660 5310
7661 5398
7662 5406
7663 5366
7664 5410
7665 5259
7666 5280
7667 5299
7668 5395
7669 5205
7670 5354
7671 5302
7672 5243
7673 5303
7674 5275
7675 5344
7676 5481
7677 5319
7678 5343
7679 5319
7680 5314
7681 5294
7682 5301
7683 5450
7684 5318
7685 5288
7686 5336
7687 5306
7688 5290
7689 4088
7690 4533
7691 5241
7692 5301
7693 4686
7694 5338
7695 5325
7696 5183
7697 4218
7698 5237
7699 5233
7700 5215
7701 4073
7702 5251
7703 5559
7704 5275
7705 5187
7706 5274
7707 4410
7708 5275
7709 5207
7710 5326
7711 5322
7712 5251
7713 4072
7714 5354
7715 5248
7716 5211
7717 4071
7718 5016
7719 5243
7720 5257
7721 4237
7722 4690
7723 5204
7724 4677
7725 5225
7726 5367
7727 5238
7728 5270
7729 5235
7730 5349
7731 5272
7732 5256
7733 4084
7734 5052
7735 5300
7736 5306
7737 4242
7738 5265
7739 5269
7740 5231
7741 4188
7742 5330
7743 5342
7744 5235
7745 4073
7746 5227
7747 5334
7748 5260
7749 5262
7750 5286
7751 4221
7752 5287
7753 5069
7754 5293
7755 5221
7756 4816
7757 4337
7758 5292
7759 5321
7760 4073
7761 5242
7762 5059
7763 5223
7764 4187
7765 5239
7766 5024
7767 5200
7768 4173
7769 5237
7770 5336
7771 5205
7772 4086
7773 5254
7774 5319
7775 4927
7776 5193
7777 5259
7778 5330
7779 4945
7780 5220
7781 5251
7782 4984
7783 5254
7784 4073
7785 4947
7786 5415
7787 5258
7788 5211
7789 4571
7790 5310
7791 5354
7792 4114
7793 4141
7794 5189
7795 5213
7796 4292
7797 4131
7798 5276
7799 5338
7800 4679
7801 4123
7802 5218
7803 4494
7804 5225
7805 4175
7806 5248
7807 4167
7808 5296
7809 4146
7810 5298
7811 5394
7812 4116
7813 5374
7814 4114
7815 5384
7816 4621
7817 5331
7818 5254
7819 5394
7820 4068
7821 4693
7822 4539
7823 5366
7824 5265
7825 4404
7826 5215
7827 5144
7828 5290
7829 4433
7830 5239
7831 5362
7832 5240
7833 4077
7834 5309
7835 5381
7836 4958
7837 5214
7838 5251
7839 5434
7840 5231
7841 4124
7842 5313
7843 5336
7844 4218
7845 5295
7846 5263
7847 5289
7848 5303
7849 4072
7850 5271
7851 5250
7852 5280
7853 4072
7854 5295
7855 5278
7856 5301
7857 5337
7858 5356
7859 4974
7860 5294
7861 4121
7862 5293
7863 5001
7864 5297
7865 5259
7866 5306
7867 5020
7868 5373
7869 5302
7870 5305
7871 4987
7872 5328
7873 5277
7874 5296
7875 5262
7876 5273
7877 4140
7878 4928
7879 5291
7880 5310
7881 5227
7882 5326
7883 5330
7884 5235
7885 5207
7886 5229
7887 5241
7888 5275
7889 4080
7890 5211
7891 5268
7892 4183
7893 5198
7894 5224
7895 5276
7896 4969
7897 5214
7898 5260
7899 4997
7900 5279
7901 5315
7902 4966
7903 5259
7904 5232
7905 5197
7906 5241
7907 4415
7908 5230
7909 4922
7910 5297
7911 5219
7912 5208
7913 5191
7914 4076
7915 5266
7916 5253
7917 5278
7918 4114
7919 5327
7920 5245
7921 5288
7922 4223
7923 5256
7924 4939
7925 5262
7926 4941
7927 5369
7928 5373
7929 4971
7930 5221
7931 5312
7932 4994
7933 5271
7934 5313
7935 4981
7936 5274
7937 5308
7938 4152
7939 5322
7940 4368
7941 5274
7942 5342
7943 5002
7944 5237
7945 5326
7946 5217
7947 5327
7948 4150
7949 5352
7950 5032
7951 5292
7952 5304
7953 5227
7954 5062
7955 5234
7956 5259
7957 4099
7958 5296
7959 5279
7960 4986
7961 5327
7962 4355
7963 5227
7964 5316
7965 5222
7966 4179
7967 5255
7968 4666
7969 5368
7970 4116
7971 4289
7972 4658
7973 4180
7974 4124
7975 5306
7976 4726
7977 5296
7978 5319
7979 4177
7980 4245
7981 4117
7982 4097
7983 4124
7984 4214
7985 4154
7986 4178
7987 4279
7988 4141
7989 4131
7990 4079
7991 4087
7992 4103
7993 4169
7994 4149
7995 4078
7996 4089
7997 4086
7998 4202
7999 4106
8000 4126
8001 4117
8002 4128
8003 4088
8004 4129
8005 4176
8006 4130
8007 4231
8008 4151
8009 4080
8010 4082
8011 4169
8012 4314
8013 4160
8014 5317
8015 5271
8016 5334
8017 5330
8018 5305
8019 5304
8020 5001
8021 5303
8022 5331
8023 4440
8024 5344
8025 5299
8026 4720
8027 5261
8028 5238
8029 5314
8030 4421
8031 5221
8032 4179
8033 4101
8034 4256
8035 4238
8036 4129
8037 4143
8038 4151
8039 4097
8040 4176
8041 4150
8042 4175
8043 4256
8044 4142
8045 4293
8046 4123
8047 4132
8048 4150
8049 4211
8050 4080
8051 4091
8052 4125
8053 4125
8054 4356
8055 5224
8056 5241
8057 4346
8058 5316
8059 5277
8060 5347
8061 4141
8062 5252
8063 5240
8064 5241
8065 4146
8066 5255
8067 4143
8068 5290
8069 4345
8070 5323
8071 5274
8072 5280
8073 4962
8074 5238
8075 5233
8076 5279
8077 4147
8078 5280
8079 5285
8080 5020
8081 5238
8082 5296
8083 5314
8084 5293
8085 5244
8086 5292
8087 5296
8088 4984
8089 5245
8090 5302
8091 5319
8092 5211
8093 4272
8094 5277
8095 5330
8096 4749
8097 5209
8098 5287
8099 5262
8100 5226
8101 4073
8102 4652
8103 4403
8104 5303
8105 5219
8106 4084
8107 5310
8108 5294
8109 4071
8110 4650
8111 5260
8112 5353
8113 4110
8114 4234
8115 5292
8116 5341
8117 4072
8118 4080
8119 5309
8120 5291
8121 4928
8122 4139
8123 5321
8124 5364
8125 4937
8126 4086
8127 5297
8128 4626
8129 5204
8130 4074
8131 5243
8132 4942
8133 5296
8134 4500
8135 5266
8136 5311
8137 5244
8138 4405
8139 5209
8140 5257
8141 5330
8142 4330
8143 5285
8144 5268
8145 5235
8146 5221
8147 5222
8148 5292
8149 5327
8150 5085
8151 5216
8152 5184
8153 5202
8154 4733
8155 5223
8156 5299
8157 5261
8158 5089
8159 5199
8160 5459
8161 5006
8162 5301
8163 5265
8164 5299
8165 4069
8166 5192
8167 5183
8168 5285
8169 4073
8170 5235
8171 5241
8172 5002
8173 5260
8174 5223
8175 4947
8176 5295
8177 5262
8178 4670
8179 5257
8180 4957
8181 5251
8182 4073
8183 5257
8184 4340
8185 5273
8186 4933
8187 5376
8188 4349
8189 5353
8190 5243
8191 4697
8192 5212
8193 5305
8194 5287
8195 5262
8196 4175
8197 5288
8198 5192
8199 5259
8200 4129
8201 5245
8202 5249
8203 5255
8204 4087
8205 4987
8206 5268
8207 4957
8208 5194
8209 4911
8210 5256
8211 5269
8212 4130
8213 5451
8214 4968
8215 5276
8216 5290
8217 5345
8218 4665
8219 5267
8220 5232
8221 5297
8222 4367
8223 5260
8224 5275
8225 5346
8226 5092
8227 5403
8228 5249
8229 5290
8230 5258
8231 5294
8232 5273
8233 4334
8234 5257
8235 5268
8236 5272
8237 4977
8238 5286
8239 5312
8240 5291
8241 5327
8242 5118
8243 5249
8244 5240
8245 5307
8246 4970
8247 5231
8248 5346
8249 5267
8250 4361
8251 5274
8252 5281
8253 4667
8254 5318
8255 5236
8256 5095
8257 5204
8258 5304
8259 5251
8260 5316
8261 5262
8262 5304
8263 4955
8264 4082
8265 4140
8266 5309
8267 5269
8268 4079
8269 5240
8270 5388
8271 4962
8272 5243
8273 5259
8274 4166
8275 4176
8276 4108
8277 4075
8278 4127
8279 4122
8280 4090
8281 4114
8282 4152
8283 4151
8284 4397
8285 4102
8286 4305
8287 4151
8288 4166
8289 4157
8290 4087
8291 4310
8292 4171
8293 4198
8294 4078
8295 5211
8296 5220
8297 4399
8298 5207
8299 5191
8300 5255
8301 4800
8302 5261
8303 4147
8304 4136
8305 4086
8306 4119
8307 4154
8308 4187
8309 4076
8310 4205
8311 4106
8312 4091
8313 4081
8314 4172
8315 4157
8316 4092
8317 4142
8318 4158
8319 4216
8320 4172
8321 4147
8322 4240
8323 4090
8324 4167
8325 4542
8326 5244
8327 5310
8328 5269
8329 5361
8330 5220
8331 5297
8332 5274
8333 5329
8334 5329
8335 5312
8336 5382
8337 5361
8338 5287
8339 5319
8340 5412
8341 5397
8342 5299
8343 5281
8344 5288
8345 5351
8346 5236
8347 5273
8348 5219
8349 5300
8350 5272
8351 5365
8352 5363
8353 5445
8354 5296
8355 5276
8356 5224
8357 5431
8358 5338
8359 5262
8360 5269
8361 5399
8362 5223
8363 5311
8364 5187
8365 5289
8366 5254
8367 5288
8368 5214
8369 5353
8370 5322
8371 5342
8372 5348
8373 5349
8374 5298
8375 5295
8376 5353
8377 5376
8378 5348
8379 5295
8380 5219
8381 5205
8382 4132
8383 5209
8384 4586
8385 5378
8386 4316
8387 5250
8388 4155
8389 5255
8390 4072
8391 5337
8392 4367
8393 5317
8394 4125
8395 5295
8396 5334
8397 4912
8398 5188
8399 5223
8400 5309
8401 5270
8402 4112
8403 5217
8404 4740
8405 5224
8406 5200
8407 5271
8408 5073
8409 5289
8410 5233
8411 5289
8412 4130
8413 5350
8414 5252
8415 5262
8416 4455
8417 5349
8418 5239
8419 5297
8420 4072
8421 5267
8422 4124
8423 4978
8424 5255
8425 4135
8426 5261
8427 5315
8428 4707
8429 5229
8430 4198
8431 4110
8432 5357
8433 5277
8434 4134
8435 5263
8436 5269
8437 5358
8438 4479
8439 5253
8440 5359
8441 5253
8442 4073
8443 4699
8444 5332
8445 5267
8446 4211
8447 5235
8448 5314
8449 5327
8450 5236
8451 5278
8452 5313
8453 5287
8454 4073
8455 5286
8456 5256
8457 5359
8458 5242
8459 4737
8460 5352
8461 5349
8462 5206
8463 5232
8464 4660
8465 5305
8466 4114
8467 5298
8468 4071
8469 5396
8470 4621
8471 5291
8472 4140
8473 5303
8474 4126
8475 4965
8476 5238
8477 5336
8478 4969
8479 5340
8480 5295
8481 5315
8482 5370
8483 5238
8484 5279
8485 5029
8486 5287
8487 5252
8488 5278
8489 4478
8490 5296
8491 5294
8492 4994
8493 5271
8494 5036
8495 5227
8496 4254
8497 4076
8498 5288
8499 5280
8500 4138
8501 5228
8502 4099
8503 4256
8504 4076
8505 4075
8506 4251
8507 4349
8508 5290
8509 4715
8510 5310
8511 5400
8512 5302
8513 5048
8514 5246
8515 5298
8516 5305
8517 5355
8518 4169
8519 5248
8520 5303
8521 4977
8522 5273
8523 5264
8524 4715
8525 5341
8526 4320
8527 5264
8528 5287
8529 5280
8530 5335
8531 5334
8532 5296
8533 5307
8534 5250
8535 5304
8536 5011
8537 5353
8538 5288
8539 5288
8540 5374
8541 5328
8542 5235
8543 4804
8544 5316
8545 5277
8546 5263
8547 4078
8548 5319
8549 5309
8550 5248
8551 4992
8552 5277
8553 5306
8554 5024
8555 5279
8556 5235
8557 4744
8558 5310
8559 4547
8560 5240
8561 5248
8562 5293
8563 4662
8564 5214
8565 5243
8566 5317
8567 4125
8568 4069
8569 5293
8570 4957
8571 4072
8572 5260
8573 5276
8574 5361
8575 4235
8576 5255
8577 5372
8578 5280
8579 5073
8580 5310
8581 4190
8582 5279
8583 5244
8584 5312
8585 4145
8586 4147
8587 5258
8588 4075
8589 5302
8590 5380
8591 5261
8592 4725
8593 5212
8594 5290
8595 5307
8596 5237
8597 5242
8598 4998
8599 5263
8600 4074
8601 4069
8602 5271
8603 4715
8604 5181
8605 5252
8606 4765
8607 5319
8608 5323
8609 5278
8610 4086
8611 4145
8612 5217
8613 4151
8614 4075
8615 4153
8616 4229
8617 4093
8618 4111
8619 4195
8620 4150
8621 4207
8622 4995
8623 5252
8624 5336
8625 5316
8626 5310
8627 5501
8628 5271
8629 5333
8630 5295
8631 5410
8632 5278
8633 5343
8634 5286
8635 5355
8636 5441
8637 5300
8638 5279
8639 5381
8640 5403
8641 5321
8642 5309
8643 5379
8644 5357
8645 5366
8646 5277
8647 5391
8648 5326
8649 5219
8650 5329
8651 5268
8652 5401
8653 5365
8654 5250
8655 5357
8656 5271
8657 5315
8658 5242
8659 5287
8660 5259
8661 5302
8662 5200
8663 5308
8664 5338
8665 5288
8666 5288
8667 5301
8668 4073
8669 5244
8670 4273
8671 5443
8672 5348
8673 5233
8674 4173
8675 5301
8676 5073
8677 5222
8678 4132
8679 5356
8680 5309
8681 5219
8682 5272
8683 5314
8684 5297
8685 5310
8686 4404
8687 5351
8688 4658
8689 5206
8690 4093
8691 5268
8692 5382
8693 5231
8694 5274
8695 5276
8696 5218
8697 4220
8698 4356
8699 5318
8700 5263
8701 4390
8702 5234
8703 5250
8704 5310
8705 5291
8706 4073
8707 5289
8708 4547
8709 5215
8710 4186
8711 5326
8712 5264
8713 5281
8714 4175
8715 5490
8716 4953
8717 5213
8718 4147
8719 4649
8720 5074
8721 5206
8722 5244
8723 5305
8724 5339
8725 5258
8726 5257
8727 5291
8728 5259
8729 5240
8730 4075
8731 5301
8732 5291
8733 5276
8734 4925
8735 5431
8736 4316
8737 4130
8738 4181
8739 5286
8740 5233
8741 4100
8742 4239
8743 4963
8744 5252
8745 5210
8746 5201
8747 4644
8748 5257
8749 5253
8750 5248
8751 4977
8752 5291
8753 5209
8754 5256
8755 5263
8756 5280
8757 4109
8758 5237
8759 4969
8760 5295
8761 5202
8762 4081
8763 4104
8764 5296
8765 5301
8766 4719
8767 5269
8768 5317
8769 5264
8770 4073
8771 5332
8772 4147
8773 4155
8774 4081
8775 4106
8776 4114
8777 5292
8778 5320
8779 5067
8780 5253
8781 4091
8782 5355
8783 5266
8784 5207
8785 5294
8786 4664
8787 5351
8788 5272
8789 5294
8790 5367
8791 5316
8792 5341
8793 4755
8794 5176
8795 5300
8796 5243
8797 4799
8798 4173
8799 5372
8800 5244
8801 4128
8802 5212
8803 5331
8804 4997
8805 5246
8806 5184
8807 5248
8808 5281
8809 5266
8810 5275
8811 5244
8812 5267
8813 5291
8814 5256
8815 5330
8816 4070
8817 4335
8818 5345
8819 5263
8820 5288
8821 5228
8822 4225
8823 5291
8824 5302
8825 4188
8826 4084
8827 4920
8828 5300
8829 4080
8830 5267
8831 5322
8832 5332
8833 4150
8834 4951
8835 5289
8836 5273
8837 4474
8838 5241
8839 5296
8840 5340
8841 5300
8842 5287
8843 5272
8844 4208
8845 4156
8846 4109
8847 4148
8848 4116
8849 4103
8850 4301
8851 4140
8852 4312
8853 4148
8854 4074
8855 4119
8856 4207
8857 4164
8858 4194
8859 4187
8860 4129
8861 5351
8862 4086
8863 5307
8864 5310
8865 4337
8866 5226
8867 5312
8868 5005
8869 4496
8870 5273
8871 5251
8872 5223
8873 5246
8874 5254
8875 4342
8876 5198
8877 5251
8878 5270
8879 5287
8880 5255
8881 4159
8882 4190
8883 4114
8884 4225
8885 4163
8886 4247
8887 5041
8888 5276
8889 5330
8890 5259
8891 4094
8892 4080
8893 5325
8894 4188
8895 4076
8896 4100
8897 5255
8898 5312
8899 5296
8900 4182
8901 5297
8902 5313
8903 5019
8904 5247
8905 5278
8906 5279
8907 4346
8908 5239
8909 5002
8910 5315
8911 5250
8912 5258
8913 4409
8914 5206
8915 5294
8916 4626
8917 5350
8918 5236
8919 5303
8920 5291
8921 4935
8922 5230
8923 5289
8924 5326
8925 4752
8926 5281
8927 5246
8928 4174
8929 4095
8930 5272
8931 5060
8932 5262
8933 4862
8934 5321
8935 5307
8936 4341
8937 5235
8938 5225
8939 5271
8940 5042
8941 5217
8942 5247
8943 4997
8944 5238
8945 5225
8946 5253
8947 5032
8948 5218
8949 5226
8950 5286
8951 4806
8952 5223
8953 4159
8954 4495
8955 5248
8956 5297
8957 5290
8958 5276
8959 5273
8960 5310
8961 4955
8962 5297
8963 4979
8964 5307
8965 5233
8966 5244
8967 5258
8968 5285
8969 5186
8970 5302
8971 5378
8972 5307
8973 5254
8974 5374
8975 5011
8976 4625
8977 5316
8978 4106
8979 4218
8980 4113
8981 4093
8982 4171
8983 4353
8984 4238
8985 4222
8986 4184
8987 4111
8988 4146
8989 4177
8990 4110
8991 4208
8992 4238
8993 4126
8994 4151
8995 4101
8996 4114
8997 4085
8998 4126
8999 4146
9000 4139
9001 4161
9002 4319
9003 4250
9004 4154
9005 4201
9006 4099
9007 4135
9008 4101
9009 4179
9010 4228
9011 4129
9012 4151
9013 4100
9014 4146
9015 5025
9016 5303
9017 5289
9018 5257
9019 5304
9020 5239
9021 5269
9022 5329
9023 5464
9024 5256
9025 5265
9026 5238
9027 5359
9028 5269
9029 5236
9030 5248
9031 5280
9032 5319
9033 5250
9034 5235
9035 5289
9036 5324
9037 5280
9038 5264
9039 5470
9040 5326
9041 5415
9042 5318
9043 5312
9044 5376
9045 5252
9046 5442
9047 5294
9048 5287
9049 5261
9050 5338
9051 5237
9052 5387
9053 5332
9054 5310
9055 5374
9056 5370
9057 5292
9058 4074
9059 5221
9060 5211
9061 5359
9062 4725
9063 4641
9064 5194
9065 5261
9066 4074
9067 5296
9068 5268
9069 5257
9070 5211
9071 4967
9072 5274
9073 4636
9074 5229
9075 5288
9076 5225
9077 5155
9078 5239
9079 5217
9080 5261
9081 4971
9082 5256
9083 5270
9084 5270
9085 5192
9086 5250
9087 5292
9088 5323
9089 5267
9090 5329
9091 5296
9092 5337
9093 5241
9094 5426
9095 5072
9096 5394
9097 5245
9098 5020
9099 5290
9100 5383
9101 5228
9102 5309
9103 4682
9104 5320
9105 4937
9106 5267
9107 5062
9108 5293
9109 5237
9110 5317
9111 5293
9112 4661
9113 4190
9114 4982
9115 5294
9116 5333
9117 5325
9118 5271
9119 5367
9120 5269
9121 4945
9122 5304
9123 5358
9124 5334
9125 4473
9126 5278
9127 5335
9128 5240
9129 5304
9130 4226
9131 5236
9132 4292
9133 4099
9134 4074
9135 4141
9136 5296
9137 5274
9138 5322
9139 4672
9140 5287
9141 5411
9142 4194
9143 4163
9144 4257
9145 4309
9146 4773
9147 4079
9148 5253
9149 5320
9150 4240
9151 4129
9152 5227
9153 5268
9154 5355
9155 5264
9156 5211
9157 5250
9158 5273
9159 4078
9160 5203
9161 5279
9162 4997
9163 5332
9164 5248
9165 4963
9166 5211
9167 5348
9168 5255
9169 5253
9170 4333
9171 5251
9172 5286
9173 4724
9174 5314
9175 5294
9176 5299
9177 5308
9178 5301
9179 5311
9180 5288
9181 5058
9182 5250
9183 5290
9184 5063
9185 5297
9186 5316
9187 4162
9188 4662
9189 5268
9190 5297
9191 4099
9192 4082
9193 5311
9194 5316
9195 4243
9196 5307
9197 4979
9198 5374
9199 4080
9200 4119
9201 4068
9202 4068
9203 4129
9204 4118
9205 4068
9206 4068
9207 4225
9208 4118
9209 4790
9210 5212
9211 5220
9212 5207
9213 5245
9214 5260
9215 4079
9216 5273
9217 5264
9218 4297
9219 4097
9220 4078
9221 4106
9222 4079
9223 4147
9224 4136
9225 4108
9226 4218
9227 4155
9228 4205
9229 4308
9230 4127
9231 4078
9232 4146
9233 4277
9234 4085
9235 4190
9236 4126
9237 4087
9238 4188
9239 4250
9240 4188
9241 5028
9242 5264
9243 5306
9244 5310
9245 5302
9246 5266
9247 5305
9248 5306
9249 5289
9250 5244
9251 5279
9252 5288
9253 5314
9254 5235
9255 5269
9256 5272
9257 5323
9258 5327
9259 5369
9260 5305
9261 5347
9262 5271
9263 5289
9264 5395
9265 5370
9266 5309
9267 5278
9268 5321
9269 5411
9270 5275
9271 5368
9272 5447
9273 5375
9274 5291
9275 5367
9276 4105
9277 4196
9278 5048
9279 5249
9280 5300
9281 4999
9282 5224
9283 5254
9284 5285
9285 5018
9286 5247
9287 4948
9288 5313
9289 4211
9290 4133
9291 4124
9292 4200
9293 4124
9294 4154
9295 4137
9296 4089
9297 4107
9298 4108
9299 4166
9300 4170
9301 4160
9302 4141
9303 4185
9304 4127
9305 4135
9306 4150
9307 4147
9308 4159
9309 4140
9310 4228
9311 4076
9312 4130
9313 4102
9314 4141
9315 4122
9316 4136
9317 4109
9318 4136
9319 4106
9320 4139
9321 4183
9322 4086
9323 4172
9324 4165
9325 4162
9326 4123
9327 4122
9328 4162
9329 4138
9330 4214
9331 4191
9332 4166
9333 4128
9334 4107
9335 4145
9336 4124
9337 4145
9338 4117
9339 4308
9340 4136
9341 4186
9342 4102
9343 4097
9344 4174
9345 4079
9346 4101
9347 4199
9348 4082
9349 4169
9350 4168
9351 4176
9352 4079
9353 4107
9354 4239
9355 4995
9356 5222
9357 5293
9358 4996
9359 5325
9360 5273
9361 5276
9362 4347
9363 5308
9364 4685
9365 5050
9366 5264
9367 5324
9368 5301
9369 5277
9370 5287
9371 5381
9372 5296
9373 4436
9374 5254
9375 5311
9376 5281
9377 4153
9378 5244
9379 5336
9380 5275
9381 5259
9382 4173
9383 5312
9384 5294
9385 4088
9386 4715
9387 5332
9388 5291
9389 5308
9390 5350
9391 5295
9392 5308
9393 5288
9394 5315
9395 4116
9396 4139
9397 5339
9398 5051
9399 5220
9400 5215
9401 5273
9402 4648
9403 5238
9404 5202
9405 4193
9406 4142
9407 5007
9408 4145
9409 4154
9410 5286
9411 5321
9412 4983
9413 5268
9414 5289
9415 4987
9416 5357
9417 5290
9418 5299
9419 4961
9420 5264
9421 5295
9422 4414
9423 5268
9424 5039
9425 5248
9426 5257
9427 4752
9428 5207
9429 4167
9430 4092
9431 4070
9432 5419
9433 5207
9434 4113
9435 4085
9436 5425
9437 5222
9438 4179
9439 4070
9440 5089
9441 5197
9442 4071
9443 4129
9444 4513
9445 5570
9446 4149
9447 4073
9448 4074
9449 5331
9450 4073
9451 4071
9452 4072
9453 5248
9454 4073
9455 4222
9456 4072
9457 5436
9458 5215
9459 4072
9460 4122
9461 5416
9462 5198
9463 4188
9464 4085
9465 4377
9466 5478
9467 4174
9468 4073
9469 4374
9470 5411
9471 5204
9472 4116
9473 4965
9474 5332
9475 5217
9476 4115
9477 5213
9478 5339
9479 4073
9480 4073
9481 5253
9482 5363
9483 5187
9484 4113
9485 5287
9486 5377
9487 4167
9488 4148
9489 5214
9490 5336
9491 4935
9492 5255
9493 5198
9494 5335
9495 5297
9496 4725
9497 5221
9498 5369
9499 5217
9500 4968
9501 5267
9502 5296
9503 5280
9504 4194
9505 4670
9506 5349
9507 5332
9508 5252
9509 5298
9510 4074
9511 5303
9512 4366
9513 5267
9514 4072
9515 5348
9516 5227
9517 5309
9518 4138
9519 5328
9520 4714
9521 5230
9522 4412
9523 5357
9524 5275
9525 5243
9526 4723
9527 5270
9528 4138
9529 5012
9530 5237
9531 5290
9532 5218
9533 4665
9534 4876
9535 5424
9536 5286
9537 5252
9538 4470
9539 5290
9540 4315
9541 4966
9542 5226
9543 5360
9544 5257
9545 4152
9546 4998
9547 5424
9548 5261
9549 5383
9550 5033
9551 5285
9552 5232
9553 5335
9554 4109
9555 5306
9556 4141
9557 5305
9558 4953
9559 5261
9560 4780
9561 5271
9562 5043
9563 5290
9564 5304
9565 5263
9566 4106
9567 5302
9568 4943
9569 5302
9570 5512
9571 5340
9572 5326
9573 4664
9574 5230
9575 5335
9576 4218
9577 5226
9578 4948
9579 5328
9580 4735
9581 5233
9582 5288
9583 5025
9584 5303
9585 5251
9586 5255
9587 5331
9588 5363
9589 4095
9590 5243
9591 5262
9592 5308
9593 4559
9594 4930
9595 4999
9596 5289
9597 5257
9598 5290
9599 4800
9600 4966
9601 5227
9602 5296
9603 4403
9604 5273
9605 5239
9606 5357
9607 4072
9608 4138
9609 4081
9610 4110
9611 5251
9612 4379
9613 5364
9614 5315
9615 5290
9616 4763
9617 5294
9618 5011
9619 5308
9620 4078
9621 4155
9622 4202
9623 5324
9624 4654
9625 5346
9626 5261
9627 4980
9628 5230
9629 5368
9630 4974
9631 5237
9632 4390
9633 5366
9634 5275
9635 5316
9636 5266
9637 5366
9638 5241
9639 4332
9640 5261
9641 5368
9642 5303
9643 4338
9644 5238
9645 5372
9646 4473
9647 5245
9648 5260
9649 5354
9650 5217
9651 4185
9652 5255
9653 5343
9654 5248
9655 4180
9656 5254
9657 5334
9658 4696
9659 4174
9660 5287
9661 5353
9662 4073
9663 4071
9664 5236
9665 5371
9666 5236
9667 4125
9668 5287
9669 5100
9670 5237
9671 4114
9672 5316
9673 4770
9674 5255
9675 4072
9676 5278
9677 5008
9678 5307
9679 4111
9680 5294
9681 5011
9682 5307
9683 5256
9684 5272
9685 5329
9686 5238
9687 5225
9688 5265
9689 4712
9690 5253
9691 4073
9692 5290
9693 4795
9694 5229
9695 4073
9696 5275
9697 4752
9698 5288
9699 4985
9700 5398
9701 4072
9702 5296
9703 4073
9704 5280
9705 4759
9706 5017
9707 5266
9708 4967
9709 5194
9710 5300
9711 4071
9712 5265
9713 4672
9714 5233
9715 5221
9716 5266
9717 5249
9718 5330
9719 5218
9720 4988
9721 5324
9722 5094
9723 5236
9724 4734
9725 4221
9726 5293
9727 4071
9728 4725
9729 5238
9730 4201
9731 5309
9732 5071
9733 5259
9734 4197
9735 4325
9736 4167
9737 4706
9738 5309
9739 5307
9740 4179
9741 5237
9742 5294
9743 5302
9744 4361
9745 4147
9746 4513
9747 5270
9748 5210
9749 4156
9750 5216
9751 5321
9752 4073
9753 5007
9754 5290
9755 4174
9756 4937
9757 5325
9758 4123
9759 5263
9760 5289
9761 5223
9762 5301
9763 4181
9764 4578
9765 4162
9766 5349
9767 5228
9768 5321
9769 5247
9770 5021
9771 4616
9772 4962
9773 5253
9774 5335
9775 4415
9776 5258
9777 4108
9778 5327
9779 5295
9780 5250
9781 4960
9782 5337
9783 5206
9784 5242
9785 4664
9786 5257
9787 5231
9788 4315
9789 5304
9790 5267
9791 4932
9792 5263
9793 4400
9794 5353
9795 5290
9796 5258
9797 4119
9798 5216
9799 5217
9800 5246
9801 4152
9802 5313
9803 5263
9804 5288
9805 4193
9806 5199
9807 5218
9808 5313
9809 4073
9810 5220
9811 4311
9812 5330
9813 5270
9814 5272
9815 5289
9816 5255
9817 5229
9818 5259
9819 5336
9820 5291
9821 4194
9822 5312
9823 5277
9824 4786
9825 5235
9826 5342
9827 5335
9828 4201
9829 5235
9830 5317
9831 5312
9832 4711
9833 5206
9834 5254
9835 5218
9836 4956
9837 5217
9838 5276
9839 5258
9840 4349
9841 5251
9842 5261
9843 5250
9844 5206
9845 5344
9846 4336
9847 5335
9848 5187
9849 5226
9850 4130
9851 5333
9852 5245
9853 5254
9854 5050
9855 5256
9856 5218
9857 5246
9858 4660
9859 5264
9860 4376
9861 5244
9862 4968
9863 5328
9864 5235
9865 5195
9866 4354
9867 5504
9868 4633
9869 5255
9870 5216
9871 5277
9872 5211
9873 5254
9874 4173
9875 5249
9876 4964
9877 5277
9878 5228
9879 5267
9880 5257
9881 5321
9882 5262
9883 4144
9884 4167
9885 4148
9886 4090
9887 4186
9888 4170
9889 4207
9890 4165
9891 4127
9892 5230
9893 5277
9894 5222
9895 4682
9896 5302
9897 5302
9898 5244
9899 5273
9900 5295
9901 5395
9902 5337
9903 5288
9904 5271
9905 5318
9906 5352
9907 5391
9908 5295
9909 5452
9910 5263
9911 5293
9912 5300
9913 5347
9914 5239
9915 5356
9916 4080
9917 5340
9918 4074
9919 5350
9920 5090
9921 5288
9922 5260
9923 4636
9924 5214
9925 5287
9926 5272
9927 4176
9928 5252
9929 5305
9930 5322
9931 5232
9932 5238
9933 4779
9934 5365
9935 5305
9936 4073
9937 4126
9938 5353
9939 5318
9940 4235
9941 4148
9942 5397
9943 5451
9944 5221
9945 5220
9946 5300
9947 5229
9948 4136
9949 4952
9950 5456
9951 5250
9952 4114
9953 4143
9954 5425
9955 5226
9956 4110
9957 4072
9958 5446
9959 5275
9960 5025
9961 4087
9962 5439
9963 5340
9964 4084
9965 4070
9966 5170
9967 5220
9968 5222
9969 4073
9970 5101
9971 5230
9972 4167
9973 4182
9974 4768
9975 5007
9976 4243
9977 4073
9978 4077
9979 5220
9980 5239
9981 4142
9982 4141
9983 5301
9984 5232
9985 4115
9986 4085
9987 5437
9988 5233
9989 4227
9990 4191
9991 5480
9992 5255
9993 5267
9994 4073
9995 4727
9996 4251
9997 4072
9998 4134
9999 4086
# sum: 4859
# min: 4067
# max: 5653
# err cnt: 0
