0 16
1 14
2 10
3 10
4 13
5 15
6 27
7 19
8 23
9 11
10 10
11 24
12 14
13 21
14 22
15 22
16 13
17 13
18 12
19 11
20 20
21 24
22 26
23 36
24 24
25 21
26 12
27 11
28 12
29 14
30 23
31 10
32 10
33 9
34 25
35 11
36 35
37 18
38 10
39 12
40 11
41 11
42 27
43 10
44 9
45 9
46 12
47 13
48 24
49 21
50 10
51 10
52 12
53 13
54 15
55 14
56 12
57 16
58 13
59 15
60 12
61 10
62 12
63 11
64 21
65 12
66 20
67 13
68 11
69 21
70 11
71 12
72 24
73 10
74 21
75 19
76 27
77 17
78 21
79 36
80 25
81 10
82 12
83 10
84 22
85 10
86 12
87 14
88 10
89 21
90 21
91 10
92 16
93 12
94 17
95 12
96 11
97 12
98 10
99 22
100 10
101 25
102 20
103 37
104 36
105 9
106 10
107 9
108 10
109 13
110 11
111 8
112 24
113 10
114 8
115 23
116 9
117 11
118 25
119 23
120 9
121 13
122 10
123 10
124 12
125 11
126 9
127 25
128 15
129 8
130 16
131 10
132 13
133 9
134 25
135 23
136 10
137 12
138 12
139 10
140 10
141 9
142 9
143 11
144 14
145 10
146 10
147 24
148 25
149 22
150 11
151 17
152 10
153 12
154 26
155 15
156 10
157 22
158 10
159 9
160 26
161 13
162 10
163 10
164 9
165 9
166 13
167 24
168 7
169 25
170 21
171 11
172 12
173 14
174 10
175 10
176 24
177 8
178 13
179 34
180 11
181 10
182 10
183 12
184 15
185 13
186 11
187 21
188 10
189 11
190 43
191 11
192 11
193 18
194 23
195 33
196 12
197 38
198 9
199 16
200 21
201 17
202 11
203 12
204 16
205 16
206 11
207 10
208 25
209 41
210 11
211 10
212 11
213 11
214 10
215 14
216 11
217 10
218 10
219 13
220 12
221 11
222 10
223 22
224 15
225 12
226 12
227 22
228 24
229 15
230 10
231 13
232 28
233 10
234 10
235 26
236 7
237 14
238 11
239 11
240 10
241 26
242 8
243 34
244 13
245 12
246 11
247 25
248 21
249 11
250 10
251 8
252 10
253 10
254 12
255 13
256 12
257 10
258 11
259 26
260 19
261 16
262 12
263 9
264 28
265 10
266 13
267 10
268 7
269 16
270 11
271 9
272 12
273 11
274 24
275 12
276 8
277 11
278 34
279 37
280 11
281 10
282 10
283 9
284 24
285 17
286 10
287 10
288 25
289 12
290 34
291 12
292 10
293 12
294 11
295 10
296 11
297 12
298 10
299 16
300 12
301 9
302 12
303 26
304 17
305 10
306 18
307 8
308 28
309 12
310 11
311 22
312 11
313 11
314 11
315 43
316 8
317 8
318 10
319 12
320 26
321 10
322 12
323 10
324 13
325 17
326 13
327 21
328 26
329 8
330 12
331 11
332 25
333 11
334 24
335 23
336 13
337 49
338 10
339 28
340 24
341 22
342 12
343 18
344 11
345 10
346 11
347 12
348 11
349 12
350 24
351 24
352 23
353 11
354 18
355 10
356 11
357 9
358 9
359 25
360 12
361 13
362 10
363 24
364 10
365 11
366 10
367 12
368 10
369 35
370 24
371 20
372 9
373 13
374 10
375 9
376 9
377 9
378 11
379 26
380 11
381 12
382 10
383 13
384 14
385 20
386 10
387 25
388 10
389 13
390 24
391 23
392 10
393 22
394 11
395 12
396 15
397 10
398 19
399 21
400 10
401 14
402 13
403 11
404 22
405 10
406 13
407 11
408 24
409 10
410 12
411 10
412 12
413 12
414 24
415 25
416 12
417 8
418 13
419 10
420 13
421 11
422 9
423 21
424 32
425 10
426 11
427 10
428 12
429 23
430 11
431 11
432 11
433 10
434 10
435 9
436 9
437 11
438 10
439 11
440 11
441 10
442 9
443 13
444 12
445 10
446 24
447 10
448 11
449 17
450 9
451 11
452 10
453 14
454 12
455 13
456 16
457 21
458 20
459 10
460 11
461 12
462 12
463 10
464 19
465 28
466 12
467 26
468 10
469 12
470 12
471 41
472 14
473 13
474 8
475 10
476 12
477 28
478 12
479 25
480 21
481 18
482 14
483 14
484 10
485 10
486 7
487 24
488 11
489 36
490 23
491 12
492 11
493 13
494 11
495 10
496 11
497 13
498 10
499 10
500 12
501 10
502 27
503 11
504 10
505 22
506 12
507 24
508 8
509 10
510 17
511 12
512 17
513 10
514 11
515 25
516 12
517 12
518 11
519 57
520 17
521 24
522 22
523 12
524 11
525 9
526 10
527 26
528 53
529 9
530 10
531 12
532 8
533 11
534 17
535 37
536 10
537 23
538 35
539 10
540 38
541 9
542 11
543 11
544 11
545 12
546 12
547 25
548 24
549 23
550 11
551 12
552 10
553 11
554 17
555 11
556 19
557 12
558 8
559 10
560 10
561 11
562 24
563 24
564 15
565 13
566 10
567 11
568 12
569 21
570 10
571 12
572 10
573 11
574 11
575 10
576 12
577 21
578 11
579 13
580 10
581 12
582 16
583 10
584 11
585 26
586 36
587 11
588 11
589 26
590 12
591 10
592 24
593 10
594 25
595 10
596 20
597 24
598 36
599 19
600 12
601 34
602 17
603 10
604 10
605 11
606 11
607 12
608 10
609 10
610 20
611 12
612 14
613 11
614 11
615 22
616 10
617 16
618 12
619 13
620 20
621 10
622 10
623 13
624 24
625 10
626 12
627 11
628 10
629 11
630 11
631 18
632 23
633 24
634 24
635 23
636 35
637 11
638 24
639 24
640 10
641 12
642 10
643 12
644 11
645 29
646 13
647 11
648 11
649 13
650 12
651 35
652 13
653 9
654 24
655 11
656 12
657 35
658 12
659 10
660 10
661 9
662 11
663 11
664 11
665 8
666 10
667 10
668 13
669 13
670 9
671 12
672 18
673 11
674 18
675 11
676 21
677 10
678 26
679 12
680 16
681 12
682 11
683 12
684 12
685 12
686 12
687 10
688 9
689 9
690 9
691 13
692 16
693 10
694 11
695 9
696 14
697 11
698 11
699 10
700 12
701 11
702 13
703 26
704 23
705 14
706 9
707 16
708 12
709 13
710 10
711 10
712 25
713 11
714 12
715 12
716 27
717 11
718 11
719 11
720 11
721 12
722 12
723 23
724 9
725 11
726 27
727 12
728 7
729 25
730 10
731 21
732 11
733 10
734 20
735 12
736 10
737 12
738 35
739 10
740 16
741 25
742 9
743 11
744 14
745 10
746 9
747 11
748 20
749 11
750 13
751 10
752 11
753 11
754 13
755 12
756 10
757 16
758 10
759 11
760 12
761 10
762 13
763 9
764 9
765 23
766 12
767 25
768 11
769 11
770 22
771 26
772 11
773 14
774 11
775 25
776 11
777 24
778 36
779 11
780 11
781 13
782 35
783 22
784 10
785 10
786 10
787 8
788 12
789 16
790 11
791 8
792 10
793 11
794 26
795 11
796 12
797 13
798 13
799 10
800 25
801 23
802 11
803 11
804 11
805 11
806 9
807 23
808 16
809 23
810 10
811 13
812 37
813 17
814 22
815 7
816 7
817 12
818 14
819 18
820 23
821 10
822 22
823 12
824 17
825 11
826 10
827 10
828 16
829 11
830 26
831 10
832 9
833 10
834 17
835 11
836 12
837 23
838 13
839 9
840 15
841 26
842 9
843 21
844 11
845 19
846 12
847 12
848 8
849 10
850 10
851 14
852 17
853 10
854 10
855 10
856 12
857 23
858 12
859 10
860 18
861 16
862 10
863 23
864 26
865 12
866 17
867 17
868 15
869 12
870 9
871 9
872 9
873 9
874 13
875 16
876 23
877 15
878 21
879 10
880 9
881 27
882 24
883 11
884 8
885 27
886 26
887 10
888 17
889 13
890 25
891 14
892 10
893 10
894 11
895 8
896 13
897 12
898 12
899 9
900 13
901 11
902 23
903 10
904 13
905 11
906 10
907 10
908 12
909 11
910 21
911 34
912 9
913 13
914 12
915 35
916 10
917 10
918 10
919 11
920 12
921 11
922 12
923 12
924 22
925 13
926 11
927 12
928 11
929 19
930 10
931 11
932 12
933 16
934 35
935 25
936 11
937 20
938 13
939 12
940 11
941 21
942 17
943 10
944 11
945 23
946 14
947 10
948 11
949 23
950 20
951 11
952 12
953 9
954 9
955 7
956 29
957 11
958 11
959 9
960 9
961 9
962 14
963 13
964 10
965 9
966 9
967 9
968 20
969 11
970 10
971 26
972 17
973 20
974 26
975 12
976 15
977 16
978 10
979 12
980 11
981 9
982 17
983 9
984 12
985 10
986 29
987 9
988 23
989 11
990 32
991 12
992 10
993 9
994 10
995 9
996 12
997 14
998 12
999 10
1000 9
1001 9
1002 21
1003 13
1004 15
1005 19
1006 10
1007 10
1008 13
1009 13
1010 11
1011 12
1012 10
1013 13
1014 11
1015 25
1016 17
1017 10
1018 10
1019 10
1020 12
1021 10
1022 10
1023 9
1024 9
1025 12
1026 17
1027 11
1028 22
1029 14
1030 16
1031 11
1032 11
1033 26
1034 10
1035 9
1036 10
1037 29
1038 10
1039 11
1040 8
1041 10
1042 12
1043 11
1044 10
1045 18
1046 10
1047 27
1048 12
1049 26
1050 22
1051 23
1052 10
1053 11
1054 13
1055 15
1056 24
1057 10
1058 12
1059 13
1060 12
1061 23
1062 12
1063 10
1064 11
1065 25
1066 12
1067 15
1068 13
1069 17
1070 22
1071 11
1072 11
1073 11
1074 14
1075 15
1076 24
1077 12
1078 10
1079 10
1080 7
1081 21
1082 34
1083 10
1084 22
1085 10
1086 10
1087 10
1088 11
1089 10
1090 12
1091 24
1092 16
1093 25
1094 21
1095 21
1096 10
1097 8
1098 10
1099 12
1100 24
1101 21
1102 17
1103 8
1104 37
1105 16
1106 21
1107 22
1108 37
1109 8
1110 21
1111 21
1112 23
1113 10
1114 11
1115 12
1116 14
1117 36
1118 20
1119 13
1120 10
1121 10
1122 12
1123 13
1124 36
1125 15
1126 23
1127 11
1128 13
1129 10
1130 22
1131 10
1132 17
1133 21
1134 12
1135 15
1136 24
1137 35
1138 7
1139 7
1140 11
1141 35
1142 7
1143 7
1144 10
1145 11
1146 23
1147 10
1148 10
1149 36
1150 12
1151 11
1152 13
1153 12
1154 20
1155 13
1156 24
1157 24
1158 11
1159 9
1160 7
1161 8
1162 10
1163 13
1164 13
1165 12
1166 17
1167 8
1168 16
1169 39
1170 55
1171 16
1172 8
1173 12
1174 11
1175 12
1176 10
1177 11
1178 17
1179 10
1180 19
1181 10
1182 19
1183 17
1184 11
1185 23
1186 34
1187 10
1188 35
1189 8
1190 13
1191 12
1192 12
1193 8
1194 11
1195 22
1196 11
1197 26
1198 22
1199 10
1200 9
1201 12
1202 24
1203 12
1204 10
1205 17
1206 10
1207 12
1208 11
1209 14
1210 10
1211 11
1212 10
1213 14
1214 38
1215 40
1216 10
1217 12
1218 10
1219 37
1220 14
1221 12
1222 12
1223 36
1224 23
1225 22
1226 11
1227 10
1228 10
1229 9
1230 10
1231 77
1232 24
1233 10
1234 19
1235 22
1236 9
1237 18
1238 10
1239 17
1240 10
1241 10
1242 10
1243 11
1244 13
1245 23
1246 9
1247 22
1248 17
1249 25
1250 22
1251 34
1252 10
1253 8
1254 34
1255 22
1256 23
1257 20
1258 14
1259 11
1260 29
1261 17
1262 10
1263 9
1264 16
1265 12
1266 13
1267 22
1268 9
1269 10
1270 10
1271 53
1272 21
1273 9
1274 27
1275 22
1276 13
1277 11
1278 10
1279 9
1280 20
1281 16
1282 12
1283 22
1284 10
1285 10
1286 11
1287 11
1288 23
1289 9
1290 10
1291 17
1292 16
1293 25
1294 27
1295 10
1296 10
1297 12
1298 10
1299 11
1300 8
1301 12
1302 18
1303 17
1304 9
1305 12
1306 10
1307 26
1308 10
1309 12
1310 14
1311 12
1312 10
1313 25
1314 10
1315 9
1316 36
1317 12
1318 9
1319 15
1320 10
1321 12
1322 12
1323 19
1324 22
1325 22
1326 10
1327 11
1328 24
1329 22
1330 10
1331 25
1332 10
1333 12
1334 22
1335 10
1336 10
1337 11
1338 17
1339 10
1340 10
1341 12
1342 24
1343 14
1344 10
1345 13
1346 11
1347 10
1348 12
1349 10
1350 13
1351 12
1352 18
1353 11
1354 11
1355 11
1356 11
1357 26
1358 10
1359 11
1360 10
1361 27
1362 12
1363 18
1364 22
1365 24
1366 10
1367 14
1368 9
1369 34
1370 10
1371 11
1372 17
1373 13
1374 23
1375 9
1376 15
1377 11
1378 21
1379 13
1380 35
1381 10
1382 10
1383 12
1384 12
1385 10
1386 12
1387 23
1388 11
1389 10
1390 28
1391 10
1392 10
1393 11
1394 13
1395 19
1396 12
1397 13
1398 9
1399 9
1400 10
1401 22
1402 10
1403 10
1404 10
1405 9
1406 15
1407 16
1408 18
1409 15
1410 23
1411 11
1412 26
1413 22
1414 21
1415 10
1416 11
1417 11
1418 24
1419 17
1420 21
1421 10
1422 10
1423 21
1424 13
1425 11
1426 22
1427 10
1428 10
1429 11
1430 12
1431 22
1432 12
1433 21
1434 13
1435 9
1436 11
1437 21
1438 11
1439 21
1440 10
1441 12
1442 17
1443 11
1444 10
1445 11
1446 25
1447 24
1448 24
1449 10
1450 9
1451 13
1452 10
1453 13
1454 13
1455 11
1456 11
1457 10
1458 16
1459 41
1460 11
1461 21
1462 22
1463 12
1464 11
1465 24
1466 10
1467 11
1468 22
1469 11
1470 14
1471 14
1472 23
1473 10
1474 9
1475 9
1476 10
1477 12
1478 12
1479 10
1480 12
1481 11
1482 12
1483 26
1484 10
1485 10
1486 12
1487 36
1488 27
1489 11
1490 10
1491 23
1492 16
1493 11
1494 37
1495 10
1496 13
1497 12
1498 10
1499 22
1500 14
1501 8
1502 10
1503 20
1504 10
1505 14
1506 27
1507 10
1508 11
1509 7
1510 24
1511 52
1512 36
1513 8
1514 10
1515 14
1516 11
1517 13
1518 24
1519 10
1520 22
1521 10
1522 13
1523 13
1524 11
1525 10
1526 9
1527 9
1528 13
1529 11
1530 11
1531 10
1532 12
1533 12
1534 16
1535 9
1536 22
1537 36
1538 9
1539 21
1540 39
1541 36
1542 13
1543 10
1544 10
1545 12
1546 13
1547 10
1548 10
1549 35
1550 11
1551 34
1552 11
1553 26
1554 19
1555 10
1556 10
1557 11
1558 23
1559 10
1560 10
1561 21
1562 14
1563 11
1564 15
1565 10
1566 10
1567 11
1568 17
1569 11
1570 24
1571 11
1572 12
1573 11
1574 22
1575 10
1576 10
1577 10
1578 13
1579 14
1580 11
1581 10
1582 13
1583 11
1584 20
1585 13
1586 22
1587 11
1588 10
1589 17
1590 22
1591 11
1592 10
1593 15
1594 17
1595 11
1596 12
1597 12
1598 18
1599 25
1600 10
1601 17
1602 15
1603 18
1604 23
1605 17
1606 13
1607 11
1608 13
1609 32
1610 11
1611 23
1612 10
1613 27
1614 33
1615 11
1616 14
1617 15
1618 25
1619 12
1620 11
1621 20
1622 13
1623 22
1624 10
1625 9
1626 12
1627 13
1628 24
1629 10
1630 16
1631 10
1632 12
1633 13
1634 11
1635 8
1636 10
1637 7
1638 19
1639 11
1640 24
1641 10
1642 11
1643 10
1644 22
1645 12
1646 10
1647 24
1648 10
1649 26
1650 11
1651 9
1652 21
1653 10
1654 21
1655 18
1656 27
1657 9
1658 12
1659 11
1660 22
1661 11
1662 11
1663 10
1664 10
1665 13
1666 26
1667 22
1668 20
1669 11
1670 10
1671 10
1672 27
1673 13
1674 10
1675 10
1676 9
1677 9
1678 17
1679 13
1680 11
1681 17
1682 10
1683 13
1684 22
1685 27
1686 9
1687 9
1688 9
1689 9
1690 21
1691 21
1692 11
1693 11
1694 12
1695 10
1696 17
1697 35
1698 18
1699 13
1700 13
1701 29
1702 26
1703 10
1704 9
1705 25
1706 19
1707 20
1708 11
1709 12
1710 27
1711 10
1712 18
1713 12
1714 11
1715 19
1716 23
1717 10
1718 11
1719 12
1720 11
1721 24
1722 10
1723 12
1724 11
1725 12
1726 11
1727 10
1728 10
1729 12
1730 11
1731 11
1732 22
1733 19
1734 17
1735 11
1736 15
1737 33
1738 25
1739 21
1740 9
1741 15
1742 21
1743 11
1744 11
1745 12
1746 10
1747 12
1748 14
1749 10
1750 25
1751 11
1752 24
1753 11
1754 12
1755 9
1756 9
1757 9
1758 9
1759 14
1760 23
1761 9
1762 10
1763 11
1764 12
1765 12
1766 16
1767 11
1768 11
1769 24
1770 10
1771 13
1772 7
1773 24
1774 10
1775 11
1776 12
1777 11
1778 12
1779 12
1780 23
1781 21
1782 24
1783 17
1784 10
1785 17
1786 10
1787 14
1788 11
1789 10
1790 10
1791 9
1792 9
1793 9
1794 24
1795 9
1796 24
1797 10
1798 14
1799 12
1800 11
1801 21
1802 35
1803 12
1804 14
1805 11
1806 12
1807 11
1808 10
1809 24
1810 10
1811 11
1812 11
1813 11
1814 9
1815 22
1816 8
1817 11
1818 10
1819 13
1820 10
1821 20
1822 23
1823 11
1824 10
1825 9
1826 9
1827 9
1828 9
1829 10
1830 9
1831 9
1832 9
1833 8
1834 8
1835 13
1836 20
1837 10
1838 23
1839 21
1840 12
1841 12
1842 10
1843 10
1844 10
1845 24
1846 13
1847 29
1848 23
1849 15
1850 8
1851 11
1852 12
1853 25
1854 25
1855 10
1856 10
1857 13
1858 11
1859 13
1860 10
1861 9
1862 9
1863 13
1864 17
1865 16
1866 16
1867 10
1868 8
1869 12
1870 12
1871 10
1872 12
1873 12
1874 37
1875 15
1876 10
1877 9
1878 9
1879 9
1880 10
1881 11
1882 21
1883 10
1884 10
1885 9
1886 10
1887 12
1888 15
1889 10
1890 25
1891 10
1892 28
1893 17
1894 11
1895 14
1896 12
1897 10
1898 29
1899 12
1900 10
1901 9
1902 18
1903 11
1904 13
1905 22
1906 10
1907 25
1908 12
1909 17
1910 21
1911 11
1912 10
1913 11
1914 15
1915 21
1916 37
1917 9
1918 22
1919 25
1920 10
1921 13
1922 23
1923 8
1924 22
1925 34
1926 13
1927 13
1928 10
1929 23
1930 36
1931 17
1932 11
1933 11
1934 10
1935 9
1936 9
1937 12
1938 29
1939 12
1940 11
1941 10
1942 7
1943 14
1944 17
1945 10
1946 10
1947 10
1948 11
1949 14
1950 21
1951 10
1952 13
1953 22
1954 8
1955 13
1956 12
1957 10
1958 12
1959 24
1960 14
1961 11
1962 11
1963 23
1964 10
1965 21
1966 13
1967 26
1968 16
1969 11
1970 10
1971 15
1972 23
1973 12
1974 10
1975 13
1976 10
1977 11
1978 42
1979 23
1980 10
1981 10
1982 10
1983 12
1984 11
1985 13
1986 10
1987 10
1988 12
1989 12
1990 39
1991 12
1992 10
1993 10
1994 12
1995 13
1996 10
1997 10
1998 21
1999 21
2000 9
2001 14
2002 18
2003 11
2004 11
2005 28
2006 12
2007 27
2008 36
2009 21
2010 10
2011 10
2012 13
2013 13
2014 11
2015 8
2016 22
2017 11
2018 12
2019 11
2020 13
2021 8
2022 22
2023 25
2024 13
2025 10
2026 9
2027 9
2028 9
2029 26
2030 14
2031 10
2032 13
2033 18
2034 8
2035 17
2036 11
2037 8
2038 17
2039 11
2040 10
2041 12
2042 12
2043 24
2044 17
2045 17
2046 23
2047 21
2048 8
2049 12
2050 12
2051 25
2052 12
2053 10
2054 35
2055 36
2056 11
2057 9
2058 39
2059 13
2060 10
2061 22
2062 11
2063 11
2064 11
2065 13
2066 12
2067 11
2068 10
2069 37
2070 26
2071 12
2072 11
2073 11
2074 12
2075 34
2076 22
2077 11
2078 10
2079 10
2080 11
2081 18
2082 13
2083 11
2084 10
2085 12
2086 18
2087 15
2088 28
2089 11
2090 17
2091 16
2092 22
2093 12
2094 20
2095 8
2096 25
2097 11
2098 12
2099 11
2100 10
2101 10
2102 12
2103 18
2104 13
2105 21
2106 22
2107 9
2108 10
2109 21
2110 25
2111 16
2112 12
2113 10
2114 15
2115 17
2116 56
2117 12
2118 10
2119 10
2120 25
2121 12
2122 24
2123 24
2124 11
2125 21
2126 10
2127 19
2128 12
2129 14
2130 22
2131 10
2132 13
2133 11
2134 11
2135 10
2136 9
2137 9
2138 9
2139 11
2140 10
2141 12
2142 22
2143 10
2144 23
2145 19
2146 12
2147 21
2148 21
2149 10
2150 11
2151 10
2152 10
2153 9
2154 9
2155 11
2156 25
2157 20
2158 7
2159 7
2160 9
2161 13
2162 18
2163 8
2164 26
2165 11
2166 10
2167 12
2168 24
2169 10
2170 11
2171 21
2172 40
2173 9
2174 11
2175 17
2176 21
2177 9
2178 12
2179 13
2180 11
2181 11
2182 10
2183 20
2184 13
2185 15
2186 12
2187 10
2188 10
2189 10
2190 26
2191 13
2192 25
2193 16
2194 10
2195 10
2196 18
2197 15
2198 10
2199 22
2200 36
2201 12
2202 26
2203 10
2204 9
2205 9
2206 9
2207 26
2208 23
2209 17
2210 22
2211 10
2212 12
2213 11
2214 10
2215 10
2216 12
2217 11
2218 12
2219 13
2220 22
2221 10
2222 13
2223 21
2224 11
2225 12
2226 10
2227 11
2228 7
2229 15
2230 22
2231 11
2232 17
2233 11
2234 9
2235 25
2236 23
2237 11
2238 10
2239 21
2240 11
2241 10
2242 12
2243 9
2244 14
2245 10
2246 10
2247 17
2248 10
2249 10
2250 25
2251 10
2252 12
2253 10
2254 10
2255 9
2256 23
2257 22
2258 16
2259 19
2260 11
2261 10
2262 25
2263 24
2264 13
2265 12
2266 17
2267 10
2268 13
2269 23
2270 26
2271 11
2272 11
2273 7
2274 10
2275 11
2276 11
2277 10
2278 7
2279 11
2280 9
2281 11
2282 11
2283 10
2284 17
2285 15
2286 12
2287 10
2288 14
2289 21
2290 25
2291 11
2292 37
2293 27
2294 10
2295 11
2296 12
2297 9
2298 11
2299 11
2300 8
2301 13
2302 10
2303 12
2304 15
2305 11
2306 10
2307 8
2308 11
2309 27
2310 14
2311 12
2312 12
2313 21
2314 23
2315 13
2316 16
2317 19
2318 21
2319 21
2320 11
2321 12
2322 10
2323 10
2324 9
2325 9
2326 12
2327 12
2328 10
2329 27
2330 10
2331 12
2332 14
2333 21
2334 12
2335 10
2336 25
2337 22
2338 13
2339 23
2340 10
2341 14
2342 7
2343 24
2344 11
2345 17
2346 10
2347 11
2348 17
2349 9
2350 12
2351 13
2352 25
2353 12
2354 11
2355 11
2356 12
2357 11
2358 9
2359 26
2360 11
2361 11
2362 12
2363 11
2364 34
2365 12
2366 11
2367 23
2368 17
2369 7
2370 11
2371 10
2372 12
2373 16
2374 22
2375 22
2376 20
2377 22
2378 18
2379 12
2380 10
2381 11
2382 10
2383 11
2384 13
2385 13
2386 24
2387 10
2388 11
2389 10
2390 13
2391 56
2392 7
2393 15
2394 10
2395 12
2396 21
2397 10
2398 27
2399 12
2400 12
2401 12
2402 25
2403 21
2404 7
2405 35
2406 11
2407 21
2408 10
2409 7
2410 10
2411 57
2412 39
2413 20
2414 18
2415 10
2416 17
2417 14
2418 12
2419 22
2420 18
2421 22
2422 10
2423 25
2424 12
2425 10
2426 11
2427 7
2428 10
2429 13
2430 13
2431 11
2432 10
2433 11
2434 11
2435 36
2436 23
2437 19
2438 10
2439 10
2440 10
2441 13
2442 25
2443 10
2444 11
2445 10
2446 14
2447 19
2448 11
2449 9
2450 11
2451 12
2452 14
2453 29
2454 21
2455 18
2456 11
2457 11
2458 28
2459 10
2460 15
2461 10
2462 20
2463 10
2464 12
2465 12
2466 11
2467 12
2468 10
2469 21
2470 11
2471 35
2472 22
2473 10
2474 9
2475 41
2476 11
2477 12
2478 10
2479 10
2480 12
2481 11
2482 11
2483 12
2484 8
2485 17
2486 24
2487 12
2488 21
2489 10
2490 8
2491 10
2492 27
2493 24
2494 10
2495 25
2496 23
2497 12
2498 10
2499 20
2500 10
2501 13
2502 22
2503 10
2504 13
2505 10
2506 26
2507 10
2508 12
2509 13
2510 11
2511 8
2512 23
2513 10
2514 13
2515 13
2516 25
2517 11
2518 17
2519 25
2520 12
2521 27
2522 10
2523 11
2524 12
2525 35
2526 13
2527 9
2528 11
2529 16
2530 22
2531 11
2532 18
2533 10
2534 10
2535 9
2536 23
2537 9
2538 11
2539 13
2540 10
2541 16
2542 10
2543 12
2544 10
2545 10
2546 9
2547 9
2548 19
2549 20
2550 23
2551 24
2552 15
2553 21
2554 14
2555 11
2556 11
2557 9
2558 9
2559 16
2560 13
2561 10
2562 25
2563 9
2564 12
2565 42
2566 12
2567 11
2568 8
2569 18
2570 14
2571 26
2572 12
2573 8
2574 11
2575 10
2576 25
2577 25
2578 9
2579 10
2580 13
2581 13
2582 16
2583 34
2584 10
2585 11
2586 10
2587 14
2588 13
2589 22
2590 21
2591 16
2592 14
2593 24
2594 12
2595 11
2596 12
2597 9
2598 10
2599 41
2600 11
2601 12
2602 7
2603 8
2604 13
2605 16
2606 10
2607 12
2608 12
2609 10
2610 13
2611 13
2612 11
2613 11
2614 24
2615 24
2616 12
2617 13
2618 7
2619 10
2620 11
2621 22
2622 13
2623 11
2624 21
2625 24
2626 10
2627 11
2628 21
2629 10
2630 10
2631 10
2632 10
2633 14
2634 22
2635 11
2636 10
2637 10
2638 10
2639 12
2640 11
2641 9
2642 9
2643 9
2644 12
2645 17
2646 36
2647 10
2648 10
2649 9
2650 16
2651 16
2652 12
2653 17
2654 10
2655 10
2656 39
2657 12
2658 10
2659 12
2660 17
2661 11
2662 21
2663 10
2664 9
2665 9
2666 10
2667 10
2668 14
2669 12
2670 12
2671 15
2672 15
2673 12
2674 10
2675 35
2676 25
2677 12
2678 11
2679 11
2680 14
2681 12
2682 11
2683 16
2684 14
2685 29
2686 9
2687 18
2688 35
2689 11
2690 26
2691 11
2692 10
2693 25
2694 24
2695 11
2696 25
2697 12
2698 22
2699 11
2700 10
2701 19
2702 17
2703 11
2704 23
2705 11
2706 17
2707 12
2708 23
2709 11
2710 11
2711 7
2712 16
2713 13
2714 11
2715 10
2716 11
2717 10
2718 25
2719 28
2720 11
2721 11
2722 12
2723 37
2724 27
2725 10
2726 24
2727 12
2728 10
2729 17
2730 16
2731 22
2732 8
2733 10
2734 35
2735 20
2736 14
2737 10
2738 12
2739 16
2740 10
2741 11
2742 10
2743 11
2744 12
2745 22
2746 12
2747 23
2748 26
2749 21
2750 10
2751 24
2752 16
2753 13
2754 13
2755 10
2756 10
2757 10
2758 53
2759 9
2760 13
2761 22
2762 36
2763 12
2764 21
2765 10
2766 15
2767 24
2768 9
2769 13
2770 23
2771 10
2772 21
2773 11
2774 10
2775 24
2776 25
2777 21
2778 12
2779 10
2780 20
2781 13
2782 12
2783 17
2784 8
2785 16
2786 11
2787 13
2788 11
2789 10
2790 18
2791 11
2792 12
2793 12
2794 11
2795 7
2796 10
2797 12
2798 33
2799 10
2800 11
2801 10
2802 12
2803 16
2804 33
2805 24
2806 7
2807 10
2808 12
2809 17
2810 10
2811 21
2812 35
2813 23
2814 12
2815 34
2816 10
2817 10
2818 25
2819 11
2820 13
2821 25
2822 17
2823 19
2824 17
2825 12
2826 17
2827 12
2828 10
2829 17
2830 10
2831 13
2832 12
2833 19
2834 9
2835 18
2836 14
2837 23
2838 11
2839 13
2840 10
2841 10
2842 19
2843 12
2844 12
2845 11
2846 9
2847 9
2848 13
2849 11
2850 10
2851 12
2852 11
2853 10
2854 16
2855 13
2856 25
2857 17
2858 10
2859 22
2860 13
2861 24
2862 11
2863 12
2864 10
2865 24
2866 27
2867 10
2868 25
2869 10
2870 42
2871 11
2872 12
2873 12
2874 23
2875 10
2876 8
2877 11
2878 23
2879 12
2880 16
2881 11
2882 24
2883 18
2884 27
2885 26
2886 10
2887 10
2888 10
2889 15
2890 12
2891 10
2892 10
2893 15
2894 26
2895 13
2896 15
2897 25
2898 21
2899 16
2900 11
2901 13
2902 8
2903 33
2904 8
2905 11
2906 27
2907 23
2908 10
2909 9
2910 9
2911 9
2912 10
2913 11
2914 10
2915 12
2916 9
2917 9
2918 12
2919 25
2920 13
2921 10
2922 12
2923 15
2924 13
2925 8
2926 7
2927 10
2928 10
2929 10
2930 26
2931 10
2932 24
2933 22
2934 10
2935 14
2936 18
2937 10
2938 20
2939 10
2940 23
2941 13
2942 35
2943 11
2944 8
2945 35
2946 10
2947 17
2948 25
2949 10
2950 18
2951 10
2952 20
2953 24
2954 16
2955 8
2956 11
2957 8
2958 13
2959 26
2960 11
2961 8
2962 8
2963 10
2964 13
2965 14
2966 10
2967 26
2968 12
2969 21
2970 13
2971 11
2972 10
2973 11
2974 16
2975 14
2976 28
2977 12
2978 13
2979 13
2980 11
2981 18
2982 22
2983 11
2984 11
2985 12
2986 10
2987 12
2988 26
2989 21
2990 9
2991 26
2992 13
2993 24
2994 10
2995 25
2996 18
2997 11
2998 12
2999 11
3000 7
3001 13
3002 35
3003 22
3004 15
3005 25
3006 9
3007 12
3008 21
3009 10
3010 13
3011 13
3012 12
3013 10
3014 9
3015 9
3016 13
3017 25
3018 12
3019 17
3020 18
3021 12
3022 12
3023 9
3024 13
3025 11
3026 10
3027 36
3028 12
3029 11
3030 36
3031 10
3032 20
3033 17
3034 24
3035 16
3036 11
3037 15
3038 13
3039 17
3040 13
3041 10
3042 9
3043 9
3044 9
3045 13
3046 29
3047 9
3048 12
3049 24
3050 24
3051 13
3052 36
3053 12
3054 10
3055 15
3056 11
3057 25
3058 21
3059 20
3060 10
3061 9
3062 13
3063 12
3064 12
3065 10
3066 9
3067 9
3068 12
3069 15
3070 12
3071 12
3072 10
3073 12
3074 13
3075 9
3076 36
3077 10
3078 13
3079 9
3080 10
3081 10
3082 22
3083 9
3084 12
3085 11
3086 11
3087 10
3088 12
3089 9
3090 21
3091 12
3092 21
3093 13
3094 25
3095 21
3096 17
3097 16
3098 11
3099 9
3100 13
3101 10
3102 13
3103 24
3104 26
3105 11
3106 10
3107 25
3108 10
3109 12
3110 11
3111 22
3112 24
3113 34
3114 10
3115 18
3116 24
3117 19
3118 15
3119 11
3120 11
3121 11
3122 11
3123 23
3124 11
3125 12
3126 19
3127 10
3128 22
3129 15
3130 12
3131 10
3132 12
3133 16
3134 9
3135 8
3136 8
3137 10
3138 12
3139 10
3140 10
3141 12
3142 11
3143 11
3144 26
3145 33
3146 17
3147 10
3148 8
3149 11
3150 12
3151 8
3152 24
3153 10
3154 18
3155 11
3156 18
3157 9
3158 9
3159 8
3160 10
3161 13
3162 16
3163 11
3164 24
3165 21
3166 11
3167 12
3168 11
3169 23
3170 11
3171 10
3172 10
3173 30
3174 10
3175 10
3176 12
3177 11
3178 19
3179 26
3180 10
3181 22
3182 7
3183 10
3184 41
3185 26
3186 10
3187 9
3188 10
3189 9
3190 14
3191 24
3192 22
3193 11
3194 10
3195 24
3196 26
3197 12
3198 8
3199 36
3200 7
3201 11
3202 11
3203 25
3204 35
3205 11
3206 17
3207 27
3208 11
3209 25
3210 21
3211 10
3212 11
3213 23
3214 11
3215 13
3216 11
3217 18
3218 13
3219 14
3220 15
3221 13
3222 9
3223 12
3224 13
3225 11
3226 10
3227 12
3228 10
3229 9
3230 12
3231 12
3232 21
3233 21
3234 10
3235 10
3236 21
3237 23
3238 12
3239 9
3240 9
3241 9
3242 11
3243 11
3244 22
3245 24
3246 24
3247 10
3248 13
3249 13
3250 11
3251 36
3252 16
3253 12
3254 13
3255 11
3256 10
3257 9
3258 8
3259 11
3260 44
3261 14
3262 10
3263 10
3264 11
3265 13
3266 13
3267 11
3268 10
3269 10
3270 21
3271 13
3272 14
3273 20
3274 7
3275 10
3276 23
3277 42
3278 11
3279 12
3280 12
3281 10
3282 21
3283 12
3284 9
3285 22
3286 10
3287 23
3288 34
3289 12
3290 11
3291 25
3292 9
3293 9
3294 16
3295 13
3296 36
3297 11
3298 10
3299 16
3300 29
3301 25
3302 14
3303 10
3304 11
3305 19
3306 25
3307 24
3308 10
3309 12
3310 36
3311 11
3312 35
3313 11
3314 16
3315 10
3316 12
3317 38
3318 14
3319 12
3320 12
3321 9
3322 9
3323 14
3324 14
3325 10
3326 12
3327 23
3328 11
3329 13
3330 10
3331 14
3332 10
3333 10
3334 16
3335 14
3336 10
3337 10
3338 10
3339 9
3340 26
3341 24
3342 24
3343 10
3344 9
3345 9
3346 10
3347 13
3348 12
3349 11
3350 10
3351 13
3352 12
3353 12
3354 8
3355 16
3356 14
3357 24
3358 25
3359 10
3360 10
3361 13
3362 24
3363 9
3364 23
3365 12
3366 19
3367 10
3368 7
3369 12
3370 12
3371 12
3372 11
3373 10
3374 10
3375 44
3376 12
3377 10
3378 12
3379 37
3380 11
3381 13
3382 12
3383 8
3384 10
3385 12
3386 11
3387 13
3388 10
3389 21
3390 9
3391 22
3392 12
3393 13
3394 22
3395 11
3396 9
3397 42
3398 37
3399 16
3400 11
3401 21
3402 10
3403 11
3404 12
3405 14
3406 34
3407 11
3408 11
3409 13
3410 11
3411 10
3412 35
3413 8
3414 12
3415 12
3416 25
3417 8
3418 36
3419 11
3420 19
3421 10
3422 8
3423 10
3424 20
3425 24
3426 15
3427 22
3428 10
3429 19
3430 21
3431 8
3432 11
3433 9
3434 10
3435 10
3436 10
3437 19
3438 23
3439 7
3440 10
3441 20
3442 13
3443 16
3444 8
3445 14
3446 10
3447 18
3448 12
3449 10
3450 7
3451 10
3452 10
3453 10
3454 11
3455 12
3456 11
3457 21
3458 11
3459 20
3460 39
3461 24
3462 14
3463 10
3464 36
3465 11
3466 18
3467 10
3468 36
3469 10
3470 24
3471 16
3472 26
3473 8
3474 25
3475 34
3476 10
3477 13
3478 25
3479 10
3480 11
3481 9
3482 13
3483 40
3484 9
3485 17
3486 10
3487 12
3488 41
3489 14
3490 12
3491 12
3492 23
3493 10
3494 10
3495 27
3496 7
3497 24
3498 11
3499 38
3500 46
3501 10
3502 12
3503 22
3504 10
3505 12
3506 14
3507 12
3508 17
3509 10
3510 21
3511 23
3512 12
3513 11
3514 7
3515 10
3516 13
3517 12
3518 10
3519 21
3520 12
3521 22
3522 11
3523 13
3524 21
3525 12
3526 24
3527 12
3528 12
3529 25
3530 20
3531 25
3532 10
3533 27
3534 11
3535 26
3536 23
3537 35
3538 15
3539 12
3540 12
3541 24
3542 24
3543 21
3544 10
3545 15
3546 11
3547 12
3548 18
3549 11
3550 19
3551 8
3552 13
3553 11
3554 35
3555 8
3556 12
3557 10
3558 13
3559 10
3560 10
3561 9
3562 11
3563 27
3564 13
3565 9
3566 22
3567 11
3568 11
3569 20
3570 14
3571 12
3572 10
3573 36
3574 9
3575 13
3576 12
3577 24
3578 10
3579 24
3580 23
3581 20
3582 17
3583 16
3584 14
3585 10
3586 14
3587 11
3588 16
3589 9
3590 10
3591 27
3592 13
3593 13
3594 23
3595 14
3596 16
3597 25
3598 22
3599 17
3600 11
3601 13
3602 12
3603 13
3604 11
3605 37
3606 10
3607 9
3608 11
3609 24
3610 18
3611 10
3612 9
3613 9
3614 32
3615 36
3616 17
3617 11
3618 15
3619 10
3620 12
3621 12
3622 10
3623 12
3624 10
3625 24
3626 13
3627 13
3628 22
3629 16
3630 9
3631 12
3632 11
3633 8
3634 10
3635 9
3636 9
3637 8
3638 16
3639 24
3640 15
3641 10
3642 8
3643 13
3644 12
3645 10
3646 9
3647 9
3648 9
3649 22
3650 24
3651 11
3652 11
3653 9
3654 11
3655 13
3656 12
3657 13
3658 13
3659 11
3660 20
3661 12
3662 22
3663 10
3664 9
3665 10
3666 38
3667 24
3668 11
3669 25
3670 11
3671 11
3672 9
3673 30
3674 36
3675 11
3676 26
3677 25
3678 12
3679 11
3680 10
3681 16
3682 12
3683 38
3684 13
3685 13
3686 11
3687 11
3688 10
3689 13
3690 24
3691 10
3692 10
3693 27
3694 16
3695 11
3696 9
3697 23
3698 11
3699 10
3700 23
3701 40
3702 10
3703 25
3704 16
3705 11
3706 25
3707 12
3708 12
3709 11
3710 22
3711 35
3712 49
3713 24
3714 23
3715 17
3716 10
3717 11
3718 41
3719 17
3720 11
3721 10
3722 34
3723 27
3724 24
3725 26
3726 20
3727 10
3728 22
3729 12
3730 9
3731 16
3732 10
3733 10
3734 11
3735 11
3736 9
3737 10
3738 10
3739 10
3740 12
3741 12
3742 10
3743 10
3744 11
3745 10
3746 23
3747 12
3748 10
3749 10
3750 17
3751 11
3752 10
3753 13
3754 11
3755 15
3756 15
3757 23
3758 11
3759 24
3760 21
3761 10
3762 10
3763 16
3764 12
3765 9
3766 10
3767 11
3768 10
3769 8
3770 16
3771 19
3772 11
3773 21
3774 26
3775 21
3776 34
3777 12
3778 11
3779 9
3780 8
3781 15
3782 11
3783 12
3784 10
3785 10
3786 16
3787 12
3788 9
3789 9
3790 9
3791 9
3792 43
3793 26
3794 22
3795 10
3796 20
3797 26
3798 12
3799 24
3800 13
3801 10
3802 24
3803 11
3804 11
3805 10
3806 12
3807 25
3808 10
3809 17
3810 10
3811 15
3812 19
3813 10
3814 11
3815 13
3816 16
3817 10
3818 9
3819 12
3820 17
3821 11
3822 9
3823 12
3824 17
3825 10
3826 22
3827 17
3828 23
3829 8
3830 7
3831 38
3832 21
3833 10
3834 10
3835 10
3836 16
3837 56
3838 10
3839 12
3840 13
3841 24
3842 11
3843 14
3844 12
3845 11
3846 27
3847 14
3848 10
3849 11
3850 17
3851 10
3852 10
3853 22
3854 12
3855 24
3856 9
3857 11
3858 8
3859 36
3860 15
3861 9
3862 10
3863 12
3864 10
3865 22
3866 10
3867 12
3868 23
3869 23
3870 38
3871 12
3872 47
3873 17
3874 11
3875 10
3876 18
3877 20
3878 7
3879 12
3880 11
3881 25
3882 24
3883 10
3884 11
3885 11
3886 25
3887 13
3888 11
3889 24
3890 10
3891 25
3892 10
3893 10
3894 13
3895 11
3896 25
3897 10
3898 24
3899 15
3900 23
3901 36
3902 18
3903 21
3904 12
3905 17
3906 36
3907 10
3908 10
3909 32
3910 13
3911 13
3912 22
3913 12
3914 10
3915 19
3916 25
3917 16
3918 11
3919 9
3920 57
3921 36
3922 21
3923 17
3924 24
3925 19
3926 11
3927 16
3928 11
3929 36
3930 24
3931 10
3932 10
3933 13
3934 12
3935 21
3936 17
3937 18
3938 24
3939 12
3940 11
3941 21
3942 10
3943 13
3944 12
3945 10
3946 26
3947 10
3948 11
3949 12
3950 9
3951 13
3952 11
3953 25
3954 11
3955 10
3956 15
3957 12
3958 12
3959 10
3960 11
3961 24
3962 12
3963 17
3964 22
3965 11
3966 13
3967 21
3968 21
3969 23
3970 10
3971 9
3972 11
3973 19
3974 10
3975 16
3976 16
3977 14
3978 13
3979 11
3980 12
3981 16
3982 23
3983 24
3984 13
3985 14
3986 10
3987 8
3988 11
3989 11
3990 39
3991 10
3992 19
3993 23
3994 10
3995 13
3996 22
3997 21
3998 11
3999 37
4000 12
4001 12
4002 10
4003 36
4004 10
4005 32
4006 18
4007 22
4008 10
4009 25
4010 10
4011 12
4012 12
4013 10
4014 10
4015 13
4016 18
4017 26
4018 15
4019 12
4020 10
4021 9
4022 9
4023 10
4024 18
4025 23
4026 10
4027 35
4028 35
4029 13
4030 13
4031 10
4032 10
4033 21
4034 10
4035 28
4036 17
4037 24
4038 8
4039 22
4040 11
4041 23
4042 10
4043 23
4044 12
4045 12
4046 9
4047 25
4048 11
4049 7
4050 8
4051 23
4052 9
4053 11
4054 8
4055 22
4056 11
4057 11
4058 14
4059 23
4060 13
4061 12
4062 21
4063 19
4064 12
4065 10
4066 13
4067 11
4068 36
4069 19
4070 13
4071 10
4072 22
4073 23
4074 11
4075 15
4076 10
4077 10
4078 26
4079 24
4080 13
4081 11
4082 8
4083 10
4084 10
4085 13
4086 12
4087 18
4088 10
4089 11
4090 10
4091 10
4092 12
4093 10
4094 9
4095 9
4096 9
4097 12
4098 12
4099 10
4100 23
4101 12
4102 11
4103 23
4104 10
4105 10
4106 16
4107 10
4108 12
4109 11
4110 13
4111 10
4112 9
4113 10
4114 10
4115 25
4116 11
4117 36
4118 8
4119 10
4120 16
4121 13
4122 35
4123 10
4124 13
4125 10
4126 23
4127 10
4128 10
4129 11
4130 7
4131 34
4132 14
4133 10
4134 23
4135 21
4136 10
4137 18
4138 14
4139 20
4140 17
4141 15
4142 25
4143 27
4144 12
4145 9
4146 9
4147 9
4148 13
4149 12
4150 12
4151 10
4152 9
4153 9
4154 43
4155 29
4156 12
4157 10
4158 10
4159 10
4160 29
4161 13
4162 10
4163 13
4164 10
4165 10
4166 15
4167 10
4168 25
4169 16
4170 11
4171 13
4172 16
4173 23
4174 11
4175 13
4176 24
4177 26
4178 19
4179 10
4180 10
4181 10
4182 10
4183 21
4184 11
4185 10
4186 11
4187 17
4188 37
4189 14
4190 11
4191 21
4192 17
4193 21
4194 13
4195 9
4196 16
4197 20
4198 10
4199 25
4200 20
4201 14
4202 23
4203 17
4204 12
4205 41
4206 13
4207 11
4208 8
4209 10
4210 10
4211 24
4212 15
4213 9
4214 11
4215 10
4216 17
4217 10
4218 14
4219 13
4220 23
4221 13
4222 11
4223 11
4224 10
4225 12
4226 20
4227 10
4228 13
4229 12
4230 19
4231 22
4232 10
4233 12
4234 13
4235 19
4236 10
4237 18
4238 11
4239 11
4240 13
4241 12
4242 23
4243 11
4244 23
4245 11
4246 25
4247 16
4248 10
4249 22
4250 10
4251 13
4252 18
4253 10
4254 10
4255 12
4256 9
4257 17
4258 16
4259 21
4260 16
4261 10
4262 10
4263 14
4264 13
4265 10
4266 12
4267 10
4268 12
4269 10
4270 21
4271 11
4272 10
4273 9
4274 26
4275 22
4276 8
4277 22
4278 10
4279 36
4280 25
4281 10
4282 15
4283 24
4284 10
4285 16
4286 12
4287 22
4288 20
4289 35
4290 11
4291 13
4292 10
4293 24
4294 27
4295 9
4296 24
4297 12
4298 11
4299 11
4300 10
4301 11
4302 25
4303 10
4304 11
4305 13
4306 7
4307 10
4308 12
4309 10
4310 12
4311 11
4312 11
4313 62
4314 10
4315 12
4316 10
4317 7
4318 10
4319 13
4320 12
4321 10
4322 11
4323 12
4324 36
4325 36
4326 8
4327 11
4328 28
4329 26
4330 14
4331 8
4332 10
4333 13
4334 10
4335 14
4336 31
4337 16
4338 9
4339 10
4340 11
4341 20
4342 44
4343 16
4344 12
4345 19
4346 11
4347 14
4348 10
4349 10
4350 10
4351 10
4352 11
4353 14
4354 35
4355 10
4356 21
4357 12
4358 10
4359 13
4360 25
4361 11
4362 12
4363 13
4364 13
4365 12
4366 24
4367 23
4368 24
4369 16
4370 13
4371 12
4372 22
4373 22
4374 23
4375 16
4376 15
4377 10
4378 18
4379 20
4380 35
4381 24
4382 12
4383 23
4384 38
4385 10
4386 12
4387 12
4388 9
4389 10
4390 11
4391 10
4392 10
4393 14
4394 26
4395 11
4396 24
4397 17
4398 12
4399 10
4400 22
4401 10
4402 10
4403 10
4404 13
4405 10
4406 9
4407 10
4408 10
4409 9
4410 11
4411 13
4412 35
4413 12
4414 16
4415 15
4416 23
4417 10
4418 10
4419 23
4420 10
4421 12
4422 13
4423 21
4424 12
4425 10
4426 10
4427 14
4428 22
4429 35
4430 11
4431 11
4432 12
4433 21
4434 10
4435 17
4436 11
4437 10
4438 7
4439 27
4440 12
4441 10
4442 9
4443 10
4444 13
4445 16
4446 22
4447 10
4448 9
4449 10
4450 17
4451 11
4452 14
4453 11
4454 10
4455 9
4456 11
4457 35
4458 12
4459 22
4460 10
4461 13
4462 10
4463 23
4464 11
4465 12
4466 11
4467 13
4468 10
4469 10
4470 10
4471 9
4472 11
4473 12
4474 12
4475 12
4476 16
4477 8
4478 14
4479 16
4480 27
4481 10
4482 9
4483 8
4484 18
4485 10
4486 12
4487 18
4488 10
4489 9
4490 16
4491 11
4492 18
4493 10
4494 17
4495 11
4496 15
4497 11
4498 11
4499 22
4500 10
4501 29
4502 11
4503 8
4504 22
4505 10
4506 23
4507 19
4508 10
4509 10
4510 22
4511 10
4512 12
4513 9
4514 12
4515 13
4516 19
4517 15
4518 12
4519 43
4520 16
4521 10
4522 19
4523 12
4524 11
4525 17
4526 17
4527 10
4528 34
4529 11
4530 23
4531 12
4532 10
4533 27
4534 22
4535 13
4536 25
4537 9
4538 21
4539 36
4540 11
4541 11
4542 10
4543 10
4544 10
4545 22
4546 13
4547 11
4548 12
4549 8
4550 9
4551 10
4552 14
4553 10
4554 10
4555 10
4556 35
4557 11
4558 20
4559 12
4560 24
4561 11
4562 11
4563 11
4564 11
4565 20
4566 10
4567 13
4568 11
4569 11
4570 34
4571 16
4572 10
4573 20
4574 13
4575 13
4576 10
4577 10
4578 10
4579 11
4580 12
4581 23
4582 18
4583 15
4584 16
4585 21
4586 36
4587 11
4588 8
4589 10
4590 12
4591 10
4592 11
4593 11
4594 10
4595 35
4596 11
4597 10
4598 11
4599 10
4600 19
4601 27
4602 10
4603 17
4604 21
4605 10
4606 24
4607 17
4608 21
4609 21
4610 17
4611 10
4612 11
4613 12
4614 22
4615 11
4616 15
4617 14
4618 24
4619 24
4620 12
4621 23
4622 15
4623 11
4624 12
4625 11
4626 12
4627 11
4628 10
4629 12
4630 11
4631 26
4632 7
4633 24
4634 11
4635 17
4636 11
4637 11
4638 25
4639 9
4640 27
4641 10
4642 12
4643 10
4644 10
4645 21
4646 7
4647 10
4648 14
4649 24
4650 10
4651 12
4652 12
4653 11
4654 10
4655 10
4656 11
4657 20
4658 10
4659 22
4660 11
4661 10
4662 23
4663 10
4664 23
4665 21
4666 12
4667 13
4668 10
4669 17
4670 10
4671 15
4672 9
4673 13
4674 10
4675 10
4676 11
4677 11
4678 13
4679 12
4680 11
4681 11
4682 11
4683 10
4684 12
4685 10
4686 9
4687 9
4688 16
4689 10
4690 11
4691 21
4692 19
4693 10
4694 28
4695 24
4696 17
4697 13
4698 11
4699 12
4700 10
4701 12
4702 11
4703 12
4704 10
4705 21
4706 20
4707 22
4708 11
4709 22
4710 13
4711 26
4712 8
4713 10
4714 12
4715 10
4716 12
4717 14
4718 37
4719 12
4720 16
4721 8
4722 23
4723 10
4724 11
4725 21
4726 10
4727 10
4728 20
4729 10
4730 12
4731 10
4732 10
4733 10
4734 11
4735 13
4736 11
4737 23
4738 10
4739 12
4740 21
4741 12
4742 10
4743 10
4744 11
4745 26
4746 12
4747 13
4748 9
4749 24
4750 12
4751 26
4752 11
4753 12
4754 17
4755 10
4756 26
4757 11
4758 11
4759 10
4760 9
4761 9
4762 10
4763 18
4764 8
4765 11
4766 36
4767 11
4768 13
4769 12
4770 11
4771 12
4772 10
4773 22
4774 11
4775 18
4776 25
4777 10
4778 11
4779 10
4780 21
4781 12
4782 19
4783 11
4784 24
4785 12
4786 24
4787 12
4788 34
4789 12
4790 12
4791 14
4792 11
4793 11
4794 8
4795 23
4796 10
4797 13
4798 11
4799 10
4800 36
4801 22
4802 50
4803 24
4804 11
4805 10
4806 7
4807 10
4808 13
4809 10
4810 11
4811 10
4812 11
4813 18
4814 12
4815 13
4816 35
4817 12
4818 12
4819 12
4820 13
4821 17
4822 12
4823 10
4824 23
4825 25
4826 12
4827 10
4828 12
4829 12
4830 17
4831 14
4832 12
4833 10
4834 10
4835 10
4836 25
4837 15
4838 12
4839 20
4840 10
4841 15
4842 16
4843 14
4844 9
4845 9
4846 12
4847 10
4848 17
4849 11
4850 10
4851 12
4852 10
4853 10
4854 50
4855 14
4856 10
4857 13
4858 21
4859 47
4860 17
4861 10
4862 9
4863 16
4864 8
4865 12
4866 11
4867 9
4868 36
4869 10
4870 11
4871 14
4872 10
4873 10
4874 23
4875 10
4876 12
4877 14
4878 10
4879 11
4880 15
4881 15
4882 13
4883 22
4884 24
4885 8
4886 10
4887 25
4888 13
4889 9
4890 9
4891 9
4892 9
4893 11
4894 21
4895 11
4896 10
4897 11
4898 10
4899 12
4900 15
4901 12
4902 10
4903 10
4904 19
4905 15
4906 10
4907 26
4908 11
4909 10
4910 10
4911 32
4912 10
4913 16
4914 8
4915 10
4916 11
4917 14
4918 20
4919 12
4920 17
4921 17
4922 14
4923 35
4924 10
4925 13
4926 36
4927 8
4928 17
4929 10
4930 8
4931 12
4932 16
4933 21
4934 22
4935 20
4936 10
4937 16
4938 24
4939 18
4940 10
4941 12
4942 10
4943 23
4944 11
4945 14
4946 19
4947 10
4948 12
4949 10
4950 13
4951 26
4952 11
4953 23
4954 22
4955 10
4956 20
4957 24
4958 21
4959 21
4960 9
4961 44
4962 10
4963 11
4964 10
4965 24
4966 8
4967 15
4968 10
4969 22
4970 11
4971 22
4972 38
4973 19
4974 10
4975 10
4976 16
4977 21
4978 25
4979 13
4980 8
4981 36
4982 17
4983 12
4984 18
4985 16
4986 10
4987 10
4988 12
4989 24
4990 27
4991 12
4992 9
4993 10
4994 10
4995 14
4996 12
4997 12
4998 7
4999 9
5000 19
5001 15
5002 21
5003 11
5004 13
5005 9
5006 33
5007 12
5008 9
5009 16
5010 7
5011 9
5012 13
5013 20
5014 14
5015 10
5016 10
5017 14
5018 27
5019 13
5020 10
5021 10
5022 14
5023 38
5024 10
5025 11
5026 25
5027 11
5028 82
5029 18
5030 10
5031 10
5032 10
5033 15
5034 19
5035 18
5036 14
5037 10
5038 16
5039 16
5040 13
5041 24
5042 11
5043 11
5044 10
5045 13
5046 16
5047 10
5048 22
5049 10
5050 12
5051 14
5052 12
5053 21
5054 17
5055 10
5056 13
5057 13
5058 12
5059 26
5060 12
5061 13
5062 26
5063 10
5064 22
5065 10
5066 20
5067 18
5068 10
5069 8
5070 10
5071 20
5072 10
5073 29
5074 21
5075 21
5076 10
5077 11
5078 12
5079 11
5080 13
5081 10
5082 11
5083 26
5084 12
5085 13
5086 10
5087 16
5088 21
5089 11
5090 11
5091 13
5092 8
5093 11
5094 26
5095 12
5096 10
5097 37
5098 11
5099 12
5100 12
5101 12
5102 12
5103 7
5104 22
5105 11
5106 9
5107 39
5108 10
5109 11
5110 10
5111 11
5112 11
5113 16
5114 10
5115 12
5116 24
5117 10
5118 13
5119 19
5120 8
5121 23
5122 18
5123 29
5124 11
5125 10
5126 24
5127 15
5128 11
5129 28
5130 10
5131 26
5132 10
5133 20
5134 27
5135 17
5136 11
5137 15
5138 13
5139 10
5140 13
5141 11
5142 10
5143 8
5144 10
5145 21
5146 26
5147 8
5148 9
5149 12
5150 17
5151 15
5152 11
5153 9
5154 12
5155 11
5156 13
5157 12
5158 17
5159 10
5160 23
5161 39
5162 10
5163 23
5164 10
5165 26
5166 12
5167 12
5168 29
5169 22
5170 13
5171 11
5172 41
5173 13
5174 23
5175 10
5176 13
5177 12
5178 22
5179 25
5180 8
5181 8
5182 24
5183 20
5184 11
5185 9
5186 12
5187 23
5188 7
5189 14
5190 12
5191 8
5192 10
5193 7
5194 13
5195 14
5196 11
5197 11
5198 10
5199 11
5200 24
5201 12
5202 12
5203 21
5204 10
5205 11
5206 24
5207 14
5208 11
5209 11
5210 24
5211 13
5212 10
5213 10
5214 24
5215 7
5216 24
5217 26
5218 13
5219 8
5220 12
5221 24
5222 26
5223 11
5224 21
5225 12
5226 22
5227 11
5228 13
5229 12
5230 35
5231 7
5232 17
5233 12
5234 16
5235 12
5236 24
5237 12
5238 11
5239 13
5240 10
5241 11
5242 26
5243 12
5244 14
5245 21
5246 12
5247 10
5248 10
5249 10
5250 24
5251 37
5252 11
5253 10
5254 10
5255 96
5256 25
5257 28
5258 18
5259 16
5260 10
5261 12
5262 11
5263 10
5264 16
5265 10
5266 26
5267 19
5268 24
5269 11
5270 10
5271 8
5272 24
5273 14
5274 24
5275 10
5276 22
5277 11
5278 13
5279 13
5280 21
5281 12
5282 38
5283 8
5284 12
5285 22
5286 10
5287 11
5288 23
5289 11
5290 24
5291 10
5292 10
5293 12
5294 26
5295 10
5296 25
5297 21
5298 10
5299 44
5300 10
5301 12
5302 10
5303 11
5304 12
5305 10
5306 9
5307 13
5308 10
5309 12
5310 10
5311 10
5312 27
5313 21
5314 10
5315 11
5316 23
5317 24
5318 19
5319 17
5320 22
5321 10
5322 22
5323 12
5324 10
5325 12
5326 11
5327 11
5328 8
5329 27
5330 10
5331 19
5332 21
5333 12
5334 12
5335 9
5336 23
5337 13
5338 16
5339 12
5340 24
5341 24
5342 18
5343 24
5344 14
5345 10
5346 14
5347 11
5348 11
5349 10
5350 14
5351 20
5352 21
5353 22
5354 12
5355 25
5356 48
5357 15
5358 7
5359 10
5360 24
5361 23
5362 13
5363 15
5364 10
5365 14
5366 10
5367 25
5368 13
5369 10
5370 9
5371 21
5372 11
5373 14
5374 10
5375 11
5376 26
5377 13
5378 12
5379 15
5380 19
5381 10
5382 10
5383 40
5384 11
5385 21
5386 21
5387 11
5388 10
5389 12
5390 13
5391 10
5392 12
5393 8
5394 26
5395 23
5396 25
5397 11
5398 10
5399 69
5400 12
5401 12
5402 8
5403 12
5404 10
5405 25
5406 49
5407 24
5408 10
5409 34
5410 12
5411 11
5412 12
5413 24
5414 10
5415 10
5416 12
5417 11
5418 11
5419 13
5420 23
5421 16
5422 25
5423 24
5424 10
5425 9
5426 26
5427 21
5428 17
5429 44
5430 16
5431 11
5432 11
5433 13
5434 11
5435 24
5436 10
5437 16
5438 17
5439 21
5440 48
5441 10
5442 11
5443 12
5444 11
5445 11
5446 12
5447 12
5448 10
5449 11
5450 13
5451 22
5452 23
5453 9
5454 24
5455 22
5456 10
5457 26
5458 21
5459 11
5460 12
5461 12
5462 12
5463 11
5464 19
5465 11
5466 10
5467 37
5468 10
5469 9
5470 10
5471 12
5472 10
5473 42
5474 24
5475 11
5476 12
5477 10
5478 11
5479 18
5480 20
5481 14
5482 10
5483 13
5484 54
5485 8
5486 22
5487 13
5488 13
5489 36
5490 22
5491 10
5492 23
5493 12
5494 10
5495 16
5496 13
5497 24
5498 12
5499 14
5500 21
5501 23
5502 20
5503 12
5504 19
5505 12
5506 10
5507 22
5508 16
5509 26
5510 8
5511 23
5512 25
5513 13
5514 10
5515 11
5516 22
5517 10
5518 11
5519 10
5520 14
5521 36
5522 9
5523 12
5524 10
5525 22
5526 10
5527 9
5528 35
5529 26
5530 21
5531 27
5532 10
5533 20
5534 16
5535 10
5536 21
5537 12
5538 26
5539 35
5540 13
5541 16
5542 24
5543 10
5544 12
5545 12
5546 13
5547 8
5548 14
5549 8
5550 23
5551 13
5552 14
5553 18
5554 10
5555 25
5556 8
5557 14
5558 9
5559 25
5560 10
5561 21
5562 11
5563 12
5564 12
5565 10
5566 10
5567 20
5568 11
5569 10
5570 21
5571 10
5572 22
5573 22
5574 14
5575 9
5576 9
5577 24
5578 10
5579 15
5580 12
5581 20
5582 34
5583 23
5584 9
5585 19
5586 15
5587 12
5588 10
5589 12
5590 35
5591 13
5592 10
5593 12
5594 10
5595 24
5596 27
5597 10
5598 12
5599 10
5600 12
5601 20
5602 24
5603 18
5604 8
5605 10
5606 26
5607 31
5608 12
5609 20
5610 22
5611 17
5612 8
5613 22
5614 8
5615 13
5616 11
5617 18
5618 11
5619 13
5620 11
5621 26
5622 17
5623 10
5624 35
5625 10
5626 11
5627 9
5628 12
5629 10
5630 25
5631 12
5632 49
5633 9
5634 22
5635 45
5636 24
5637 11
5638 10
5639 10
5640 16
5641 18
5642 56
5643 37
5644 11
5645 24
5646 11
5647 10
5648 12
5649 34
5650 8
5651 18
5652 20
5653 8
5654 10
5655 26
5656 10
5657 11
5658 9
5659 16
5660 11
5661 17
5662 10
5663 12
5664 35
5665 36
5666 13
5667 11
5668 10
5669 25
5670 11
5671 10
5672 11
5673 12
5674 11
5675 25
5676 11
5677 11
5678 10
5679 25
5680 13
5681 10
5682 10
5683 39
5684 10
5685 13
5686 21
5687 10
5688 12
5689 10
5690 23
5691 12
5692 11
5693 24
5694 22
5695 23
5696 12
5697 10
5698 11
5699 26
5700 16
5701 11
5702 28
5703 26
5704 12
5705 11
5706 12
5707 12
5708 14
5709 8
5710 10
5711 11
5712 13
5713 13
5714 23
5715 10
5716 12
5717 12
5718 21
5719 23
5720 12
5721 18
5722 10
5723 10
5724 28
5725 36
5726 14
5727 35
5728 12
5729 10
5730 24
5731 16
5732 14
5733 37
5734 21
5735 13
5736 44
5737 25
5738 11
5739 7
5740 25
5741 12
5742 10
5743 25
5744 11
5745 25
5746 51
5747 24
5748 23
5749 16
5750 10
5751 10
5752 26
5753 15
5754 15
5755 38
5756 11
5757 23
5758 11
5759 17
5760 12
5761 10
5762 10
5763 12
5764 12
5765 24
5766 12
5767 20
5768 16
5769 24
5770 14
5771 21
5772 25
5773 24
5774 46
5775 10
5776 12
5777 26
5778 8
5779 11
5780 12
5781 10
5782 13
5783 19
5784 11
5785 26
5786 10
5787 12
5788 11
5789 17
5790 11
5791 14
5792 23
5793 35
5794 13
5795 10
5796 17
5797 11
5798 11
5799 19
5800 10
5801 37
5802 29
5803 10
5804 36
5805 12
5806 10
5807 12
5808 17
5809 16
5810 14
5811 25
5812 11
5813 20
5814 13
5815 18
5816 27
5817 10
5818 15
5819 12
5820 18
5821 25
5822 11
5823 10
5824 12
5825 13
5826 10
5827 24
5828 16
5829 10
5830 9
5831 10
5832 13
5833 9
5834 10
5835 14
5836 24
5837 21
5838 12
5839 12
5840 10
5841 11
5842 27
5843 23
5844 12
5845 25
5846 24
5847 10
5848 11
5849 23
5850 13
5851 10
5852 48
5853 26
5854 11
5855 12
5856 18
5857 12
5858 11
5859 23
5860 12
5861 10
5862 16
5863 11
5864 24
5865 11
5866 10
5867 14
5868 11
5869 12
5870 10
5871 11
5872 8
5873 35
5874 27
5875 9
5876 22
5877 25
5878 21
5879 7
5880 25
5881 23
5882 11
5883 21
5884 12
5885 13
5886 10
5887 20
5888 15
5889 10
5890 10
5891 14
5892 11
5893 11
5894 10
5895 25
5896 12
5897 20
5898 25
5899 17
5900 10
5901 23
5902 12
5903 35
5904 11
5905 13
5906 10
5907 28
5908 7
5909 12
5910 10
5911 15
5912 8
5913 12
5914 12
5915 12
5916 12
5917 23
5918 10
5919 13
5920 10
5921 17
5922 23
5923 12
5924 49
5925 10
5926 13
5927 12
5928 10
5929 21
5930 12
5931 10
5932 25
5933 22
5934 10
5935 11
5936 10
5937 25
5938 21
5939 10
5940 12
5941 11
5942 12
5943 11
5944 22
5945 10
5946 27
5947 10
5948 17
5949 25
5950 10
5951 11
5952 21
5953 9
5954 17
5955 13
5956 10
5957 22
5958 21
5959 21
5960 24
5961 17
5962 23
5963 16
5964 12
5965 10
5966 11
5967 11
5968 21
5969 11
5970 16
5971 11
5972 10
5973 11
5974 8
5975 11
5976 11
5977 10
5978 20
5979 14
5980 41
5981 14
5982 32
5983 13
5984 8
5985 12
5986 9
5987 10
5988 13
5989 21
5990 37
5991 10
5992 10
5993 22
5994 14
5995 23
5996 24
5997 22
5998 9
5999 242
6000 28
6001 12
6002 10
6003 35
6004 13
6005 21
6006 12
6007 24
6008 24
6009 22
6010 10
6011 11
6012 13
6013 9
6014 11
6015 10
6016 11
6017 10
6018 14
6019 10
6020 10
6021 10
6022 12
6023 11
6024 17
6025 10
6026 11
6027 12
6028 14
6029 28
6030 17
6031 10
6032 12
6033 11
6034 11
6035 24
6036 22
6037 11
6038 15
6039 10
6040 12
6041 10
6042 22
6043 10
6044 25
6045 12
6046 37
6047 24
6048 12
6049 23
6050 10
6051 28
6052 10
6053 23
6054 9
6055 19
6056 12
6057 28
6058 13
6059 12
6060 10
6061 25
6062 19
6063 23
6064 13
6065 10
6066 13
6067 13
6068 13
6069 24
6070 10
6071 17
6072 53
6073 25
6074 22
6075 10
6076 22
6077 17
6078 12
6079 14
6080 10
6081 24
6082 11
6083 13
6084 12
6085 12
6086 10
6087 12
6088 21
6089 18
6090 57
6091 24
6092 10
6093 13
6094 24
6095 21
6096 11
6097 12
6098 11
6099 7
6100 12
6101 21
6102 26
6103 10
6104 9
6105 23
6106 14
6107 12
6108 13
6109 12
6110 44
6111 12
6112 24
6113 20
6114 10
6115 10
6116 12
6117 22
6118 24
6119 24
6120 16
6121 23
6122 16
6123 21
6124 11
6125 10
6126 25
6127 10
6128 25
6129 12
6130 24
6131 18
6132 10
6133 22
6134 10
6135 15
6136 20
6137 10
6138 23
6139 7
6140 13
6141 13
6142 24
6143 11
6144 22
6145 13
6146 25
6147 13
6148 23
6149 11
6150 8
6151 13
6152 27
6153 10
6154 10
6155 10
6156 10
6157 11
6158 11
6159 10
6160 22
6161 15
6162 12
6163 15
6164 13
6165 9
6166 12
6167 12
6168 26
6169 11
6170 36
6171 10
6172 13
6173 27
6174 12
6175 35
6176 21
6177 7
6178 21
6179 13
6180 13
6181 11
6182 10
6183 10
6184 10
6185 37
6186 22
6187 25
6188 21
6189 36
6190 28
6191 14
6192 23
6193 14
6194 16
6195 15
6196 27
6197 27
6198 12
6199 12
6200 17
6201 24
6202 47
6203 13
6204 10
6205 28
6206 10
6207 26
6208 23
6209 25
6210 11
6211 10
6212 27
6213 43
6214 12
6215 12
6216 17
6217 23
6218 21
6219 23
6220 15
6221 22
6222 12
6223 18
6224 27
6225 15
6226 19
6227 17
6228 10
6229 24
6230 49
6231 10
6232 25
6233 8
6234 11
6235 23
6236 12
6237 10
6238 10
6239 11
6240 10
6241 16
6242 11
6243 9
6244 17
6245 25
6246 12
6247 11
6248 16
6249 17
6250 10
6251 25
6252 13
6253 13
6254 13
6255 10
6256 12
6257 13
6258 12
6259 12
6260 11
6261 10
6262 22
6263 24
6264 46
6265 10
6266 11
6267 9
6268 12
6269 29
6270 10
6271 9
6272 10
6273 22
6274 15
6275 12
6276 22
6277 10
6278 34
6279 11
6280 13
6281 25
6282 22
6283 12
6284 12
6285 17
6286 13
6287 36
6288 8
6289 22
6290 158
6291 16
6292 25
6293 8
6294 23
6295 10
6296 12
6297 17
6298 12
6299 9
6300 21
6301 8
6302 15
6303 25
6304 12
6305 37
6306 8
6307 12
6308 13
6309 10
6310 12
6311 8
6312 38
6313 12
6314 12
6315 25
6316 10
6317 13
6318 10
6319 14
6320 11
6321 11
6322 13
6323 10
6324 35
6325 29
6326 23
6327 24
6328 9
6329 23
6330 15
6331 22
6332 15
6333 23
6334 10
6335 11
6336 24
6337 15
6338 23
6339 9
6340 8
6341 11
6342 15
6343 12
6344 17
6345 12
6346 10
6347 11
6348 24
6349 11
6350 17
6351 10
6352 9
6353 14
6354 10
6355 27
6356 21
6357 12
6358 25
6359 13
6360 14
6361 10
6362 25
6363 10
6364 15
6365 27
6366 16
6367 21
6368 10
6369 127
6370 18
6371 9
6372 7
6373 15
6374 10
6375 12
6376 11
6377 10
6378 10
6379 23
6380 18
6381 12
6382 14
6383 10
6384 10
6385 22
6386 65
6387 12
6388 10
6389 12
6390 13
6391 10
6392 13
6393 10
6394 16
6395 14
6396 12
6397 26
6398 15
6399 20
6400 22
6401 7
6402 35
6403 22
6404 11
6405 9
6406 10
6407 37
6408 12
6409 24
6410 10
6411 13
6412 21
6413 19
6414 13
6415 24
6416 10
6417 16
6418 23
6419 22
6420 11
6421 10
6422 10
6423 10
6424 10
6425 13
6426 12
6427 11
6428 22
6429 11
6430 9
6431 13
6432 15
6433 10
6434 10
6435 13
6436 11
6437 18
6438 10
6439 10
6440 26
6441 12
6442 13
6443 13
6444 10
6445 12
6446 11
6447 16
6448 32
6449 25
6450 10
6451 10
6452 7
6453 13
6454 22
6455 12
6456 17
6457 8
6458 8
6459 11
6460 24
6461 7
6462 21
6463 12
6464 11
6465 15
6466 9
6467 19
6468 12
6469 10
6470 24
6471 24
6472 12
6473 10
6474 8
6475 19
6476 9
6477 24
6478 11
6479 21
6480 13
6481 23
6482 15
6483 10
6484 25
6485 9
6486 10
6487 15
6488 15
6489 12
6490 18
6491 10
6492 18
6493 25
6494 25
6495 24
6496 13
6497 10
6498 11
6499 22
6500 10
6501 10
6502 10
6503 18
6504 18
6505 26
6506 12
6507 22
6508 11
6509 10
6510 14
6511 10
6512 10
6513 24
6514 10
6515 34
6516 13
6517 9
6518 10
6519 12
6520 10
6521 22
6522 13
6523 19
6524 20
6525 24
6526 22
6527 12
6528 14
6529 22
6530 9
6531 23
6532 13
6533 25
6534 12
6535 10
6536 10
6537 13
6538 23
6539 14
6540 16
6541 22
6542 11
6543 18
6544 14
6545 16
6546 12
6547 10
6548 26
6549 32
6550 10
6551 25
6552 21
6553 11
6554 11
6555 22
6556 10
6557 11
6558 22
6559 12
6560 15
6561 12
6562 10
6563 10
6564 22
6565 13
6566 25
6567 10
6568 25
6569 18
6570 10
6571 21
6572 11
6573 13
6574 10
6575 11
6576 10
6577 17
6578 14
6579 10
6580 11
6581 12
6582 10
6583 15
6584 11
6585 13
6586 11
6587 11
6588 27
6589 23
6590 9
6591 10
6592 17
6593 40
6594 17
6595 11
6596 11
6597 23
6598 12
6599 16
6600 10
6601 12
6602 10
6603 16
6604 11
6605 12
6606 12
6607 36
6608 16
6609 10
6610 11
6611 24
6612 15
6613 11
6614 8
6615 16
6616 16
6617 11
6618 11
6619 15
6620 9
6621 27
6622 26
6623 11
6624 10
6625 25
6626 10
6627 14
6628 11
6629 22
6630 10
6631 14
6632 9
6633 14
6634 10
6635 11
6636 22
6637 35
6638 13
6639 17
6640 11
6641 11
6642 10
6643 12
6644 17
6645 12
6646 24
6647 10
6648 11
6649 27
6650 16
6651 12
6652 11
6653 9
6654 12
6655 24
6656 21
6657 19
6658 11
6659 9
6660 53
6661 34
6662 11
6663 10
6664 11
6665 18
6666 13
6667 9
6668 9
6669 9
6670 9
6671 10
6672 22
6673 13
6674 11
6675 24
6676 22
6677 40
6678 10
6679 11
6680 10
6681 10
6682 8
6683 14
6684 14
6685 25
6686 10
6687 25
6688 15
6689 24
6690 10
6691 16
6692 8
6693 12
6694 11
6695 12
6696 18
6697 10
6698 11
6699 21
6700 12
6701 10
6702 9
6703 10
6704 9
6705 9
6706 14
6707 13
6708 55
6709 10
6710 11
6711 11
6712 13
6713 10
6714 23
6715 9
6716 21
6717 22
6718 47
6719 19
6720 24
6721 14
6722 16
6723 18
6724 12
6725 21
6726 10
6727 25
6728 10
6729 13
6730 11
6731 10
6732 13
6733 10
6734 12
6735 12
6736 27
6737 10
6738 25
6739 10
6740 27
6741 12
6742 10
6743 12
6744 20
6745 12
6746 16
6747 10
6748 11
6749 18
6750 17
6751 12
6752 18
6753 10
6754 10
6755 12
6756 22
6757 24
6758 17
6759 22
6760 12
6761 22
6762 16
6763 26
6764 8
6765 10
6766 12
6767 21
6768 14
6769 17
6770 10
6771 10
6772 8
6773 31
6774 18
6775 10
6776 10
6777 21
6778 23
6779 12
6780 9
6781 9
6782 13
6783 16
6784 11
6785 42
6786 10
6787 13
6788 17
6789 8
6790 18
6791 13
6792 8
6793 11
6794 35
6795 30
6796 7
6797 10
6798 14
6799 10
6800 9
6801 30
6802 37
6803 21
6804 10
6805 8
6806 16
6807 24
6808 10
6809 11
6810 24
6811 10
6812 14
6813 21
6814 17
6815 22
6816 8
6817 12
6818 26
6819 10
6820 10
6821 13
6822 22
6823 19
6824 18
6825 10
6826 20
6827 10
6828 21
6829 14
6830 21
6831 10
6832 11
6833 11
6834 11
6835 13
6836 8
6837 20
6838 23
6839 25
6840 14
6841 10
6842 13
6843 10
6844 12
6845 13
6846 18
6847 11
6848 8
6849 10
6850 10
6851 27
6852 35
6853 21
6854 11
6855 12
6856 26
6857 11
6858 13
6859 8
6860 10
6861 11
6862 39
6863 27
6864 12
6865 10
6866 10
6867 10
6868 28
6869 10
6870 12
6871 11
6872 19
6873 14
6874 9
6875 17
6876 11
6877 11
6878 12
6879 15
6880 14
6881 12
6882 12
6883 11
6884 16
6885 18
6886 10
6887 20
6888 10
6889 24
6890 13
6891 12
6892 12
6893 17
6894 16
6895 16
6896 11
6897 16
6898 18
6899 7
6900 37
6901 14
6902 17
6903 11
6904 10
6905 9
6906 10
6907 18
6908 11
6909 10
6910 19
6911 14
6912 12
6913 10
6914 12
6915 16
6916 10
6917 10
6918 40
6919 11
6920 17
6921 10
6922 9
6923 13
6924 13
6925 10
6926 10
6927 15
6928 10
6929 39
6930 9
6931 10
6932 16
6933 12
6934 21
6935 13
6936 10
6937 14
6938 21
6939 17
6940 14
6941 26
6942 10
6943 24
6944 37
6945 36
6946 14
6947 12
6948 21
6949 14
6950 11
6951 11
6952 14
6953 10
6954 10
6955 12
6956 11
6957 18
6958 12
6959 24
6960 10
6961 10
6962 12
6963 7
6964 17
6965 11
6966 16
6967 10
6968 36
6969 10
6970 24
6971 24
6972 34
6973 11
6974 13
6975 13
6976 8
6977 9
6978 15
6979 17
6980 10
6981 10
6982 9
6983 24
6984 10
6985 36
6986 10
6987 23
6988 10
6989 23
6990 14
6991 15
6992 10
6993 10
6994 25
6995 11
6996 52
6997 10
6998 11
6999 10
7000 12
7001 7
7002 18
7003 10
7004 12
7005 14
7006 21
7007 23
7008 18
7009 8
7010 10
7011 13
7012 13
7013 13
7014 30
7015 22
7016 25
7017 10
7018 12
7019 26
7020 21
7021 7
7022 13
7023 12
7024 12
7025 15
7026 11
7027 23
7028 10
7029 27
7030 7
7031 18
7032 11
7033 25
7034 19
7035 23
7036 25
7037 27
7038 10
7039 22
7040 14
7041 23
7042 15
7043 8
7044 13
7045 11
7046 12
7047 13
7048 11
7049 27
7050 11
7051 25
7052 10
7053 27
7054 10
7055 13
7056 21
7057 10
7058 25
7059 26
7060 22
7061 9
7062 10
7063 12
7064 12
7065 25
7066 10
7067 9
7068 10
7069 13
7070 19
7071 10
7072 10
7073 7
7074 7
7075 10
7076 15
7077 9
7078 23
7079 34
7080 18
7081 15
7082 16
7083 11
7084 10
7085 9
7086 12
7087 11
7088 12
7089 12
7090 9
7091 16
7092 13
7093 9
7094 24
7095 10
7096 11
7097 9
7098 18
7099 10
7100 10
7101 22
7102 10
7103 54
7104 18
7105 21
7106 36
7107 15
7108 12
7109 19
7110 10
7111 13
7112 12
7113 9
7114 14
7115 10
7116 10
7117 14
7118 10
7119 23
7120 22
7121 10
7122 12
7123 23
7124 10
7125 11
7126 13
7127 23
7128 10
7129 10
7130 12
7131 22
7132 13
7133 20
7134 15
7135 12
7136 27
7137 39
7138 14
7139 21
7140 36
7141 14
7142 18
7143 12
7144 10
7145 19
7146 10
7147 42
7148 24
7149 10
7150 10
7151 25
7152 23
7153 12
7154 10
7155 26
7156 16
7157 17
7158 10
7159 11
7160 11
7161 13
7162 10
7163 22
7164 13
7165 23
7166 14
7167 10
7168 12
7169 10
7170 15
7171 14
7172 11
7173 35
7174 8
7175 13
7176 11
7177 21
7178 16
7179 10
7180 27
7181 14
7182 13
7183 25
7184 16
7185 23
7186 8
7187 14
7188 12
7189 9
7190 11
7191 10
7192 28
7193 10
7194 11
7195 19
7196 8
7197 16
7198 14
7199 12
7200 9
7201 8
7202 11
7203 10
7204 23
7205 9
7206 9
7207 46
7208 12
7209 8
7210 9
7211 8
7212 15
7213 10
7214 11
7215 10
7216 10
7217 20
7218 16
7219 14
7220 16
7221 11
7222 12
7223 11
7224 10
7225 29
7226 10
7227 10
7228 12
7229 28
7230 12
7231 10
7232 10
7233 9
7234 9
7235 13
7236 15
7237 9
7238 24
7239 10
7240 10
7241 24
7242 12
7243 10
7244 17
7245 12
7246 28
7247 14
7248 20
7249 10
7250 10
7251 22
7252 28
7253 25
7254 10
7255 24
7256 11
7257 13
7258 10
7259 13
7260 17
7261 11
7262 10
7263 22
7264 11
7265 7
7266 10
7267 20
7268 15
7269 37
7270 12
7271 10
7272 13
7273 14
7274 12
7275 12
7276 11
7277 22
7278 11
7279 16
7280 16
7281 12
7282 23
7283 10
7284 11
7285 16
7286 27
7287 11
7288 15
7289 10
7290 16
7291 36
7292 10
7293 12
7294 8
7295 11
7296 34
7297 29
7298 10
7299 10
7300 16
7301 22
7302 17
7303 10
7304 12
7305 22
7306 10
7307 12
7308 25
7309 16
7310 10
7311 11
7312 10
7313 42
7314 17
7315 10
7316 12
7317 18
7318 10
7319 28
7320 22
7321 11
7322 10
7323 25
7324 12
7325 22
7326 10
7327 11
7328 24
7329 10
7330 11
7331 12
7332 8
7333 35
7334 23
7335 10
7336 21
7337 10
7338 19
7339 12
7340 11
7341 9
7342 13
7343 12
7344 8
7345 10
7346 23
7347 10
7348 28
7349 22
7350 34
7351 19
7352 11
7353 14
7354 12
7355 10
7356 10
7357 17
7358 12
7359 27
7360 10
7361 10
7362 10
7363 10
7364 11
7365 18
7366 10
7367 8
7368 10
7369 13
7370 17
7371 25
7372 10
7373 12
7374 10
7375 17
7376 34
7377 17
7378 17
7379 14
7380 35
7381 15
7382 20
7383 23
7384 17
7385 10
7386 24
7387 13
7388 11
7389 10
7390 11
7391 12
7392 47
7393 11
7394 16
7395 16
7396 13
7397 13
7398 15
7399 10
7400 7
7401 14
7402 11
7403 25
7404 21
7405 10
7406 12
7407 24
7408 11
7409 19
7410 13
7411 11
7412 16
7413 16
7414 24
7415 13
7416 12
7417 19
7418 22
7419 10
7420 24
7421 27
7422 10
7423 8
7424 10
7425 13
7426 11
7427 13
7428 25
7429 25
7430 35
7431 12
7432 25
7433 7
7434 8
7435 18
7436 12
7437 28
7438 22
7439 23
7440 11
7441 8
7442 13
7443 12
7444 37
7445 11
7446 24
7447 10
7448 28
7449 8
7450 10
7451 35
7452 24
7453 36
7454 23
7455 12
7456 12
7457 10
7458 12
7459 13
7460 14
7461 11
7462 10
7463 10
7464 10
7465 17
7466 10
7467 9
7468 12
7469 16
7470 15
7471 14
7472 10
7473 10
7474 20
7475 49
7476 12
7477 10
7478 24
7479 21
7480 14
7481 16
7482 11
7483 10
7484 12
7485 13
7486 13
7487 12
7488 14
7489 11
7490 11
7491 10
7492 57
7493 25
7494 17
7495 10
7496 12
7497 9
7498 29
7499 12
7500 10
7501 36
7502 41
7503 13
7504 29
7505 22
7506 10
7507 11
7508 12
7509 9
7510 9
7511 10
7512 13
7513 19
7514 11
7515 13
7516 13
7517 36
7518 18
7519 35
7520 72
7521 11
7522 7
7523 12
7524 10
7525 22
7526 11
7527 10
7528 13
7529 8
7530 21
7531 35
7532 12
7533 12
7534 12
7535 11
7536 12
7537 25
7538 8
7539 22
7540 10
7541 13
7542 21
7543 10
7544 12
7545 11
7546 8
7547 11
7548 10
7549 12
7550 21
7551 10
7552 8
7553 19
7554 23
7555 46
7556 37
7557 8
7558 12
7559 25
7560 14
7561 9
7562 11
7563 15
7564 24
7565 10
7566 41
7567 10
7568 10
7569 18
7570 22
7571 11
7572 27
7573 11
7574 11
7575 12
7576 10
7577 55
7578 14
7579 23
7580 10
7581 20
7582 20
7583 18
7584 10
7585 9
7586 29
7587 10
7588 12
7589 12
7590 11
7591 21
7592 39
7593 10
7594 12
7595 12
7596 16
7597 26
7598 24
7599 10
7600 35
7601 26
7602 7
7603 16
7604 9
7605 12
7606 13
7607 10
7608 10
7609 18
7610 10
7611 10
7612 22
7613 10
7614 11
7615 10
7616 8
7617 36
7618 12
7619 10
7620 22
7621 10
7622 28
7623 37
7624 9
7625 10
7626 25
7627 10
7628 22
7629 22
7630 10
7631 42
7632 37
7633 10
7634 17
7635 8
7636 10
7637 12
7638 16
7639 22
7640 10
7641 9
7642 10
7643 25
7644 10
7645 17
7646 12
7647 10
7648 19
7649 12
7650 12
7651 11
7652 13
7653 9
7654 12
7655 8
7656 10
7657 11
7658 10
7659 22
7660 12
7661 15
7662 16
7663 10
7664 17
7665 24
7666 10
7667 9
7668 11
7669 8
7670 10
7671 12
7672 11
7673 12
7674 12
7675 10
7676 24
7677 11
7678 9
7679 24
7680 22
7681 23
7682 13
7683 13
7684 13
7685 11
7686 11
7687 9
7688 8
7689 10
7690 10
7691 27
7692 10
7693 47
7694 24
7695 16
7696 8
7697 13
7698 12
7699 12
7700 11
7701 21
7702 21
7703 12
7704 21
7705 11
7706 10
7707 10
7708 13
7709 10
7710 11
7711 10
7712 13
7713 22
7714 10
7715 21
7716 10
7717 7
7718 11
7719 9
7720 10
7721 15
7722 10
7723 55
7724 12
7725 10
7726 10
7727 11
7728 11
7729 36
7730 9
7731 10
7732 12
7733 15
7734 20
7735 18
7736 8
7737 10
7738 18
7739 23
7740 10
7741 17
7742 10
7743 17
7744 13
7745 12
7746 9
7747 9
7748 10
7749 13
7750 10
7751 22
7752 36
7753 11
7754 10
7755 12
7756 23
7757 11
7758 14
7759 12
7760 24
7761 39
7762 10
7763 12
7764 20
7765 10
7766 8
7767 11
7768 12
7769 12
7770 11
7771 9
7772 17
7773 10
7774 11
7775 8
7776 24
7777 10
7778 22
7779 9
7780 13
7781 11
7782 12
7783 12
7784 22
7785 13
7786 19
7787 12
7788 10
7789 14
7790 9
7791 26
7792 9
7793 9
7794 9
7795 9
7796 9
7797 16
7798 10
7799 25
7800 12
7801 12
7802 10
7803 10
7804 26
7805 10
7806 16
7807 28
7808 12
7809 20
7810 10
7811 12
7812 14
7813 11
7814 10
7815 9
7816 9
7817 9
7818 20
7819 24
7820 10
7821 11
7822 14
7823 11
7824 13
7825 12
7826 13
7827 17
7828 24
7829 11
7830 22
7831 13
7832 17
7833 10
7834 14
7835 34
7836 23
7837 24
7838 24
7839 24
7840 11
7841 17
7842 10
7843 13
7844 14
7845 16
7846 24
7847 35
7848 10
7849 10
7850 25
7851 33
7852 14
7853 12
7854 12
7855 10
7856 10
7857 13
7858 13
7859 36
7860 10
7861 24
7862 11
7863 26
7864 11
7865 8
7866 9
7867 24
7868 22
7869 13
7870 36
7871 8
7872 10
7873 21
7874 34
7875 10
7876 10
7877 12
7878 11
7879 27
7880 24
7881 23
7882 22
7883 14
7884 16
7885 24
7886 38
7887 10
7888 10
7889 12
7890 26
7891 12
7892 13
7893 36
7894 9
7895 37
7896 9
7897 13
7898 20
7899 10
7900 10
7901 22
7902 14
7903 12
7904 28
7905 16
7906 15
7907 20
7908 26
7909 12
7910 11
7911 34
7912 8
7913 55
7914 9
7915 25
7916 10
7917 12
7918 25
7919 12
7920 24
7921 11
7922 23
7923 34
7924 27
7925 10
7926 10
7927 10
7928 12
7929 9
7930 23
7931 8
7932 22
7933 10
7934 11
7935 17
7936 38
7937 10
7938 13
7939 10
7940 13
7941 13
7942 22
7943 10
7944 11
7945 20
7946 15
7947 10
7948 37
7949 37
7950 13
7951 45
7952 19
7953 11
7954 16
7955 10
7956 10
7957 28
7958 12
7959 10
7960 10
7961 12
7962 18
7963 17
7964 13
7965 11
7966 13
7967 23
7968 42
7969 22
7970 12
7971 9
7972 10
7973 12
7974 14
7975 14
7976 8
7977 22
7978 10
7979 12
7980 37
7981 10
7982 10
7983 34
7984 18
7985 40
7986 12
7987 14
7988 35
7989 12
7990 11
7991 10
7992 14
7993 10
7994 15
7995 7
7996 39
7997 12
7998 16
7999 18
8000 7
8001 12
8002 19
8003 22
8004 12
8005 8
8006 10
8007 22
8008 25
8009 17
8010 23
8011 8
8012 22
8013 13
8014 20
8015 10
8016 12
8017 10
8018 10
8019 20
8020 8
8021 10
8022 7
8023 10
8024 13
8025 35
8026 10
8027 16
8028 9
8029 16
8030 27
8031 12
8032 15
8033 15
8034 16
8035 13
8036 10
8037 12
8038 11
8039 10
8040 11
8041 15
8042 9
8043 12
8044 10
8045 11
8046 13
8047 14
8048 8
8049 23
8050 23
8051 30
8052 12
8053 11
8054 10
8055 10
8056 10
8057 9
8058 19
8059 41
8060 10
8061 36
8062 11
8063 28
8064 11
8065 10
8066 21
8067 11
8068 14
8069 12
8070 7
8071 8
8072 12
8073 13
8074 26
8075 13
8076 10
8077 11
8078 9
8079 12
8080 12
8081 24
8082 10
8083 12
8084 10
8085 11
8086 18
8087 9
8088 7
8089 10
8090 46
8091 20
8092 10
8093 12
8094 25
8095 11
8096 12
8097 10
8098 10
8099 19
8100 10
8101 12
8102 12
8103 11
8104 7
8105 34
8106 27
8107 11
8108 11
8109 12
8110 11
8111 9
8112 11
8113 11
8114 13
8115 34
8116 10
8117 14
8118 11
8119 10
8120 27
8121 12
8122 24
8123 7
8124 35
8125 13
8126 25
8127 10
8128 10
8129 12
8130 9
8131 12
8132 16
8133 16
8134 32
8135 11
8136 15
8137 11
8138 9
8139 8
8140 49
8141 8
8142 14
8143 10
8144 26
8145 10
8146 13
8147 10
8148 20
8149 23
8150 10
8151 20
8152 17
8153 23
8154 8
8155 21
8156 15
8157 11
8158 36
8159 20
8160 24
8161 21
8162 11
8163 9
8164 18
8165 11
8166 23
8167 11
8168 11
8169 9
8170 12
8171 10
8172 11
8173 21
8174 12
8175 22
8176 16
8177 19
8178 10
8179 13
8180 10
8181 10
8182 22
8183 10
8184 11
8185 21
8186 8
8187 9
8188 18
8189 10
8190 12
8191 38
8192 20
8193 10
8194 8
8195 11
8196 7
8197 10
8198 14
8199 26
8200 35
8201 12
8202 8
8203 13
8204 22
8205 11
8206 10
8207 15
8208 12
8209 13
8210 9
8211 10
8212 27
8213 11
8214 10
8215 12
8216 11
8217 10
8218 11
8219 20
8220 10
8221 11
8222 11
8223 12
8224 15
8225 36
8226 10
8227 23
8228 10
8229 26
8230 27
8231 9
8232 12
8233 7
8234 12
8235 10
8236 10
8237 21
8238 12
8239 18
8240 12
8241 9
8242 25
8243 11
8244 10
8245 12
8246 10
8247 26
8248 13
8249 10
8250 9
8251 13
8252 16
8253 20
8254 12
8255 15
8256 22
8257 12
8258 16
8259 26
8260 10
8261 10
8262 36
8263 12
8264 12
8265 13
8266 13
8267 10
8268 12
8269 23
8270 53
8271 24
8272 19
8273 11
8274 26
8275 25
8276 24
8277 16
8278 8
8279 13
8280 16
8281 12
8282 26
8283 10
8284 13
8285 17
8286 8
8287 10
8288 10
8289 10
8290 16
8291 13
8292 23
8293 17
8294 10
8295 10
8296 13
8297 10
8298 10
8299 12
8300 13
8301 39
8302 13
8303 10
8304 22
8305 20
8306 10
8307 12
8308 23
8309 26
8310 10
8311 10
8312 11
8313 9
8314 22
8315 14
8316 24
8317 23
8318 10
8319 12
8320 11
8321 12
8322 22
8323 42
8324 38
8325 21
8326 11
8327 20
8328 16
8329 16
8330 14
8331 21
8332 13
8333 9
8334 12
8335 18
8336 9
8337 24
8338 13
8339 9
8340 12
8341 10
8342 22
8343 24
8344 16
8345 11
8346 17
8347 10
8348 10
8349 20
8350 9
8351 12
8352 11
8353 12
8354 12
8355 10
8356 10
8357 14
8358 10
8359 11
8360 13
8361 25
8362 12
8363 16
8364 16
8365 12
8366 13
8367 37
8368 22
8369 35
8370 21
8371 14
8372 11
8373 10
8374 13
8375 11
8376 13
8377 13
8378 18
8379 27
8380 11
8381 24
8382 23
8383 23
8384 35
8385 13
8386 17
8387 21
8388 16
8389 23
8390 12
8391 10
8392 16
8393 12
8394 12
8395 16
8396 13
8397 13
8398 10
8399 21
8400 10
8401 10
8402 39
8403 36
8404 11
8405 11
8406 10
8407 12
8408 22
8409 35
8410 23
8411 10
8412 22
8413 36
8414 11
8415 9
8416 26
8417 8
8418 11
8419 11
8420 16
8421 11
8422 12
8423 10
8424 23
8425 24
8426 21
8427 14
8428 10
8429 10
8430 17
8431 10
8432 12
8433 20
8434 17
8435 9
8436 11
8437 9
8438 16
8439 10
8440 9
8441 23
8442 10
8443 10
8444 57
8445 36
8446 12
8447 11
8448 10
8449 12
8450 11
8451 10
8452 13
8453 12
8454 10
8455 13
8456 11
8457 12
8458 11
8459 11
8460 8
8461 10
8462 13
8463 24
8464 10
8465 22
8466 12
8467 20
8468 11
8469 11
8470 11
8471 10
8472 12
8473 10
8474 25
8475 12
8476 17
8477 13
8478 25
8479 21
8480 20
8481 11
8482 10
8483 10
8484 12
8485 15
8486 8
8487 10
8488 11
8489 10
8490 12
8491 12
8492 10
8493 11
8494 13
8495 10
8496 8
8497 10
8498 9
8499 13
8500 9
8501 10
8502 12
8503 37
8504 12
8505 11
8506 24
8507 49
8508 10
8509 12
8510 10
8511 12
8512 12
8513 57
8514 10
8515 9
8516 12
8517 10
8518 12
8519 36
8520 12
8521 12
8522 36
8523 12
8524 12
8525 13
8526 23
8527 10
8528 16
8529 8
8530 26
8531 10
8532 22
8533 23
8534 10
8535 15
8536 28
8537 8
8538 10
8539 11
8540 23
8541 27
8542 10
8543 12
8544 24
8545 22
8546 10
8547 13
8548 11
8549 10
8550 27
8551 20
8552 22
8553 10
8554 11
8555 10
8556 11
8557 10
8558 18
8559 23
8560 10
8561 15
8562 20
8563 11
8564 23
8565 12
8566 25
8567 25
8568 22
8569 11
8570 22
8571 10
8572 8
8573 13
8574 10
8575 14
8576 10
8577 10
8578 13
8579 21
8580 11
8581 10
8582 22
8583 9
8584 12
8585 10
8586 24
8587 10
8588 9
8589 13
8590 36
8591 12
8592 8
8593 12
8594 26
8595 12
8596 11
8597 22
8598 15
8599 10
8600 18
8601 24
8602 15
8603 11
8604 9
8605 9
8606 12
8607 22
8608 10
8609 10
8610 12
8611 9
8612 10
8613 19
8614 11
8615 10
8616 8
8617 22
8618 13
8619 9
8620 10
8621 10
8622 25
8623 12
8624 12
8625 11
8626 10
8627 16
8628 11
8629 12
8630 24
8631 19
8632 12
8633 11
8634 37
8635 12
8636 22
8637 19
8638 10
8639 25
8640 13
8641 10
8642 10
8643 10
8644 25
8645 27
8646 10
8647 11
8648 16
8649 9
8650 10
8651 26
8652 13
8653 9
8654 22
8655 11
8656 11
8657 14
8658 9
8659 24
8660 28
8661 10
8662 25
8663 10
8664 12
8665 21
8666 23
8667 10
8668 13
8669 12
8670 10
8671 14
8672 14
8673 12
8674 24
8675 10
8676 12
8677 21
8678 17
8679 12
8680 12
8681 11
8682 8
8683 20
8684 11
8685 25
8686 10
8687 22
8688 11
8689 10
8690 11
8691 11
8692 22
8693 10
8694 10
8695 9
8696 15
8697 7
8698 13
8699 23
8700 11
8701 12
8702 11
8703 10
8704 11
8705 11
8706 13
8707 12
8708 12
8709 11
8710 29
8711 24
8712 36
8713 35
8714 12
8715 13
8716 10
8717 14
8718 10
8719 35
8720 24
8721 12
8722 25
8723 23
8724 10
8725 10
8726 27
8727 36
8728 10
8729 10
8730 22
8731 9
8732 22
8733 24
8734 22
8735 23
8736 23
8737 7
8738 44
8739 12
8740 14
8741 12
8742 12
8743 35
8744 12
8745 19
8746 13
8747 10
8748 12
8749 12
8750 10
8751 11
8752 10
8753 13
8754 10
8755 12
8756 10
8757 27
8758 11
8759 9
8760 35
8761 11
8762 10
8763 16
8764 9
8765 8
8766 39
8767 10
8768 44
8769 22
8770 10
8771 10
8772 51
8773 12
8774 10
8775 35
8776 10
8777 13
8778 10
8779 12
8780 10
8781 18
8782 11
8783 17
8784 13
8785 10
8786 17
8787 9
8788 11
8789 14
8790 14
8791 22
8792 12
8793 22
8794 11
8795 20
8796 10
8797 10
8798 9
8799 12
8800 12
8801 17
8802 7
8803 9
8804 9
8805 25
8806 11
8807 9
8808 8
8809 23
8810 11
8811 10
8812 22
8813 10
8814 10
8815 10
8816 27
8817 24
8818 11
8819 10
8820 10
8821 12
8822 25
8823 12
8824 13
8825 10
8826 10
8827 34
8828 27
8829 10
8830 12
8831 10
8832 11
8833 26
8834 12
8835 10
8836 10
8837 7
8838 10
8839 21
8840 18
8841 12
8842 21
8843 24
8844 10
8845 37
8846 21
8847 23
8848 13
8849 21
8850 26
8851 11
8852 7
8853 22
8854 16
8855 13
8856 11
8857 24
8858 11
8859 12
8860 8
8861 37
8862 13
8863 7
8864 22
8865 9
8866 17
8867 11
8868 12
8869 12
8870 12
8871 10
8872 14
8873 13
8874 12
8875 10
8876 15
8877 13
8878 11
8879 27
8880 12
8881 15
8882 10
8883 11
8884 12
8885 12
8886 8
8887 18
8888 10
8889 15
8890 8
8891 10
8892 8
8893 26
8894 10
8895 12
8896 19
8897 8
8898 12
8899 9
8900 26
8901 12
8902 14
8903 20
8904 10
8905 13
8906 59
8907 17
8908 10
8909 9
8910 24
8911 11
8912 25
8913 22
8914 10
8915 10
8916 24
8917 23
8918 11
8919 11
8920 10
8921 10
8922 25
8923 28
8924 7
8925 10
8926 19
8927 12
8928 11
8929 23
8930 24
8931 11
8932 10
8933 12
8934 11
8935 13
8936 25
8937 10
8938 22
8939 11
8940 31
8941 10
8942 12
8943 12
8944 10
8945 25
8946 12
8947 11
8948 10
8949 10
8950 10
8951 26
8952 25
8953 9
8954 9
8955 9
8956 35
8957 17
8958 10
8959 10
8960 9
8961 9
8962 14
8963 11
8964 11
8965 10
8966 9
8967 14
8968 22
8969 10
8970 21
8971 14
8972 10
8973 14
8974 11
8975 10
8976 14
8977 10
8978 10
8979 44
8980 36
8981 10
8982 10
8983 21
8984 13
8985 10
8986 10
8987 10
8988 26
8989 12
8990 13
8991 11
8992 11
8993 11
8994 24
8995 11
8996 36
8997 10
8998 12
8999 24
9000 16
9001 14
9002 10
9003 11
9004 12
9005 16
9006 12
9007 12
9008 11
9009 10
9010 12
9011 41
9012 21
9013 13
9014 21
9015 15
9016 12
9017 41
9018 17
9019 10
9020 23
9021 10
9022 12
9023 26
9024 23
9025 16
9026 9
9027 16
9028 49
9029 10
9030 12
9031 10
9032 21
9033 12
9034 23
9035 23
9036 10
9037 16
9038 21
9039 10
9040 44
9041 37
9042 11
9043 11
9044 24
9045 37
9046 11
9047 26
9048 19
9049 11
9050 11
9051 14
9052 12
9053 11
9054 11
9055 23
9056 11
9057 8
9058 13
9059 23
9060 10
9061 11
9062 24
9063 22
9064 10
9065 10
9066 16
9067 21
9068 11
9069 37
9070 12
9071 12
9072 10
9073 26
9074 10
9075 14
9076 12
9077 10
9078 10
9079 20
9080 19
9081 11
9082 8
9083 10
9084 10
9085 22
9086 11
9087 10
9088 21
9089 8
9090 37
9091 48
9092 14
9093 11
9094 11
9095 10
9096 40
9097 12
9098 15
9099 11
9100 8
9101 10
9102 15
9103 12
9104 12
9105 17
9106 21
9107 25
9108 12
9109 11
9110 13
9111 12
9112 11
9113 25
9114 12
9115 10
9116 11
9117 11
9118 9
9119 58
9120 35
9121 8
9122 11
9123 7
9124 14
9125 12
9126 19
9127 11
9128 10
9129 17
9130 11
9131 41
9132 13
9133 10
9134 20
9135 12
9136 25
9137 13
9138 13
9139 35
9140 10
9141 14
9142 11
9143 9
9144 8
9145 10
9146 25
9147 11
9148 24
9149 10
9150 10
9151 8
9152 45
9153 22
9154 12
9155 14
9156 11
9157 23
9158 26
9159 24
9160 21
9161 10
9162 9
9163 33
9164 14
9165 9
9166 15
9167 22
9168 11
9169 14
9170 15
9171 10
9172 22
9173 13
9174 13
9175 11
9176 25
9177 12
9178 18
9179 8
9180 52
9181 15
9182 12
9183 10
9184 10
9185 10
9186 14
9187 8
9188 11
9189 11
9190 10
9191 12
9192 27
9193 10
9194 14
9195 10
9196 10
9197 13
9198 17
9199 24
9200 8
9201 14
9202 24
9203 11
9204 17
9205 10
9206 19
9207 21
9208 21
9209 25
9210 10
9211 14
9212 10
9213 12
9214 12
9215 10
9216 13
9217 12
9218 7
9219 11
9220 11
9221 11
9222 13
9223 35
9224 10
9225 23
9226 22
9227 16
9228 8
9229 9
9230 36
9231 12
9232 10
9233 9
9234 9
9235 9
9236 10
9237 13
9238 24
9239 13
9240 16
9241 10
9242 28
9243 27
9244 10
9245 12
9246 10
9247 19
9248 12
9249 14
9250 10
9251 10
9252 22
9253 23
9254 24
9255 21
9256 10
9257 9
9258 8
9259 10
9260 13
9261 11
9262 21
9263 11
9264 17
9265 11
9266 11
9267 18
9268 10
9269 17
9270 11
9271 11
9272 15
9273 9
9274 7
9275 17
9276 13
9277 10
9278 10
9279 16
9280 23
9281 19
9282 12
9283 37
9284 8
9285 8
9286 13
9287 28
9288 15
9289 15
9290 10
9291 27
9292 36
9293 27
9294 15
9295 21
9296 36
9297 15
9298 18
9299 10
9300 11
9301 17
9302 10
9303 26
9304 14
9305 11
9306 12
9307 22
9308 10
9309 19
9310 14
9311 8
9312 24
9313 11
9314 28
9315 13
9316 12
9317 10
9318 10
9319 26
9320 12
9321 12
9322 8
9323 14
9324 10
9325 25
9326 35
9327 14
9328 7
9329 12
9330 19
9331 15
9332 11
9333 12
9334 8
9335 10
9336 10
9337 11
9338 14
9339 8
9340 10
9341 25
9342 16
9343 22
9344 11
9345 24
9346 10
9347 12
9348 10
9349 12
9350 23
9351 9
9352 9
9353 21
9354 21
9355 36
9356 23
9357 11
9358 10
9359 12
9360 23
9361 24
9362 9
9363 11
9364 13
9365 11
9366 13
9367 11
9368 22
9369 20
9370 11
9371 17
9372 26
9373 11
9374 14
9375 27
9376 10
9377 11
9378 10
9379 12
9380 139
9381 10
9382 12
9383 14
9384 11
9385 15
9386 14
9387 12
9388 25
9389 21
9390 10
9391 36
9392 10
9393 11
9394 52
9395 35
9396 11
9397 11
9398 10
9399 25
9400 10
9401 13
9402 21
9403 22
9404 10
9405 14
9406 10
9407 11
9408 11
9409 23
9410 44
9411 13
9412 20
9413 10
9414 11
9415 13
9416 11
9417 22
9418 9
9419 11
9420 11
9421 9
9422 13
9423 8
9424 10
9425 12
9426 8
9427 12
9428 23
9429 14
9430 22
9431 22
9432 10
9433 22
9434 15
9435 10
9436 12
9437 18
9438 10
9439 23
9440 10
9441 24
9442 12
9443 10
9444 26
9445 9
9446 16
9447 14
9448 17
9449 112
9450 12
9451 13
9452 27
9453 36
9454 9
9455 10
9456 8
9457 21
9458 9
9459 10
9460 10
9461 14
9462 21
9463 65
9464 12
9465 8
9466 27
9467 10
9468 14
9469 13
9470 10
9471 19
9472 23
9473 11
9474 10
9475 11
9476 10
9477 12
9478 24
9479 10
9480 24
9481 11
9482 10
9483 38
9484 10
9485 10
9486 11
9487 13
9488 10
9489 10
9490 12
9491 8
9492 25
9493 35
9494 12
9495 11
9496 8
9497 8
9498 20
9499 24
9500 12
9501 22
9502 25
9503 13
9504 11
9505 11
9506 14
9507 12
9508 25
9509 11
9510 9
9511 16
9512 20
9513 7
9514 13
9515 10
9516 20
9517 24
9518 7
9519 34
9520 11
9521 12
9522 36
9523 10
9524 22
9525 22
9526 8
9527 12
9528 8
9529 10
9530 10
9531 11
9532 11
9533 26
9534 20
9535 11
9536 13
9537 25
9538 12
9539 7
9540 10
9541 27
9542 11
9543 11
9544 18
9545 21
9546 8
9547 10
9548 12
9549 25
9550 12
9551 35
9552 9
9553 22
9554 11
9555 26
9556 14
9557 21
9558 10
9559 11
9560 24
9561 12
9562 10
9563 8
9564 8
9565 14
9566 25
9567 35
9568 8
9569 16
9570 9
9571 13
9572 19
9573 10
9574 11
9575 18
9576 12
9577 10
9578 11
9579 22
9580 11
9581 35
9582 18
9583 12
9584 16
9585 10
9586 22
9587 24
9588 8
9589 21
9590 22
9591 10
9592 11
9593 11
9594 10
9595 11
9596 10
9597 12
9598 10
9599 12
9600 13
9601 21
9602 11
9603 11
9604 17
9605 11
9606 14
9607 10
9608 19
9609 10
9610 10
9611 13
9612 22
9613 7
9614 10
9615 10
9616 12
9617 29
9618 12
9619 10
9620 12
9621 10
9622 25
9623 13
9624 10
9625 10
9626 12
9627 10
9628 24
9629 21
9630 8
9631 24
9632 11
9633 10
9634 20
9635 10
9636 8
9637 11
9638 22
9639 12
9640 12
9641 10
9642 10
9643 10
9644 20
9645 14
9646 8
9647 22
9648 7
9649 34
9650 16
9651 12
9652 8
9653 8
9654 14
9655 10
9656 14
9657 21
9658 10
9659 13
9660 11
9661 23
9662 12
9663 26
9664 7
9665 35
9666 10
9667 12
9668 27
9669 11
9670 10
9671 18
9672 11
9673 10
9674 14
9675 10
9676 27
9677 10
9678 13
9679 28
9680 10
9681 24
9682 21
9683 14
9684 20
9685 12
9686 11
9687 16
9688 12
9689 24
9690 21
9691 13
9692 10
9693 10
9694 21
9695 7
9696 37
9697 12
9698 12
9699 9
9700 8
9701 10
9702 13
9703 10
9704 22
9705 10
9706 10
9707 25
9708 14
9709 20
9710 10
9711 24
9712 11
9713 17
9714 34
9715 10
9716 9
9717 9
9718 9
9719 9
9720 10
9721 12
9722 15
9723 15
9724 10
9725 16
9726 18
9727 17
9728 8
9729 10
9730 10
9731 23
9732 13
9733 10
9734 10
9735 9
9736 9
9737 11
9738 12
9739 10
9740 9
9741 10
9742 10
9743 39
9744 11
9745 10
9746 10
9747 9
9748 12
9749 12
9750 12
9751 15
9752 10
9753 11
9754 12
9755 24
9756 10
9757 11
9758 24
9759 10
9760 13
9761 9
9762 22
9763 26
9764 35
9765 12
9766 13
9767 10
9768 15
9769 10
9770 7
9771 12
9772 11
9773 10
9774 11
9775 22
9776 25
9777 24
9778 15
9779 21
9780 9
9781 10
9782 13
9783 10
9784 10
9785 11
9786 10
9787 25
9788 26
9789 12
9790 10
9791 16
9792 8
9793 11
9794 13
9795 10
9796 10
9797 10
9798 24
9799 26
9800 16
9801 10
9802 16
9803 10
9804 26
9805 13
9806 23
9807 8
9808 26
9809 10
9810 10
9811 12
9812 11
9813 17
9814 10
9815 35
9816 23
9817 11
9818 10
9819 12
9820 11
9821 10
9822 35
9823 10
9824 12
9825 13
9826 12
9827 11
9828 14
9829 8
9830 21
9831 10
9832 20
9833 37
9834 11
9835 23
9836 11
9837 11
9838 11
9839 12
9840 10
9841 24
9842 10
9843 8
9844 20
9845 16
9846 10
9847 12
9848 10
9849 24
9850 13
9851 25
9852 12
9853 21
9854 11
9855 13
9856 12
9857 11
9858 25
9859 10
9860 9
9861 12
9862 9
9863 8
9864 10
9865 27
9866 12
9867 14
9868 11
9869 10
9870 11
9871 13
9872 38
9873 11
9874 10
9875 24
9876 11
9877 12
9878 42
9879 13
9880 22
9881 8
9882 34
9883 8
9884 13
9885 11
9886 10
9887 13
9888 7
9889 8
9890 18
9891 11
9892 10
9893 10
9894 12
9895 11
9896 23
9897 25
9898 24
9899 10
9900 12
9901 13
9902 9
9903 7
9904 9
9905 10
9906 15
9907 13
9908 23
9909 10
9910 10
9911 10
9912 15
9913 16
9914 36
9915 18
9916 12
9917 23
9918 12
9919 11
9920 10
9921 9
9922 9
9923 9
9924 47
9925 14
9926 11
9927 37
9928 8
9929 24
9930 10
9931 12
9932 9
9933 9
9934 9
9935 9
9936 19
9937 25
9938 23
9939 11
9940 16
9941 21
9942 14
9943 10
9944 10
9945 13
9946 21
9947 22
9948 25
9949 10
9950 8
9951 10
9952 24
9953 23
9954 11
9955 10
9956 10
9957 10
9958 13
9959 15
9960 10
9961 8
9962 10
9963 7
9964 12
9965 24
9966 10
9967 10
9968 22
9969 8
9970 23
9971 10
9972 9
9973 9
9974 9
9975 9
9976 12
9977 13
9978 7
9979 24
9980 17
9981 12
9982 30
9983 36
9984 11
9985 11
9986 23
9987 40
9988 16
9989 10
9990 20
9991 18
9992 11
9993 11
9994 10
9995 11
9996 7
9997 25
9998 37
9999 11
# sum: 15
# min: 7
# max: 242
# err cnt: 0
