4070 218
4071 4071
4072 4510
4073 4531
4074 4552
4075 4567
4076 4569
4077 4570
4078 4571
4079 4572
4080 4574
4087 4575
4089 4576
4092 4603
4093 4889
4094 4973
4095 4975
4096 4976
4097 4977
4098 4979
4099 4987
4100 4989
4103 5074
4104 5299
4105 5301
4106 5303
4109 5323
4110 5365
4111 5370
4112 5372
4113 5377
4114 5392
4115 5394
4116 5483
4117 5489
4119 5492
4120 5496
4121 6007
4122 6590
4123 6606
4124 6788
4125 7000
4126 7019
4127 7134
4128 7280
4129 7285
4130 7355
4131 7412
4133 7434
4134 7489
4135 7493
4136 7527
4137 7569
4138 7572
4139 7575
4140 7588
4141 7603
4142 7604
4143 7605
4145 7637
4146 8075
4147 8127
4148 8129
4149 8131
4150 8132
4152 8156
4153 8171
4154 8330
4155 8366
4156 8367
4157 8386
4158 8396
4159 8400
4160 8466
4161 8490
4162 8491
4163 8510
4164 8522
4165 8523
4166 8558
4167 8572
4168 8573
4169 8592
4170 8612
4171 8680
4172 8869
4173 8879
4174 8899
4175 9015
4176 9026
4177 9035
4178 9098
4179 9113
4180 9144
4181 9208
4182 9215
4185 9216
4186 9226
4187 9250
4188 9251
4190 9253
4191 9254
4192 9256
4194 9257
4196 9259
4197 9262
4198 9283
4199 9433
4200 9451
4201 9454
4202 9456
4203 9461
4204 9504
4205 9530
4206 9531
4207 9540
4208 9562
4209 9564
4210 9585
4211 9600
4213 9603
4214 9630
4215 9631
4217 9633
4221 9635
4222 9658
4223 9662
4224 9663
4225 9683
4226 9716
4227 9718
4231 9719
4232 9722
4233 9775
4234 9789
4235 9792
4237 9793
4240 9795
4244 9796
4245 9797
4249 9798
4251 9805
4252 9844
4253 9849
4254 9853
4255 9870
4257 9871
4258 9884
4259 9895
4260 9901
4261 9902
4262 9903
4264 9905
4268 9909
4270 9910
4276 9912
4286 9933
4287 9940
4288 9941
4291 9942
4294 9943
4300 9962
4301 9964
4302 9965
4304 9966
4320 9967
4329 9969
4330 9970
4340 9971
4343 9972
4347 9973
4354 9974
4356 9977
4357 9978
4358 9979
4362 9982
4364 9984
4367 9985
4374 9987
4375 9988
4376 9990
4381 9991
4386 9992
4394 9993
4404 9994
4406 9995
4419 9996
4436 9997
4437 9998
4444 9999
4445 10000
