0 2212
1 1880
2 1844
3 1846
4 2091
5 2220
6 2186
7 2157
8 2263
9 2160
10 2159
11 2152
12 2212
13 2151
14 2022
15 2026
16 2030
17 2027
18 2199
19 2145
20 2145
21 2027
22 1976
23 1976
24 1976
25 2145
26 2149
27 2176
28 2085
29 1992
30 1976
31 1976
32 2178
33 2144
34 2145
35 2085
36 1976
37 1976
38 1976
39 2145
40 2145
41 2145
42 2027
43 1976
44 1976
45 2026
46 2161
47 2144
48 2199
49 2089
50 1978
51 1976
52 2028
53 2145
54 2145
55 2145
56 2026
57 2085
58 2085
59 2028
60 2254
61 2145
62 2145
63 2026
64 1976
65 2028
66 2087
67 2206
68 2254
69 2145
70 2026
71 1976
72 2028
73 1975
74 2106
75 2146
76 2144
77 2147
78 2151
79 2251
80 2199
81 2031
82 1976
83 2026
84 2044
85 2145
86 2144
87 2145
88 2027
89 1975
90 1976
91 1975
92 2109
93 2217
94 2259
95 2168
96 2084
97 1976
98 2028
99 2102
100 2146
101 2145
102 2147
103 2199
104 2149
105 2176
106 2144
107 2145
108 2149
109 2056
110 1975
111 1976
112 2084
113 2098
114 2198
115 2196
116 2144
117 2026
118 1976
119 2085
120 2028
121 2177
122 2145
123 2144
124 2026
125 1975
126 2026
127 2030
128 2250
129 2145
130 2145
131 2026
132 1975
133 2027
134 2086
135 2176
136 2145
137 2145
138 2026
139 2041
140 2026
141 2043
142 2101
143 2147
144 2145
145 2146
146 2145
147 2144
148 2145
149 2198
150 2251
151 2145
152 2146
153 2145
154 2144
155 2145
156 2026
157 1975
158 1976
159 1975
160 2106
161 2146
162 2145
163 2147
164 2145
165 2149
166 2250
167 2146
168 2144
169 2145
170 2145
171 2144
172 2144
173 2145
174 2026
175 1976
176 1976
177 1975
178 2106
179 2253
180 2145
181 2146
182 2145
183 2144
184 2145
185 2205
186 2175
187 2145
188 2146
189 2149
190 2176
191 2213
192 2031
193 1976
194 1976
195 1975
196 2106
197 2200
198 2144
199 2147
200 2146
201 2144
202 2145
203 2198
204 2144
205 2145
206 2146
207 2204
208 2176
209 2260
210 2148
211 2030
212 1976
213 1975
214 2106
215 2146
216 2145
217 2198
218 2198
219 2145
220 2145
221 2026
222 1976
223 1976
224 1976
225 2197
226 2249
227 2144
228 2026
229 1976
230 1976
231 1976
232 2145
233 2144
234 2145
235 2027
236 2086
237 1977
238 2028
239 2144
240 2144
241 2145
242 2026
243 2026
244 1992
245 1976
246 2199
247 2210
248 2149
249 2135
250 1976
251 2028
252 2028
253 2145
254 2145
255 2145
256 2026
257 1975
258 1976
259 2028
260 2197
261 2149
262 2166
263 2043
264 1976
265 2027
266 1976
267 2150
268 2199
269 2145
270 2026
271 1976
272 2026
273 1978
274 2213
275 2144
276 2145
277 2027
278 1976
279 1975
280 1976
281 2145
282 2144
283 2198
284 2031
285 1976
286 1975
287 1976
288 2145
289 2145
290 2145
291 2027
292 1976
293 2028
294 1976
295 2145
296 2145
297 2145
298 2026
299 1976
300 1975
301 1976
302 2145
303 2144
304 2145
305 2027
306 1976
307 1976
308 2028
309 2197
310 2145
311 2149
312 2042
313 2026
314 1978
315 2026
316 2215
317 2144
318 2145
319 2027
320 1976
321 1975
322 1976
323 2145
324 2145
325 2144
326 2084
327 1976
328 2041
329 1975
330 2144
331 2144
332 2213
333 2032
334 1975
335 1976
336 2028
337 2145
338 2145
339 2149
340 2056
341 1975
342 1975
343 2026
344 2177
345 2145
346 2144
347 2026
348 1975
349 2041
350 2025
351 2166
352 2147
353 2145
354 2081
355 1976
356 1974
357 2026
358 2175
359 2144
360 2145
361 2026
362 1975
363 1975
364 1976
365 2145
366 2145
367 2145
368 2020
369 1975
370 1975
371 1976
372 2149
373 2147
374 2145
375 2027
376 1975
377 2027
378 1976
379 2145
380 2144
381 2212
382 2100
383 1975
384 1975
385 1976
386 2144
387 2144
388 2210
389 2138
390 1975
391 1975
392 1976
393 2145
394 2198
395 2212
396 2085
397 2041
398 1975
399 2026
400 2213
401 2144
402 2212
403 2141
404 2005
405 1975
406 1976
407 2144
408 2144
409 2145
410 2082
411 2088
412 1977
413 1976
414 2144
415 2204
416 2161
417 2138
418 2005
419 1975
420 1976
421 2148
422 2206
423 2176
424 2126
425 1974
426 1975
427 1976
428 2251
429 2144
430 2199
431 2140
432 2028
433 2030
434 1976
435 2144
436 2203
437 2206
438 2033
439 1975
440 1975
441 1976
442 2259
443 2206
444 2251
445 2092
446 1975
447 1975
448 1976
449 2148
450 2201
451 2216
452 2282
453 2399
454 2341
455 2396
456 2117
457 1976
458 1976
459 1977
460 1976
461 1976
462 1975
463 2162
464 2152
465 2261
466 2263
467 2140
468 2028
469 1976
470 1977
471 1975
472 1976
473 1977
474 2110
475 2200
476 2213
477 2037
478 1977
479 1976
480 1976
481 2110
482 2206
483 2199
484 2147
485 2030
486 1977
487 1980
488 2116
489 2207
490 2199
491 2036
492 1976
493 1976
494 2028
495 2119
496 2146
497 2146
498 2032
499 2028
500 2027
501 2092
502 2104
503 2146
504 2145
505 2031
506 1977
507 2027
508 2028
509 2216
510 2199
511 2149
512 2169
513 2089
514 1976
515 1980
516 2115
517 2204
518 2176
519 2035
520 1976
521 1976
522 1980
523 2114
524 2146
525 2198
526 2142
527 1977
528 1976
529 1980
530 2163
531 2204
532 2147
533 2031
534 2028
535 2028
536 1980
537 2114
538 2145
539 2145
540 2031
541 1976
542 1975
543 1980
544 2114
545 2149
546 2261
547 2069
548 1976
549 1975
550 2030
551 2127
552 2212
553 2145
554 2031
555 1976
556 1976
557 1980
558 2115
559 2213
560 2145
561 2071
562 2027
563 1992
564 2047
565 2160
566 2197
567 2145
568 2031
569 1975
570 2026
571 2028
572 2176
573 2215
574 2145
575 2151
576 2065
577 1976
578 1976
579 2109
580 2146
581 2145
582 2147
583 2145
584 2145
585 2145
586 2146
587 2146
588 2196
589 2145
590 2146
591 2145
592 2145
593 2151
594 2175
595 2197
596 2214
597 2104
598 1976
599 1976
600 1975
601 2109
602 2147
603 2197
604 2151
605 2105
606 1976
607 2041
608 2161
609 2146
610 2145
611 2146
612 2064
613 2028
614 1980
615 2167
616 2197
617 2204
618 2037
619 2028
620 2085
621 1979
622 2114
623 2145
624 2213
625 2037
626 1976
627 2028
628 1979
629 2117
630 2215
631 2204
632 2095
633 1976
634 1975
635 1980
636 2114
637 2198
638 2144
639 2123
640 2085
641 2027
642 1980
643 2156
644 2145
645 2145
646 2087
647 1978
648 1976
649 1980
650 2114
651 2199
652 2249
653 2150
654 2026
655 1976
656 2028
657 2139
658 2148
659 2262
660 2099
661 1976
662 2087
663 1977
664 2162
665 2147
666 2145
667 2212
668 2146
669 2145
670 2145
671 2206
672 2206
673 2251
674 2146
675 2144
676 2145
677 2145
678 2030
679 2085
680 2029
681 2030
682 2196
683 2177
684 2145
685 2146
686 2071
687 1979
688 1976
689 2166
690 2166
691 2251
692 2147
693 2087
694 1977
695 2030
696 2140
697 2145
698 2145
699 2033
700 2027
701 2088
702 1996
703 2113
704 2145
705 2198
706 2079
707 2085
708 1975
709 2045
710 2107
711 2196
712 2145
713 2031
714 1976
715 1976
716 2028
717 2104
718 2147
719 2145
720 2146
721 2253
722 2149
723 2175
724 2047
725 2044
726 2025
727 2048
728 2110
729 2201
730 2145
731 2030
732 1976
733 1976
734 2027
735 2177
736 2207
737 2176
738 2146
739 2088
740 2042
741 1975
742 2146
743 2146
744 2145
745 2147
746 2145
747 2150
748 2177
749 2199
750 2146
751 2145
752 2259
753 2140
754 1976
755 2028
756 1980
757 2115
758 2145
759 2145
760 2031
761 1976
762 2041
763 1980
764 2115
765 2145
766 2149
767 2034
768 2028
769 2085
770 1979
771 2114
772 2149
773 2254
774 2106
775 1976
776 1976
777 1982
778 2145
779 2177
780 2145
781 2031
782 1976
783 1976
784 1994
785 2113
786 2145
787 2145
788 2032
789 1976
790 1975
791 2028
792 2162
793 2204
794 2207
795 2095
796 2027
797 2031
798 2041
799 2159
800 2147
801 2145
802 2146
803 2031
804 1976
805 2026
806 2119
807 2200
808 2145
809 2147
810 2124
811 1976
812 1980
813 2117
814 2152
815 2148
816 2025
817 1975
818 1976
819 2026
820 2161
821 2151
822 2176
823 2146
824 2031
825 1976
826 1976
827 2137
828 2148
829 2145
830 2147
831 2199
832 2197
833 2145
834 2099
835 1976
836 1975
837 2035
838 2158
839 2150
840 2262
841 2178
842 2033
843 1976
844 1980
845 2170
846 2147
847 2145
848 2031
849 1976
850 1976
851 1975
852 2159
853 2147
854 2145
855 2201
856 2212
857 2144
858 2146
859 2089
860 1976
861 2026
862 2049
863 2106
864 2144
865 2145
866 2030
867 1976
868 1976
869 1975
870 2185
871 2147
872 2145
873 2147
874 2200
875 2145
876 2145
877 2151
878 2206
879 2175
880 2146
881 2145
882 2145
883 2146
884 2074
885 1976
886 2028
887 1975
888 2109
889 2147
890 2145
891 2147
892 2146
893 2144
894 2145
895 2146
896 2145
897 2149
898 2178
899 2145
900 2145
901 2203
902 2036
903 1976
904 1976
905 1975
906 2108
907 2146
908 2144
909 2146
910 2146
911 2144
912 2149
913 2176
914 2196
915 2145
916 2146
917 2145
918 2145
919 2145
920 2031
921 1976
922 2028
923 2026
924 2037
925 2147
926 2145
927 2146
928 2145
929 2145
930 2145
931 2200
932 2145
933 2145
934 2146
935 2149
936 2176
937 2146
938 2031
939 1976
940 1976
941 2026
942 2107
943 2206
944 2200
945 2150
946 2092
947 2028
948 2085
949 2101
950 2252
951 2145
952 2146
953 2199
954 2211
955 2145
956 2088
957 2042
958 2027
959 1975
960 2167
961 2217
962 2149
963 2208
964 2038
965 1975
966 1976
967 2167
968 2207
969 2175
970 2147
971 2031
972 1976
973 2032
974 2109
975 2146
976 2145
977 2100
978 1976
979 2028
980 2047
981 2151
982 2207
983 2177
984 2130
985 2030
986 1977
987 1975
988 2139
989 2146
990 2145
991 2146
992 2146
993 2145
994 2145
995 2146
996 2145
997 2145
998 2146
999 2145
1000 2199
1001 2145
1002 2030
1003 1975
1004 1976
1005 1975
1006 2139
1007 2147
1008 2145
1009 2151
1010 2176
1011 2204
1012 2175
1013 2090
1014 1976
1015 2028
1016 1980
1017 2115
1018 2144
1019 2145
1020 2031
1021 1976
1022 1976
1023 1980
1024 2114
1025 2144
1026 2145
1027 2031
1028 1977
1029 1976
1030 1979
1031 2163
1032 2252
1033 2145
1034 2088
1035 1976
1036 2028
1037 2032
1038 2109
1039 2196
1040 2145
1041 2032
1042 2027
1043 1992
1044 2091
1045 2193
1046 2212
1047 2146
1048 2071
1049 2086
1050 1975
1051 1980
1052 2115
1053 2146
1054 2199
1055 2036
1056 2028
1057 2086
1058 2092
1059 2019
1060 2145
1061 2145
1062 2031
1063 2026
1064 2044
1065 1993
1066 2170
1067 2215
1068 2213
1069 2097
1070 2042
1071 1975
1072 1980
1073 2115
1074 2149
1075 2215
1076 2136
1077 2044
1078 2025
1079 2034
1080 2160
1081 2149
1082 2147
1083 2031
1084 1976
1085 1976
1086 2084
1087 2100
1088 2146
1089 2144
1090 2145
1091 2146
1092 2145
1093 2145
1094 2146
1095 2144
1096 2145
1097 2145
1098 2030
1099 1976
1100 1976
1101 1975
1102 2109
1103 2146
1104 2145
1105 2147
1106 2146
1107 2145
1108 2144
1109 2149
1110 2177
1111 2259
1112 2162
1113 2198
1114 2145
1115 2199
1116 2034
1117 1976
1118 2028
1119 1975
1120 2109
1121 2151
1122 2213
1123 2198
1124 2146
1125 2144
1126 2145
1127 2146
1128 2144
1129 2145
1130 2145
1131 2248
1132 2149
1133 2262
1134 2042
1135 1976
1136 1976
1137 1975
1138 2109
1139 2147
1140 2145
1141 2147
1142 2146
1143 2145
1144 2145
1145 2146
1146 2204
1147 2177
1148 2200
1149 2145
1150 2145
1151 2145
1152 2030
1153 1976
1154 1976
1155 1975
1156 2108
1157 2147
1158 2212
1159 2147
1160 2145
1161 2144
1162 2145
1163 2146
1164 2144
1165 2145
1166 2146
1167 2204
1168 2177
1169 2146
1170 2030
1171 1976
1172 1976
1173 1975
1174 2109
1175 2215
1176 2252
1177 2147
1178 2039
1179 1978
1180 1976
1181 2110
1182 2146
1183 2145
1184 2147
1185 2145
1186 2145
1187 2203
1188 2175
1189 2197
1190 2251
1191 2145
1192 2032
1193 1976
1194 1975
1195 1980
1196 2155
1197 2251
1198 2258
1199 2044
1200 1976
1201 1976
1202 1979
1203 2114
1204 2145
1205 2145
1206 2032
1207 1976
1208 1976
1209 2028
1210 2170
1211 2198
1212 2145
1213 2074
1214 1976
1215 1976
1216 1976
1217 2178
1218 2201
1219 2145
1220 2146
1221 2064
1222 1976
1223 2028
1224 2105
1225 2214
1226 2199
1227 2147
1228 2225
1229 2086
1230 1995
1231 2113
1232 2145
1233 2145
1234 2099
1235 2027
1236 2006
1237 1975
1238 2138
1239 2200
1240 2144
1241 2147
1242 2146
1243 2145
1244 2145
1245 2146
1246 2145
1247 2145
1248 2147
1249 2144
1250 2145
1251 2146
1252 2030
1253 1976
1254 2085
1255 2025
1256 2175
1257 2147
1258 2145
1259 2204
1260 2070
1261 2027
1262 2005
1263 2109
1264 2146
1265 2145
1266 2147
1267 2145
1268 2145
1269 2260
1270 2261
1271 2175
1272 2145
1273 2031
1274 1975
1275 1976
1276 2026
1277 2160
1278 2147
1279 2145
1280 2145
1281 2146
1282 2145
1283 2145
1284 2146
1285 2251
1286 2145
1287 2146
1288 2145
1289 2145
1290 2145
1291 2031
1292 1976
1293 1976
1294 1975
1295 2108
1296 2214
1297 2203
1298 2148
1299 2046
1300 1976
1301 1976
1302 2137
1303 2252
1304 2145
1305 2147
1306 2045
1307 1976
1308 1980
1309 2114
1310 2145
1311 2145
1312 2123
1313 1976
1314 1976
1315 1980
1316 2114
1317 2195
1318 2199
1319 2092
1320 1976
1321 2028
1322 1980
1323 2114
1324 2145
1325 2145
1326 2032
1327 2086
1328 1977
1329 2020
1330 2199
1331 2207
1332 2161
1333 2076
1334 1976
1335 1976
1336 1980
1337 2173
1338 2206
1339 2251
1340 2107
1341 2042
1342 1975
1343 1980
1344 2114
1345 2144
1346 2145
1347 2084
1348 1976
1349 2026
1350 1996
1351 2143
1352 2254
1353 2213
1354 2036
1355 1976
1356 1975
1357 1980
1358 2114
1359 2149
1360 2147
1361 2031
1362 2086
1363 2043
1364 1981
1365 2114
1366 2144
1367 2145
1368 2031
1369 2027
1370 1978
1371 1980
1372 2168
1373 2145
1374 2145
1375 2072
1376 1976
1377 1976
1378 1979
1379 2114
1380 2145
1381 2145
1382 2031
1383 1976
1384 2085
1385 1980
1386 2114
1387 2146
1388 2145
1389 2075
1390 1976
1391 1976
1392 2087
1393 2106
1394 2201
1395 2145
1396 2031
1397 2086
1398 2029
1399 2028
1400 2136
1401 2206
1402 2175
1403 2146
1404 2031
1405 1976
1406 1975
1407 2163
1408 2199
1409 2199
1410 2147
1411 2030
1412 1975
1413 1980
1414 2115
1415 2251
1416 2145
1417 2088
1418 2027
1419 2028
1420 1996
1421 2113
1422 2204
1423 2176
1424 2034
1425 1976
1426 1975
1427 1980
1428 2114
1429 2144
1430 2144
1431 2197
1432 1978
1433 1976
1434 1980
1435 2114
1436 2199
1437 2145
1438 2031
1439 2085
1440 2026
1441 2091
1442 2139
1443 2145
1444 2146
1445 2045
1446 1976
1447 2027
1448 2028
1449 2193
1450 2147
1451 2145
1452 2146
1453 2031
1454 1976
1455 2085
1456 2100
1457 2146
1458 2145
1459 2146
1460 2145
1461 2145
1462 2145
1463 2031
1464 1976
1465 2028
1466 1975
1467 2109
1468 2154
1469 2177
1470 2147
1471 2151
1472 2206
1473 2176
1474 2091
1475 1976
1476 1976
1477 1980
1478 2115
1479 2145
1480 2145
1481 2103
1482 1976
1483 2028
1484 1994
1485 2170
1486 2147
1487 2145
1488 2065
1489 1976
1490 1976
1491 2034
1492 2165
1493 2151
1494 2199
1495 2036
1496 1976
1497 2026
1498 2021
1499 2137
1500 2147
1501 2145
1502 2031
1503 2085
1504 1976
1505 1980
1506 2114
1507 2213
1508 2145
1509 2089
1510 2043
1511 2027
1512 2045
1513 2107
1514 2198
1515 2200
1516 2035
1517 2026
1518 2089
1519 2090
1520 2162
1521 2148
1522 2146
1523 2099
1524 1977
1525 2042
1526 2030
1527 2193
1528 2145
1529 2145
1530 2031
1531 1976
1532 1975
1533 1979
1534 2114
1535 2211
1536 2144
1537 2088
1538 1976
1539 1976
1540 2030
1541 2113
1542 2147
1543 2259
1544 2103
1545 1976
1546 2028
1547 1975
1548 2109
1549 2147
1550 2145
1551 2147
1552 2146
1553 2144
1554 2145
1555 2146
1556 2145
1557 2145
1558 2146
1559 2144
1560 2145
1561 2145
1562 2122
1563 1976
1564 1976
1565 1975
1566 2109
1567 2147
1568 2145
1569 2146
1570 2146
1571 2144
1572 2145
1573 2146
1574 2145
1575 2145
1576 2146
1577 2144
1578 2145
1579 2146
1580 2030
1581 1976
1582 1976
1583 1975
1584 2109
1585 2206
1586 2148
1587 2147
1588 2032
1589 1976
1590 2028
1591 2138
1592 2146
1593 2145
1594 2147
1595 2145
1596 2145
1597 2146
1598 2144
1599 2145
1600 2145
1601 2099
1602 1976
1603 2028
1604 1975
1605 2108
1606 2147
1607 2144
1608 2146
1609 2151
1610 2261
1611 2261
1612 2050
1613 1976
1614 2026
1615 2092
1616 2181
1617 2215
1618 2198
1619 2034
1620 2026
1621 2044
1622 2083
1623 2136
1624 2151
1625 2176
1626 2213
1627 2037
1628 1976
1629 1975
1630 2032
1631 2215
1632 2149
1633 2147
1634 2102
1635 2028
1636 2028
1637 2032
1638 2109
1639 2144
1640 2258
1641 2088
1642 1976
1643 1975
1644 1980
1645 2117
1646 2152
1647 2175
1648 2078
1649 2028
1650 1976
1651 2047
1652 2213
1653 2145
1654 2199
1655 2081
1656 1976
1657 1976
1658 1975
1659 2109
1660 2146
1661 2198
1662 2198
1663 2260
1664 2207
1665 2254
1666 2040
1667 1976
1668 1976
1669 1980
1670 2114
1671 2199
1672 2203
1673 2080
1674 1976
1675 2026
1676 2032
1677 2110
1678 2145
1679 2145
1680 2031
1681 1976
1682 1975
1683 1980
1684 2172
1685 2177
1686 2145
1687 2031
1688 1976
1689 1975
1690 1979
1691 2114
1692 2145
1693 2150
1694 2091
1695 2027
1696 2089
1697 1982
1698 2122
1699 2146
1700 2212
1701 2036
1702 1976
1703 1975
1704 1980
1705 2114
1706 2145
1707 2204
1708 2047
1709 2042
1710 2025
1711 1982
1712 2114
1713 2249
1714 2145
1715 2032
1716 1976
1717 1976
1718 1980
1719 2115
1720 2150
1721 2201
1722 2035
1723 1976
1724 1975
1725 1980
1726 2114
1727 2145
1728 2145
1729 2031
1730 1975
1731 1976
1732 2028
1733 2179
1734 2249
1735 2145
1736 2264
1737 2105
1738 1977
1739 1975
1740 2109
1741 2146
1742 2144
1743 2147
1744 2146
1745 2258
1746 2176
1747 2101
1748 1976
1749 1976
1750 2034
1751 2146
1752 2145
1753 2150
1754 2047
1755 1976
1756 2027
1757 2028
1758 2119
1759 2217
1760 2145
1761 2146
1762 2031
1763 1976
1764 1975
1765 2139
1766 2146
1767 2258
1768 2179
1769 2092
1770 1975
1771 2032
1772 2109
1773 2212
1774 2251
1775 2097
1776 1976
1777 2026
1778 2009
1779 2171
1780 2251
1781 2145
1782 2103
1783 2084
1784 1975
1785 1980
1786 2114
1787 2198
1788 2249
1789 2039
1790 1976
1791 1976
1792 2028
1793 2194
1794 2151
1795 2147
1796 2031
1797 1976
1798 1976
1799 2026
1800 2135
1801 2147
1802 2145
1803 2198
1804 2205
1805 2251
1806 2144
1807 2031
1808 2028
1809 2028
1810 2030
1811 2110
1812 2144
1813 2199
1814 2080
1815 1976
1816 1976
1817 1975
1818 2109
1819 2146
1820 2144
1821 2146
1822 2146
1823 2199
1824 2145
1825 2146
1826 2196
1827 2199
1828 2146
1829 2145
1830 2145
1831 2145
1832 2030
1833 2028
1834 2085
1835 1975
1836 2108
1837 2147
1838 2144
1839 2146
1840 2146
1841 2144
1842 2145
1843 2146
1844 2258
1845 2176
1846 2146
1847 2248
1848 2145
1849 2211
1850 2035
1851 1976
1852 1976
1853 1975
1854 2108
1855 2198
1856 2145
1857 2146
1858 2151
1859 2177
1860 2145
1861 2257
1862 2150
1863 2215
1864 2203
1865 2038
1866 1976
1867 2027
1868 1975
1869 2112
1870 2255
1871 2145
1872 2147
1873 2030
1874 1976
1875 1982
1876 2114
1877 2198
1878 2145
1879 2088
1880 1976
1881 1976
1882 1979
1883 2113
1884 2197
1885 2145
1886 2031
1887 2042
1888 1975
1889 1979
1890 2141
1891 2145
1892 2213
1893 2083
1894 2044
1895 1975
1896 2087
1897 2173
1898 2145
1899 2205
1900 2096
1901 1978
1902 1976
1903 1975
1904 2109
1905 2241
1906 2216
1907 2253
1908 2096
1909 1976
1910 1976
1911 2110
1912 2146
1913 2197
1914 2215
1915 2205
1916 2162
1917 2259
1918 2107
1919 1976
1920 2026
1921 1978
1922 2109
1923 2146
1924 2145
1925 2205
1926 2207
1927 2177
1928 2144
1929 2031
1930 1976
1931 1975
1932 1975
1933 2109
1934 2204
1935 2261
1936 2177
1937 2074
1938 1976
1939 1980
1940 2114
1941 2143
1942 2150
1943 2140
1944 1976
1945 2026
1946 1982
1947 2114
1948 2259
1949 2215
1950 2037
1951 1976
1952 1975
1953 1980
1954 2200
1955 2147
1956 2144
1957 2031
1958 1976
1959 1975
1960 1982
1961 2168
1962 2145
1963 2197
1964 2035
1965 1976
1966 1975
1967 1982
1968 2168
1969 2145
1970 2145
1971 2031
1972 2041
1973 1975
1974 1979
1975 2219
1976 2152
1977 2147
1978 2064
1979 2086
1980 2043
1981 2088
1982 2104
1983 2145
1984 2146
1985 2031
1986 1976
1987 2026
1988 2028
1989 2165
1990 2152
1991 2151
1992 2155
1993 2045
1994 2072
1995 1979
1996 2017
1997 1974
1998 1978
1999 1979
2000 2160
2001 2201
2002 2148
2003 2096
2004 1978
2005 2028
2006 2025
2007 2213
2008 2214
2009 2147
2010 2148
2011 2148
2012 2196
2013 2255
2014 2039
2015 2026
2016 1978
2017 1976
2018 2107
2019 2254
2020 2144
2021 2147
2022 2146
2023 2202
2024 2228
2025 2211
2026 2158
2027 2260
2028 2158
2029 2151
2030 2207
2031 2153
2032 2024
2033 1976
2034 2028
2035 1977
2036 2106
2037 2146
2038 2146
2039 2144
2040 2145
2041 2145
2042 2132
2043 1976
2044 1976
2045 2084
2046 2206
2047 2214
2048 2145
2049 2146
2050 2145
2051 2144
2052 2150
2053 2054
2054 2042
2055 1975
2056 1975
2057 2145
2058 2249
2059 2149
2060 2098
2061 1976
2062 1975
2063 2026
2064 2199
2065 2145
2066 2145
2067 2027
2068 2084
2069 1975
2070 1976
2071 2197
2072 2144
2073 2145
2074 2146
2075 2080
2076 2005
2077 1976
2078 2145
2079 2144
2080 2212
2081 2138
2082 1975
2083 2027
2084 2042
2085 2213
2086 2212
2087 2144
2088 2028
2089 1976
2090 1976
2091 1976
2092 2149
2093 2249
2094 2145
2095 2027
2096 1975
2097 2028
2098 2027
2099 2161
2100 2144
2101 2145
2102 2026
2103 1975
2104 2026
2105 1978
2106 2145
2107 2144
2108 2145
2109 2084
2110 2005
2111 2041
2112 1975
2113 2197
2114 2248
2115 2144
2116 2026
2117 1975
2118 2027
2119 2026
2120 2152
2121 2146
2122 2145
2123 2027
2124 2041
2125 1974
2126 2028
2127 2145
2128 2145
2129 2199
2130 2099
2131 1976
2132 2086
2133 2044
2134 2144
2135 2144
2136 2145
2137 2025
2138 2027
2139 2028
2140 2026
2141 2173
2142 2147
2143 2144
2144 2146
2145 2151
2146 2215
2147 2145
2148 2026
2149 1976
2150 1975
2151 2027
2152 2177
2153 2145
2154 2144
2155 2027
2156 1975
2157 2026
2158 1978
2159 2145
2160 2144
2161 2145
2162 2026
2163 2026
2164 2044
2165 1975
2166 2145
2167 2144
2168 2145
2169 2081
2170 1976
2171 1975
2172 1976
2173 2145
2174 2144
2175 2145
2176 2095
2177 1976
2178 1975
2179 1976
2180 2144
2181 2144
2182 2144
2183 2082
2184 1975
2185 2026
2186 2044
2187 2212
2188 2145
2189 2145
2190 2026
2191 1975
2192 1977
2193 1975
2194 2138
2195 2151
2196 2146
2197 2196
2198 2146
2199 2145
2200 2144
2201 2146
2202 2176
2203 2150
2204 2214
2205 2204
2206 2213
2207 2145
2208 2026
2209 1975
2210 1976
2211 1975
2212 2164
2213 2208
2214 2251
2215 2147
2216 2026
2217 1975
2218 2025
2219 2177
2220 2144
2221 2144
2222 2080
2223 1975
2224 1975
2225 1976
2226 2145
2227 2144
2228 2145
2229 2026
2230 1975
2231 2085
2232 1975
2233 2145
2234 2144
2235 2144
2236 2080
2237 1976
2238 1975
2239 1976
2240 2145
2241 2144
2242 2144
2243 2206
2244 2056
2245 1975
2246 2026
2247 2175
2248 2149
2249 2176
2250 2134
2251 1975
2252 1975
2253 1976
2254 2177
2255 2144
2256 2176
2257 2083
2258 1975
2259 2026
2260 2030
2261 2198
2262 2144
2263 2144
2264 2084
2265 1978
2266 1976
2267 1976
2268 2213
2269 2144
2270 2144
2271 2026
2272 1975
2273 1975
2274 2026
2275 2177
2276 2144
2277 2144
2278 2026
2279 1975
2280 1975
2281 2028
2282 2213
2283 2144
2284 2144
2285 2027
2286 1975
2287 1976
2288 1976
2289 2145
2290 2144
2291 2249
2292 2102
2293 2026
2294 2044
2295 1975
2296 2145
2297 2212
2298 2148
2299 2043
2300 1975
2301 1976
2302 1976
2303 2149
2304 2214
2305 2144
2306 2084
2307 2028
2308 1992
2309 2086
2310 2144
2311 2144
2312 2145
2313 2026
2314 1975
2315 2028
2316 1975
2317 2106
2318 2151
2319 2176
2320 2146
2321 2145
2322 2144
2323 2144
2324 2197
2325 2144
2326 2144
2327 2213
2328 2144
2329 2144
2330 2145
2331 2080
2332 1975
2333 2028
2334 2026
2335 2118
2336 2146
2337 2149
2338 2176
2339 2250
2340 2196
2341 2144
2342 2026
2343 1975
2344 2026
2345 1978
2346 2145
2347 2144
2348 2144
2349 2083
2350 2085
2351 1977
2352 1976
2353 2196
2354 2149
2355 2215
2356 2099
2357 1976
2358 1975
2359 1976
2360 2144
2361 2149
2362 2147
2363 2027
2364 2026
2365 2099
2366 1983
2367 2451
2368 2574
2369 2602
2370 2261
2371 1979
2372 1976
2373 2032
2374 2163
2375 2145
2376 2145
2377 2046
2378 1977
2379 1975
2380 1980
2381 2156
2382 2145
2383 2145
2384 2071
2385 1976
2386 1976
2387 2089
2388 2103
2389 2145
2390 2150
2391 2033
2392 2027
2393 2044
2394 1975
2395 2108
2396 2147
2397 2145
2398 2206
2399 2178
2400 2204
2401 2147
2402 2031
2403 1976
2404 1976
2405 1980
2406 2118
2407 2177
2408 2145
2409 2031
2410 1976
2411 2041
2412 1979
2413 2114
2414 2198
2415 2145
2416 2031
2417 1976
2418 1975
2419 1980
2420 2115
2421 2145
2422 2212
2423 2037
2424 1976
2425 1976
2426 1980
2427 2114
2428 2149
2429 2175
2430 2033
2431 1976
2432 1976
2433 2028
2434 2226
2435 2147
2436 2145
2437 2031
2438 1976
2439 1976
2440 1975
2441 2109
2442 2146
2443 2145
2444 2151
2445 2178
2446 2213
2447 2211
2448 2047
2449 2042
2450 1975
2451 2028
2452 2170
2453 2161
2454 2150
2455 2092
2456 1976
2457 1976
2458 1980
2459 2114
2460 2252
2461 2198
2462 2077
2463 2027
2464 2088
2465 1982
2466 2114
2467 2145
2468 2204
2469 2145
2470 1976
2471 1975
2472 1980
2473 2195
2474 2145
2475 2145
2476 2064
2477 1976
2478 1976
2479 1976
2480 2072
2481 2145
2482 2145
2483 2124
2484 1976
2485 1975
2486 1994
2487 2114
2488 2145
2489 2149
2490 2034
2491 1976
2492 1976
2493 1980
2494 2114
2495 2199
2496 2146
2497 2031
2498 2027
2499 1992
2500 2089
2501 2177
2502 2145
2503 2146
2504 2101
2505 1976
2506 2028
2507 1975
2508 2109
2509 2147
2510 2145
2511 2206
2512 2203
2513 2145
2514 2145
2515 2032
2516 1976
2517 2028
2518 2087
2519 2147
2520 2161
2521 2145
2522 2102
2523 1976
2524 1976
2525 1976
2526 2111
2527 2178
2528 2198
2529 2198
2530 2092
2531 2027
2532 2086
2533 2159
2534 2200
2535 2145
2536 2146
2537 2144
2538 2145
2539 2211
2540 2134
2541 1978
2542 1976
2543 1975
2544 2109
2545 2146
2546 2144
2547 2146
2548 2146
2549 2145
2550 2145
2551 2205
2552 2199
2553 2198
2554 2250
2555 2145
2556 2145
2557 2146
2558 2031
2559 1976
2560 2085
2561 1975
2562 2136
2563 2263
2564 2176
2565 2249
2566 2040
2567 1976
2568 1976
2569 2110
2570 2146
2571 2145
2572 2148
2573 2249
2574 2150
2575 2215
2576 2036
2577 1977
2578 2086
2579 2028
2580 2194
2581 2146
2582 2199
2583 2146
2584 2030
2585 1976
2586 1980
2587 2171
2588 2253
2589 2146
2590 2045
2591 2028
2592 2042
2593 2025
2594 2194
2595 2206
2596 2147
2597 2150
2598 2033
2599 2026
2600 2089
2601 2172
2602 2146
2603 2145
2604 2146
2605 2145
2606 2145
2607 2145
2608 2046
2609 1976
2610 1976
2611 1975
2612 2160
2613 2146
2614 2144
2615 2147
2616 2146
2617 2144
2618 2145
2619 2200
2620 2144
2621 2145
2622 2146
2623 2144
2624 2149
2625 2200
2626 2034
2627 2028
2628 1976
2629 1975
2630 2112
2631 2208
2632 2161
2633 2215
2634 2104
2635 2028
2636 1975
2637 2110
2638 2205
2639 2254
2640 2147
2641 2030
2642 1976
2643 1979
2644 2182
2645 2258
2646 2147
2647 2070
2648 2026
2649 2086
2650 1979
2651 2114
2652 2144
2653 2144
2654 2030
2655 1975
2656 1975
2657 1979
2658 2113
2659 2196
2660 2258
2661 2095
2662 2028
2663 2026
2664 1996
2665 2115
2666 2251
2667 2248
2668 2106
2669 1976
2670 2026
2671 2034
2672 2160
2673 2145
2674 2150
2675 2067
2676 2026
2677 1978
2678 1979
2679 2141
2680 2145
2681 2144
2682 2031
2683 1976
2684 1975
2685 1979
2686 2114
2687 2144
2688 2198
2689 2035
2690 1976
2691 2085
2692 2033
2693 2144
2694 2144
2695 2152
2696 2028
2697 1975
2698 1975
2699 1979
2700 2114
2701 2197
2702 2212
2703 2091
2704 1976
2705 2042
2706 1979
2707 2163
2708 2196
2709 2145
2710 2032
2711 1976
2712 1976
2713 1980
2714 2148
2715 2251
2716 2149
2717 2121
2718 2038
2719 1981
2720 2050
2721 2107
2722 2201
2723 2200
2724 2198
2725 2030
2726 1976
2727 1976
2728 2163
2729 2146
2730 2145
2731 2206
2732 2167
2733 2162
2734 2145
2735 2027
2736 2041
2737 2025
2738 2087
2739 2131
2740 2146
2741 2145
2742 2146
2743 2144
2744 2144
2745 2145
2746 2025
2747 1976
2748 1976
2749 1975
2750 2106
2751 2210
2752 2157
2753 2213
2754 2159
2755 2148
2756 2146
2757 2205
2758 2146
2759 2150
2760 2083
2761 1975
2762 1976
2763 1976
2764 2145
2765 2213
2766 2212
2767 2145
2768 1982
2769 2007
2770 1986
2771 2103
2772 2145
2773 2145
2774 2147
2775 2145
2776 2145
2777 2144
2778 2211
2779 2213
2780 2144
2781 2146
2782 2199
2783 2144
2784 2145
2785 2026
2786 1976
2787 1976
2788 1976
2789 2145
2790 2145
2791 2145
2792 2095
2793 1976
2794 1976
2795 2028
2796 2145
2797 2212
2798 2145
2799 2027
2800 2026
2801 1983
2802 1985
2803 2157
2804 2147
2805 2147
2806 2026
2807 1976
2808 2041
2809 2084
2810 2128
2811 2146
2812 2145
2813 2146
2814 2258
2815 2206
2816 2177
2817 2028
2818 1975
2819 2028
2820 1975
2821 2163
2822 2208
2823 2251
2824 2146
2825 2027
2826 1976
2827 1975
2828 2176
2829 2197
2830 2144
2831 2201
2832 2149
2833 2177
2834 2149
2835 2083
2836 2041
2837 1975
2838 1975
2839 2107
2840 2145
2841 2145
2842 2147
2843 2145
2844 2145
2845 2144
2846 2204
2847 2199
2848 2145
2849 2149
2850 2028
2851 1976
2852 1975
2853 1976
2854 2145
2855 2144
2856 2145
2857 2095
2858 1976
2859 2027
2860 1978
2861 2145
2862 2149
2863 2251
2864 2020
2865 1975
2866 1976
2867 1976
2868 2145
2869 2144
2870 2144
2871 2026
2872 1976
2873 1975
2874 2027
2875 2199
2876 2144
2877 2144
2878 2026
2879 1975
2880 1976
2881 1976
2882 2144
2883 2149
2884 2176
2885 2027
2886 2086
2887 1977
2888 1976
2889 2145
2890 2203
2891 2175
2892 2086
2893 1975
2894 2027
2895 1976
2896 2144
2897 2144
2898 2145
2899 2081
2900 1975
2901 1975
2902 1976
2903 2144
2904 2144
2905 2145
2906 2133
2907 1976
2908 2041
2909 1975
2910 2144
2911 2203
2912 2253
2913 2035
2914 2085
2915 1977
2916 1976
2917 2150
2918 2161
2919 2145
2920 2094
2921 2041
2922 1975
2923 1976
2924 2145
2925 2195
2926 2145
2927 2085
2928 2028
2929 2044
2930 2027
2931 2145
2932 2144
2933 2145
2934 2084
2935 1992
2936 2084
2937 1975
2938 2145
2939 2144
2940 2196
2941 2136
2942 2041
2943 1975
2944 1976
2945 2213
2946 2196
2947 2144
2948 2026
2949 1975
2950 1975
2951 1976
2952 2150
2953 2147
2954 2144
2955 2027
2956 2084
2957 1975
2958 1976
2959 2197
2960 2210
2961 2145
2962 2082
2963 2005
2964 2041
2965 2041
2966 2145
2967 2258
2968 2176
2969 2029
2970 2041
2971 1975
2972 1975
2973 2145
2974 2144
2975 2144
2976 2026
2977 1975
2978 1975
2979 1976
2980 2145
2981 2143
2982 2144
2983 2026
2984 1975
2985 1975
2986 1976
2987 2145
2988 2144
2989 2145
2990 2026
2991 2084
2992 1975
2993 1976
2994 2145
2995 2144
2996 2144
2997 2026
2998 1975
2999 1976
3000 2026
3001 2177
3002 2144
3003 2144
3004 2133
3005 2026
3006 2088
3007 2043
3008 2144
3009 2144
3010 2145
3011 2080
3012 1976
3013 1976
3014 1975
3015 2174
3016 2146
3017 2144
3018 2146
3019 2198
3020 2144
3021 2145
3022 2146
3023 2247
3024 2145
3025 2205
3026 2198
3027 2145
3028 2145
3029 2026
3030 1975
3031 2086
3032 2089
3033 2153
3034 2206
3035 2207
3036 2166
3037 2030
3038 2041
3039 2040
3040 2040
3041 2144
3042 2196
3043 2144
3044 2026
3045 1975
3046 2041
3047 1975
3048 2145
3049 2198
3050 2144
3051 2082
3052 2029
3053 1978
3054 2026
3055 2215
3056 2248
3057 2145
3058 2085
3059 2043
3060 1975
3061 1976
3062 2145
3063 2144
3064 2145
3065 2085
3066 2005
3067 1975
3068 1976
3069 2145
3070 2144
3071 2145
3072 2026
3073 1975
3074 2026
3075 2044
3076 2144
3077 2145
3078 2150
3079 2028
3080 2041
3081 1975
3082 2025
3083 2219
3084 2148
3085 2144
3086 2145
3087 2145
3088 2144
3089 2249
3090 2145
3091 2144
3092 2149
3093 2216
3094 2144
3095 2199
3096 2145
3097 2080
3098 1975
3099 2042
3100 1974
3101 2108
3102 2148
3103 2149
3104 2148
3105 2146
3106 2144
3107 2144
3108 2146
3109 2198
3110 2144
3111 2145
3112 2144
3113 2145
3114 2197
3115 2087
3116 1975
3117 2042
3118 1975
3119 2163
3120 2176
3121 2144
3122 2146
3123 2150
3124 2146
3125 2144
3126 2146
3127 2144
3128 2145
3129 2145
3130 2144
3131 2145
3132 2213
3133 2085
3134 1975
3135 2085
3136 1974
3137 2158
3138 2146
3139 2144
3140 2146
3141 2205
3142 2251
3143 2144
3144 2084
3145 2005
3146 2041
3147 1975
3148 2144
3149 2144
3150 2145
3151 2026
3152 1976
3153 1975
3154 2028
3155 2145
3156 2144
3157 2144
3158 2026
3159 2025
3160 2030
3161 1976
3162 2197
3163 2258
3164 2175
3165 2083
3166 1975
3167 2084
3168 1975
3169 2145
3170 2144
3171 2199
3172 2030
3173 1975
3174 1975
3175 1976
3176 2145
3177 2144
3178 2149
3179 2029
3180 1975
3181 1975
3182 2028
3183 2144
3184 2149
3185 2166
3186 2087
3187 1975
3188 1976
3189 1976
3190 2145
3191 2145
3192 2145
3193 2081
3194 1976
3195 1975
3196 2041
3197 2145
3198 2144
3199 2149
3200 2098
3201 2026
3202 2086
3203 2026
3204 2199
3205 2144
3206 2144
3207 2026
3208 1975
3209 1975
3210 1976
3211 2145
3212 2144
3213 2149
3214 2085
3215 1976
3216 1975
3217 1976
3218 2149
3219 2151
3220 2251
3221 2034
3222 1976
3223 1975
3224 1976
3225 2145
3226 2144
3227 2199
3228 2099
3229 2085
3230 2086
3231 2043
3232 2144
3233 2204
3234 2207
3235 2090
3236 2041
3237 1975
3238 2083
3239 2097
3240 2150
3241 2160
3242 2204
3243 2254
3244 2203
3245 2147
3246 2145
3247 2144
3248 2144
3249 2145
3250 2026
3251 1975
3252 1976
3253 1975
3254 2108
3255 2146
3256 2144
3257 2252
3258 2145
3259 2144
3260 2258
3261 2069
3262 1975
3263 2040
3264 1975
3265 2144
3266 2144
3267 2144
3268 2026
3269 1975
3270 1975
3271 2028
3272 2145
3273 2143
3274 2144
3275 2026
3276 1975
3277 1975
3278 2085
3279 2144
3280 2144
3281 2145
3282 2025
3283 2025
3284 2005
3285 2083
3286 2097
3287 2214
3288 2144
3289 2144
3290 2149
3291 2205
3292 2146
3293 2205
3294 2174
3295 2212
3296 2196
3297 2029
3298 1975
3299 2026
3300 2029
3301 2101
3302 2200
3303 2195
3304 2197
3305 2249
3306 2203
3307 2261
3308 2069
3309 1975
3310 1975
3311 1975
3312 2145
3313 2144
3314 2144
3315 2084
3316 1975
3317 1975
3318 2027
3319 2145
3320 2144
3321 2258
3322 2050
3323 1975
3324 2026
3325 1992
3326 2074
3327 2144
3328 2144
3329 2146
3330 2198
3331 2212
3332 2197
3333 2149
3334 2212
3335 2145
3336 2025
3337 2025
3338 1978
3339 2083
3340 2096
3341 2145
3342 2198
3343 2198
3344 2197
3345 2143
3346 2144
3347 2146
3348 2144
3349 2210
3350 2144
3351 2025
3352 1975
3353 2026
3354 2004
3355 2196
3356 2199
3357 2164
3358 2028
3359 2041
3360 1974
3361 1975
3362 2107
3363 2145
3364 2144
3365 2176
3366 2146
3367 2146
3368 2197
3369 2104
3370 1976
3371 2026
3372 1978
3373 2192
3374 2168
3375 2215
3376 2147
3377 2031
3378 1976
3379 1980
3380 2114
3381 2251
3382 2145
3383 2103
3384 1976
3385 1976
3386 1980
3387 2142
3388 2145
3389 2149
3390 2035
3391 1976
3392 1975
3393 2034
3394 2177
3395 2204
3396 2199
3397 2033
3398 2027
3399 2006
3400 1975
3401 2163
3402 2147
3403 2144
3404 2147
3405 2146
3406 2145
3407 2145
3408 2146
3409 2144
3410 2212
3411 2214
3412 2145
3413 2213
3414 2145
3415 2031
3416 2026
3417 1978
3418 1975
3419 2112
3420 2208
3421 2251
3422 2206
3423 2038
3424 1976
3425 1976
3426 2110
3427 2146
3428 2150
3429 2154
3430 2148
3431 2145
3432 2145
3433 2205
3434 2167
3435 2147
3436 2145
3437 2146
3438 2198
3439 2204
3440 2202
3441 2144
3442 2145
3443 2150
3444 2065
3445 1976
3446 1976
3447 1975
3448 2109
3449 2147
3450 2144
3451 2146
3452 2146
3453 2144
3454 2144
3455 2146
3456 2199
3457 2145
3458 2146
3459 2145
3460 2145
3461 2145
3462 2030
3463 1976
3464 2027
3465 2088
3466 2138
3467 2147
3468 2144
3469 2145
3470 2124
3471 2027
3472 2028
3473 2030
3474 2152
3475 2207
3476 2147
3477 2104
3478 1978
3479 2027
3480 1977
3481 2222
3482 2208
3483 2254
3484 2151
3485 2105
3486 1976
3487 2041
3488 2102
3489 2146
3490 2199
3491 2146
3492 2030
3493 1976
3494 1976
3495 2089
3496 2196
3497 2145
3498 2030
3499 1976
3500 2028
3501 1975
3502 2109
3503 2147
3504 2149
3505 2201
3506 2200
3507 2144
3508 2144
3509 2031
3510 1976
3511 1976
3512 1980
3513 2194
3514 2145
3515 2145
3516 2031
3517 1976
3518 1976
3519 2028
3520 2111
3521 2210
3522 2213
3523 2036
3524 1976
3525 1976
3526 1975
3527 2247
3528 2214
3529 2144
3530 2147
3531 2031
3532 2026
3533 2044
3534 2138
3535 2145
3536 2145
3537 2253
3538 2092
3539 1976
3540 1980
3541 2165
3542 2196
3543 2145
3544 2030
3545 1976
3546 1986
3547 1976
3548 2109
3549 2146
3550 2204
3551 2162
3552 2146
3553 2248
3554 2251
3555 2108
3556 1978
3557 2085
3558 1979
3559 2167
3560 2197
3561 2145
3562 2031
3563 1976
3564 1975
3565 1980
3566 2114
3567 2258
3568 2197
3569 2081
3570 1976
3571 2028
3572 2090
3573 2173
3574 2145
3575 2149
3576 2033
3577 1976
3578 1976
3579 1975
3580 2108
3581 2147
3582 2145
3583 2147
3584 2146
3585 2145
3586 2145
3587 2206
3588 2261
3589 2177
3590 2146
3591 2198
3592 2252
3593 2260
3594 2041
3595 1976
3596 1976
3597 1975
3598 2109
3599 2151
3600 2254
3601 2147
3602 2137
3603 1976
3604 1976
3605 2215
3606 2260
3607 2167
3608 2149
3609 2064
3610 2027
3611 2034
3612 2111
3613 2250
3614 2204
3615 2099
3616 1976
3617 1975
3618 1979
3619 2142
3620 2145
3621 2145
3622 2031
3623 1975
3624 2041
3625 1979
3626 2114
3627 2144
3628 2145
3629 2045
3630 1976
3631 1976
3632 1979
3633 2115
3634 2145
3635 2145
3636 2031
3637 1975
3638 1976
3639 2089
3640 2103
3641 2198
3642 2145
3643 2031
3644 2026
3645 2030
3646 1975
3647 2108
3648 2146
3649 2145
3650 2147
3651 2146
3652 2145
3653 2199
3654 2146
3655 2144
3656 2145
3657 2146
3658 2145
3659 2145
3660 2205
3661 2037
3662 1976
3663 2028
3664 2027
3665 2139
3666 2263
3667 2175
3668 2214
3669 2047
3670 2086
3671 1991
3672 2145
3673 2145
3674 2145
3675 2146
3676 2145
3677 2145
3678 2212
3679 2204
3680 2162
3681 2144
3682 2144
3683 2031
3684 1975
3685 2025
3686 1982
3687 2113
3688 2144
3689 2147
3690 2065
3691 1976
3692 1976
3693 1980
3694 2114
3695 2148
3696 2147
3697 2032
3698 1975
3699 1976
3700 1980
3701 2114
3702 2248
3703 2212
3704 2036
3705 1976
3706 1976
3707 2032
3708 2108
3709 2144
3710 2145
3711 2099
3712 1976
3713 2041
3714 1979
3715 2113
3716 2210
3717 2144
3718 2031
3719 1976
3720 1976
3721 1982
3722 2114
3723 2145
3724 2145
3725 2076
3726 1976
3727 1975
3728 1980
3729 2115
3730 2204
3731 2261
3732 2042
3733 1976
3734 1976
3735 1979
3736 2114
3737 2251
3738 2144
3739 2125
3740 1978
3741 2026
3742 1982
3743 2114
3744 2145
3745 2204
3746 2096
3747 2030
3748 2041
3749 1979
3750 2114
3751 2204
3752 2261
3753 2104
3754 1976
3755 2041
3756 1979
3757 2114
3758 2144
3759 2145
3760 2032
3761 2027
3762 1978
3763 1979
3764 2115
3765 2145
3766 2145
3767 2032
3768 2027
3769 1978
3770 1980
3771 2156
3772 2149
3773 2147
3774 2103
3775 1976
3776 2041
3777 2031
3778 2108
3779 2145
3780 2144
3781 2084
3782 1976
3783 2026
3784 2021
3785 2192
3786 2146
3787 2145
3788 2146
3789 2146
3790 2144
3791 2145
3792 2198
3793 2248
3794 2144
3795 2151
3796 2176
3797 2249
3798 2150
3799 2145
3800 1992
3801 2086
3802 2086
3803 2121
3804 2209
3805 2199
3806 2145
3807 2065
3808 1976
3809 1976
3810 1980
3811 2168
3812 2150
3813 2146
3814 2032
3815 1976
3816 1975
3817 1980
3818 2114
3819 2145
3820 2145
3821 2031
3822 1976
3823 1976
3824 1980
3825 2114
3826 2197
3827 2145
3828 2031
3829 1976
3830 2085
3831 1979
3832 2118
3833 2199
3834 2145
3835 2100
3836 2026
3837 2044
3838 2033
3839 2109
3840 2145
3841 2145
3842 2088
3843 2026
3844 1978
3845 1980
3846 2114
3847 2204
3848 2216
3849 2089
3850 1977
3851 2042
3852 1975
3853 2186
3854 2147
3855 2145
3856 2207
3857 2136
3858 1978
3859 2029
3860 2170
3861 2215
3862 2150
3863 2143
3864 2044
3865 1975
3866 1975
3867 2108
3868 2147
3869 2149
3870 2208
3871 2217
3872 2145
3873 2145
3874 2031
3875 2027
3876 2005
3877 1980
3878 2146
3879 2215
3880 2145
3881 2144
3882 1978
3883 2086
3884 1982
3885 2114
3886 2199
3887 2144
3888 2032
3889 1976
3890 2026
3891 1997
3892 2113
3893 2204
3894 2261
3895 2089
3896 1976
3897 1976
3898 1982
3899 2170
3900 2201
3901 2145
3902 2031
3903 1976
3904 1975
3905 1980
3906 2114
3907 2145
3908 2145
3909 2049
3910 1976
3911 1975
3912 2034
3913 2146
3914 2196
3915 2144
3916 2086
3917 1979
3918 1975
3919 1980
3920 2114
3921 2259
3922 2201
3923 2131
3924 1976
3925 1975
3926 1980
3927 2113
3928 2145
3929 2144
3930 2031
3931 1976
3932 1975
3933 1979
3934 2114
3935 2148
3936 2199
3937 2035
3938 1976
3939 2028
3940 2032
3941 2109
3942 2144
3943 2144
3944 2085
3945 1976
3946 1976
3947 2032
3948 2143
3949 2151
3950 2206
3951 2092
3952 1976
3953 2026
3954 1982
3955 2114
3956 2144
3957 2145
3958 2090
3959 2044
3960 1975
3961 2032
3962 2112
3963 2176
3964 2145
3965 2105
3966 2005
3967 2026
3968 1996
3969 2006
3970 2145
3971 2144
3972 2146
3973 2144
3974 2149
3975 2252
3976 2145
3977 2145
3978 2145
3979 2030
3980 1976
3981 1976
3982 2026
3983 2159
3984 2201
3985 2145
3986 2150
3987 2033
3988 1976
3989 2028
3990 2210
3991 2146
3992 2249
3993 2146
3994 2141
3995 1992
3996 1980
3997 2166
3998 2145
3999 2146
4000 2089
4001 1976
4002 1976
4003 1975
4004 2109
4005 2146
4006 2144
4007 2146
4008 2146
4009 2149
4010 2175
4011 2146
4012 2249
4013 2199
4014 2146
4015 2144
4016 2144
4017 2204
4018 2049
4019 1976
4020 2027
4021 1978
4022 2108
4023 2149
4024 2144
4025 2147
4026 2146
4027 2144
4028 2144
4029 2146
4030 2144
4031 2145
4032 2146
4033 2198
4034 2145
4035 2145
4036 2031
4037 2014
4038 1982
4039 2085
4040 2156
4041 2146
4042 2145
4043 2146
4044 2144
4045 2145
4046 2145
4047 2031
4048 1976
4049 1976
4050 1975
4051 2112
4052 2179
4053 2145
4054 2147
4055 2146
4056 2145
4057 2145
4058 2151
4059 2177
4060 2145
4061 2146
4062 2145
4063 2145
4064 2213
4065 2037
4066 1976
4067 1976
4068 1975
4069 2193
4070 2147
4071 2144
4072 2146
4073 2146
4074 2144
4075 2144
4076 2200
4077 2144
4078 2145
4079 2146
4080 2144
4081 2145
4082 2199
4083 2093
4084 1976
4085 1976
4086 1975
4087 2162
4088 2147
4089 2144
4090 2146
4091 2260
4092 2206
4093 2175
4094 2104
4095 2028
4096 2085
4097 2035
4098 2107
4099 2145
4100 2205
4101 2080
4102 1976
4103 1976
4104 1975
4105 2222
4106 2163
4107 2198
4108 2147
4109 2031
4110 1976
4111 1976
4112 2168
4113 2176
4114 2145
4115 2147
4116 2098
4117 1976
4118 1980
4119 2115
4120 2145
4121 2145
4122 2031
4123 2085
4124 1975
4125 1980
4126 2115
4127 2145
4128 2149
4129 2091
4130 2027
4131 2028
4132 1982
4133 2114
4134 2196
4135 2145
4136 2089
4137 1976
4138 2026
4139 2035
4140 2183
4141 2248
4142 2145
4143 2030
4144 2041
4145 1975
4146 1975
4147 2108
4148 2147
4149 2145
4150 2250
4151 2200
4152 2144
4153 2145
4154 2088
4155 1976
4156 2028
4157 2090
4158 2103
4159 2248
4160 2198
4161 2080
4162 1976
4163 2028
4164 1975
4165 2139
4166 2147
4167 2145
4168 2151
4169 2255
4170 2144
4171 2198
4172 2084
4173 1976
4174 1976
4175 2030
4176 2145
4177 2200
4178 2213
4179 2036
4180 1976
4181 1976
4182 1979
4183 2115
4184 2145
4185 2149
4186 2092
4187 2027
4188 1978
4189 1982
4190 2114
4191 2145
4192 2205
4193 2106
4194 1976
4195 2026
4196 2010
4197 2110
4198 2144
4199 2145
4200 2031
4201 1976
4202 2027
4203 2088
4204 2116
4205 2147
4206 2145
4207 2145
4208 2146
4209 2145
4210 2144
4211 2150
4212 2251
4213 2145
4214 2205
4215 2049
4216 2041
4217 1975
4218 1975
4219 2109
4220 2213
4221 2145
4222 2151
4223 2216
4224 2145
4225 2145
4226 2031
4227 1976
4228 2026
4229 2021
4230 2140
4231 2146
4232 2145
4233 2102
4234 1976
4235 1976
4236 1975
4237 2163
4238 2146
4239 2145
4240 2201
4241 2146
4242 2145
4243 2198
4244 2146
4245 2145
4246 2251
4247 2206
4248 2148
4249 2204
4250 2264
4251 2038
4252 1975
4253 1976
4254 1980
4255 2114
4256 2204
4257 2206
4258 2082
4259 1977
4260 1975
4261 1980
4262 2114
4263 2149
4264 2177
4265 2065
4266 1976
4267 1976
4268 2030
4269 2169
4270 2160
4271 2144
4272 2031
4273 1976
4274 2085
4275 1979
4276 2114
4277 2197
4278 2145
4279 2031
4280 1975
4281 1975
4282 1980
4283 2114
4284 2145
4285 2198
4286 2094
4287 1976
4288 2026
4289 1982
4290 2114
4291 2145
4292 2144
4293 2099
4294 1976
4295 1975
4296 1980
4297 2113
4298 2145
4299 2149
4300 2073
4301 1975
4302 1976
4303 2030
4304 2140
4305 2144
4306 2145
4307 2149
4308 2026
4309 1976
4310 1975
4311 2109
4312 2147
4313 2149
4314 2220
4315 2146
4316 2145
4317 2149
4318 2216
4319 2144
4320 2199
4321 2205
4322 2176
4323 2198
4324 2196
4325 2034
4326 1976
4327 2027
4328 1975
4329 2108
4330 2253
4331 2196
4332 2146
4333 2030
4334 1975
4335 1976
4336 2110
4337 2259
4338 2201
4339 2206
4340 2090
4341 1975
4342 1980
4343 2117
4344 2166
4345 2206
4346 2096
4347 1978
4348 1975
4349 1979
4350 2148
4351 2145
4352 2144
4353 2122
4354 1975
4355 1975
4356 2036
4357 2106
4358 2144
4359 2145
4360 2101
4361 1976
4362 1976
4363 1975
4364 2109
4365 2147
4366 2145
4367 2146
4368 2212
4369 2144
4370 2145
4371 2089
4372 1976
4373 1975
4374 1976
4375 2199
4376 2215
4377 2196
4378 2146
4379 1978
4380 2026
4381 1982
4382 2172
4383 2207
4384 2254
4385 2088
4386 1976
4387 2026
4388 2034
4389 2110
4390 2146
4391 2145
4392 2030
4393 1976
4394 1976
4395 1975
4396 2109
4397 2215
4398 2145
4399 2146
4400 2146
4401 2145
4402 2145
4403 2146
4404 2145
4405 2199
4406 2146
4407 2145
4408 2145
4409 2205
4410 2144
4411 1976
4412 1976
4413 2025
4414 2122
4415 2146
4416 2251
4417 2198
4418 2035
4419 1976
4420 1976
4421 2110
4422 2145
4423 2145
4424 2199
4425 2145
4426 2145
4427 2212
4428 2145
4429 2146
4430 2144
4431 2144
4432 2146
4433 2204
4434 2177
4435 2198
4436 2248
4437 2143
4438 2146
4439 2030
4440 1975
4441 1976
4442 1975
4443 2109
4444 2147
4445 2199
4446 2147
4447 2146
4448 2213
4449 2144
4450 2031
4451 1975
4452 1976
4453 1980
4454 2114
4455 2145
4456 2204
4457 2106
4458 2027
4459 1992
4460 1980
4461 2117
4462 2206
4463 2167
4464 2048
4465 1976
4466 2026
4467 2010
4468 2150
4469 2258
4470 2199
4471 2145
4472 1992
4473 2027
4474 2028
4475 2109
4476 2232
4477 2146
4478 2151
4479 2033
4480 1976
4481 1976
4482 2113
4483 2202
4484 2145
4485 2147
4486 2145
4487 2145
4488 2198
4489 2145
4490 2145
4491 2144
4492 2145
4493 2146
4494 2145
4495 2145
4496 2252
4497 2144
4498 2145
4499 2197
4500 2034
4501 1976
4502 1976
4503 1975
4504 2179
4505 2147
4506 2145
4507 2151
4508 2208
4509 2199
4510 2145
4511 2031
4512 2042
4513 2040
4514 1979
4515 2113
4516 2144
4517 2144
4518 2046
4519 1976
4520 2026
4521 1982
4522 2114
4523 2144
4524 2145
4525 2032
4526 1976
4527 2026
4528 1984
4529 2183
4530 2144
4531 2145
4532 2031
4533 1976
4534 2028
4535 1982
4536 2114
4537 2251
4538 2145
4539 2031
4540 1976
4541 2026
4542 1982
4543 2114
4544 2204
4545 2177
4546 2034
4547 1976
4548 1976
4549 2089
4550 2179
4551 2199
4552 2145
4553 2064
4554 1976
4555 2042
4556 1975
4557 2108
4558 2151
4559 2177
4560 2146
4561 2146
4562 2197
4563 2145
4564 2252
4565 2145
4566 2145
4567 2146
4568 2149
4569 2262
4570 2251
4571 2149
4572 2044
4573 1976
4574 1975
4575 2111
4576 2209
4577 2199
4578 2206
4579 2049
4580 2085
4581 1975
4582 2110
4583 2146
4584 2145
4585 2261
4586 2251
4587 2150
4588 2147
4589 2102
4590 1976
4591 1976
4592 1977
4593 2109
4594 2146
4595 2145
4596 2147
4597 2145
4598 2145
4599 2199
4600 2204
4601 2199
4602 2251
4603 2149
4604 2091
4605 2029
4606 1978
4607 1980
4608 2114
4609 2252
4610 2145
4611 2031
4612 2026
4613 2005
4614 1979
4615 2114
4616 2145
4617 2145
4618 2031
4619 1976
4620 2028
4621 1980
4622 2114
4623 2145
4624 2145
4625 2032
4626 1976
4627 2026
4628 2034
4629 2108
4630 2145
4631 2145
4632 2070
4633 1976
4634 1976
4635 1976
4636 2160
4637 2147
4638 2145
4639 2250
4640 2200
4641 2204
4642 2175
4643 2033
4644 1976
4645 1975
4646 1980
4647 2114
4648 2145
4649 2144
4650 2030
4651 1975
4652 1975
4653 1981
4654 2113
4655 2144
4656 2144
4657 2031
4658 1976
4659 1975
4660 1980
4661 2167
4662 2144
4663 2144
4664 2031
4665 2028
4666 1975
4667 2031
4668 2109
4669 2144
4670 2144
4671 2031
4672 2026
4673 1992
4674 1980
4675 2113
4676 2144
4677 2145
4678 2031
4679 1975
4680 1975
4681 1979
4682 2172
4683 2175
4684 2144
4685 2088
4686 1976
4687 2084
4688 1979
4689 2203
4690 2268
4691 2144
4692 2088
4693 1976
4694 1975
4695 2032
4696 2109
4697 2251
4698 2145
4699 2077
4700 1976
4701 2041
4702 1981
4703 2114
4704 2145
4705 2145
4706 2031
4707 1975
4708 2026
4709 2033
4710 2173
4711 2144
4712 2144
4713 2264
4714 2096
4715 2086
4716 2047
4717 2159
4718 2212
4719 2149
4720 2026
4721 1975
4722 1976
4723 2084
4724 2099
4725 2147
4726 2144
4727 2197
4728 2176
4729 2259
4730 2207
4731 2208
4732 2147
4733 2145
4734 2145
4735 2031
4736 1976
4737 1976
4738 1975
4739 2109
4740 2147
4741 2145
4742 2151
4743 2148
4744 2145
4745 2145
4746 2205
4747 2206
4748 2176
4749 2146
4750 2144
4751 2145
4752 2146
4753 2089
4754 1978
4755 2027
4756 2087
4757 2154
4758 2147
4759 2144
4760 2199
4761 2132
4762 2028
4763 2043
4764 1979
4765 2114
4766 2145
4767 2212
4768 2143
4769 1976
4770 1976
4771 2089
4772 2104
4773 2149
4774 2177
4775 2131
4776 2005
4777 2028
4778 1975
4779 2109
4780 2146
4781 2144
4782 2199
4783 2146
4784 2204
4785 2207
4786 2038
4787 1976
4788 2041
4789 1994
4790 2113
4791 2144
4792 2145
4793 2070
4794 1976
4795 1976
4796 1982
4797 2171
4798 2201
4799 2144
4800 2088
4801 1976
4802 2084
4803 1981
4804 2168
4805 2196
4806 2145
4807 2105
4808 2029
4809 2030
4810 2032
4811 2109
4812 2145
4813 2145
4814 2031
4815 1976
4816 1975
4817 2087
4818 2139
4819 2145
4820 2145
4821 2030
4822 1976
4823 1976
4824 1975
4825 2183
4826 2146
4827 2144
4828 2146
4829 2146
4830 2145
4831 2145
4832 2146
4833 2204
4834 2147
4835 2250
4836 2149
4837 2206
4838 2176
4839 2064
4840 1992
4841 2028
4842 1975
4843 2223
4844 2217
4845 2144
4846 2151
4847 2066
4848 1976
4849 1975
4850 2110
4851 2259
4852 2176
4853 2205
4854 2083
4855 1976
4856 1980
4857 2114
4858 2145
4859 2145
4860 2046
4861 1976
4862 1976
4863 1980
4864 2114
4865 2145
4866 2145
4867 2032
4868 1976
4869 2028
4870 2030
4871 2168
4872 2207
4873 2251
4874 2083
4875 1976
4876 1976
4877 1975
4878 2138
4879 2146
4880 2144
4881 2151
4882 2178
4883 2204
4884 2177
4885 2089
4886 2005
4887 2085
4888 2032
4889 2109
4890 2145
4891 2251
4892 2100
4893 1976
4894 1976
4895 2030
4896 2111
4897 2144
4898 2145
4899 2102
4900 1976
4901 2027
4902 1978
4903 2185
4904 2147
4905 2144
4906 2146
4907 2200
4908 2198
4909 2205
4910 2107
4911 1976
4912 1975
4913 1980
4914 2141
4915 2145
4916 2144
4917 2031
4918 1976
4919 2028
4920 2087
4921 2212
4922 2212
4923 2145
4924 2030
4925 2026
4926 1978
4927 1975
4928 2109
4929 2147
4930 2145
4931 2251
4932 2253
4933 2153
4934 2145
4935 2032
4936 1976
4937 1976
4938 1994
4939 2113
4940 2145
4941 2144
4942 2031
4943 2042
4944 2085
4945 2033
4946 2162
4947 2212
4948 2145
4949 2102
4950 2085
4951 2005
4952 2032
4953 2109
4954 2144
4955 2198
4956 2095
4957 1976
4958 2041
4959 1979
4960 2114
4961 2144
4962 2145
4963 2031
4964 2041
4965 1975
4966 1979
4967 2114
4968 2212
4969 2145
4970 2064
4971 2085
4972 1975
4973 2028
4974 2141
4975 2210
4976 2213
4977 2095
4978 2005
4979 2042
4980 1975
4981 2109
4982 2151
4983 2177
4984 2251
4985 2146
4986 2145
4987 2145
4988 2103
4989 1976
4990 2041
4991 1979
4992 2113
4993 2203
4994 2147
4995 2139
4996 2044
4997 1978
4998 1980
4999 2113
5000 2144
5001 2144
5002 2030
5003 1975
5004 1975
5005 2030
5006 2111
5007 2144
5008 2145
5009 2030
5010 1975
5011 2027
5012 2041
5013 2103
5014 2251
5015 2144
5016 2146
5017 2031
5018 1975
5019 1976
5020 2110
5021 2205
5022 2147
5023 2150
5024 2150
5025 2176
5026 2144
5027 2146
5028 2145
5029 2145
5030 2145
5031 2146
5032 2199
5033 2213
5034 2200
5035 2145
5036 2145
5037 2205
5038 2084
5039 1976
5040 1976
5041 1975
5042 2109
5043 2147
5044 2145
5045 2146
5046 2146
5047 2144
5048 2145
5049 2146
5050 2145
5051 2145
5052 2146
5053 2145
5054 2145
5055 2145
5056 2031
5057 1976
5058 1976
5059 2026
5060 2122
5061 2145
5062 2213
5063 2198
5064 2106
5065 2029
5066 1992
5067 2160
5068 2197
5069 2145
5070 2198
5071 2088
5072 2026
5073 2091
5074 2103
5075 2144
5076 2150
5077 2047
5078 1976
5079 1976
5080 1975
5081 2109
5082 2146
5083 2204
5084 2148
5085 2151
5086 2167
5087 2201
5088 2146
5089 2145
5090 2145
5091 2146
5092 2249
5093 2145
5094 2145
5095 2099
5096 1976
5097 1976
5098 1975
5099 2108
5100 2147
5101 2144
5102 2146
5103 2146
5104 2145
5105 2145
5106 2151
5107 2175
5108 2198
5109 2146
5110 2212
5111 2145
5112 2145
5113 2030
5114 1976
5115 2086
5116 2043
5117 2103
5118 2147
5119 2258
5120 2202
5121 2089
5122 1976
5123 2028
5124 2104
5125 2146
5126 2145
5127 2146
5128 2150
5129 2177
5130 2146
5131 2145
5132 2204
5133 2147
5134 2137
5135 1976
5136 1977
5137 1975
5138 2186
5139 2200
5140 2204
5141 2208
5142 2038
5143 1976
5144 2026
5145 2199
5146 2216
5147 2149
5148 2201
5149 2093
5150 1978
5151 1980
5152 2113
5153 2145
5154 2145
5155 2031
5156 1976
5157 1976
5158 2084
5159 2100
5160 2147
5161 2149
5162 2261
5163 2042
5164 1976
5165 1975
5166 1980
5167 2115
5168 2145
5169 2144
5170 2085
5171 1976
5172 1975
5173 1980
5174 2166
5175 2249
5176 2145
5177 2031
5178 2026
5179 2029
5180 1979
5181 2222
5182 2196
5183 2145
5184 2089
5185 2041
5186 1975
5187 1980
5188 2116
5189 2199
5190 2197
5191 2095
5192 1977
5193 2028
5194 1980
5195 2114
5196 2145
5197 2145
5198 2085
5199 2026
5200 2005
5201 1981
5202 2115
5203 2150
5204 2262
5205 2043
5206 1976
5207 1976
5208 1980
5209 2115
5210 2145
5211 2149
5212 2033
5213 1975
5214 1975
5215 1982
5216 2114
5217 2145
5218 2145
5219 2064
5220 1976
5221 2026
5222 2034
5223 2138
5224 2198
5225 2145
5226 2030
5227 2026
5228 1992
5229 1975
5230 2109
5231 2146
5232 2146
5233 2146
5234 2214
5235 2145
5236 2145
5237 2031
5238 1976
5239 1975
5240 1994
5241 2113
5242 2144
5243 2145
5244 2031
5245 2027
5246 1992
5247 2047
5248 2107
5249 2145
5250 2145
5251 2140
5252 1978
5253 1976
5254 1976
5255 2108
5256 2151
5257 2176
5258 2146
5259 2146
5260 2251
5261 2197
5262 2104
5263 1976
5264 1976
5265 1980
5266 2114
5267 2145
5268 2145
5269 2029
5270 1976
5271 1976
5272 1980
5273 2114
5274 2203
5275 2147
5276 2031
5277 2027
5278 2044
5279 1979
5280 2168
5281 2145
5282 2150
5283 2105
5284 1976
5285 1975
5286 2087
5287 2104
5288 2149
5289 2146
5290 2030
5291 1976
5292 2027
5293 2086
5294 2099
5295 2206
5296 2176
5297 2145
5298 2031
5299 2026
5300 1978
5301 1979
5302 2114
5303 2145
5304 2145
5305 2072
5306 1976
5307 1976
5308 2030
5309 2218
5310 2259
5311 2251
5312 2039
5313 1976
5314 1975
5315 1980
5316 2114
5317 2145
5318 2211
5319 2104
5320 2026
5321 1992
5322 1994
5323 2113
5324 2144
5325 2149
5326 2043
5327 1976
5328 1975
5329 1980
5330 2115
5331 2145
5332 2144
5333 2075
5334 1976
5335 1976
5336 2032
5337 2143
5338 2251
5339 2144
5340 2031
5341 2041
5342 1974
5343 2031
5344 2182
5345 2145
5346 2199
5347 2034
5348 1976
5349 2085
5350 1974
5351 2109
5352 2146
5353 2145
5354 2151
5355 2254
5356 2147
5357 2197
5358 2093
5359 1985
5360 1981
5361 2038
5362 2170
5363 2208
5364 2148
5365 2033
5366 1977
5367 2027
5368 2028
5369 2162
5370 2146
5371 2144
5372 2146
5373 2198
5374 2204
5375 2216
5376 2146
5377 2198
5378 2145
5379 2031
5380 1976
5381 2027
5382 2034
5383 2106
5384 2146
5385 2146
5386 2030
5387 1976
5388 2042
5389 1975
5390 2148
5391 2146
5392 2144
5393 2147
5394 2151
5395 2152
5396 2215
5397 2214
5398 2252
5399 2198
5400 2146
5401 2205
5402 2147
5403 2145
5404 2032
5405 1976
5406 2028
5407 1979
5408 2113
5409 2145
5410 2144
5411 2031
5412 1977
5413 1976
5414 2032
5415 2162
5416 2149
5417 2254
5418 2087
5419 1976
5420 1976
5421 2032
5422 2169
5423 2151
5424 2206
5425 2107
5426 1976
5427 2041
5428 1979
5429 2115
5430 2259
5431 2261
5432 2053
5433 1976
5434 2028
5435 1982
5436 2115
5437 2145
5438 2144
5439 2031
5440 1976
5441 2028
5442 1982
5443 2195
5444 2204
5445 2215
5446 2142
5447 1976
5448 1976
5449 1980
5450 2115
5451 2145
5452 2258
5453 2087
5454 1976
5455 1976
5456 1980
5457 2114
5458 2145
5459 2204
5460 2038
5461 1976
5462 2026
5463 1982
5464 2113
5465 2145
5466 2145
5467 2071
5468 2028
5469 1975
5470 2032
5471 2163
5472 2248
5473 2145
5474 2142
5475 2030
5476 2026
5477 1982
5478 2114
5479 2211
5480 2145
5481 2031
5482 1975
5483 1976
5484 1980
5485 2114
5486 2144
5487 2145
5488 2032
5489 2085
5490 2026
5491 2075
5492 2137
5493 2145
5494 2145
5495 2104
5496 2087
5497 1976
5498 1976
5499 2111
5500 2263
5501 2161
5502 2151
5503 2033
5504 1976
5505 1976
5506 2109
5507 2146
5508 2145
5509 2147
5510 2145
5511 2145
5512 2145
5513 2145
5514 2146
5515 2145
5516 2145
5517 2146
5518 2144
5519 2199
5520 2146
5521 2145
5522 2145
5523 2199
5524 2092
5525 1977
5526 1976
5527 2084
5528 2099
5529 2146
5530 2145
5531 2145
5532 2205
5533 2206
5534 2261
5535 2178
5536 2213
5537 2198
5538 2150
5539 2073
5540 1975
5541 2085
5542 1975
5543 2160
5544 2147
5545 2144
5546 2146
5547 2146
5548 2145
5549 2145
5550 2250
5551 2212
5552 2204
5553 2162
5554 2144
5555 2145
5556 2145
5557 2089
5558 2026
5559 1978
5560 1975
5561 2159
5562 2146
5563 2144
5564 2146
5565 2146
5566 2144
5567 2149
5568 2217
5569 2145
5570 2145
5571 2146
5572 2145
5573 2145
5574 2213
5575 2097
5576 1976
5577 1976
5578 1975
5579 2166
5580 2217
5581 2144
5582 2146
5583 2031
5584 2027
5585 2085
5586 2103
5587 2200
5588 2205
5589 2178
5590 2204
5591 2167
5592 2177
5593 2085
5594 1986
5595 1977
5596 1976
5597 2137
5598 2149
5599 2144
5600 2151
5601 2178
5602 2144
5603 2145
5604 2146
5605 2145
5606 2199
5607 2146
5608 2149
5609 2147
5610 2145
5611 2030
5612 1976
5613 2028
5614 1975
5615 2140
5616 2254
5617 2204
5618 2177
5619 2075
5620 1978
5621 1976
5622 2187
5623 2252
5624 2145
5625 2147
5626 2031
5627 1975
5628 2030
5629 2161
5630 2144
5631 2145
5632 2088
5633 1976
5634 1976
5635 1976
5636 2109
5637 2147
5638 2203
5639 2200
5640 2145
5641 2204
5642 2175
5643 2092
5644 2027
5645 1992
5646 1994
5647 2154
5648 2204
5649 2206
5650 2070
5651 1976
5652 1975
5653 1980
5654 2113
5655 2145
5656 2197
5657 2035
5658 1976
5659 2026
5660 2048
5661 2189
5662 2254
5663 2145
5664 2031
5665 1976
5666 2028
5667 2085
5668 2143
5669 2147
5670 2198
5671 2145
5672 2071
5673 1976
5674 2085
5675 1979
5676 2114
5677 2144
5678 2145
5679 2031
5680 1975
5681 1975
5682 1980
5683 2114
5684 2196
5685 2247
5686 2039
5687 1976
5688 1975
5689 1980
5690 2114
5691 2145
5692 2213
5693 2132
5694 1976
5695 1976
5696 1980
5697 2142
5698 2145
5699 2145
5700 2086
5701 1978
5702 2026
5703 2036
5704 2129
5705 2199
5706 2145
5707 2030
5708 1976
5709 1976
5710 1975
5711 2108
5712 2147
5713 2149
5714 2255
5715 2205
5716 2146
5717 2145
5718 2089
5719 1976
5720 2026
5721 2035
5722 2108
5723 2145
5724 2145
5725 2031
5726 1976
5727 2028
5728 1979
5729 2114
5730 2146
5731 2258
5732 2100
5733 1979
5734 1975
5735 1995
5736 2113
5737 2145
5738 2145
5739 2032
5740 1976
5741 2085
5742 2088
5743 2169
5744 2196
5745 2146
5746 2030
5747 2084
5748 2026
5749 2043
5750 2103
5751 2146
5752 2145
5753 2146
5754 2200
5755 2249
5756 2145
5757 2138
5758 1976
5759 2085
5760 1996
5761 2166
5762 2197
5763 2198
5764 2036
5765 1976
5766 1976
5767 1980
5768 2115
5769 2149
5770 2177
5771 2127
5772 1976
5773 1976
5774 1980
5775 2113
5776 2204
5777 2176
5778 2078
5779 1976
5780 1975
5781 1980
5782 2145
5783 2262
5784 2176
5785 2077
5786 2087
5787 1975
5788 1980
5789 2114
5790 2145
5791 2145
5792 2031
5793 2041
5794 1975
5795 1976
5796 2090
5797 2145
5798 2203
5799 2051
5800 1976
5801 2027
5802 1982
5803 2114
5804 2251
5805 2144
5806 2031
5807 1976
5808 1975
5809 2030
5810 2110
5811 2204
5812 2177
5813 2102
5814 1976
5815 1976
5816 1976
5817 2191
5818 2200
5819 2204
5820 2148
5821 2099
5822 1976
5823 1975
5824 2109
5825 2146
5826 2145
5827 2147
5828 2145
5829 2212
5830 2145
5831 2031
5832 2041
5833 1974
5834 1975
5835 2136
5836 2177
5837 2205
5838 2149
5839 2031
5840 1975
5841 1994
5842 2113
5843 2197
5844 2144
5845 2031
5846 1976
5847 1976
5848 1980
5849 2114
5850 2145
5851 2145
5852 2031
5853 1976
5854 1975
5855 1982
5856 2153
5857 2152
5858 2177
5859 2033
5860 1976
5861 1976
5862 2030
5863 2144
5864 2215
5865 2145
5866 2031
5867 1975
5868 1976
5869 1975
5870 2191
5871 2149
5872 2145
5873 2199
5874 2035
5875 1976
5876 2026
5877 2137
5878 2205
5879 2161
5880 2147
5881 2030
5882 1975
5883 1980
5884 2113
5885 2145
5886 2145
5887 2030
5888 1976
5889 1976
5890 1975
5891 2109
5892 2147
5893 2143
5894 2213
5895 2145
5896 2145
5897 2145
5898 2200
5899 2204
5900 2161
5901 2146
5902 2203
5903 2147
5904 2146
5905 2031
5906 1976
5907 2028
5908 2026
5909 2150
5910 2149
5911 2144
5912 2145
5913 2146
5914 2144
5915 2145
5916 2146
5917 2144
5918 2145
5919 2146
5920 2144
5921 2145
5922 2146
5923 2064
5924 1976
5925 1976
5926 1975
5927 2162
5928 2147
5929 2145
5930 2146
5931 2146
5932 2145
5933 2145
5934 2145
5935 2145
5936 2205
5937 2216
5938 2150
5939 2176
5940 2145
5941 2126
5942 1978
5943 1976
5944 2084
5945 2131
5946 2147
5947 2144
5948 2149
5949 2078
5950 2005
5951 1975
5952 2032
5953 2110
5954 2144
5955 2144
5956 2031
5957 1983
5958 1976
5959 1980
5960 2114
5961 2145
5962 2145
5963 2046
5964 1975
5965 1976
5966 2031
5967 2109
5968 2144
5969 2196
5970 2035
5971 2026
5972 2043
5973 1993
5974 2141
5975 2144
5976 2149
5977 2033
5978 1976
5979 1975
5980 2090
5981 2124
5982 2175
5983 2145
5984 2031
5985 1975
5986 2026
5987 2005
5988 2218
5989 2149
5990 2144
5991 2146
5992 2030
5993 2026
5994 2030
5995 2137
5996 2146
5997 2198
5998 2205
5999 2072
6000 1975
6001 1980
6002 2114
6003 2144
6004 2144
6005 2031
6006 1975
6007 2085
6008 1983
6009 2114
6010 2198
6011 2149
6012 2033
6013 1976
6014 1975
6015 1979
6016 2140
6017 2248
6018 2204
6019 2144
6020 2085
6021 2026
6022 2032
6023 2166
6024 2144
6025 2144
6026 2031
6027 1976
6028 1976
6029 1980
6030 2114
6031 2145
6032 2146
6033 2031
6034 1976
6035 2086
6036 1982
6037 2168
6038 2212
6039 2145
6040 2031
6041 2026
6042 2043
6043 1979
6044 2114
6045 2145
6046 2145
6047 2071
6048 1976
6049 2085
6050 1979
6051 2113
6052 2145
6053 2248
6054 2040
6055 1976
6056 1976
6057 1980
6058 2115
6059 2259
6060 2167
6061 2075
6062 1976
6063 1976
6064 1980
6065 2166
6066 2145
6067 2144
6068 2031
6069 2026
6070 2044
6071 1979
6072 2115
6073 2145
6074 2145
6075 2090
6076 1976
6077 2026
6078 1997
6079 2113
6080 2145
6081 2212
6082 2143
6083 2086
6084 2004
6085 1980
6086 2156
6087 2149
6088 2200
6089 2090
6090 2031
6091 1975
6092 2088
6093 2167
6094 2176
6095 2146
6096 2031
6097 2026
6098 1978
6099 1979
6100 2144
6101 2152
6102 2254
6103 2146
6104 1976
6105 1975
6106 1980
6107 2114
6108 2145
6109 2145
6110 2090
6111 1976
6112 1975
6113 2028
6114 2141
6115 2144
6116 2145
6117 2031
6118 1975
6119 1976
6120 1975
6121 2108
6122 2147
6123 2144
6124 2146
6125 2150
6126 2254
6127 2252
6128 2136
6129 1976
6130 1975
6131 2087
6132 2137
6133 2144
6134 2145
6135 2102
6136 1976
6137 2027
6138 2028
6139 2125
6140 2153
6141 2147
6142 2146
6143 2145
6144 2144
6145 2145
6146 2146
6147 2212
6148 2145
6149 2146
6150 2145
6151 2145
6152 2145
6153 2031
6154 2028
6155 1976
6156 1975
6157 2109
6158 2146
6159 2145
6160 2206
6161 2200
6162 2198
6163 2249
6164 2095
6165 2005
6166 2085
6167 2088
6168 2173
6169 2145
6170 2145
6171 2045
6172 1976
6173 1976
6174 2026
6175 2121
6176 2147
6177 2259
6178 2178
6179 2033
6180 1976
6181 2028
6182 2138
6183 2198
6184 2144
6185 2146
6186 2030
6187 1975
6188 2027
6189 2141
6190 2144
6191 2146
6192 2030
6193 2084
6194 1976
6195 1975
6196 2159
6197 2146
6198 2144
6199 2151
6200 2148
6201 2212
6202 2144
6203 2031
6204 1975
6205 1975
6206 2028
6207 2111
6208 2212
6209 2252
6210 2040
6211 1976
6212 1976
6213 1975
6214 2133
6215 2147
6216 2145
6217 2206
6218 2208
6219 2251
6220 2145
6221 2072
6222 1976
6223 1976
6224 1980
6225 2114
6226 2144
6227 2145
6228 2031
6229 1976
6230 1976
6231 2028
6232 2112
6233 2144
6234 2145
6235 2031
6236 1976
6237 2026
6238 2028
6239 2122
6240 2147
6241 2145
6242 2151
6243 2208
6244 2147
6245 2145
6246 2031
6247 1975
6248 2026
6249 2089
6250 2189
6251 2204
6252 2175
6253 2087
6254 1976
6255 1976
6256 1975
6257 2139
6258 2147
6259 2145
6260 2146
6261 2146
6262 2145
6263 2145
6264 2146
6265 2145
6266 2145
6267 2151
6268 2206
6269 2177
6270 2145
6271 2031
6272 1976
6273 1976
6274 2026
6275 2175
6276 2146
6277 2156
6278 2146
6279 2138
6280 2026
6281 1978
6282 2109
6283 2146
6284 2145
6285 2206
6286 2167
6287 2167
6288 2176
6289 2089
6290 1976
6291 1975
6292 1976
6293 2110
6294 2151
6295 2221
6296 2217
6297 2078
6298 1982
6299 1981
6300 2114
6301 2199
6302 2145
6303 2089
6304 2027
6305 2085
6306 2088
6307 2173
6308 2145
6309 2198
6310 2036
6311 2028
6312 1976
6313 1975
6314 2166
6315 2217
6316 2144
6317 2150
6318 2065
6319 2028
6320 1975
6321 2109
6322 2214
6323 2197
6324 2206
6325 2048
6326 1976
6327 2034
6328 2135
6329 2253
6330 2144
6331 2085
6332 1976
6333 1975
6334 2087
6335 2103
6336 2144
6337 2213
6338 2036
6339 2026
6340 1978
6341 1975
6342 2109
6343 2146
6344 2199
6345 2260
6346 2208
6347 2176
6348 2258
6349 2087
6350 1975
6351 1975
6352 2028
6353 2178
6354 2144
6355 2145
6356 2033
6357 1976
6358 2027
6359 2028
6360 2161
6361 2147
6362 2148
6363 2146
6364 2071
6365 1979
6366 1975
6367 2186
6368 2145
6369 2144
6370 2147
6371 2145
6372 2145
6373 2212
6374 2145
6375 2146
6376 2144
6377 2213
6378 2146
6379 2145
6380 2204
6381 2148
6382 2145
6383 2248
6384 2149
6385 2034
6386 1976
6387 1976
6388 1975
6389 2109
6390 2147
6391 2144
6392 2146
6393 2205
6394 2199
6395 2145
6396 2031
6397 1976
6398 2026
6399 1982
6400 2114
6401 2144
6402 2145
6403 2031
6404 1976
6405 1976
6406 1980
6407 2115
6408 2204
6409 2176
6410 2094
6411 1976
6412 1976
6413 2032
6414 2109
6415 2196
6416 2212
6417 2036
6418 1976
6419 2085
6420 1979
6421 2113
6422 2145
6423 2144
6424 2031
6425 1976
6426 2026
6427 1982
6428 2114
6429 2145
6430 2144
6431 2032
6432 1976
6433 2086
6434 2032
6435 2141
6436 2145
6437 2145
6438 2031
6439 2045
6440 2029
6441 1982
6442 2117
6443 2147
6444 2145
6445 2032
6446 1976
6447 1976
6448 1980
6449 2114
6450 2198
6451 2145
6452 2085
6453 2028
6454 1976
6455 1979
6456 2115
6457 2150
6458 2161
6459 2089
6460 1976
6461 1976
6462 1980
6463 2114
6464 2145
6465 2148
6466 2033
6467 1976
6468 1975
6469 1980
6470 2114
6471 2144
6472 2144
6473 2078
6474 1976
6475 1975
6476 2028
6477 2111
6478 2196
6479 2249
6480 2038
6481 1976
6482 2027
6483 1991
6484 2192
6485 2146
6486 2145
6487 2151
6488 2034
6489 1976
6490 1976
6491 2162
6492 2178
6493 2205
6494 2154
6495 2050
6496 1977
6497 1976
6498 2119
6499 2147
6500 2145
6501 2205
6502 2177
6503 2251
6504 2145
6505 2032
6506 1976
6507 1976
6508 1980
6509 2114
6510 2145
6511 2147
6512 2044
6513 2085
6514 2043
6515 1979
6516 2114
6517 2197
6518 2211
6519 2093
6520 1976
6521 1975
6522 1980
6523 2168
6524 2213
6525 2146
6526 2031
6527 2042
6528 1979
6529 2042
6530 2136
6531 2160
6532 2213
6533 2204
6534 2207
6535 2175
6536 2252
6537 2048
6538 1976
6539 2026
6540 2009
6541 2111
6542 2147
6543 2149
6544 2091
6545 2023
6546 2042
6547 1976
6548 2121
6549 2146
6550 2145
6551 2145
6552 2149
6553 2148
6554 2146
6555 2144
6556 2145
6557 2145
6558 2071
6559 2028
6560 1976
6561 1975
6562 2109
6563 2151
6564 2206
6565 2178
6566 2200
6567 2144
6568 2145
6569 2031
6570 1976
6571 2026
6572 1982
6573 2155
6574 2197
6575 2204
6576 2038
6577 2041
6578 1975
6579 1976
6580 2169
6581 2147
6582 2157
6583 2263
6584 2105
6585 1976
6586 1976
6587 2109
6588 2146
6589 2145
6590 2147
6591 2213
6592 2199
6593 2212
6594 2036
6595 1976
6596 2041
6597 1973
6598 2146
6599 2145
6600 2145
6601 2147
6602 2145
6603 2145
6604 2144
6605 2145
6606 2145
6607 2199
6608 2145
6609 2146
6610 2144
6611 2145
6612 2146
6613 2145
6614 2145
6615 2197
6616 2035
6617 1976
6618 1976
6619 2026
6620 2176
6621 2198
6622 2145
6623 2146
6624 2088
6625 1976
6626 1975
6627 2110
6628 2146
6629 2144
6630 2147
6631 2145
6632 2145
6633 2144
6634 2145
6635 2146
6636 2145
6637 2145
6638 2146
6639 2154
6640 2205
6641 2200
6642 2145
6643 2145
6644 2145
6645 2100
6646 1976
6647 1976
6648 2026
6649 2176
6650 2147
6651 2144
6652 2146
6653 2031
6654 1975
6655 1975
6656 2110
6657 2146
6658 2204
6659 2149
6660 2204
6661 2147
6662 2144
6663 2086
6664 2028
6665 2041
6666 1974
6667 2167
6668 2148
6669 2145
6670 2199
6671 2196
6672 2144
6673 2145
6674 2030
6675 1976
6676 1975
6677 1975
6678 2110
6679 2252
6680 2198
6681 2206
6682 2047
6683 1975
6684 1980
6685 2113
6686 2144
6687 2145
6688 2032
6689 2028
6690 1975
6691 1982
6692 2114
6693 2199
6694 2145
6695 2090
6696 1976
6697 2084
6698 1985
6699 2166
6700 2145
6701 2145
6702 2071
6703 1976
6704 1976
6705 2034
6706 2108
6707 2145
6708 2145
6709 2123
6710 1975
6711 1976
6712 1994
6713 2113
6714 2204
6715 2261
6716 2042
6717 1976
6718 1976
6719 1980
6720 2115
6721 2145
6722 2145
6723 2031
6724 1976
6725 1976
6726 1980
6727 2114
6728 2259
6729 2207
6730 2078
6731 2026
6732 2087
6733 1979
6734 2114
6735 2145
6736 2199
6737 2035
6738 1976
6739 1975
6740 1980
6741 2114
6742 2145
6743 2199
6744 2141
6745 1976
6746 2028
6747 1980
6748 2115
6749 2145
6750 2198
6751 2047
6752 1976
6753 2041
6754 2031
6755 2107
6756 2145
6757 2145
6758 2031
6759 1975
6760 2042
6761 1975
6762 2109
6763 2214
6764 2198
6765 2147
6766 2031
6767 1976
6768 1976
6769 2146
6770 2260
6771 2175
6772 2251
6773 2092
6774 1976
6775 2028
6776 2164
6777 2145
6778 2145
6779 2031
6780 1975
6781 2028
6782 1975
6783 2109
6784 2147
6785 2145
6786 2146
6787 2145
6788 2198
6789 2145
6790 2150
6791 2206
6792 2167
6793 2178
6794 2145
6795 2145
6796 2145
6797 2030
6798 1976
6799 2028
6800 1975
6801 2108
6802 2147
6803 2145
6804 2146
6805 2146
6806 2144
6807 2145
6808 2150
6809 2251
6810 2150
6811 2216
6812 2145
6813 2145
6814 2145
6815 2088
6816 2027
6817 2086
6818 2004
6819 2106
6820 2146
6821 2145
6822 2145
6823 2146
6824 2144
6825 2199
6826 2146
6827 2145
6828 2145
6829 2146
6830 2213
6831 2145
6832 2145
6833 2030
6834 1976
6835 1976
6836 1975
6837 2109
6838 2146
6839 2144
6840 2146
6841 2146
6842 2144
6843 2145
6844 2150
6845 2215
6846 2145
6847 2146
6848 2144
6849 2144
6850 2145
6851 2031
6852 1976
6853 2027
6854 2087
6855 2101
6856 2217
6857 2144
6858 2146
6859 2031
6860 1976
6861 1976
6862 1994
6863 2113
6864 2145
6865 2145
6866 2089
6867 1978
6868 1976
6869 2028
6870 2194
6871 2198
6872 2145
6873 2030
6874 2026
6875 2030
6876 1975
6877 2112
6878 2253
6879 2204
6880 2255
6881 2085
6882 1976
6883 1976
6884 2110
6885 2151
6886 2161
6887 2147
6888 2145
6889 2145
6890 2145
6891 2145
6892 2145
6893 2144
6894 2145
6895 2146
6896 2144
6897 2145
6898 2146
6899 2251
6900 2145
6901 2145
6902 2031
6903 1976
6904 1976
6905 1975
6906 2111
6907 2163
6908 2150
6909 2217
6910 2146
6911 2149
6912 2261
6913 2110
6914 1976
6915 1975
6916 1980
6917 2117
6918 2261
6919 2152
6920 2026
6921 1975
6922 2028
6923 1980
6924 2114
6925 2196
6926 2145
6927 2138
6928 1976
6929 1975
6930 1981
6931 2171
6932 2215
6933 2143
6934 2032
6935 1976
6936 1976
6937 1980
6938 2115
6939 2146
6940 2145
6941 2032
6942 1976
6943 1976
6944 1980
6945 2113
6946 2144
6947 2149
6948 2033
6949 1976
6950 1976
6951 1982
6952 2114
6953 2204
6954 2176
6955 2034
6956 1975
6957 1975
6958 1979
6959 2114
6960 2259
6961 2177
6962 2034
6963 1976
6964 1975
6965 1980
6966 2115
6967 2145
6968 2145
6969 2071
6970 1976
6971 1976
6972 2087
6973 2104
6974 2145
6975 2145
6976 2031
6977 1976
6978 1976
6979 1975
6980 2178
6981 2206
6982 2146
6983 2206
6984 2098
6985 1976
6986 2032
6987 2162
6988 2144
6989 2149
6990 2140
6991 1976
6992 1975
6993 1980
6994 2114
6995 2145
6996 2145
6997 2031
6998 1975
6999 1975
7000 1980
7001 2200
7002 2201
7003 2213
7004 2036
7005 2028
7006 1975
7007 2030
7008 2128
7009 2250
7010 2213
7011 2047
7012 1975
7013 1976
7014 1975
7015 2165
7016 2209
7017 2199
7018 2151
7019 2091
7020 1975
7021 1975
7022 2109
7023 2147
7024 2145
7025 2147
7026 2145
7027 2145
7028 2145
7029 2260
7030 2177
7031 2149
7032 2161
7033 2033
7034 1976
7035 1976
7036 1980
7037 2114
7038 2145
7039 2145
7040 2103
7041 1976
7042 1976
7043 1980
7044 2114
7045 2149
7046 2145
7047 2123
7048 1975
7049 1975
7050 1980
7051 2114
7052 2213
7053 2145
7054 2031
7055 1976
7056 2028
7057 1979
7058 2143
7059 2147
7060 2197
7061 2035
7062 1976
7063 1975
7064 2088
7065 2106
7066 2198
7067 2149
7068 2090
7069 2026
7070 1978
7071 1975
7072 2179
7073 2147
7074 2198
7075 2198
7076 2095
7077 1976
7078 2028
7079 2164
7080 2200
7081 2145
7082 2251
7083 2092
7084 1976
7085 1994
7086 2160
7087 2144
7088 2145
7089 2031
7090 1975
7091 2027
7092 2028
7093 2212
7094 2146
7095 2198
7096 2145
7097 2085
7098 1976
7099 1976
7100 2167
7101 2252
7102 2145
7103 2201
7104 2035
7105 1975
7106 2032
7107 2142
7108 2145
7109 2149
7110 2035
7111 1976
7112 2026
7113 2090
7114 2137
7115 2145
7116 2252
7117 2038
7118 1976
7119 2028
7120 1975
7121 2111
7122 2201
7123 2144
7124 2146
7125 2145
7126 2144
7127 2145
7128 2145
7129 2212
7130 2145
7131 2200
7132 2145
7133 2145
7134 2146
7135 2031
7136 1976
7137 2026
7138 2028
7139 2140
7140 2206
7141 2200
7142 2214
7143 2093
7144 2041
7145 1975
7146 2178
7147 2146
7148 2145
7149 2147
7150 2149
7151 2162
7152 2251
7153 2145
7154 2146
7155 2204
7156 2175
7157 2033
7158 1976
7159 2026
7160 2010
7161 2110
7162 2145
7163 2145
7164 2030
7165 1976
7166 2087
7167 2004
7168 2162
7169 2201
7170 2144
7171 2150
7172 2073
7173 2027
7174 2043
7175 2158
7176 2146
7177 2145
7178 2260
7179 2052
7180 1976
7181 2030
7182 2108
7183 2144
7184 2145
7185 2102
7186 1976
7187 1976
7188 1975
7189 2109
7190 2146
7191 2145
7192 2147
7193 2205
7194 2176
7195 2145
7196 2031
7197 1976
7198 1975
7199 1979
7200 2114
7201 2144
7202 2145
7203 2031
7204 1976
7205 1976
7206 2046
7207 2182
7208 2145
7209 2145
7210 2045
7211 1976
7212 1976
7213 1975
7214 2109
7215 2200
7216 2144
7217 2147
7218 2146
7219 2145
7220 2197
7221 2260
7222 2199
7223 2145
7224 2146
7225 2199
7226 2145
7227 2145
7228 2089
7229 1978
7230 1976
7231 1976
7232 2109
7233 2147
7234 2145
7235 2146
7236 2146
7237 2144
7238 2145
7239 2205
7240 2206
7241 2254
7242 2146
7243 2149
7244 2261
7245 2167
7246 2128
7247 2041
7248 1976
7249 1975
7250 2167
7251 2175
7252 2146
7253 2151
7254 2149
7255 2144
7256 2149
7257 2177
7258 2213
7259 2146
7260 2146
7261 2144
7262 2145
7263 2145
7264 2064
7265 1976
7266 2026
7267 2028
7268 2160
7269 2253
7270 2144
7271 2150
7272 2065
7273 1976
7274 1976
7275 2109
7276 2146
7277 2145
7278 2147
7279 2145
7280 2146
7281 2145
7282 2145
7283 2145
7284 2149
7285 2213
7286 2146
7287 2204
7288 2176
7289 2146
7290 2145
7291 2145
7292 2199
7293 2094
7294 1976
7295 1976
7296 1975
7297 2109
7298 2146
7299 2145
7300 2146
7301 2146
7302 2144
7303 2145
7304 2146
7305 2145
7306 2145
7307 2146
7308 2248
7309 2145
7310 2145
7311 2030
7312 2041
7313 1975
7314 1975
7315 2108
7316 2147
7317 2144
7318 2147
7319 2146
7320 2198
7321 2145
7322 2221
7323 2145
7324 2145
7325 2200
7326 2251
7327 2145
7328 2211
7329 2103
7330 1976
7331 1976
7332 1975
7333 2145
7334 2147
7335 2144
7336 2147
7337 2150
7338 2199
7339 2197
7340 2103
7341 2085
7342 1991
7343 2034
7344 2161
7345 2204
7346 2177
7347 2092
7348 1976
7349 2027
7350 2030
7351 2104
7352 2215
7353 2251
7354 2260
7355 2089
7356 2088
7357 2046
7358 2164
7359 2198
7360 2204
7361 2038
7362 1976
7363 1976
7364 2032
7365 2132
7366 2149
7367 2219
7368 2073
7369 2084
7370 2027
7371 2032
7372 2167
7373 2146
7374 2145
7375 2086
7376 1976
7377 1976
7378 2030
7379 2146
7380 2147
7381 2258
7382 2051
7383 2027
7384 1976
7385 1980
7386 2114
7387 2145
7388 2198
7389 2104
7390 1976
7391 2028
7392 1980
7393 2114
7394 2145
7395 2145
7396 2031
7397 1976
7398 1976
7399 1980
7400 2114
7401 2145
7402 2145
7403 2031
7404 1976
7405 1975
7406 1980
7407 2114
7408 2204
7409 2177
7410 2034
7411 1975
7412 2026
7413 1982
7414 2114
7415 2144
7416 2145
7417 2064
7418 1976
7419 1976
7420 2030
7421 2162
7422 2212
7423 2145
7424 2031
7425 1975
7426 2026
7427 1982
7428 2116
7429 2215
7430 2145
7431 2031
7432 1976
7433 2026
7434 1982
7435 2113
7436 2199
7437 2145
7438 2032
7439 1976
7440 1976
7441 1980
7442 2141
7443 2144
7444 2149
7445 2048
7446 1976
7447 1976
7448 2028
7449 2111
7450 2144
7451 2145
7452 2030
7453 1976
7454 2085
7455 2025
7456 2140
7457 2146
7458 2144
7459 2146
7460 2146
7461 2145
7462 2145
7463 2200
7464 2145
7465 2145
7466 2146
7467 2212
7468 2144
7469 2145
7470 2030
7471 1975
7472 1976
7473 1975
7474 2109
7475 2147
7476 2144
7477 2146
7478 2146
7479 2145
7480 2145
7481 2146
7482 2145
7483 2145
7484 2146
7485 2149
7486 2215
7487 2145
7488 2150
7489 2026
7490 2041
7491 1975
7492 2108
7493 2146
7494 2212
7495 2151
7496 2263
7497 2199
7498 2145
7499 2032
7500 1976
7501 1976
7502 2045
7503 2148
7504 2254
7505 2205
7506 2050
7507 1976
7508 2027
7509 1978
7510 2108
7511 2146
7512 2144
7513 2151
7514 2178
7515 2145
7516 2145
7517 2146
7518 2145
7519 2145
7520 2146
7521 2212
7522 2249
7523 2204
7524 2049
7525 1976
7526 1976
7527 1975
7528 2108
7529 2147
7530 2145
7531 2147
7532 2146
7533 2144
7534 2145
7535 2146
7536 2145
7537 2145
7538 2205
7539 2251
7540 2149
7541 2175
7542 2045
7543 1976
7544 1976
7545 1975
7546 2160
7547 2147
7548 2145
7549 2146
7550 2198
7551 2145
7552 2145
7553 2146
7554 2249
7555 2145
7556 2146
7557 2143
7558 2252
7559 2145
7560 2030
7561 1976
7562 2026
7563 2030
7564 2183
7565 2154
7566 2175
7567 2146
7568 2031
7569 1976
7570 1976
7571 2167
7572 2200
7573 2249
7574 2147
7575 2089
7576 2030
7577 1980
7578 2113
7579 2145
7580 2144
7581 2030
7582 2026
7583 2044
7584 2086
7585 2172
7586 2204
7587 2162
7588 2045
7589 2028
7590 2085
7591 1975
7592 2216
7593 2146
7594 2145
7595 2146
7596 2031
7597 1975
7598 2026
7599 2180
7600 2250
7601 2145
7602 2147
7603 2030
7604 2085
7605 2009
7606 2146
7607 2145
7608 2205
7609 2037
7610 1976
7611 1976
7612 1975
7613 2162
7614 2201
7615 2145
7616 2146
7617 2031
7618 1976
7619 1976
7620 2149
7621 2146
7622 2145
7623 2147
7624 2145
7625 2146
7626 2144
7627 2145
7628 2144
7629 2144
7630 2145
7631 2146
7632 2144
7633 2212
7634 2145
7635 2144
7636 2144
7637 2211
7638 2036
7639 1975
7640 1976
7641 1975
7642 2126
7643 2146
7644 2144
7645 2250
7646 2249
7647 2144
7648 2144
7649 2031
7650 1976
7651 1975
7652 2030
7653 2125
7654 2144
7655 2145
7656 2030
7657 1979
7658 1976
7659 2085
7660 2112
7661 2146
7662 2144
7663 2154
7664 2146
7665 2144
7666 2249
7667 2146
7668 2071
7669 1976
7670 1980
7671 2113
7672 2145
7673 2251
7674 2106
7675 2084
7676 1974
7677 2031
7678 2108
7679 2144
7680 2149
7681 2078
7682 1978
7683 1976
7684 1980
7685 2141
7686 2144
7687 2149
7688 2028
7689 1975
7690 2084
7691 1979
7692 2156
7693 2259
7694 2147
7695 2077
7696 2006
7697 2085
7698 2038
7699 2165
7700 2207
7701 2147
7702 2031
7703 2041
7704 1975
7705 1975
7706 2159
7707 2206
7708 2261
7709 2148
7710 2033
7711 1976
7712 1976
7713 2110
7714 2198
7715 2145
7716 2147
7717 2145
7718 2146
7719 2144
7720 2150
7721 2216
7722 2258
7723 2177
7724 2091
7725 1975
7726 2028
7727 1980
7728 2114
7729 2144
7730 2204
7731 2107
7732 1976
7733 1976
7734 1980
7735 2114
7736 2146
7737 2198
7738 2135
7739 2031
7740 1975
7741 1980
7742 2173
7743 2147
7744 2145
7745 2031
7746 1976
7747 1975
7748 2047
7749 2107
7750 2144
7751 2145
7752 2030
7753 2026
7754 1978
7755 1975
7756 2177
7757 2147
7758 2252
7759 2251
7760 2093
7761 1976
7762 1976
7763 2168
7764 2146
7765 2143
7766 2147
7767 2145
7768 2145
7769 2145
7770 2145
7771 2145
7772 2145
7773 2145
7774 2260
7775 2254
7776 2145
7777 2146
7778 2145
7779 2145
7780 2145
7781 2104
7782 1992
7783 2028
7784 2041
7785 2137
7786 2151
7787 2166
7788 2200
7789 2077
7790 1976
7791 1975
7792 2110
7793 2146
7794 2145
7795 2147
7796 2150
7797 2262
7798 2147
7799 2087
7800 1992
7801 1975
7802 1976
7803 2112
7804 2207
7805 2200
7806 2147
7807 2030
7808 1975
7809 1980
7810 2113
7811 2197
7812 2212
7813 2079
7814 1976
7815 1976
7816 2028
7817 2165
7818 2212
7819 2145
7820 2064
7821 1976
7822 1976
7823 1975
7824 2178
7825 2198
7826 2251
7827 2146
7828 2045
7829 1976
7830 1976
7831 2110
7832 2260
7833 2176
7834 2151
7835 2141
7836 1976
7837 1980
7838 2113
7839 2197
7840 2144
7841 2141
7842 2029
7843 2088
7844 1982
7845 2163
7846 2213
7847 2144
7848 2031
7849 1976
7850 1976
7851 1979
7852 2114
7853 2145
7854 2144
7855 2032
7856 1976
7857 1976
7858 1980
7859 2114
7860 2145
7861 2145
7862 2031
7863 1976
7864 2026
7865 1982
7866 2113
7867 2145
7868 2145
7869 2031
7870 1976
7871 1975
7872 1980
7873 2167
7874 2204
7875 2161
7876 2077
7877 2028
7878 1975
7879 1980
7880 2114
7881 2144
7882 2144
7883 2031
7884 1976
7885 1975
7886 1981
7887 2114
7888 2145
7889 2149
7890 2141
7891 2026
7892 2030
7893 1994
7894 2007
7895 2145
7896 2145
7897 2146
7898 2144
7899 2145
7900 2250
7901 2204
7902 2177
7903 2145
7904 2030
7905 2026
7906 1978
7907 1975
7908 2108
7909 2146
7910 2145
7911 2146
7912 2146
7913 2145
7914 2145
7915 2146
7916 2145
7917 2145
7918 2146
7919 2144
7920 2145
7921 2145
7922 2088
7923 2088
7924 1976
7925 1975
7926 2109
7927 2146
7928 2145
7929 2198
7930 2146
7931 2196
7932 2145
7933 2064
7934 1976
7935 1976
7936 1980
7937 2114
7938 2148
7939 2254
7940 2039
7941 2025
7942 1978
7943 1980
7944 2148
7945 2145
7946 2210
7947 2096
7948 1976
7949 1975
7950 1980
7951 2141
7952 2144
7953 2144
7954 2031
7955 1975
7956 1976
7957 2030
7958 2194
7959 2196
7960 2249
7961 2038
7962 2026
7963 2028
7964 2004
7965 2143
7966 2147
7967 2145
7968 2146
7969 2146
7970 2145
7971 2145
7972 2146
7973 2202
7974 2251
7975 2214
7976 2212
7977 2251
7978 2249
7979 2049
7980 2041
7981 2027
7982 2084
7983 2100
7984 2206
7985 2161
7986 2144
7987 2031
7988 1975
7989 1975
7990 1979
7991 2145
7992 2215
7993 2212
7994 2036
7995 1975
7996 1975
7997 1979
7998 2117
7999 2175
8000 2204
8001 2070
8002 2028
8003 1975
8004 1980
8005 2153
8006 2147
8007 2148
8008 2027
8009 1975
8010 1975
8011 2033
8012 2138
8013 2144
8014 2144
8015 2031
8016 1975
8017 1975
8018 1980
8019 2195
8020 2258
8021 2147
8022 2031
8023 2087
8024 1977
8025 2028
8026 2111
8027 2148
8028 2199
8029 2035
8030 2026
8031 2088
8032 1975
8033 2109
8034 2200
8035 2144
8036 2146
8037 2146
8038 2145
8039 2145
8040 2198
8041 2144
8042 2145
8043 2146
8044 2145
8045 2199
8046 2146
8047 2098
8048 1976
8049 1976
8050 2026
8051 2136
8052 2151
8053 2199
8054 2146
8055 2032
8056 1976
8057 1976
8058 2160
8059 2146
8060 2145
8061 2251
8062 2215
8063 2145
8064 2144
8065 2031
8066 2026
8067 2005
8068 2041
8069 2157
8070 2146
8071 2145
8072 2146
8073 2030
8074 1976
8075 2089
8076 2103
8077 2144
8078 2146
8079 2045
8080 1976
8081 1976
8082 2041
8083 2103
8084 2146
8085 2145
8086 2146
8087 2146
8088 2144
8089 2145
8090 2146
8091 2212
8092 2145
8093 2200
8094 2204
8095 2261
8096 2216
8097 2036
8098 1975
8099 1976
8100 1975
8101 2198
8102 2163
8103 2145
8104 2151
8105 2074
8106 1976
8107 2026
8108 2124
8109 2208
8110 2251
8111 2146
8112 2031
8113 1975
8114 1979
8115 2112
8116 2145
8117 2146
8118 2071
8119 1976
8120 1976
8121 1975
8122 2108
8123 2147
8124 2149
8125 2255
8126 2214
8127 2144
8128 2145
8129 2088
8130 1976
8131 2085
8132 1979
8133 2114
8134 2145
8135 2144
8136 2089
8137 2030
8138 1975
8139 1980
8140 2168
8141 2204
8142 2199
8143 2092
8144 2085
8145 1975
8146 2028
8147 2161
8148 2215
8149 2145
8150 2031
8151 2026
8152 1979
8153 1975
8154 2109
8155 2146
8156 2144
8157 2151
8158 2175
8159 2149
8160 2254
8161 2048
8162 1976
8163 2026
8164 1982
8165 2112
8166 2145
8167 2145
8168 2104
8169 1978
8170 1975
8171 2091
8172 2115
8173 2145
8174 2145
8175 2031
8176 1976
8177 1976
8178 1975
8179 2145
8180 2200
8181 2143
8182 2147
8183 2031
8184 1976
8185 1975
8186 2142
8187 2176
8188 2149
8189 2178
8190 2262
8191 2252
8192 2204
8193 2097
8194 1976
8195 1975
8196 1975
8197 2150
8198 2162
8199 2145
8200 2147
8201 2199
8202 2145
8203 2199
8204 2105
8205 2089
8206 2086
8207 1975
8208 2110
8209 2146
8210 2145
8211 2147
8212 2177
8213 2205
8214 2199
8215 2102
8216 2026
8217 1992
8218 1975
8219 2161
8220 2151
8221 2167
8222 2149
8223 2145
8224 2145
8225 2144
8226 2145
8227 2145
8228 2145
8229 2249
8230 2203
8231 2212
8232 2145
8233 2253
8234 2248
8235 2144
8236 2145
8237 2087
8238 1976
8239 1976
8240 1975
8241 2108
8242 2147
8243 2144
8244 2146
8245 2146
8246 2145
8247 2145
8248 2146
8249 2204
8250 2206
8251 2153
8252 2175
8253 2144
8254 2145
8255 2063
8256 2028
8257 2085
8258 1975
8259 2109
8260 2147
8261 2145
8262 2147
8263 2146
8264 2144
8265 2145
8266 2146
8267 2144
8268 2144
8269 2146
8270 2213
8271 2149
8272 2200
8273 2130
8274 1976
8275 1976
8276 1975
8277 2166
8278 2217
8279 2145
8280 2147
8281 2031
8282 2041
8283 2025
8284 2162
8285 2146
8286 2145
8287 2147
8288 2145
8289 2145
8290 2146
8291 2144
8292 2145
8293 2145
8294 2030
8295 2026
8296 2044
8297 1975
8298 2177
8299 2147
8300 2197
8301 2146
8302 2031
8303 1976
8304 1976
8305 2108
8306 2145
8307 2249
8308 2206
8309 2096
8310 2044
8311 1975
8312 2141
8313 2147
8314 2145
8315 2198
8316 2198
8317 2196
8318 2145
8319 2031
8320 1975
8321 1975
8322 1980
8323 2114
8324 2144
8325 2155
8326 2088
8327 2026
8328 1978
8329 1980
8330 2156
8331 2144
8332 2144
8333 2030
8334 2027
8335 2041
8336 1978
8337 2145
8338 2206
8339 2151
8340 2047
8341 2085
8342 1974
8343 1980
8344 2114
8345 2144
8346 2152
8347 2037
8348 2041
8349 2025
8350 1996
8351 2113
8352 2204
8353 2152
8354 2047
8355 2085
8356 1980
8357 1980
8358 2115
8359 2206
8360 2254
8361 2084
8362 1976
8363 1975
8364 1980
8365 2172
8366 2144
8367 2149
8368 2027
8369 1975
8370 1976
8371 2028
8372 2135
8373 2144
8374 2145
8375 2032
8376 1976
8377 1976
8378 1975
8379 2109
8380 2146
8381 2145
8382 2147
8383 2146
8384 2198
8385 2145
8386 2146
8387 2145
8388 2145
8389 2144
8390 2144
8391 2145
8392 2145
8393 2031
8394 2026
8395 1978
8396 1975
8397 2187
8398 2147
8399 2145
8400 2147
8401 2146
8402 2145
8403 2145
8404 2146
8405 2145
8406 2144
8407 2146
8408 2145
8409 2144
8410 2149
8411 2105
8412 1978
8413 1976
8414 2033
8415 2129
8416 2197
8417 2149
8418 2033
8419 1977
8420 1975
8421 2030
8422 2169
8423 2166
8424 2206
8425 2038
8426 1976
8427 1976
8428 1994
8429 2113
8430 2144
8431 2145
8432 2104
8433 1992
8434 2085
8435 2034
8436 2107
8437 2144
8438 2145
8439 2030
8440 1976
8441 2087
8442 2004
8443 2108
8444 2169
8445 2176
8446 2250
8447 2039
8448 1976
8449 1976
8450 2149
8451 2150
8452 2176
8453 2146
8454 2145
8455 2145
8456 2204
8457 2262
8458 2175
8459 2145
8460 2145
8461 2103
8462 1976
8463 1976
8464 2032
8465 2108
8466 2145
8467 2145
8468 2031
8469 1976
8470 1975
8471 1980
8472 2114
8473 2204
8474 2175
8475 2132
8476 1978
8477 2026
8478 2091
8479 2169
8480 2248
8481 2199
8482 2103
8483 1975
8484 1976
8485 1975
8486 2109
8487 2147
8488 2145
8489 2146
8490 2205
8491 2215
8492 2204
8493 2038
8494 1976
8495 1976
8496 1982
8497 2115
8498 2145
8499 2145
8500 2031
8501 2026
8502 2044
8503 1979
8504 2172
8505 2147
8506 2145
8507 2138
8508 2026
8509 1978
8510 1980
8511 2172
8512 2147
8513 2149
8514 2033
8515 1976
8516 1976
8517 2028
8518 2111
8519 2144
8520 2144
8521 2136
8522 2028
8523 2026
8524 2087
8525 2152
8526 2146
8527 2149
8528 2200
8529 2148
8530 2174
8531 2145
8532 2074
8533 1976
8534 2027
8535 1978
8536 2161
8537 2146
8538 2145
8539 2146
8540 2146
8541 2144
8542 2145
8543 2145
8544 2203
8545 2176
8546 2146
8547 2144
8548 2145
8549 2145
8550 2030
8551 1975
8552 2027
8553 2004
8554 2161
8555 2201
8556 2198
8557 2145
8558 2031
8559 1976
8560 2026
8561 2110
8562 2177
8563 2145
8564 2146
8565 2204
8566 2147
8567 2146
8568 2145
8569 2145
8570 2145
8571 2030
8572 2028
8573 2085
8574 1975
8575 2161
8576 2147
8577 2144
8578 2147
8579 2146
8580 2149
8581 2199
8582 2250
8583 2251
8584 2144
8585 2146
8586 2198
8587 2145
8588 2146
8589 2045
8590 1976
8591 1976
8592 1975
8593 2109
8594 2146
8595 2145
8596 2146
8597 2204
8598 2199
8599 2259
8600 2104
8601 1975
8602 2041
8603 2028
8604 2165
8605 2258
8606 2261
8607 2100
8608 1978
8609 1976
8610 1975
8611 2162
8612 2146
8613 2203
8614 2149
8615 2032
8616 1976
8617 1976
8618 2110
8619 2146
8620 2149
8621 2154
8622 2147
8623 2146
8624 2145
8625 2145
8626 2146
8627 2248
8628 2144
8629 2031
8630 2026
8631 2005
8632 2030
8633 2115
8634 2250
8635 2145
8636 2031
8637 1976
8638 2026
8639 1982
8640 2114
8641 2145
8642 2145
8643 2031
8644 2026
8645 2030
8646 1980
8647 2114
8648 2204
8649 2176
8650 2033
8651 1976
8652 1975
8653 1980
8654 2114
8655 2145
8656 2145
8657 2064
8658 1976
8659 2026
8660 1982
8661 2183
8662 2145
8663 2144
8664 2088
8665 1976
8666 2028
8667 2032
8668 2109
8669 2144
8670 2144
8671 2089
8672 1978
8673 1975
8674 2047
8675 2105
8676 2144
8677 2249
8678 2039
8679 1975
8680 1976
8681 1975
8682 2108
8683 2146
8684 2144
8685 2146
8686 2146
8687 2153
8688 2145
8689 2148
8690 2263
8691 2143
8692 2218
8693 2212
8694 2160
8695 2165
8696 2032
8697 2028
8698 2006
8699 2027
8700 2158
8701 2151
8702 2166
8703 2208
8704 2133
8705 1976
8706 1980
8707 2115
8708 2145
8709 2145
8710 2032
8711 1976
8712 1976
8713 1980
8714 2219
8715 2200
8716 2213
8717 2106
8718 1979
8719 1976
8720 1980
8721 2172
8722 2201
8723 2259
8724 2101
8725 1992
8726 2026
8727 2048
8728 2110
8729 2206
8730 2204
8731 2030
8732 2041
8733 2040
8734 1979
8735 2198
8736 2177
8737 2145
8738 2089
8739 2042
8740 1975
8741 1980
8742 2156
8743 2145
8744 2210
8745 2143
8746 1976
8747 1975
8748 1980
8749 2114
8750 2145
8751 2145
8752 2031
8753 1976
8754 1975
8755 1980
8756 2145
8757 2151
8758 2215
8759 2092
8760 1979
8761 2041
8762 1979
8763 2114
8764 2204
8765 2253
8766 2040
8767 1976
8768 1975
8769 1980
8770 2114
8771 2197
8772 2145
8773 2031
8774 1976
8775 1976
8776 2028
8777 2189
8778 2248
8779 2145
8780 2087
8781 1976
8782 2085
8783 1975
8784 2196
8785 2215
8786 2145
8787 2206
8788 2068
8789 1976
8790 1975
8791 2110
8792 2146
8793 2145
8794 2147
8795 2145
8796 2145
8797 2144
8798 2199
8799 2145
8800 2144
8801 2145
8802 2250
8803 2251
8804 2145
8805 2199
8806 2145
8807 2251
8808 2145
8809 2149
8810 2133
8811 1977
8812 1975
8813 2162
8814 2147
8815 2144
8816 2146
8817 2146
8818 2144
8819 2145
8820 2151
8821 2215
8822 2213
8823 2146
8824 2145
8825 2145
8826 2145
8827 2031
8828 1975
8829 1976
8830 1975
8831 2147
8832 2146
8833 2145
8834 2212
8835 2150
8836 2201
8837 2145
8838 2031
8839 1976
8840 1976
8841 1980
8842 2144
8843 2207
8844 2176
8845 2089
8846 1976
8847 2084
8848 1981
8849 2114
8850 2145
8851 2145
8852 2088
8853 2027
8854 2044
8855 2027
8856 2111
8857 2196
8858 2149
8859 2091
8860 2085
8861 2005
8862 1976
8863 2108
8864 2146
8865 2145
8866 2147
8867 2146
8868 2149
8869 2176
8870 2146
8871 2144
8872 2145
8873 2146
8874 2145
8875 2150
8876 2162
8877 2032
8878 1976
8879 2087
8880 2086
8881 2159
8882 2169
8883 2176
8884 2145
8885 2103
8886 1976
8887 1975
8888 2028
8889 2140
8890 2258
8891 2147
8892 2031
8893 1976
8894 1976
8895 1975
8896 2109
8897 2146
8898 2144
8899 2146
8900 2146
8901 2203
8902 2206
8903 2049
8904 2041
8905 1975
8906 1980
8907 2141
8908 2198
8909 2145
8910 2032
8911 2026
8912 2029
8913 1980
8914 2115
8915 2198
8916 2144
8917 2123
8918 2086
8919 1978
8920 2030
8921 2120
8922 2144
8923 2204
8924 2038
8925 1976
8926 1976
8927 1980
8928 2114
8929 2145
8930 2144
8931 2031
8932 1976
8933 2041
8934 2033
8935 2107
8936 2149
8937 2206
8938 2071
8939 1976
8940 1976
8941 2088
8942 2106
8943 2145
8944 2146
8945 2032
8946 1976
8947 2027
8948 2028
8949 2140
8950 2146
8951 2144
8952 2145
8953 2146
8954 2144
8955 2145
8956 2146
8957 2258
8958 2176
8959 2146
8960 2212
8961 2149
8962 2199
8963 2034
8964 2027
8965 2029
8966 2043
8967 2103
8968 2146
8969 2144
8970 2146
8971 2146
8972 2144
8973 2145
8974 2146
8975 2203
8976 2176
8977 2198
8978 2144
8979 2145
8980 2145
8981 2030
8982 2026
8983 1978
8984 1975
8985 2192
8986 2147
8987 2145
8988 2146
8989 2146
8990 2144
8991 2145
8992 2205
8993 2261
8994 2176
8995 2146
8996 2144
8997 2145
8998 2145
8999 2031
9000 1976
9001 2027
9002 2030
9003 2137
9004 2146
9005 2145
9006 2146
9007 2145
9008 2150
9009 2215
9010 2145
9011 2198
9012 2145
9013 2144
9014 2259
9015 2147
9016 2145
9017 2030
9018 1976
9019 2026
9020 1991
9021 2107
9022 2151
9023 2264
9024 2201
9025 2104
9026 1976
9027 2026
9028 2137
9029 2223
9030 2145
9031 2146
9032 2099
9033 1976
9034 1980
9035 2113
9036 2145
9037 2145
9038 2090
9039 1978
9040 1975
9041 1979
9042 2114
9043 2145
9044 2145
9045 2077
9046 1992
9047 1976
9048 1980
9049 2114
9050 2144
9051 2145
9052 2071
9053 1976
9054 1976
9055 2089
9056 2142
9057 2149
9058 2167
9059 2044
9060 1976
9061 2027
9062 1992
9063 2107
9064 2206
9065 2161
9066 2146
9067 2146
9068 2144
9069 2144
9070 2146
9071 2144
9072 2213
9073 2146
9074 2196
9075 2145
9076 2145
9077 2031
9078 1976
9079 1976
9080 1975
9081 2148
9082 2201
9083 2145
9084 2147
9085 2105
9086 1978
9087 2026
9088 2221
9089 2207
9090 2176
9091 2147
9092 2045
9093 1979
9094 1980
9095 2172
9096 2199
9097 2146
9098 2030
9099 2028
9100 2028
9101 2084
9102 2132
9103 2201
9104 2144
9105 2144
9106 2031
9107 1975
9108 1976
9109 2088
9110 2199
9111 2147
9112 2145
9113 2030
9114 1975
9115 1976
9116 1975
9117 2184
9118 2206
9119 2176
9120 2253
9121 2099
9122 2044
9123 1975
9124 2110
9125 2146
9126 2149
9127 2203
9128 2144
9129 2145
9130 2145
9131 2149
9132 2147
9133 2258
9134 2176
9135 2090
9136 1978
9137 2028
9138 2087
9139 2183
9140 2147
9141 2145
9142 2030
9143 1976
9144 2026
9145 2087
9146 2171
9147 2147
9148 2213
9149 2204
9150 2047
9151 1976
9152 1975
9153 1979
9154 2200
9155 2199
9156 2145
9157 2031
9158 1976
9159 1975
9160 1980
9161 2168
9162 2149
9163 2254
9164 2093
9165 2028
9166 1975
9167 1980
9168 2173
9169 2199
9170 2145
9171 2031
9172 1976
9173 1976
9174 1979
9175 2113
9176 2259
9177 2206
9178 2038
9179 1976
9180 1976
9181 1980
9182 2152
9183 2152
9184 2215
9185 2091
9186 1976
9187 1976
9188 1980
9189 2114
9190 2145
9191 2145
9192 2032
9193 1976
9194 1975
9195 1980
9196 2114
9197 2196
9198 2145
9199 2032
9200 1976
9201 1976
9202 1980
9203 2115
9204 2150
9205 2177
9206 2074
9207 2085
9208 1975
9209 1982
9210 2163
9211 2145
9212 2145
9213 2031
9214 1975
9215 1975
9216 1980
9217 2114
9218 2144
9219 2145
9220 2071
9221 1977
9222 2084
9223 1979
9224 2145
9225 2147
9226 2145
9227 2089
9228 1976
9229 1976
9230 1980
9231 2114
9232 2248
9233 2145
9234 2031
9235 1975
9236 2028
9237 1980
9238 2114
9239 2212
9240 2144
9241 2104
9242 1978
9243 2026
9244 2048
9245 2138
9246 2145
9247 2145
9248 2103
9249 2005
9250 1976
9251 1975
9252 2109
9253 2198
9254 2145
9255 2146
9256 2145
9257 2144
9258 2145
9259 2146
9260 2144
9261 2145
9262 2146
9263 2144
9264 2146
9265 2145
9266 2087
9267 2085
9268 1976
9269 2084
9270 2102
9271 2253
9272 2144
9273 2145
9274 2074
9275 1976
9276 1975
9277 2028
9278 2111
9279 2198
9280 2149
9281 2047
9282 1976
9283 1976
9284 1975
9285 2108
9286 2147
9287 2145
9288 2146
9289 2146
9290 2144
9291 2145
9292 2150
9293 2176
9294 2249
9295 2260
9296 2147
9297 2212
9298 2144
9299 2031
9300 1975
9301 1976
9302 2025
9303 2127
9304 2214
9305 2197
9306 2145
9307 2031
9308 1975
9309 1976
9310 2108
9311 2145
9312 2259
9313 2163
9314 2072
9315 2028
9316 2046
9317 2181
9318 2151
9319 2148
9320 2087
9321 1976
9322 1976
9323 1975
9324 2186
9325 2146
9326 2149
9327 2178
9328 2033
9329 2026
9330 2005
9331 2143
9332 2260
9333 2151
9334 2208
9335 2081
9336 1976
9337 2028
9338 2163
9339 2213
9340 2205
9341 2104
9342 2026
9343 2044
9344 1974
9345 2108
9346 2214
9347 2144
9348 2146
9349 2252
9350 2144
9351 2212
9352 2163
9353 2041
9354 2027
9355 1994
9356 2150
9357 2248
9358 2259
9359 2042
9360 1976
9361 2026
9362 1982
9363 2145
9364 2199
9365 2144
9366 2071
9367 1976
9368 1976
9369 1979
9370 2127
9371 2208
9372 2147
9373 2099
9374 2042
9375 1975
9376 1979
9377 2144
9378 2147
9379 2212
9380 2037
9381 1976
9382 1976
9383 1980
9384 2195
9385 2144
9386 2144
9387 2046
9388 1976
9389 1975
9390 2028
9391 2161
9392 2144
9393 2145
9394 2031
9395 1976
9396 1976
9397 1975
9398 2137
9399 2217
9400 2145
9401 2146
9402 2046
9403 1976
9404 1975
9405 2109
9406 2146
9407 2145
9408 2147
9409 2145
9410 2145
9411 2144
9412 2145
9413 2145
9414 2199
9415 2145
9416 2146
9417 2199
9418 2145
9419 2253
9420 2144
9421 2145
9422 2145
9423 2030
9424 1976
9425 2027
9426 1978
9427 2139
9428 2146
9429 2143
9430 2147
9431 2198
9432 2144
9433 2145
9434 2146
9435 2145
9436 2198
9437 2146
9438 2145
9439 2145
9440 2145
9441 2031
9442 1975
9443 2042
9444 1975
9445 2108
9446 2147
9447 2203
9448 2208
9449 2148
9450 2144
9451 2145
9452 2146
9453 2197
9454 2204
9455 2168
9456 2251
9457 2145
9458 2145
9459 2030
9460 1975
9461 1976
9462 1975
9463 2133
9464 2147
9465 2145
9466 2146
9467 2198
9468 2197
9469 2144
9470 2031
9471 1976
9472 2026
9473 1982
9474 2114
9475 2145
9476 2145
9477 2031
9478 1976
9479 1975
9480 1980
9481 2114
9482 2145
9483 2204
9484 2148
9485 1978
9486 1975
9487 1980
9488 2113
9489 2145
9490 2145
9491 2046
9492 1976
9493 1976
9494 1980
9495 2117
9496 2207
9497 2206
9498 2149
9499 2044
9500 1975
9501 1980
9502 2114
9503 2145
9504 2145
9505 2032
9506 1976
9507 1975
9508 1982
9509 2219
9510 2251
9511 2145
9512 2031
9513 1976
9514 2028
9515 1980
9516 2114
9517 2145
9518 2145
9519 2031
9520 1975
9521 1975
9522 2028
9523 2140
9524 2258
9525 2263
9526 2042
9527 1976
9528 1976
9529 1975
9530 2223
9531 2256
9532 2145
9533 2151
9534 2073
9535 1992
9536 1975
9537 2110
9538 2146
9539 2145
9540 2147
9541 2145
9542 2145
9543 2144
9544 2145
9545 2146
9546 2144
9547 2145
9548 2146
9549 2144
9550 2145
9551 2146
9552 2212
9553 2145
9554 2145
9555 2031
9556 2027
9557 2028
9558 1975
9559 2111
9560 2253
9561 2145
9562 2146
9563 2086
9564 2030
9565 1975
9566 2111
9567 2146
9568 2204
9569 2149
9570 2144
9571 2145
9572 2144
9573 2145
9574 2146
9575 2196
9576 2144
9577 2146
9578 2144
9579 2145
9580 2146
9581 2145
9582 2145
9583 2148
9584 2026
9585 1975
9586 1976
9587 1975
9588 2108
9589 2206
9590 2206
9591 2148
9592 2032
9593 1976
9594 1975
9595 2111
9596 2178
9597 2199
9598 2147
9599 2102
9600 2026
9601 2033
9602 2161
9603 2212
9604 2145
9605 2123
9606 2028
9607 1976
9608 1980
9609 2144
9610 2147
9611 2145
9612 2032
9613 1976
9614 1976
9615 1980
9616 2168
9617 2212
9618 2145
9619 2070
9620 1976
9621 1976
9622 2087
9623 2140
9624 2144
9625 2145
9626 2030
9627 1976
9628 1976
9629 2026
9630 2159
9631 2147
9632 2149
9633 2148
9634 2031
9635 1976
9636 2041
9637 2215
9638 2176
9639 2145
9640 2146
9641 2030
9642 1976
9643 1980
9644 2113
9645 2145
9646 2146
9647 2102
9648 2027
9649 1976
9650 1975
9651 2109
9652 2214
9653 2149
9654 2148
9655 2146
9656 2144
9657 2145
9658 2200
9659 2258
9660 2147
9661 2200
9662 2258
9663 2151
9664 2148
9665 2031
9666 2085
9667 2026
9668 2087
9669 2099
9670 2146
9671 2144
9672 2196
9673 2249
9674 2251
9675 2145
9676 2145
9677 2144
9678 2249
9679 2249
9680 2038
9681 1976
9682 1976
9683 1975
9684 2109
9685 2146
9686 2144
9687 2146
9688 2146
9689 2151
9690 2198
9691 2198
9692 2144
9693 2145
9694 2064
9695 1976
9696 1976
9697 1980
9698 2115
9699 2145
9700 2145
9701 2138
9702 1976
9703 2026
9704 2048
9705 2158
9706 2145
9707 2149
9708 2033
9709 1976
9710 2027
9711 2029
9712 2156
9713 2215
9714 2145
9715 2146
9716 2070
9717 1976
9718 2086
9719 2159
9720 2145
9721 2145
9722 2146
9723 2145
9724 2145
9725 2145
9726 2030
9727 1976
9728 2085
9729 1975
9730 2109
9731 2146
9732 2145
9733 2146
9734 2205
9735 2215
9736 2145
9737 2031
9738 1975
9739 1976
9740 1994
9741 2143
9742 2177
9743 2145
9744 2031
9745 1976
9746 1976
9747 2046
9748 2131
9749 2144
9750 2145
9751 2031
9752 1975
9753 1976
9754 1975
9755 2142
9756 2217
9757 2213
9758 2206
9759 2098
9760 1976
9761 1976
9762 2214
9763 2146
9764 2145
9765 2147
9766 2031
9767 1975
9768 2030
9769 2170
9770 2147
9771 2145
9772 2088
9773 1976
9774 1976
9775 1975
9776 2109
9777 2147
9778 2144
9779 2146
9780 2260
9781 2206
9782 2167
9783 2089
9784 1976
9785 1976
9786 1980
9787 2148
9788 2145
9789 2145
9790 2031
9791 2028
9792 2041
9793 1979
9794 2114
9795 2145
9796 2145
9797 2031
9798 2026
9799 2030
9800 2047
9801 2107
9802 2145
9803 2145
9804 2030
9805 1975
9806 2026
9807 1978
9808 2108
9809 2146
9810 2144
9811 2147
9812 2146
9813 2144
9814 2145
9815 2146
9816 2149
9817 2167
9818 2200
9819 2145
9820 2199
9821 2145
9822 2031
9823 1975
9824 2026
9825 2028
9826 2135
9827 2146
9828 2144
9829 2146
9830 2145
9831 2145
9832 2145
9833 2146
9834 2198
9835 2213
9836 2146
9837 2212
9838 2204
9839 2213
9840 2104
9841 1976
9842 1977
9843 1975
9844 2162
9845 2252
9846 2199
9847 2215
9848 2136
9849 1978
9850 1976
9851 2110
9852 2146
9853 2144
9854 2147
9855 2145
9856 2199
9857 2145
9858 2145
9859 2146
9860 2213
9861 2144
9862 2146
9863 2145
9864 2144
9865 2146
9866 2144
9867 2145
9868 2146
9869 2030
9870 1976
9871 2026
9872 1977
9873 2159
9874 2215
9875 2145
9876 2147
9877 2031
9878 1976
9879 1976
9880 2109
9881 2146
9882 2145
9883 2147
9884 2149
9885 2207
9886 2176
9887 2091
9888 1976
9889 1975
9890 1975
9891 2110
9892 2149
9893 2146
9894 2201
9895 2145
9896 2145
9897 2145
9898 2145
9899 2145
9900 2144
9901 2145
9902 2146
9903 2204
9904 2177
9905 2146
9906 2145
9907 2145
9908 2145
9909 2031
9910 2086
9911 2028
9912 2028
9913 2121
9914 2214
9915 2213
9916 2252
9917 2039
9918 1976
9919 1976
9920 2112
9921 2207
9922 2201
9923 2147
9924 2030
9925 1974
9926 1981
9927 2114
9928 2145
9929 2145
9930 2089
9931 1976
9932 2026
9933 2091
9934 2104
9935 2198
9936 2145
9937 2099
9938 1976
9939 1976
9940 1975
9941 2109
9942 2146
9943 2144
9944 2147
9945 2213
9946 2144
9947 2144
9948 2072
9949 2044
9950 2027
9951 2034
9952 2160
9953 2144
9954 2199
9955 2080
9956 1976
9957 1976
9958 1975
9959 2139
9960 2147
9961 2145
9962 2146
9963 2146
9964 2145
9965 2144
9966 2146
9967 2144
9968 2145
9969 2145
9970 2144
9971 2145
9972 2145
9973 2030
9974 1976
9975 2028
9976 1975
9977 2108
9978 2200
9979 2251
9980 2146
9981 2030
9982 1975
9983 2026
9984 2119
9985 2252
9986 2259
9987 2216
9988 2104
9989 1975
9990 1980
9991 2113
9992 2144
9993 2145
9994 2030
9995 1975
9996 1976
9997 1975
9998 2108
9999 2146
# sum: 2097
# min: 1844
# max: 2602
# err cnt: 4010
