0 1486
1 1487
2 1437
3 1386
4 1440
5 1555
6 1528
7 1510
8 1478
9 1529
10 1524
11 1541
12 1644
13 1640
14 1496
15 1521
16 1554
17 1542
18 1528
19 1545
20 1415
21 1408
22 1416
23 1477
24 1443
25 1476
26 1542
27 1528
28 1500
29 1525
30 1519
31 1514
32 1547
33 1428
34 1438
35 1415
36 1441
37 1517
38 1521
39 1537
40 1464
41 1433
42 1426
43 1453
44 1532
45 1499
46 1519
47 1470
48 1461
49 1607
50 1468
51 1464
52 1673
53 1641
54 1623
55 1424
56 1430
57 1371
58 1376
59 1576
60 1546
61 1528
62 1481
63 1453
64 1440
65 1461
66 1569
67 1539
68 1520
69 1466
70 1343
71 1328
72 1544
73 1555
74 1511
75 1531
76 1457
77 1462
78 1424
79 1421
80 1426
81 1431
82 1444
83 1554
84 1553
85 1522
86 1393
87 1372
88 1366
89 1369
90 1545
91 1527
92 1514
93 1378
94 1352
95 1349
96 1528
97 1539
98 1508
99 1517
100 1529
101 1523
102 1518
103 1462
104 1444
105 1430
106 1435
107 1422
108 1443
109 1459
110 1548
111 1537
112 1547
113 1456
114 1434
115 1414
116 1495
117 1553
118 1525
119 1530
120 1473
121 1472
122 1408
123 1442
124 1416
125 1423
126 1408
127 1419
128 1427
129 1430
130 1432
131 1410
132 1418
133 1465
134 1545
135 1486
136 1523
137 1472
138 1434
139 1410
140 1426
141 1416
142 1409
143 1448
144 1518
145 1518
146 1554
147 1427
148 1437
149 1446
150 1445
151 1541
152 1540
153 1521
154 1386
155 1352
156 1364
157 1380
158 1526
159 1499
160 1537
161 1464
162 1423
163 1419
164 1427
165 1430
166 1422
167 1434
168 1532
169 1502
170 1521
171 1437
172 1427
173 1428
174 1440
175 1542
176 1539
177 1523
178 1368
179 1346
180 1354
181 1377
182 1539
183 1507
184 1519
185 1461
186 1427
187 1410
188 1433
189 1440
190 1426
191 1443
192 1550
193 1527
194 1517
195 1439
196 1434
197 1425
198 1426
199 1419
200 1420
201 1460
202 1524
203 1538
204 1513
205 1457
206 1432
207 1407
208 1442
209 1537
210 1513
211 1518
212 1392
213 1359
214 1327
215 1503
216 1535
217 1531
218 1526
219 1457
220 1438
221 1423
222 1421
223 1415
224 1419
225 1449
226 1522
227 1484
228 1506
229 1440
230 1421
231 1407
232 1426
233 1439
234 1404
235 1406
236 1555
237 1528
238 1533
239 1443
240 1449
241 1430
242 1432
243 1524
244 1535
245 1529
246 1463
247 1422
248 1430
249 1451
250 1533
251 1520
252 1528
253 1443
254 1418
255 1422
256 1425
257 1433
258 1418
259 1435
260 1546
261 1521
262 1513
263 1439
264 1426
265 1436
266 1424
267 1525
268 1512
269 1508
270 1441
271 1431
272 1426
273 1458
274 1518
275 1487
276 1499
277 1441
278 1401
279 1410
280 1515
281 1524
282 1496
283 1507
284 1501
285 1498
286 1511
287 1446
288 1441
289 1448
290 1442
291 1520
292 1501
293 1503
294 1443
295 1427
296 1421
297 1457
298 1525
299 1514
300 1512
301 1447
302 1431
303 1474
304 1462
305 1460
306 1416
307 1434
308 1562
309 1536
310 1506
311 1429
312 1432
313 1424
314 1441
315 1546
316 1516
317 1512
318 1359
319 1360
320 1351
321 1518
322 1527
323 1499
324 1523
325 1447
326 1421
327 1407
328 1431
329 1417
330 1409
331 1546
332 1583
333 1554
334 1524
335 1347
336 1390
337 1378
338 1525
339 1534
340 1539
341 1536
342 1514
343 1505
344 1532
345 1462
346 1413
347 1416
348 1422
349 1420
350 1429
351 1440
352 1559
353 1545
354 1539
355 1447
356 1447
357 1446
358 1443
359 1547
360 1524
361 1523
362 1382
363 1353
364 1342
365 1519
366 1559
367 1516
368 1546
369 1453
370 1441
371 1425
372 1448
373 1438
374 1422
375 1441
376 1557
377 1515
378 1524
379 1435
380 1439
381 1446
382 1429
383 1425
384 1440
385 1481
386 1547
387 1531
388 1534
389 1411
390 1373
391 1360
392 1382
393 1548
394 1506
395 1521
396 1447
397 1448
398 1427
399 1438
400 1426
401 1411
402 1424
403 1545
404 1528
405 1520
406 1435
407 1429
408 1429
409 1450
410 1527
411 1500
412 1499
413 1438
414 1425
415 1428
416 1465
417 1523
418 1502
419 1571
420 1445
421 1428
422 1422
423 1464
424 1421
425 1436
426 1442
427 1557
428 1511
429 1513
430 1436
431 1431
432 1426
433 1433
434 1537
435 1512
436 1535
437 1376
438 1356
439 1346
440 1370
441 1540
442 1489
443 1510
444 1437
445 1423
446 1397
447 1433
448 1437
449 1412
450 1452
451 1549
452 1510
453 1501
454 1464
455 1415
456 1406
457 1431
458 1405
459 1413
460 1413
461 1450
462 1442
463 1403
464 1416
465 1432
466 1439
467 1441
468 1522
469 1511
470 1510
471 1429
472 1426
473 1414
474 1419
475 1523
476 1509
477 1527
478 1456
479 1444
480 1416
481 1434
482 1423
483 1410
484 1439
485 1544
486 1510
487 1512
488 1427
489 1431
490 1436
491 1441
492 1515
493 1496
494 1486
495 1429
496 1429
497 1434
498 1457
499 1527
500 1501
501 1534
502 1458
503 1447
504 1428
505 1433
506 1445
507 1418
508 1446
509 1553
510 1524
511 1526
512 1429
513 1409
514 1439
515 1440
516 1525
517 1505
518 1518
519 1445
520 1438
521 1423
522 1452
523 1551
524 1496
525 1538
526 1389
527 1375
528 1354
529 1520
530 1537
531 1502
532 1506
533 1440
534 1434
535 1417
536 1411
537 1418
538 1413
539 1427
540 1408
541 1429
542 1451
543 1534
544 1524
545 1518
546 1446
547 1436
548 1418
549 1427
550 1421
551 1416
552 1444
553 1541
554 1539
555 1521
556 1428
557 1419
558 1428
559 1427
560 1515
561 1503
562 1505
563 1441
564 1422
565 1411
566 1440
567 1522
568 1498
569 1519
570 1453
571 1435
572 1422
573 1436
574 1434
575 1419
576 1452
577 1545
578 1516
579 1514
580 1436
581 1437
582 1421
583 1440
584 1517
585 1519
586 1513
587 1445
588 1419
589 1420
590 1442
591 1527
592 1508
593 1533
594 1468
595 1432
596 1415
597 1435
598 1430
599 1402
600 1424
601 1542
602 1505
603 1507
604 1427
605 1428
606 1424
607 1442
608 1522
609 1521
610 1524
611 1463
612 1341
613 1347
614 1374
615 1521
616 1515
617 1527
618 1457
619 1432
620 1418
621 1426
622 1429
623 1420
624 1418
625 1548
626 1524
627 1510
628 1435
629 1434
630 1438
631 1449
632 1538
633 1525
634 1520
635 1351
636 1357
637 1346
638 1391
639 1512
640 1491
641 1495
642 1443
643 1425
644 1422
645 1433
646 1415
647 1393
648 1436
649 1526
650 1503
651 1518
652 1451
653 1439
654 1417
655 1459
656 1538
657 1520
658 1518
659 1375
660 1361
661 1345
662 1512
663 1513
664 1514
665 1532
666 1515
667 1502
668 1504
669 1457
670 1455
671 1418
672 1458
673 1581
674 1510
675 1502
676 1434
677 1445
678 1430
679 1422
680 1424
681 1435
682 1460
683 1538
684 1501
685 1522
686 1460
687 1435
688 1423
689 1440
690 1427
691 1421
692 1441
693 1556
694 1512
695 1509
696 1428
697 1414
698 1420
699 1442
700 1529
701 1530
702 1514
703 1363
704 1356
705 1351
706 1365
707 1540
708 1503
709 1522
710 1449
711 1429
712 1419
713 1426
714 1422
715 1439
716 1439
717 1544
718 1508
719 1517
720 1377
721 1356
722 1373
723 1370
724 1543
725 1519
726 1505
727 1449
728 1442
729 1420
730 1432
731 1422
732 1425
733 1441
734 1514
735 1483
736 1510
737 1452
738 1416
739 1414
740 1423
741 1419
742 1398
743 1422
744 1519
745 1493
746 1487
747 1410
748 1411
749 1430
750 1450
751 1534
752 1513
753 1523
754 1366
755 1355
756 1335
757 1353
758 1520
759 1504
760 1513
761 1441
762 1430
763 1399
764 1422
765 1429
766 1415
767 1434
768 1547
769 1525
770 1508
771 1429
772 1418
773 1430
774 1442
775 1537
776 1520
777 1521
778 1388
779 1362
780 1358
781 1364
782 1513
783 1502
784 1522
785 1445
786 1429
787 1418
788 1433
789 1429
790 1425
791 1440
792 1559
793 1511
794 1518
795 1428
796 1417
797 1417
798 1452
799 1527
800 1535
801 1542
802 1384
803 1359
804 1345
805 1365
806 1517
807 1511
808 1539
809 1479
810 1445
811 1425
812 1453
813 1429
814 1415
815 1455
816 1549
817 1519
818 1501
819 1433
820 1442
821 1436
822 1414
823 1405
824 1414
825 1450
826 1528
827 1509
828 1522
829 1467
830 1419
831 1419
832 1460
833 1542
834 1499
835 1504
836 1461
837 1449
838 1400
839 1426
840 1411
841 1415
842 1422
843 1425
844 1420
845 1407
846 1401
847 1409
848 1432
849 1441
850 1541
851 1525
852 1520
853 1369
854 1364
855 1347
856 1500
857 1530
858 1522
859 1514
860 1543
861 1519
862 1525
863 1437
864 1434
865 1445
866 1446
867 1547
868 1529
869 1534
870 1383
871 1358
872 1364
873 1371
874 1526
875 1516
876 1513
877 1458
878 1429
879 1426
880 1435
881 1423
882 1419
883 1440
884 1548
885 1533
886 1508
887 1371
888 1364
889 1349
890 1492
891 1525
892 1523
893 1527
894 1510
895 1510
896 1514
897 1447
898 1449
899 1426
900 1439
901 1537
902 1502
903 1508
904 1394
905 1371
906 1346
907 1366
908 1541
909 1505
910 1506
911 1425
912 1431
913 1415
914 1426
915 1402
916 1420
917 1463
918 1508
919 1502
920 1506
921 1437
922 1429
923 1426
924 1416
925 1406
926 1407
927 1422
928 1551
929 1504
930 1501
931 1427
932 1431
933 1434
934 1430
935 1527
936 1525
937 1527
938 1455
939 1452
940 1432
941 1439
942 1531
943 1509
944 1521
945 1451
946 1423
947 1408
948 1430
949 1430
950 1435
951 1454
952 1530
953 1513
954 1506
955 1432
956 1427
957 1432
958 1439
959 1529
960 1522
961 1510
962 1454
963 1429
964 1427
965 1450
966 1519
967 1494
968 1512
969 1454
970 1435
971 1419
972 1423
973 1428
974 1414
975 1436
976 1562
977 1520
978 1523
979 1421
980 1435
981 1424
982 1431
983 1527
984 1526
985 1518
986 1449
987 1428
988 1422
989 1450
990 1515
991 1502
992 1529
993 1480
994 1443
995 1423
996 1438
997 1429
998 1426
999 1428
1000 1555
1001 1519
1002 1520
1003 1433
1004 1425
1005 1425
1006 1446
1007 1535
1008 1533
1009 1523
1010 1386
1011 1350
1012 1354
1013 1365
1014 1613
1015 1511
1016 1546
1017 1472
1018 1359
1019 1348
1020 1517
1021 1519
1022 1499
1023 1506
1024 1509
1025 1518
1026 1516
1027 1439
1028 1437
1029 1431
1030 1441
1031 1529
1032 1517
1033 1514
1034 1448
1035 1431
1036 1427
1037 1456
1038 1523
1039 1500
1040 1520
1041 1452
1042 1437
1043 1405
1044 1420
1045 1426
1046 1411
1047 1426
1048 1552
1049 1533
1050 1519
1051 1453
1052 1415
1053 1422
1054 1424
1055 1607
1056 1569
1057 1548
1058 1681
1059 1650
1060 1629
1061 1500
1062 1441
1063 1404
1064 1489
1065 1542
1066 1515
1067 1531
1068 1459
1069 1441
1070 1429
1071 1427
1072 1431
1073 1418
1074 1411
1075 1432
1076 1424
1077 1409
1078 1444
1079 1417
1080 1415
1081 1448
1082 1541
1083 1501
1084 1512
1085 1370
1086 1349
1087 1334
1088 1500
1089 1534
1090 1504
1091 1511
1092 1517
1093 1520
1094 1513
1095 1446
1096 1432
1097 1423
1098 1467
1099 1544
1100 1521
1101 1517
1102 1364
1103 1359
1104 1338
1105 1367
1106 1533
1107 1500
1108 1518
1109 1460
1110 1429
1111 1414
1112 1437
1113 1425
1114 1422
1115 1423
1116 1553
1117 1515
1118 1516
1119 1432
1120 1435
1121 1425
1122 1435
1123 1514
1124 1487
1125 1498
1126 1440
1127 1443
1128 1424
1129 1442
1130 1525
1131 1508
1132 1520
1133 1456
1134 1420
1135 1401
1136 1433
1137 1435
1138 1406
1139 1444
1140 1537
1141 1502
1142 1512
1143 1430
1144 1418
1145 1425
1146 1414
1147 1545
1148 1516
1149 1504
1150 1440
1151 1416
1152 1423
1153 1458
1154 1521
1155 1508
1156 1522
1157 1433
1158 1424
1159 1409
1160 1433
1161 1421
1162 1408
1163 1438
1164 1552
1165 1500
1166 1488
1167 1417
1168 1422
1169 1432
1170 1434
1171 1538
1172 1517
1173 1524
1174 1443
1175 1435
1176 1408
1177 1435
1178 1524
1179 1492
1180 1518
1181 1453
1182 1422
1183 1417
1184 1424
1185 1404
1186 1408
1187 1438
1188 1552
1189 1509
1190 1534
1191 1433
1192 1423
1193 1428
1194 1451
1195 1543
1196 1522
1197 1519
1198 1377
1199 1347
1200 1348
1201 1368
1202 1532
1203 1511
1204 1527
1205 1449
1206 1426
1207 1414
1208 1445
1209 1421
1210 1395
1211 1438
1212 1536
1213 1511
1214 1510
1215 1434
1216 1431
1217 1443
1218 1435
1219 1544
1220 1503
1221 1498
1222 1440
1223 1426
1224 1416
1225 1461
1226 1519
1227 1501
1228 1511
1229 1446
1230 1428
1231 1416
1232 1421
1233 1436
1234 1413
1235 1411
1236 1547
1237 1511
1238 1523
1239 1431
1240 1426
1241 1425
1242 1445
1243 1535
1244 1527
1245 1523
1246 1356
1247 1354
1248 1354
1249 1375
1250 1521
1251 1500
1252 1529
1253 1457
1254 1441
1255 1418
1256 1432
1257 1416
1258 1402
1259 1421
1260 1520
1261 1493
1262 1497
1263 1429
1264 1424
1265 1443
1266 1434
1267 1517
1268 1517
1269 1509
1270 1444
1271 1422
1272 1414
1273 1449
1274 1523
1275 1485
1276 1519
1277 1452
1278 1434
1279 1405
1280 1436
1281 1427
1282 1401
1283 1435
1284 1547
1285 1519
1286 1538
1287 1419
1288 1436
1289 1431
1290 1445
1291 1535
1292 1510
1293 1514
1294 1456
1295 1435
1296 1438
1297 1436
1298 1503
1299 1503
1300 1533
1301 1455
1302 1426
1303 1415
1304 1418
1305 1415
1306 1390
1307 1436
1308 1556
1309 1514
1310 1511
1311 1434
1312 1421
1313 1437
1314 1431
1315 1517
1316 1524
1317 1513
1318 1462
1319 1431
1320 1420
1321 1446
1322 1526
1323 1520
1324 1513
1325 1448
1326 1429
1327 1416
1328 1441
1329 1428
1330 1408
1331 1433
1332 1541
1333 1503
1334 1508
1335 1440
1336 1420
1337 1434
1338 1436
1339 1531
1340 1511
1341 1521
1342 1444
1343 1433
1344 1423
1345 1459
1346 1530
1347 1511
1348 1525
1349 1450
1350 1428
1351 1418
1352 1426
1353 1424
1354 1394
1355 1475
1356 1574
1357 1534
1358 1527
1359 1435
1360 1426
1361 1435
1362 1444
1363 1532
1364 1518
1365 1512
1366 1440
1367 1436
1368 1429
1369 1458
1370 1531
1371 1516
1372 1532
1373 1400
1374 1345
1375 1353
1376 1523
1377 1538
1378 1511
1379 1517
1380 1454
1381 1451
1382 1417
1383 1424
1384 1440
1385 1411
1386 1518
1387 1518
1388 1532
1389 1557
1390 1417
1391 1424
1392 1427
1393 1444
1394 1422
1395 1415
1396 1472
1397 1542
1398 1512
1399 1510
1400 1387
1401 1381
1402 1324
1403 1345
1404 1533
1405 1495
1406 1503
1407 1432
1408 1439
1409 1440
1410 1421
1411 1423
1412 1416
1413 1451
1414 1529
1415 1506
1416 1542
1417 1463
1418 1432
1419 1411
1420 1432
1421 1424
1422 1408
1423 1432
1424 1546
1425 1543
1426 1525
1427 1448
1428 1414
1429 1428
1430 1456
1431 1529
1432 1508
1433 1527
1434 1457
1435 1418
1436 1417
1437 1452
1438 1519
1439 1508
1440 1510
1441 1461
1442 1432
1443 1422
1444 1430
1445 1426
1446 1400
1447 1424
1448 1535
1449 1516
1450 1514
1451 1416
1452 1427
1453 1428
1454 1429
1455 1552
1456 1532
1457 1521
1458 1354
1459 1335
1460 1342
1461 1374
1462 1524
1463 1492
1464 1533
1465 1459
1466 1429
1467 1414
1468 1425
1469 1425
1470 1413
1471 1432
1472 1550
1473 1505
1474 1506
1475 1412
1476 1418
1477 1428
1478 1447
1479 1523
1480 1521
1481 1526
1482 1448
1483 1433
1484 1427
1485 1456
1486 1519
1487 1505
1488 1531
1489 1451
1490 1416
1491 1420
1492 1434
1493 1433
1494 1424
1495 1466
1496 1545
1497 1532
1498 1525
1499 1446
1500 1424
1501 1425
1502 1441
1503 1527
1504 1510
1505 1501
1506 1446
1507 1439
1508 1413
1509 1433
1510 1520
1511 1506
1512 1524
1513 1453
1514 1425
1515 1417
1516 1428
1517 1434
1518 1404
1519 1445
1520 1556
1521 1523
1522 1517
1523 1412
1524 1397
1525 1419
1526 1440
1527 1430
1528 1423
1529 1450
1530 1522
1531 1527
1532 1510
1533 1445
1534 1432
1535 1420
1536 1453
1537 1559
1538 1518
1539 1513
1540 1377
1541 1376
1542 1328
1543 1491
1544 1548
1545 1532
1546 1505
1547 1454
1548 1444
1549 1420
1550 1411
1551 1412
1552 1425
1553 1449
1554 1528
1555 1518
1556 1527
1557 1453
1558 1430
1559 1405
1560 1424
1561 1434
1562 1410
1563 1435
1564 1558
1565 1530
1566 1517
1567 1432
1568 1419
1569 1429
1570 1441
1571 1520
1572 1506
1573 1518
1574 1436
1575 1422
1576 1415
1577 1452
1578 1517
1579 1508
1580 1519
1581 1462
1582 1435
1583 1416
1584 1433
1585 1433
1586 1414
1587 1436
1588 1549
1589 1514
1590 1540
1591 1455
1592 1422
1593 1424
1594 1411
1595 1412
1596 1431
1597 1442
1598 1549
1599 1514
1600 1519
1601 1459
1602 1417
1603 1411
1604 1436
1605 1547
1606 1530
1607 1506
1608 1387
1609 1362
1610 1341
1611 1499
1612 1533
1613 1505
1614 1491
1615 1440
1616 1436
1617 1424
1618 1420
1619 1424
1620 1412
1621 1434
1622 1517
1623 1486
1624 1509
1625 1457
1626 1437
1627 1427
1628 1450
1629 1425
1630 1410
1631 1442
1632 1550
1633 1531
1634 1514
1635 1419
1636 1425
1637 1422
1638 1456
1639 1527
1640 1522
1641 1511
1642 1455
1643 1436
1644 1414
1645 1456
1646 1521
1647 1495
1648 1524
1649 1457
1650 1432
1651 1416
1652 1430
1653 1424
1654 1412
1655 1434
1656 1546
1657 1508
1658 1502
1659 1436
1660 1434
1661 1428
1662 1427
1663 1515
1664 1514
1665 1500
1666 1442
1667 1429
1668 1413
1669 1455
1670 1531
1671 1512
1672 1553
1673 1440
1674 1441
1675 1424
1676 1433
1677 1423
1678 1412
1679 1412
1680 1530
1681 1493
1682 1495
1683 1413
1684 1422
1685 1421
1686 1432
1687 1509
1688 1516
1689 1508
1690 1429
1691 1435
1692 1424
1693 1440
1694 1529
1695 1512
1696 1614
1697 1545
1698 1474
1699 1433
1700 1446
1701 1423
1702 1410
1703 1420
1704 1542
1705 1517
1706 1507
1707 1436
1708 1438
1709 1432
1710 1425
1711 1420
1712 1422
1713 1440
1714 1705
1715 2374
1716 1578
1717 1456
1718 1423
1719 1426
1720 1450
1721 1453
1722 1552
1723 1454
1724 1670
1725 1642
1726 1630
1727 1630
1728 1453
1729 1420
1730 1450
1731 1576
1732 1538
1733 1534
1734 1454
1735 1432
1736 1438
1737 1412
1738 1438
1739 1434
1740 1484
1741 1536
1742 1518
1743 1527
1744 1476
1745 1437
1746 1408
1747 1424
1748 1428
1749 1409
1750 1417
1751 1537
1752 1517
1753 1524
1754 1425
1755 1432
1756 1430
1757 1424
1758 1545
1759 1509
1760 1524
1761 1500
1762 1448
1763 1423
1764 1447
1765 1517
1766 1514
1767 1519
1768 1470
1769 1425
1770 1423
1771 1446
1772 1432
1773 1424
1774 1427
1775 1532
1776 1512
1777 1535
1778 1446
1779 1430
1780 1429
1781 1427
1782 1422
1783 1437
1784 1471
1785 1527
1786 1511
1787 1515
1788 1462
1789 1428
1790 1419
1791 1452
1792 1548
1793 1510
1794 1511
1795 1382
1796 1373
1797 1348
1798 1503
1799 1515
1800 1513
1801 1502
1802 1435
1803 1440
1804 1424
1805 1419
1806 1422
1807 1432
1808 1445
1809 1532
1810 1496
1811 1519
1812 1439
1813 1430
1814 1433
1815 1452
1816 1438
1817 1393
1818 1425
1819 1549
1820 1517
1821 1519
1822 1435
1823 1419
1824 1415
1825 1430
1826 1523
1827 1511
1828 1510
1829 1426
1830 1425
1831 1417
1832 1429
1833 1521
1834 1497
1835 1513
1836 1449
1837 1426
1838 1421
1839 1429
1840 1444
1841 1416
1842 1425
1843 1556
1844 1513
1845 1520
1846 1415
1847 1422
1848 1431
1849 1429
1850 1540
1851 1527
1852 1529
1853 1376
1854 1353
1855 1370
1856 1375
1857 1523
1858 1502
1859 1528
1860 1457
1861 1421
1862 1412
1863 1429
1864 1425
1865 1411
1866 1421
1867 1548
1868 1514
1869 1518
1870 1437
1871 1429
1872 1447
1873 1444
1874 1526
1875 1522
1876 1539
1877 1368
1878 1356
1879 1341
1880 1365
1881 1513
1882 1497
1883 1523
1884 1445
1885 1428
1886 1412
1887 1414
1888 1426
1889 1415
1890 1442
1891 1556
1892 1522
1893 1522
1894 1432
1895 1419
1896 1423
1897 1436
1898 1515
1899 1510
1900 1512
1901 1448
1902 1419
1903 1421
1904 1444
1905 1524
1906 1512
1907 1519
1908 1440
1909 1425
1910 1435
1911 1436
1912 1434
1913 1406
1914 1438
1915 1561
1916 1529
1917 1515
1918 1421
1919 1412
1920 1429
1921 1420
1922 1524
1923 1516
1924 1500
1925 1442
1926 1425
1927 1425
1928 1432
1929 1521
1930 1517
1931 1530
1932 1456
1933 1431
1934 1416
1935 1427
1936 1438
1937 1401
1938 1423
1939 1538
1940 1515
1941 1521
1942 1430
1943 1426
1944 1422
1945 1434
1946 1512
1947 1514
1948 1510
1949 1434
1950 1428
1951 1428
1952 1449
1953 1518
1954 1485
1955 1514
1956 1456
1957 1425
1958 1427
1959 1444
1960 1435
1961 1423
1962 1447
1963 1540
1964 1520
1965 1512
1966 1439
1967 1432
1968 1427
1969 1451
1970 1522
1971 1516
1972 1514
1973 1446
1974 1427
1975 1427
1976 1447
1977 1512
1978 1487
1979 1553
1980 1469
1981 1439
1982 1420
1983 1427
1984 1439
1985 1417
1986 1416
1987 1550
1988 1525
1989 1511
1990 1429
1991 1427
1992 1431
1993 1446
1994 1540
1995 1532
1996 1532
1997 1375
1998 1366
1999 1356
2000 1356
2001 1518
2002 1494
2003 1526
2004 1447
2005 1433
2006 1414
2007 1428
2008 1421
2009 1409
2010 1430
2011 1538
2012 1512
2013 1516
2014 1438
2015 1414
2016 1421
2017 1422
2018 1528
2019 1530
2020 1533
2021 1454
2022 1437
2023 1423
2024 1442
2025 1514
2026 1499
2027 1511
2028 1453
2029 1433
2030 1408
2031 1438
2032 1414
2033 1399
2034 1431
2035 1546
2036 1531
2037 1510
2038 1457
2039 1425
2040 1422
2041 1414
2042 1537
2043 1521
2044 1513
2045 1433
2046 1424
2047 1430
2048 1450
2049 1532
2050 1513
2051 1513
2052 1465
2053 1424
2054 1426
2055 1504
2056 1452
2057 1423
2058 1441
2059 1564
2060 1506
2061 1497
2062 1428
2063 1435
2064 1436
2065 1436
2066 1506
2067 1521
2068 1498
2069 1445
2070 1425
2071 1418
2072 1458
2073 1531
2074 1502
2075 1502
2076 1441
2077 1427
2078 1417
2079 1423
2080 1411
2081 1417
2082 1427
2083 1538
2084 1504
2085 1506
2086 1436
2087 1421
2088 1420
2089 1435
2090 1524
2091 1511
2092 1520
2093 1446
2094 1416
2095 1424
2096 1459
2097 1514
2098 1508
2099 1515
2100 1458
2101 1424
2102 1427
2103 1429
2104 1445
2105 1420
2106 1424
2107 1542
2108 1510
2109 1519
2110 1437
2111 1435
2112 1426
2113 1422
2114 1516
2115 1515
2116 1509
2117 1441
2118 1457
2119 1440
2120 1462
2121 1531
2122 1500
2123 1530
2124 1371
2125 1346
2126 1338
2127 1494
2128 1534
2129 1508
2130 1512
2131 1437
2132 1429
2133 1415
2134 1408
2135 1410
2136 1402
2137 1414
2138 1409
2139 1418
2140 1444
2141 1526
2142 1498
2143 1516
2144 1451
2145 1435
2146 1409
2147 1434
2148 1429
2149 1421
2150 1451
2151 1527
2152 1547
2153 1521
2154 1441
2155 1418
2156 1416
2157 1434
2158 1532
2159 1527
2160 1517
2161 1446
2162 1442
2163 1417
2164 1443
2165 1512
2166 1513
2167 1522
2168 1456
2169 1446
2170 1414
2171 1425
2172 1416
2173 1407
2174 1432
2175 1553
2176 1517
2177 1524
2178 1427
2179 1427
2180 1432
2181 1435
2182 1529
2183 1524
2184 1509
2185 1436
2186 1429
2187 1438
2188 1434
2189 1518
2190 1500
2191 1517
2192 1454
2193 1439
2194 1408
2195 1437
2196 1428
2197 1402
2198 1431
2199 1556
2200 1516
2201 1525
2202 1437
2203 1420
2204 1430
2205 1441
2206 1545
2207 1527
2208 1585
2209 1501
2210 1430
2211 1440
2212 1433
2213 1392
2214 1427
2215 1466
2216 1557
2217 1533
2218 1505
2219 1387
2220 1363
2221 1336
2222 1365
2223 1563
2224 1516
2225 1525
2226 1439
2227 1429
2228 1426
2229 1428
2230 1410
2231 1417
2232 1458
2233 1536
2234 1523
2235 1502
2236 1453
2237 1451
2238 1412
2239 1440
2240 1552
2241 1523
2242 1490
2243 1386
2244 1372
2245 1358
2246 1363
2247 1557
2248 1524
2249 1509
2250 1420
2251 1426
2252 1415
2253 1416
2254 1414
2255 1437
2256 1467
2257 1553
2258 1520
2259 1535
2260 1387
2261 1349
2262 1350
2263 1506
2264 1523
2265 1509
2266 1530
2267 1510
2268 1517
2269 1509
2270 1452
2271 1426
2272 1427
2273 1438
2274 1535
2275 1531
2276 1528
2277 1388
2278 1369
2279 1347
2280 1384
2281 1554
2282 1512
2283 1515
2284 1447
2285 1434
2286 1410
2287 1433
2288 1437
2289 1423
2290 1431
2291 1534
2292 1519
2293 1509
2294 1461
2295 1418
2296 1419
2297 1447
2298 1431
2299 1411
2300 1414
2301 1448
2302 1428
2303 1414
2304 1423
2305 1429
2306 1422
2307 1449
2308 1532
2309 1529
2310 1516
2311 1368
2312 1359
2313 1348
2314 1364
2315 1534
2316 1509
2317 1531
2318 1466
2319 1431
2320 1423
2321 1431
2322 1424
2323 1419
2324 1430
2325 1539
2326 1521
2327 1503
2328 1450
2329 1419
2330 1434
2331 1435
2332 1407
2333 1439
2334 1454
2335 1526
2336 1524
2337 1528
2338 1453
2339 1425
2340 1417
2341 1446
2342 1425
2343 1423
2344 1451
2345 1539
2346 1538
2347 1512
2348 1428
2349 1425
2350 1423
2351 1446
2352 1543
2353 1522
2354 1525
2355 1368
2356 1335
2357 1332
2358 1363
2359 1523
2360 1514
2361 1522
2362 1462
2363 1435
2364 1420
2365 1432
2366 1431
2367 1409
2368 1426
2369 1541
2370 1512
2371 1495
2372 1439
2373 1419
2374 1435
2375 1439
2376 1527
2377 1526
2378 1512
2379 1486
2380 1391
2381 1356
2382 1447
2383 1562
2384 1446
2385 1481
2386 1546
2387 1508
2388 1553
2389 1476
2390 1410
2391 1428
2392 1428
2393 1424
2394 1425
2395 1472
2396 1531
2397 1530
2398 1489
2399 1424
2400 1441
2401 1433
2402 1438
2403 1543
2404 1514
2405 1526
2406 1360
2407 1356
2408 1359
2409 1510
2410 1537
2411 1515
2412 1542
2413 1432
2414 1410
2415 1422
2416 1442
2417 1445
2418 1421
2419 1442
2420 1560
2421 1521
2422 1518
2423 1436
2424 1439
2425 1440
2426 1443
2427 1415
2428 1428
2429 1448
2430 1515
2431 1503
2432 1530
2433 1458
2434 1430
2435 1410
2436 1428
2437 1412
2438 1413
2439 1419
2440 1530
2441 1519
2442 1523
2443 1440
2444 1434
2445 1430
2446 1431
2447 1517
2448 1514
2449 1510
2450 1450
2451 1437
2452 1427
2453 1470
2454 1507
2455 1500
2456 1511
2457 1453
2458 1437
2459 1396
2460 1444
2461 1428
2462 1409
2463 1440
2464 1554
2465 1527
2466 1511
2467 1439
2468 1425
2469 1433
2470 1450
2471 1546
2472 1509
2473 1504
2474 1372
2475 1358
2476 1362
2477 1369
2478 1552
2479 1516
2480 1533
2481 1464
2482 1437
2483 1418
2484 1440
2485 1435
2486 1408
2487 1422
2488 1562
2489 1532
2490 1538
2491 1445
2492 1441
2493 1448
2494 1453
2495 1548
2496 1524
2497 1516
2498 1379
2499 1357
2500 1338
2501 1376
2502 1541
2503 1516
2504 1527
2505 1512
2506 1453
2507 1415
2508 1434
2509 1439
2510 1423
2511 1437
2512 1541
2513 1478
2514 1497
2515 1420
2516 1420
2517 1430
2518 1436
2519 1528
2520 1510
2521 1505
2522 1441
2523 1426
2524 1419
2525 1472
2526 1508
2527 1498
2528 1505
2529 1447
2530 1439
2531 1418
2532 1447
2533 1443
2534 1433
2535 1440
2536 1544
2537 1522
2538 1498
2539 1464
2540 1437
2541 1432
2542 1423
2543 1545
2544 1524
2545 1503
2546 1442
2547 1439
2548 1421
2549 1452
2550 1541
2551 1509
2552 1526
2553 1450
2554 1442
2555 1415
2556 1446
2557 1416
2558 1413
2559 1448
2560 1546
2561 1518
2562 1523
2563 1439
2564 1435
2565 1434
2566 1421
2567 1529
2568 1520
2569 1511
2570 1455
2571 1432
2572 1430
2573 1461
2574 1530
2575 1514
2576 1535
2577 1455
2578 1447
2579 1423
2580 1434
2581 1423
2582 1414
2583 1430
2584 1549
2585 1525
2586 1512
2587 1426
2588 1424
2589 1421
2590 1444
2591 1544
2592 1547
2593 1525
2594 1382
2595 1375
2596 1358
2597 1378
2598 1526
2599 1492
2600 1511
2601 1452
2602 1431
2603 1424
2604 1439
2605 1447
2606 1428
2607 1446
2608 1551
2609 1528
2610 1503
2611 1434
2612 1427
2613 1418
2614 1437
2615 1526
2616 1517
2617 1510
2618 1452
2619 1439
2620 1435
2621 1463
2622 1533
2623 1507
2624 1511
2625 1456
2626 1445
2627 1427
2628 1450
2629 1442
2630 1414
2631 1450
2632 1558
2633 1524
2634 1507
2635 1411
2636 1415
2637 1416
2638 1436
2639 1523
2640 1518
2641 1520
2642 1465
2643 1440
2644 1425
2645 1444
2646 1511
2647 1486
2648 1525
2649 1456
2650 1442
2651 1419
2652 1449
2653 1437
2654 1407
2655 1440
2656 1555
2657 1518
2658 1512
2659 1429
2660 1435
2661 1429
2662 1419
2663 1524
2664 1502
2665 1512
2666 1443
2667 1421
2668 1429
2669 1450
2670 1521
2671 1499
2672 1540
2673 1450
2674 1407
2675 1413
2676 1430
2677 1428
2678 1409
2679 1447
2680 1539
2681 1506
2682 1519
2683 1440
2684 1423
2685 1425
2686 1423
2687 1423
2688 1435
2689 1452
2690 1525
2691 1507
2692 1504
2693 1473
2694 1439
2695 1420
2696 1448
2697 1539
2698 1530
2699 1523
2700 1386
2701 1374
2702 1334
2703 1514
2704 1550
2705 1518
2706 1507
2707 1434
2708 1452
2709 1433
2710 1428
2711 1420
2712 1436
2713 1442
2714 1567
2715 1500
2716 1503
2717 1452
2718 1461
2719 1420
2720 1481
2721 1490
2722 1531
2723 1501
2724 1669
2725 1635
2726 1618
2727 1401
2728 1368
2729 1340
2730 1371
2731 1547
2732 1541
2733 1522
2734 1461
2735 1431
2736 1430
2737 1420
2738 1414
2739 1426
2740 1464
2741 1557
2742 1541
2743 1536
2744 1386
2745 1360
2746 1334
2747 1532
2748 1554
2749 1506
2750 1494
2751 1452
2752 1445
2753 1415
2754 1435
2755 1434
2756 1425
2757 1397
2758 1402
2759 1407
2760 1416
2761 1553
2762 1510
2763 1497
2764 1508
2765 1487
2766 1489
2767 1495
2768 1448
2769 1429
2770 1418
2771 1436
2772 1416
2773 1421
2774 1476
2775 1544
2776 1531
2777 1517
2778 1428
2779 1427
2780 1420
2781 1435
2782 1535
2783 1515
2784 1511
2785 1447
2786 1437
2787 1425
2788 1425
2789 1420
2790 1418
2791 1448
2792 1559
2793 1520
2794 1507
2795 1377
2796 1378
2797 1340
2798 1350
2799 1563
2800 1525
2801 1518
2802 1420
2803 1419
2804 1413
2805 1419
2806 1407
2807 1417
2808 1446
2809 1525
2810 1506
2811 1525
2812 1475
2813 1431
2814 1417
2815 1438
2816 1533
2817 1504
2818 1489
2819 1373
2820 1379
2821 1336
2822 1358
2823 1545
2824 1487
2825 1484
2826 1418
2827 1436
2828 1427
2829 1415
2830 1413
2831 1426
2832 1449
2833 1549
2834 1509
2835 1524
2836 1384
2837 1348
2838 1350
2839 1499
2840 1520
2841 1502
2842 1511
2843 1514
2844 1518
2845 1508
2846 1416
2847 1431
2848 1431
2849 1442
2850 1532
2851 1516
2852 1537
2853 1375
2854 1362
2855 1345
2856 1516
2857 1537
2858 1516
2859 1531
2860 1440
2861 1426
2862 1422
2863 1422
2864 1412
2865 1417
2866 1432
2867 1542
2868 1535
2869 1518
2870 1447
2871 1434
2872 1414
2873 1412
2874 1423
2875 1423
2876 1447
2877 1537
2878 1500
2879 1520
2880 1396
2881 1372
2882 1336
2883 1518
2884 1529
2885 1510
2886 1521
2887 1516
2888 1516
2889 1522
2890 1440
2891 1456
2892 1414
2893 1445
2894 1534
2895 1514
2896 1524
2897 1440
2898 1429
2899 1422
2900 1443
2901 1540
2902 1515
2903 1520
2904 1396
2905 1365
2906 1340
2907 1508
2908 1521
2909 1500
2910 1528
2911 1528
2912 1507
2913 1511
2914 1435
2915 1434
2916 1414
2917 1443
2918 1512
2919 1491
2920 1492
2921 1439
2922 1434
2923 1446
2924 1428
2925 1415
2926 1411
2927 1444
2928 1560
2929 1535
2930 1494
2931 1397
2932 1365
2933 1342
2934 1359
2935 1534
2936 1518
2937 1503
2938 1431
2939 1434
2940 1431
2941 1414
2942 1408
2943 1417
2944 1429
2945 1531
2946 1492
2947 1527
2948 1466
2949 1429
2950 1438
2951 1433
2952 1450
2953 1431
2954 1439
2955 1561
2956 1526
2957 1515
2958 1442
2959 1441
2960 1444
2961 1449
2962 1518
2963 1487
2964 1492
2965 1442
2966 1435
2967 1437
2968 1468
2969 1539
2970 1487
2971 1509
2972 1441
2973 1426
2974 1427
2975 1434
2976 1423
2977 1412
2978 1435
2979 1541
2980 1516
2981 1515
2982 1435
2983 1426
2984 1420
2985 1453
2986 1525
2987 1512
2988 1519
2989 1447
2990 1433
2991 1426
2992 1452
2993 1535
2994 1510
2995 1537
2996 1467
2997 1432
2998 1407
2999 1438
3000 1427
3001 1420
3002 1457
3003 1548
3004 1514
3005 1505
3006 1438
3007 1422
3008 1423
3009 1425
3010 1540
3011 1511
3012 1513
3013 1477
3014 1423
3015 1417
3016 1464
3017 1530
3018 1508
3019 1530
3020 1373
3021 1360
3022 1343
3023 1509
3024 1533
3025 1510
3026 1523
3027 1457
3028 1428
3029 1409
3030 1410
3031 1420
3032 1429
3033 1435
3034 1421
3035 1405
3036 1439
3037 1520
3038 1498
3039 1506
3040 1457
3041 1433
3042 1437
3043 1448
3044 1554
3045 1499
3046 1512
3047 1400
3048 1377
3049 1340
3050 1506
3051 1537
3052 1526
3053 1505
3054 1451
3055 1498
3056 1455
3057 1433
3058 1418
3059 1428
3060 1452
3061 1536
3062 1619
3063 1552
3064 1399
3065 1363
3066 1345
3067 1511
3068 1527
3069 1498
3070 1520
3071 1529
3072 1520
3073 1514
3074 1446
3075 1433
3076 1426
3077 1446
3078 1537
3079 1521
3080 1514
3081 1449
3082 1433
3083 1430
3084 1467
3085 1532
3086 1488
3087 1506
3088 1467
3089 1451
3090 1408
3091 1429
3092 1419
3093 1412
3094 1434
3095 1545
3096 1516
3097 1518
3098 1422
3099 1431
3100 1434
3101 1440
3102 1523
3103 1518
3104 1528
3105 1459
3106 1443
3107 1423
3108 1464
3109 1524
3110 1505
3111 1524
3112 1455
3113 1425
3114 1420
3115 1440
3116 1427
3117 1404
3118 1440
3119 1552
3120 1517
3121 1517
3122 1455
3123 1425
3124 1415
3125 1440
3126 1528
3127 1526
3128 1528
3129 1442
3130 1429
3131 1406
3132 1440
3133 1522
3134 1522
3135 1524
3136 1445
3137 1438
3138 1411
3139 1440
3140 1415
3141 1409
3142 1441
3143 1533
3144 1518
3145 1519
3146 1411
3147 1413
3148 1423
3149 1443
3150 1538
3151 1518
3152 1518
3153 1372
3154 1352
3155 1353
3156 1374
3157 1518
3158 1510
3159 1521
3160 1460
3161 1427
3162 1431
3163 1432
3164 1441
3165 1413
3166 1447
3167 1553
3168 1513
3169 1521
3170 1444
3171 1427
3172 1446
3173 1439
3174 1528
3175 1531
3176 1525
3177 1394
3178 1376
3179 1348
3180 1385
3181 1534
3182 1502
3183 1519
3184 1459
3185 1437
3186 1429
3187 1440
3188 1413
3189 1412
3190 1422
3191 1547
3192 1508
3193 1501
3194 1418
3195 1445
3196 1412
3197 1425
3198 1526
3199 1490
3200 1497
3201 1441
3202 1439
3203 1418
3204 1443
3205 1524
3206 1513
3207 1519
3208 1449
3209 1431
3210 1432
3211 1442
3212 1428
3213 1394
3214 1432
3215 1535
3216 1509
3217 1517
3218 1437
3219 1428
3220 1431
3221 1453
3222 1531
3223 1513
3224 1519
3225 1369
3226 1346
3227 1354
3228 1375
3229 1528
3230 1497
3231 1532
3232 1448
3233 1430
3234 1421
3235 1420
3236 1430
3237 1420
3238 1444
3239 1554
3240 1525
3241 1516
3242 1430
3243 1424
3244 1440
3245 1458
3246 1531
3247 1511
3248 1510
3249 1444
3250 1438
3251 1429
3252 1446
3253 1521
3254 1525
3255 1523
3256 1462
3257 1431
3258 1416
3259 1427
3260 1435
3261 1409
3262 1434
3263 1549
3264 1501
3265 1499
3266 1435
3267 1425
3268 1425
3269 1423
3270 1525
3271 1513
3272 1519
3273 1460
3274 1442
3275 1434
3276 1452
3277 1532
3278 1521
3279 1513
3280 1471
3281 1444
3282 1415
3283 1431
3284 1433
3285 1405
3286 1445
3287 1562
3288 1505
3289 1515
3290 1437
3291 1440
3292 1420
3293 1443
3294 1538
3295 1508
3296 1533
3297 1448
3298 1422
3299 1437
3300 1441
3301 1405
3302 1419
3303 1461
3304 1525
3305 1475
3306 1489
3307 1448
3308 1435
3309 1414
3310 1432
3311 1545
3312 1523
3313 1521
3314 1429
3315 1424
3316 1430
3317 1423
3318 1415
3319 1421
3320 1442
3321 1527
3322 1516
3323 1515
3324 1454
3325 1429
3326 1413
3327 1448
3328 1533
3329 1493
3330 1515
3331 1465
3332 1442
3333 1415
3334 1435
3335 1418
3336 1419
3337 1416
3338 1431
3339 1445
3340 1439
3341 1415
3342 1426
3343 1413
3344 1450
3345 1547
3346 1499
3347 1529
3348 1391
3349 1361
3350 1352
3351 1375
3352 1550
3353 1514
3354 1520
3355 1528
3356 1509
3357 1506
3358 1426
3359 1444
3360 1425
3361 1467
3362 1530
3363 1526
3364 1520
3365 1362
3366 1367
3367 1346
3368 1382
3369 1551
3370 1521
3371 1519
3372 1460
3373 1432
3374 1404
3375 1439
3376 1439
3377 1418
3378 1441
3379 1530
3380 1517
3381 1695
3382 1857
3383 1482
3384 1420
3385 1443
3386 1451
3387 1423
3388 1417
3389 1465
3390 1442
3391 1436
3392 1425
3393 1421
3394 1436
3395 1455
3396 1533
3397 1527
3398 1523
3399 1396
3400 1359
3401 1356
3402 1518
3403 1569
3404 1495
3405 1514
3406 1462
3407 1435
3408 1424
3409 1434
3410 1428
3411 1416
3412 1437
3413 1409
3414 1432
3415 1461
3416 1531
3417 1511
3418 1517
3419 1460
3420 1444
3421 1432
3422 1435
3423 1543
3424 1503
3425 1511
3426 1385
3427 1380
3428 1359
3429 1524
3430 1535
3431 1514
3432 1503
3433 1459
3434 1459
3435 1435
3436 1423
3437 1423
3438 1435
3439 1437
3440 1533
3441 1509
3442 1523
3443 1450
3444 1433
3445 1421
3446 1418
3447 1426
3448 1409
3449 1446
3450 1534
3451 1523
3452 1510
3453 1428
3454 1426
3455 1421
3456 1433
3457 1537
3458 1517
3459 1504
3460 1452
3461 1443
3462 1421
3463 1439
3464 1517
3465 1497
3466 1508
3467 1445
3468 1427
3469 1423
3470 1434
3471 1421
3472 1392
3473 1450
3474 1542
3475 1521
3476 1517
3477 1427
3478 1429
3479 1429
3480 1431
3481 1520
3482 1514
3483 1519
3484 1467
3485 1425
3486 1416
3487 1452
3488 1537
3489 1501
3490 1507
3491 1444
3492 1441
3493 1418
3494 1427
3495 1425
3496 1397
3497 1430
3498 1546
3499 1529
3500 1531
3501 1439
3502 1425
3503 1426
3504 1444
3505 1537
3506 1514
3507 1519
3508 1380
3509 1365
3510 1362
3511 1376
3512 1531
3513 1485
3514 1508
3515 1441
3516 1421
3517 1412
3518 1417
3519 1437
3520 1410
3521 1436
3522 1547
3523 1518
3524 1501
3525 1431
3526 1444
3527 1431
3528 1451
3529 1533
3530 1541
3531 1519
3532 1364
3533 1365
3534 1352
3535 1372
3536 1521
3537 1519
3538 1523
3539 1467
3540 1452
3541 1414
3542 1431
3543 1432
3544 1410
3545 1435
3546 1540
3547 1508
3548 1502
3549 1431
3550 1437
3551 1430
3552 1434
3553 1539
3554 1511
3555 1543
3556 1445
3557 1432
3558 1422
3559 1455
3560 1527
3561 1504
3562 1528
3563 1454
3564 1430
3565 1416
3566 1435
3567 1426
3568 1415
3569 1452
3570 1552
3571 1506
3572 1520
3573 1436
3574 1452
3575 1426
3576 1433
3577 1536
3578 1540
3579 1520
3580 1369
3581 1364
3582 1366
3583 1382
3584 1543
3585 1514
3586 1525
3587 1461
3588 1433
3589 1428
3590 1419
3591 1427
3592 1424
3593 1457
3594 1555
3595 1539
3596 1512
3597 1435
3598 1449
3599 1423
3600 1448
3601 1538
3602 1509
3603 1523
3604 1375
3605 1356
3606 1348
3607 1375
3608 1527
3609 1501
3610 1523
3611 1455
3612 1434
3613 1421
3614 1443
3615 1434
3616 1418
3617 1426
3618 1452
3619 1435
3620 1420
3621 1430
3622 1418
3623 1413
3624 1417
3625 1533
3626 1517
3627 1519
3628 1428
3629 1418
3630 1422
3631 1444
3632 1530
3633 1497
3634 1520
3635 1438
3636 1432
3637 1440
3638 1451
3639 1424
3640 1408
3641 1441
3642 1551
3643 1534
3644 1508
3645 1447
3646 1436
3647 1423
3648 1433
3649 1527
3650 1520
3651 1508
3652 1436
3653 1439
3654 1414
3655 1458
3656 1521
3657 1508
3658 1514
3659 1449
3660 1426
3661 1423
3662 1435
3663 1431
3664 1409
3665 1426
3666 1542
3667 1517
3668 1522
3669 1457
3670 1425
3671 1410
3672 1447
3673 1539
3674 1520
3675 1515
3676 1368
3677 1355
3678 1340
3679 1374
3680 1520
3681 1504
3682 1527
3683 1454
3684 1432
3685 1421
3686 1443
3687 1414
3688 1405
3689 1442
3690 1547
3691 1540
3692 1521
3693 1451
3694 1434
3695 1424
3696 1443
3697 1539
3698 1522
3699 1510
3700 1462
3701 1433
3702 1417
3703 1450
3704 1526
3705 1496
3706 1522
3707 1456
3708 1420
3709 1426
3710 1428
3711 1427
3712 1395
3713 1429
3714 1567
3715 1552
3716 1530
3717 1438
3718 1437
3719 1430
3720 1433
3721 1543
3722 1604
3723 1532
3724 1370
3725 1370
3726 1347
3727 1375
3728 1526
3729 1493
3730 1533
3731 1458
3732 1427
3733 1434
3734 1430
3735 1418
3736 1400
3737 1440
3738 1551
3739 1508
3740 1518
3741 1419
3742 1428
3743 1446
3744 1491
3745 1596
3746 1529
3747 1541
3748 1382
3749 1367
3750 1354
3751 1389
3752 1523
3753 1496
3754 1509
3755 1449
3756 1437
3757 1416
3758 1462
3759 1425
3760 1418
3761 1469
3762 1545
3763 1498
3764 1496
3765 1427
3766 1432
3767 1421
3768 1434
3769 1431
3770 1443
3771 1462
3772 1525
3773 1503
3774 1516
3775 1470
3776 1452
3777 1427
3778 1460
3779 1554
3780 1520
3781 1513
3782 1414
3783 1374
3784 1346
3785 1378
3786 1544
3787 1522
3788 1516
3789 1430
3790 1428
3791 1421
3792 1431
3793 1414
3794 1431
3795 1459
3796 1521
3797 1500
3798 1509
3799 1456
3800 1438
3801 1436
3802 1453
3803 1541
3804 1507
3805 1511
3806 1381
3807 1377
3808 1331
3809 1516
3810 1551
3811 1514
3812 1514
3813 1442
3814 1451
3815 1442
3816 1421
3817 1430
3818 1432
3819 1465
3820 1519
3821 1514
3822 1528
3823 1470
3824 1429
3825 1422
3826 1447
3827 1452
3828 1407
3829 1440
3830 1568
3831 1522
3832 1520
3833 1437
3834 1418
3835 1408
3836 1445
3837 1527
3838 1530
3839 1513
3840 1360
3841 1366
3842 1349
3843 1389
3844 1524
3845 1489
3846 1511
3847 1467
3848 1435
3849 1419
3850 1432
3851 1458
3852 1415
3853 1444
3854 1544
3855 1516
3856 1520
3857 1433
3858 1435
3859 1442
3860 1438
3861 1533
3862 1520
3863 1522
3864 1442
3865 1431
3866 1431
3867 1453
3868 1513
3869 1495
3870 1508
3871 1455
3872 1435
3873 1411
3874 1450
3875 1419
3876 1410
3877 1447
3878 1554
3879 1510
3880 1513
3881 1417
3882 1413
3883 1428
3884 1436
3885 1530
3886 1526
3887 1510
3888 1457
3889 1431
3890 1445
3891 1449
3892 1546
3893 1518
3894 1531
3895 1447
3896 1440
3897 1429
3898 1448
3899 1430
3900 1402
3901 1425
3902 1556
3903 1516
3904 1517
3905 1448
3906 1440
3907 1442
3908 1433
3909 1534
3910 1507
3911 1526
3912 1450
3913 1425
3914 1436
3915 1466
3916 1529
3917 1518
3918 1513
3919 1459
3920 1429
3921 1423
3922 1449
3923 1417
3924 1404
3925 1461
3926 1556
3927 1533
3928 1509
3929 1424
3930 1424
3931 1422
3932 1430
3933 1533
3934 1520
3935 1505
3936 1444
3937 1441
3938 1448
3939 1462
3940 1510
3941 1483
3942 1491
3943 1446
3944 1440
3945 1420
3946 1432
3947 1429
3948 1405
3949 1430
3950 1549
3951 1527
3952 1504
3953 1431
3954 1424
3955 1420
3956 1438
3957 1526
3958 1526
3959 1513
3960 1491
3961 1422
3962 1427
3963 1444
3964 1522
3965 1527
3966 1535
3967 1460
3968 1420
3969 1408
3970 1436
3971 1420
3972 1411
3973 1448
3974 1540
3975 1513
3976 1515
3977 1428
3978 1427
3979 1428
3980 1437
3981 1536
3982 1511
3983 1496
3984 1437
3985 1431
3986 1434
3987 1460
3988 1524
3989 1501
3990 1537
3991 1450
3992 1441
3993 1418
3994 1468
3995 1532
3996 1503
3997 1500
3998 1370
3999 1380
4000 1349
4001 1370
4002 1545
4003 1513
4004 1517
4005 1457
4006 1438
4007 1424
4008 1424
4009 1415
4010 1420
4011 1452
4012 1525
4013 1506
4014 1526
4015 1458
4016 1449
4017 1430
4018 1428
4019 1420
4020 1422
4021 1450
4022 1534
4023 1506
4024 1501
4025 1425
4026 1424
4027 1434
4028 1424
4029 1537
4030 1533
4031 1520
4032 1445
4033 1422
4034 1414
4035 1447
4036 1543
4037 1508
4038 1537
4039 1460
4040 1465
4041 1403
4042 1428
4043 1435
4044 1412
4045 1434
4046 1546
4047 1527
4048 1558
4049 1439
4050 1445
4051 1430
4052 1450
4053 1516
4054 1512
4055 1502
4056 1477
4057 1417
4058 1432
4059 1468
4060 1526
4061 1505
4062 1521
4063 1363
4064 1360
4065 1360
4066 1487
4067 1537
4068 1501
4069 1522
4070 1525
4071 1511
4072 1516
4073 1456
4074 1459
4075 1446
4076 1443
4077 1526
4078 1525
4079 1521
4080 1371
4081 1357
4082 1351
4083 1378
4084 1522
4085 1480
4086 1538
4087 1463
4088 1442
4089 1434
4090 1467
4091 1448
4092 1411
4093 1444
4094 1551
4095 1529
4096 1505
4097 1446
4098 1448
4099 1450
4100 1412
4101 1436
4102 1427
4103 1424
4104 1416
4105 1415
4106 1427
4107 1458
4108 1516
4109 1514
4110 1554
4111 1462
4112 1446
4113 1418
4114 1456
4115 1431
4116 1411
4117 1460
4118 1543
4119 1502
4120 1499
4121 1427
4122 1434
4123 1433
4124 1413
4125 1410
4126 1420
4127 1436
4128 1544
4129 1523
4130 1525
4131 1467
4132 1435
4133 1421
4134 1466
4135 1524
4136 1500
4137 1513
4138 1388
4139 1374
4140 1349
4141 1500
4142 1553
4143 1527
4144 1516
4145 1452
4146 1447
4147 1434
4148 1420
4149 1424
4150 1437
4151 1457
4152 1508
4153 1507
4154 1515
4155 1451
4156 1429
4157 1415
4158 1430
4159 1421
4160 1400
4161 1442
4162 1537
4163 1515
4164 1494
4165 1426
4166 1436
4167 1429
4168 1442
4169 1532
4170 1514
4171 1515
4172 1444
4173 1427
4174 1425
4175 1454
4176 1521
4177 1514
4178 1532
4179 1451
4180 1439
4181 1404
4182 1440
4183 1417
4184 1410
4185 1435
4186 1559
4187 1522
4188 1529
4189 1439
4190 1425
4191 1423
4192 1436
4193 1534
4194 1518
4195 1506
4196 1438
4197 1432
4198 1450
4199 1467
4200 1514
4201 1496
4202 1508
4203 1441
4204 1435
4205 1419
4206 1441
4207 1430
4208 1411
4209 1426
4210 1542
4211 1525
4212 1515
4213 1431
4214 1439
4215 1426
4216 1442
4217 1544
4218 1531
4219 1526
4220 1368
4221 1355
4222 1346
4223 1387
4224 1528
4225 1513
4226 1519
4227 1457
4228 1432
4229 1425
4230 1427
4231 1420
4232 1397
4233 1438
4234 1543
4235 1500
4236 1522
4237 1428
4238 1423
4239 1434
4240 1454
4241 1535
4242 1521
4243 1509
4244 1370
4245 1347
4246 1331
4247 1385
4248 1524
4249 1482
4250 1506
4251 1443
4252 1430
4253 1414
4254 1444
4255 1432
4256 1417
4257 1414
4258 1534
4259 1517
4260 1524
4261 1426
4262 1415
4263 1430
4264 1427
4265 1513
4266 1549
4267 1528
4268 1443
4269 1432
4270 1418
4271 1447
4272 1531
4273 1507
4274 1524
4275 1458
4276 1419
4277 1403
4278 1432
4279 1439
4280 1407
4281 1416
4282 1540
4283 1517
4284 1522
4285 1427
4286 1431
4287 1450
4288 1438
4289 1520
4290 1502
4291 1509
4292 1446
4293 1405
4294 1430
4295 1469
4296 1531
4297 1500
4298 1514
4299 1455
4300 1429
4301 1431
4302 1434
4303 1425
4304 1414
4305 1457
4306 1548
4307 1514
4308 1514
4309 1442
4310 1430
4311 1444
4312 1429
4313 1510
4314 1453
4315 1492
4316 1552
4317 1540
4318 1552
4319 1472
4320 1437
4321 1426
4322 1430
4323 1422
4324 1392
4325 1412
4326 1461
4327 1423
4328 1428
4329 1416
4330 1426
4331 1437
4332 1444
4333 1539
4334 1532
4335 1498
4336 1377
4337 1358
4338 1353
4339 1380
4340 1541
4341 1511
4342 1535
4343 1450
4344 1439
4345 1429
4346 1432
4347 1435
4348 1415
4349 1464
4350 1550
4351 1548
4352 1534
4353 1436
4354 1443
4355 1452
4356 1448
4357 1529
4358 1526
4359 1557
4360 1386
4361 1379
4362 1366
4363 1382
4364 1525
4365 1499
4366 1506
4367 1448
4368 1434
4369 1414
4370 1446
4371 1433
4372 1407
4373 1428
4374 1535
4375 1512
4376 1514
4377 1433
4378 1443
4379 1425
4380 1425
4381 1427
4382 1418
4383 1442
4384 1512
4385 1525
4386 1526
4387 1468
4388 1453
4389 1455
4390 1471
4391 1565
4392 1510
4393 1509
4394 1380
4395 1363
4396 1334
4397 1356
4398 1552
4399 1517
4400 1506
4401 1427
4402 1434
4403 1442
4404 1432
4405 1423
4406 1431
4407 1476
4408 1533
4409 1514
4410 1522
4411 1468
4412 1433
4413 1422
4414 1449
4415 1543
4416 1517
4417 1505
4418 1411
4419 1362
4420 1338
4421 1517
4422 1541
4423 1523
4424 1504
4425 1467
4426 1448
4427 1549
4428 1463
4429 1434
4430 1439
4431 1463
4432 1534
4433 1513
4434 1533
4435 1467
4436 1448
4437 1420
4438 1451
4439 1449
4440 1427
4441 1453
4442 1553
4443 1532
4444 1520
4445 1441
4446 1431
4447 1440
4448 1446
4449 1423
4450 1436
4451 1454
4452 1529
4453 1519
4454 1543
4455 1464
4456 1425
4457 1408
4458 1453
4459 1549
4460 1517
4461 1515
4462 1387
4463 1377
4464 1346
4465 1499
4466 1541
4467 1515
4468 1489
4469 1451
4470 1444
4471 1434
4472 1439
4473 1413
4474 1423
4475 1473
4476 1549
4477 1507
4478 1512
4479 1373
4480 1363
4481 1341
4482 1514
4483 1541
4484 1519
4485 1526
4486 1427
4487 1423
4488 1399
4489 1426
4490 1429
4491 1427
4492 1437
4493 1512
4494 1496
4495 1505
4496 1364
4497 1366
4498 1336
4499 1373
4500 1537
4501 1528
4502 1499
4503 1394
4504 1363
4505 1349
4506 1366
4507 1546
4508 1501
4509 1506
4510 1372
4511 1369
4512 1349
4513 1371
4514 1546
4515 1533
4516 1497
4517 1384
4518 1366
4519 1358
4520 1359
4521 1531
4522 1495
4523 1503
4524 1347
4525 1359
4526 1334
4527 1520
4528 1526
4529 1512
4530 1528
4531 1434
4532 1409
4533 1413
4534 1417
4535 1405
4536 1406
4537 1444
4538 1539
4539 1511
4540 1500
4541 1366
4542 1355
4543 1349
4544 1360
4545 1537
4546 1488
4547 1528
4548 1379
4549 1342
4550 1336
4551 1484
4552 1503
4553 1481
4554 1512
4555 1449
4556 1400
4557 1416
4558 1435
4559 1436
4560 1415
4561 1433
4562 1537
4563 1523
4564 1506
4565 1370
4566 1354
4567 1347
4568 1347
4569 1526
4570 1527
4571 1522
4572 1372
4573 1342
4574 1337
4575 1512
4576 1520
4577 1510
4578 1536
4579 1446
4580 1398
4581 1415
4582 1415
4583 1424
4584 1407
4585 1430
4586 1546
4587 1537
4588 1506
4589 1380
4590 1370
4591 1365
4592 1370
4593 1536
4594 1509
4595 1514
4596 1345
4597 1359
4598 1357
4599 1518
4600 1512
4601 1529
4602 1539
4603 1440
4604 1431
4605 1436
4606 1427
4607 1417
4608 1401
4609 1430
4610 1533
4611 1505
4612 1493
4613 1355
4614 1378
4615 1352
4616 1373
4617 1554
4618 1524
4619 1532
4620 1368
4621 1364
4622 1342
4623 1501
4624 1505
4625 1507
4626 1528
4627 1431
4628 1412
4629 1434
4630 1428
4631 1429
4632 1415
4633 1445
4634 1524
4635 1495
4636 1489
4637 1360
4638 1354
4639 1354
4640 1356
4641 1528
4642 1492
4643 1514
4644 1360
4645 1356
4646 1330
4647 1513
4648 1501
4649 1485
4650 1514
4651 1439
4652 1418
4653 1421
4654 1404
4655 1412
4656 1415
4657 1438
4658 1537
4659 1531
4660 1506
4661 1379
4662 1347
4663 1343
4664 1367
4665 1551
4666 1516
4667 1516
4668 1348
4669 1352
4670 1331
4671 1509
4672 1526
4673 1519
4674 1524
4675 1441
4676 1403
4677 1425
4678 1428
4679 1429
4680 1400
4681 1419
4682 1532
4683 1523
4684 1484
4685 1378
4686 1368
4687 1353
4688 1353
4689 1536
4690 1512
4691 1513
4692 1372
4693 1369
4694 1340
4695 1525
4696 1531
4697 1525
4698 1528
4699 1452
4700 1410
4701 1423
4702 1429
4703 1430
4704 1419
4705 1473
4706 1540
4707 1532
4708 1507
4709 1387
4710 1364
4711 1363
4712 1350
4713 1527
4714 1524
4715 1520
4716 1363
4717 1348
4718 1325
4719 1502
4720 1520
4721 1508
4722 1598
4723 1458
4724 1400
4725 1425
4726 1392
4727 1382
4728 1334
4729 1380
4730 1544
4731 1516
4732 1502
4733 1373
4734 1369
4735 1329
4736 1360
4737 1538
4738 1507
4739 1527
4740 1380
4741 1360
4742 1335
4743 1490
4744 1518
4745 1509
4746 1520
4747 1442
4748 1410
4749 1407
4750 1421
4751 1430
4752 1417
4753 1439
4754 1526
4755 1523
4756 1501
4757 1379
4758 1360
4759 1353
4760 1353
4761 1540
4762 1507
4763 1516
4764 1353
4765 1354
4766 1349
4767 1500
4768 1513
4769 1532
4770 1536
4771 1425
4772 1428
4773 1418
4774 1424
4775 1425
4776 1402
4777 1435
4778 1538
4779 1533
4780 1509
4781 1376
4782 1348
4783 1352
4784 1342
4785 1533
4786 1502
4787 1523
4788 1363
4789 1350
4790 1332
4791 1511
4792 1522
4793 1513
4794 1518
4795 1442
4796 1404
4797 1415
4798 1438
4799 1441
4800 1415
4801 1429
4802 1530
4803 1521
4804 1489
4805 1368
4806 1358
4807 1346
4808 1364
4809 1548
4810 1498
4811 1524
4812 1353
4813 1356
4814 1336
4815 1512
4816 1510
4817 1504
4818 1526
4819 1440
4820 1417
4821 1424
4822 1439
4823 1426
4824 1400
4825 1439
4826 1544
4827 1521
4828 1499
4829 1372
4830 1350
4831 1335
4832 1350
4833 1547
4834 1532
4835 1511
4836 1374
4837 1364
4838 1332
4839 1519
4840 1526
4841 1518
4842 1527
4843 1438
4844 1419
4845 1423
4846 1418
4847 1425
4848 1401
4849 1430
4850 1517
4851 1522
4852 1488
4853 1369
4854 1353
4855 1354
4856 1372
4857 1540
4858 1527
4859 1519
4860 1365
4861 1361
4862 1342
4863 1514
4864 1507
4865 1499
4866 1515
4867 1435
4868 1415
4869 1419
4870 1434
4871 1441
4872 1401
4873 1443
4874 1545
4875 1518
4876 1494
4877 1373
4878 1365
4879 1356
4880 1365
4881 1553
4882 1498
4883 1524
4884 1370
4885 1365
4886 1339
4887 1507
4888 1526
4889 1505
4890 1530
4891 1451
4892 1405
4893 1410
4894 1413
4895 1433
4896 1408
4897 1442
4898 1541
4899 1525
4900 1511
4901 1392
4902 1343
4903 1336
4904 1376
4905 1530
4906 1505
4907 1517
4908 1366
4909 1353
4910 1335
4911 1503
4912 1522
4913 1506
4914 1526
4915 1436
4916 1407
4917 1414
4918 1418
4919 1442
4920 1402
4921 1431
4922 1543
4923 1525
4924 1491
4925 1370
4926 1355
4927 1348
4928 1344
4929 1539
4930 1516
4931 1509
4932 1360
4933 1357
4934 1340
4935 1362
4936 1532
4937 1535
4938 1521
4939 1383
4940 1341
4941 1339
4942 1503
4943 1543
4944 1503
4945 1514
4946 1439
4947 1454
4948 1407
4949 1418
4950 1415
4951 1430
4952 1447
4953 1512
4954 1495
4955 1499
4956 1341
4957 1361
4958 1352
4959 1520
4960 1534
4961 1528
4962 1545
4963 1446
4964 1436
4965 1420
4966 1383
4967 1361
4968 1322
4969 1382
4970 1542
4971 1526
4972 1490
4973 1373
4974 1352
4975 1348
4976 1372
4977 1537
4978 1512
4979 1517
4980 1361
4981 1362
4982 1377
4983 1517
4984 1518
4985 1511
4986 1552
4987 1466
4988 1418
4989 1432
4990 1442
4991 1437
4992 1407
4993 1440
4994 1540
4995 1530
4996 1504
4997 1380
4998 1365
4999 1365
5000 1375
5001 1537
5002 1513
5003 1518
5004 1361
5005 1370
5006 1336
5007 1357
5008 1510
5009 1526
5010 1522
5011 1374
5012 1361
5013 1325
5014 1499
5015 1540
5016 1507
5017 1522
5018 1459
5019 1439
5020 1396
5021 1423
5022 1431
5023 1428
5024 1438
5025 1521
5026 1508
5027 1517
5028 1369
5029 1359
5030 1366
5031 1510
5032 1497
5033 1501
5034 1512
5035 1428
5036 1408
5037 1409
5038 1432
5039 1430
5040 1411
5041 1439
5042 1528
5043 1506
5044 1480
5045 1373
5046 1350
5047 1355
5048 1540
5049 1820
5050 1572
5051 1519
5052 1374
5053 1355
5054 1339
5055 1516
5056 1552
5057 1510
5058 1532
5059 1449
5060 1421
5061 1412
5062 1433
5063 1427
5064 1409
5065 1449
5066 1541
5067 1515
5068 1492
5069 1383
5070 1348
5071 1355
5072 1359
5073 1553
5074 1513
5075 1528
5076 1367
5077 1348
5078 1345
5079 1374
5080 1548
5081 1526
5082 1520
5083 1396
5084 1354
5085 1355
5086 1503
5087 1539
5088 1506
5089 1514
5090 1438
5091 1434
5092 1396
5093 1434
5094 1424
5095 1418
5096 1448
5097 1553
5098 1497
5099 1525
5100 1364
5101 1372
5102 1355
5103 1377
5104 1543
5105 1537
5106 1500
5107 1375
5108 1346
5109 1344
5110 1457
5111 1576
5112 1543
5113 1516
5114 1385
5115 1382
5116 1328
5117 1380
5118 1551
5119 1514
5120 1484
5121 1399
5122 1358
5123 1347
5124 1369
5125 1538
5126 1509
5127 1516
5128 1380
5129 1367
5130 1343
5131 1361
5132 1521
5133 1538
5134 1515
5135 1367
5136 1338
5137 1342
5138 1365
5139 1545
5140 1493
5141 1485
5142 1367
5143 1372
5144 1326
5145 1363
5146 1533
5147 1508
5148 1490
5149 1369
5150 1355
5151 1348
5152 1355
5153 1526
5154 1492
5155 1507
5156 1355
5157 1353
5158 1340
5159 1362
5160 1524
5161 1534
5162 1514
5163 1380
5164 1364
5165 1345
5166 1423
5167 1441
5168 1404
5169 1432
5170 1425
5171 1421
5172 1394
5173 1422
5174 1421
5175 1445
5176 1423
5177 1520
5178 1504
5179 1516
5180 1360
5181 1362
5182 1353
5183 1363
5184 1517
5185 1534
5186 1510
5187 1376
5188 1354
5189 1354
5190 1360
5191 1547
5192 1492
5193 1505
5194 1380
5195 1361
5196 1324
5197 1364
5198 1532
5199 1519
5200 1499
5201 1368
5202 1349
5203 1349
5204 1360
5205 1551
5206 1498
5207 1490
5208 1346
5209 1345
5210 1343
5211 1514
5212 1520
5213 1522
5214 1537
5215 1441
5216 1403
5217 1435
5218 1422
5219 1444
5220 1396
5221 1428
5222 1546
5223 1525
5224 1502
5225 1382
5226 1374
5227 1353
5228 1354
5229 1520
5230 1487
5231 1501
5232 1353
5233 1347
5234 1336
5235 1497
5236 1515
5237 1513
5238 1532
5239 1440
5240 1409
5241 1413
5242 1424
5243 1427
5244 1415
5245 1442
5246 1544
5247 1534
5248 1497
5249 1368
5250 1363
5251 1352
5252 1364
5253 1565
5254 1523
5255 1523
5256 1354
5257 1342
5258 1331
5259 1360
5260 1493
5261 1504
5262 1508
5263 1376
5264 1349
5265 1342
5266 1503
5267 1536
5268 1505
5269 1519
5270 1448
5271 1428
5272 1404
5273 1425
5274 1441
5275 1422
5276 1421
5277 1548
5278 1496
5279 1503
5280 1431
5281 1353
5282 1338
5283 1418
5284 1423
5285 1411
5286 1446
5287 1530
5288 1499
5289 1521
5290 1381
5291 1357
5292 1332
5293 1360
5294 1538
5295 1526
5296 1503
5297 1378
5298 1361
5299 1357
5300 1356
5301 1533
5302 1513
5303 1531
5304 1380
5305 1354
5306 1348
5307 1519
5308 1515
5309 1503
5310 1526
5311 1441
5312 1417
5313 1408
5314 1422
5315 1417
5316 1418
5317 1442
5318 1531
5319 1521
5320 1502
5321 1385
5322 1356
5323 1351
5324 1347
5325 1550
5326 1527
5327 1532
5328 1368
5329 1356
5330 1346
5331 1365
5332 1529
5333 1522
5334 1515
5335 1360
5336 1367
5337 1332
5338 1494
5339 1547
5340 1506
5341 1517
5342 1443
5343 1454
5344 1402
5345 1424
5346 1415
5347 1426
5348 1433
5349 1515
5350 1495
5351 1517
5352 1369
5353 1354
5354 1356
5355 1518
5356 1507
5357 1494
5358 1532
5359 1436
5360 1421
5361 1431
5362 1425
5363 1435
5364 1407
5365 1439
5366 1543
5367 1533
5368 1495
5369 1381
5370 1359
5371 1347
5372 1361
5373 1534
5374 1510
5375 1546
5376 1383
5377 1365
5378 1338
5379 1510
5380 1504
5381 1532
5382 1528
5383 1433
5384 1414
5385 1414
5386 1418
5387 1433
5388 1409
5389 1474
5390 1531
5391 1532
5392 1490
5393 1453
5394 1428
5395 1428
5396 1453
5397 1528
5398 1515
5399 1527
5400 1361
5401 1346
5402 1343
5403 1370
5404 1538
5405 1532
5406 1516
5407 1366
5408 1363
5409 1330
5410 1493
5411 1544
5412 1495
5413 1509
5414 1456
5415 1441
5416 1400
5417 1431
5418 1424
5419 1430
5420 1444
5421 1515
5422 1494
5423 1511
5424 1349
5425 1361
5426 1341
5427 1506
5428 1525
5429 1507
5430 1529
5431 1441
5432 1398
5433 1424
5434 1433
5435 1407
5436 1400
5437 1438
5438 1548
5439 1528
5440 1496
5441 1369
5442 1365
5443 1352
5444 1353
5445 1529
5446 1500
5447 1498
5448 1377
5449 1374
5450 1347
5451 1549
5452 1516
5453 1513
5454 1520
5455 1449
5456 1399
5457 1414
5458 1433
5459 1428
5460 1408
5461 1430
5462 1535
5463 1509
5464 1512
5465 1376
5466 1364
5467 1357
5468 1354
5469 1541
5470 1505
5471 1516
5472 1355
5473 1359
5474 1335
5475 1356
5476 1524
5477 1530
5478 1532
5479 1376
5480 1339
5481 1334
5482 1483
5483 1546
5484 1499
5485 1503
5486 1454
5487 1438
5488 1412
5489 1425
5490 1414
5491 1430
5492 1433
5493 1556
5494 1507
5495 1516
5496 1366
5497 1361
5498 1342
5499 1513
5500 1511
5501 1508
5502 1539
5503 1444
5504 1414
5505 1438
5506 1434
5507 1426
5508 1400
5509 1447
5510 1555
5511 1532
5512 1500
5513 1354
5514 1339
5515 1352
5516 1347
5517 1521
5518 1519
5519 1526
5520 1354
5521 1352
5522 1344
5523 1510
5524 1501
5525 1487
5526 1516
5527 1438
5528 1396
5529 1415
5530 1424
5531 1420
5532 1392
5533 1420
5534 1544
5535 1512
5536 1516
5537 1449
5538 1421
5539 1423
5540 1441
5541 1539
5542 1510
5543 1518
5544 1374
5545 1351
5546 1321
5547 1363
5548 1524
5549 1521
5550 1510
5551 1388
5552 1355
5553 1359
5554 1430
5555 1443
5556 1412
5557 1403
5558 1430
5559 1420
5560 1402
5561 1437
5562 1414
5563 1421
5564 1436
5565 1530
5566 1500
5567 1527
5568 1377
5569 1367
5570 1334
5571 1512
5572 1519
5573 1489
5574 1521
5575 1441
5576 1421
5577 1424
5578 1420
5579 1418
5580 1393
5581 1428
5582 1532
5583 1527
5584 1506
5585 1444
5586 1434
5587 1445
5588 1422
5589 1520
5590 1519
5591 1515
5592 1354
5593 1346
5594 1344
5595 1516
5596 1521
5597 1508
5598 1542
5599 1446
5600 1386
5601 1401
5602 1417
5603 1414
5604 1399
5605 1427
5606 1531
5607 1529
5608 1505
5609 1384
5610 1360
5611 1351
5612 1355
5613 1535
5614 1510
5615 1520
5616 1346
5617 1351
5618 1357
5619 1361
5620 1531
5621 1521
5622 1537
5623 1388
5624 1335
5625 1345
5626 1513
5627 1536
5628 1497
5629 1507
5630 1451
5631 1442
5632 1403
5633 1425
5634 1423
5635 1409
5636 1436
5637 1528
5638 1501
5639 1528
5640 1374
5641 1366
5642 1326
5643 1519
5644 1530
5645 1515
5646 1524
5647 1441
5648 1407
5649 1427
5650 1433
5651 1420
5652 1399
5653 1424
5654 1552
5655 1535
5656 1502
5657 1371
5658 1358
5659 1358
5660 1365
5661 1534
5662 1506
5663 1515
5664 1356
5665 1363
5666 1333
5667 1515
5668 1514
5669 1502
5670 1522
5671 1446
5672 1413
5673 1426
5674 1423
5675 1424
5676 1408
5677 1462
5678 1534
5679 1534
5680 1508
5681 1389
5682 1356
5683 1347
5684 1371
5685 1530
5686 1508
5687 1511
5688 1360
5689 1355
5690 1328
5691 1373
5692 1542
5693 1528
5694 1511
5695 1386
5696 1345
5697 1341
5698 1509
5699 1535
5700 1510
5701 1508
5702 1443
5703 1448
5704 1400
5705 1425
5706 1428
5707 1442
5708 1428
5709 1537
5710 1526
5711 1523
5712 1379
5713 1363
5714 1338
5715 1513
5716 1628
5717 1573
5718 1560
5719 1428
5720 1415
5721 1424
5722 1544
5723 1473
5724 1442
5725 1550
5726 1549
5727 1509
5728 1524
5729 1465
5730 1467
5731 1407
5732 1414
5733 1420
5734 1426
5735 1465
5736 1532
5737 1519
5738 1530
5739 1386
5740 1368
5741 1361
5742 1364
5743 1526
5744 1537
5745 1523
5746 1366
5747 1353
5748 1333
5749 1503
5750 1546
5751 1490
5752 1524
5753 1436
5754 1417
5755 1391
5756 1439
5757 1413
5758 1427
5759 1439
5760 1532
5761 1510
5762 1517
5763 1365
5764 1355
5765 1346
5766 1353
5767 1511
5768 1530
5769 1508
5770 1378
5771 1369
5772 1351
5773 1364
5774 1534
5775 1493
5776 1508
5777 1453
5778 1437
5779 1391
5780 1457
5781 1551
5782 1504
5783 1491
5784 1377
5785 1360
5786 1345
5787 1345
5788 1517
5789 1516
5790 1503
5791 1380
5792 1417
5793 1414
5794 1382
5795 1549
5796 1539
5797 1517
5798 1393
5799 1351
5800 1347
5801 1373
5802 1549
5803 1484
5804 1520
5805 1385
5806 1374
5807 1349
5808 1367
5809 1552
5810 1527
5811 1495
5812 1378
5813 1355
5814 1356
5815 1351
5816 1541
5817 1515
5818 1512
5819 1357
5820 1352
5821 1341
5822 1503
5823 1509
5824 1498
5825 1518
5826 1442
5827 1405
5828 1423
5829 1426
5830 1426
5831 1405
5832 1423
5833 1527
5834 1525
5835 1482
5836 1369
5837 1370
5838 1346
5839 1361
5840 1531
5841 1513
5842 1520
5843 1355
5844 1345
5845 1336
5846 1501
5847 1506
5848 1489
5849 1524
5850 1451
5851 1417
5852 1422
5853 1414
5854 1418
5855 1394
5856 1434
5857 1517
5858 1516
5859 1491
5860 1363
5861 1356
5862 1373
5863 1353
5864 1541
5865 1520
5866 1536
5867 1439
5868 1419
5869 1401
5870 1439
5871 1518
5872 1523
5873 1522
5874 1386
5875 1356
5876 1338
5877 1501
5878 1530
5879 1488
5880 1503
5881 1445
5882 1433
5883 1390
5884 1439
5885 1417
5886 1440
5887 1449
5888 1517
5889 1507
5890 1510
5891 1354
5892 1376
5893 1360
5894 1379
5895 1526
5896 1525
5897 1529
5898 1373
5899 1361
5900 1347
5901 1359
5902 1538
5903 1504
5904 1503
5905 1373
5906 1357
5907 1314
5908 1379
5909 1538
5910 1519
5911 1488
5912 1368
5913 1332
5914 1345
5915 1360
5916 1538
5917 1504
5918 1518
5919 1358
5920 1359
5921 1341
5922 1374
5923 1513
5924 1525
5925 1525
5926 1374
5927 1344
5928 1354
5929 1503
5930 1531
5931 1524
5932 1503
5933 1448
5934 1433
5935 1397
5936 1423
5937 1406
5938 1418
5939 1441
5940 1527
5941 1507
5942 1542
5943 1358
5944 1356
5945 1332
5946 1359
5947 1525
5948 1525
5949 1501
5950 1377
5951 1350
5952 1342
5953 1361
5954 1538
5955 1499
5956 1506
5957 1375
5958 1366
5959 1315
5960 1348
5961 1542
5962 1510
5963 1489
5964 1366
5965 1352
5966 1342
5967 1352
5968 1529
5969 1498
5970 1521
5971 1375
5972 1376
5973 1341
5974 1358
5975 1518
5976 1526
5977 1501
5978 1384
5979 1360
5980 1343
5981 1355
5982 1543
5983 1508
5984 1523
5985 1375
5986 1357
5987 1332
5988 1371
5989 1545
5990 1515
5991 1484
5992 1376
5993 1366
5994 1342
5995 1352
5996 1548
5997 1513
5998 1512
5999 1362
6000 1360
6001 1365
6002 1370
6003 1533
6004 1537
6005 1521
6006 1370
6007 1348
6008 1359
6009 1372
6010 1551
6011 1501
6012 1507
6013 1362
6014 1363
6015 1327
6016 1367
6017 1522
6018 1524
6019 1490
6020 1356
6021 1357
6022 1353
6023 1359
6024 1525
6025 1495
6026 1519
6027 1364
6028 1348
6029 1353
6030 1369
6031 1522
6032 1518
6033 1508
6034 1378
6035 1337
6036 1328
6037 1487
6038 1524
6039 1487
6040 1485
6041 1428
6042 1418
6043 1400
6044 1411
6045 1411
6046 1408
6047 1433
6048 1531
6049 1532
6050 1524
6051 1365
6052 1372
6053 1347
6054 1365
6055 1512
6056 1553
6057 1497
6058 1462
6059 1356
6060 1333
6061 1353
6062 1560
6063 1485
6064 1497
6065 1464
6066 1441
6067 1402
6068 1444
6069 1536
6070 1549
6071 1502
6072 1375
6073 1363
6074 1362
6075 1362
6076 1538
6077 1497
6078 1527
6079 1374
6080 1372
6081 1341
6082 1359
6083 1513
6084 1517
6085 1518
6086 1377
6087 1333
6088 1335
6089 1359
6090 1538
6091 1502
6092 1507
6093 1367
6094 1371
6095 1337
6096 1360
6097 1530
6098 1528
6099 1491
6100 1373
6101 1375
6102 1346
6103 1361
6104 1540
6105 1506
6106 1522
6107 1367
6108 1358
6109 1347
6110 1523
6111 1531
6112 1511
6113 1529
6114 1432
6115 1406
6116 1409
6117 1426
6118 1428
6119 1425
6120 1434
6121 1541
6122 1532
6123 1503
6124 1369
6125 1360
6126 1361
6127 1361
6128 1527
6129 1503
6130 1509
6131 1365
6132 1353
6133 1345
6134 1550
6135 1524
6136 1513
6137 1544
6138 1438
6139 1416
6140 1417
6141 1430
6142 1442
6143 1411
6144 1433
6145 1533
6146 1517
6147 1506
6148 1373
6149 1351
6150 1357
6151 1362
6152 1534
6153 1488
6154 1523
6155 1457
6156 1420
6157 1393
6158 1433
6159 1511
6160 1534
6161 1521
6162 1377
6163 1349
6164 1335
6165 1490
6166 1533
6167 1490
6168 1511
6169 1448
6170 1454
6171 1406
6172 1416
6173 1425
6174 1438
6175 1416
6176 1540
6177 1523
6178 1533
6179 1360
6180 1351
6181 1339
6182 1513
6183 1514
6184 1517
6185 1528
6186 1432
6187 1404
6188 1422
6189 1422
6190 1414
6191 1409
6192 1446
6193 1529
6194 1529
6195 1514
6196 1374
6197 1351
6198 1374
6199 1361
6200 1560
6201 1508
6202 1523
6203 1379
6204 1360
6205 1348
6206 1498
6207 1510
6208 1517
6209 1543
6210 1443
6211 1407
6212 1437
6213 1419
6214 1415
6215 1403
6216 1428
6217 1530
6218 1517
6219 1504
6220 1388
6221 1360
6222 1353
6223 1363
6224 1535
6225 1511
6226 1517
6227 1371
6228 1351
6229 1329
6230 1504
6231 1529
6232 1513
6233 1527
6234 1435
6235 1402
6236 1420
6237 1425
6238 1429
6239 1400
6240 1426
6241 1527
6242 1524
6243 1497
6244 1369
6245 1350
6246 1350
6247 1363
6248 1546
6249 1522
6250 1518
6251 1361
6252 1362
6253 1339
6254 1507
6255 1522
6256 1512
6257 1524
6258 1426
6259 1401
6260 1423
6261 1430
6262 1445
6263 1416
6264 1429
6265 1532
6266 1524
6267 1492
6268 1373
6269 1348
6270 1349
6271 1371
6272 1540
6273 1513
6274 1531
6275 1370
6276 1366
6277 1349
6278 1524
6279 1495
6280 1493
6281 1528
6282 1417
6283 1440
6284 1424
6285 1416
6286 1413
6287 1413
6288 1429
6289 1538
6290 1537
6291 1502
6292 1382
6293 1371
6294 1346
6295 1357
6296 1519
6297 1522
6298 1535
6299 1432
6300 1423
6301 1411
6302 1440
6303 1538
6304 1526
6305 1518
6306 1373
6307 1338
6308 1334
6309 1499
6310 1533
6311 1505
6312 1504
6313 1451
6314 1431
6315 1398
6316 1418
6317 1415
6318 1428
6319 1437
6320 1525
6321 1518
6322 1528
6323 1366
6324 1337
6325 1324
6326 1526
6327 1523
6328 1493
6329 1518
6330 1458
6331 1416
6332 1413
6333 1418
6334 1423
6335 1386
6336 1430
6337 1526
6338 1510
6339 1491
6340 1384
6341 1362
6342 1364
6343 1363
6344 1531
6345 1499
6346 1511
6347 1380
6348 1351
6349 1345
6350 1529
6351 1509
6352 1502
6353 1532
6354 1447
6355 1414
6356 1441
6357 1418
6358 1424
6359 1406
6360 1442
6361 1526
6362 1520
6363 1504
6364 1369
6365 1361
6366 1365
6367 1366
6368 1539
6369 1508
6370 1521
6371 1419
6372 1421
6373 1411
6374 1445
6375 1536
6376 1513
6377 1508
6378 1381
6379 1346
6380 1338
6381 1494
6382 1528
6383 1519
6384 1517
6385 1440
6386 1428
6387 1399
6388 1427
6389 1487
6390 1439
6391 1436
6392 1565
6393 1514
6394 1525
6395 1366
6396 1362
6397 1355
6398 1510
6399 1530
6400 1519
6401 1536
6402 1441
6403 1409
6404 1410
6405 1423
6406 1429
6407 1403
6408 1422
6409 1539
6410 1521
6411 1501
6412 1387
6413 1356
6414 1355
6415 1349
6416 1534
6417 1509
6418 1501
6419 1364
6420 1356
6421 1350
6422 1501
6423 1510
6424 1497
6425 1526
6426 1429
6427 1416
6428 1422
6429 1422
6430 1431
6431 1407
6432 1436
6433 1528
6434 1505
6435 1481
6436 1364
6437 1353
6438 1345
6439 1351
6440 1539
6441 1520
6442 1525
6443 1360
6444 1345
6445 1332
6446 1372
6447 1539
6448 1532
6449 1521
6450 1377
6451 1344
6452 1332
6453 1504
6454 1529
6455 1486
6456 1505
6457 1426
6458 1438
6459 1408
6460 1432
6461 1419
6462 1416
6463 1423
6464 1534
6465 1503
6466 1519
6467 1369
6468 1337
6469 1335
6470 1519
6471 1533
6472 1519
6473 1518
6474 1435
6475 1509
6476 1444
6477 1402
6478 1371
6479 1338
6480 1378
6481 1542
6482 1537
6483 1507
6484 1376
6485 1364
6486 1379
6487 1352
6488 1541
6489 1500
6490 1520
6491 1365
6492 1343
6493 1344
6494 1509
6495 1526
6496 1509
6497 1532
6498 1456
6499 1394
6500 1414
6501 1405
6502 1413
6503 1407
6504 1421
6505 1532
6506 1520
6507 1506
6508 1362
6509 1353
6510 1365
6511 1353
6512 1533
6513 1505
6514 1518
6515 1370
6516 1348
6517 1337
6518 1373
6519 1521
6520 1521
6521 1515
6522 1370
6523 1344
6524 1327
6525 1498
6526 1533
6527 1490
6528 1501
6529 1456
6530 1450
6531 1415
6532 1420
6533 1420
6534 1435
6535 1426
6536 1524
6537 1495
6538 1515
6539 1373
6540 1358
6541 1332
6542 1500
6543 1516
6544 1514
6545 1542
6546 1429
6547 1424
6548 1425
6549 1431
6550 1431
6551 1419
6552 1444
6553 1527
6554 1516
6555 1514
6556 1367
6557 1355
6558 1352
6559 1358
6560 1539
6561 1510
6562 1511
6563 1358
6564 1354
6565 1344
6566 1513
6567 1498
6568 1484
6569 1506
6570 1452
6571 1406
6572 1421
6573 1418
6574 1416
6575 1394
6576 1422
6577 1521
6578 1523
6579 1490
6580 1367
6581 1346
6582 1366
6583 1365
6584 1554
6585 1503
6586 1522
6587 1374
6588 1356
6589 1333
6590 1506
6591 1522
6592 1512
6593 1532
6594 1440
6595 1408
6596 1419
6597 1413
6598 1434
6599 1409
6600 1444
6601 1541
6602 1519
6603 1520
6604 1373
6605 1358
6606 1353
6607 1348
6608 1530
6609 1492
6610 1515
6611 1356
6612 1361
6613 1320
6614 1504
6615 1521
6616 1506
6617 1522
6618 1438
6619 1407
6620 1427
6621 1428
6622 1439
6623 1421
6624 1441
6625 1548
6626 1523
6627 1515
6628 1384
6629 1345
6630 1341
6631 1357
6632 1532
6633 1500
6634 1520
6635 1354
6636 1356
6637 1327
6638 1513
6639 1526
6640 1506
6641 1539
6642 1440
6643 1401
6644 1407
6645 1422
6646 1413
6647 1400
6648 1448
6649 1540
6650 1536
6651 1488
6652 1373
6653 1355
6654 1348
6655 1369
6656 1540
6657 1506
6658 1518
6659 1366
6660 1351
6661 1347
6662 1514
6663 1526
6664 1505
6665 1521
6666 1438
6667 1411
6668 1399
6669 1438
6670 1427
6671 1413
6672 1440
6673 1531
6674 1523
6675 1500
6676 1376
6677 1362
6678 1362
6679 1349
6680 1525
6681 1493
6682 1509
6683 1371
6684 1359
6685 1338
6686 1516
6687 1530
6688 1502
6689 1527
6690 1427
6691 1415
6692 1433
6693 1430
6694 1447
6695 1411
6696 1443
6697 1543
6698 1515
6699 1499
6700 1384
6701 1369
6702 1347
6703 1345
6704 1517
6705 1500
6706 1492
6707 1355
6708 1354
6709 1323
6710 1517
6711 1516
6712 1520
6713 1537
6714 1449
6715 1604
6716 1851
6717 1469
6718 1433
6719 1410
6720 1440
6721 1434
6722 1503
6723 1437
6724 1427
6725 1419
6726 1437
6727 1425
6728 1545
6729 1504
6730 1501
6731 1377
6732 1374
6733 1348
6734 1448
6735 1425
6736 1416
6737 1452
6738 1550
6739 1496
6740 1501
6741 1357
6742 1362
6743 1326
6744 1359
6745 1547
6746 1518
6747 1499
6748 1386
6749 1363
6750 1372
6751 1373
6752 1526
6753 1494
6754 1507
6755 1366
6756 1377
6757 1334
6758 1512
6759 1524
6760 1514
6761 1516
6762 1451
6763 1423
6764 1416
6765 1428
6766 1427
6767 1415
6768 1434
6769 1545
6770 1519
6771 1496
6772 1374
6773 1362
6774 1347
6775 1375
6776 1549
6777 1523
6778 1534
6779 1352
6780 1367
6781 1343
6782 1514
6783 1500
6784 1498
6785 1523
6786 1449
6787 1407
6788 1437
6789 1419
6790 1440
6791 1422
6792 1429
6793 1542
6794 1520
6795 1501
6796 1382
6797 1355
6798 1346
6799 1347
6800 1553
6801 1514
6802 1508
6803 1362
6804 1351
6805 1340
6806 1512
6807 1524
6808 1506
6809 1519
6810 1444
6811 1417
6812 1412
6813 1421
6814 1413
6815 1402
6816 1451
6817 1572
6818 1544
6819 1524
6820 1383
6821 1375
6822 1344
6823 1349
6824 1527
6825 1515
6826 1523
6827 1367
6828 1378
6829 1354
6830 1523
6831 1522
6832 1518
6833 1534
6834 1450
6835 1405
6836 1429
6837 1437
6838 1435
6839 1407
6840 1427
6841 1535
6842 1523
6843 1497
6844 1385
6845 1360
6846 1353
6847 1358
6848 1529
6849 1488
6850 1514
6851 1367
6852 1359
6853 1340
6854 1514
6855 1517
6856 1492
6857 1527
6858 1438
6859 1425
6860 1423
6861 1428
6862 1424
6863 1420
6864 1457
6865 1529
6866 1503
6867 1499
6868 1356
6869 1339
6870 1350
6871 1359
6872 1539
6873 1532
6874 1524
6875 1361
6876 1374
6877 1354
6878 1500
6879 1535
6880 1519
6881 1520
6882 1443
6883 1405
6884 1430
6885 1422
6886 1431
6887 1400
6888 1452
6889 1526
6890 1521
6891 1497
6892 1371
6893 1370
6894 1376
6895 1355
6896 1547
6897 1510
6898 1516
6899 1367
6900 1357
6901 1337
6902 1533
6903 1514
6904 1520
6905 1537
6906 1441
6907 1414
6908 1411
6909 1437
6910 1429
6911 1397
6912 1432
6913 1517
6914 1526
6915 1508
6916 1377
6917 1361
6918 1350
6919 1346
6920 1531
6921 1502
6922 1510
6923 1360
6924 1372
6925 1354
6926 1523
6927 1515
6928 1506
6929 1517
6930 1444
6931 1407
6932 1416
6933 1428
6934 1432
6935 1395
6936 1426
6937 1519
6938 1515
6939 1489
6940 1367
6941 1357
6942 1361
6943 1365
6944 1534
6945 1503
6946 1524
6947 1373
6948 1357
6949 1350
6950 1521
6951 1509
6952 1510
6953 1526
6954 1447
6955 1397
6956 1431
6957 1412
6958 1430
6959 1395
6960 1437
6961 1541
6962 1515
6963 1495
6964 1374
6965 1364
6966 1379
6967 1351
6968 1542
6969 1493
6970 1514
6971 1390
6972 1352
6973 1330
6974 1514
6975 1529
6976 1505
6977 1523
6978 1428
6979 1412
6980 1428
6981 1423
6982 1431
6983 1412
6984 1440
6985 1534
6986 1519
6987 1522
6988 1376
6989 1354
6990 1360
6991 1370
6992 1531
6993 1519
6994 1520
6995 1357
6996 1356
6997 1342
6998 1516
6999 1508
7000 1500
7001 1527
7002 1443
7003 1407
7004 1414
7005 1412
7006 1439
7007 1395
7008 1429
7009 1541
7010 1537
7011 1503
7012 1374
7013 1349
7014 1374
7015 1372
7016 1545
7017 1513
7018 1517
7019 1349
7020 1375
7021 1333
7022 1518
7023 1518
7024 1483
7025 1521
7026 1440
7027 1410
7028 1423
7029 1416
7030 1437
7031 1404
7032 1443
7033 1535
7034 1527
7035 1478
7036 1366
7037 1358
7038 1358
7039 1362
7040 1540
7041 1556
7042 1524
7043 1381
7044 1362
7045 1329
7046 1486
7047 1513
7048 1513
7049 1535
7050 1430
7051 1416
7052 1419
7053 1432
7054 1442
7055 1410
7056 1471
7057 1527
7058 1526
7059 1503
7060 1385
7061 1372
7062 1349
7063 1335
7064 1539
7065 1511
7066 1514
7067 1380
7068 1365
7069 1351
7070 1508
7071 1509
7072 1517
7073 1518
7074 1449
7075 1419
7076 1407
7077 1425
7078 1434
7079 1395
7080 1434
7081 1526
7082 1523
7083 1484
7084 1362
7085 1357
7086 1346
7087 1356
7088 1544
7089 1510
7090 1509
7091 1361
7092 1342
7093 1323
7094 1360
7095 1528
7096 1530
7097 1510
7098 1377
7099 1342
7100 1335
7101 1486
7102 1526
7103 1478
7104 1491
7105 1459
7106 1451
7107 1400
7108 1433
7109 1432
7110 1455
7111 1447
7112 1534
7113 1511
7114 1522
7115 1372
7116 1368
7117 1349
7118 1524
7119 1515
7120 1506
7121 1533
7122 1443
7123 1414
7124 1427
7125 1429
7126 1424
7127 1409
7128 1433
7129 1532
7130 1529
7131 1501
7132 1377
7133 1356
7134 1349
7135 1336
7136 1532
7137 1524
7138 1519
7139 1374
7140 1360
7141 1351
7142 1531
7143 1535
7144 1519
7145 1538
7146 1426
7147 1417
7148 1408
7149 1437
7150 1428
7151 1408
7152 1428
7153 1515
7154 1531
7155 1515
7156 1383
7157 1338
7158 1446
7159 1383
7160 1552
7161 1514
7162 1515
7163 1356
7164 1360
7165 1324
7166 1370
7167 1527
7168 1517
7169 1529
7170 1377
7171 1340
7172 1339
7173 1508
7174 1544
7175 1494
7176 1505
7177 1454
7178 1432
7179 1425
7180 1415
7181 1425
7182 1411
7183 1432
7184 1528
7185 1498
7186 1520
7187 1356
7188 1370
7189 1341
7190 1530
7191 1515
7192 1526
7193 1531
7194 1439
7195 1416
7196 1399
7197 1421
7198 1420
7199 1395
7200 1434
7201 1534
7202 1525
7203 1502
7204 1373
7205 1364
7206 1354
7207 1357
7208 1547
7209 1509
7210 1530
7211 1358
7212 1358
7213 1339
7214 1525
7215 1518
7216 1503
7217 1529
7218 1444
7219 1405
7220 1402
7221 1419
7222 1426
7223 1396
7224 1424
7225 1542
7226 1550
7227 1500
7228 1375
7229 1367
7230 1359
7231 1362
7232 1554
7233 1517
7234 1518
7235 1355
7236 1362
7237 1335
7238 1367
7239 1536
7240 1538
7241 1519
7242 1505
7243 1331
7244 1345
7245 1442
7246 1424
7247 1406
7248 1434
7249 1436
7250 1423
7251 1408
7252 1442
7253 1410
7254 1419
7255 1430
7256 1526
7257 1498
7258 1523
7259 1371
7260 1348
7261 1334
7262 1506
7263 1511
7264 1504
7265 1525
7266 1449
7267 1411
7268 1411
7269 1426
7270 1418
7271 1399
7272 1425
7273 1542
7274 1519
7275 1498
7276 1446
7277 1348
7278 1339
7279 1367
7280 1543
7281 1510
7282 1522
7283 1376
7284 1351
7285 1329
7286 1499
7287 1508
7288 1490
7289 1517
7290 1435
7291 1400
7292 1419
7293 1422
7294 1416
7295 1414
7296 1456
7297 1552
7298 1527
7299 1496
7300 1369
7301 1355
7302 1348
7303 1355
7304 1538
7305 1503
7306 1514
7307 1372
7308 1358
7309 1327
7310 1359
7311 1513
7312 1517
7313 1501
7314 1374
7315 1349
7316 1348
7317 1492
7318 1537
7319 1474
7320 1491
7321 1441
7322 1439
7323 1401
7324 1404
7325 1403
7326 1410
7327 1423
7328 1535
7329 1497
7330 1520
7331 1368
7332 1367
7333 1334
7334 1497
7335 1513
7336 1525
7337 1523
7338 1449
7339 1416
7340 1411
7341 1428
7342 1417
7343 1404
7344 1435
7345 1540
7346 1517
7347 1503
7348 1390
7349 1354
7350 1339
7351 1362
7352 1527
7353 1517
7354 1525
7355 1368
7356 1356
7357 1321
7358 1513
7359 1520
7360 1502
7361 1534
7362 1439
7363 1405
7364 1428
7365 1435
7366 1417
7367 1405
7368 1446
7369 1539
7370 1526
7371 1519
7372 1382
7373 1352
7374 1351
7375 1360
7376 1549
7377 1502
7378 1519
7379 1376
7380 1360
7381 1344
7382 1362
7383 1544
7384 1542
7385 1520
7386 1382
7387 1353
7388 1346
7389 1604
7390 1580
7391 1526
7392 1533
7393 1545
7394 1515
7395 1517
7396 1473
7397 1441
7398 1419
7399 1491
7400 1530
7401 1523
7402 1511
7403 1461
7404 1443
7405 1437
7406 1453
7407 1521
7408 1504
7409 1522
7410 1360
7411 1352
7412 1337
7413 1485
7414 1519
7415 1521
7416 1534
7417 1435
7418 1412
7419 1416
7420 1412
7421 1418
7422 1413
7423 1432
7424 1530
7425 1522
7426 1490
7427 1386
7428 1367
7429 1351
7430 1353
7431 1528
7432 1511
7433 1504
7434 1358
7435 1354
7436 1331
7437 1515
7438 1516
7439 1496
7440 1517
7441 1433
7442 1400
7443 1408
7444 1416
7445 1417
7446 1397
7447 1433
7448 1535
7449 1521
7450 1497
7451 1378
7452 1361
7453 1353
7454 1360
7455 1554
7456 1529
7457 1516
7458 1367
7459 1360
7460 1344
7461 1509
7462 1520
7463 1515
7464 1520
7465 1445
7466 1411
7467 1414
7468 1418
7469 1415
7470 1396
7471 1422
7472 1531
7473 1533
7474 1494
7475 1379
7476 1376
7477 1341
7478 1361
7479 1539
7480 1495
7481 1509
7482 1347
7483 1362
7484 1332
7485 1511
7486 1522
7487 1501
7488 1529
7489 1422
7490 1392
7491 1421
7492 1408
7493 1421
7494 1419
7495 1439
7496 1535
7497 1515
7498 1497
7499 1437
7500 1371
7501 1364
7502 1357
7503 1540
7504 1527
7505 1526
7506 1366
7507 1355
7508 1338
7509 1522
7510 1524
7511 1505
7512 1526
7513 1417
7514 1400
7515 1421
7516 1435
7517 1429
7518 1422
7519 1437
7520 1547
7521 1543
7522 1501
7523 1377
7524 1329
7525 1347
7526 1495
7527 1500
7528 1505
7529 1511
7530 1486
7531 1501
7532 1487
7533 1462
7534 1436
7535 1417
7536 1450
7537 1538
7538 1495
7539 1505
7540 1391
7541 1358
7542 1350
7543 1359
7544 1523
7545 1510
7546 1491
7547 1454
7548 1358
7549 1358
7550 1375
7551 1545
7552 1503
7553 1521
7554 1367
7555 1363
7556 1350
7557 1508
7558 1515
7559 1493
7560 1540
7561 1432
7562 1395
7563 1425
7564 1415
7565 1416
7566 1410
7567 1435
7568 1536
7569 1500
7570 1496
7571 1383
7572 1355
7573 1363
7574 1349
7575 1539
7576 1517
7577 1514
7578 1369
7579 1347
7580 1350
7581 1504
7582 1504
7583 1508
7584 1525
7585 1439
7586 1412
7587 1406
7588 1427
7589 1436
7590 1426
7591 1460
7592 1543
7593 1531
7594 1500
7595 1390
7596 1352
7597 1345
7598 1356
7599 1546
7600 1512
7601 1516
7602 1360
7603 1353
7604 1330
7605 1359
7606 1516
7607 1509
7608 1515
7609 1383
7610 1355
7611 1354
7612 1507
7613 1539
7614 1511
7615 1508
7616 1436
7617 1447
7618 1388
7619 1422
7620 1423
7621 1427
7622 1434
7623 1527
7624 1489
7625 1514
7626 1358
7627 1378
7628 1338
7629 1516
7630 1529
7631 1521
7632 1525
7633 1448
7634 1424
7635 1407
7636 1432
7637 1427
7638 1417
7639 1437
7640 1523
7641 1493
7642 1487
7643 1366
7644 1361
7645 1359
7646 1353
7647 1532
7648 1501
7649 1505
7650 1360
7651 1365
7652 1344
7653 1521
7654 1509
7655 1519
7656 1526
7657 1436
7658 1421
7659 1429
7660 1417
7661 1423
7662 1412
7663 1429
7664 1536
7665 1528
7666 1487
7667 1393
7668 1347
7669 1354
7670 1347
7671 1552
7672 1522
7673 1525
7674 1375
7675 1358
7676 1324
7677 1358
7678 1503
7679 1499
7680 1496
7681 1371
7682 1351
7683 1339
7684 1511
7685 1540
7686 1500
7687 1519
7688 1450
7689 1439
7690 1411
7691 1405
7692 1410
7693 1417
7694 1427
7695 1534
7696 1503
7697 1538
7698 1377
7699 1342
7700 1331
7701 1516
7702 1513
7703 1501
7704 1534
7705 1448
7706 1413
7707 1414
7708 1430
7709 1438
7710 1401
7711 1441
7712 1546
7713 1522
7714 1497
7715 1419
7716 1380
7717 1352
7718 1374
7719 1546
7720 1508
7721 1522
7722 1419
7723 1378
7724 1342
7725 1434
7726 1438
7727 1424
7728 1445
7729 1530
7730 1502
7731 1506
7732 1373
7733 1356
7734 1358
7735 1356
7736 1537
7737 1511
7738 1481
7739 1374
7740 1356
7741 1349
7742 1363
7743 1551
7744 1532
7745 1523
7746 1370
7747 1342
7748 1345
7749 1356
7750 1491
7751 1521
7752 1500
7753 1382
7754 1355
7755 1348
7756 1501
7757 1531
7758 1500
7759 1513
7760 1446
7761 1436
7762 1399
7763 1416
7764 1421
7765 1425
7766 1426
7767 1540
7768 1501
7769 1519
7770 1368
7771 1359
7772 1351
7773 1491
7774 1509
7775 1497
7776 1520
7777 1438
7778 1420
7779 1428
7780 1439
7781 1432
7782 1412
7783 1441
7784 1550
7785 1551
7786 1499
7787 1391
7788 1362
7789 1358
7790 1368
7791 1527
7792 1513
7793 1517
7794 1371
7795 1350
7796 1336
7797 1521
7798 1528
7799 1506
7800 1540
7801 1445
7802 1419
7803 1511
7804 1449
7805 1432
7806 1417
7807 1462
7808 1552
7809 1524
7810 1497
7811 1376
7812 1361
7813 1339
7814 1369
7815 1545
7816 1516
7817 1524
7818 1376
7819 1382
7820 1337
7821 1375
7822 1537
7823 1518
7824 1489
7825 1373
7826 1357
7827 1338
7828 1503
7829 1533
7830 1500
7831 1501
7832 1452
7833 1439
7834 1399
7835 1414
7836 1399
7837 1448
7838 1430
7839 1541
7840 1581
7841 1610
7842 1404
7843 1372
7844 1354
7845 1438
7846 1418
7847 1432
7848 1445
7849 1550
7850 1513
7851 1512
7852 1398
7853 1371
7854 1365
7855 1377
7856 1537
7857 1504
7858 1488
7859 1460
7860 1459
7861 1433
7862 1442
7863 1539
7864 1520
7865 1526
7866 1373
7867 1360
7868 1340
7869 1518
7870 1524
7871 1521
7872 1535
7873 1449
7874 1423
7875 1442
7876 1422
7877 1431
7878 1393
7879 1441
7880 1544
7881 1540
7882 1519
7883 1389
7884 1356
7885 1353
7886 1358
7887 1576
7888 1533
7889 1556
7890 1455
7891 1426
7892 1426
7893 1446
7894 1556
7895 1529
7896 1536
7897 1380
7898 1359
7899 1339
7900 1501
7901 1531
7902 1495
7903 1523
7904 1451
7905 1468
7906 1405
7907 1419
7908 1425
7909 1421
7910 1436
7911 1536
7912 1509
7913 1505
7914 1357
7915 1359
7916 1342
7917 1516
7918 1526
7919 1506
7920 1532
7921 1445
7922 1408
7923 1430
7924 1418
7925 1437
7926 1439
7927 1452
7928 1538
7929 1514
7930 1478
7931 1371
7932 1352
7933 1355
7934 1366
7935 1525
7936 1506
7937 1528
7938 1366
7939 1368
7940 1347
7941 1510
7942 1507
7943 1502
7944 1534
7945 1417
7946 1408
7947 1427
7948 1432
7949 1438
7950 1411
7951 1431
7952 1527
7953 1518
7954 1506
7955 1378
7956 1353
7957 1345
7958 1365
7959 1533
7960 1506
7961 1521
7962 1368
7963 1360
7964 1336
7965 1360
7966 1531
7967 1537
7968 1506
7969 1373
7970 1348
7971 1339
7972 1501
7973 1543
7974 1497
7975 1497
7976 1447
7977 1449
7978 1412
7979 1427
7980 1422
7981 1417
7982 1434
7983 1537
7984 1508
7985 1513
7986 1366
7987 1371
7988 1341
7989 1513
7990 1514
7991 1498
7992 1519
7993 1432
7994 1413
7995 1428
7996 1420
7997 1434
7998 1408
7999 1436
8000 1545
8001 1538
8002 1497
8003 1389
8004 1352
8005 1364
8006 1351
8007 1534
8008 1515
8009 1522
8010 1372
8011 1394
8012 1345
8013 1438
8014 1433
8015 1425
8016 1445
8017 1541
8018 1490
8019 1511
8020 1375
8021 1363
8022 1325
8023 1371
8024 1514
8025 1519
8026 1514
8027 1370
8028 1353
8029 1351
8030 1358
8031 1551
8032 1545
8033 1535
8034 1385
8035 1349
8036 1345
8037 1384
8038 1530
8039 1540
8040 1513
8041 1390
8042 1349
8043 1346
8044 1512
8045 1552
8046 1556
8047 1540
8048 1466
8049 1458
8050 1420
8051 1419
8052 1415
8053 1418
8054 1432
8055 1538
8056 1574
8057 1527
8058 1363
8059 1366
8060 1349
8061 1511
8062 1518
8063 1489
8064 1525
8065 1445
8066 1419
8067 1419
8068 1435
8069 1435
8070 1419
8071 1443
8072 1541
8073 1532
8074 1493
8075 1385
8076 1370
8077 1345
8078 1359
8079 1534
8080 1521
8081 1522
8082 1378
8083 1370
8084 1346
8085 1534
8086 1519
8087 1504
8088 1557
8089 1447
8090 1438
8091 1429
8092 1392
8093 1377
8094 1343
8095 1368
8096 1539
8097 1523
8098 1504
8099 1379
8100 1362
8101 1354
8102 1354
8103 1537
8104 1515
8105 1518
8106 1364
8107 1356
8108 1350
8109 1369
8110 1538
8111 1549
8112 1532
8113 1383
8114 1346
8115 1345
8116 1505
8117 1533
8118 1486
8119 1520
8120 1453
8121 1446
8122 1393
8123 1427
8124 1413
8125 1430
8126 1446
8127 1541
8128 1499
8129 1510
8130 1360
8131 1356
8132 1332
8133 1518
8134 1520
8135 1508
8136 1532
8137 1439
8138 1412
8139 1406
8140 1416
8141 1433
8142 1413
8143 1432
8144 1523
8145 1523
8146 1491
8147 1370
8148 1360
8149 1349
8150 1508
8151 1515
8152 1519
8153 1532
8154 1499
8155 1503
8156 1490
8157 1376
8158 1351
8159 1354
8160 1363
8161 1543
8162 1499
8163 1550
8164 1378
8165 1363
8166 1338
8167 1424
8168 1428
8169 1448
8170 1413
8171 1423
8172 1431
8173 1432
8174 1419
8175 1422
8176 1418
8177 1444
8178 1541
8179 1517
8180 1507
8181 1388
8182 1404
8183 1355
8184 1367
8185 1548
8186 1493
8187 1510
8188 1384
8189 1378
8190 1335
8191 1375
8192 1543
8193 1525
8194 1507
8195 1374
8196 1358
8197 1349
8198 1364
8199 1533
8200 1500
8201 1505
8202 1359
8203 1385
8204 1349
8205 1526
8206 1543
8207 1512
8208 1542
8209 1443
8210 1402
8211 1417
8212 1426
8213 1420
8214 1412
8215 1442
8216 1540
8217 1528
8218 1514
8219 1390
8220 1370
8221 1357
8222 1365
8223 1538
8224 1514
8225 1516
8226 1362
8227 1377
8228 1353
8229 1525
8230 1514
8231 1503
8232 1522
8233 1440
8234 1414
8235 1403
8236 1432
8237 1429
8238 1406
8239 1442
8240 1542
8241 1517
8242 1502
8243 1380
8244 1363
8245 1345
8246 1364
8247 1547
8248 1497
8249 1525
8250 1366
8251 1356
8252 1342
8253 1364
8254 1523
8255 1528
8256 1521
8257 1383
8258 1342
8259 1349
8260 1501
8261 1540
8262 1502
8263 1527
8264 1445
8265 1449
8266 1408
8267 1425
8268 1409
8269 1424
8270 1431
8271 1527
8272 1502
8273 1515
8274 1376
8275 1373
8276 1343
8277 1504
8278 1522
8279 1509
8280 1524
8281 1432
8282 1400
8283 1422
8284 1426
8285 1418
8286 1415
8287 1431
8288 1553
8289 1520
8290 1492
8291 1383
8292 1358
8293 1351
8294 1352
8295 1549
8296 1506
8297 1532
8298 1370
8299 1349
8300 1346
8301 1518
8302 1515
8303 1506
8304 1527
8305 1447
8306 1409
8307 1427
8308 1421
8309 1422
8310 1419
8311 1446
8312 1546
8313 1511
8314 1505
8315 1377
8316 1365
8317 1350
8318 1360
8319 1560
8320 1517
8321 1519
8322 1353
8323 1348
8324 1314
8325 1361
8326 1524
8327 1527
8328 1513
8329 1393
8330 1370
8331 1341
8332 1439
8333 1459
8334 1411
8335 1403
8336 1429
8337 1426
8338 1387
8339 1417
8340 1421
8341 1427
8342 1442
8343 1536
8344 1500
8345 1516
8346 1357
8347 1345
8348 1345
8349 1521
8350 1530
8351 1511
8352 1541
8353 1430
8354 1417
8355 1423
8356 1420
8357 1411
8358 1423
8359 1437
8360 1525
8361 1524
8362 1494
8363 1383
8364 1350
8365 1346
8366 1358
8367 1543
8368 1524
8369 1533
8370 1360
8371 1357
8372 1342
8373 1504
8374 1517
8375 1517
8376 1552
8377 1448
8378 1434
8379 1416
8380 1372
8381 1368
8382 1495
8383 1772
8384 1596
8385 1547
8386 1511
8387 1392
8388 1347
8389 1432
8390 1379
8391 1660
8392 1640
8393 1644
8394 1405
8395 1364
8396 1350
8397 1369
8398 1514
8399 1486
8400 1514
8401 1445
8402 1433
8403 1420
8404 1455
8405 1415
8406 1411
8407 1475
8408 1544
8409 1531
8410 1513
8411 1474
8412 1448
8413 1432
8414 1448
8415 1547
8416 1521
8417 1533
8418 1364
8419 1347
8420 1338
8421 1508
8422 1515
8423 1501
8424 1512
8425 1447
8426 1427
8427 1456
8428 1431
8429 1430
8430 1409
8431 1474
8432 1522
8433 1509
8434 1491
8435 1390
8436 1367
8437 1347
8438 1359
8439 1542
8440 1524
8441 1513
8442 1378
8443 1362
8444 1352
8445 1524
8446 1510
8447 1505
8448 1533
8449 1446
8450 1413
8451 1452
8452 1430
8453 1427
8454 1405
8455 1448
8456 1536
8457 1522
8458 1493
8459 1382
8460 1353
8461 1344
8462 1358
8463 1530
8464 1511
8465 1512
8466 1359
8467 1353
8468 1319
8469 1365
8470 1535
8471 1528
8472 1521
8473 1381
8474 1337
8475 1344
8476 1484
8477 1528
8478 1495
8479 1503
8480 1440
8481 1434
8482 1410
8483 1420
8484 1415
8485 1433
8486 1440
8487 1534
8488 1497
8489 1506
8490 1351
8491 1347
8492 1323
8493 1500
8494 1518
8495 1503
8496 1526
8497 1442
8498 1404
8499 1410
8500 1413
8501 1408
8502 1404
8503 1448
8504 1534
8505 1531
8506 1505
8507 1373
8508 1350
8509 1339
8510 1352
8511 1526
8512 1499
8513 1495
8514 1353
8515 1347
8516 1340
8517 1514
8518 1508
8519 1504
8520 1519
8521 1440
8522 1410
8523 1560
8524 1401
8525 1367
8526 1351
8527 1371
8528 1539
8529 1523
8530 1496
8531 1386
8532 1372
8533 1360
8534 1362
8535 1545
8536 1514
8537 1527
8538 1361
8539 1353
8540 1345
8541 1363
8542 1511
8543 1507
8544 1499
8545 1367
8546 1331
8547 1324
8548 1499
8549 1531
8550 1513
8551 1500
8552 1442
8553 1445
8554 1414
8555 1443
8556 1417
8557 1405
8558 1442
8559 1537
8560 1505
8561 1524
8562 1506
8563 1363
8564 1337
8565 1443
8566 1449
8567 1432
8568 1452
8569 1542
8570 1498
8571 1527
8572 1387
8573 1357
8574 1330
8575 1374
8576 1539
8577 1526
8578 1492
8579 1373
8580 1371
8581 1357
8582 1359
8583 1537
8584 1508
8585 1501
8586 1352
8587 1359
8588 1338
8589 1520
8590 1504
8591 1482
8592 1508
8593 1431
8594 1409
8595 1425
8596 1422
8597 1444
8598 1415
8599 1432
8600 1528
8601 1518
8602 1504
8603 1389
8604 1348
8605 1346
8606 1363
8607 1541
8608 1508
8609 1516
8610 1362
8611 1356
8612 1342
8613 1362
8614 1514
8615 1521
8616 1517
8617 1377
8618 1359
8619 1332
8620 1503
8621 1534
8622 1492
8623 1496
8624 1437
8625 1434
8626 1410
8627 1439
8628 1428
8629 1422
8630 1448
8631 1522
8632 1505
8633 1511
8634 1365
8635 1360
8636 1342
8637 1519
8638 1521
8639 1499
8640 1532
8641 1445
8642 1409
8643 1414
8644 1421
8645 1422
8646 1390
8647 1443
8648 1529
8649 1517
8650 1506
8651 1373
8652 1356
8653 1352
8654 1357
8655 1538
8656 1499
8657 1496
8658 1363
8659 1358
8660 1334
8661 1508
8662 1521
8663 1501
8664 1517
8665 1440
8666 1401
8667 1418
8668 1425
8669 1423
8670 1409
8671 1436
8672 1537
8673 1532
8674 1490
8675 1375
8676 1354
8677 1347
8678 1362
8679 1544
8680 1503
8681 1512
8682 1370
8683 1359
8684 1335
8685 1364
8686 1529
8687 1528
8688 1519
8689 1369
8690 1339
8691 1336
8692 1492
8693 1509
8694 1473
8695 1480
8696 1446
8697 1431
8698 1424
8699 1429
8700 1419
8701 1414
8702 1430
8703 1520
8704 1520
8705 1524
8706 1368
8707 1373
8708 1350
8709 1517
8710 1521
8711 1495
8712 1519
8713 1429
8714 1415
8715 1488
8716 1441
8717 1430
8718 1411
8719 1443
8720 1542
8721 1525
8722 1545
8723 1431
8724 1378
8725 1358
8726 1518
8727 1540
8728 1524
8729 1549
8730 1472
8731 1438
8732 1417
8733 1449
8734 1418
8735 1406
8736 1528
8737 1521
8738 1508
8739 1502
8740 1458
8741 1444
8742 1391
8743 1427
8744 1432
8745 1422
8746 1414
8747 1544
8748 1531
8749 1520
8750 1373
8751 1351
8752 1364
8753 1369
8754 1535
8755 1507
8756 1514
8757 1382
8758 1352
8759 1330
8760 1510
8761 1536
8762 1511
8763 1514
8764 1514
8765 1534
8766 1526
8767 1444
8768 1430
8769 1410
8770 1414
8771 1410
8772 1412
8773 1450
8774 1574
8775 1525
8776 1517
8777 1451
8778 1434
8779 1405
8780 1455
8781 1553
8782 1521
8783 1495
8784 1382
8785 1374
8786 1355
8787 1509
8788 1540
8789 1518
8790 1485
8791 1443
8792 1453
8793 1422
8794 1415
8795 1413
8796 1425
8797 1450
8798 1536
8799 1507
8800 1520
8801 1380
8802 1368
8803 1329
8804 1506
8805 1541
8806 1511
8807 1520
8808 1512
8809 1519
8810 1521
8811 1441
8812 1433
8813 1417
8814 1441
8815 1540
8816 1538
8817 1524
8818 1383
8819 1360
8820 1343
8821 1352
8822 1533
8823 1513
8824 1498
8825 1450
8826 1435
8827 1432
8828 1436
8829 1446
8830 1418
8831 1491
8832 1549
8833 1513
8834 1499
8835 1455
8836 1436
8837 1437
8838 1445
8839 1527
8840 1499
8841 1513
8842 1358
8843 1390
8844 1348
8845 1371
8846 1533
8847 1535
8848 1507
8849 1389
8850 1346
8851 1352
8852 1361
8853 1534
8854 1504
8855 1512
8856 1365
8857 1348
8858 1319
8859 1369
8860 1540
8861 1521
8862 1486
8863 1370
8864 1372
8865 1399
8866 1357
8867 1542
8868 1507
8869 1506
8870 1357
8871 1356
8872 1350
8873 1359
8874 1522
8875 1547
8876 1499
8877 1384
8878 1350
8879 1333
8880 1487
8881 1540
8882 1487
8883 1515
8884 1439
8885 1441
8886 1416
8887 1422
8888 1414
8889 1427
8890 1435
8891 1519
8892 1492
8893 1521
8894 1353
8895 1370
8896 1337
8897 1369
8898 1531
8899 1526
8900 1506
8901 1386
8902 1347
8903 1337
8904 1361
8905 1535
8906 1501
8907 1499
8908 1375
8909 1362
8910 1319
8911 1371
8912 1525
8913 1500
8914 1466
8915 1447
8916 1439
8917 1414
8918 1433
8919 1529
8920 1504
8921 1504
8922 1369
8923 1362
8924 1326
8925 1507
8926 1518
8927 1502
8928 1530
8929 1454
8930 1404
8931 1429
8932 1438
8933 1432
8934 1411
8935 1419
8936 1522
8937 1517
8938 1502
8939 1377
8940 1372
8941 1341
8942 1350
8943 1552
8944 1517
8945 1517
8946 1360
8947 1362
8948 1350
8949 1509
8950 1541
8951 1509
8952 1537
8953 1437
8954 1415
8955 1413
8956 1416
8957 1415
8958 1408
8959 1437
8960 1534
8961 1514
8962 1498
8963 1377
8964 1345
8965 1361
8966 1356
8967 1542
8968 1512
8969 1528
8970 1361
8971 1352
8972 1340
8973 1365
8974 1537
8975 1522
8976 1519
8977 1376
8978 1359
8979 1350
8980 1504
8981 1531
8982 1514
8983 1509
8984 1469
8985 1452
8986 1395
8987 1415
8988 1416
8989 1434
8990 1433
8991 1508
8992 1494
8993 1506
8994 1352
8995 1361
8996 1336
8997 1510
8998 1508
8999 1474
9000 1501
9001 1443
9002 1427
9003 1434
9004 1430
9005 1423
9006 1417
9007 1437
9008 1525
9009 1511
9010 1478
9011 1369
9012 1352
9013 1346
9014 1358
9015 1537
9016 1483
9017 1494
9018 1353
9019 1352
9020 1347
9021 1518
9022 1523
9023 1490
9024 1514
9025 1445
9026 1416
9027 1441
9028 1418
9029 1425
9030 1407
9031 1443
9032 1544
9033 1532
9034 1509
9035 1381
9036 1357
9037 1354
9038 1358
9039 1557
9040 1527
9041 1531
9042 1379
9043 1346
9044 1337
9045 1383
9046 1520
9047 1537
9048 1523
9049 1390
9050 1466
9051 1382
9052 1353
9053 1362
9054 1340
9055 1385
9056 1557
9057 1512
9058 1472
9059 1372
9060 1354
9061 1348
9062 1359
9063 1548
9064 1492
9065 1517
9066 1383
9067 1369
9068 1336
9069 1514
9070 1496
9071 1492
9072 1525
9073 1443
9074 1416
9075 1405
9076 1421
9077 1426
9078 1414
9079 1430
9080 1536
9081 1521
9082 1494
9083 1391
9084 1370
9085 1349
9086 1358
9087 1535
9088 1504
9089 1508
9090 1363
9091 1351
9092 1327
9093 1505
9094 1518
9095 1506
9096 1528
9097 1432
9098 1404
9099 1411
9100 1422
9101 1437
9102 1410
9103 1432
9104 1547
9105 1525
9106 1487
9107 1374
9108 1365
9109 1350
9110 1358
9111 1559
9112 1520
9113 1513
9114 1359
9115 1338
9116 1332
9117 1369
9118 1515
9119 1524
9120 1534
9121 1471
9122 1414
9123 1420
9124 1424
9125 1437
9126 1412
9127 1442
9128 1546
9129 1534
9130 1491
9131 1380
9132 1373
9133 1361
9134 1366
9135 1528
9136 1507
9137 1517
9138 1369
9139 1362
9140 1350
9141 1513
9142 1532
9143 1523
9144 1536
9145 1451
9146 1389
9147 1404
9148 1420
9149 1441
9150 1407
9151 1440
9152 1520
9153 1525
9154 1503
9155 1375
9156 1363
9157 1359
9158 1355
9159 1533
9160 1495
9161 1529
9162 1373
9163 1371
9164 1329
9165 1514
9166 1532
9167 1517
9168 1522
9169 1435
9170 1421
9171 1414
9172 1416
9173 1427
9174 1403
9175 1438
9176 1514
9177 1516
9178 1486
9179 1365
9180 1345
9181 1348
9182 1364
9183 1562
9184 1519
9185 1519
9186 1371
9187 1350
9188 1348
9189 1363
9190 1530
9191 1542
9192 1530
9193 1369
9194 1342
9195 1327
9196 1495
9197 1537
9198 1493
9199 1507
9200 1444
9201 1451
9202 1397
9203 1420
9204 1404
9205 1422
9206 1545
9207 1556
9208 1527
9209 1536
9210 1363
9211 1353
9212 1333
9213 1514
9214 1521
9215 1509
9216 1538
9217 1442
9218 1405
9219 1423
9220 1422
9221 1433
9222 1412
9223 1445
9224 1519
9225 1520
9226 1491
9227 1384
9228 1359
9229 1362
9230 1355
9231 1521
9232 1495
9233 1507
9234 1346
9235 1335
9236 1339
9237 1504
9238 1521
9239 1504
9240 1533
9241 1460
9242 1424
9243 1418
9244 1429
9245 1448
9246 1402
9247 1443
9248 1528
9249 1522
9250 1502
9251 1364
9252 1346
9253 1343
9254 1370
9255 1552
9256 1507
9257 1510
9258 1357
9259 1376
9260 1352
9261 1385
9262 1528
9263 1529
9264 1517
9265 1379
9266 1347
9267 1336
9268 1501
9269 1540
9270 1520
9271 1510
9272 1466
9273 1441
9274 1399
9275 1416
9276 1419
9277 1427
9278 1427
9279 1531
9280 1516
9281 1533
9282 1367
9283 1352
9284 1332
9285 1516
9286 1525
9287 1516
9288 1532
9289 1436
9290 1397
9291 1407
9292 1421
9293 1442
9294 1398
9295 1434
9296 1528
9297 1514
9298 1510
9299 1378
9300 1356
9301 1351
9302 1361
9303 1530
9304 1505
9305 1504
9306 1360
9307 1364
9308 1353
9309 1525
9310 1510
9311 1497
9312 1515
9313 1425
9314 1408
9315 1416
9316 1423
9317 1435
9318 1412
9319 1436
9320 1527
9321 1521
9322 1500
9323 1382
9324 1356
9325 1359
9326 1348
9327 1540
9328 1526
9329 1540
9330 1374
9331 1357
9332 1341
9333 1367
9334 1528
9335 1525
9336 1504
9337 1382
9338 1345
9339 1348
9340 1484
9341 1533
9342 1485
9343 1501
9344 1445
9345 1437
9346 1391
9347 1406
9348 1400
9349 1424
9350 1436
9351 1521
9352 1503
9353 1502
9354 1369
9355 1354
9356 1333
9357 1488
9358 1529
9359 1512
9360 1517
9361 1428
9362 1411
9363 1437
9364 1432
9365 1428
9366 1388
9367 1432
9368 1521
9369 1520
9370 1489
9371 1375
9372 1346
9373 1351
9374 1345
9375 1528
9376 1511
9377 1522
9378 1364
9379 1364
9380 1352
9381 1541
9382 1520
9383 1509
9384 1540
9385 1444
9386 1426
9387 1421
9388 1420
9389 1495
9390 1434
9391 1449
9392 1545
9393 1532
9394 1503
9395 1372
9396 1349
9397 1360
9398 1446
9399 1434
9400 1429
9401 1459
9402 1527
9403 1531
9404 1510
9405 1380
9406 1357
9407 1338
9408 1366
9409 1546
9410 1503
9411 1512
9412 1391
9413 1366
9414 1327
9415 1439
9416 1446
9417 1426
9418 1407
9419 1430
9420 1413
9421 1442
9422 1407
9423 1414
9424 1400
9425 1443
9426 1532
9427 1535
9428 1524
9429 1384
9430 1348
9431 1334
9432 1485
9433 1518
9434 1483
9435 1480
9436 1448
9437 1461
9438 1405
9439 1416
9440 1420
9441 1429
9442 1436
9443 1539
9444 1507
9445 1510
9446 1365
9447 1358
9448 1333
9449 1366
9450 1547
9451 1540
9452 1515
9453 1383
9454 1342
9455 1341
9456 1375
9457 1547
9458 1495
9459 1518
9460 1377
9461 1361
9462 1318
9463 1430
9464 1427
9465 1420
9466 1415
9467 1428
9468 1418
9469 1418
9470 1411
9471 1420
9472 1424
9473 1455
9474 1534
9475 1529
9476 1517
9477 1482
9478 1349
9479 1343
9480 1429
9481 1440
9482 1407
9483 1453
9484 1434
9485 1418
9486 1397
9487 1408
9488 1409
9489 1412
9490 1433
9491 1527
9492 1508
9493 1523
9494 1370
9495 1362
9496 1355
9497 1368
9498 1549
9499 1538
9500 1521
9501 1384
9502 1338
9503 1322
9504 1496
9505 1530
9506 1482
9507 1501
9508 1444
9509 1437
9510 1403
9511 1427
9512 1419
9513 1424
9514 1428
9515 1523
9516 1516
9517 1537
9518 1369
9519 1356
9520 1339
9521 1363
9522 1527
9523 1538
9524 1509
9525 1396
9526 1346
9527 1334
9528 1362
9529 1553
9530 1502
9531 1520
9532 1375
9533 1355
9534 1333
9535 1353
9536 1546
9537 1519
9538 1526
9539 1393
9540 1353
9541 1333
9542 1357
9543 1536
9544 1517
9545 1515
9546 1353
9547 1394
9548 1333
9549 1365
9550 1536
9551 1537
9552 1514
9553 1397
9554 1354
9555 1346
9556 1427
9557 1438
9558 1423
9559 1421
9560 1427
9561 1419
9562 1416
9563 1427
9564 1413
9565 1433
9566 1445
9567 1531
9568 1491
9569 1535
9570 1376
9571 1365
9572 1345
9573 1517
9574 1518
9575 1509
9576 1521
9577 1443
9578 1417
9579 1416
9580 1423
9581 1423
9582 1403
9583 1442
9584 1529
9585 1523
9586 1482
9587 1382
9588 1371
9589 1348
9590 1374
9591 1553
9592 1500
9593 1519
9594 1364
9595 1350
9596 1325
9597 1517
9598 1527
9599 1507
9600 1521
9601 1448
9602 1417
9603 1407
9604 1421
9605 1427
9606 1407
9607 1433
9608 1527
9609 1529
9610 1496
9611 1386
9612 1359
9613 1347
9614 1370
9615 1541
9616 1524
9617 1522
9618 1364
9619 1359
9620 1341
9621 1370
9622 1531
9623 1535
9624 1503
9625 1386
9626 1340
9627 1350
9628 1502
9629 1526
9630 1506
9631 1504
9632 1451
9633 1438
9634 1403
9635 1414
9636 1407
9637 1427
9638 1443
9639 1525
9640 1498
9641 1519
9642 1358
9643 1355
9644 1334
9645 1514
9646 1515
9647 1493
9648 1523
9649 1438
9650 1425
9651 1429
9652 1418
9653 1428
9654 1420
9655 1462
9656 1529
9657 1499
9658 1488
9659 1372
9660 1366
9661 1362
9662 1344
9663 1531
9664 1507
9665 1523
9666 1376
9667 1356
9668 1335
9669 1515
9670 1512
9671 1491
9672 1507
9673 1429
9674 1443
9675 1462
9676 1414
9677 1427
9678 1406
9679 1450
9680 1538
9681 1520
9682 1503
9683 1404
9684 1362
9685 1351
9686 1370
9687 1539
9688 1520
9689 1531
9690 1375
9691 1351
9692 1341
9693 1371
9694 1533
9695 1540
9696 1528
9697 1400
9698 1354
9699 1348
9700 1431
9701 1445
9702 1398
9703 1416
9704 1420
9705 1413
9706 1417
9707 1435
9708 1414
9709 1435
9710 1435
9711 1550
9712 1520
9713 1525
9714 1459
9715 1351
9716 1352
9717 1434
9718 1449
9719 1411
9720 1446
9721 1552
9722 1503
9723 1556
9724 1375
9725 1374
9726 1328
9727 1375
9728 1546
9729 1521
9730 1509
9731 1371
9732 1371
9733 1357
9734 1356
9735 1517
9736 1515
9737 1527
9738 1378
9739 1367
9740 1352
9741 1509
9742 1526
9743 1517
9744 1530
9745 1439
9746 1393
9747 1442
9748 1421
9749 1426
9750 1401
9751 1448
9752 1547
9753 1522
9754 1493
9755 1373
9756 1344
9757 1330
9758 1358
9759 1549
9760 1506
9761 1539
9762 1359
9763 1343
9764 1339
9765 1360
9766 1512
9767 1525
9768 1507
9769 1370
9770 1343
9771 1331
9772 1490
9773 1535
9774 1504
9775 1523
9776 1464
9777 1439
9778 1414
9779 1422
9780 1412
9781 1434
9782 1447
9783 1528
9784 1527
9785 1541
9786 1373
9787 1360
9788 1337
9789 1507
9790 1521
9791 1510
9792 1521
9793 1432
9794 1400
9795 1420
9796 1429
9797 1438
9798 1402
9799 1446
9800 1540
9801 1521
9802 1517
9803 1383
9804 1356
9805 1355
9806 1348
9807 1546
9808 1508
9809 1523
9810 1363
9811 1347
9812 1348
9813 1499
9814 1511
9815 1511
9816 1547
9817 1441
9818 1426
9819 1418
9820 1410
9821 1435
9822 1413
9823 1437
9824 1524
9825 1538
9826 1504
9827 1371
9828 1365
9829 1355
9830 1356
9831 1542
9832 1515
9833 1513
9834 1354
9835 1356
9836 1348
9837 1362
9838 1524
9839 1522
9840 1507
9841 1363
9842 1355
9843 1331
9844 1494
9845 1531
9846 1479
9847 1506
9848 1444
9849 1434
9850 1396
9851 1421
9852 1403
9853 1420
9854 1428
9855 1522
9856 1508
9857 1513
9858 1361
9859 1357
9860 1336
9861 1487
9862 1502
9863 1477
9864 1501
9865 1436
9866 1410
9867 1418
9868 1425
9869 1427
9870 1387
9871 1433
9872 1523
9873 1516
9874 1485
9875 1363
9876 1362
9877 1346
9878 1346
9879 1535
9880 1511
9881 1516
9882 1365
9883 1371
9884 1331
9885 1521
9886 1527
9887 1504
9888 1553
9889 1501
9890 1410
9891 1418
9892 1383
9893 1361
9894 1331
9895 1382
9896 1538
9897 1533
9898 1495
9899 1377
9900 1352
9901 1358
9902 1359
9903 1544
9904 1513
9905 1517
9906 1379
9907 1367
9908 1344
9909 1359
9910 1529
9911 1528
9912 1515
9913 1393
9914 1361
9915 1344
9916 1433
9917 1434
9918 1403
9919 1409
9920 1415
9921 1413
9922 1393
9923 1415
9924 1399
9925 1418
9926 1439
9927 1523
9928 1505
9929 1518
9930 1353
9931 1357
9932 1344
9933 1518
9934 1523
9935 1492
9936 1522
9937 1452
9938 1409
9939 1421
9940 1432
9941 1437
9942 1420
9943 1429
9944 1531
9945 1517
9946 1476
9947 1371
9948 1355
9949 1355
9950 1354
9951 1543
9952 1516
9953 1541
9954 1382
9955 1350
9956 1340
9957 1503
9958 1513
9959 1504
9960 1533
9961 1457
9962 1411
9963 1436
9964 1424
9965 1419
9966 1420
9967 1460
9968 1535
9969 1525
9970 1499
9971 1379
9972 1358
9973 1341
9974 1363
9975 1542
9976 1503
9977 1520
9978 1352
9979 1350
9980 1325
9981 1362
9982 1526
9983 1531
9984 1512
9985 1460
9986 1346
9987 1350
9988 1427
9989 1441
9990 1412
9991 1429
9992 1442
9993 1415
9994 1405
9995 1417
9996 1411
9997 1416
9998 1441
9999 1523
# sum: 1453
# min: 1314
# max: 2374
# err cnt: 3932
