1314 2
1315 3
1318 4
1319 7
1320 8
1321 10
1322 12
1323 15
1324 21
1325 26
1326 30
1327 38
1328 44
1329 51
1330 58
1331 70
1332 86
1333 99
1334 115
1335 133
1336 151
1337 166
1338 189
1339 210
1340 227
1341 250
1342 279
1343 296
1344 316
1345 355
1346 399
1347 442
1348 488
1349 529
1350 568
1351 608
1352 655
1353 711
1354 761
1355 810
1356 872
1357 915
1358 968
1359 1025
1360 1087
1361 1135
1362 1189
1363 1236
1364 1281
1365 1329
1366 1369
1367 1405
1368 1433
1369 1474
1370 1518
1371 1557
1372 1590
1373 1632
1374 1671
1375 1708
1376 1739
1377 1774
1378 1799
1379 1818
1380 1842
1381 1850
1382 1878
1383 1898
1384 1913
1385 1926
1386 1944
1387 1955
1388 1964
1389 1973
1390 1985
1391 1996
1392 2006
1393 2020
1394 2031
1395 2040
1396 2053
1397 2067
1398 2074
1399 2092
1400 2119
1401 2137
1402 2156
1403 2174
1404 2199
1405 2230
1406 2249
1407 2293
1408 2335
1409 2374
1410 2417
1411 2472
1412 2522
1413 2573
1414 2653
1415 2729
1416 2807
1417 2879
1418 2963
1419 3040
1420 3128
1421 3210
1422 3301
1423 3403
1424 3492
1425 3597
1426 3691
1427 3805
1428 3906
1429 4011
1430 4106
1431 4195
1432 4300
1433 4388
1434 4493
1435 4589
1436 4668
1437 4749
1438 4817
1439 4904
1440 4985
1441 5063
1442 5142
1443 5202
1444 5262
1445 5318
1446 5380
1447 5427
1448 5482
1449 5528
1450 5570
1451 5606
1452 5651
1453 5684
1454 5707
1455 5731
1456 5756
1457 5785
1458 5806
1459 5826
1460 5846
1461 5863
1462 5885
1463 5893
1464 5907
1465 5917
1466 5929
1467 5945
1468 5953
1469 5958
1470 5963
1471 5968
1472 5977
1473 5984
1474 5991
1475 5995
1476 6001
1477 6005
1478 6011
1479 6013
1480 6018
1481 6025
1482 6032
1483 6038
1484 6050
1485 6062
1486 6076
1487 6098
1488 6111
1489 6129
1490 6150
1491 6175
1492 6200
1493 6222
1494 6241
1495 6276
1496 6301
1497 6337
1498 6368
1499 6417
1500 6470
1501 6533
1502 6585
1503 6655
1504 6713
1505 6766
1506 6842
1507 6899
1508 6978
1509 7052
1510 7134
1511 7219
1512 7295
1513 7385
1514 7495
1515 7581
1516 7664
1517 7777
1518 7874
1519 7976
1520 8081
1521 8191
1522 8279
1523 8373
1524 8466
1525 8554
1526 8643
1527 8735
1528 8808
1529 8869
1530 8926
1531 8997
1532 9074
1533 9141
1534 9201
1535 9251
1536 9285
1537 9346
1538 9396
1539 9441
1540 9492
1541 9536
1542 9574
1543 9606
1544 9635
1545 9668
1546 9700
1547 9732
1548 9752
1549 9778
1550 9794
1551 9810
1552 9837
1553 9860
1554 9876
1555 9883
1556 9898
1557 9908
1558 9911
1559 9918
1560 9925
1561 9927
1562 9933
1563 9935
1564 9936
1565 9939
1567 9941
1568 9942
1569 9945
1571 9946
1572 9948
1573 9949
1574 9952
1576 9956
1578 9957
1580 9958
1581 9960
1583 9961
1585 9962
1596 9964
1598 9965
1604 9968
1607 9970
1610 9971
1613 9972
1614 9973
1618 9974
1619 9975
1623 9976
1628 9977
1629 9978
1630 9980
1635 9981
1640 9983
1641 9984
1642 9985
1644 9987
1650 9988
1660 9989
1669 9990
1670 9991
1673 9992
1681 9993
1695 9994
1705 9995
1772 9996
1820 9997
1851 9998
1857 9999
2374 10000
