0 10
1 11
2 11
3 15
4 12
5 11
6 11
7 11
8 11
9 11
10 12
11 14
12 12
13 13
14 13
15 14
16 11
17 14
18 14
19 14
20 12
21 14
22 13
23 13
24 11
25 13
26 34
27 13
28 13
29 12
30 14
31 12
32 11
33 13
34 13
35 11
36 13
37 13
38 13
39 14
40 13
41 13
42 11
43 11
44 11
45 13
46 45
47 12
48 12
49 14
50 15
51 14
52 12
53 13
54 14
55 13
56 20
57 13
58 12
59 13
60 12
61 11
62 12
63 11
64 13
65 34
66 11
67 13
68 13
69 14
70 13
71 13
72 13
73 13
74 12
75 13
76 33
77 79
78 12
79 13
80 13
81 13
82 33
83 12
84 14
85 13
86 12
87 13
88 12
89 12
90 12
91 13
92 13
93 12
94 14
95 12
96 13
97 19
98 13
99 12
100 33
101 12
102 12
103 12
104 12
105 85
106 11
107 12
108 14
109 13
110 12
111 11
112 12
113 12
114 12
115 14
116 10
117 13
118 14
119 30
120 13
121 12
122 13
123 13
124 13
125 13
126 13
127 13
128 12
129 13
130 12
131 13
132 13
133 12
134 11
135 12
136 34
137 33
138 13
139 13
140 13
141 13
142 12
143 12
144 21
145 11
146 12
147 11
148 13
149 12
150 11
151 12
152 12
153 13
154 14
155 12
156 11
157 14
158 12
159 12
160 12
161 13
162 13
163 13
164 13
165 12
166 32
167 13
168 13
169 12
170 12
171 12
172 13
173 11
174 12
175 12
176 14
177 11
178 12
179 13
180 12
181 12
182 12
183 12
184 11
185 12
186 11
187 12
188 12
189 12
190 12
191 13
192 11
193 41
194 12
195 34
196 12
197 12
198 11
199 12
200 13
201 11
202 12
203 13
204 11
205 12
206 12
207 12
208 13
209 13
210 12
211 13
212 12
213 13
214 13
215 12
216 13
217 11
218 11
219 11
220 11
221 12
222 12
223 12
224 13
225 12
226 12
227 14
228 13
229 11
230 12
231 12
232 31
233 11
234 11
235 12
236 12
237 12
238 13
239 12
240 12
241 30
242 12
243 32
244 12
245 13
246 14
247 12
248 12
249 13
250 33
251 11
252 13
253 12
254 21
255 14
256 11
257 13
258 13
259 13
260 12
261 12
262 13
263 12
264 12
265 12
266 13
267 12
268 13
269 12
270 12
271 12
272 13
273 12
274 12
275 13
276 13
277 12
278 14
279 13
280 11
281 12
282 11
283 14
284 13
285 12
286 13
287 34
288 11
289 12
290 11
291 13
292 13
293 34
294 35
295 79
296 12
297 12
298 12
299 11
300 56
301 12
302 33
303 12
304 12
305 12
306 13
307 10
308 12
309 12
310 13
311 12
312 11
313 13
314 13
315 12
316 11
317 13
318 11
319 12
320 12
321 12
322 11
323 11
324 11
325 11
326 13
327 11
328 13
329 12
330 11
331 12
332 35
333 13
334 12
335 11
336 11
337 11
338 12
339 19
340 12
341 14
342 13
343 21
344 13
345 11
346 14
347 12
348 12
349 13
350 12
351 13
352 13
353 14
354 12
355 14
356 12
357 72
358 13
359 12
360 13
361 13
362 13
363 12
364 12
365 14
366 12
367 13
368 12
369 13
370 12
371 12
372 12
373 12
374 12
375 12
376 12
377 12
378 11
379 11
380 13
381 14
382 12
383 13
384 13
385 12
386 13
387 12
388 11
389 12
390 13
391 12
392 13
393 12
394 13
395 14
396 14
397 13
398 13
399 13
400 12
401 13
402 11
403 14
404 13
405 12
406 11
407 13
408 12
409 11
410 12
411 12
412 14
413 12
414 13
415 13
416 19
417 11
418 13
419 12
420 12
421 13
422 12
423 12
424 13
425 12
426 11
427 13
428 11
429 12
430 11
431 12
432 12
433 11
434 12
435 12
436 12
437 12
438 12
439 13
440 12
441 13
442 12
443 12
444 12
445 12
446 14
447 13
448 12
449 13
450 11
451 11
452 12
453 12
454 12
455 33
456 11
457 31
458 13
459 13
460 14
461 11
462 12
463 12
464 12
465 14
466 12
467 12
468 11
469 12
470 12
471 12
472 13
473 13
474 13
475 11
476 12
477 12
478 13
479 12
480 12
481 13
482 12
483 13
484 11
485 30
486 13
487 12
488 35
489 11
490 12
491 11
492 12
493 34
494 12
495 13
496 11
497 11
498 13
499 12
500 13
501 14
502 11
503 13
504 13
505 14
506 12
507 11
508 13
509 13
510 12
511 13
512 11
513 12
514 12
515 13
516 12
517 12
518 12
519 31
520 12
521 14
522 13
523 13
524 13
525 12
526 12
527 13
528 10
529 13
530 13
531 11
532 12
533 13
534 11
535 11
536 14
537 14
538 11
539 12
540 12
541 13
542 14
543 12
544 11
545 13
546 11
547 12
548 12
549 12
550 12
551 12
552 12
553 12
554 12
555 13
556 13
557 14
558 18
559 13
560 14
561 11
562 12
563 13
564 12
565 11
566 12
567 13
568 12
569 12
570 12
571 12
572 12
573 13
574 13
575 12
576 12
577 11
578 11
579 11
580 12
581 13
582 12
583 11
584 11
585 13
586 14
587 13
588 13
589 12
590 10
591 14
592 11
593 12
594 12
595 12
596 12
597 12
598 22
599 9
600 16
601 12
602 15
603 14
604 12
605 13
606 13
607 13
608 12
609 13
610 13
611 12
612 15
613 13
614 10
615 12
616 14
617 13
618 37
619 12
620 13
621 13
622 11
623 13
624 15
625 12
626 12
627 14
628 12
629 12
630 13
631 15
632 17
633 13
634 14
635 13
636 12
637 31
638 13
639 14
640 15
641 13
642 13
643 13
644 12
645 12
646 11
647 12
648 12
649 12
650 13
651 13
652 12
653 13
654 12
655 13
656 13
657 12
658 14
659 14
660 11
661 56
662 12
663 12
664 13
665 12
666 13
667 12
668 13
669 11
670 13
671 12
672 13
673 12
674 13
675 13
676 12
677 21
678 12
679 12
680 12
681 11
682 13
683 41
684 12
685 12
686 11
687 14
688 12
689 14
690 12
691 13
692 13
693 13
694 11
695 11
696 14
697 32
698 12
699 12
700 13
701 13
702 12
703 12
704 13
705 13
706 12
707 13
708 13
709 11
710 32
711 11
712 13
713 11
714 14
715 13
716 12
717 14
718 33
719 12
720 13
721 13
722 12
723 13
724 13
725 12
726 13
727 12
728 13
729 13
730 13
731 11
732 12
733 13
734 40
735 12
736 12
737 12
738 12
739 13
740 10
741 10
742 13
743 12
744 13
745 11
746 12
747 13
748 12
749 18
750 14
751 12
752 14
753 12
754 13
755 17
756 12
757 12
758 11
759 34
760 13
761 11
762 35
763 12
764 13
765 12
766 12
767 11
768 13
769 12
770 14
771 12
772 14
773 14
774 11
775 11
776 12
777 12
778 11
779 20
780 13
781 33
782 33
783 12
784 12
785 12
786 74
787 14
788 12
789 12
790 11
791 12
792 32
793 11
794 13
795 14
796 12
797 12
798 22
799 12
800 13
801 12
802 12
803 12
804 11
805 13
806 12
807 13
808 14
809 13
810 13
811 12
812 13
813 14
814 11
815 14
816 12
817 13
818 12
819 12
820 13
821 11
822 11
823 13
824 12
825 10
826 13
827 12
828 12
829 14
830 13
831 12
832 12
833 14
834 14
835 14
836 14
837 34
838 13
839 13
840 14
841 11
842 12
843 12
844 12
845 13
846 11
847 16
848 13
849 11
850 12
851 13
852 12
853 12
854 13
855 11
856 19
857 14
858 12
859 11
860 12
861 12
862 13
863 10
864 11
865 20
866 13
867 12
868 11
869 12
870 21
871 13
872 12
873 12
874 11
875 14
876 13
877 11
878 12
879 13
880 11
881 11
882 12
883 12
884 13
885 11
886 14
887 13
888 12
889 13
890 13
891 11
892 36
893 13
894 12
895 39
896 11
897 14
898 11
899 13
900 10
901 14
902 20
903 13
904 39
905 12
906 14
907 14
908 11
909 13
910 12
911 12
912 12
913 13
914 12
915 12
916 13
917 12
918 13
919 12
920 13
921 11
922 11
923 11
924 12
925 14
926 12
927 14
928 12
929 11
930 13
931 12
932 12
933 13
934 11
935 12
936 12
937 12
938 11
939 12
940 13
941 12
942 13
943 12
944 12
945 12
946 12
947 13
948 13
949 11
950 13
951 11
952 12
953 12
954 11
955 13
956 11
957 12
958 21
959 12
960 13
961 12
962 15
963 13
964 12
965 12
966 12
967 12
968 14
969 13
970 10
971 11
972 12
973 13
974 12
975 12
976 13
977 12
978 12
979 11
980 35
981 12
982 11
983 13
984 13
985 13
986 13
987 14
988 13
989 10
990 13
991 40
992 11
993 13
994 12
995 14
996 12
997 14
998 11
999 14
1000 10
1001 11
1002 13
1003 10
1004 11
1005 12
1006 12
1007 11
1008 13
1009 13
1010 13
1011 18
1012 13
1013 26
1014 11
1015 12
1016 11
1017 11
1018 12
1019 12
1020 14
1021 12
1022 13
1023 13
1024 11
1025 12
1026 14
1027 13
1028 11
1029 12
1030 12
1031 12
1032 13
1033 12
1034 14
1035 11
1036 11
1037 12
1038 11
1039 12
1040 11
1041 13
1042 13
1043 13
1044 12
1045 11
1046 13
1047 14
1048 13
1049 12
1050 12
1051 11
1052 12
1053 12
1054 14
1055 12
1056 12
1057 12
1058 14
1059 12
1060 11
1061 12
1062 12
1063 12
1064 11
1065 12
1066 10
1067 33
1068 12
1069 11
1070 12
1071 13
1072 14
1073 13
1074 11
1075 12
1076 13
1077 13
1078 13
1079 11
1080 12
1081 14
1082 13
1083 13
1084 12
1085 12
1086 12
1087 35
1088 14
1089 14
1090 12
1091 13
1092 12
1093 18
1094 12
1095 12
1096 12
1097 12
1098 12
1099 12
1100 12
1101 11
1102 11
1103 13
1104 10
1105 13
1106 14
1107 12
1108 14
1109 12
1110 12
1111 12
1112 12
1113 12
1114 12
1115 12
1116 13
1117 13
1118 13
1119 14
1120 13
1121 11
1122 13
1123 12
1124 12
1125 11
1126 12
1127 13
1128 13
1129 12
1130 15
1131 11
1132 12
1133 11
1134 11
1135 12
1136 12
1137 12
1138 13
1139 11
1140 13
1141 11
1142 13
1143 12
1144 12
1145 11
1146 13
1147 14
1148 12
1149 12
1150 12
1151 11
1152 10
1153 12
1154 12
1155 12
1156 12
1157 13
1158 11
1159 12
1160 12
1161 11
1162 11
1163 13
1164 12
1165 13
1166 12
1167 13
1168 12
1169 12
1170 12
1171 14
1172 13
1173 12
1174 12
1175 12
1176 12
1177 12
1178 21
1179 40
1180 14
1181 12
1182 11
1183 13
1184 12
1185 12
1186 12
1187 13
1188 11
1189 12
1190 12
1191 13
1192 12
1193 14
1194 12
1195 12
1196 11
1197 13
1198 12
1199 13
1200 12
1201 36
1202 12
1203 11
1204 11
1205 12
1206 11
1207 14
1208 13
1209 12
1210 11
1211 12
1212 13
1213 12
1214 11
1215 12
1216 13
1217 12
1218 12
1219 34
1220 13
1221 15
1222 13
1223 12
1224 11
1225 20
1226 13
1227 13
1228 11
1229 12
1230 34
1231 12
1232 11
1233 11
1234 12
1235 13
1236 11
1237 12
1238 12
1239 13
1240 13
1241 11
1242 12
1243 11
1244 12
1245 12
1246 12
1247 10
1248 11
1249 13
1250 12
1251 13
1252 13
1253 11
1254 13
1255 12
1256 14
1257 11
1258 11
1259 13
1260 12
1261 12
1262 13
1263 13
1264 13
1265 13
1266 34
1267 12
1268 13
1269 11
1270 12
1271 12
1272 12
1273 13
1274 12
1275 11
1276 11
1277 12
1278 14
1279 14
1280 12
1281 12
1282 12
1283 13
1284 11
1285 12
1286 12
1287 11
1288 14
1289 29
1290 12
1291 11
1292 13
1293 12
1294 12
1295 14
1296 13
1297 12
1298 13
1299 12
1300 12
1301 12
1302 13
1303 12
1304 13
1305 11
1306 12
1307 13
1308 12
1309 12
1310 11
1311 11
1312 12
1313 12
1314 13
1315 12
1316 21
1317 13
1318 12
1319 13
1320 13
1321 11
1322 12
1323 12
1324 10
1325 13
1326 12
1327 11
1328 11
1329 14
1330 12
1331 11
1332 12
1333 14
1334 12
1335 13
1336 12
1337 12
1338 13
1339 11
1340 13
1341 12
1342 12
1343 11
1344 12
1345 12
1346 12
1347 14
1348 38
1349 14
1350 11
1351 11
1352 12
1353 13
1354 11
1355 11
1356 12
1357 11
1358 12
1359 12
1360 10
1361 14
1362 12
1363 11
1364 11
1365 12
1366 12
1367 34
1368 12
1369 12
1370 14
1371 13
1372 14
1373 14
1374 12
1375 13
1376 14
1377 10
1378 12
1379 14
1380 12
1381 12
1382 12
1383 12
1384 12
1385 12
1386 13
1387 12
1388 12
1389 13
1390 13
1391 13
1392 12
1393 13
1394 12
1395 12
1396 11
1397 12
1398 11
1399 56
1400 13
1401 13
1402 14
1403 13
1404 12
1405 12
1406 12
1407 13
1408 12
1409 17
1410 12
1411 13
1412 12
1413 23
1414 15
1415 12
1416 12
1417 12
1418 12
1419 13
1420 33
1421 13
1422 13
1423 11
1424 13
1425 12
1426 13
1427 12
1428 13
1429 12
1430 12
1431 14
1432 14
1433 13
1434 12
1435 13
1436 12
1437 14
1438 11
1439 11
1440 14
1441 12
1442 13
1443 20
1444 13
1445 13
1446 12
1447 13
1448 12
1449 12
1450 13
1451 11
1452 14
1453 14
1454 15
1455 14
1456 15
1457 12
1458 13
1459 13
1460 12
1461 12
1462 11
1463 12
1464 12
1465 12
1466 14
1467 12
1468 13
1469 79
1470 18
1471 14
1472 13
1473 11
1474 12
1475 12
1476 11
1477 13
1478 11
1479 12
1480 13
1481 12
1482 12
1483 13
1484 33
1485 12
1486 12
1487 13
1488 13
1489 13
1490 12
1491 13
1492 12
1493 13
1494 12
1495 12
1496 12
1497 12
1498 13
1499 11
1500 10
1501 12
1502 12
1503 12
1504 13
1505 14
1506 13
1507 13
1508 14
1509 12
1510 12
1511 13
1512 13
1513 11
1514 11
1515 12
1516 23
1517 12
1518 13
1519 13
1520 11
1521 11
1522 14
1523 12
1524 12
1525 11
1526 12
1527 12
1528 12
1529 11
1530 12
1531 13
1532 13
1533 13
1534 11
1535 11
1536 11
1537 12
1538 13
1539 11
1540 13
1541 13
1542 12
1543 22
1544 12
1545 12
1546 11
1547 12
1548 12
1549 12
1550 13
1551 12
1552 13
1553 11
1554 13
1555 13
1556 13
1557 11
1558 12
1559 12
1560 12
1561 13
1562 13
1563 12
1564 12
1565 12
1566 12
1567 12
1568 13
1569 13
1570 11
1571 14
1572 13
1573 35
1574 21
1575 13
1576 12
1577 14
1578 14
1579 13
1580 12
1581 11
1582 13
1583 12
1584 13
1585 13
1586 13
1587 11
1588 11
1589 13
1590 12
1591 11
1592 11
1593 14
1594 13
1595 11
1596 11
1597 13
1598 13
1599 11
1600 13
1601 12
1602 11
1603 13
1604 10
1605 12
1606 13
1607 12
1608 13
1609 11
1610 12
1611 13
1612 12
1613 12
1614 12
1615 11
1616 12
1617 41
1618 12
1619 13
1620 22
1621 11
1622 13
1623 12
1624 12
1625 17
1626 14
1627 14
1628 13
1629 13
1630 11
1631 13
1632 12
1633 13
1634 14
1635 12
1636 12
1637 12
1638 12
1639 13
1640 13
1641 12
1642 13
1643 14
1644 33
1645 14
1646 12
1647 12
1648 13
1649 11
1650 13
1651 11
1652 13
1653 12
1654 13
1655 15
1656 12
1657 12
1658 12
1659 13
1660 12
1661 11
1662 12
1663 13
1664 12
1665 10
1666 11
1667 13
1668 12
1669 13
1670 13
1671 13
1672 13
1673 13
1674 11
1675 22
1676 11
1677 12
1678 12
1679 12
1680 11
1681 12
1682 12
1683 12
1684 13
1685 12
1686 12
1687 19
1688 12
1689 13
1690 13
1691 12
1692 12
1693 12
1694 12
1695 14
1696 12
1697 13
1698 13
1699 12
1700 12
1701 13
1702 12
1703 12
1704 10
1705 12
1706 13
1707 18
1708 11
1709 14
1710 11
1711 12
1712 11
1713 11
1714 12
1715 13
1716 13
1717 12
1718 13
1719 13
1720 11
1721 22
1722 13
1723 12
1724 12
1725 13
1726 13
1727 13
1728 13
1729 12
1730 13
1731 13
1732 11
1733 12
1734 11
1735 14
1736 11
1737 12
1738 12
1739 11
1740 34
1741 19
1742 12
1743 12
1744 13
1745 12
1746 11
1747 11
1748 12
1749 14
1750 16
1751 12
1752 13
1753 13
1754 12
1755 11
1756 13
1757 12
1758 13
1759 31
1760 13
1761 11
1762 12
1763 12
1764 11
1765 13
1766 11
1767 13
1768 13
1769 11
1770 11
1771 23
1772 13
1773 12
1774 12
1775 12
1776 12
1777 13
1778 13
1779 11
1780 11
1781 13
1782 11
1783 13
1784 11
1785 13
1786 12
1787 12
1788 12
1789 12
1790 11
1791 12
1792 12
1793 12
1794 11
1795 13
1796 79
1797 13
1798 11
1799 11
1800 13
1801 12
1802 12
1803 12
1804 13
1805 11
1806 12
1807 12
1808 11
1809 11
1810 12
1811 12
1812 32
1813 13
1814 11
1815 15
1816 15
1817 22
1818 17
1819 12
1820 13
1821 12
1822 13
1823 11
1824 13
1825 13
1826 12
1827 12
1828 13
1829 12
1830 13
1831 12
1832 13
1833 11
1834 12
1835 12
1836 13
1837 12
1838 12
1839 12
1840 13
1841 13
1842 12
1843 12
1844 12
1845 12
1846 13
1847 13
1848 13
1849 14
1850 17
1851 13
1852 36
1853 17
1854 14
1855 12
1856 13
1857 12
1858 12
1859 14
1860 11
1861 12
1862 12
1863 12
1864 13
1865 12
1866 13
1867 35
1868 15
1869 18
1870 13
1871 12
1872 12
1873 13
1874 12
1875 12
1876 12
1877 12
1878 11
1879 14
1880 11
1881 12
1882 12
1883 12
1884 13
1885 13
1886 11
1887 13
1888 11
1889 11
1890 12
1891 12
1892 11
1893 13
1894 14
1895 12
1896 10
1897 12
1898 12
1899 12
1900 14
1901 23
1902 18
1903 18
1904 13
1905 12
1906 12
1907 12
1908 13
1909 30
1910 13
1911 34
1912 35
1913 12
1914 14
1915 13
1916 11
1917 14
1918 12
1919 11
1920 12
1921 14
1922 14
1923 12
1924 13
1925 12
1926 32
1927 12
1928 11
1929 11
1930 12
1931 13
1932 12
1933 12
1934 12
1935 12
1936 13
1937 33
1938 13
1939 14
1940 13
1941 11
1942 11
1943 21
1944 12
1945 12
1946 11
1947 13
1948 13
1949 13
1950 13
1951 13
1952 11
1953 12
1954 33
1955 12
1956 13
1957 32
1958 11
1959 12
1960 13
1961 11
1962 12
1963 11
1964 12
1965 11
1966 12
1967 12
1968 12
1969 11
1970 12
1971 13
1972 11
1973 11
1974 13
1975 12
1976 11
1977 13
1978 13
1979 11
1980 11
1981 11
1982 10
1983 12
1984 12
1985 14
1986 12
1987 13
1988 11
1989 13
1990 20
1991 13
1992 12
1993 13
1994 13
1995 13
1996 13
1997 12
1998 12
1999 12
2000 12
2001 11
2002 12
2003 12
2004 12
2005 12
2006 11
2007 12
2008 11
2009 12
2010 35
2011 12
2012 13
2013 12
2014 11
2015 12
2016 13
2017 12
2018 11
2019 11
2020 12
2021 13
2022 11
2023 13
2024 13
2025 13
2026 13
2027 47
2028 11
2029 12
2030 12
2031 35
2032 39
2033 56
2034 11
2035 12
2036 13
2037 12
2038 13
2039 20
2040 13
2041 12
2042 13
2043 12
2044 13
2045 35
2046 11
2047 12
2048 12
2049 12
2050 13
2051 14
2052 15
2053 13
2054 13
2055 14
2056 12
2057 14
2058 13
2059 13
2060 11
2061 54
2062 12
2063 29
2064 12
2065 12
2066 12
2067 18
2068 13
2069 12
2070 12
2071 13
2072 12
2073 12
2074 12
2075 18
2076 13
2077 12
2078 11
2079 11
2080 13
2081 11
2082 14
2083 14
2084 12
2085 34
2086 13
2087 47
2088 12
2089 13
2090 12
2091 12
2092 13
2093 13
2094 13
2095 13
2096 12
2097 12
2098 34
2099 13
2100 12
2101 12
2102 10
2103 11
2104 11
2105 12
2106 13
2107 12
2108 12
2109 12
2110 14
2111 12
2112 33
2113 12
2114 12
2115 13
2116 11
2117 12
2118 12
2119 11
2120 12
2121 12
2122 13
2123 13
2124 12
2125 14
2126 12
2127 11
2128 12
2129 12
2130 13
2131 13
2132 12
2133 12
2134 14
2135 13
2136 13
2137 12
2138 75
2139 12
2140 11
2141 13
2142 13
2143 14
2144 13
2145 12
2146 12
2147 13
2148 11
2149 13
2150 12
2151 13
2152 13
2153 12
2154 12
2155 13
2156 13
2157 12
2158 12
2159 12
2160 12
2161 14
2162 11
2163 11
2164 12
2165 12
2166 14
2167 12
2168 11
2169 12
2170 13
2171 12
2172 13
2173 12
2174 13
2175 12
2176 12
2177 14
2178 12
2179 32
2180 12
2181 12
2182 12
2183 13
2184 12
2185 12
2186 13
2187 13
2188 12
2189 11
2190 11
2191 11
2192 11
2193 11
2194 13
2195 11
2196 10
2197 12
2198 14
2199 13
2200 11
2201 12
2202 12
2203 13
2204 11
2205 12
2206 14
2207 11
2208 11
2209 12
2210 13
2211 12
2212 11
2213 12
2214 11
2215 11
2216 13
2217 11
2218 12
2219 11
2220 12
2221 11
2222 11
2223 13
2224 13
2225 14
2226 13
2227 13
2228 11
2229 11
2230 12
2231 11
2232 11
2233 11
2234 15
2235 12
2236 12
2237 12
2238 12
2239 14
2240 12
2241 12
2242 12
2243 12
2244 13
2245 12
2246 12
2247 13
2248 13
2249 45
2250 13
2251 13
2252 13
2253 12
2254 13
2255 11
2256 12
2257 11
2258 12
2259 12
2260 12
2261 14
2262 12
2263 11
2264 13
2265 15
2266 12
2267 12
2268 14
2269 12
2270 12
2271 12
2272 11
2273 11
2274 12
2275 11
2276 11
2277 33
2278 11
2279 12
2280 12
2281 11
2282 13
2283 13
2284 12
2285 12
2286 11
2287 14
2288 10
2289 12
2290 32
2291 13
2292 11
2293 12
2294 12
2295 13
2296 12
2297 12
2298 12
2299 12
2300 13
2301 13
2302 13
2303 13
2304 12
2305 34
2306 11
2307 11
2308 11
2309 11
2310 34
2311 11
2312 12
2313 12
2314 11
2315 11
2316 11
2317 12
2318 11
2319 12
2320 11
2321 11
2322 10
2323 13
2324 13
2325 12
2326 13
2327 14
2328 12
2329 12
2330 12
2331 39
2332 12
2333 11
2334 11
2335 11
2336 12
2337 12
2338 13
2339 12
2340 11
2341 77
2342 11
2343 13
2344 12
2345 12
2346 12
2347 12
2348 33
2349 35
2350 12
2351 13
2352 13
2353 11
2354 13
2355 11
2356 12
2357 13
2358 13
2359 12
2360 11
2361 12
2362 13
2363 11
2364 12
2365 13
2366 13
2367 12
2368 12
2369 13
2370 13
2371 11
2372 12
2373 13
2374 12
2375 11
2376 13
2377 14
2378 12
2379 11
2380 13
2381 12
2382 13
2383 12
2384 11
2385 13
2386 14
2387 11
2388 12
2389 13
2390 13
2391 12
2392 12
2393 12
2394 11
2395 11
2396 12
2397 14
2398 13
2399 12
2400 12
2401 12
2402 14
2403 30
2404 35
2405 39
2406 13
2407 22
2408 11
2409 13
2410 11
2411 11
2412 12
2413 12
2414 13
2415 13
2416 12
2417 13
2418 11
2419 13
2420 13
2421 12
2422 12
2423 13
2424 35
2425 14
2426 12
2427 12
2428 12
2429 12
2430 11
2431 13
2432 12
2433 13
2434 11
2435 14
2436 12
2437 12
2438 13
2439 11
2440 12
2441 13
2442 11
2443 11
2444 11
2445 12
2446 13
2447 11
2448 13
2449 13
2450 12
2451 13
2452 12
2453 39
2454 11
2455 13
2456 12
2457 12
2458 13
2459 12
2460 12
2461 12
2462 12
2463 11
2464 12
2465 13
2466 12
2467 13
2468 11
2469 13
2470 12
2471 12
2472 12
2473 11
2474 13
2475 12
2476 11
2477 13
2478 13
2479 14
2480 14
2481 12
2482 12
2483 14
2484 14
2485 13
2486 13
2487 13
2488 11
2489 12
2490 12
2491 14
2492 34
2493 33
2494 11
2495 12
2496 14
2497 11
2498 12
2499 11
2500 12
2501 75
2502 30
2503 11
2504 12
2505 11
2506 12
2507 35
2508 32
2509 13
2510 12
2511 11
2512 12
2513 14
2514 13
2515 12
2516 14
2517 12
2518 12
2519 12
2520 11
2521 13
2522 12
2523 12
2524 13
2525 11
2526 13
2527 11
2528 12
2529 12
2530 11
2531 13
2532 13
2533 11
2534 12
2535 12
2536 12
2537 11
2538 12
2539 14
2540 13
2541 11
2542 12
2543 12
2544 12
2545 11
2546 12
2547 11
2548 11
2549 13
2550 13
2551 14
2552 13
2553 13
2554 33
2555 12
2556 11
2557 12
2558 11
2559 14
2560 41
2561 12
2562 11
2563 11
2564 13
2565 12
2566 13
2567 12
2568 13
2569 13
2570 12
2571 13
2572 14
2573 12
2574 11
2575 13
2576 12
2577 13
2578 11
2579 13
2580 13
2581 13
2582 11
2583 13
2584 12
2585 12
2586 12
2587 12
2588 12
2589 12
2590 12
2591 12
2592 11
2593 12
2594 11
2595 11
2596 11
2597 12
2598 13
2599 13
2600 13
2601 12
2602 12
2603 12
2604 11
2605 12
2606 12
2607 12
2608 12
2609 11
2610 11
2611 11
2612 19
2613 38
2614 11
2615 11
2616 13
2617 13
2618 31
2619 35
2620 12
2621 13
2622 12
2623 11
2624 13
2625 13
2626 13
2627 11
2628 13
2629 13
2630 11
2631 13
2632 32
2633 15
2634 11
2635 12
2636 13
2637 11
2638 11
2639 13
2640 12
2641 11
2642 11
2643 12
2644 12
2645 11
2646 12
2647 12
2648 12
2649 14
2650 12
2651 11
2652 12
2653 11
2654 12
2655 32
2656 11
2657 20
2658 13
2659 12
2660 12
2661 14
2662 12
2663 14
2664 12
2665 10
2666 13
2667 14
2668 13
2669 22
2670 30
2671 12
2672 13
2673 12
2674 11
2675 33
2676 19
2677 14
2678 12
2679 12
2680 13
2681 12
2682 12
2683 11
2684 13
2685 11
2686 11
2687 18
2688 12
2689 12
2690 12
2691 11
2692 12
2693 34
2694 12
2695 11
2696 11
2697 11
2698 11
2699 12
2700 12
2701 12
2702 12
2703 12
2704 13
2705 13
2706 12
2707 14
2708 11
2709 13
2710 12
2711 12
2712 11
2713 12
2714 11
2715 12
2716 12
2717 11
2718 11
2719 13
2720 12
2721 11
2722 11
2723 11
2724 12
2725 11
2726 12
2727 13
2728 11
2729 34
2730 12
2731 13
2732 11
2733 12
2734 13
2735 14
2736 13
2737 13
2738 12
2739 11
2740 14
2741 18
2742 10
2743 13
2744 11
2745 12
2746 14
2747 13
2748 13
2749 11
2750 17
2751 13
2752 13
2753 12
2754 13
2755 19
2756 12
2757 14
2758 12
2759 13
2760 13
2761 34
2762 13
2763 11
2764 33
2765 12
2766 13
2767 12
2768 13
2769 13
2770 13
2771 12
2772 12
2773 11
2774 13
2775 12
2776 13
2777 14
2778 13
2779 12
2780 13
2781 10
2782 11
2783 11
2784 13
2785 12
2786 13
2787 12
2788 12
2789 13
2790 13
2791 11
2792 11
2793 11
2794 12
2795 12
2796 13
2797 12
2798 11
2799 13
2800 13
2801 14
2802 13
2803 12
2804 12
2805 11
2806 12
2807 11
2808 12
2809 12
2810 12
2811 13
2812 13
2813 14
2814 13
2815 12
2816 12
2817 14
2818 12
2819 13
2820 11
2821 12
2822 14
2823 13
2824 13
2825 13
2826 13
2827 11
2828 13
2829 11
2830 12
2831 12
2832 12
2833 12
2834 11
2835 12
2836 13
2837 12
2838 13
2839 13
2840 13
2841 13
2842 13
2843 11
2844 11
2845 11
2846 11
2847 12
2848 11
2849 13
2850 12
2851 12
2852 12
2853 12
2854 12
2855 12
2856 12
2857 13
2858 11
2859 13
2860 12
2861 11
2862 10
2863 12
2864 13
2865 12
2866 11
2867 12
2868 14
2869 11
2870 12
2871 12
2872 13
2873 13
2874 13
2875 13
2876 12
2877 13
2878 13
2879 13
2880 11
2881 12
2882 13
2883 12
2884 13
2885 12
2886 12
2887 13
2888 12
2889 10
2890 13
2891 12
2892 11
2893 11
2894 13
2895 11
2896 10
2897 11
2898 13
2899 12
2900 12
2901 13
2902 13
2903 13
2904 12
2905 36
2906 12
2907 20
2908 14
2909 12
2910 14
2911 12
2912 14
2913 12
2914 12
2915 13
2916 11
2917 12
2918 12
2919 12
2920 13
2921 12
2922 11
2923 11
2924 11
2925 12
2926 12
2927 12
2928 11
2929 13
2930 11
2931 13
2932 12
2933 13
2934 13
2935 11
2936 13
2937 13
2938 13
2939 12
2940 12
2941 12
2942 32
2943 13
2944 13
2945 11
2946 12
2947 12
2948 12
2949 33
2950 14
2951 11
2952 11
2953 13
2954 12
2955 96
2956 12
2957 11
2958 12
2959 82
2960 12
2961 13
2962 12
2963 11
2964 11
2965 12
2966 11
2967 13
2968 14
2969 12
2970 12
2971 13
2972 12
2973 13
2974 13
2975 12
2976 12
2977 12
2978 12
2979 14
2980 12
2981 11
2982 10
2983 12
2984 34
2985 57
2986 12
2987 12
2988 12
2989 14
2990 12
2991 12
2992 14
2993 13
2994 10
2995 13
2996 13
2997 13
2998 12
2999 11
3000 13
3001 12
3002 11
3003 13
3004 12
3005 12
3006 12
3007 12
3008 12
3009 12
3010 12
3011 12
3012 12
3013 12
3014 33
3015 12
3016 13
3017 12
3018 12
3019 14
3020 13
3021 11
3022 13
3023 11
3024 11
3025 13
3026 73
3027 14
3028 12
3029 11
3030 12
3031 12
3032 12
3033 12
3034 12
3035 20
3036 35
3037 12
3038 13
3039 12
3040 16
3041 12
3042 11
3043 12
3044 12
3045 12
3046 12
3047 12
3048 11
3049 15
3050 12
3051 12
3052 13
3053 11
3054 12
3055 13
3056 12
3057 11
3058 11
3059 13
3060 14
3061 11
3062 13
3063 12
3064 12
3065 11
3066 11
3067 13
3068 13
3069 12
3070 12
3071 13
3072 11
3073 13
3074 12
3075 11
3076 13
3077 12
3078 11
3079 20
3080 14
3081 13
3082 12
3083 12
3084 13
3085 13
3086 11
3087 11
3088 13
3089 13
3090 12
3091 14
3092 13
3093 12
3094 11
3095 11
3096 30
3097 14
3098 13
3099 11
3100 13
3101 11
3102 11
3103 21
3104 15
3105 12
3106 13
3107 11
3108 11
3109 12
3110 11
3111 11
3112 13
3113 12
3114 13
3115 12
3116 13
3117 13
3118 11
3119 12
3120 12
3121 13
3122 11
3123 11
3124 11
3125 12
3126 14
3127 11
3128 11
3129 11
3130 12
3131 12
3132 14
3133 11
3134 13
3135 12
3136 11
3137 12
3138 12
3139 12
3140 13
3141 12
3142 12
3143 13
3144 13
3145 12
3146 11
3147 12
3148 10
3149 11
3150 12
3151 19
3152 12
3153 12
3154 13
3155 12
3156 12
3157 11
3158 12
3159 13
3160 11
3161 11
3162 12
3163 14
3164 13
3165 13
3166 12
3167 13
3168 11
3169 11
3170 13
3171 11
3172 12
3173 12
3174 13
3175 11
3176 12
3177 19
3178 13
3179 12
3180 11
3181 11
3182 11
3183 11
3184 11
3185 12
3186 12
3187 11
3188 11
3189 12
3190 11
3191 12
3192 12
3193 12
3194 11
3195 12
3196 13
3197 12
3198 12
3199 12
3200 12
3201 12
3202 12
3203 11
3204 13
3205 11
3206 12
3207 12
3208 11
3209 14
3210 14
3211 12
3212 13
3213 12
3214 11
3215 13
3216 12
3217 12
3218 12
3219 14
3220 12
3221 13
3222 11
3223 13
3224 12
3225 13
3226 12
3227 13
3228 12
3229 12
3230 12
3231 12
3232 12
3233 12
3234 13
3235 13
3236 13
3237 12
3238 12
3239 11
3240 11
3241 12
3242 12
3243 13
3244 12
3245 12
3246 12
3247 13
3248 12
3249 12
3250 11
3251 11
3252 12
3253 12
3254 12
3255 11
3256 14
3257 12
3258 11
3259 13
3260 12
3261 12
3262 12
3263 13
3264 13
3265 12
3266 13
3267 13
3268 13
3269 12
3270 55
3271 12
3272 11
3273 71
3274 21
3275 11
3276 13
3277 11
3278 11
3279 11
3280 11
3281 11
3282 11
3283 12
3284 12
3285 11
3286 12
3287 13
3288 11
3289 13
3290 11
3291 13
3292 13
3293 13
3294 12
3295 13
3296 12
3297 11
3298 12
3299 12
3300 14
3301 12
3302 11
3303 12
3304 12
3305 13
3306 11
3307 13
3308 14
3309 12
3310 11
3311 14
3312 12
3313 11
3314 11
3315 12
3316 12
3317 11
3318 13
3319 13
3320 12
3321 11
3322 12
3323 12
3324 12
3325 12
3326 12
3327 13
3328 12
3329 12
3330 35
3331 12
3332 11
3333 11
3334 11
3335 34
3336 12
3337 13
3338 11
3339 11
3340 11
3341 11
3342 11
3343 11
3344 11
3345 12
3346 13
3347 11
3348 11
3349 14
3350 12
3351 75
3352 37
3353 12
3354 12
3355 12
3356 11
3357 13
3358 12
3359 12
3360 14
3361 11
3362 11
3363 11
3364 12
3365 11
3366 11
3367 12
3368 13
3369 11
3370 12
3371 32
3372 11
3373 12
3374 13
3375 14
3376 13
3377 14
3378 13
3379 12
3380 11
3381 13
3382 12
3383 12
3384 12
3385 11
3386 30
3387 11
3388 11
3389 11
3390 12
3391 11
3392 12
3393 12
3394 11
3395 13
3396 55
3397 12
3398 11
3399 13
3400 12
3401 12
3402 13
3403 13
3404 11
3405 13
3406 12
3407 11
3408 12
3409 13
3410 12
3411 13
3412 12
3413 14
3414 11
3415 12
3416 12
3417 11
3418 14
3419 15
3420 13
3421 13
3422 11
3423 11
3424 12
3425 11
3426 12
3427 12
3428 12
3429 11
3430 71
3431 13
3432 11
3433 14
3434 11
3435 11
3436 12
3437 12
3438 13
3439 12
3440 12
3441 12
3442 11
3443 12
3444 12
3445 13
3446 13
3447 14
3448 12
3449 12
3450 12
3451 13
3452 13
3453 12
3454 13
3455 14
3456 11
3457 13
3458 12
3459 11
3460 17
3461 14
3462 12
3463 11
3464 14
3465 14
3466 12
3467 12
3468 14
3469 11
3470 11
3471 11
3472 11
3473 12
3474 12
3475 12
3476 13
3477 11
3478 12
3479 11
3480 12
3481 11
3482 12
3483 13
3484 13
3485 12
3486 13
3487 13
3488 13
3489 13
3490 11
3491 12
3492 11
3493 13
3494 13
3495 12
3496 11
3497 13
3498 13
3499 14
3500 11
3501 12
3502 12
3503 11
3504 14
3505 12
3506 11
3507 13
3508 12
3509 12
3510 13
3511 12
3512 12
3513 13
3514 12
3515 13
3516 12
3517 21
3518 12
3519 13
3520 12
3521 12
3522 12
3523 10
3524 12
3525 12
3526 12
3527 12
3528 13
3529 12
3530 12
3531 12
3532 12
3533 13
3534 11
3535 12
3536 33
3537 57
3538 12
3539 13
3540 13
3541 14
3542 84
3543 12
3544 13
3545 13
3546 13
3547 13
3548 11
3549 12
3550 12
3551 11
3552 13
3553 12
3554 12
3555 12
3556 12
3557 11
3558 12
3559 13
3560 13
3561 11
3562 12
3563 12
3564 12
3565 13
3566 12
3567 12
3568 12
3569 12
3570 13
3571 11
3572 11
3573 12
3574 11
3575 13
3576 12
3577 12
3578 13
3579 12
3580 14
3581 13
3582 13
3583 13
3584 12
3585 13
3586 13
3587 13
3588 11
3589 12
3590 12
3591 10
3592 13
3593 12
3594 12
3595 13
3596 11
3597 11
3598 13
3599 13
3600 13
3601 11
3602 10
3603 10
3604 12
3605 12
3606 10
3607 11
3608 12
3609 12
3610 11
3611 12
3612 12
3613 12
3614 11
3615 13
3616 12
3617 12
3618 11
3619 13
3620 12
3621 11
3622 14
3623 13
3624 12
3625 12
3626 18
3627 12
3628 11
3629 12
3630 12
3631 11
3632 12
3633 12
3634 11
3635 12
3636 11
3637 13
3638 11
3639 12
3640 13
3641 12
3642 12
3643 12
3644 13
3645 34
3646 39
3647 12
3648 13
3649 11
3650 11
3651 12
3652 12
3653 12
3654 12
3655 11
3656 11
3657 14
3658 13
3659 11
3660 12
3661 12
3662 12
3663 11
3664 12
3665 12
3666 11
3667 12
3668 13
3669 11
3670 12
3671 12
3672 12
3673 13
3674 12
3675 11
3676 11
3677 14
3678 21
3679 12
3680 12
3681 12
3682 14
3683 13
3684 12
3685 12
3686 12
3687 11
3688 13
3689 11
3690 12
3691 13
3692 12
3693 12
3694 11
3695 11
3696 13
3697 11
3698 13
3699 13
3700 13
3701 12
3702 10
3703 12
3704 13
3705 10
3706 12
3707 14
3708 11
3709 11
3710 14
3711 12
3712 13
3713 14
3714 12
3715 11
3716 12
3717 13
3718 13
3719 10
3720 11
3721 39
3722 13
3723 11
3724 14
3725 11
3726 13
3727 12
3728 12
3729 11
3730 13
3731 12
3732 12
3733 11
3734 14
3735 12
3736 11
3737 11
3738 12
3739 11
3740 12
3741 12
3742 11
3743 12
3744 11
3745 13
3746 13
3747 13
3748 12
3749 12
3750 13
3751 12
3752 13
3753 13
3754 11
3755 12
3756 14
3757 11
3758 12
3759 12
3760 13
3761 11
3762 12
3763 11
3764 13
3765 11
3766 13
3767 12
3768 11
3769 18
3770 13
3771 13
3772 12
3773 13
3774 11
3775 12
3776 11
3777 13
3778 12
3779 13
3780 13
3781 12
3782 12
3783 12
3784 11
3785 13
3786 12
3787 12
3788 13
3789 12
3790 11
3791 12
3792 12
3793 12
3794 11
3795 12
3796 12
3797 12
3798 12
3799 12
3800 13
3801 12
3802 12
3803 13
3804 14
3805 13
3806 11
3807 10
3808 12
3809 12
3810 11
3811 13
3812 12
3813 13
3814 13
3815 12
3816 13
3817 12
3818 11
3819 11
3820 11
3821 13
3822 11
3823 12
3824 12
3825 12
3826 13
3827 13
3828 11
3829 11
3830 34
3831 12
3832 13
3833 33
3834 11
3835 12
3836 12
3837 12
3838 14
3839 12
3840 11
3841 12
3842 13
3843 10
3844 13
3845 14
3846 13
3847 13
3848 12
3849 13
3850 12
3851 13
3852 13
3853 13
3854 12
3855 11
3856 12
3857 12
3858 32
3859 12
3860 12
3861 14
3862 13
3863 13
3864 35
3865 39
3866 12
3867 13
3868 13
3869 12
3870 12
3871 21
3872 14
3873 57
3874 14
3875 12
3876 13
3877 14
3878 14
3879 14
3880 12
3881 12
3882 12
3883 11
3884 11
3885 14
3886 12
3887 12
3888 13
3889 12
3890 12
3891 13
3892 12
3893 11
3894 12
3895 12
3896 12
3897 13
3898 11
3899 13
3900 13
3901 12
3902 12
3903 14
3904 12
3905 12
3906 13
3907 13
3908 11
3909 11
3910 12
3911 12
3912 11
3913 13
3914 13
3915 11
3916 13
3917 12
3918 11
3919 11
3920 11
3921 11
3922 12
3923 11
3924 12
3925 11
3926 31
3927 12
3928 12
3929 12
3930 11
3931 12
3932 12
3933 13
3934 11
3935 12
3936 12
3937 12
3938 12
3939 11
3940 12
3941 13
3942 11
3943 13
3944 14
3945 12
3946 13
3947 12
3948 12
3949 11
3950 11
3951 11
3952 12
3953 11
3954 12
3955 75
3956 12
3957 13
3958 12
3959 12
3960 12
3961 11
3962 12
3963 11
3964 13
3965 13
3966 12
3967 12
3968 35
3969 13
3970 13
3971 13
3972 12
3973 38
3974 14
3975 14
3976 13
3977 13
3978 12
3979 13
3980 12
3981 12
3982 12
3983 13
3984 13
3985 10
3986 11
3987 12
3988 13
3989 11
3990 11
3991 11
3992 12
3993 12
3994 11
3995 13
3996 14
3997 14
3998 13
3999 12
4000 12
4001 14
4002 12
4003 11
4004 11
4005 12
4006 12
4007 13
4008 12
4009 12
4010 14
4011 11
4012 11
4013 13
4014 11
4015 13
4016 12
4017 12
4018 12
4019 12
4020 12
4021 14
4022 12
4023 13
4024 12
4025 13
4026 11
4027 11
4028 12
4029 12
4030 33
4031 76
4032 14
4033 11
4034 33
4035 14
4036 13
4037 20
4038 13
4039 13
4040 11
4041 12
4042 14
4043 12
4044 56
4045 12
4046 13
4047 13
4048 12
4049 13
4050 12
4051 13
4052 12
4053 14
4054 11
4055 12
4056 12
4057 12
4058 13
4059 14
4060 13
4061 11
4062 12
4063 12
4064 12
4065 11
4066 12
4067 13
4068 11
4069 12
4070 12
4071 12
4072 11
4073 11
4074 12
4075 32
4076 38
4077 13
4078 14
4079 33
4080 12
4081 12
4082 12
4083 12
4084 13
4085 11
4086 11
4087 12
4088 13
4089 13
4090 12
4091 12
4092 12
4093 11
4094 12
4095 11
4096 11
4097 13
4098 13
4099 14
4100 12
4101 12
4102 12
4103 12
4104 13
4105 13
4106 13
4107 11
4108 13
4109 13
4110 13
4111 11
4112 14
4113 11
4114 11
4115 14
4116 11
4117 11
4118 13
4119 14
4120 13
4121 13
4122 11
4123 12
4124 12
4125 12
4126 12
4127 12
4128 32
4129 14
4130 12
4131 12
4132 12
4133 33
4134 11
4135 12
4136 12
4137 12
4138 11
4139 11
4140 12
4141 14
4142 34
4143 13
4144 13
4145 13
4146 32
4147 14
4148 13
4149 13
4150 13
4151 12
4152 11
4153 11
4154 11
4155 12
4156 13
4157 11
4158 13
4159 13
4160 13
4161 34
4162 12
4163 12
4164 11
4165 12
4166 13
4167 12
4168 11
4169 14
4170 10
4171 13
4172 12
4173 11
4174 13
4175 32
4176 12
4177 12
4178 13
4179 12
4180 13
4181 11
4182 12
4183 11
4184 11
4185 11
4186 11
4187 12
4188 31
4189 12
4190 12
4191 14
4192 12
4193 13
4194 13
4195 13
4196 12
4197 11
4198 12
4199 10
4200 12
4201 13
4202 13
4203 11
4204 12
4205 12
4206 12
4207 13
4208 12
4209 12
4210 12
4211 39
4212 13
4213 12
4214 12
4215 13
4216 14
4217 11
4218 12
4219 12
4220 12
4221 13
4222 12
4223 13
4224 12
4225 12
4226 12
4227 12
4228 11
4229 11
4230 11
4231 11
4232 11
4233 11
4234 12
4235 11
4236 12
4237 12
4238 15
4239 12
4240 13
4241 14
4242 11
4243 12
4244 13
4245 11
4246 11
4247 13
4248 11
4249 13
4250 13
4251 12
4252 12
4253 14
4254 12
4255 14
4256 12
4257 12
4258 13
4259 32
4260 13
4261 11
4262 12
4263 12
4264 11
4265 12
4266 13
4267 13
4268 12
4269 12
4270 12
4271 13
4272 56
4273 12
4274 12
4275 12
4276 12
4277 11
4278 14
4279 13
4280 13
4281 13
4282 12
4283 13
4284 11
4285 12
4286 11
4287 11
4288 11
4289 13
4290 13
4291 12
4292 12
4293 11
4294 12
4295 13
4296 12
4297 14
4298 12
4299 10
4300 13
4301 12
4302 12
4303 13
4304 14
4305 12
4306 12
4307 11
4308 12
4309 12
4310 12
4311 11
4312 12
4313 13
4314 12
4315 11
4316 14
4317 10
4318 14
4319 13
4320 11
4321 12
4322 34
4323 12
4324 12
4325 12
4326 14
4327 13
4328 12
4329 12
4330 12
4331 11
4332 13
4333 12
4334 13
4335 11
4336 13
4337 14
4338 11
4339 10
4340 12
4341 12
4342 11
4343 12
4344 11
4345 12
4346 13
4347 73
4348 11
4349 12
4350 12
4351 10
4352 12
4353 12
4354 13
4355 13
4356 12
4357 12
4358 11
4359 12
4360 12
4361 11
4362 12
4363 12
4364 11
4365 14
4366 11
4367 12
4368 12
4369 12
4370 13
4371 12
4372 12
4373 12
4374 12
4375 11
4376 11
4377 12
4378 13
4379 13
4380 11
4381 12
4382 13
4383 13
4384 14
4385 10
4386 13
4387 12
4388 12
4389 12
4390 12
4391 40
4392 14
4393 12
4394 11
4395 13
4396 13
4397 11
4398 13
4399 14
4400 11
4401 13
4402 12
4403 12
4404 13
4405 12
4406 12
4407 14
4408 12
4409 13
4410 13
4411 12
4412 11
4413 12
4414 12
4415 10
4416 13
4417 13
4418 12
4419 13
4420 12
4421 12
4422 33
4423 12
4424 13
4425 11
4426 14
4427 14
4428 12
4429 12
4430 11
4431 12
4432 12
4433 11
4434 11
4435 12
4436 10
4437 13
4438 13
4439 13
4440 13
4441 11
4442 13
4443 12
4444 11
4445 13
4446 12
4447 11
4448 11
4449 12
4450 12
4451 12
4452 12
4453 13
4454 12
4455 12
4456 11
4457 12
4458 12
4459 14
4460 12
4461 12
4462 11
4463 12
4464 11
4465 13
4466 13
4467 12
4468 12
4469 12
4470 11
4471 13
4472 11
4473 11
4474 12
4475 13
4476 12
4477 13
4478 12
4479 12
4480 13
4481 11
4482 12
4483 72
4484 12
4485 12
4486 12
4487 12
4488 13
4489 12
4490 11
4491 12
4492 12
4493 10
4494 12
4495 11
4496 10
4497 11
4498 12
4499 11
4500 12
4501 12
4502 12
4503 10
4504 11
4505 13
4506 11
4507 13
4508 12
4509 12
4510 10
4511 14
4512 11
4513 12
4514 11
4515 33
4516 11
4517 12
4518 12
4519 11
4520 12
4521 11
4522 11
4523 14
4524 10
4525 13
4526 11
4527 11
4528 11
4529 12
4530 12
4531 13
4532 12
4533 12
4534 12
4535 11
4536 11
4537 11
4538 11
4539 12
4540 12
4541 12
4542 12
4543 12
4544 11
4545 12
4546 12
4547 11
4548 10
4549 12
4550 12
4551 12
4552 12
4553 12
4554 13
4555 11
4556 13
4557 13
4558 12
4559 13
4560 13
4561 31
4562 13
4563 11
4564 12
4565 11
4566 12
4567 12
4568 12
4569 12
4570 12
4571 12
4572 12
4573 11
4574 12
4575 12
4576 12
4577 13
4578 11
4579 13
4580 13
4581 12
4582 13
4583 11
4584 11
4585 11
4586 13
4587 12
4588 13
4589 31
4590 12
4591 12
4592 12
4593 12
4594 11
4595 11
4596 12
4597 11
4598 12
4599 14
4600 12
4601 11
4602 13
4603 12
4604 11
4605 12
4606 12
4607 13
4608 33
4609 11
4610 11
4611 12
4612 12
4613 37
4614 11
4615 12
4616 13
4617 13
4618 11
4619 10
4620 12
4621 12
4622 10
4623 14
4624 12
4625 12
4626 13
4627 13
4628 12
4629 14
4630 12
4631 12
4632 12
4633 11
4634 12
4635 12
4636 13
4637 14
4638 12
4639 14
4640 11
4641 12
4642 13
4643 11
4644 11
4645 14
4646 11
4647 11
4648 12
4649 11
4650 11
4651 11
4652 13
4653 12
4654 12
4655 12
4656 10
4657 11
4658 13
4659 12
4660 13
4661 12
4662 14
4663 13
4664 12
4665 12
4666 12
4667 11
4668 13
4669 11
4670 13
4671 11
4672 13
4673 12
4674 12
4675 11
4676 12
4677 11
4678 14
4679 12
4680 11
4681 11
4682 56
4683 30
4684 12
4685 11
4686 13
4687 12
4688 12
4689 11
4690 12
4691 12
4692 13
4693 12
4694 12
4695 11
4696 70
4697 13
4698 11
4699 13
4700 12
4701 11
4702 12
4703 13
4704 13
4705 11
4706 11
4707 12
4708 12
4709 12
4710 13
4711 12
4712 12
4713 13
4714 12
4715 12
4716 11
4717 12
4718 12
4719 11
4720 12
4721 11
4722 11
4723 12
4724 35
4725 12
4726 12
4727 14
4728 14
4729 12
4730 11
4731 13
4732 11
4733 12
4734 32
4735 12
4736 14
4737 11
4738 12
4739 12
4740 12
4741 13
4742 12
4743 12
4744 11
4745 13
4746 12
4747 12
4748 19
4749 11
4750 11
4751 13
4752 13
4753 11
4754 12
4755 11
4756 12
4757 11
4758 11
4759 12
4760 11
4761 12
4762 11
4763 11
4764 12
4765 11
4766 11
4767 13
4768 12
4769 13
4770 13
4771 12
4772 11
4773 12
4774 12
4775 12
4776 12
4777 12
4778 12
4779 11
4780 13
4781 13
4782 14
4783 13
4784 12
4785 13
4786 13
4787 13
4788 12
4789 12
4790 10
4791 11
4792 13
4793 12
4794 39
4795 12
4796 12
4797 12
4798 12
4799 12
4800 13
4801 11
4802 20
4803 12
4804 13
4805 12
4806 12
4807 12
4808 10
4809 12
4810 11
4811 11
4812 12
4813 13
4814 13
4815 12
4816 14
4817 12
4818 10
4819 13
4820 12
4821 13
4822 11
4823 12
4824 13
4825 13
4826 13
4827 12
4828 11
4829 32
4830 12
4831 12
4832 11
4833 12
4834 13
4835 13
4836 32
4837 35
4838 13
4839 12
4840 13
4841 14
4842 12
4843 13
4844 11
4845 13
4846 12
4847 12
4848 12
4849 13
4850 11
4851 11
4852 31
4853 33
4854 12
4855 81
4856 12
4857 11
4858 18
4859 12
4860 13
4861 14
4862 13
4863 13
4864 11
4865 12
4866 11
4867 33
4868 41
4869 11
4870 12
4871 12
4872 11
4873 12
4874 12
4875 12
4876 11
4877 12
4878 20
4879 12
4880 13
4881 11
4882 14
4883 13
4884 12
4885 12
4886 13
4887 13
4888 13
4889 13
4890 12
4891 13
4892 38
4893 11
4894 12
4895 12
4896 12
4897 34
4898 11
4899 11
4900 12
4901 13
4902 21
4903 12
4904 12
4905 12
4906 12
4907 12
4908 11
4909 12
4910 32
4911 13
4912 12
4913 11
4914 13
4915 11
4916 11
4917 11
4918 12
4919 12
4920 12
4921 12
4922 12
4923 12
4924 12
4925 12
4926 12
4927 12
4928 13
4929 12
4930 11
4931 14
4932 12
4933 12
4934 12
4935 12
4936 11
4937 11
4938 13
4939 50
4940 11
4941 12
4942 12
4943 11
4944 11
4945 13
4946 12
4947 13
4948 17
4949 43
4950 12
4951 14
4952 33
4953 12
4954 31
4955 12
4956 12
4957 11
4958 12
4959 13
4960 12
4961 12
4962 12
4963 13
4964 11
4965 11
4966 13
4967 13
4968 13
4969 14
4970 13
4971 13
4972 12
4973 10
4974 11
4975 11
4976 11
4977 11
4978 11
4979 12
4980 14
4981 12
4982 12
4983 12
4984 12
4985 11
4986 12
4987 13
4988 13
4989 14
4990 13
4991 13
4992 11
4993 11
4994 57
4995 12
4996 12
4997 11
4998 11
4999 11
5000 13
5001 11
5002 11
5003 11
5004 11
5005 12
5006 12
5007 30
5008 11
5009 11
5010 11
5011 12
5012 11
5013 10
5014 12
5015 13
5016 13
5017 12
5018 12
5019 14
5020 11
5021 11
5022 12
5023 11
5024 12
5025 12
5026 13
5027 12
5028 11
5029 13
5030 12
5031 12
5032 12
5033 12
5034 12
5035 35
5036 11
5037 12
5038 11
5039 12
5040 12
5041 12
5042 12
5043 12
5044 11
5045 12
5046 12
5047 12
5048 12
5049 13
5050 13
5051 13
5052 14
5053 12
5054 11
5055 13
5056 11
5057 12
5058 33
5059 13
5060 12
5061 12
5062 12
5063 34
5064 18
5065 39
5066 13
5067 13
5068 12
5069 11
5070 12
5071 11
5072 13
5073 11
5074 13
5075 13
5076 11
5077 20
5078 11
5079 12
5080 12
5081 14
5082 12
5083 12
5084 12
5085 12
5086 12
5087 12
5088 14
5089 12
5090 13
5091 12
5092 12
5093 12
5094 12
5095 12
5096 11
5097 12
5098 10
5099 11
5100 13
5101 12
5102 12
5103 12
5104 12
5105 11
5106 12
5107 14
5108 13
5109 12
5110 11
5111 13
5112 33
5113 38
5114 12
5115 11
5116 13
5117 12
5118 13
5119 11
5120 13
5121 11
5122 12
5123 12
5124 13
5125 11
5126 11
5127 12
5128 12
5129 12
5130 11
5131 13
5132 12
5133 13
5134 10
5135 11
5136 13
5137 13
5138 12
5139 11
5140 10
5141 9
5142 11
5143 12
5144 13
5145 12
5146 11
5147 13
5148 13
5149 13
5150 13
5151 12
5152 12
5153 12
5154 13
5155 11
5156 14
5157 10
5158 12
5159 13
5160 13
5161 11
5162 11
5163 12
5164 11
5165 11
5166 12
5167 11
5168 12
5169 10
5170 11
5171 33
5172 19
5173 12
5174 12
5175 13
5176 11
5177 13
5178 12
5179 12
5180 13
5181 12
5182 13
5183 12
5184 12
5185 12
5186 13
5187 10
5188 13
5189 12
5190 11
5191 12
5192 11
5193 13
5194 11
5195 12
5196 12
5197 11
5198 11
5199 14
5200 13
5201 34
5202 34
5203 12
5204 12
5205 12
5206 11
5207 11
5208 12
5209 13
5210 11
5211 12
5212 13
5213 12
5214 11
5215 12
5216 11
5217 11
5218 12
5219 10
5220 12
5221 12
5222 11
5223 12
5224 12
5225 12
5226 12
5227 11
5228 10
5229 33
5230 33
5231 33
5232 13
5233 14
5234 14
5235 11
5236 13
5237 12
5238 11
5239 14
5240 12
5241 11
5242 33
5243 50
5244 33
5245 54
5246 11
5247 13
5248 12
5249 11
5250 13
5251 13
5252 11
5253 12
5254 13
5255 12
5256 13
5257 11
5258 12
5259 11
5260 11
5261 11
5262 11
5263 13
5264 12
5265 11
5266 11
5267 13
5268 11
5269 11
5270 11
5271 20
5272 18
5273 11
5274 13
5275 13
5276 11
5277 10
5278 11
5279 11
5280 13
5281 14
5282 12
5283 12
5284 13
5285 13
5286 34
5287 31
5288 12
5289 11
5290 12
5291 12
5292 11
5293 12
5294 11
5295 12
5296 11
5297 12
5298 31
5299 13
5300 35
5301 12
5302 11
5303 11
5304 12
5305 13
5306 12
5307 12
5308 13
5309 31
5310 12
5311 12
5312 12
5313 12
5314 13
5315 11
5316 11
5317 11
5318 12
5319 11
5320 12
5321 12
5322 12
5323 13
5324 11
5325 13
5326 13
5327 12
5328 11
5329 13
5330 12
5331 10
5332 10
5333 11
5334 12
5335 12
5336 11
5337 11
5338 13
5339 17
5340 12
5341 12
5342 12
5343 10
5344 13
5345 12
5346 12
5347 13
5348 11
5349 12
5350 38
5351 13
5352 11
5353 12
5354 12
5355 13
5356 10
5357 12
5358 13
5359 12
5360 11
5361 10
5362 11
5363 12
5364 12
5365 12
5366 14
5367 12
5368 12
5369 11
5370 13
5371 10
5372 13
5373 11
5374 11
5375 12
5376 13
5377 12
5378 13
5379 10
5380 11
5381 12
5382 12
5383 35
5384 32
5385 34
5386 14
5387 33
5388 12
5389 11
5390 12
5391 14
5392 13
5393 13
5394 11
5395 11
5396 13
5397 12
5398 12
5399 11
5400 12
5401 12
5402 12
5403 12
5404 12
5405 12
5406 12
5407 20
5408 11
5409 11
5410 12
5411 13
5412 12
5413 12
5414 14
5415 13
5416 11
5417 11
5418 11
5419 12
5420 13
5421 12
5422 12
5423 13
5424 13
5425 13
5426 12
5427 13
5428 12
5429 10
5430 14
5431 11
5432 13
5433 12
5434 40
5435 13
5436 12
5437 10
5438 13
5439 11
5440 13
5441 13
5442 14
5443 12
5444 11
5445 11
5446 10
5447 13
5448 12
5449 10
5450 12
5451 11
5452 11
5453 11
5454 12
5455 14
5456 12
5457 11
5458 11
5459 10
5460 11
5461 12
5462 14
5463 11
5464 13
5465 12
5466 14
5467 12
5468 12
5469 12
5470 12
5471 19
5472 13
5473 11
5474 12
5475 12
5476 11
5477 12
5478 11
5479 12
5480 11
5481 12
5482 13
5483 11
5484 32
5485 11
5486 13
5487 33
5488 13
5489 12
5490 12
5491 15
5492 33
5493 13
5494 12
5495 11
5496 13
5497 11
5498 13
5499 13
5500 11
5501 12
5502 11
5503 13
5504 12
5505 21
5506 12
5507 11
5508 11
5509 12
5510 13
5511 12
5512 12
5513 12
5514 13
5515 11
5516 12
5517 12
5518 11
5519 12
5520 11
5521 12
5522 12
5523 11
5524 12
5525 11
5526 11
5527 13
5528 11
5529 11
5530 13
5531 12
5532 12
5533 21
5534 21
5535 12
5536 12
5537 11
5538 11
5539 12
5540 11
5541 11
5542 11
5543 12
5544 12
5545 11
5546 32
5547 57
5548 30
5549 12
5550 13
5551 12
5552 12
5553 11
5554 13
5555 12
5556 12
5557 12
5558 11
5559 11
5560 11
5561 12
5562 13
5563 12
5564 12
5565 11
5566 12
5567 11
5568 12
5569 13
5570 11
5571 11
5572 10
5573 34
5574 12
5575 11
5576 11
5577 13
5578 15
5579 11
5580 12
5581 12
5582 36
5583 19
5584 12
5585 16
5586 12
5587 13
5588 12
5589 12
5590 15
5591 12
5592 12
5593 13
5594 14
5595 12
5596 13
5597 13
5598 11
5599 12
5600 12
5601 11
5602 34
5603 13
5604 13
5605 13
5606 13
5607 13
5608 13
5609 13
5610 12
5611 13
5612 13
5613 19
5614 12
5615 14
5616 14
5617 16
5618 22
5619 20
5620 18
5621 13
5622 12
5623 13
5624 13
5625 11
5626 11
5627 12
5628 13
5629 12
5630 12
5631 13
5632 12
5633 13
5634 14
5635 22
5636 18
5637 16
5638 13
5639 21
5640 34
5641 13
5642 12
5643 12
5644 14
5645 13
5646 12
5647 11
5648 12
5649 14
5650 12
5651 11
5652 13
5653 11
5654 11
5655 13
5656 13
5657 13
5658 11
5659 11
5660 13
5661 12
5662 12
5663 12
5664 12
5665 12
5666 12
5667 17
5668 17
5669 13
5670 16
5671 12
5672 13
5673 12
5674 14
5675 14
5676 11
5677 65
5678 13
5679 13
5680 16
5681 13
5682 12
5683 12
5684 13
5685 11
5686 13
5687 12
5688 12
5689 20
5690 13
5691 14
5692 32
5693 12
5694 38
5695 13
5696 13
5697 12
5698 12
5699 11
5700 11
5701 11
5702 13
5703 12
5704 12
5705 11
5706 13
5707 12
5708 12
5709 11
5710 13
5711 12
5712 12
5713 12
5714 12
5715 13
5716 13
5717 12
5718 14
5719 12
5720 13
5721 11
5722 13
5723 11
5724 10
5725 13
5726 12
5727 12
5728 13
5729 13
5730 13
5731 11
5732 12
5733 12
5734 12
5735 14
5736 14
5737 12
5738 11
5739 12
5740 12
5741 12
5742 12
5743 14
5744 13
5745 12
5746 12
5747 12
5748 11
5749 11
5750 11
5751 10
5752 14
5753 11
5754 43
5755 13
5756 29
5757 12
5758 12
5759 11
5760 11
5761 13
5762 13
5763 72
5764 11
5765 13
5766 14
5767 12
5768 13
5769 12
5770 12
5771 12
5772 13
5773 12
5774 11
5775 13
5776 12
5777 12
5778 71
5779 12
5780 34
5781 13
5782 13
5783 12
5784 12
5785 12
5786 12
5787 12
5788 10
5789 12
5790 13
5791 12
5792 12
5793 12
5794 12
5795 14
5796 13
5797 12
5798 13
5799 12
5800 11
5801 13
5802 11
5803 11
5804 12
5805 79
5806 11
5807 13
5808 12
5809 12
5810 35
5811 13
5812 13
5813 14
5814 11
5815 11
5816 12
5817 17
5818 12
5819 11
5820 13
5821 12
5822 12
5823 14
5824 12
5825 33
5826 13
5827 13
5828 12
5829 11
5830 12
5831 33
5832 12
5833 13
5834 12
5835 13
5836 12
5837 13
5838 12
5839 12
5840 12
5841 13
5842 13
5843 12
5844 13
5845 13
5846 12
5847 11
5848 14
5849 32
5850 33
5851 13
5852 13
5853 12
5854 13
5855 11
5856 10
5857 11
5858 12
5859 12
5860 13
5861 11
5862 12
5863 12
5864 11
5865 13
5866 14
5867 14
5868 10
5869 11
5870 12
5871 13
5872 13
5873 12
5874 12
5875 11
5876 12
5877 12
5878 12
5879 12
5880 12
5881 12
5882 12
5883 12
5884 12
5885 13
5886 10
5887 11
5888 12
5889 14
5890 12
5891 12
5892 12
5893 11
5894 14
5895 12
5896 13
5897 12
5898 12
5899 13
5900 12
5901 11
5902 13
5903 11
5904 14
5905 13
5906 12
5907 33
5908 40
5909 12
5910 12
5911 12
5912 11
5913 13
5914 12
5915 13
5916 12
5917 13
5918 14
5919 10
5920 13
5921 14
5922 11
5923 12
5924 12
5925 11
5926 14
5927 11
5928 13
5929 14
5930 12
5931 12
5932 15
5933 12
5934 12
5935 11
5936 15
5937 11
5938 33
5939 33
5940 56
5941 11
5942 13
5943 12
5944 12
5945 11
5946 11
5947 10
5948 12
5949 11
5950 10
5951 32
5952 12
5953 11
5954 12
5955 12
5956 12
5957 12
5958 11
5959 10
5960 12
5961 12
5962 13
5963 12
5964 12
5965 14
5966 12
5967 13
5968 13
5969 11
5970 12
5971 12
5972 11
5973 10
5974 11
5975 11
5976 12
5977 12
5978 34
5979 13
5980 12
5981 14
5982 12
5983 14
5984 12
5985 13
5986 12
5987 10
5988 12
5989 11
5990 12
5991 20
5992 21
5993 14
5994 12
5995 12
5996 11
5997 12
5998 11
5999 12
6000 13
6001 11
6002 11
6003 12
6004 12
6005 39
6006 13
6007 12
6008 11
6009 11
6010 12
6011 12
6012 10
6013 34
6014 13
6015 11
6016 10
6017 11
6018 11
6019 11
6020 11
6021 11
6022 10
6023 12
6024 12
6025 11
6026 10
6027 12
6028 13
6029 14
6030 14
6031 12
6032 13
6033 11
6034 13
6035 13
6036 11
6037 10
6038 12
6039 10
6040 12
6041 11
6042 12
6043 12
6044 12
6045 12
6046 14
6047 12
6048 11
6049 13
6050 11
6051 12
6052 12
6053 11
6054 11
6055 11
6056 12
6057 12
6058 13
6059 12
6060 13
6061 10
6062 12
6063 12
6064 12
6065 13
6066 12
6067 13
6068 12
6069 11
6070 12
6071 13
6072 12
6073 12
6074 12
6075 13
6076 11
6077 12
6078 12
6079 12
6080 12
6081 12
6082 11
6083 19
6084 10
6085 12
6086 12
6087 15
6088 13
6089 12
6090 12
6091 11
6092 21
6093 14
6094 13
6095 12
6096 12
6097 14
6098 13
6099 13
6100 13
6101 12
6102 14
6103 11
6104 12
6105 12
6106 12
6107 12
6108 12
6109 12
6110 12
6111 12
6112 13
6113 34
6114 11
6115 11
6116 13
6117 12
6118 12
6119 12
6120 12
6121 12
6122 12
6123 38
6124 12
6125 13
6126 12
6127 11
6128 13
6129 12
6130 10
6131 12
6132 12
6133 13
6134 12
6135 12
6136 12
6137 13
6138 12
6139 11
6140 12
6141 10
6142 13
6143 13
6144 11
6145 13
6146 56
6147 12
6148 13
6149 38
6150 13
6151 12
6152 13
6153 12
6154 14
6155 12
6156 11
6157 12
6158 11
6159 12
6160 12
6161 13
6162 12
6163 13
6164 12
6165 11
6166 12
6167 14
6168 12
6169 12
6170 11
6171 12
6172 13
6173 13
6174 11
6175 14
6176 13
6177 14
6178 11
6179 13
6180 12
6181 12
6182 14
6183 13
6184 11
6185 12
6186 11
6187 10
6188 13
6189 12
6190 9
6191 33
6192 11
6193 13
6194 11
6195 12
6196 11
6197 13
6198 13
6199 13
6200 13
6201 13
6202 13
6203 11
6204 14
6205 13
6206 13
6207 13
6208 13
6209 14
6210 11
6211 12
6212 12
6213 12
6214 12
6215 13
6216 13
6217 13
6218 13
6219 11
6220 11
6221 12
6222 11
6223 12
6224 12
6225 11
6226 10
6227 11
6228 34
6229 13
6230 12
6231 12
6232 11
6233 12
6234 13
6235 11
6236 13
6237 12
6238 12
6239 12
6240 14
6241 14
6242 12
6243 11
6244 12
6245 11
6246 12
6247 13
6248 12
6249 13
6250 11
6251 13
6252 12
6253 11
6254 11
6255 12
6256 33
6257 13
6258 14
6259 12
6260 12
6261 11
6262 12
6263 11
6264 12
6265 13
6266 13
6267 11
6268 13
6269 12
6270 11
6271 13
6272 12
6273 13
6274 11
6275 12
6276 13
6277 12
6278 13
6279 13
6280 11
6281 12
6282 12
6283 13
6284 13
6285 13
6286 13
6287 13
6288 12
6289 13
6290 16
6291 13
6292 12
6293 13
6294 11
6295 13
6296 12
6297 11
6298 11
6299 12
6300 13
6301 12
6302 11
6303 13
6304 13
6305 11
6306 11
6307 12
6308 11
6309 13
6310 13
6311 12
6312 11
6313 11
6314 12
6315 12
6316 12
6317 11
6318 11
6319 12
6320 11
6321 13
6322 11
6323 11
6324 13
6325 12
6326 12
6327 12
6328 12
6329 12
6330 11
6331 11
6332 12
6333 12
6334 12
6335 12
6336 11
6337 12
6338 12
6339 12
6340 12
6341 11
6342 12
6343 13
6344 12
6345 11
6346 11
6347 12
6348 12
6349 12
6350 35
6351 12
6352 12
6353 11
6354 19
6355 13
6356 13
6357 12
6358 12
6359 12
6360 12
6361 12
6362 11
6363 12
6364 12
6365 13
6366 14
6367 13
6368 12
6369 11
6370 14
6371 11
6372 11
6373 12
6374 11
6375 10
6376 13
6377 13
6378 13
6379 11
6380 12
6381 11
6382 12
6383 11
6384 13
6385 13
6386 11
6387 11
6388 12
6389 12
6390 11
6391 12
6392 11
6393 12
6394 12
6395 12
6396 11
6397 13
6398 12
6399 33
6400 13
6401 12
6402 12
6403 14
6404 13
6405 12
6406 13
6407 12
6408 12
6409 13
6410 12
6411 11
6412 13
6413 12
6414 13
6415 12
6416 13
6417 11
6418 12
6419 13
6420 14
6421 13
6422 14
6423 13
6424 13
6425 12
6426 12
6427 13
6428 11
6429 11
6430 10
6431 12
6432 12
6433 11
6434 11
6435 11
6436 10
6437 11
6438 12
6439 12
6440 11
6441 12
6442 11
6443 14
6444 12
6445 11
6446 10
6447 12
6448 12
6449 11
6450 15
6451 13
6452 12
6453 11
6454 13
6455 11
6456 11
6457 13
6458 12
6459 10
6460 11
6461 13
6462 13
6463 12
6464 14
6465 12
6466 11
6467 12
6468 13
6469 12
6470 33
6471 13
6472 12
6473 12
6474 12
6475 12
6476 13
6477 12
6478 12
6479 12
6480 13
6481 20
6482 12
6483 12
6484 11
6485 12
6486 11
6487 35
6488 13
6489 14
6490 12
6491 13
6492 14
6493 12
6494 13
6495 11
6496 11
6497 12
6498 12
6499 13
6500 12
6501 13
6502 12
6503 12
6504 12
6505 13
6506 14
6507 13
6508 11
6509 12
6510 13
6511 11
6512 13
6513 13
6514 13
6515 13
6516 11
6517 11
6518 11
6519 11
6520 34
6521 39
6522 11
6523 11
6524 12
6525 11
6526 12
6527 11
6528 12
6529 12
6530 12
6531 12
6532 12
6533 13
6534 12
6535 12
6536 10
6537 11
6538 12
6539 11
6540 12
6541 12
6542 12
6543 11
6544 11
6545 11
6546 12
6547 12
6548 11
6549 13
6550 11
6551 12
6552 12
6553 12
6554 14
6555 12
6556 13
6557 12
6558 12
6559 12
6560 12
6561 11
6562 12
6563 12
6564 13
6565 12
6566 12
6567 34
6568 20
6569 12
6570 12
6571 12
6572 12
6573 12
6574 13
6575 12
6576 13
6577 11
6578 13
6579 12
6580 12
6581 12
6582 13
6583 13
6584 12
6585 12
6586 12
6587 11
6588 12
6589 11
6590 10
6591 12
6592 11
6593 12
6594 13
6595 11
6596 11
6597 12
6598 12
6599 12
6600 13
6601 12
6602 12
6603 13
6604 12
6605 12
6606 11
6607 11
6608 11
6609 12
6610 13
6611 11
6612 13
6613 12
6614 13
6615 11
6616 12
6617 12
6618 13
6619 12
6620 12
6621 12
6622 12
6623 12
6624 12
6625 11
6626 13
6627 12
6628 11
6629 13
6630 11
6631 11
6632 12
6633 12
6634 12
6635 12
6636 13
6637 12
6638 11
6639 13
6640 13
6641 12
6642 12
6643 13
6644 11
6645 18
6646 12
6647 12
6648 12
6649 11
6650 13
6651 12
6652 11
6653 13
6654 10
6655 12
6656 12
6657 12
6658 12
6659 13
6660 12
6661 11
6662 12
6663 13
6664 13
6665 14
6666 12
6667 11
6668 14
6669 34
6670 11
6671 12
6672 12
6673 10
6674 11
6675 33
6676 11
6677 12
6678 13
6679 10
6680 10
6681 11
6682 11
6683 11
6684 11
6685 11
6686 35
6687 78
6688 33
6689 12
6690 13
6691 13
6692 12
6693 12
6694 12
6695 12
6696 11
6697 12
6698 13
6699 11
6700 12
6701 11
6702 11
6703 11
6704 12
6705 12
6706 13
6707 13
6708 12
6709 12
6710 12
6711 13
6712 12
6713 12
6714 12
6715 12
6716 11
6717 13
6718 13
6719 13
6720 11
6721 19
6722 12
6723 12
6724 12
6725 13
6726 12
6727 12
6728 11
6729 12
6730 13
6731 12
6732 12
6733 13
6734 13
6735 13
6736 11
6737 13
6738 12
6739 11
6740 11
6741 12
6742 12
6743 13
6744 11
6745 11
6746 12
6747 78
6748 11
6749 13
6750 12
6751 12
6752 12
6753 12
6754 14
6755 11
6756 11
6757 34
6758 12
6759 13
6760 11
6761 12
6762 12
6763 12
6764 10
6765 12
6766 33
6767 12
6768 12
6769 14
6770 12
6771 33
6772 13
6773 13
6774 13
6775 11
6776 12
6777 13
6778 12
6779 11
6780 11
6781 13
6782 13
6783 12
6784 13
6785 10
6786 12
6787 11
6788 11
6789 11
6790 13
6791 34
6792 12
6793 20
6794 11
6795 12
6796 12
6797 12
6798 12
6799 11
6800 12
6801 12
6802 11
6803 12
6804 10
6805 12
6806 10
6807 11
6808 12
6809 11
6810 11
6811 12
6812 12
6813 13
6814 12
6815 14
6816 34
6817 13
6818 13
6819 12
6820 35
6821 12
6822 14
6823 11
6824 14
6825 13
6826 12
6827 17
6828 13
6829 13
6830 11
6831 13
6832 14
6833 11
6834 12
6835 11
6836 12
6837 12
6838 11
6839 12
6840 12
6841 11
6842 12
6843 12
6844 10
6845 11
6846 14
6847 12
6848 13
6849 20
6850 13
6851 12
6852 11
6853 12
6854 12
6855 11
6856 12
6857 13
6858 12
6859 11
6860 34
6861 12
6862 12
6863 13
6864 13
6865 12
6866 11
6867 17
6868 12
6869 13
6870 12
6871 13
6872 12
6873 11
6874 12
6875 12
6876 12
6877 34
6878 13
6879 14
6880 12
6881 13
6882 12
6883 11
6884 11
6885 12
6886 10
6887 10
6888 11
6889 32
6890 13
6891 11
6892 10
6893 11
6894 12
6895 13
6896 12
6897 11
6898 12
6899 12
6900 13
6901 12
6902 12
6903 12
6904 12
6905 14
6906 12
6907 12
6908 12
6909 11
6910 12
6911 11
6912 11
6913 11
6914 12
6915 11
6916 12
6917 12
6918 11
6919 11
6920 11
6921 13
6922 13
6923 13
6924 12
6925 20
6926 13
6927 12
6928 19
6929 12
6930 10
6931 11
6932 13
6933 11
6934 12
6935 33
6936 12
6937 12
6938 11
6939 10
6940 11
6941 10
6942 12
6943 12
6944 12
6945 12
6946 12
6947 13
6948 12
6949 13
6950 13
6951 13
6952 14
6953 13
6954 12
6955 12
6956 12
6957 12
6958 11
6959 12
6960 33
6961 34
6962 11
6963 12
6964 13
6965 11
6966 14
6967 11
6968 11
6969 12
6970 13
6971 11
6972 13
6973 20
6974 12
6975 11
6976 13
6977 12
6978 12
6979 12
6980 12
6981 12
6982 12
6983 13
6984 11
6985 12
6986 12
6987 12
6988 12
6989 11
6990 11
6991 12
6992 11
6993 11
6994 12
6995 12
6996 14
6997 15
6998 13
6999 12
7000 13
7001 12
7002 12
7003 12
7004 13
7005 13
7006 12
7007 13
7008 13
7009 11
7010 11
7011 13
7012 12
7013 12
7014 12
7015 10
7016 13
7017 12
7018 11
7019 12
7020 12
7021 11
7022 13
7023 13
7024 13
7025 12
7026 10
7027 12
7028 13
7029 11
7030 13
7031 12
7032 11
7033 12
7034 13
7035 11
7036 13
7037 12
7038 13
7039 12
7040 11
7041 12
7042 13
7043 13
7044 12
7045 13
7046 12
7047 13
7048 12
7049 14
7050 11
7051 11
7052 13
7053 13
7054 11
7055 11
7056 12
7057 11
7058 14
7059 13
7060 13
7061 13
7062 11
7063 13
7064 11
7065 12
7066 13
7067 12
7068 12
7069 12
7070 13
7071 13
7072 11
7073 11
7074 11
7075 12
7076 11
7077 11
7078 20
7079 33
7080 57
7081 12
7082 12
7083 12
7084 13
7085 11
7086 11
7087 11
7088 13
7089 14
7090 11
7091 12
7092 11
7093 11
7094 13
7095 19
7096 12
7097 13
7098 11
7099 11
7100 12
7101 13
7102 14
7103 11
7104 12
7105 12
7106 11
7107 12
7108 13
7109 12
7110 11
7111 11
7112 14
7113 12
7114 11
7115 11
7116 12
7117 13
7118 12
7119 12
7120 13
7121 12
7122 13
7123 11
7124 11
7125 32
7126 11
7127 12
7128 12
7129 11
7130 11
7131 11
7132 33
7133 13
7134 13
7135 11
7136 33
7137 13
7138 12
7139 12
7140 11
7141 13
7142 11
7143 13
7144 11
7145 11
7146 11
7147 13
7148 12
7149 11
7150 13
7151 13
7152 12
7153 11
7154 13
7155 12
7156 11
7157 11
7158 33
7159 12
7160 29
7161 13
7162 12
7163 12
7164 13
7165 13
7166 12
7167 12
7168 12
7169 12
7170 11
7171 13
7172 11
7173 12
7174 18
7175 13
7176 12
7177 11
7178 12
7179 11
7180 12
7181 12
7182 13
7183 11
7184 12
7185 12
7186 13
7187 11
7188 12
7189 11
7190 34
7191 13
7192 12
7193 12
7194 12
7195 12
7196 12
7197 12
7198 11
7199 14
7200 12
7201 12
7202 13
7203 12
7204 11
7205 11
7206 10
7207 10
7208 10
7209 9
7210 21
7211 11
7212 11
7213 13
7214 11
7215 12
7216 12
7217 12
7218 11
7219 12
7220 11
7221 11
7222 13
7223 11
7224 14
7225 13
7226 33
7227 38
7228 13
7229 12
7230 12
7231 12
7232 10
7233 11
7234 11
7235 12
7236 10
7237 11
7238 11
7239 11
7240 13
7241 34
7242 13
7243 30
7244 12
7245 13
7246 11
7247 13
7248 12
7249 13
7250 22
7251 11
7252 13
7253 11
7254 12
7255 12
7256 14
7257 12
7258 11
7259 12
7260 12
7261 11
7262 11
7263 11
7264 12
7265 10
7266 14
7267 13
7268 11
7269 12
7270 14
7271 11
7272 13
7273 13
7274 11
7275 13
7276 14
7277 12
7278 13
7279 12
7280 11
7281 11
7282 12
7283 14
7284 12
7285 11
7286 12
7287 13
7288 11
7289 10
7290 11
7291 13
7292 11
7293 11
7294 12
7295 12
7296 11
7297 13
7298 11
7299 10
7300 11
7301 14
7302 12
7303 13
7304 13
7305 12
7306 13
7307 13
7308 12
7309 12
7310 13
7311 11
7312 11
7313 11
7314 12
7315 12
7316 11
7317 12
7318 13
7319 13
7320 13
7321 11
7322 12
7323 14
7324 13
7325 18
7326 13
7327 11
7328 12
7329 11
7330 12
7331 12
7332 12
7333 12
7334 33
7335 32
7336 11
7337 12
7338 12
7339 12
7340 16
7341 14
7342 30
7343 12
7344 12
7345 12
7346 12
7347 12
7348 13
7349 12
7350 14
7351 20
7352 11
7353 13
7354 12
7355 13
7356 11
7357 47
7358 12
7359 11
7360 11
7361 31
7362 12
7363 33
7364 13
7365 12
7366 11
7367 13
7368 13
7369 11
7370 13
7371 12
7372 12
7373 10
7374 10
7375 13
7376 13
7377 12
7378 14
7379 12
7380 13
7381 12
7382 13
7383 21
7384 13
7385 11
7386 12
7387 13
7388 12
7389 12
7390 12
7391 12
7392 10
7393 12
7394 12
7395 15
7396 14
7397 13
7398 11
7399 11
7400 12
7401 12
7402 11
7403 11
7404 12
7405 12
7406 13
7407 10
7408 12
7409 12
7410 11
7411 13
7412 13
7413 14
7414 12
7415 11
7416 14
7417 13
7418 11
7419 12
7420 12
7421 12
7422 14
7423 12
7424 17
7425 13
7426 12
7427 12
7428 12
7429 13
7430 12
7431 11
7432 12
7433 11
7434 12
7435 33
7436 12
7437 13
7438 11
7439 11
7440 13
7441 13
7442 11
7443 13
7444 11
7445 10
7446 10
7447 11
7448 13
7449 12
7450 34
7451 57
7452 11
7453 12
7454 10
7455 13
7456 13
7457 11
7458 12
7459 11
7460 10
7461 11
7462 12
7463 11
7464 12
7465 10
7466 12
7467 10
7468 12
7469 13
7470 12
7471 14
7472 11
7473 11
7474 12
7475 11
7476 33
7477 12
7478 12
7479 12
7480 12
7481 11
7482 11
7483 13
7484 11
7485 12
7486 14
7487 11
7488 11
7489 12
7490 13
7491 13
7492 10
7493 12
7494 12
7495 11
7496 11
7497 11
7498 12
7499 12
7500 13
7501 12
7502 13
7503 12
7504 12
7505 11
7506 12
7507 13
7508 12
7509 12
7510 14
7511 12
7512 14
7513 14
7514 12
7515 12
7516 11
7517 12
7518 12
7519 12
7520 12
7521 12
7522 12
7523 11
7524 12
7525 12
7526 11
7527 13
7528 11
7529 13
7530 11
7531 14
7532 11
7533 11
7534 11
7535 12
7536 11
7537 10
7538 80
7539 12
7540 12
7541 12
7542 14
7543 12
7544 12
7545 12
7546 14
7547 12
7548 12
7549 14
7550 11
7551 11
7552 13
7553 14
7554 12
7555 11
7556 12
7557 12
7558 10
7559 11
7560 11
7561 79
7562 13
7563 11
7564 30
7565 12
7566 12
7567 12
7568 13
7569 12
7570 13
7571 11
7572 11
7573 12
7574 13
7575 12
7576 13
7577 14
7578 13
7579 11
7580 12
7581 13
7582 12
7583 12
7584 11
7585 13
7586 14
7587 12
7588 13
7589 12
7590 11
7591 38
7592 12
7593 12
7594 12
7595 11
7596 11
7597 12
7598 11
7599 11
7600 12
7601 11
7602 12
7603 12
7604 13
7605 12
7606 10
7607 12
7608 11
7609 13
7610 12
7611 12
7612 13
7613 13
7614 12
7615 11
7616 13
7617 16
7618 13
7619 20
7620 18
7621 13
7622 12
7623 11
7624 10
7625 11
7626 10
7627 10
7628 12
7629 11
7630 12
7631 11
7632 12
7633 13
7634 12
7635 13
7636 11
7637 12
7638 12
7639 12
7640 11
7641 11
7642 35
7643 12
7644 12
7645 20
7646 12
7647 11
7648 13
7649 13
7650 13
7651 12
7652 14
7653 17
7654 12
7655 33
7656 12
7657 12
7658 11
7659 13
7660 13
7661 11
7662 14
7663 13
7664 11
7665 12
7666 12
7667 12
7668 11
7669 13
7670 11
7671 12
7672 12
7673 10
7674 12
7675 11
7676 12
7677 11
7678 12
7679 12
7680 12
7681 11
7682 12
7683 11
7684 12
7685 11
7686 11
7687 13
7688 12
7689 11
7690 11
7691 11
7692 12
7693 12
7694 16
7695 12
7696 12
7697 12
7698 11
7699 12
7700 11
7701 12
7702 10
7703 12
7704 12
7705 13
7706 12
7707 12
7708 12
7709 11
7710 14
7711 11
7712 11
7713 13
7714 12
7715 12
7716 12
7717 12
7718 13
7719 12
7720 13
7721 12
7722 13
7723 11
7724 13
7725 12
7726 12
7727 11
7728 12
7729 13
7730 12
7731 11
7732 12
7733 11
7734 12
7735 11
7736 12
7737 13
7738 11
7739 13
7740 12
7741 12
7742 12
7743 13
7744 14
7745 14
7746 12
7747 13
7748 11
7749 12
7750 12
7751 13
7752 13
7753 12
7754 12
7755 12
7756 11
7757 33
7758 13
7759 12
7760 11
7761 10
7762 13
7763 33
7764 12
7765 12
7766 19
7767 11
7768 12
7769 13
7770 11
7771 12
7772 11
7773 11
7774 12
7775 13
7776 12
7777 11
7778 12
7779 12
7780 12
7781 12
7782 12
7783 11
7784 12
7785 12
7786 12
7787 12
7788 13
7789 11
7790 11
7791 13
7792 11
7793 12
7794 10
7795 11
7796 12
7797 11
7798 12
7799 12
7800 13
7801 14
7802 33
7803 39
7804 12
7805 12
7806 12
7807 13
7808 11
7809 12
7810 12
7811 12
7812 13
7813 11
7814 12
7815 31
7816 11
7817 12
7818 11
7819 12
7820 11
7821 12
7822 14
7823 13
7824 11
7825 13
7826 13
7827 12
7828 12
7829 12
7830 11
7831 11
7832 11
7833 14
7834 14
7835 11
7836 12
7837 12
7838 18
7839 13
7840 34
7841 71
7842 12
7843 11
7844 12
7845 13
7846 11
7847 12
7848 12
7849 13
7850 11
7851 13
7852 12
7853 10
7854 13
7855 13
7856 13
7857 14
7858 13
7859 12
7860 12
7861 13
7862 13
7863 12
7864 14
7865 12
7866 11
7867 14
7868 11
7869 12
7870 11
7871 12
7872 11
7873 12
7874 11
7875 11
7876 12
7877 12
7878 11
7879 12
7880 12
7881 11
7882 11
7883 12
7884 11
7885 11
7886 11
7887 14
7888 12
7889 13
7890 12
7891 11
7892 11
7893 37
7894 12
7895 13
7896 11
7897 30
7898 14
7899 12
7900 12
7901 11
7902 13
7903 12
7904 12
7905 16
7906 15
7907 12
7908 13
7909 11
7910 11
7911 12
7912 11
7913 13
7914 12
7915 12
7916 11
7917 12
7918 13
7919 13
7920 11
7921 12
7922 14
7923 12
7924 12
7925 11
7926 35
7927 13
7928 13
7929 11
7930 11
7931 11
7932 12
7933 11
7934 11
7935 27
7936 12
7937 12
7938 12
7939 13
7940 12
7941 12
7942 12
7943 12
7944 12
7945 11
7946 13
7947 11
7948 14
7949 13
7950 12
7951 11
7952 12
7953 12
7954 19
7955 12
7956 11
7957 13
7958 12
7959 13
7960 12
7961 12
7962 13
7963 13
7964 13
7965 12
7966 13
7967 11
7968 11
7969 10
7970 12
7971 11
7972 12
7973 11
7974 12
7975 13
7976 11
7977 11
7978 12
7979 13
7980 11
7981 11
7982 12
7983 13
7984 11
7985 13
7986 12
7987 13
7988 33
7989 13
7990 11
7991 11
7992 12
7993 11
7994 11
7995 11
7996 11
7997 12
7998 12
7999 11
8000 11
8001 71
8002 12
8003 12
8004 12
8005 12
8006 14
8007 12
8008 12
8009 11
8010 12
8011 13
8012 33
8013 11
8014 12
8015 11
8016 19
8017 12
8018 12
8019 13
8020 13
8021 34
8022 34
8023 53
8024 13
8025 12
8026 11
8027 12
8028 10
8029 14
8030 12
8031 12
8032 14
8033 12
8034 12
8035 13
8036 11
8037 12
8038 13
8039 11
8040 10
8041 12
8042 13
8043 11
8044 12
8045 13
8046 33
8047 12
8048 13
8049 13
8050 12
8051 12
8052 12
8053 15
8054 11
8055 12
8056 12
8057 13
8058 11
8059 12
8060 12
8061 13
8062 12
8063 12
8064 12
8065 18
8066 12
8067 13
8068 13
8069 11
8070 12
8071 11
8072 13
8073 12
8074 40
8075 12
8076 12
8077 181
8078 18
8079 18
8080 14
8081 10
8082 16
8083 15
8084 15
8085 26
8086 25
8087 26
8088 33
8089 27
8090 25
8091 25
8092 33
8093 27
8094 25
8095 25
8096 32
8097 27
8098 25
8099 25
8100 32
8101 26
8102 25
8103 25
8104 32
8105 27
8106 25
8107 25
8108 32
8109 26
8110 24
8111 25
8112 26
8113 26
8114 24
8115 32
8116 27
8117 25
8118 25
8119 32
8120 27
8121 25
8122 25
8123 32
8124 27
8125 25
8126 24
8127 32
8128 27
8129 25
8130 25
8131 32
8132 27
8133 25
8134 25
8135 32
8136 27
8137 25
8138 25
8139 32
8140 27
8141 25
8142 25
8143 32
8144 26
8145 25
8146 25
8147 32
8148 27
8149 25
8150 25
8151 32
8152 27
8153 25
8154 25
8155 31
8156 27
8157 25
8158 25
8159 32
8160 26
8161 25
8162 25
8163 32
8164 27
8165 25
8166 25
8167 32
8168 26
8169 25
8170 25
8171 32
8172 27
8173 24
8174 25
8175 32
8176 27
8177 25
8178 25
8179 32
8180 27
8181 25
8182 23
8183 33
8184 26
8185 25
8186 25
8187 32
8188 26
8189 25
8190 25
8191 32
8192 26
8193 25
8194 25
8195 32
8196 29
8197 25
8198 25
8199 33
8200 27
8201 25
8202 25
8203 32
8204 27
8205 25
8206 25
8207 32
8208 27
8209 25
8210 25
8211 32
8212 27
8213 25
8214 25
8215 32
8216 27
8217 25
8218 25
8219 32
8220 26
8221 25
8222 25
8223 32
8224 27
8225 25
8226 25
8227 32
8228 27
8229 25
8230 25
8231 32
8232 27
8233 24
8234 25
8235 32
8236 27
8237 25
8238 25
8239 32
8240 27
8241 24
8242 25
8243 32
8244 26
8245 24
8246 25
8247 32
8248 26
8249 28
8250 25
8251 32
8252 24
8253 23
8254 23
8255 23
8256 20
8257 20
8258 19
8259 19
8260 20
8261 22
8262 28
8263 27
8264 25
8265 25
8266 32
8267 26
8268 25
8269 25
8270 32
8271 26
8272 25
8273 24
8274 32
8275 26
8276 25
8277 25
8278 32
8279 27
8280 25
8281 27
8282 32
8283 26
8284 25
8285 24
8286 23
8287 25
8288 24
8289 24
8290 32
8291 26
8292 25
8293 25
8294 32
8295 26
8296 25
8297 24
8298 32
8299 27
8300 25
8301 25
8302 32
8303 27
8304 25
8305 25
8306 32
8307 26
8308 25
8309 24
8310 32
8311 26
8312 25
8313 24
8314 32
8315 26
8316 25
8317 24
8318 24
8319 25
8320 25
8321 25
8322 32
8323 27
8324 25
8325 25
8326 32
8327 27
8328 25
8329 25
8330 32
8331 27
8332 25
8333 25
8334 32
8335 27
8336 25
8337 25
8338 32
8339 27
8340 25
8341 25
8342 32
8343 26
8344 25
8345 25
8346 32
8347 27
8348 25
8349 25
8350 32
8351 27
8352 25
8353 25
8354 32
8355 27
8356 25
8357 25
8358 32
8359 27
8360 25
8361 25
8362 32
8363 27
8364 25
8365 25
8366 32
8367 27
8368 25
8369 25
8370 32
8371 26
8372 25
8373 25
8374 32
8375 26
8376 25
8377 25
8378 32
8379 27
8380 25
8381 25
8382 32
8383 27
8384 25
8385 25
8386 32
8387 26
8388 27
8389 25
8390 32
8391 27
8392 25
8393 25
8394 32
8395 27
8396 25
8397 25
8398 32
8399 26
8400 25
8401 25
8402 32
8403 27
8404 25
8405 25
8406 32
8407 27
8408 25
8409 25
8410 32
8411 26
8412 25
8413 25
8414 34
8415 27
8416 25
8417 25
8418 32
8419 27
8420 25
8421 25
8422 32
8423 27
8424 25
8425 25
8426 32
8427 27
8428 25
8429 25
8430 23
8431 25
8432 25
8433 25
8434 32
8435 27
8436 25
8437 25
8438 32
8439 27
8440 25
8441 25
8442 31
8443 27
8444 25
8445 25
8446 32
8447 26
8448 25
8449 25
8450 32
8451 27
8452 25
8453 25
8454 32
8455 27
8456 25
8457 27
8458 32
8459 27
8460 25
8461 25
8462 32
8463 27
8464 25
8465 25
8466 32
8467 26
8468 25
8469 25
8470 32
8471 27
8472 25
8473 25
8474 32
8475 27
8476 25
8477 25
8478 32
8479 27
8480 25
8481 25
8482 32
8483 26
8484 25
8485 25
8486 32
8487 27
8488 25
8489 25
8490 32
8491 27
8492 25
8493 25
8494 32
8495 27
8496 25
8497 25
8498 32
8499 27
8500 25
8501 25
8502 32
8503 27
8504 25
8505 25
8506 32
8507 27
8508 25
8509 25
8510 32
8511 27
8512 25
8513 25
8514 32
8515 27
8516 25
8517 24
8518 32
8519 27
8520 25
8521 25
8522 32
8523 27
8524 25
8525 25
8526 24
8527 25
8528 25
8529 25
8530 32
8531 27
8532 25
8533 25
8534 32
8535 27
8536 25
8537 27
8538 33
8539 27
8540 25
8541 25
8542 32
8543 27
8544 25
8545 25
8546 32
8547 27
8548 25
8549 25
8550 32
8551 27
8552 25
8553 25
8554 32
8555 27
8556 25
8557 25
8558 22
8559 22
8560 24
8561 23
8562 20
8563 23
8564 22
8565 27
8566 27
8567 25
8568 25
8569 33
8570 27
8571 25
8572 25
8573 32
8574 27
8575 25
8576 25
8577 32
8578 26
8579 25
8580 25
8581 32
8582 28
8583 25
8584 25
8585 32
8586 27
8587 25
8588 25
8589 32
8590 27
8591 25
8592 25
8593 32
8594 27
8595 25
8596 27
8597 32
8598 27
8599 25
8600 24
8601 27
8602 25
8603 25
8604 33
8605 27
8606 25
8607 25
8608 32
8609 27
8610 25
8611 25
8612 32
8613 27
8614 25
8615 25
8616 32
8617 27
8618 25
8619 25
8620 32
8621 27
8622 25
8623 25
8624 32
8625 26
8626 25
8627 25
8628 32
8629 27
8630 25
8631 25
8632 32
8633 27
8634 24
8635 25
8636 32
8637 27
8638 25
8639 25
8640 32
8641 27
8642 25
8643 25
8644 32
8645 27
8646 25
8647 24
8648 32
8649 27
8650 25
8651 25
8652 32
8653 27
8654 25
8655 25
8656 32
8657 27
8658 25
8659 25
8660 32
8661 27
8662 25
8663 25
8664 32
8665 28
8666 25
8667 25
8668 32
8669 27
8670 24
8671 25
8672 32
8673 27
8674 25
8675 25
8676 32
8677 27
8678 25
8679 24
8680 31
8681 26
8682 25
8683 25
8684 32
8685 26
8686 25
8687 25
8688 32
8689 27
8690 25
8691 25
8692 32
8693 27
8694 25
8695 24
8696 32
8697 27
8698 25
8699 25
8700 32
8701 27
8702 25
8703 25
8704 32
8705 27
8706 25
8707 25
8708 32
8709 26
8710 25
8711 25
8712 32
8713 26
8714 25
8715 25
8716 32
8717 26
8718 25
8719 24
8720 32
8721 27
8722 25
8723 25
8724 32
8725 27
8726 25
8727 25
8728 32
8729 27
8730 25
8731 25
8732 32
8733 26
8734 23
8735 24
8736 31
8737 26
8738 24
8739 24
8740 31
8741 26
8742 24
8743 24
8744 31
8745 26
8746 24
8747 25
8748 32
8749 27
8750 22
8751 25
8752 32
8753 27
8754 25
8755 24
8756 32
8757 27
8758 25
8759 25
8760 32
8761 26
8762 25
8763 25
8764 32
8765 27
8766 25
8767 24
8768 32
8769 27
8770 25
8771 25
8772 34
8773 27
8774 25
8775 24
8776 32
8777 27
8778 25
8779 24
8780 32
8781 27
8782 24
8783 25
8784 32
8785 27
8786 25
8787 25
8788 32
8789 26
8790 25
8791 25
8792 32
8793 27
8794 25
8795 25
8796 33
8797 26
8798 25
8799 25
8800 32
8801 27
8802 25
8803 25
8804 33
8805 26
8806 25
8807 25
8808 32
8809 26
8810 25
8811 25
8812 32
8813 27
8814 25
8815 24
8816 32
8817 26
8818 25
8819 24
8820 32
8821 27
8822 25
8823 25
8824 32
8825 26
8826 25
8827 24
8828 32
8829 27
8830 25
8831 25
8832 32
8833 27
8834 25
8835 25
8836 32
8837 27
8838 25
8839 25
8840 32
8841 26
8842 25
8843 24
8844 31
8845 27
8846 25
8847 25
8848 32
8849 27
8850 24
8851 25
8852 32
8853 26
8854 25
8855 24
8856 32
8857 27
8858 25
8859 25
8860 31
8861 26
8862 25
8863 24
8864 32
8865 26
8866 25
8867 25
8868 32
8869 27
8870 25
8871 25
8872 32
8873 26
8874 25
8875 25
8876 31
8877 26
8878 21
8879 27
8880 32
8881 27
8882 25
8883 25
8884 32
8885 27
8886 25
8887 25
8888 32
8889 27
8890 25
8891 25
8892 32
8893 27
8894 25
8895 25
8896 32
8897 27
8898 25
8899 24
8900 32
8901 27
8902 25
8903 24
8904 31
8905 27
8906 25
8907 24
8908 32
8909 27
8910 25
8911 25
8912 32
8913 27
8914 25
8915 25
8916 33
8917 27
8918 25
8919 24
8920 32
8921 27
8922 25
8923 24
8924 32
8925 27
8926 25
8927 24
8928 32
8929 27
8930 25
8931 25
8932 31
8933 27
8934 25
8935 25
8936 32
8937 27
8938 25
8939 25
8940 32
8941 27
8942 24
8943 25
8944 32
8945 26
8946 25
8947 25
8948 32
8949 27
8950 25
8951 25
8952 32
8953 27
8954 25
8955 25
8956 32
8957 27
8958 25
8959 25
8960 32
8961 27
8962 25
8963 25
8964 32
8965 26
8966 25
8967 25
8968 32
8969 27
8970 25
8971 24
8972 32
8973 26
8974 25
8975 25
8976 32
8977 27
8978 25
8979 25
8980 31
8981 27
8982 25
8983 25
8984 32
8985 26
8986 25
8987 25
8988 32
8989 27
8990 25
8991 25
8992 32
8993 27
8994 24
8995 25
8996 32
8997 27
8998 25
8999 24
9000 32
9001 27
9002 25
9003 25
9004 32
9005 27
9006 25
9007 25
9008 32
9009 27
9010 25
9011 25
9012 33
9013 26
9014 24
9015 24
9016 31
9017 26
9018 24
9019 24
9020 31
9021 26
9022 24
9023 24
9024 31
9025 26
9026 24
9027 24
9028 31
9029 26
9030 24
9031 24
9032 31
9033 26
9034 24
9035 24
9036 31
9037 26
9038 24
9039 24
9040 31
9041 26
9042 24
9043 24
9044 31
9045 26
9046 24
9047 24
9048 31
9049 26
9050 24
9051 24
9052 31
9053 26
9054 24
9055 24
9056 31
9057 26
9058 24
9059 24
9060 31
9061 26
9062 24
9063 24
9064 31
9065 26
9066 24
9067 24
9068 31
9069 26
9070 22
9071 24
9072 31
9073 26
9074 24
9075 24
9076 31
9077 26
9078 24
9079 24
9080 24
9081 24
9082 23
9083 32
9084 27
9085 25
9086 24
9087 25
9088 25
9089 25
9090 25
9091 32
9092 27
9093 25
9094 25
9095 32
9096 27
9097 25
9098 24
9099 32
9100 26
9101 24
9102 25
9103 32
9104 27
9105 25
9106 24
9107 32
9108 27
9109 25
9110 24
9111 32
9112 27
9113 25
9114 25
9115 32
9116 27
9117 25
9118 25
9119 32
9120 27
9121 25
9122 25
9123 32
9124 26
9125 25
9126 25
9127 31
9128 26
9129 24
9130 25
9131 32
9132 27
9133 25
9134 25
9135 32
9136 26
9137 25
9138 25
9139 32
9140 27
9141 25
9142 25
9143 32
9144 27
9145 25
9146 25
9147 32
9148 26
9149 25
9150 25
9151 33
9152 27
9153 25
9154 25
9155 32
9156 27
9157 25
9158 25
9159 32
9160 27
9161 25
9162 25
9163 32
9164 26
9165 25
9166 25
9167 32
9168 26
9169 24
9170 25
9171 32
9172 27
9173 25
9174 25
9175 32
9176 26
9177 25
9178 25
9179 32
9180 26
9181 25
9182 25
9183 32
9184 27
9185 25
9186 24
9187 32
9188 26
9189 25
9190 24
9191 32
9192 27
9193 24
9194 25
9195 32
9196 27
9197 25
9198 24
9199 32
9200 27
9201 25
9202 25
9203 32
9204 26
9205 25
9206 25
9207 32
9208 27
9209 25
9210 25
9211 32
9212 26
9213 25
9214 25
9215 32
9216 26
9217 25
9218 25
9219 32
9220 27
9221 25
9222 25
9223 32
9224 27
9225 25
9226 25
9227 31
9228 27
9229 25
9230 25
9231 32
9232 26
9233 25
9234 25
9235 32
9236 27
9237 25
9238 25
9239 32
9240 26
9241 25
9242 25
9243 32
9244 26
9245 25
9246 25
9247 32
9248 27
9249 25
9250 25
9251 31
9252 26
9253 25
9254 25
9255 32
9256 26
9257 25
9258 25
9259 32
9260 27
9261 25
9262 25
9263 32
9264 27
9265 25
9266 24
9267 32
9268 26
9269 24
9270 24
9271 31
9272 26
9273 24
9274 25
9275 32
9276 26
9277 25
9278 25
9279 32
9280 27
9281 25
9282 24
9283 32
9284 26
9285 25
9286 25
9287 32
9288 27
9289 26
9290 25
9291 32
9292 27
9293 25
9294 25
9295 32
9296 26
9297 25
9298 25
9299 32
9300 26
9301 25
9302 24
9303 32
9304 26
9305 25
9306 25
9307 32
9308 26
9309 24
9310 25
9311 32
9312 26
9313 25
9314 24
9315 32
9316 26
9317 24
9318 25
9319 32
9320 27
9321 25
9322 25
9323 32
9324 27
9325 25
9326 24
9327 32
9328 26
9329 25
9330 24
9331 32
9332 26
9333 25
9334 25
9335 32
9336 27
9337 25
9338 25
9339 32
9340 26
9341 24
9342 26
9343 21
9344 25
9345 23
9346 33
9347 27
9348 25
9349 24
9350 32
9351 27
9352 25
9353 25
9354 32
9355 26
9356 25
9357 25
9358 25
9359 25
9360 24
9361 25
9362 32
9363 26
9364 25
9365 25
9366 32
9367 27
9368 24
9369 25
9370 32
9371 27
9372 25
9373 25
9374 32
9375 26
9376 21
9377 21
9378 34
9379 27
9380 25
9381 25
9382 32
9383 26
9384 25
9385 25
9386 31
9387 27
9388 25
9389 25
9390 24
9391 24
9392 24
9393 21
9394 21
9395 26
9396 25
9397 32
9398 26
9399 24
9400 24
9401 31
9402 26
9403 24
9404 25
9405 31
9406 26
9407 24
9408 24
9409 31
9410 26
9411 24
9412 24
9413 31
9414 24
9415 23
9416 24
9417 23
9418 18
9419 20
9420 24
9421 27
9422 25
9423 25
9424 32
9425 27
9426 22
9427 21
9428 27
9429 26
9430 25
9431 32
9432 27
9433 25
9434 25
9435 32
9436 27
9437 25
9438 25
9439 32
9440 26
9441 25
9442 25
9443 32
9444 27
9445 25
9446 25
9447 32
9448 27
9449 25
9450 25
9451 32
9452 26
9453 25
9454 24
9455 32
9456 27
9457 25
9458 25
9459 32
9460 27
9461 25
9462 24
9463 32
9464 27
9465 24
9466 25
9467 32
9468 26
9469 25
9470 25
9471 32
9472 26
9473 25
9474 25
9475 32
9476 27
9477 25
9478 25
9479 32
9480 27
9481 25
9482 25
9483 32
9484 27
9485 25
9486 25
9487 32
9488 26
9489 25
9490 25
9491 32
9492 27
9493 25
9494 25
9495 32
9496 26
9497 26
9498 25
9499 32
9500 27
9501 25
9502 25
9503 32
9504 26
9505 25
9506 25
9507 32
9508 27
9509 25
9510 25
9511 32
9512 26
9513 25
9514 24
9515 32
9516 27
9517 25
9518 25
9519 32
9520 27
9521 25
9522 25
9523 32
9524 27
9525 25
9526 25
9527 32
9528 27
9529 25
9530 25
9531 32
9532 27
9533 25
9534 25
9535 32
9536 27
9537 25
9538 25
9539 32
9540 26
9541 25
9542 25
9543 32
9544 27
9545 25
9546 25
9547 32
9548 27
9549 25
9550 25
9551 32
9552 27
9553 25
9554 25
9555 32
9556 27
9557 25
9558 25
9559 32
9560 27
9561 28
9562 25
9563 33
9564 27
9565 25
9566 24
9567 32
9568 27
9569 25
9570 25
9571 32
9572 26
9573 25
9574 25
9575 32
9576 26
9577 25
9578 25
9579 32
9580 27
9581 25
9582 25
9583 33
9584 26
9585 25
9586 25
9587 32
9588 27
9589 25
9590 25
9591 32
9592 27
9593 25
9594 25
9595 32
9596 27
9597 25
9598 24
9599 32
9600 26
9601 25
9602 25
9603 32
9604 26
9605 25
9606 24
9607 32
9608 26
9609 25
9610 24
9611 32
9612 26
9613 25
9614 25
9615 32
9616 27
9617 25
9618 24
9619 32
9620 27
9621 25
9622 25
9623 32
9624 27
9625 27
9626 25
9627 32
9628 27
9629 25
9630 24
9631 32
9632 26
9633 25
9634 24
9635 32
9636 26
9637 25
9638 24
9639 32
9640 26
9641 25
9642 24
9643 32
9644 27
9645 25
9646 25
9647 31
9648 26
9649 25
9650 25
9651 32
9652 26
9653 25
9654 25
9655 32
9656 27
9657 25
9658 25
9659 32
9660 27
9661 25
9662 25
9663 32
9664 27
9665 25
9666 24
9667 32
9668 26
9669 25
9670 24
9671 32
9672 27
9673 25
9674 25
9675 32
9676 27
9677 25
9678 25
9679 32
9680 26
9681 25
9682 25
9683 32
9684 27
9685 25
9686 24
9687 32
9688 26
9689 25
9690 25
9691 32
9692 26
9693 25
9694 24
9695 32
9696 27
9697 25
9698 25
9699 32
9700 26
9701 25
9702 25
9703 32
9704 26
9705 26
9706 24
9707 31
9708 26
9709 24
9710 24
9711 31
9712 26
9713 24
9714 24
9715 31
9716 26
9717 24
9718 24
9719 31
9720 26
9721 24
9722 24
9723 31
9724 26
9725 24
9726 24
9727 31
9728 26
9729 24
9730 24
9731 31
9732 27
9733 24
9734 24
9735 31
9736 26
9737 24
9738 24
9739 31
9740 26
9741 24
9742 24
9743 31
9744 26
9745 24
9746 24
9747 32
9748 27
9749 25
9750 25
9751 32
9752 27
9753 25
9754 25
9755 32
9756 27
9757 25
9758 25
9759 32
9760 27
9761 25
9762 25
9763 31
9764 27
9765 25
9766 25
9767 32
9768 27
9769 25
9770 25
9771 31
9772 27
9773 25
9774 27
9775 42
9776 39
9777 28
9778 29
9779 35
9780 22
9781 23
9782 26
9783 21
9784 21
9785 23
9786 28
9787 23
9788 21
9789 21
9790 28
9791 28
9792 25
9793 25
9794 33
9795 26
9796 25
9797 25
9798 32
9799 26
9800 25
9801 25
9802 32
9803 27
9804 25
9805 25
9806 32
9807 26
9808 24
9809 26
9810 32
9811 26
9812 25
9813 25
9814 32
9815 26
9816 25
9817 24
9818 32
9819 26
9820 25
9821 25
9822 31
9823 26
9824 25
9825 25
9826 32
9827 26
9828 25
9829 25
9830 32
9831 26
9832 24
9833 25
9834 31
9835 26
9836 25
9837 25
9838 32
9839 26
9840 24
9841 25
9842 32
9843 26
9844 27
9845 25
9846 32
9847 26
9848 25
9849 25
9850 32
9851 26
9852 25
9853 25
9854 32
9855 26
9856 25
9857 24
9858 32
9859 26
9860 24
9861 25
9862 32
9863 27
9864 25
9865 25
9866 32
9867 26
9868 25
9869 25
9870 32
9871 26
9872 25
9873 24
9874 32
9875 27
9876 25
9877 24
9878 25
9879 25
9880 25
9881 25
9882 32
9883 26
9884 25
9885 25
9886 32
9887 27
9888 25
9889 25
9890 32
9891 27
9892 25
9893 24
9894 32
9895 26
9896 25
9897 25
9898 32
9899 27
9900 25
9901 25
9902 26
9903 26
9904 25
9905 25
9906 32
9907 26
9908 25
9909 25
9910 32
9911 27
9912 25
9913 27
9914 32
9915 26
9916 26
9917 24
9918 32
9919 26
9920 25
9921 24
9922 32
9923 26
9924 25
9925 24
9926 32
9927 27
9928 25
9929 24
9930 32
9931 26
9932 25
9933 25
9934 32
9935 26
9936 25
9937 25
9938 32
9939 27
9940 25
9941 25
9942 32
9943 26
9944 25
9945 25
9946 32
9947 26
9948 26
9949 25
9950 32
9951 27
9952 25
9953 25
9954 32
9955 27
9956 25
9957 25
9958 32
9959 26
9960 25
9961 25
9962 32
9963 27
9964 25
9965 25
9966 24
9967 25
9968 25
9969 25
9970 32
9971 26
9972 25
9973 25
9974 32
9975 26
9976 25
9977 24
9978 31
9979 27
9980 25
9981 25
9982 24
9983 26
9984 25
9985 25
9986 32
9987 26
9988 26
9989 25
9990 33
9991 26
9992 25
9993 25
9994 32
9995 26
9996 25
9997 25
9998 32
9999 27
# sum: 16
# min: 9
# max: 181
# err cnt: 1
