0 2991
1 2901
2 2892
3 2861
4 2860
5 2864
6 2855
7 2851
8 2856
9 2860
10 2869
11 2855
12 2860
13 2862
14 2861
15 2863
16 2853
17 2863
18 2865
19 2857
20 2860
21 2854
22 2853
23 2861
24 2870
25 2863
26 2858
27 2867
28 2870
29 2866
30 2862
31 2858
32 2862
33 2864
34 2861
35 2859
36 2861
37 2861
38 2862
39 2863
40 2859
41 2860
42 2862
43 2865
44 2861
45 2862
46 2858
47 2858
48 2861
49 2867
50 2852
51 2858
52 2861
53 2864
54 2863
55 2859
56 2847
57 2880
58 2862
59 2864
60 2852
61 2853
62 2865
63 2863
64 2861
65 2858
66 2868
67 2854
68 2873
69 2854
70 2860
71 2853
72 2860
73 2863
74 2867
75 2859
76 2869
77 2860
78 2852
79 2861
80 2855
81 2859
82 2862
83 2877
84 2864
85 2870
86 2860
87 2856
88 2859
89 2860
90 2871
91 2855
92 2858
93 2864
94 2860
95 2869
96 2860
97 2860
98 2870
99 2857
100 2868
101 2858
102 2866
103 2857
104 2875
105 2860
106 2856
107 2863
108 2869
109 2858
110 2861
111 2856
112 2857
113 2872
114 2859
115 2861
116 2858
117 2859
118 2863
119 2860
120 2861
121 2864
122 2855
123 2859
124 2869
125 2857
126 2863
127 2867
128 2863
129 2860
130 2878
131 2863
132 2863
133 2863
134 2860
135 2862
136 2858
137 2859
138 2859
139 2865
140 2872
141 2865
142 2862
143 2860
144 2863
145 2860
146 2857
147 2854
148 2857
149 2865
150 2873
151 2863
152 2864
153 2861
154 2864
155 2856
156 2862
157 2855
158 2867
159 2860
160 2864
161 2860
162 2863
163 2867
164 2850
165 2860
166 2868
167 2868
168 2861
169 2858
170 2854
171 2864
172 2858
173 2861
174 2866
175 2865
176 2856
177 2865
178 2863
179 2859
180 2857
181 2864
182 2854
183 2853
184 2858
185 2859
186 2859
187 2870
188 2869
189 2865
190 2866
191 2860
192 2865
193 2861
194 2859
195 2860
196 2858
197 2856
198 2863
199 2860
200 2853
201 2862
202 2864
203 2854
204 2854
205 2874
206 2864
207 2861
208 2851
209 2862
210 2865
211 2862
212 2861
213 2861
214 2859
215 2860
216 2860
217 2865
218 2861
219 2851
220 2859
221 2859
222 2859
223 2858
224 2871
225 2850
226 2858
227 2859
228 2860
229 2861
230 2855
231 2862
232 2861
233 2863
234 2860
235 2853
236 2860
237 2863
238 2858
239 2862
240 2859
241 2859
242 2866
243 2859
244 2857
245 2854
246 2860
247 2862
248 2873
249 2862
250 2859
251 2856
252 2859
253 2857
254 2848
255 2860
256 2860
257 2864
258 2861
259 2865
260 2861
261 2856
262 2850
263 2866
264 2862
265 2856
266 2861
267 2859
268 2877
269 2860
270 2860
271 2860
272 2860
273 2857
274 2857
275 2861
276 2853
277 2864
278 2862
279 2861
280 2850
281 2860
282 2856
283 2855
284 2855
285 2860
286 2858
287 2858
288 2855
289 2861
290 2854
291 2859
292 2857
293 2861
294 2861
295 2860
296 2858
297 2860
298 2861
299 2860
300 2860
301 2861
302 2862
303 2856
304 2861
305 2860
306 2869
307 2862
308 2852
309 2859
310 2865
311 2860
312 2870
313 2863
314 2863
315 2853
316 2863
317 2859
318 2857
319 2864
320 2861
321 2862
322 2860
323 2861
324 2863
325 2861
326 2858
327 2855
328 2857
329 2866
330 2860
331 2863
332 2859
333 2874
334 2859
335 2863
336 2866
337 2872
338 2848
339 2864
340 2850
341 2857
342 2861
343 2860
344 2854
345 2864
346 2861
347 2855
348 2852
349 2861
350 2861
351 2866
352 2861
353 2860
354 2862
355 2857
356 2862
357 2858
358 2868
359 2862
360 2865
361 2902
362 2859
363 2862
364 2863
365 2860
366 2852
367 2867
368 2862
369 2861
370 2860
371 2860
372 2856
373 2860
374 2861
375 2862
376 2864
377 2861
378 2860
379 2859
380 2861
381 2859
382 2880
383 2856
384 2865
385 2859
386 2861
387 2859
388 2855
389 2860
390 2846
391 2857
392 2860
393 2850
394 2859
395 2874
396 2860
397 2860
398 2860
399 2862
400 2862
401 2859
402 2859
403 2851
404 2870
405 2858
406 2857
407 2859
408 2863
409 2862
410 2857
411 2859
412 2858
413 2858
414 2860
415 2860
416 2851
417 2863
418 2864
419 2854
420 2859
421 2861
422 2861
423 2859
424 2859
425 2864
426 2859
427 2861
428 2858
429 2860
430 2855
431 2859
432 2858
433 2853
434 2857
435 2859
436 2859
437 2868
438 2851
439 2865
440 2859
441 2859
442 2871
443 2871
444 2860
445 2872
446 2859
447 2860
448 2853
449 2850
450 2859
451 2860
452 2860
453 2860
454 2860
455 2861
456 2860
457 2873
458 2860
459 2861
460 2859
461 2861
462 2860
463 2856
464 2862
465 2858
466 2861
467 2877
468 2862
469 2865
470 2859
471 2862
472 2856
473 2864
474 2867
475 2862
476 2876
477 2863
478 2859
479 2852
480 2861
481 2861
482 2860
483 2863
484 2869
485 2869
486 2859
487 2860
488 2857
489 2851
490 2860
491 2858
492 2861
493 2856
494 2859
495 2862
496 2861
497 2859
498 2854
499 2858
500 2926
501 2912
502 2869
503 2862
504 2860
505 2862
506 2866
507 2858
508 2868
509 2863
510 2855
511 2856
512 2852
513 2878
514 2861
515 2857
516 2858
517 2863
518 2850
519 2858
520 2860
521 2858
522 2860
523 2860
524 2864
525 2863
526 2879
527 2887
528 2865
529 2871
530 2861
531 2867
532 2857
533 2861
534 2860
535 2860
536 2863
537 2863
538 2861
539 2864
540 2864
541 2876
542 2867
543 2856
544 2862
545 2861
546 2858
547 2852
548 2858
549 2853
550 2862
551 2859
552 2853
553 2856
554 2857
555 2861
556 2858
557 2857
558 2860
559 2856
560 2861
561 2852
562 2865
563 2874
564 2858
565 2853
566 2859
567 2854
568 2864
569 2860
570 2859
571 2868
572 2861
573 2854
574 2860
575 2859
576 2849
577 2865
578 2872
579 2858
580 2858
581 2860
582 2857
583 2859
584 2866
585 2857
586 2853
587 2861
588 2858
589 2859
590 2852
591 2862
592 2858
593 2876
594 2849
595 2862
596 2852
597 2859
598 2857
599 2869
600 2865
601 2859
602 2851
603 2860
604 2860
605 2861
606 2853
607 2844
608 2859
609 2858
610 2862
611 2858
612 2846
613 2848
614 2868
615 2853
616 2854
617 2853
618 2858
619 2859
620 2859
621 2854
622 2859
623 2858
624 2860
625 2864
626 2858
627 2858
628 2881
629 2868
630 2877
631 2862
632 2859
633 2860
634 2863
635 2865
636 2862
637 2874
638 2866
639 2855
640 2857
641 2860
642 2868
643 2858
644 2861
645 2861
646 2858
647 2859
648 2861
649 2858
650 2870
651 2858
652 2862
653 2862
654 2860
655 2858
656 2860
657 2858
658 2869
659 2856
660 2859
661 2858
662 2863
663 2861
664 2855
665 2862
666 2858
667 2865
668 2860
669 2859
670 2868
671 2858
672 2858
673 2871
674 2859
675 2870
676 2861
677 2863
678 2862
679 2858
680 2860
681 2862
682 2858
683 2860
684 2861
685 2860
686 2859
687 2862
688 2858
689 2860
690 2869
691 2859
692 2861
693 2847
694 2861
695 2865
696 2858
697 2857
698 2860
699 2860
700 2864
701 2862
702 2862
703 2872
704 2862
705 2859
706 2861
707 2858
708 2857
709 2854
710 2865
711 2860
712 2854
713 2852
714 2858
715 2860
716 2857
717 2870
718 2858
719 2857
720 2856
721 2860
722 2855
723 2857
724 2853
725 2892
726 2866
727 2860
728 2863
729 2861
730 2865
731 2865
732 2862
733 2859
734 2849
735 2865
736 2856
737 2861
738 2872
739 2858
740 2872
741 2859
742 2859
743 2859
744 2871
745 2850
746 2854
747 2864
748 2872
749 2860
750 2855
751 2860
752 2860
753 2857
754 2861
755 2859
756 2860
757 2858
758 2854
759 2866
760 2861
761 2848
762 2854
763 2854
764 2857
765 2863
766 2861
767 2869
768 2881
769 2856
770 2861
771 2857
772 2874
773 2858
774 2849
775 2861
776 2852
777 2863
778 2851
779 2859
780 2858
781 2856
782 2859
783 2858
784 2848
785 2861
786 2844
787 2858
788 2860
789 2864
790 2859
791 2860
792 2856
793 2850
794 2856
795 2858
796 2854
797 2852
798 2850
799 2856
800 2856
801 2862
802 2855
803 2851
804 2854
805 2843
806 2860
807 2861
808 2860
809 2857
810 2860
811 2859
812 2853
813 2861
814 2863
815 2857
816 2860
817 2859
818 2875
819 2858
820 2850
821 2861
822 2859
823 2860
824 2858
825 2851
826 2859
827 2862
828 2851
829 2860
830 2863
831 2858
832 2862
833 2857
834 2863
835 2863
836 2857
837 2862
838 2863
839 2858
840 2853
841 2854
842 2854
843 2862
844 2866
845 2867
846 2873
847 2866
848 2861
849 2860
850 2862
851 2854
852 2861
853 2858
854 2859
855 2860
856 2850
857 2854
858 2857
859 2871
860 2861
861 2870
862 2864
863 2862
864 2858
865 2867
866 2849
867 2861
868 2860
869 2867
870 2858
871 2853
872 2857
873 2860
874 2852
875 2858
876 2862
877 2864
878 2863
879 2854
880 2856
881 2855
882 2855
883 2860
884 2879
885 2854
886 2855
887 2858
888 2848
889 2854
890 2860
891 2860
892 2850
893 2867
894 2860
895 2859
896 2855
897 2850
898 2859
899 2859
900 2859
901 2847
902 2854
903 2871
904 2860
905 2863
906 2847
907 2854
908 2856
909 2859
910 2870
911 2854
912 2859
913 2856
914 2862
915 2859
916 2858
917 2859
918 2849
919 2851
920 2857
921 2851
922 2859
923 2861
924 2862
925 2859
926 2862
927 2888
928 2863
929 2858
930 2858
931 2852
932 2862
933 2860
934 2855
935 2854
936 2861
937 2862
938 2852
939 2863
940 2864
941 2859
942 2850
943 2853
944 2859
945 2865
946 2858
947 2855
948 2869
949 2873
950 2881
951 2871
952 2873
953 2859
954 2879
955 2861
956 2870
957 2867
958 2860
959 2861
960 2859
961 2861
962 2860
963 2864
964 2877
965 2860
966 2859
967 2857
968 2849
969 2860
970 2859
971 2860
972 2857
973 2850
974 2866
975 2860
976 2866
977 2857
978 2865
979 2855
980 2863
981 2863
982 2857
983 2855
984 2866
985 2860
986 2860
987 2859
988 2860
989 2859
990 2858
991 2861
992 2853
993 2859
994 2863
995 2861
996 2850
997 2859
998 2853
999 2862
1000 2921
1001 2879
1002 2863
1003 2864
1004 2864
1005 2860
1006 2860
1007 2855
1008 2860
1009 2859
1010 2862
1011 2860
1012 2861
1013 2863
1014 2860
1015 2857
1016 2862
1017 2852
1018 2850
1019 2859
1020 2857
1021 2857
1022 2859
1023 2851
1024 2860
1025 2856
1026 2858
1027 2855
1028 2858
1029 2858
1030 2861
1031 2860
1032 2869
1033 2866
1034 2865
1035 2860
1036 2866
1037 2858
1038 2866
1039 2863
1040 2860
1041 2862
1042 2854
1043 2863
1044 2859
1045 2861
1046 2855
1047 2862
1048 2857
1049 2868
1050 2882
1051 2867
1052 2864
1053 2857
1054 2854
1055 2857
1056 2860
1057 2860
1058 2857
1059 2859
1060 2860
1061 2849
1062 2860
1063 2863
1064 2859
1065 2861
1066 2860
1067 2862
1068 2875
1069 2859
1070 2858
1071 2851
1072 2860
1073 2863
1074 2845
1075 2857
1076 2866
1077 2862
1078 2853
1079 2861
1080 2860
1081 2857
1082 2859
1083 2857
1084 2860
1085 2855
1086 2856
1087 2858
1088 2849
1089 2858
1090 2868
1091 2857
1092 2863
1093 2859
1094 2859
1095 2857
1096 2857
1097 2858
1098 2855
1099 2860
1100 2860
1101 2862
1102 2860
1103 2859
1104 2860
1105 2858
1106 2859
1107 2859
1108 2852
1109 2859
1110 2863
1111 2868
1112 2858
1113 2857
1114 2860
1115 2854
1116 2861
1117 2852
1118 2857
1119 2860
1120 2859
1121 2858
1122 2851
1123 2862
1124 2862
1125 2853
1126 2852
1127 2878
1128 2859
1129 2856
1130 2859
1131 2858
1132 2861
1133 2857
1134 2856
1135 2863
1136 2852
1137 2857
1138 2859
1139 2859
1140 2860
1141 2852
1142 2856
1143 2857
1144 2848
1145 2858
1146 2860
1147 2850
1148 2858
1149 2858
1150 2856
1151 2856
1152 2865
1153 2861
1154 2865
1155 2860
1156 2861
1157 2868
1158 2863
1159 2859
1160 2869
1161 2859
1162 2861
1163 2859
1164 2859
1165 2846
1166 2861
1167 2858
1168 2856
1169 2868
1170 2860
1171 2869
1172 2859
1173 2861
1174 2846
1175 2871
1176 2850
1177 2858
1178 2860
1179 2859
1180 2861
1181 2859
1182 2859
1183 2860
1184 2868
1185 2861
1186 2865
1187 2856
1188 2856
1189 2859
1190 2852
1191 2850
1192 2854
1193 2856
1194 2858
1195 2855
1196 2871
1197 2857
1198 2866
1199 2855
1200 2856
1201 2852
1202 2859
1203 2850
1204 2859
1205 2859
1206 2857
1207 2857
1208 2857
1209 2856
1210 2860
1211 2858
1212 2861
1213 2866
1214 2858
1215 2857
1216 2859
1217 2860
1218 2855
1219 2857
1220 2859
1221 2858
1222 2858
1223 2859
1224 2854
1225 2861
1226 2854
1227 2861
1228 2855
1229 2870
1230 2852
1231 2857
1232 2860
1233 2845
1234 2855
1235 2858
1236 2860
1237 2858
1238 2869
1239 2856
1240 2858
1241 2859
1242 2867
1243 2852
1244 2859
1245 2857
1246 2861
1247 2857
1248 2861
1249 2861
1250 2860
1251 2852
1252 2862
1253 2859
1254 2858
1255 2860
1256 2863
1257 2859
1258 2869
1259 2863
1260 2859
1261 2850
1262 2859
1263 2864
1264 2863
1265 2860
1266 2857
1267 2858
1268 2857
1269 2861
1270 2859
1271 2859
1272 2859
1273 2862
1274 2871
1275 2856
1276 2859
1277 2850
1278 2852
1279 2858
1280 2861
1281 2859
1282 2859
1283 2864
1284 2859
1285 2859
1286 2861
1287 2857
1288 2861
1289 2863
1290 2858
1291 2860
1292 2858
1293 2857
1294 2855
1295 2856
1296 2858
1297 2843
1298 2860
1299 2858
1300 2863
1301 2861
1302 2855
1303 2863
1304 2867
1305 2870
1306 2860
1307 2847
1308 2868
1309 2858
1310 2860
1311 2858
1312 2860
1313 2858
1314 2862
1315 2861
1316 2853
1317 2857
1318 2849
1319 2869
1320 2860
1321 2850
1322 2852
1323 2857
1324 2850
1325 2860
1326 2866
1327 2896
1328 2862
1329 2855
1330 2871
1331 2861
1332 2859
1333 2860
1334 2863
1335 2868
1336 2860
1337 2851
1338 2858
1339 2856
1340 2851
1341 2859
1342 2857
1343 2859
1344 2877
1345 2860
1346 2852
1347 2870
1348 2859
1349 2856
1350 2880
1351 2858
1352 2859
1353 2861
1354 2859
1355 2858
1356 2857
1357 2851
1358 2874
1359 2863
1360 2854
1361 2860
1362 2862
1363 2864
1364 2859
1365 2859
1366 2858
1367 2862
1368 2859
1369 2862
1370 2852
1371 2862
1372 2855
1373 2844
1374 2859
1375 2860
1376 2859
1377 2878
1378 2859
1379 2857
1380 2854
1381 2856
1382 2861
1383 2862
1384 2860
1385 2861
1386 2859
1387 2859
1388 2859
1389 2859
1390 2863
1391 2851
1392 2877
1393 2858
1394 2857
1395 2847
1396 2851
1397 2857
1398 2860
1399 2859
1400 2858
1401 2858
1402 2861
1403 2853
1404 2856
1405 2861
1406 2855
1407 2852
1408 2865
1409 2880
1410 2859
1411 2863
1412 2862
1413 2861
1414 2850
1415 2861
1416 2861
1417 2856
1418 2850
1419 2862
1420 2850
1421 2859
1422 2859
1423 2860
1424 2856
1425 2861
1426 2857
1427 2866
1428 2856
1429 2851
1430 2860
1431 2852
1432 2856
1433 2857
1434 2861
1435 2863
1436 2868
1437 2860
1438 2853
1439 2869
1440 2859
1441 2858
1442 2861
1443 2856
1444 2857
1445 2854
1446 2850
1447 2862
1448 2858
1449 2844
1450 2858
1451 2859
1452 2860
1453 2858
1454 2860
1455 2851
1456 2862
1457 2860
1458 2852
1459 2858
1460 2847
1461 2858
1462 2856
1463 2860
1464 2862
1465 2855
1466 2857
1467 2857
1468 2859
1469 2859
1470 2861
1471 2853
1472 2857
1473 2857
1474 2861
1475 2856
1476 2862
1477 2855
1478 2850
1479 2857
1480 2859
1481 2860
1482 2859
1483 2852
1484 2861
1485 2860
1486 2864
1487 2853
1488 2851
1489 2855
1490 2859
1491 2859
1492 2851
1493 2854
1494 2860
1495 2868
1496 2858
1497 2859
1498 2861
1499 2857
1500 2917
1501 2890
1502 2863
1503 2862
1504 2867
1505 2859
1506 2861
1507 2859
1508 2860
1509 2859
1510 2853
1511 2857
1512 2861
1513 2853
1514 2865
1515 2861
1516 2859
1517 2859
1518 2864
1519 2862
1520 2860
1521 2861
1522 2855
1523 2860
1524 2863
1525 2856
1526 2874
1527 2860
1528 2859
1529 2860
1530 2857
1531 2867
1532 2862
1533 2859
1534 2859
1535 2859
1536 2862
1537 2858
1538 2860
1539 2856
1540 2873
1541 2843
1542 2860
1543 2860
1544 2855
1545 2857
1546 2857
1547 2858
1548 2856
1549 2861
1550 2860
1551 2857
1552 2879
1553 2862
1554 2864
1555 2853
1556 2860
1557 2855
1558 2859
1559 2860
1560 2863
1561 2857
1562 2853
1563 2867
1564 2863
1565 2870
1566 2850
1567 2856
1568 2853
1569 2859
1570 2859
1571 2858
1572 2851
1573 2859
1574 2860
1575 2856
1576 2867
1577 2864
1578 2858
1579 2857
1580 2854
1581 2860
1582 2859
1583 2859
1584 2859
1585 2854
1586 2860
1587 2856
1588 2852
1589 2858
1590 2862
1591 2860
1592 2855
1593 2859
1594 2856
1595 2858
1596 2857
1597 2860
1598 2856
1599 2870
1600 2858
1601 2856
1602 2859
1603 2860
1604 2861
1605 2858
1606 2859
1607 2851
1608 2862
1609 2860
1610 2856
1611 2862
1612 2858
1613 2860
1614 2859
1615 2859
1616 2859
1617 2863
1618 2869
1619 2851
1620 2858
1621 2857
1622 2850
1623 2852
1624 2857
1625 2861
1626 2861
1627 2860
1628 2892
1629 2862
1630 2875
1631 2870
1632 2860
1633 2864
1634 2860
1635 2859
1636 2863
1637 2859
1638 2865
1639 2859
1640 2861
1641 2853
1642 2859
1643 2856
1644 2878
1645 2864
1646 2862
1647 2861
1648 2852
1649 2860
1650 2867
1651 2861
1652 2850
1653 2861
1654 2860
1655 2854
1656 2860
1657 2858
1658 2861
1659 2860
1660 2865
1661 2856
1662 2858
1663 2859
1664 2855
1665 2858
1666 2869
1667 2862
1668 2861
1669 2862
1670 2861
1671 2858
1672 2856
1673 2856
1674 2860
1675 2857
1676 2861
1677 2862
1678 2851
1679 2854
1680 2856
1681 2860
1682 2861
1683 2869
1684 2861
1685 2859
1686 2860
1687 2861
1688 2857
1689 2859
1690 2859
1691 2876
1692 2860
1693 2850
1694 2861
1695 2853
1696 2852
1697 2848
1698 2863
1699 2860
1700 2853
1701 2856
1702 2861
1703 2866
1704 2859
1705 2857
1706 2861
1707 2860
1708 2861
1709 2862
1710 2862
1711 2860
1712 2860
1713 2857
1714 2861
1715 2859
1716 2866
1717 2872
1718 2866
1719 2861
1720 2856
1721 2852
1722 2857
1723 2863
1724 2858
1725 2866
1726 2862
1727 2880
1728 2877
1729 2860
1730 2859
1731 2861
1732 2856
1733 2859
1734 2863
1735 2851
1736 2847
1737 2860
1738 2859
1739 2866
1740 2859
1741 2860
1742 2860
1743 2858
1744 2859
1745 2854
1746 2857
1747 2854
1748 2858
1749 2855
1750 2859
1751 2878
1752 2861
1753 2877
1754 2849
1755 2858
1756 2860
1757 2862
1758 2851
1759 2851
1760 2859
1761 2855
1762 2860
1763 2864
1764 2850
1765 2859
1766 2859
1767 2860
1768 2861
1769 2864
1770 2878
1771 2870
1772 2870
1773 2858
1774 2850
1775 2858
1776 2855
1777 2854
1778 2853
1779 2859
1780 2857
1781 2874
1782 2858
1783 2874
1784 2860
1785 2860
1786 2858
1787 2850
1788 2858
1789 2857
1790 2861
1791 2857
1792 2862
1793 2859
1794 2859
1795 2858
1796 2866
1797 2860
1798 2859
1799 2857
1800 2865
1801 2859
1802 2852
1803 2857
1804 2860
1805 2861
1806 2859
1807 2855
1808 2860
1809 2863
1810 2860
1811 2860
1812 2858
1813 2862
1814 2862
1815 2861
1816 2871
1817 2863
1818 2858
1819 2851
1820 2860
1821 2866
1822 2858
1823 2862
1824 2862
1825 2859
1826 2859
1827 2859
1828 2859
1829 2860
1830 2863
1831 2859
1832 2853
1833 2864
1834 2859
1835 2875
1836 2857
1837 2870
1838 2860
1839 2860
1840 2862
1841 2859
1842 2867
1843 2852
1844 2859
1845 2860
1846 2859
1847 2861
1848 2859
1849 2859
1850 2860
1851 2858
1852 2858
1853 2869
1854 2853
1855 2860
1856 2850
1857 2860
1858 2860
1859 2859
1860 2859
1861 2866
1862 2855
1863 2860
1864 2859
1865 2855
1866 2864
1867 2859
1868 2851
1869 2861
1870 2870
1871 2864
1872 2853
1873 2862
1874 2863
1875 2851
1876 2854
1877 2863
1878 2860
1879 2854
1880 2860
1881 2859
1882 2877
1883 2857
1884 2861
1885 2862
1886 2859
1887 2860
1888 2859
1889 2858
1890 2870
1891 2852
1892 2855
1893 2856
1894 2859
1895 2861
1896 2858
1897 2852
1898 2860
1899 2859
1900 2860
1901 2857
1902 2862
1903 2860
1904 2856
1905 2853
1906 2861
1907 2852
1908 2853
1909 2869
1910 2855
1911 2855
1912 2856
1913 2859
1914 2861
1915 2850
1916 2869
1917 2858
1918 2855
1919 2856
1920 2859
1921 2862
1922 2865
1923 2858
1924 2860
1925 2860
1926 2865
1927 2856
1928 2865
1929 2860
1930 2865
1931 2863
1932 2862
1933 2857
1934 2864
1935 2866
1936 2858
1937 2860
1938 2862
1939 2858
1940 2859
1941 2862
1942 2859
1943 2860
1944 2877
1945 2861
1946 2862
1947 2855
1948 2864
1949 2861
1950 2870
1951 2857
1952 2866
1953 2859
1954 2860
1955 2858
1956 2859
1957 2853
1958 2860
1959 2864
1960 2861
1961 2859
1962 2860
1963 2861
1964 2858
1965 2860
1966 2860
1967 2858
1968 2843
1969 2863
1970 2858
1971 2859
1972 2850
1973 2879
1974 2857
1975 2864
1976 2863
1977 2861
1978 2862
1979 2862
1980 2856
1981 2854
1982 2864
1983 2861
1984 2861
1985 2862
1986 2860
1987 2861
1988 2869
1989 2879
1990 2870
1991 2859
1992 2856
1993 2858
1994 2861
1995 2861
1996 2852
1997 2860
1998 2860
1999 2861
2000 2928
2001 2899
2002 2859
2003 2870
2004 2861
2005 2884
2006 2910
2007 2889
2008 2885
2009 2872
2010 2878
2011 2886
2012 2887
2013 2881
2014 2877
2015 2881
2016 2877
2017 2880
2018 2873
2019 2857
2020 2860
2021 2859
2022 2859
2023 2859
2024 2856
2025 2861
2026 2854
2027 2862
2028 2860
2029 2861
2030 2870
2031 2860
2032 2864
2033 2860
2034 2865
2035 2861
2036 2860
2037 2857
2038 2860
2039 2861
2040 2858
2041 2863
2042 2858
2043 2859
2044 2850
2045 2860
2046 2859
2047 2862
2048 2863
2049 2859
2050 2858
2051 2859
2052 2870
2053 2860
2054 2858
2055 2859
2056 2853
2057 2856
2058 2863
2059 2857
2060 2861
2061 2847
2062 2862
2063 2857
2064 2861
2065 2854
2066 2861
2067 2858
2068 2863
2069 2856
2070 2860
2071 2855
2072 2859
2073 2860
2074 2859
2075 2858
2076 2861
2077 2860
2078 2864
2079 2861
2080 2859
2081 2860
2082 2858
2083 2855
2084 2861
2085 2862
2086 2859
2087 2858
2088 2857
2089 2859
2090 2853
2091 2852
2092 2862
2093 2860
2094 2861
2095 2875
2096 2859
2097 2860
2098 2862
2099 2861
2100 2853
2101 2869
2102 2860
2103 2860
2104 2858
2105 2863
2106 2851
2107 2852
2108 2859
2109 2858
2110 2856
2111 2859
2112 2862
2113 2851
2114 2859
2115 2853
2116 2859
2117 2859
2118 2858
2119 2861
2120 2856
2121 2858
2122 2852
2123 2860
2124 2861
2125 2876
2126 2862
2127 2898
2128 2860
2129 2862
2130 2861
2131 2860
2132 2859
2133 2861
2134 2855
2135 2857
2136 2859
2137 2851
2138 2879
2139 2859
2140 2851
2141 2864
2142 2860
2143 2855
2144 2859
2145 2859
2146 2860
2147 2856
2148 2854
2149 2871
2150 2857
2151 2857
2152 2864
2153 2862
2154 2873
2155 2863
2156 2860
2157 2857
2158 2861
2159 2859
2160 2859
2161 2870
2162 2863
2163 2864
2164 2859
2165 2860
2166 2861
2167 2854
2168 2859
2169 2859
2170 2861
2171 2859
2172 2852
2173 2860
2174 2880
2175 2859
2176 2860
2177 2861
2178 2868
2179 2862
2180 2856
2181 2850
2182 2860
2183 2861
2184 2859
2185 2860
2186 2858
2187 2861
2188 2862
2189 2858
2190 2856
2191 2859
2192 2866
2193 2858
2194 2856
2195 2860
2196 2860
2197 2863
2198 2873
2199 2859
2200 2859
2201 2856
2202 2859
2203 2862
2204 2858
2205 2861
2206 2858
2207 2860
2208 2858
2209 2857
2210 2858
2211 2851
2212 2857
2213 2858
2214 2866
2215 2852
2216 2859
2217 2858
2218 2861
2219 2856
2220 2855
2221 2858
2222 2864
2223 2847
2224 2860
2225 2861
2226 2858
2227 2858
2228 2854
2229 2863
2230 2857
2231 2865
2232 2859
2233 2867
2234 2857
2235 2854
2236 2859
2237 2863
2238 2865
2239 2880
2240 2855
2241 2856
2242 2860
2243 2863
2244 2859
2245 2857
2246 2855
2247 2870
2248 2859
2249 2860
2250 2863
2251 2858
2252 2861
2253 2848
2254 2862
2255 2859
2256 2856
2257 2853
2258 2858
2259 2869
2260 2853
2261 2851
2262 2866
2263 2861
2264 2858
2265 2866
2266 2854
2267 2862
2268 2859
2269 2859
2270 2856
2271 2860
2272 2856
2273 2860
2274 2853
2275 2861
2276 2862
2277 2859
2278 2851
2279 2860
2280 2867
2281 2855
2282 2860
2283 2859
2284 2860
2285 2860
2286 2858
2287 2860
2288 2860
2289 2860
2290 2859
2291 2858
2292 2860
2293 2861
2294 2862
2295 2859
2296 2859
2297 2858
2298 2858
2299 2863
2300 2859
2301 2860
2302 2859
2303 2860
2304 2870
2305 2860
2306 2864
2307 2862
2308 2860
2309 2858
2310 2850
2311 2861
2312 2858
2313 2865
2314 2853
2315 2859
2316 2862
2317 2860
2318 2854
2319 2850
2320 2859
2321 2858
2322 2862
2323 2858
2324 2860
2325 2854
2326 2860
2327 2861
2328 2854
2329 2852
2330 2855
2331 2862
2332 2857
2333 2859
2334 2859
2335 2872
2336 2861
2337 2877
2338 2854
2339 2860
2340 2852
2341 2867
2342 2859
2343 2853
2344 2861
2345 2858
2346 2854
2347 2860
2348 2860
2349 2860
2350 2859
2351 2854
2352 2860
2353 2858
2354 2860
2355 2860
2356 2859
2357 2861
2358 2855
2359 2855
2360 2858
2361 2869
2362 2860
2363 2864
2364 2859
2365 2858
2366 2860
2367 2860
2368 2851
2369 2858
2370 2860
2371 2861
2372 2855
2373 2854
2374 2863
2375 2858
2376 2849
2377 2858
2378 2858
2379 2861
2380 2863
2381 2861
2382 2858
2383 2867
2384 2862
2385 2852
2386 2858
2387 2861
2388 2852
2389 2862
2390 2861
2391 2851
2392 2870
2393 2860
2394 2859
2395 2867
2396 2859
2397 2860
2398 2859
2399 2855
2400 2859
2401 2864
2402 2860
2403 2857
2404 2860
2405 2852
2406 2859
2407 2864
2408 2868
2409 2858
2410 2856
2411 2859
2412 2866
2413 2863
2414 2855
2415 2853
2416 2859
2417 2858
2418 2850
2419 2849
2420 2859
2421 2861
2422 2854
2423 2859
2424 2855
2425 2861
2426 2860
2427 2860
2428 2863
2429 2859
2430 2860
2431 2862
2432 2861
2433 2860
2434 2858
2435 2861
2436 2859
2437 2860
2438 2860
2439 2863
2440 2842
2441 2853
2442 2857
2443 2859
2444 2859
2445 2880
2446 2862
2447 2879
2448 2846
2449 2859
2450 2859
2451 2851
2452 2859
2453 2850
2454 2861
2455 2854
2456 2858
2457 2850
2458 2860
2459 2858
2460 2859
2461 2863
2462 2858
2463 2861
2464 2851
2465 2843
2466 2859
2467 2858
2468 2861
2469 2855
2470 2859
2471 2855
2472 2862
2473 2867
2474 2858
2475 2859
2476 2858
2477 2857
2478 2856
2479 2870
2480 2863
2481 2861
2482 2862
2483 2859
2484 2860
2485 2866
2486 2863
2487 2860
2488 2859
2489 2857
2490 2859
2491 2859
2492 2862
2493 2853
2494 2857
2495 2859
2496 2859
2497 2858
2498 2873
2499 2858
2500 2941
2501 2898
2502 2862
2503 2860
2504 2865
2505 2860
2506 2863
2507 2859
2508 2858
2509 2858
2510 2860
2511 2848
2512 2878
2513 2861
2514 2862
2515 2859
2516 2860
2517 2876
2518 2871
2519 2869
2520 2863
2521 2856
2522 2858
2523 2861
2524 2860
2525 2861
2526 2852
2527 2886
2528 2863
2529 2853
2530 2861
2531 2879
2532 2861
2533 2861
2534 2851
2535 2864
2536 2859
2537 2858
2538 2853
2539 2840
2540 2854
2541 2857
2542 2859
2543 2859
2544 2853
2545 2867
2546 2858
2547 2857
2548 2858
2549 2859
2550 2859
2551 2861
2552 2858
2553 2862
2554 2848
2555 2865
2556 2870
2557 2858
2558 2856
2559 2854
2560 2860
2561 2857
2562 2865
2563 2861
2564 2858
2565 2859
2566 2858
2567 2859
2568 2858
2569 2860
2570 2867
2571 2859
2572 2860
2573 2863
2574 2862
2575 2852
2576 2851
2577 2860
2578 2860
2579 2847
2580 2857
2581 2856
2582 2857
2583 2858
2584 2860
2585 2856
2586 2862
2587 2863
2588 2858
2589 2858
2590 2852
2591 2861
2592 2857
2593 2879
2594 2860
2595 2878
2596 2857
2597 2858
2598 2858
2599 2855
2600 2848
2601 2859
2602 2863
2603 2858
2604 2863
2605 2856
2606 2859
2607 2859
2608 2861
2609 2861
2610 2860
2611 2855
2612 2850
2613 2853
2614 2858
2615 2844
2616 2857
2617 2859
2618 2862
2619 2861
2620 2861
2621 2859
2622 2856
2623 2859
2624 2857
2625 2859
2626 2879
2627 2859
2628 2872
2629 2877
2630 2862
2631 2861
2632 2864
2633 2860
2634 2856
2635 2858
2636 2861
2637 2856
2638 2860
2639 2859
2640 2861
2641 2859
2642 2866
2643 2863
2644 2858
2645 2855
2646 2861
2647 2861
2648 2859
2649 2856
2650 2851
2651 2860
2652 2861
2653 2858
2654 2859
2655 2875
2656 2860
2657 2852
2658 2858
2659 2856
2660 2859
2661 2858
2662 2860
2663 2857
2664 2857
2665 2860
2666 2861
2667 2855
2668 2859
2669 2857
2670 2867
2671 2860
2672 2855
2673 2859
2674 2859
2675 2860
2676 2859
2677 2861
2678 2860
2679 2859
2680 2856
2681 2852
2682 2858
2683 2858
2684 2864
2685 2860
2686 2862
2687 2860
2688 2857
2689 2860
2690 2861
2691 2871
2692 2876
2693 2863
2694 2861
2695 2861
2696 2860
2697 2860
2698 2861
2699 2865
2700 2863
2701 2854
2702 2862
2703 2866
2704 2862
2705 2860
2706 2861
2707 2856
2708 2857
2709 2855
2710 2873
2711 2862
2712 2869
2713 2856
2714 2860
2715 2858
2716 2862
2717 2859
2718 2852
2719 2861
2720 2859
2721 2858
2722 2877
2723 2862
2724 2862
2725 2877
2726 2857
2727 2860
2728 2857
2729 2854
2730 2858
2731 2860
2732 2879
2733 2860
2734 2857
2735 2841
2736 2856
2737 2858
2738 2865
2739 2849
2740 2857
2741 2855
2742 2860
2743 2858
2744 2860
2745 2857
2746 2860
2747 2848
2748 2858
2749 2856
2750 2858
2751 2855
2752 2861
2753 2869
2754 2854
2755 2856
2756 2855
2757 2860
2758 2859
2759 2874
2760 2862
2761 2870
2762 2864
2763 2853
2764 2860
2765 2860
2766 2859
2767 2859
2768 2871
2769 2860
2770 2853
2771 2859
2772 2858
2773 2861
2774 2861
2775 2856
2776 2850
2777 2860
2778 2859
2779 2850
2780 2855
2781 2866
2782 2861
2783 2861
2784 2859
2785 2858
2786 2861
2787 2859
2788 2860
2789 2860
2790 2861
2791 2860
2792 2865
2793 2851
2794 2862
2795 2853
2796 2858
2797 2859
2798 2859
2799 2853
2800 2853
2801 2855
2802 2857
2803 2853
2804 2856
2805 2858
2806 2857
2807 2859
2808 2859
2809 2859
2810 2858
2811 2860
2812 2860
2813 2860
2814 2863
2815 2859
2816 2859
2817 2858
2818 2861
2819 2858
2820 2870
2821 2858
2822 2860
2823 2858
2824 2861
2825 2861
2826 2857
2827 2860
2828 2857
2829 2873
2830 2858
2831 2859
2832 2852
2833 2862
2834 2852
2835 2861
2836 2858
2837 2863
2838 2858
2839 2858
2840 2860
2841 2860
2842 2860
2843 2864
2844 2863
2845 2858
2846 2859
2847 2861
2848 2858
2849 2864
2850 2865
2851 2873
2852 2858
2853 2862
2854 2851
2855 2860
2856 2872
2857 2857
2858 2852
2859 2858
2860 2861
2861 2857
2862 2860
2863 2853
2864 2861
2865 2860
2866 2860
2867 2845
2868 2858
2869 2861
2870 2861
2871 2861
2872 2859
2873 2861
2874 2858
2875 2870
2876 2859
2877 2856
2878 2858
2879 2860
2880 2860
2881 2854
2882 2861
2883 2860
2884 2867
2885 2863
2886 2870
2887 2860
2888 2860
2889 2858
2890 2859
2891 2861
2892 2851
2893 2855
2894 2865
2895 2854
2896 2861
2897 2856
2898 2854
2899 2859
2900 2857
2901 2851
2902 2860
2903 2861
2904 2856
2905 2859
2906 2859
2907 2862
2908 2859
2909 2852
2910 2860
2911 2852
2912 2857
2913 2862
2914 2856
2915 2859
2916 2862
2917 2865
2918 2875
2919 2864
2920 2857
2921 2856
2922 2858
2923 2852
2924 2859
2925 2859
2926 2855
2927 2893
2928 2860
2929 2858
2930 2854
2931 2872
2932 2868
2933 2859
2934 2863
2935 2854
2936 2861
2937 2857
2938 2852
2939 2861
2940 2863
2941 2859
2942 2858
2943 2860
2944 2859
2945 2860
2946 2878
2947 2860
2948 2858
2949 2860
2950 2858
2951 2865
2952 2860
2953 2853
2954 2856
2955 2859
2956 2858
2957 2850
2958 2862
2959 2863
2960 2859
2961 2858
2962 2853
2963 2861
2964 2872
2965 2857
2966 2856
2967 2867
2968 2856
2969 2858
2970 2861
2971 2859
2972 2859
2973 2853
2974 2856
2975 2859
2976 2861
2977 2869
2978 2861
2979 2855
2980 2859
2981 2861
2982 2865
2983 2861
2984 2860
2985 2852
2986 2860
2987 2861
2988 2861
2989 2853
2990 2867
2991 2857
2992 2855
2993 2862
2994 2859
2995 2864
2996 2860
2997 2861
2998 2860
2999 2862
3000 2930
3001 2892
3002 2863
3003 2862
3004 2861
3005 2860
3006 2862
3007 2852
3008 2862
3009 2859
3010 2860
3011 2858
3012 2853
3013 2856
3014 2861
3015 2858
3016 2865
3017 2856
3018 2863
3019 2860
3020 2871
3021 2859
3022 2872
3023 2872
3024 2847
3025 2853
3026 2861
3027 2854
3028 2859
3029 2907
3030 2867
3031 2861
3032 2860
3033 2859
3034 2857
3035 2852
3036 2856
3037 2857
3038 2849
3039 2864
3040 2856
3041 2858
3042 2868
3043 2857
3044 2852
3045 2849
3046 2849
3047 2857
3048 2859
3049 2856
3050 2857
3051 2857
3052 2860
3053 2862
3054 2856
3055 2864
3056 2857
3057 2857
3058 2852
3059 2849
3060 2877
3061 2858
3062 2855
3063 2860
3064 2855
3065 2847
3066 2856
3067 2859
3068 2855
3069 2859
3070 2855
3071 2856
3072 2859
3073 2861
3074 2858
3075 2862
3076 2857
3077 2858
3078 2857
3079 2858
3080 2849
3081 2864
3082 2849
3083 2846
3084 2860
3085 2853
3086 2855
3087 2854
3088 2875
3089 2859
3090 2859
3091 2858
3092 2858
3093 2861
3094 2858
3095 2860
3096 2871
3097 2861
3098 2854
3099 2865
3100 2862
3101 2854
3102 2860
3103 2853
3104 2843
3105 2856
3106 2858
3107 2857
3108 2859
3109 2852
3110 2856
3111 2856
3112 2850
3113 2867
3114 2858
3115 2860
3116 2845
3117 2856
3118 2856
3119 2856
3120 2857
3121 2858
3122 2852
3123 2848
3124 2858
3125 2857
3126 2859
3127 2852
3128 2856
3129 2849
3130 2875
3131 2851
3132 2858
3133 2850
3134 2849
3135 2857
3136 2857
3137 2857
3138 2849
3139 2853
3140 2860
3141 2849
3142 2848
3143 2848
3144 2860
3145 2868
3146 2858
3147 2851
3148 2868
3149 2852
3150 2857
3151 2852
3152 2860
3153 2857
3154 2855
3155 2854
3156 2855
3157 2849
3158 2852
3159 2859
3160 2849
3161 2857
3162 2854
3163 2858
3164 2850
3165 2852
3166 2852
3167 2866
3168 2863
3169 2853
3170 2859
3171 2859
3172 2852
3173 2858
3174 2851
3175 2856
3176 2851
3177 2855
3178 2859
3179 2851
3180 2852
3181 2872
3182 2860
3183 2850
3184 2855
3185 2859
3186 2850
3187 2859
3188 2860
3189 2857
3190 2864
3191 2856
3192 2857
3193 2855
3194 2857
3195 2856
3196 2852
3197 2860
3198 2853
3199 2862
3200 2857
3201 2860
3202 2865
3203 2857
3204 2858
3205 2863
3206 2859
3207 2879
3208 2851
3209 2863
3210 2848
3211 2854
3212 2866
3213 2853
3214 2858
3215 2856
3216 2857
3217 2858
3218 2851
3219 2858
3220 2851
3221 2857
3222 2856
3223 2859
3224 2870
3225 2853
3226 2858
3227 2857
3228 2862
3229 2859
3230 2857
3231 2850
3232 2859
3233 2857
3234 2850
3235 2858
3236 2862
3237 2856
3238 2858
3239 2850
3240 2856
3241 2860
3242 2855
3243 2857
3244 2856
3245 2857
3246 2859
3247 2854
3248 2858
3249 2869
3250 2848
3251 2856
3252 2851
3253 2860
3254 2856
3255 2856
3256 2849
3257 2853
3258 2856
3259 2851
3260 2861
3261 2856
3262 2853
3263 2879
3264 2858
3265 2852
3266 2869
3267 2869
3268 2857
3269 2857
3270 2859
3271 2860
3272 2859
3273 2851
3274 2857
3275 2859
3276 2854
3277 2851
3278 2857
3279 2855
3280 2858
3281 2849
3282 2852
3283 2860
3284 2864
3285 2851
3286 2850
3287 2859
3288 2851
3289 2857
3290 2862
3291 2859
3292 2857
3293 2849
3294 2858
3295 2863
3296 2845
3297 2845
3298 2860
3299 2859
3300 2853
3301 2859
3302 2858
3303 2855
3304 2865
3305 2856
3306 2877
3307 2860
3308 2848
3309 2859
3310 2855
3311 2854
3312 2862
3313 2856
3314 2864
3315 2855
3316 2862
3317 2857
3318 2854
3319 2848
3320 2857
3321 2859
3322 2857
3323 2856
3324 2857
3325 2857
3326 2858
3327 2895
3328 2862
3329 2859
3330 2860
3331 2856
3332 2861
3333 2862
3334 2842
3335 2850
3336 2850
3337 2861
3338 2848
3339 2854
3340 2863
3341 2875
3342 2863
3343 2851
3344 2854
3345 2855
3346 2853
3347 2860
3348 2854
3349 2857
3350 2865
3351 2853
3352 2863
3353 2858
3354 2857
3355 2863
3356 2855
3357 2874
3358 2857
3359 2862
3360 2854
3361 2856
3362 2858
3363 2865
3364 2863
3365 2857
3366 2852
3367 2861
3368 2856
3369 2855
3370 2855
3371 2847
3372 2855
3373 2856
3374 2857
3375 2859
3376 2855
3377 2859
3378 2858
3379 2857
3380 2861
3381 2868
3382 2861
3383 2846
3384 2857
3385 2855
3386 2856
3387 2858
3388 2862
3389 2853
3390 2857
3391 2861
3392 2848
3393 2866
3394 2855
3395 2854
3396 2857
3397 2845
3398 2845
3399 2854
3400 2855
3401 2860
3402 2858
3403 2863
3404 2858
3405 2852
3406 2862
3407 2857
3408 2857
3409 2857
3410 2848
3411 2870
3412 2856
3413 2859
3414 2853
3415 2858
3416 2852
3417 2858
3418 2857
3419 2860
3420 2857
3421 2861
3422 2855
3423 2870
3424 2854
3425 2857
3426 2856
3427 2864
3428 2861
3429 2851
3430 2850
3431 2855
3432 2858
3433 2859
3434 2855
3435 2863
3436 2860
3437 2880
3438 2846
3439 2851
3440 2849
3441 2860
3442 2850
3443 2840
3444 2856
3445 2851
3446 2860
3447 2860
3448 2856
3449 2855
3450 2853
3451 2863
3452 2860
3453 2857
3454 2854
3455 2851
3456 2853
3457 2855
3458 2851
3459 2849
3460 2865
3461 2858
3462 2861
3463 2852
3464 2856
3465 2861
3466 2848
3467 2855
3468 2856
3469 2859
3470 2855
3471 2857
3472 2857
3473 2867
3474 2856
3475 2862
3476 2859
3477 2860
3478 2854
3479 2851
3480 2849
3481 2847
3482 2860
3483 2847
3484 2849
3485 2852
3486 2856
3487 2869
3488 2853
3489 2854
3490 2856
3491 2856
3492 2850
3493 2859
3494 2856
3495 2858
3496 2853
3497 2856
3498 2856
3499 2868
3500 2950
3501 2886
3502 2865
3503 2852
3504 2859
3505 2851
3506 2867
3507 2858
3508 2857
3509 2867
3510 2855
3511 2866
3512 2858
3513 2861
3514 2851
3515 2850
3516 2859
3517 2861
3518 2856
3519 2852
3520 2859
3521 2856
3522 2866
3523 2855
3524 2851
3525 2859
3526 2858
3527 2858
3528 2849
3529 2858
3530 2857
3531 2851
3532 2851
3533 2850
3534 2861
3535 2846
3536 2860
3537 2864
3538 2851
3539 2858
3540 2859
3541 2861
3542 2851
3543 2852
3544 2856
3545 2851
3546 2857
3547 2857
3548 2858
3549 2856
3550 2852
3551 2861
3552 2858
3553 2850
3554 2856
3555 2858
3556 2860
3557 2856
3558 2852
3559 2861
3560 2856
3561 2856
3562 2853
3563 2858
3564 2861
3565 2858
3566 2858
3567 2851
3568 2858
3569 2860
3570 2856
3571 2858
3572 2858
3573 2863
3574 2857
3575 2866
3576 2858
3577 2860
3578 2851
3579 2855
3580 2858
3581 2849
3582 2858
3583 2857
3584 2869
3585 2860
3586 2858
3587 2859
3588 2860
3589 2858
3590 2859
3591 2858
3592 2857
3593 2858
3594 2865
3595 2852
3596 2856
3597 2858
3598 2856
3599 2858
3600 2859
3601 2861
3602 2856
3603 2855
3604 2853
3605 2856
3606 2848
3607 2865
3608 2852
3609 2860
3610 2849
3611 2855
3612 2854
3613 2857
3614 2870
3615 2858
3616 2852
3617 2855
3618 2861
3619 2859
3620 2854
3621 2858
3622 2860
3623 2855
3624 2856
3625 2859
3626 2859
3627 2857
3628 2890
3629 2865
3630 2854
3631 2857
3632 2864
3633 2861
3634 2859
3635 2861
3636 2860
3637 2857
3638 2849
3639 2860
3640 2844
3641 2855
3642 2855
3643 2862
3644 2857
3645 2860
3646 2863
3647 2861
3648 2854
3649 2860
3650 2852
3651 2856
3652 2859
3653 2849
3654 2858
3655 2864
3656 2866
3657 2860
3658 2861
3659 2859
3660 2861
3661 2858
3662 2877
3663 2867
3664 2860
3665 2857
3666 2860
3667 2859
3668 2861
3669 2866
3670 2859
3671 2844
3672 2856
3673 2853
3674 2850
3675 2856
3676 2854
3677 2857
3678 2849
3679 2857
3680 2879
3681 2861
3682 2857
3683 2855
3684 2853
3685 2861
3686 2870
3687 2858
3688 2869
3689 2857
3690 2861
3691 2877
3692 2855
3693 2859
3694 2861
3695 2861
3696 2881
3697 2856
3698 2850
3699 2854
3700 2858
3701 2858
3702 2858
3703 2859
3704 2857
3705 2859
3706 2859
3707 2862
3708 2852
3709 2864
3710 2861
3711 2858
3712 2854
3713 2868
3714 2865
3715 2859
3716 2857
3717 2861
3718 2853
3719 2877
3720 2857
3721 2860
3722 2857
3723 2857
3724 2857
3725 2859
3726 2862
3727 2890
3728 2860
3729 2860
3730 2862
3731 2860
3732 2858
3733 2864
3734 2861
3735 2860
3736 2859
3737 2854
3738 2857
3739 2869
3740 2847
3741 2860
3742 2859
3743 2854
3744 2858
3745 2857
3746 2859
3747 2859
3748 2858
3749 2849
3750 2849
3751 2857
3752 2857
3753 2860
3754 2858
3755 2860
3756 2867
3757 2858
3758 2854
3759 2851
3760 2859
3761 2855
3762 2851
3763 2861
3764 2859
3765 2870
3766 2851
3767 2857
3768 2872
3769 2853
3770 2859
3771 2845
3772 2860
3773 2860
3774 2851
3775 2858
3776 2857
3777 2850
3778 2850
3779 2858
3780 2859
3781 2856
3782 2854
3783 2860
3784 2860
3785 2879
3786 2863
3787 2848
3788 2859
3789 2860
3790 2851
3791 2857
3792 2853
3793 2859
3794 2858
3795 2857
3796 2858
3797 2857
3798 2859
3799 2856
3800 2858
3801 2858
3802 2858
3803 2861
3804 2880
3805 2876
3806 2860
3807 2855
3808 2860
3809 2854
3810 2863
3811 2856
3812 2859
3813 2857
3814 2854
3815 2859
3816 2860
3817 2860
3818 2851
3819 2854
3820 2859
3821 2855
3822 2858
3823 2858
3824 2853
3825 2861
3826 2859
3827 2852
3828 2859
3829 2859
3830 2859
3831 2860
3832 2876
3833 2857
3834 2851
3835 2869
3836 2858
3837 2855
3838 2858
3839 2875
3840 2860
3841 2849
3842 2857
3843 2852
3844 2859
3845 2856
3846 2860
3847 2854
3848 2859
3849 2852
3850 2878
3851 2855
3852 2861
3853 2856
3854 2859
3855 2861
3856 2855
3857 2854
3858 2854
3859 2851
3860 2856
3861 2874
3862 2862
3863 2856
3864 2856
3865 2863
3866 2858
3867 2861
3868 2860
3869 2859
3870 2853
3871 2858
3872 2844
3873 2863
3874 2858
3875 2860
3876 2850
3877 2859
3878 2854
3879 2862
3880 2861
3881 2858
3882 2848
3883 2859
3884 2859
3885 2858
3886 2862
3887 2860
3888 2861
3889 2865
3890 2861
3891 2862
3892 2845
3893 2859
3894 2851
3895 2856
3896 2841
3897 2859
3898 2861
3899 2884
3900 2877
3901 2863
3902 2858
3903 2859
3904 2852
3905 2859
3906 2858
3907 2853
3908 2859
3909 2859
3910 2858
3911 2859
3912 2860
3913 2859
3914 2858
3915 2844
3916 2862
3917 2859
3918 2870
3919 2867
3920 2860
3921 2859
3922 2857
3923 2859
3924 2857
3925 2861
3926 2852
3927 2857
3928 2858
3929 2858
3930 2858
3931 2862
3932 2859
3933 2860
3934 2859
3935 2853
3936 2858
3937 2858
3938 2860
3939 2853
3940 2859
3941 2862
3942 2863
3943 2861
3944 2859
3945 2867
3946 2857
3947 2852
3948 2853
3949 2861
3950 2861
3951 2850
3952 2852
3953 2862
3954 2858
3955 2860
3956 2847
3957 2853
3958 2857
3959 2863
3960 2857
3961 2860
3962 2859
3963 2871
3964 2859
3965 2860
3966 2862
3967 2872
3968 2846
3969 2859
3970 2859
3971 2860
3972 2846
3973 2851
3974 2853
3975 2860
3976 2866
3977 2860
3978 2860
3979 2848
3980 2864
3981 2854
3982 2850
3983 2851
3984 2860
3985 2854
3986 2861
3987 2853
3988 2858
3989 2842
3990 2857
3991 2879
3992 2858
3993 2862
3994 2850
3995 2854
3996 2857
3997 2867
3998 2858
3999 2857
4000 2927
4001 2886
4002 2864
4003 2865
4004 2860
4005 2860
4006 2872
4007 2861
4008 2859
4009 2859
4010 2859
4011 2853
4012 2860
4013 2843
4014 2860
4015 2842
4016 2858
4017 2849
4018 2859
4019 2859
4020 2858
4021 2866
4022 2859
4023 2862
4024 2852
4025 2872
4026 2854
4027 2862
4028 2860
4029 2861
4030 2860
4031 2856
4032 2861
4033 2870
4034 2874
4035 2859
4036 2862
4037 2859
4038 2852
4039 2858
4040 2858
4041 2859
4042 2860
4043 2859
4044 2861
4045 2861
4046 2858
4047 2865
4048 2860
4049 2854
4050 2857
4051 2859
4052 2856
4053 2862
4054 2859
4055 2858
4056 2861
4057 2852
4058 2859
4059 2857
4060 2860
4061 2861
4062 2859
4063 2866
4064 2857
4065 2862
4066 2867
4067 2861
4068 2861
4069 2860
4070 2857
4071 2860
4072 2852
4073 2854
4074 2854
4075 2865
4076 2859
4077 2857
4078 2863
4079 2859
4080 2849
4081 2858
4082 2859
4083 2858
4084 2861
4085 2860
4086 2855
4087 2854
4088 2859
4089 2858
4090 2853
4091 2853
4092 2855
4093 2853
4094 2857
4095 2862
4096 2854
4097 2848
4098 2859
4099 2856
4100 2862
4101 2847
4102 2860
4103 2859
4104 2857
4105 2859
4106 2865
4107 2852
4108 2859
4109 2858
4110 2857
4111 2859
4112 2855
4113 2863
4114 2857
4115 2859
4116 2856
4117 2851
4118 2858
4119 2862
4120 2860
4121 2864
4122 2848
4123 2875
4124 2855
4125 2863
4126 2861
4127 2879
4128 2861
4129 2853
4130 2862
4131 2855
4132 2877
4133 2863
4134 2856
4135 2868
4136 2858
4137 2872
4138 2859
4139 2850
4140 2867
4141 2851
4142 2859
4143 2860
4144 2859
4145 2863
4146 2881
4147 2874
4148 2860
4149 2859
4150 2856
4151 2859
4152 2849
4153 2853
4154 2860
4155 2860
4156 2859
4157 2881
4158 2841
4159 2859
4160 2870
4161 2859
4162 2856
4163 2865
4164 2858
4165 2858
4166 2855
4167 2858
4168 2860
4169 2860
4170 2854
4171 2857
4172 2861
4173 2856
4174 2859
4175 2864
4176 2861
4177 2856
4178 2857
4179 2860
4180 2858
4181 2859
4182 2859
4183 2856
4184 2855
4185 2857
4186 2853
4187 2864
4188 2854
4189 2855
4190 2857
4191 2858
4192 2851
4193 2861
4194 2861
4195 2857
4196 2851
4197 2862
4198 2866
4199 2859
4200 2859
4201 2851
4202 2858
4203 2860
4204 2859
4205 2878
4206 2859
4207 2854
4208 2856
4209 2863
4210 2865
4211 2856
4212 2858
4213 2863
4214 2859
4215 2858
4216 2852
4217 2855
4218 2855
4219 2859
4220 2861
4221 2858
4222 2859
4223 2868
4224 2862
4225 2860
4226 2866
4227 2861
4228 2857
4229 2860
4230 2860
4231 2855
4232 2859
4233 2855
4234 2861
4235 2861
4236 2849
4237 2856
4238 2845
4239 2867
4240 2860
4241 2857
4242 2857
4243 2860
4244 2852
4245 2854
4246 2861
4247 2857
4248 2851
4249 2875
4250 2858
4251 2857
4252 2862
4253 2861
4254 2856
4255 2860
4256 2854
4257 2858
4258 2861
4259 2861
4260 2860
4261 2850
4262 2862
4263 2852
4264 2858
4265 2863
4266 2858
4267 2859
4268 2859
4269 2859
4270 2857
4271 2864
4272 2865
4273 2856
4274 2859
4275 2858
4276 2854
4277 2860
4278 2851
4279 2864
4280 2860
4281 2854
4282 2855
4283 2860
4284 2858
4285 2858
4286 2862
4287 2856
4288 2857
4289 2859
4290 2859
4291 2858
4292 2860
4293 2867
4294 2860
4295 2862
4296 2861
4297 2857
4298 2857
4299 2860
4300 2859
4301 2855
4302 2858
4303 2860
4304 2860
4305 2857
4306 2856
4307 2861
4308 2850
4309 2855
4310 2861
4311 2879
4312 2860
4313 2858
4314 2860
4315 2860
4316 2862
4317 2860
4318 2855
4319 2861
4320 2849
4321 2861
4322 2857
4323 2853
4324 2858
4325 2856
4326 2857
4327 2858
4328 2885
4329 2855
4330 2851
4331 2859
4332 2860
4333 2854
4334 2866
4335 2859
4336 2854
4337 2880
4338 2853
4339 2855
4340 2854
4341 2866
4342 2856
4343 2865
4344 2863
4345 2856
4346 2849
4347 2867
4348 2848
4349 2857
4350 2854
4351 2852
4352 2855
4353 2860
4354 2853
4355 2851
4356 2848
4357 2862
4358 2858
4359 2852
4360 2854
4361 2861
4362 2857
4363 2858
4364 2859
4365 2858
4366 2858
4367 2857
4368 2859
4369 2859
4370 2854
4371 2853
4372 2857
4373 2861
4374 2858
4375 2859
4376 2859
4377 2852
4378 2854
4379 2859
4380 2862
4381 2877
4382 2860
4383 2855
4384 2862
4385 2856
4386 2854
4387 2862
4388 2859
4389 2861
4390 2876
4391 2861
4392 2854
4393 2856
4394 2855
4395 2852
4396 2859
4397 2858
4398 2849
4399 2860
4400 2867
4401 2856
4402 2857
4403 2844
4404 2856
4405 2860
4406 2861
4407 2849
4408 2856
4409 2852
4410 2854
4411 2855
4412 2861
4413 2860
4414 2855
4415 2855
4416 2858
4417 2860
4418 2865
4419 2859
4420 2878
4421 2860
4422 2860
4423 2856
4424 2851
4425 2859
4426 2859
4427 2849
4428 2861
4429 2858
4430 2870
4431 2861
4432 2860
4433 2864
4434 2857
4435 2860
4436 2860
4437 2859
4438 2858
4439 2858
4440 2857
4441 2858
4442 2860
4443 2859
4444 2858
4445 2852
4446 2862
4447 2860
4448 2858
4449 2851
4450 2860
4451 2853
4452 2851
4453 2851
4454 2858
4455 2856
4456 2857
4457 2857
4458 2858
4459 2860
4460 2850
4461 2859
4462 2852
4463 2860
4464 2855
4465 2857
4466 2858
4467 2864
4468 2857
4469 2837
4470 2852
4471 2854
4472 2852
4473 2860
4474 2857
4475 2863
4476 2865
4477 2861
4478 2854
4479 2860
4480 2858
4481 2859
4482 2855
4483 2860
4484 2860
4485 2861
4486 2857
4487 2854
4488 2864
4489 2859
4490 2856
4491 2856
4492 2860
4493 2859
4494 2852
4495 2859
4496 2860
4497 2870
4498 2857
4499 2854
4500 2924
4501 2890
4502 2862
4503 2872
4504 2861
4505 2861
4506 2856
4507 2855
4508 2861
4509 2856
4510 2861
4511 2873
4512 2859
4513 2858
4514 2860
4515 2849
4516 2858
4517 2856
4518 2846
4519 2868
4520 2860
4521 2858
4522 2860
4523 2860
4524 2859
4525 2858
4526 2858
4527 2894
4528 2873
4529 2859
4530 2861
4531 2849
4532 2861
4533 2856
4534 2881
4535 2858
4536 2869
4537 2860
4538 2863
4539 2857
4540 2861
4541 2861
4542 2860
4543 2859
4544 2852
4545 2859
4546 2858
4547 2852
4548 2859
4549 2860
4550 2859
4551 2858
4552 2860
4553 2859
4554 2855
4555 2856
4556 2860
4557 2858
4558 2859
4559 2851
4560 2844
4561 2861
4562 2859
4563 2864
4564 2867
4565 2868
4566 2856
4567 2851
4568 2859
4569 2859
4570 2872
4571 2858
4572 2859
4573 2853
4574 2861
4575 2859
4576 2854
4577 2856
4578 2853
4579 2863
4580 2859
4581 2856
4582 2861
4583 2864
4584 2871
4585 2860
4586 2856
4587 2852
4588 2861
4589 2854
4590 2858
4591 2860
4592 2862
4593 2851
4594 2867
4595 2859
4596 2863
4597 2860
4598 2882
4599 2858
4600 2861
4601 2860
4602 2863
4603 2861
4604 2865
4605 2859
4606 2858
4607 2864
4608 2860
4609 2857
4610 2861
4611 2859
4612 2844
4613 2862
4614 2859
4615 2857
4616 2860
4617 2859
4618 2859
4619 2856
4620 2860
4621 2855
4622 2859
4623 2861
4624 2852
4625 2857
4626 2851
4627 2865
4628 2877
4629 2861
4630 2861
4631 2860
4632 2863
4633 2859
4634 2863
4635 2862
4636 2863
4637 2870
4638 2858
4639 2858
4640 2864
4641 2861
4642 2861
4643 2857
4644 2860
4645 2857
4646 2862
4647 2858
4648 2861
4649 2855
4650 2853
4651 2853
4652 2857
4653 2856
4654 2859
4655 2856
4656 2856
4657 2876
4658 2860
4659 2851
4660 2855
4661 2858
4662 2869
4663 2860
4664 2858
4665 2863
4666 2860
4667 2858
4668 2858
4669 2859
4670 2850
4671 2853
4672 2852
4673 2857
4674 2858
4675 2861
4676 2874
4677 2858
4678 2858
4679 2863
4680 2881
4681 2864
4682 2857
4683 2854
4684 2859
4685 2857
4686 2857
4687 2858
4688 2861
4689 2856
4690 2849
4691 2861
4692 2864
4693 2856
4694 2847
4695 2859
4696 2858
4697 2859
4698 2869
4699 2858
4700 2861
4701 2853
4702 2858
4703 2860
4704 2860
4705 2861
4706 2856
4707 2861
4708 2851
4709 2860
4710 2860
4711 2861
4712 2858
4713 2864
4714 2857
4715 2855
4716 2863
4717 2848
4718 2859
4719 2858
4720 2858
4721 2859
4722 2858
4723 2858
4724 2858
4725 2858
4726 2870
4727 2859
4728 2851
4729 2857
4730 2864
4731 2861
4732 2856
4733 2849
4734 2857
4735 2859
4736 2861
4737 2858
4738 2862
4739 2867
4740 2864
4741 2852
4742 2857
4743 2857
4744 2859
4745 2860
4746 2860
4747 2862
4748 2857
4749 2858
4750 2861
4751 2860
4752 2860
4753 2859
4754 2849
4755 2858
4756 2867
4757 2856
4758 2869
4759 2859
4760 2862
4761 2860
4762 2859
4763 2858
4764 2857
4765 2850
4766 2859
4767 2858
4768 2855
4769 2865
4770 2856
4771 2860
4772 2859
4773 2859
4774 2852
4775 2858
4776 2855
4777 2852
4778 2853
4779 2857
4780 2854
4781 2857
4782 2860
4783 2850
4784 2855
4785 2851
4786 2853
4787 2859
4788 2861
4789 2861
4790 2857
4791 2858
4792 2851
4793 2859
4794 2859
4795 2857
4796 2850
4797 2863
4798 2850
4799 2859
4800 2863
4801 2851
4802 2859
4803 2847
4804 2853
4805 2857
4806 2857
4807 2858
4808 2852
4809 2862
4810 2859
4811 2855
4812 2857
4813 2861
4814 2848
4815 2872
4816 2862
4817 2845
4818 2859
4819 2859
4820 2857
4821 2860
4822 2859
4823 2854
4824 2856
4825 2858
4826 2859
4827 2858
4828 2866
4829 2860
4830 2861
4831 2855
4832 2854
4833 2849
4834 2858
4835 2859
4836 2859
4837 2853
4838 2853
4839 2861
4840 2865
4841 2847
4842 2859
4843 2861
4844 2855
4845 2862
4846 2861
4847 2852
4848 2857
4849 2860
4850 2852
4851 2870
4852 2859
4853 2860
4854 2859
4855 2860
4856 2859
4857 2857
4858 2860
4859 2858
4860 2860
4861 2859
4862 2858
4863 2861
4864 2865
4865 2858
4866 2858
4867 2851
4868 2856
4869 2861
4870 2846
4871 2858
4872 2858
4873 2858
4874 2860
4875 2859
4876 2852
4877 2868
4878 2855
4879 2854
4880 2861
4881 2860
4882 2854
4883 2852
4884 2872
4885 2860
4886 2852
4887 2852
4888 2861
4889 2865
4890 2858
4891 2859
4892 2859
4893 2859
4894 2852
4895 2853
4896 2860
4897 2859
4898 2862
4899 2862
4900 2851
4901 2861
4902 2857
4903 2856
4904 2849
4905 2867
4906 2860
4907 2859
4908 2860
4909 2859
4910 2853
4911 2856
4912 2851
4913 2844
4914 2860
4915 2859
4916 2857
4917 2857
4918 2859
4919 2861
4920 2854
4921 2854
4922 2859
4923 2864
4924 2860
4925 2860
4926 2864
4927 2881
4928 2864
4929 2853
4930 2864
4931 2865
4932 2858
4933 2859
4934 2843
4935 2878
4936 2860
4937 2871
4938 2849
4939 2859
4940 2855
4941 2857
4942 2864
4943 2866
4944 2853
4945 2855
4946 2858
4947 2860
4948 2860
4949 2856
4950 2850
4951 2858
4952 2859
4953 2857
4954 2859
4955 2859
4956 2861
4957 2859
4958 2857
4959 2860
4960 2858
4961 2857
4962 2854
4963 2860
4964 2857
4965 2871
4966 2858
4967 2859
4968 2857
4969 2859
4970 2853
4971 2853
4972 2855
4973 2853
4974 2858
4975 2855
4976 2855
4977 2851
4978 2857
4979 2858
4980 2857
4981 2859
4982 2852
4983 2857
4984 2852
4985 2858
4986 2861
4987 2865
4988 2851
4989 2860
4990 2852
4991 2857
4992 2877
4993 2859
4994 2859
4995 2863
4996 2848
4997 2855
4998 2856
4999 2858
5000 2913
5001 2880
5002 2860
5003 2862
5004 2859
5005 2855
5006 2857
5007 2881
5008 2859
5009 2860
5010 2860
5011 2849
5012 2858
5013 2860
5014 2883
5015 2856
5016 2858
5017 2859
5018 2862
5019 2861
5020 2860
5021 2852
5022 2858
5023 2859
5024 2862
5025 2859
5026 2859
5027 2871
5028 2857
5029 2855
5030 2862
5031 2856
5032 2866
5033 2859
5034 2855
5035 2858
5036 2857
5037 2857
5038 2843
5039 2859
5040 2860
5041 2875
5042 2860
5043 2858
5044 2853
5045 2866
5046 2861
5047 2855
5048 2857
5049 2857
5050 2849
5051 2857
5052 2858
5053 2859
5054 2881
5055 2861
5056 2860
5057 2860
5058 2859
5059 2860
5060 2859
5061 2859
5062 2865
5063 2863
5064 2861
5065 2860
5066 2871
5067 2855
5068 2861
5069 2866
5070 2867
5071 2856
5072 2863
5073 2859
5074 2859
5075 2862
5076 2862
5077 2871
5078 2862
5079 2858
5080 2860
5081 2860
5082 2861
5083 2851
5084 2852
5085 2860
5086 2857
5087 2864
5088 2860
5089 2858
5090 2863
5091 2860
5092 2857
5093 2852
5094 2857
5095 2862
5096 2860
5097 2857
5098 2857
5099 2867
5100 2858
5101 2860
5102 2862
5103 2859
5104 2857
5105 2858
5106 2864
5107 2853
5108 2859
5109 2852
5110 2845
5111 2859
5112 2859
5113 2847
5114 2859
5115 2848
5116 2857
5117 2857
5118 2879
5119 2858
5120 2857
5121 2864
5122 2861
5123 2852
5124 2857
5125 2855
5126 2858
5127 2860
5128 2894
5129 2861
5130 2859
5131 2862
5132 2862
5133 2862
5134 2877
5135 2859
5136 2861
5137 2851
5138 2860
5139 2881
5140 2860
5141 2850
5142 2858
5143 2857
5144 2862
5145 2860
5146 2863
5147 2864
5148 2861
5149 2859
5150 2861
5151 2860
5152 2861
5153 2859
5154 2857
5155 2860
5156 2858
5157 2860
5158 2861
5159 2854
5160 2854
5161 2860
5162 2872
5163 2858
5164 2850
5165 2861
5166 2861
5167 2849
5168 2856
5169 2858
5170 2865
5171 2852
5172 2857
5173 2857
5174 2847
5175 2863
5176 2854
5177 2845
5178 2851
5179 2863
5180 2854
5181 2863
5182 2857
5183 2860
5184 2860
5185 2860
5186 2860
5187 2859
5188 2861
5189 2859
5190 2860
5191 2855
5192 2880
5193 2863
5194 2857
5195 2854
5196 2859
5197 2852
5198 2861
5199 2851
5200 2859
5201 2859
5202 2857
5203 2861
5204 2863
5205 2865
5206 2856
5207 2854
5208 2861
5209 2855
5210 2860
5211 2863
5212 2859
5213 2849
5214 2861
5215 2860
5216 2850
5217 2870
5218 2862
5219 2858
5220 2858
5221 2865
5222 2860
5223 2858
5224 2858
5225 2858
5226 2858
5227 2846
5228 2863
5229 2860
5230 2877
5231 2854
5232 2859
5233 2853
5234 2861
5235 2860
5236 2857
5237 2859
5238 2860
5239 2861
5240 2862
5241 2858
5242 2857
5243 2860
5244 2858
5245 2859
5246 2860
5247 2867
5248 2865
5249 2865
5250 2860
5251 2864
5252 2861
5253 2857
5254 2852
5255 2860
5256 2852
5257 2853
5258 2860
5259 2858
5260 2854
5261 2861
5262 2861
5263 2865
5264 2859
5265 2859
5266 2859
5267 2849
5268 2852
5269 2860
5270 2856
5271 2862
5272 2859
5273 2863
5274 2857
5275 2854
5276 2858
5277 2856
5278 2864
5279 2852
5280 2854
5281 2861
5282 2858
5283 2858
5284 2863
5285 2859
5286 2855
5287 2859
5288 2853
5289 2853
5290 2858
5291 2857
5292 2852
5293 2860
5294 2862
5295 2860
5296 2859
5297 2847
5298 2856
5299 2861
5300 2858
5301 2864
5302 2868
5303 2852
5304 2854
5305 2857
5306 2856
5307 2854
5308 2860
5309 2859
5310 2852
5311 2857
5312 2860
5313 2855
5314 2866
5315 2858
5316 2860
5317 2857
5318 2857
5319 2860
5320 2858
5321 2856
5322 2859
5323 2851
5324 2880
5325 2857
5326 2861
5327 2877
5328 2865
5329 2862
5330 2861
5331 2853
5332 2856
5333 2858
5334 2863
5335 2859
5336 2857
5337 2853
5338 2856
5339 2861
5340 2860
5341 2857
5342 2858
5343 2850
5344 2861
5345 2859
5346 2856
5347 2850
5348 2859
5349 2857
5350 2854
5351 2857
5352 2868
5353 2866
5354 2842
5355 2857
5356 2864
5357 2865
5358 2859
5359 2859
5360 2859
5361 2867
5362 2861
5363 2861
5364 2856
5365 2858
5366 2872
5367 2858
5368 2868
5369 2861
5370 2871
5371 2858
5372 2859
5373 2861
5374 2858
5375 2853
5376 2860
5377 2861
5378 2861
5379 2856
5380 2859
5381 2859
5382 2859
5383 2861
5384 2865
5385 2859
5386 2860
5387 2850
5388 2849
5389 2859
5390 2851
5391 2857
5392 2859
5393 2861
5394 2845
5395 2861
5396 2856
5397 2859
5398 2857
5399 2858
5400 2856
5401 2854
5402 2850
5403 2859
5404 2853
5405 2856
5406 2859
5407 2861
5408 2863
5409 2857
5410 2853
5411 2854
5412 2855
5413 2859
5414 2855
5415 2854
5416 2861
5417 2860
5418 2859
5419 2857
5420 2856
5421 2857
5422 2863
5423 2857
5424 2859
5425 2852
5426 2856
5427 2859
5428 2872
5429 2859
5430 2857
5431 2863
5432 2857
5433 2858
5434 2863
5435 2860
5436 2873
5437 2854
5438 2860
5439 2853
5440 2858
5441 2858
5442 2871
5443 2861
5444 2855
5445 2852
5446 2859
5447 2851
5448 2856
5449 2857
5450 2850
5451 2856
5452 2859
5453 2846
5454 2859
5455 2858
5456 2861
5457 2860
5458 2851
5459 2853
5460 2855
5461 2856
5462 2860
5463 2861
5464 2859
5465 2858
5466 2860
5467 2861
5468 2855
5469 2860
5470 2858
5471 2851
5472 2845
5473 2858
5474 2846
5475 2858
5476 2864
5477 2856
5478 2858
5479 2858
5480 2861
5481 2863
5482 2880
5483 2859
5484 2861
5485 2849
5486 2860
5487 2857
5488 2843
5489 2856
5490 2860
5491 2854
5492 2859
5493 2849
5494 2858
5495 2854
5496 2859
5497 2862
5498 2859
5499 2860
5500 2930
5501 2881
5502 2863
5503 2865
5504 2862
5505 2860
5506 2857
5507 2864
5508 2858
5509 2848
5510 2858
5511 2875
5512 2858
5513 2874
5514 2857
5515 2859
5516 2861
5517 2858
5518 2867
5519 2859
5520 2859
5521 2873
5522 2861
5523 2855
5524 2862
5525 2858
5526 2860
5527 2857
5528 2857
5529 2856
5530 2868
5531 2859
5532 2859
5533 2853
5534 2851
5535 2858
5536 2865
5537 2872
5538 2860
5539 2859
5540 2860
5541 2860
5542 2857
5543 2869
5544 2863
5545 2859
5546 2869
5547 2864
5548 2850
5549 2862
5550 2860
5551 2851
5552 2860
5553 2859
5554 2858
5555 2859
5556 2850
5557 2854
5558 2863
5559 2859
5560 2859
5561 2860
5562 2859
5563 2861
5564 2855
5565 2858
5566 2859
5567 2860
5568 2863
5569 2850
5570 2858
5571 2859
5572 2857
5573 2860
5574 2855
5575 2855
5576 2854
5577 2857
5578 2860
5579 2858
5580 2859
5581 2850
5582 2860
5583 2857
5584 2860
5585 2857
5586 2858
5587 2856
5588 2862
5589 2861
5590 2851
5591 2857
5592 2859
5593 2846
5594 2857
5595 2855
5596 2861
5597 2856
5598 2859
5599 2882
5600 2872
5601 2867
5602 2858
5603 2854
5604 2856
5605 2859
5606 2854
5607 2854
5608 2858
5609 2875
5610 2858
5611 2858
5612 2876
5613 2854
5614 2858
5615 2857
5616 2854
5617 2861
5618 2856
5619 2864
5620 2852
5621 2859
5622 2856
5623 2859
5624 2860
5625 2863
5626 2859
5627 2863
5628 2878
5629 2862
5630 2863
5631 2857
5632 2858
5633 2861
5634 2859
5635 2853
5636 2851
5637 2847
5638 2859
5639 2859
5640 2863
5641 2863
5642 2868
5643 2859
5644 2864
5645 2860
5646 2860
5647 2859
5648 2862
5649 2860
5650 2871
5651 2860
5652 2857
5653 2872
5654 2858
5655 2854
5656 2857
5657 2863
5658 2859
5659 2870
5660 2864
5661 2863
5662 2850
5663 2866
5664 2862
5665 2860
5666 2862
5667 2858
5668 2864
5669 2860
5670 2862
5671 2857
5672 2862
5673 2861
5674 2861
5675 2858
5676 2878
5677 2860
5678 2858
5679 2860
5680 2859
5681 2858
5682 2862
5683 2862
5684 2856
5685 2859
5686 2865
5687 2863
5688 2859
5689 2861
5690 2859
5691 2859
5692 2859
5693 2858
5694 2852
5695 2860
5696 2859
5697 2855
5698 2866
5699 2850
5700 2859
5701 2863
5702 2850
5703 2860
5704 2855
5705 2860
5706 2864
5707 2866
5708 2859
5709 2860
5710 2860
5711 2859
5712 2859
5713 2872
5714 2854
5715 2860
5716 2863
5717 2861
5718 2863
5719 2859
5720 2859
5721 2859
5722 2868
5723 2853
5724 2858
5725 2857
5726 2861
5727 2886
5728 2860
5729 2859
5730 2861
5731 2882
5732 2859
5733 2879
5734 2859
5735 2864
5736 2862
5737 2860
5738 2857
5739 2853
5740 2871
5741 2862
5742 2857
5743 2859
5744 2860
5745 2861
5746 2876
5747 2858
5748 2862
5749 2860
5750 2879
5751 2874
5752 2859
5753 2862
5754 2865
5755 2856
5756 2871
5757 2860
5758 2859
5759 2867
5760 2859
5761 2858
5762 2870
5763 2868
5764 2861
5765 2861
5766 2873
5767 2853
5768 2854
5769 2865
5770 2859
5771 2860
5772 2847
5773 2861
5774 2861
5775 2860
5776 2861
5777 2849
5778 2853
5779 2881
5780 2862
5781 2848
5782 2858
5783 2857
5784 2865
5785 2857
5786 2851
5787 2858
5788 2880
5789 2859
5790 2860
5791 2859
5792 2859
5793 2860
5794 2855
5795 2859
5796 2851
5797 2860
5798 2861
5799 2859
5800 2869
5801 2864
5802 2855
5803 2860
5804 2867
5805 2859
5806 2858
5807 2871
5808 2862
5809 2855
5810 2864
5811 2852
5812 2861
5813 2851
5814 2861
5815 2856
5816 2857
5817 2860
5818 2860
5819 2860
5820 2860
5821 2862
5822 2853
5823 2859
5824 2862
5825 2857
5826 2861
5827 2863
5828 2852
5829 2859
5830 2853
5831 2860
5832 2860
5833 2860
5834 2858
5835 2858
5836 2858
5837 2857
5838 2860
5839 2860
5840 2861
5841 2856
5842 2848
5843 2864
5844 2878
5845 2859
5846 2857
5847 2860
5848 2857
5849 2855
5850 2858
5851 2860
5852 2859
5853 2857
5854 2859
5855 2860
5856 2855
5857 2853
5858 2861
5859 2856
5860 2852
5861 2865
5862 2856
5863 2869
5864 2870
5865 2859
5866 2860
5867 2862
5868 2848
5869 2858
5870 2860
5871 2852
5872 2860
5873 2854
5874 2861
5875 2861
5876 2859
5877 2860
5878 2863
5879 2859
5880 2862
5881 2859
5882 2857
5883 2860
5884 2861
5885 2859
5886 2855
5887 2862
5888 2859
5889 2859
5890 2845
5891 2859
5892 2859
5893 2857
5894 2859
5895 2862
5896 2860
5897 2860
5898 2845
5899 2861
5900 2850
5901 2854
5902 2860
5903 2856
5904 2859
5905 2856
5906 2859
5907 2850
5908 2857
5909 2858
5910 2860
5911 2866
5912 2852
5913 2868
5914 2858
5915 2858
5916 2860
5917 2851
5918 2851
5919 2859
5920 2851
5921 2852
5922 2859
5923 2858
5924 2858
5925 2862
5926 2853
5927 2857
5928 2860
5929 2859
5930 2857
5931 2859
5932 2858
5933 2860
5934 2860
5935 2860
5936 2861
5937 2850
5938 2860
5939 2869
5940 2855
5941 2858
5942 2849
5943 2854
5944 2860
5945 2869
5946 2859
5947 2857
5948 2859
5949 2852
5950 2865
5951 2851
5952 2849
5953 2852
5954 2859
5955 2846
5956 2859
5957 2855
5958 2854
5959 2844
5960 2853
5961 2857
5962 2859
5963 2862
5964 2868
5965 2856
5966 2864
5967 2859
5968 2870
5969 2859
5970 2862
5971 2855
5972 2851
5973 2859
5974 2859
5975 2856
5976 2858
5977 2859
5978 2861
5979 2853
5980 2862
5981 2857
5982 2858
5983 2859
5984 2859
5985 2856
5986 2860
5987 2858
5988 2857
5989 2851
5990 2854
5991 2861
5992 2859
5993 2858
5994 2857
5995 2857
5996 2858
5997 2876
5998 2858
5999 2857
6000 2918
6001 2891
6002 2854
6003 2854
6004 2861
6005 2862
6006 2859
6007 2851
6008 2848
6009 2859
6010 2865
6011 2860
6012 2859
6013 2858
6014 2867
6015 2860
6016 2855
6017 2871
6018 2855
6019 2861
6020 2854
6021 2857
6022 2851
6023 2858
6024 2858
6025 2859
6026 2858
6027 2856
6028 2860
6029 2862
6030 2859
6031 2869
6032 2860
6033 2855
6034 2855
6035 2858
6036 2847
6037 2859
6038 2852
6039 2860
6040 2860
6041 2854
6042 2863
6043 2856
6044 2858
6045 2858
6046 2848
6047 2858
6048 2857
6049 2870
6050 2875
6051 2857
6052 2861
6053 2856
6054 2861
6055 2859
6056 2860
6057 2860
6058 2858
6059 2860
6060 2862
6061 2856
6062 2854
6063 2862
6064 2845
6065 2860
6066 2860
6067 2860
6068 2860
6069 2864
6070 2854
6071 2857
6072 2860
6073 2861
6074 2862
6075 2858
6076 2859
6077 2860
6078 2860
6079 2858
6080 2857
6081 2858
6082 2859
6083 2858
6084 2851
6085 2862
6086 2859
6087 2849
6088 2860
6089 2860
6090 2856
6091 2855
6092 2844
6093 2877
6094 2859
6095 2862
6096 2853
6097 2858
6098 2849
6099 2858
6100 2858
6101 2902
6102 2861
6103 2856
6104 2857
6105 2858
6106 2857
6107 2863
6108 2849
6109 2860
6110 2853
6111 2842
6112 2852
6113 2857
6114 2859
6115 2858
6116 2846
6117 2857
6118 2863
6119 2857
6120 2862
6121 2854
6122 2848
6123 2851
6124 2857
6125 2853
6126 2857
6127 2869
6128 2861
6129 2866
6130 2858
6131 2856
6132 2849
6133 2857
6134 2856
6135 2858
6136 2860
6137 2860
6138 2859
6139 2860
6140 2871
6141 2855
6142 2857
6143 2851
6144 2860
6145 2855
6146 2856
6147 2846
6148 2856
6149 2859
6150 2849
6151 2850
6152 2854
6153 2851
6154 2848
6155 2856
6156 2857
6157 2853
6158 2856
6159 2850
6160 2861
6161 2856
6162 2861
6163 2860
6164 2856
6165 2853
6166 2860
6167 2857
6168 2861
6169 2854
6170 2873
6171 2860
6172 2862
6173 2859
6174 2863
6175 2858
6176 2867
6177 2857
6178 2846
6179 2861
6180 2858
6181 2857
6182 2857
6183 2858
6184 2856
6185 2858
6186 2858
6187 2878
6188 2853
6189 2855
6190 2858
6191 2851
6192 2878
6193 2854
6194 2858
6195 2858
6196 2858
6197 2856
6198 2857
6199 2864
6200 2863
6201 2874
6202 2855
6203 2861
6204 2844
6205 2862
6206 2853
6207 2857
6208 2845
6209 2857
6210 2860
6211 2857
6212 2850
6213 2876
6214 2859
6215 2849
6216 2857
6217 2858
6218 2857
6219 2859
6220 2852
6221 2853
6222 2857
6223 2858
6224 2853
6225 2863
6226 2852
6227 2860
6228 2859
6229 2856
6230 2855
6231 2858
6232 2852
6233 2856
6234 2858
6235 2862
6236 2865
6237 2850
6238 2853
6239 2850
6240 2858
6241 2858
6242 2858
6243 2858
6244 2858
6245 2857
6246 2858
6247 2852
6248 2854
6249 2861
6250 2851
6251 2860
6252 2855
6253 2852
6254 2854
6255 2857
6256 2848
6257 2856
6258 2858
6259 2850
6260 2859
6261 2849
6262 2858
6263 2863
6264 2859
6265 2850
6266 2855
6267 2857
6268 2856
6269 2868
6270 2856
6271 2857
6272 2849
6273 2854
6274 2854
6275 2847
6276 2859
6277 2858
6278 2851
6279 2858
6280 2857
6281 2847
6282 2852
6283 2856
6284 2856
6285 2857
6286 2854
6287 2858
6288 2863
6289 2859
6290 2858
6291 2850
6292 2860
6293 2861
6294 2858
6295 2879
6296 2865
6297 2848
6298 2855
6299 2853
6300 2860
6301 2851
6302 2861
6303 2859
6304 2849
6305 2853
6306 2860
6307 2858
6308 2855
6309 2857
6310 2859
6311 2859
6312 2857
6313 2856
6314 2882
6315 2859
6316 2853
6317 2853
6318 2859
6319 2854
6320 2865
6321 2859
6322 2855
6323 2860
6324 2861
6325 2858
6326 2856
6327 2859
6328 2857
6329 2852
6330 2855
6331 2857
6332 2862
6333 2854
6334 2860
6335 2857
6336 2860
6337 2867
6338 2860
6339 2852
6340 2851
6341 2857
6342 2856
6343 2856
6344 2855
6345 2850
6346 2848
6347 2857
6348 2875
6349 2859
6350 2855
6351 2854
6352 2852
6353 2856
6354 2860
6355 2855
6356 2853
6357 2860
6358 2858
6359 2858
6360 2854
6361 2861
6362 2851
6363 2864
6364 2858
6365 2852
6366 2853
6367 2856
6368 2857
6369 2856
6370 2857
6371 2849
6372 2859
6373 2857
6374 2858
6375 2850
6376 2851
6377 2856
6378 2857
6379 2859
6380 2855
6381 2853
6382 2859
6383 2858
6384 2857
6385 2854
6386 2850
6387 2850
6388 2858
6389 2857
6390 2857
6391 2852
6392 2861
6393 2854
6394 2862
6395 2861
6396 2852
6397 2851
6398 2861
6399 2850
6400 2859
6401 2859
6402 2857
6403 2854
6404 2855
6405 2855
6406 2855
6407 2862
6408 2850
6409 2855
6410 2857
6411 2856
6412 2856
6413 2855
6414 2865
6415 2857
6416 2859
6417 2852
6418 2863
6419 2855
6420 2858
6421 2859
6422 2858
6423 2857
6424 2850
6425 2854
6426 2858
6427 2860
6428 2848
6429 2859
6430 2856
6431 2857
6432 2876
6433 2837
6434 2851
6435 2853
6436 2853
6437 2857
6438 2859
6439 2851
6440 2867
6441 2853
6442 2853
6443 2854
6444 2849
6445 2853
6446 2856
6447 2858
6448 2852
6449 2852
6450 2855
6451 2860
6452 2859
6453 2855
6454 2848
6455 2854
6456 2858
6457 2858
6458 2860
6459 2851
6460 2848
6461 2857
6462 2853
6463 2856
6464 2859
6465 2857
6466 2849
6467 2854
6468 2854
6469 2859
6470 2850
6471 2850
6472 2858
6473 2843
6474 2877
6475 2858
6476 2864
6477 2846
6478 2859
6479 2861
6480 2854
6481 2857
6482 2858
6483 2853
6484 2851
6485 2862
6486 2849
6487 2862
6488 2862
6489 2855
6490 2857
6491 2851
6492 2861
6493 2858
6494 2857
6495 2859
6496 2856
6497 2856
6498 2860
6499 2856
6500 2920
6501 2881
6502 2862
6503 2865
6504 2860
6505 2856
6506 2853
6507 2853
6508 2859
6509 2856
6510 2853
6511 2863
6512 2851
6513 2858
6514 2860
6515 2857
6516 2858
6517 2858
6518 2849
6519 2851
6520 2861
6521 2859
6522 2861
6523 2863
6524 2860
6525 2858
6526 2848
6527 2875
6528 2861
6529 2857
6530 2853
6531 2853
6532 2857
6533 2849
6534 2858
6535 2859
6536 2857
6537 2856
6538 2857
6539 2852
6540 2848
6541 2849
6542 2852
6543 2860
6544 2852
6545 2857
6546 2860
6547 2865
6548 2858
6549 2853
6550 2859
6551 2855
6552 2855
6553 2861
6554 2857
6555 2859
6556 2859
6557 2850
6558 2858
6559 2856
6560 2861
6561 2867
6562 2856
6563 2860
6564 2857
6565 2862
6566 2857
6567 2879
6568 2856
6569 2855
6570 2856
6571 2850
6572 2857
6573 2859
6574 2859
6575 2850
6576 2861
6577 2856
6578 2852
6579 2857
6580 2860
6581 2866
6582 2859
6583 2852
6584 2853
6585 2857
6586 2874
6587 2855
6588 2868
6589 2857
6590 2859
6591 2862
6592 2850
6593 2856
6594 2858
6595 2860
6596 2863
6597 2857
6598 2856
6599 2851
6600 2854
6601 2857
6602 2851
6603 2857
6604 2846
6605 2856
6606 2861
6607 2878
6608 2856
6609 2849
6610 2861
6611 2853
6612 2855
6613 2860
6614 2861
6615 2859
6616 2858
6617 2845
6618 2856
6619 2857
6620 2859
6621 2856
6622 2856
6623 2849
6624 2860
6625 2859
6626 2855
6627 2859
6628 2878
6629 2858
6630 2871
6631 2862
6632 2862
6633 2879
6634 2859
6635 2859
6636 2859
6637 2863
6638 2865
6639 2860
6640 2861
6641 2858
6642 2857
6643 2858
6644 2869
6645 2855
6646 2850
6647 2861
6648 2856
6649 3793
6650 2888
6651 2858
6652 2860
6653 2853
6654 2861
6655 2865
6656 2862
6657 2855
6658 2859
6659 2855
6660 2860
6661 2856
6662 2871
6663 2890
6664 2879
6665 2878
6666 2865
6667 2876
6668 2879
6669 2880
6670 2879
6671 2879
6672 2877
6673 2876
6674 2877
6675 2874
6676 2857
6677 2870
6678 2860
6679 2852
6680 2861
6681 2858
6682 2857
6683 2867
6684 2867
6685 2860
6686 2864
6687 2852
6688 2875
6689 2845
6690 2859
6691 2861
6692 2855
6693 2861
6694 2859
6695 2852
6696 2858
6697 2868
6698 2859
6699 2854
6700 2861
6701 2854
6702 2866
6703 2859
6704 2847
6705 2855
6706 2866
6707 2860
6708 2861
6709 2855
6710 2861
6711 2861
6712 2860
6713 2863
6714 2860
6715 2859
6716 2849
6717 2860
6718 2860
6719 2863
6720 2864
6721 2862
6722 2860
6723 2850
6724 2858
6725 2856
6726 2860
6727 2857
6728 2874
6729 2861
6730 2851
6731 2859
6732 2860
6733 2859
6734 2859
6735 2854
6736 2859
6737 2863
6738 2861
6739 2865
6740 2855
6741 2852
6742 2858
6743 2854
6744 2858
6745 2873
6746 2863
6747 2857
6748 2859
6749 2859
6750 2859
6751 2866
6752 2856
6753 2858
6754 2857
6755 2855
6756 2859
6757 2850
6758 2856
6759 2860
6760 2861
6761 2853
6762 2859
6763 2868
6764 2861
6765 2871
6766 2860
6767 2864
6768 2859
6769 2859
6770 2858
6771 2859
6772 2855
6773 2861
6774 2860
6775 2860
6776 2859
6777 2858
6778 2861
6779 2882
6780 2858
6781 2860
6782 2862
6783 2859
6784 2861
6785 2855
6786 2869
6787 2863
6788 2863
6789 2861
6790 2857
6791 2859
6792 2858
6793 2859
6794 2870
6795 2863
6796 2859
6797 2860
6798 2861
6799 2861
6800 2859
6801 2860
6802 2858
6803 2863
6804 2858
6805 2859
6806 2859
6807 2865
6808 2853
6809 2860
6810 2860
6811 2852
6812 2851
6813 2872
6814 2857
6815 2861
6816 2855
6817 2860
6818 2863
6819 2862
6820 2859
6821 2859
6822 2858
6823 2858
6824 2852
6825 2863
6826 2854
6827 2855
6828 2866
6829 2861
6830 2863
6831 2862
6832 2857
6833 2858
6834 2857
6835 2861
6836 2862
6837 2859
6838 2860
6839 2860
6840 2860
6841 2858
6842 2858
6843 2852
6844 2858
6845 2847
6846 2863
6847 2863
6848 2853
6849 2860
6850 2852
6851 2852
6852 2860
6853 2862
6854 2859
6855 2861
6856 2857
6857 2860
6858 2852
6859 2861
6860 2853
6861 2877
6862 2877
6863 2889
6864 2880
6865 2882
6866 2861
6867 2858
6868 2849
6869 2852
6870 2862
6871 2861
6872 2858
6873 2860
6874 2859
6875 2859
6876 2858
6877 2859
6878 2858
6879 2873
6880 2864
6881 2859
6882 2869
6883 2862
6884 2849
6885 2857
6886 2855
6887 2855
6888 2868
6889 2862
6890 2854
6891 2859
6892 2864
6893 2863
6894 2861
6895 2861
6896 2859
6897 2862
6898 2862
6899 2863
6900 2861
6901 2860
6902 2860
6903 2851
6904 2859
6905 2860
6906 2860
6907 2859
6908 2858
6909 2852
6910 2854
6911 2857
6912 2854
6913 2857
6914 2858
6915 2859
6916 2861
6917 2858
6918 2866
6919 2863
6920 2866
6921 2859
6922 2864
6923 2852
6924 2862
6925 2861
6926 2853
6927 2883
6928 2847
6929 2840
6930 2840
6931 2838
6932 2844
6933 2848
6934 2841
6935 2862
6936 2832
6937 2839
6938 2842
6939 2834
6940 2840
6941 2847
6942 2829
6943 2864
6944 2874
6945 2849
6946 2836
6947 2845
6948 2849
6949 2849
6950 2844
6951 2837
6952 2834
6953 2850
6954 2833
6955 2841
6956 2917
6957 2845
6958 2843
6959 2844
6960 2838
6961 2843
6962 2842
6963 2881
6964 2886
6965 2869
6966 2878
6967 2878
6968 2860
6969 2869
6970 2860
6971 2857
6972 2860
6973 2856
6974 2861
6975 2862
6976 2862
6977 2859
6978 2857
6979 2852
6980 2851
6981 2871
6982 2858
6983 2855
6984 2856
6985 2857
6986 2860
6987 2852
6988 2872
6989 2856
6990 2860
6991 2864
6992 2862
6993 2858
6994 2862
6995 2859
6996 2856
6997 2858
6998 2865
6999 2851
7000 2859
7001 2861
7002 2856
7003 2856
7004 2859
7005 2860
7006 2860
7007 2859
7008 2859
7009 2857
7010 2855
7011 2862
7012 2859
7013 2860
7014 2860
7015 2860
7016 2860
7017 2866
7018 2858
7019 2861
7020 2860
7021 2861
7022 2855
7023 2856
7024 2856
7025 2862
7026 2857
7027 2857
7028 2858
7029 2860
7030 2855
7031 2855
7032 2858
7033 2859
7034 2856
7035 2856
7036 2872
7037 2862
7038 2854
7039 2856
7040 2859
7041 2861
7042 2857
7043 2859
7044 2857
7045 2859
7046 2854
7047 2854
7048 2857
7049 2862
7050 2860
7051 2859
7052 2858
7053 2856
7054 2858
7055 2860
7056 2855
7057 2860
7058 2863
7059 2862
7060 2866
7061 2865
7062 2859
7063 2856
7064 2860
7065 2861
7066 2866
7067 2861
7068 2861
7069 2855
7070 2864
7071 2859
7072 2859
7073 2869
7074 2858
7075 2861
7076 2858
7077 2860
7078 2860
7079 2858
7080 2862
7081 2859
7082 2860
7083 2854
7084 2864
7085 2854
7086 2859
7087 2854
7088 2860
7089 2860
7090 2854
7091 2858
7092 2861
7093 2864
7094 2855
7095 2860
7096 2861
7097 2861
7098 2858
7099 2860
7100 2860
7101 2852
7102 2858
7103 2854
7104 2859
7105 2862
7106 2859
7107 2852
7108 2859
7109 2852
7110 2858
7111 2861
7112 2854
7113 2862
7114 2852
7115 2858
7116 2858
7117 2863
7118 2850
7119 2854
7120 2860
7121 2853
7122 2861
7123 2863
7124 2869
7125 2862
7126 2859
7127 2858
7128 2859
7129 2860
7130 2865
7131 2861
7132 2857
7133 2859
7134 2850
7135 2855
7136 2854
7137 2859
7138 2862
7139 2863
7140 2862
7141 2858
7142 2859
7143 2853
7144 2857
7145 2858
7146 2874
7147 2859
7148 2858
7149 2918
7150 2882
7151 2857
7152 2863
7153 2861
7154 2867
7155 2859
7156 2866
7157 2859
7158 2858
7159 2857
7160 2861
7161 2862
7162 2858
7163 2866
7164 2861
7165 2858
7166 2861
7167 2855
7168 2856
7169 2862
7170 2864
7171 2861
7172 2861
7173 2859
7174 2858
7175 2872
7176 2856
7177 2859
7178 2855
7179 2863
7180 2861
7181 2864
7182 2851
7183 2862
7184 2856
7185 2857
7186 2859
7187 2855
7188 2860
7189 2856
7190 2851
7191 2858
7192 2850
7193 2847
7194 2862
7195 2864
7196 2871
7197 2868
7198 2859
7199 2863
7200 2860
7201 2855
7202 2853
7203 2855
7204 2863
7205 2861
7206 2851
7207 2863
7208 2852
7209 2860
7210 2859
7211 2860
7212 2857
7213 2860
7214 2857
7215 2860
7216 2852
7217 2866
7218 2861
7219 2876
7220 2857
7221 2860
7222 2858
7223 2860
7224 2873
7225 2859
7226 2859
7227 2862
7228 2864
7229 2852
7230 2860
7231 2859
7232 2861
7233 2859
7234 2856
7235 2859
7236 2854
7237 2852
7238 2873
7239 2860
7240 2860
7241 2860
7242 2860
7243 2858
7244 2858
7245 2859
7246 2861
7247 2852
7248 2859
7249 2861
7250 2880
7251 2858
7252 2862
7253 2854
7254 2860
7255 2860
7256 2868
7257 2858
7258 2857
7259 2860
7260 2858
7261 2861
7262 2857
7263 2865
7264 2864
7265 2862
7266 2852
7267 2861
7268 2858
7269 2860
7270 2851
7271 2861
7272 2848
7273 2858
7274 2857
7275 2858
7276 2858
7277 2856
7278 2861
7279 2853
7280 2858
7281 2858
7282 2854
7283 2859
7284 2861
7285 2854
7286 2852
7287 2871
7288 2859
7289 2866
7290 2851
7291 2851
7292 2862
7293 2853
7294 2856
7295 2860
7296 2860
7297 2859
7298 2871
7299 2861
7300 2852
7301 2858
7302 2854
7303 2863
7304 2862
7305 2860
7306 2853
7307 2860
7308 2852
7309 2862
7310 2859
7311 2862
7312 2859
7313 2870
7314 2874
7315 2875
7316 2871
7317 2861
7318 2871
7319 2856
7320 2859
7321 2860
7322 2855
7323 2860
7324 2860
7325 2861
7326 2861
7327 2883
7328 2859
7329 2864
7330 2857
7331 2859
7332 2863
7333 2854
7334 2861
7335 2858
7336 2852
7337 2854
7338 2863
7339 2863
7340 2862
7341 2863
7342 2854
7343 2856
7344 2860
7345 2860
7346 2862
7347 2857
7348 2854
7349 2856
7350 2871
7351 2852
7352 2857
7353 2859
7354 2855
7355 2850
7356 2860
7357 2860
7358 2860
7359 2860
7360 2860
7361 2884
7362 2879
7363 2886
7364 2872
7365 2860
7366 2858
7367 2859
7368 2859
7369 2860
7370 2861
7371 2853
7372 2860
7373 2851
7374 2875
7375 2871
7376 2851
7377 2859
7378 2858
7379 2861
7380 2858
7381 2860
7382 2858
7383 2858
7384 2855
7385 2859
7386 2845
7387 2855
7388 2859
7389 2858
7390 2859
7391 2858
7392 2858
7393 2858
7394 2856
7395 2859
7396 2854
7397 2858
7398 2857
7399 2860
7400 2866
7401 2860
7402 2858
7403 2859
7404 2853
7405 2860
7406 2860
7407 2858
7408 2858
7409 2857
7410 2859
7411 2859
7412 2858
7413 2860
7414 2858
7415 2860
7416 2855
7417 2858
7418 2860
7419 2859
7420 2860
7421 2858
7422 2865
7423 2859
7424 2864
7425 2859
7426 2858
7427 2864
7428 2861
7429 2858
7430 2856
7431 2859
7432 2858
7433 2854
7434 2858
7435 2859
7436 2857
7437 2858
7438 2857
7439 2857
7440 2857
7441 2860
7442 2849
7443 2858
7444 2860
7445 2858
7446 2858
7447 2859
7448 2872
7449 2859
7450 2858
7451 2858
7452 2849
7453 2858
7454 2854
7455 2856
7456 2859
7457 2854
7458 2858
7459 2856
7460 2858
7461 2971
7462 2860
7463 2889
7464 2866
7465 2863
7466 2857
7467 2860
7468 2861
7469 2863
7470 2860
7471 2862
7472 2860
7473 2865
7474 2861
7475 2861
7476 2855
7477 2864
7478 2861
7479 2855
7480 2859
7481 2859
7482 2860
7483 2875
7484 2874
7485 2863
7486 2861
7487 2860
7488 2862
7489 2863
7490 2851
7491 2862
7492 2861
7493 2863
7494 2865
7495 2860
7496 2859
7497 2863
7498 2859
7499 2860
7500 2861
7501 2861
7502 2865
7503 2866
7504 2856
7505 2857
7506 2862
7507 2855
7508 2856
7509 2860
7510 2851
7511 2857
7512 2859
7513 2863
7514 2861
7515 2858
7516 2841
7517 2868
7518 2857
7519 2860
7520 2859
7521 2861
7522 2866
7523 2858
7524 2849
7525 2852
7526 2856
7527 2861
7528 2871
7529 2860
7530 2858
7531 2862
7532 2858
7533 2852
7534 2863
7535 2851
7536 2858
7537 2858
7538 2861
7539 2851
7540 2860
7541 2860
7542 2857
7543 2859
7544 2860
7545 2854
7546 2861
7547 2864
7548 2859
7549 2865
7550 2860
7551 2860
7552 2857
7553 2854
7554 2859
7555 2860
7556 2860
7557 2859
7558 2863
7559 2857
7560 2867
7561 2854
7562 2858
7563 2870
7564 2859
7565 2858
7566 2856
7567 2857
7568 2860
7569 2861
7570 2859
7571 2857
7572 2858
7573 2858
7574 2860
7575 2859
7576 2854
7577 2855
7578 2861
7579 2856
7580 2862
7581 2865
7582 2857
7583 2860
7584 2860
7585 2864
7586 2856
7587 2860
7588 2860
7589 2856
7590 2854
7591 2860
7592 2858
7593 2859
7594 2870
7595 2860
7596 2868
7597 2857
7598 2859
7599 2857
7600 2859
7601 2857
7602 2853
7603 2857
7604 2852
7605 2871
7606 2860
7607 2863
7608 2861
7609 2862
7610 2864
7611 2858
7612 2853
7613 2859
7614 2859
7615 2858
7616 2862
7617 2862
7618 2862
7619 2862
7620 2864
7621 2859
7622 2860
7623 2865
7624 2856
7625 2859
7626 2860
7627 2857
7628 2874
7629 2862
7630 2866
7631 2859
7632 2859
7633 2854
7634 2863
7635 2860
7636 2855
7637 2863
7638 2857
7639 2850
7640 2856
7641 2862
7642 2859
7643 2852
7644 2860
7645 2858
7646 2862
7647 2861
7648 2859
7649 2933
7650 2888
7651 2864
7652 2861
7653 2858
7654 2864
7655 2858
7656 2855
7657 2861
7658 2860
7659 2872
7660 2859
7661 2865
7662 2860
7663 2864
7664 2863
7665 2860
7666 2858
7667 2859
7668 2856
7669 2859
7670 2872
7671 2861
7672 2853
7673 2856
7674 2862
7675 2865
7676 2861
7677 2857
7678 2858
7679 2854
7680 2860
7681 2860
7682 2862
7683 2862
7684 2860
7685 2860
7686 2861
7687 2859
7688 2861
7689 2861
7690 2860
7691 2860
7692 2861
7693 2861
7694 2861
7695 2861
7696 2861
7697 2861
7698 2859
7699 2859
7700 2859
7701 2859
7702 2861
7703 2857
7704 2859
7705 2864
7706 2867
7707 2867
7708 2864
7709 2855
7710 2872
7711 2851
7712 2857
7713 2857
7714 2860
7715 2863
7716 2857
7717 2858
7718 2862
7719 2861
7720 2860
7721 2858
7722 2861
7723 2871
7724 2859
7725 2861
7726 2855
7727 2868
7728 2861
7729 2858
7730 2859
7731 2859
7732 2856
7733 2870
7734 2854
7735 2858
7736 2868
7737 2852
7738 2858
7739 2863
7740 2860
7741 2858
7742 2861
7743 2849
7744 2853
7745 2854
7746 2857
7747 2864
7748 2855
7749 2859
7750 2854
7751 2859
7752 2871
7753 2861
7754 2860
7755 2859
7756 2858
7757 2859
7758 2861
7759 2872
7760 2858
7761 2863
7762 2861
7763 2870
7764 2862
7765 2858
7766 2851
7767 2859
7768 2859
7769 2857
7770 2869
7771 2858
7772 2855
7773 2859
7774 2859
7775 2861
7776 2858
7777 2852
7778 2866
7779 2860
7780 2859
7781 2857
7782 2859
7783 2859
7784 2862
7785 2856
7786 2858
7787 2858
7788 2859
7789 2859
7790 2872
7791 2861
7792 2859
7793 2859
7794 2859
7795 2861
7796 2854
7797 2862
7798 2859
7799 2862
7800 2867
7801 2857
7802 2857
7803 2856
7804 2863
7805 2859
7806 2857
7807 2858
7808 2858
7809 2856
7810 2860
7811 2853
7812 2851
7813 2858
7814 2860
7815 2859
7816 2858
7817 2856
7818 2856
7819 2855
7820 2861
7821 2859
7822 2855
7823 2859
7824 2858
7825 2852
7826 2852
7827 2858
7828 2856
7829 2860
7830 2853
7831 2860
7832 2850
7833 2859
7834 2860
7835 2859
7836 2859
7837 2860
7838 2868
7839 2859
7840 2858
7841 2858
7842 2857
7843 2860
7844 2862
7845 2856
7846 2859
7847 2856
7848 2858
7849 2858
7850 2865
7851 2861
7852 2853
7853 2863
7854 2850
7855 2850
7856 2858
7857 2851
7858 2858
7859 2858
7860 2856
7861 2894
7862 2855
7863 2868
7864 2856
7865 2858
7866 2852
7867 2857
7868 2861
7869 2859
7870 2854
7871 2866
7872 2852
7873 2857
7874 2857
7875 2858
7876 2862
7877 2857
7878 2846
7879 2857
7880 2856
7881 2879
7882 2858
7883 2863
7884 2858
7885 2878
7886 2860
7887 2853
7888 2858
7889 2862
7890 2858
7891 2857
7892 2857
7893 2860
7894 2858
7895 2860
7896 2862
7897 2879
7898 2859
7899 2856
7900 2858
7901 2859
7902 2860
7903 2860
7904 2856
7905 2858
7906 2860
7907 2860
7908 2851
7909 2858
7910 2859
7911 2860
7912 2864
7913 2860
7914 2860
7915 2858
7916 2853
7917 2857
7918 2854
7919 2872
7920 2854
7921 2861
7922 2855
7923 2858
7924 2850
7925 2854
7926 2859
7927 2855
7928 2861
7929 2855
7930 2862
7931 2863
7932 2859
7933 2856
7934 2861
7935 2860
7936 2867
7937 2857
7938 2861
7939 2858
7940 2859
7941 2865
7942 2854
7943 2862
7944 2863
7945 2855
7946 2858
7947 2865
7948 2852
7949 2860
7950 2865
7951 2858
7952 2861
7953 2862
7954 2860
7955 2854
7956 2857
7957 2860
7958 2862
7959 2861
7960 2862
7961 2861
7962 2861
7963 2857
7964 2861
7965 2867
7966 2859
7967 2865
7968 2864
7969 2862
7970 2862
7971 2858
7972 2852
7973 2856
7974 2863
7975 2861
7976 2863
7977 2856
7978 2855
7979 2851
7980 2857
7981 2852
7982 2862
7983 2852
7984 2852
7985 2856
7986 2857
7987 2857
7988 2852
7989 2860
7990 2861
7991 2861
7992 2860
7993 2857
7994 2862
7995 2860
7996 2870
7997 2859
7998 2862
7999 2859
8000 2858
8001 2854
8002 2860
8003 2851
8004 2854
8005 2859
8006 2858
8007 2870
8008 2859
8009 2852
8010 2859
8011 2878
8012 2851
8013 2861
8014 2863
8015 2863
8016 2871
8017 2870
8018 2857
8019 2859
8020 2859
8021 2862
8022 2861
8023 2858
8024 2855
8025 2860
8026 2866
8027 2865
8028 2861
8029 2860
8030 2861
8031 2866
8032 2854
8033 2856
8034 2860
8035 2859
8036 2853
8037 2868
8038 2852
8039 2856
8040 2860
8041 2862
8042 2861
8043 2860
8044 2861
8045 2848
8046 2855
8047 2851
8048 2862
8049 2861
8050 2858
8051 2859
8052 2852
8053 2858
8054 2861
8055 2855
8056 2857
8057 2847
8058 2862
8059 2861
8060 2862
8061 2858
8062 2856
8063 2868
8064 2856
8065 2858
8066 2858
8067 2854
8068 2861
8069 2857
8070 2862
8071 2858
8072 2858
8073 2860
8074 2859
8075 2863
8076 2857
8077 2859
8078 2860
8079 2865
8080 2860
8081 2859
8082 2860
8083 2858
8084 2859
8085 2860
8086 2857
8087 2860
8088 2857
8089 2861
8090 2861
8091 2860
8092 2852
8093 2859
8094 2857
8095 2859
8096 2859
8097 2860
8098 2864
8099 2860
8100 2861
8101 2856
8102 2860
8103 2848
8104 2861
8105 2862
8106 2855
8107 2870
8108 2852
8109 2851
8110 2860
8111 2856
8112 2851
8113 2851
8114 2859
8115 2852
8116 2863
8117 2865
8118 2862
8119 2860
8120 2852
8121 2859
8122 2873
8123 2857
8124 2861
8125 2862
8126 2859
8127 2868
8128 2866
8129 2868
8130 2870
8131 2857
8132 2851
8133 2859
8134 2861
8135 2864
8136 2858
8137 2864
8138 2863
8139 2862
8140 2858
8141 2857
8142 2860
8143 2854
8144 2859
8145 2862
8146 2860
8147 2860
8148 2860
8149 2920
8150 2878
8151 2860
8152 2864
8153 2858
8154 2859
8155 2859
8156 2863
8157 2853
8158 2851
8159 2860
8160 2850
8161 2865
8162 2859
8163 2872
8164 2875
8165 2863
8166 2859
8167 2863
8168 2854
8169 2868
8170 2861
8171 2869
8172 2857
8173 2863
8174 2860
8175 2864
8176 2867
8177 2854
8178 2859
8179 2856
8180 2852
8181 2860
8182 2855
8183 2861
8184 2856
8185 2861
8186 2859
8187 2861
8188 2859
8189 2862
8190 2854
8191 2858
8192 2858
8193 2866
8194 2877
8195 2861
8196 2860
8197 2856
8198 2866
8199 2855
8200 2862
8201 2868
8202 2857
8203 2864
8204 2858
8205 2857
8206 2863
8207 2858
8208 2855
8209 2858
8210 2859
8211 2851
8212 2860
8213 2855
8214 2869
8215 2851
8216 2860
8217 2851
8218 2864
8219 2868
8220 2864
8221 2852
8222 2860
8223 2862
8224 2860
8225 2858
8226 2860
8227 2849
8228 2857
8229 2867
8230 2870
8231 2860
8232 2864
8233 2862
8234 2851
8235 2858
8236 2857
8237 2859
8238 2855
8239 2862
8240 2855
8241 2862
8242 2854
8243 2860
8244 2855
8245 2858
8246 2860
8247 2857
8248 2860
8249 2850
8250 2863
8251 2850
8252 2863
8253 2871
8254 2861
8255 2858
8256 2858
8257 2857
8258 2864
8259 2861
8260 2860
8261 2864
8262 2866
8263 2866
8264 2856
8265 2860
8266 2852
8267 2859
8268 2858
8269 2869
8270 2854
8271 2855
8272 2856
8273 2861
8274 2861
8275 2851
8276 2860
8277 2861
8278 2857
8279 2859
8280 2863
8281 2851
8282 2857
8283 2853
8284 2866
8285 2852
8286 2851
8287 2859
8288 2859
8289 2859
8290 2867
8291 2856
8292 2860
8293 2877
8294 2859
8295 2858
8296 2867
8297 2855
8298 2859
8299 2859
8300 2856
8301 2856
8302 2861
8303 2862
8304 2859
8305 2859
8306 2862
8307 2856
8308 2860
8309 2857
8310 2856
8311 2860
8312 2858
8313 2852
8314 2857
8315 2862
8316 2864
8317 2865
8318 2854
8319 2863
8320 2870
8321 2860
8322 2864
8323 2872
8324 2861
8325 2851
8326 2860
8327 2860
8328 2863
8329 2858
8330 2860
8331 2861
8332 2860
8333 2852
8334 2861
8335 2863
8336 2860
8337 2850
8338 2857
8339 2856
8340 2858
8341 2858
8342 2858
8343 2867
8344 2855
8345 2853
8346 2851
8347 2851
8348 2853
8349 2858
8350 2875
8351 2859
8352 2861
8353 2858
8354 2858
8355 2861
8356 2867
8357 2858
8358 2855
8359 2860
8360 2869
8361 2885
8362 2880
8363 2889
8364 2881
8365 2864
8366 2862
8367 2862
8368 2856
8369 2861
8370 2859
8371 2857
8372 2859
8373 2859
8374 2864
8375 2862
8376 2865
8377 2870
8378 2859
8379 2858
8380 2860
8381 2858
8382 2857
8383 2865
8384 2855
8385 2863
8386 2865
8387 2860
8388 2858
8389 2873
8390 2867
8391 2858
8392 2861
8393 2859
8394 2854
8395 2856
8396 2857
8397 2854
8398 2852
8399 2858
8400 2858
8401 2858
8402 2862
8403 2854
8404 2858
8405 2858
8406 2874
8407 2859
8408 2868
8409 2846
8410 2861
8411 2856
8412 2862
8413 2860
8414 2864
8415 2860
8416 2863
8417 2860
8418 2871
8419 2861
8420 2852
8421 2860
8422 2853
8423 2857
8424 2858
8425 2859
8426 2859
8427 2861
8428 2865
8429 2863
8430 2857
8431 2858
8432 2855
8433 2854
8434 2863
8435 2852
8436 2856
8437 2863
8438 2861
8439 2859
8440 2869
8441 2860
8442 2861
8443 2861
8444 2860
8445 2863
8446 2851
8447 2854
8448 2860
8449 2857
8450 2858
8451 2860
8452 2859
8453 2874
8454 2861
8455 2858
8456 2860
8457 2871
8458 2861
8459 2848
8460 2861
8461 2867
8462 2861
8463 2878
8464 2861
8465 2865
8466 2856
8467 2860
8468 2859
8469 2878
8470 2861
8471 2855
8472 2854
8473 2859
8474 2862
8475 2859
8476 2862
8477 2862
8478 2861
8479 2861
8480 2865
8481 2858
8482 2871
8483 2856
8484 2860
8485 2851
8486 2858
8487 2856
8488 2852
8489 2878
8490 2863
8491 2869
8492 2857
8493 2863
8494 2860
8495 2872
8496 2858
8497 2850
8498 2863
8499 2855
8500 2859
8501 2859
8502 2853
8503 2861
8504 2851
8505 2861
8506 2858
8507 2852
8508 2864
8509 2859
8510 2859
8511 2850
8512 2857
8513 2860
8514 2861
8515 2857
8516 2861
8517 2858
8518 2862
8519 2859
8520 2859
8521 2854
8522 2859
8523 2854
8524 2858
8525 2858
8526 2859
8527 2863
8528 2853
8529 2859
8530 2861
8531 2865
8532 2860
8533 2874
8534 2854
8535 2862
8536 2848
8537 2859
8538 2861
8539 2860
8540 2859
8541 2852
8542 2859
8543 2863
8544 2862
8545 2859
8546 2853
8547 2851
8548 2858
8549 2863
8550 2858
8551 2861
8552 2859
8553 2861
8554 2861
8555 2862
8556 2851
8557 2853
8558 2855
8559 2862
8560 2857
8561 2860
8562 2849
8563 2867
8564 2856
8565 2862
8566 2865
8567 2861
8568 2861
8569 2863
8570 2862
8571 2863
8572 2853
8573 2863
8574 2861
8575 2849
8576 2857
8577 2858
8578 2853
8579 2862
8580 2863
8581 2857
8582 2874
8583 2850
8584 2857
8585 2863
8586 2861
8587 2864
8588 2862
8589 2860
8590 2853
8591 2860
8592 2852
8593 2848
8594 2862
8595 2860
8596 2851
8597 2860
8598 2858
8599 2859
8600 2862
8601 2859
8602 2852
8603 2856
8604 2857
8605 2856
8606 2852
8607 2869
8608 2853
8609 2855
8610 2860
8611 2852
8612 2855
8613 2858
8614 2859
8615 2859
8616 2860
8617 2858
8618 2858
8619 2858
8620 2860
8621 2860
8622 2857
8623 2860
8624 2856
8625 2851
8626 2862
8627 2861
8628 2882
8629 2874
8630 2862
8631 2854
8632 2866
8633 2859
8634 2858
8635 2861
8636 2860
8637 2859
8638 2863
8639 2850
8640 2862
8641 2861
8642 2861
8643 2860
8644 2853
8645 2855
8646 2850
8647 2864
8648 2859
8649 2926
8650 2883
8651 2865
8652 2861
8653 2862
8654 2857
8655 2861
8656 2871
8657 2854
8658 2860
8659 2856
8660 2863
8661 2866
8662 2855
8663 2870
8664 2862
8665 2860
8666 2864
8667 2856
8668 2864
8669 2864
8670 2862
8671 2862
8672 2861
8673 2863
8674 2864
8675 2856
8676 2862
8677 2862
8678 2860
8679 2862
8680 2866
8681 2862
8682 2852
8683 2861
8684 2859
8685 2860
8686 2863
8687 2860
8688 2860
8689 2868
8690 2856
8691 2859
8692 2857
8693 2861
8694 2861
8695 2852
8696 2851
8697 2862
8698 2860
8699 2867
8700 2870
8701 2871
8702 2862
8703 2857
8704 2854
8705 2862
8706 2862
8707 2854
8708 2860
8709 2859
8710 2859
8711 2852
8712 2855
8713 2856
8714 2860
8715 2861
8716 2856
8717 2864
8718 2860
8719 2856
8720 2860
8721 2859
8722 2851
8723 2859
8724 2858
8725 2860
8726 2857
8727 2858
8728 2864
8729 2858
8730 2872
8731 2874
8732 2863
8733 2857
8734 2861
8735 2855
8736 2861
8737 2863
8738 2852
8739 2860
8740 2855
8741 2861
8742 2859
8743 2871
8744 2864
8745 2859
8746 2864
8747 2858
8748 2862
8749 2860
8750 2857
8751 2859
8752 2856
8753 2861
8754 2859
8755 2870
8756 2860
8757 2858
8758 2859
8759 2860
8760 2851
8761 2859
8762 2855
8763 2865
8764 2861
8765 2861
8766 2866
8767 2872
8768 2860
8769 2863
8770 2860
8771 2858
8772 2854
8773 2854
8774 2860
8775 2856
8776 2863
8777 2879
8778 2863
8779 2878
8780 2860
8781 2852
8782 2861
8783 2859
8784 2862
8785 2852
8786 2862
8787 2870
8788 2861
8789 2862
8790 2863
8791 2861
8792 2854
8793 2856
8794 2857
8795 2866
8796 2861
8797 2856
8798 2851
8799 2860
8800 2857
8801 2860
8802 2854
8803 2858
8804 2855
8805 2881
8806 2857
8807 2860
8808 2859
8809 2852
8810 2860
8811 2861
8812 2859
8813 2859
8814 2857
8815 2863
8816 2860
8817 2855
8818 2861
8819 2858
8820 2860
8821 2861
8822 2860
8823 2859
8824 2863
8825 2860
8826 2857
8827 2861
8828 2864
8829 2857
8830 2862
8831 2853
8832 2860
8833 2861
8834 2879
8835 2863
8836 2863
8837 2858
8838 2861
8839 2859
8840 2859
8841 2854
8842 2853
8843 2862
8844 2871
8845 2864
8846 2885
8847 2889
8848 2865
8849 2864
8850 2861
8851 2861
8852 2854
8853 2860
8854 2859
8855 2850
8856 2854
8857 2859
8858 2861
8859 2862
8860 2865
8861 2939
8862 2893
8863 2891
8864 2867
8865 2885
8866 2892
8867 2886
8868 2877
8869 2883
8870 2879
8871 2876
8872 2879
8873 2879
8874 2876
8875 2876
8876 2872
8877 2876
8878 2888
8879 2871
8880 2861
8881 2855
8882 2857
8883 2860
8884 2860
8885 2859
8886 2860
8887 2861
8888 2858
8889 2858
8890 2861
8891 2864
8892 2858
8893 2854
8894 2857
8895 2858
8896 2859
8897 2862
8898 2861
8899 2858
8900 2860
8901 2858
8902 2859
8903 2860
8904 2857
8905 2865
8906 2848
8907 2848
8908 2859
8909 2857
8910 2857
8911 2877
8912 2853
8913 2875
8914 2850
8915 2859
8916 2859
8917 2860
8918 2862
8919 2857
8920 2860
8921 2860
8922 2859
8923 2854
8924 2853
8925 2858
8926 2859
8927 2872
8928 2850
8929 2862
8930 2861
8931 2858
8932 2860
8933 2861
8934 2861
8935 2857
8936 2863
8937 2863
8938 2862
8939 2864
8940 2857
8941 2860
8942 2860
8943 2862
8944 2863
8945 2863
8946 2862
8947 2862
8948 2861
8949 2854
8950 2860
8951 2857
8952 2857
8953 2858
8954 2861
8955 2859
8956 2859
8957 2862
8958 2862
8959 2856
8960 2860
8961 2855
8962 2860
8963 2863
8964 2853
8965 2860
8966 2861
8967 2860
8968 2861
8969 2862
8970 2863
8971 2853
8972 2861
8973 2860
8974 2861
8975 2854
8976 2851
8977 2864
8978 2863
8979 2868
8980 2858
8981 2860
8982 2861
8983 2855
8984 2860
8985 2857
8986 2862
8987 2860
8988 2862
8989 2866
8990 2861
8991 2854
8992 2852
8993 2858
8994 2861
8995 2862
8996 2860
8997 2860
8998 2861
8999 2861
9000 2858
9001 2856
9002 2859
9003 2860
9004 2860
9005 2854
9006 2854
9007 2857
9008 2857
9009 2862
9010 2856
9011 2860
9012 2854
9013 2869
9014 2860
9015 2856
9016 2871
9017 2862
9018 2862
9019 2865
9020 2859
9021 2858
9022 2863
9023 2857
9024 2861
9025 2859
9026 2854
9027 2861
9028 2861
9029 2858
9030 2857
9031 2857
9032 2852
9033 2860
9034 2858
9035 2874
9036 2858
9037 2859
9038 2865
9039 2865
9040 2851
9041 2863
9042 2850
9043 2854
9044 2878
9045 2849
9046 2860
9047 2861
9048 2858
9049 2864
9050 2859
9051 2858
9052 2860
9053 2857
9054 2853
9055 2855
9056 2859
9057 2857
9058 2860
9059 2855
9060 2852
9061 2852
9062 2859
9063 2864
9064 2859
9065 2857
9066 2861
9067 2860
9068 2860
9069 2862
9070 2856
9071 2860
9072 2853
9073 2855
9074 2856
9075 2857
9076 2860
9077 2860
9078 2853
9079 2865
9080 2854
9081 2859
9082 2853
9083 2861
9084 2860
9085 2862
9086 2872
9087 2860
9088 2859
9089 2860
9090 2861
9091 2854
9092 2861
9093 2858
9094 2863
9095 2861
9096 2863
9097 2861
9098 2858
9099 2852
9100 2857
9101 2860
9102 2861
9103 2867
9104 2858
9105 2861
9106 2863
9107 2860
9108 2858
9109 2860
9110 2858
9111 2851
9112 2854
9113 2862
9114 2854
9115 2861
9116 2861
9117 2849
9118 2857
9119 2860
9120 2869
9121 2864
9122 2859
9123 2855
9124 2859
9125 2855
9126 2858
9127 2860
9128 2870
9129 2862
9130 2859
9131 2859
9132 2858
9133 2853
9134 2861
9135 2862
9136 2858
9137 2893
9138 2867
9139 2867
9140 2860
9141 2878
9142 2866
9143 2856
9144 2861
9145 2865
9146 2866
9147 2856
9148 2860
9149 2933
9150 2880
9151 2853
9152 2863
9153 2860
9154 2862
9155 2863
9156 2862
9157 2863
9158 2861
9159 2858
9160 2867
9161 2852
9162 2872
9163 2862
9164 2866
9165 2854
9166 2851
9167 2869
9168 2862
9169 2858
9170 2862
9171 2862
9172 2859
9173 2896
9174 2857
9175 2862
9176 2860
9177 2856
9178 2856
9179 2861
9180 2861
9181 2856
9182 2855
9183 2854
9184 2862
9185 2850
9186 2867
9187 2850
9188 2861
9189 2859
9190 2858
9191 2871
9192 2871
9193 2856
9194 2859
9195 2856
9196 2862
9197 2864
9198 2858
9199 2860
9200 2858
9201 2860
9202 2860
9203 2860
9204 2866
9205 2858
9206 2859
9207 2859
9208 2855
9209 2858
9210 2862
9211 2861
9212 2863
9213 2862
9214 2861
9215 2859
9216 2863
9217 2856
9218 2861
9219 2852
9220 2857
9221 2854
9222 2859
9223 2861
9224 2854
9225 2861
9226 2861
9227 2858
9228 2855
9229 2862
9230 2857
9231 2859
9232 2855
9233 2856
9234 2858
9235 2860
9236 2854
9237 2851
9238 2860
9239 2857
9240 2852
9241 2858
9242 2858
9243 2861
9244 2857
9245 2855
9246 2862
9247 2858
9248 2857
9249 2856
9250 2854
9251 2858
9252 2854
9253 2858
9254 2859
9255 2860
9256 2856
9257 2855
9258 2856
9259 2858
9260 2863
9261 2856
9262 2857
9263 2879
9264 2854
9265 2854
9266 2856
9267 2843
9268 2860
9269 2854
9270 2857
9271 2857
9272 2852
9273 2849
9274 2862
9275 2857
9276 2853
9277 2861
9278 2858
9279 2851
9280 2858
9281 2863
9282 2852
9283 2857
9284 2870
9285 2860
9286 2857
9287 2869
9288 2859
9289 2858
9290 2859
9291 2862
9292 2858
9293 2859
9294 2856
9295 2859
9296 2861
9297 2852
9298 2859
9299 2861
9300 2860
9301 2858
9302 2852
9303 2858
9304 2851
9305 2872
9306 2856
9307 2861
9308 2857
9309 2850
9310 2861
9311 2857
9312 2861
9313 2858
9314 2859
9315 2857
9316 2853
9317 2859
9318 2886
9319 2858
9320 2853
9321 2857
9322 2850
9323 2856
9324 2849
9325 2857
9326 2870
9327 2871
9328 2870
9329 2859
9330 2859
9331 2857
9332 2860
9333 2859
9334 2859
9335 2853
9336 2852
9337 2862
9338 2863
9339 2862
9340 2859
9341 2858
9342 2857
9343 2859
9344 2855
9345 2855
9346 2868
9347 2853
9348 2851
9349 2856
9350 2860
9351 2862
9352 2864
9353 2856
9354 2854
9355 2857
9356 2858
9357 2862
9358 2856
9359 2853
9360 2858
9361 2871
9362 2869
9363 2868
9364 2851
9365 2862
9366 2860
9367 2850
9368 2857
9369 2856
9370 2861
9371 2858
9372 2863
9373 2857
9374 2874
9375 2845
9376 2854
9377 2862
9378 2856
9379 2862
9380 2856
9381 2862
9382 2856
9383 2872
9384 2869
9385 2862
9386 2856
9387 2858
9388 2860
9389 2860
9390 2862
9391 2860
9392 2860
9393 2861
9394 2858
9395 2855
9396 2859
9397 2860
9398 2858
9399 2861
9400 2858
9401 2858
9402 2856
9403 2861
9404 2858
9405 2857
9406 2853
9407 2860
9408 2862
9409 2856
9410 2857
9411 2858
9412 2860
9413 2851
9414 2869
9415 2861
9416 2864
9417 2861
9418 2863
9419 2869
9420 2860
9421 2861
9422 2854
9423 2840
9424 2851
9425 2862
9426 2851
9427 2856
9428 2860
9429 2855
9430 2861
9431 2850
9432 2856
9433 2858
9434 2859
9435 2859
9436 2862
9437 2857
9438 2858
9439 2858
9440 2860
9441 2867
9442 2860
9443 2858
9444 2862
9445 2861
9446 2862
9447 2857
9448 2865
9449 2859
9450 2858
9451 2856
9452 2858
9453 2859
9454 2858
9455 2861
9456 2863
9457 2858
9458 2857
9459 2859
9460 2850
9461 2859
9462 2856
9463 2867
9464 2857
9465 2864
9466 2859
9467 2855
9468 2867
9469 2861
9470 2859
9471 2859
9472 2862
9473 2857
9474 2863
9475 2859
9476 2853
9477 2852
9478 2862
9479 2858
9480 2859
9481 2861
9482 2856
9483 2858
9484 2863
9485 2858
9486 2852
9487 2851
9488 2852
9489 2859
9490 2852
9491 2855
9492 2860
9493 2861
9494 2860
9495 2862
9496 2859
9497 2861
9498 2870
9499 2858
9500 2855
9501 2858
9502 2860
9503 2856
9504 2851
9505 2859
9506 2861
9507 2851
9508 2858
9509 2857
9510 2860
9511 2859
9512 2859
9513 2857
9514 2850
9515 2869
9516 2856
9517 2860
9518 2859
9519 2855
9520 2856
9521 2851
9522 2859
9523 2862
9524 2861
9525 2858
9526 2857
9527 2851
9528 2852
9529 2863
9530 2859
9531 2854
9532 2856
9533 2859
9534 2859
9535 2863
9536 2871
9537 2856
9538 2859
9539 2855
9540 2858
9541 2858
9542 2857
9543 2854
9544 2859
9545 2847
9546 2857
9547 2869
9548 2859
9549 2862
9550 2865
9551 2866
9552 2863
9553 2858
9554 2861
9555 2856
9556 2851
9557 2851
9558 2859
9559 2848
9560 2859
9561 2875
9562 2858
9563 2858
9564 2861
9565 2863
9566 2849
9567 2858
9568 2859
9569 2862
9570 2857
9571 2851
9572 2859
9573 2860
9574 2858
9575 2854
9576 2852
9577 2862
9578 2856
9579 2849
9580 2860
9581 2857
9582 2857
9583 2863
9584 2864
9585 2857
9586 2859
9587 2857
9588 2860
9589 2859
9590 2858
9591 2857
9592 2858
9593 2858
9594 2857
9595 2856
9596 2858
9597 2861
9598 2859
9599 2855
9600 2853
9601 2861
9602 2861
9603 2849
9604 2858
9605 2853
9606 2858
9607 2859
9608 2870
9609 2854
9610 2869
9611 2859
9612 2859
9613 2859
9614 2852
9615 2853
9616 2859
9617 2858
9618 2852
9619 2857
9620 2861
9621 2853
9622 2870
9623 2850
9624 2861
9625 2857
9626 2857
9627 2861
9628 2882
9629 2860
9630 2858
9631 2862
9632 2860
9633 2865
9634 2861
9635 2860
9636 2861
9637 2863
9638 2857
9639 2860
9640 2860
9641 2859
9642 2859
9643 2858
9644 2849
9645 2858
9646 2856
9647 2854
9648 2857
9649 2926
9650 2967
9651 2854
9652 2921
9653 2850
9654 2841
9655 2923
9656 2838
9657 2841
9658 2835
9659 2839
9660 2838
9661 2920
9662 2837
9663 2885
9664 2878
9665 2879
9666 2861
9667 2862
9668 2862
9669 2852
9670 2858
9671 2861
9672 2861
9673 2852
9674 2860
9675 2853
9676 2858
9677 2859
9678 2860
9679 2857
9680 2856
9681 2854
9682 2859
9683 2853
9684 2857
9685 2880
9686 2864
9687 2857
9688 2861
9689 2854
9690 2868
9691 2860
9692 2853
9693 2860
9694 2862
9695 2861
9696 2859
9697 2860
9698 2861
9699 2857
9700 2852
9701 2851
9702 2861
9703 2857
9704 2861
9705 2855
9706 2863
9707 2859
9708 2859
9709 2858
9710 2858
9711 2855
9712 2860
9713 2859
9714 2851
9715 2859
9716 2859
9717 2855
9718 2879
9719 2856
9720 2861
9721 2867
9722 2861
9723 2863
9724 2856
9725 2859
9726 2861
9727 2851
9728 2835
9729 2839
9730 2832
9731 2923
9732 2842
9733 2847
9734 2859
9735 2847
9736 2857
9737 2836
9738 2839
9739 2851
9740 2842
9741 2841
9742 2842
9743 2838
9744 2833
9745 2841
9746 2838
9747 2837
9748 2837
9749 2917
9750 2840
9751 2845
9752 2836
9753 2915
9754 2836
9755 2933
9756 2842
9757 2839
9758 2839
9759 2839
9760 2835
9761 2854
9762 2840
9763 2887
9764 2884
9765 2882
9766 2862
9767 2863
9768 2862
9769 2860
9770 2857
9771 2851
9772 2852
9773 2859
9774 2863
9775 2858
9776 2861
9777 2859
9778 2857
9779 2865
9780 2852
9781 2857
9782 2857
9783 2859
9784 2859
9785 2861
9786 2870
9787 2863
9788 2852
9789 2861
9790 2857
9791 2856
9792 2861
9793 2863
9794 2860
9795 2865
9796 2852
9797 2861
9798 2861
9799 2861
9800 2868
9801 2859
9802 2860
9803 2859
9804 2861
9805 2862
9806 2879
9807 2855
9808 2870
9809 2859
9810 2859
9811 2858
9812 2852
9813 2861
9814 2858
9815 2864
9816 2852
9817 2863
9818 2853
9819 2857
9820 2855
9821 2859
9822 2857
9823 2854
9824 2855
9825 2859
9826 2864
9827 2859
9828 2861
9829 2860
9830 2857
9831 2850
9832 2869
9833 2860
9834 2854
9835 2860
9836 2877
9837 2861
9838 2862
9839 2858
9840 2862
9841 2859
9842 2854
9843 2861
9844 2859
9845 2858
9846 2860
9847 2861
9848 2860
9849 2874
9850 2861
9851 2859
9852 2858
9853 2856
9854 2858
9855 2866
9856 2859
9857 2851
9858 2858
9859 2850
9860 2870
9861 2854
9862 2859
9863 2865
9864 2859
9865 2858
9866 2861
9867 2870
9868 2854
9869 2854
9870 2859
9871 2856
9872 2851
9873 2858
9874 2855
9875 2862
9876 2853
9877 2865
9878 2850
9879 2858
9880 2856
9881 2855
9882 2863
9883 2862
9884 2858
9885 2853
9886 2860
9887 2858
9888 2869
9889 2860
9890 2862
9891 2859
9892 2861
9893 2854
9894 2853
9895 2861
9896 2859
9897 2850
9898 2860
9899 2856
9900 2859
9901 2857
9902 2864
9903 2859
9904 2857
9905 2854
9906 2858
9907 2858
9908 2858
9909 2874
9910 2860
9911 2858
9912 2862
9913 2859
9914 2858
9915 2860
9916 2868
9917 2871
9918 2858
9919 2858
9920 2851
9921 2863
9922 2855
9923 2871
9924 2854
9925 2859
9926 2859
9927 2859
9928 2863
9929 2858
9930 2861
9931 2858
9932 2858
9933 2851
9934 2858
9935 2862
9936 2871
9937 2861
9938 2856
9939 2860
9940 2859
9941 2860
9942 2860
9943 2859
9944 2859
9945 2862
9946 2858
9947 2861
9948 2859
9949 2859
9950 2860
9951 2860
9952 2861
9953 2859
9954 2879
9955 2856
9956 2849
9957 2850
9958 2855
9959 2863
9960 2866
9961 2861
9962 2859
9963 2869
9964 2859
9965 2858
9966 2857
9967 2862
9968 2862
9969 2860
9970 2860
9971 2861
9972 2853
9973 2846
9974 2861
9975 2859
9976 2855
9977 2859
9978 2862
9979 2873
9980 2859
9981 2863
9982 2858
9983 2862
9984 2862
9985 2869
9986 2864
9987 2865
9988 2859
9989 2860
9990 2857
9991 2854
9992 2859
9993 2865
9994 2861
9995 2852
9996 2860
9997 2858
9998 2856
9999 2854
# sum: 2859
# min: 2829
# max: 3793
# err cnt: 0
