2842 3
2844 5
2845 10
2846 18
2847 36
2848 64
2849 91
2850 134
2851 190
2852 253
2853 367
2854 494
2855 638
2856 877
2857 1140
2858 1326
2859 1655
2860 2212
2861 3069
2862 3835
2863 4309
2864 4684
2865 4972
2866 5286
2867 5590
2868 5877
2869 6102
2870 6371
2871 6929
2872 7646
2873 8208
2874 8656
2875 8955
2876 9155
2877 9308
2878 9418
2879 9526
2880 9585
2881 9633
2882 9665
2883 9703
2884 9735
2885 9779
2886 9808
2887 9824
2888 9839
2889 9854
2890 9858
2891 9867
2892 9876
2893 9888
2894 9899
2895 9914
2896 9924
2897 9932
2898 9936
2899 9937
2900 9943
2901 9945
2902 9949
2903 9951
2904 9956
2905 9961
2906 9965
2907 9966
2908 9968
2909 9971
2910 9973
2911 9976
2913 9981
2915 9983
2916 9984
2917 9985
2919 9988
2922 9989
2923 9990
2924 9992
2926 9993
2934 9994
2937 9995
2958 9996
2967 9997
2974 9998
2992 9999
3570 10000
