8 6
9 2
12 2
13 8
14 3
15 4
16 2
17 2
18 17
19 1
20 4
21 6
22 3
23 2
24 4
25 2
27 2
28 4
29 1
30 2
32 2
33 2
34 2
35 1
36 1
37 1
38 2
39 1
40 1
41 3
43 1
44 3
49 1
50 3
52 4
53 3
54 1
55 1
57 2
60 1
61 1
62 2
63 1
64 1
65 2
66 2
67 1
68 1
70 2
71 1
72 2
73 1
74 1
76 1
77 1
80 1
82 2
89 1
93 1
97 1
105 1
107 1
108 2
109 1
112 1
116 1
119 1
120 1
121 1
123 1
124 2
126 1
127 1
129 1
132 1
133 2
135 1
137 2
138 1
139 1
140 1
147 2
151 2
154 1
160 1
163 1
164 1
167 1
169 1
170 1
172 1
174 1
178 1
179 2
184 1
188 1
190 1
195 2
196 1
197 1
199 1
204 1
205 1
215 1
223 1
226 1
227 1
228 1
230 1
233 1
234 1
236 1
238 1
241 1
248 1
254 1
257 2
260 1
261 1
264 1
270 1
274 2
277 1
278 1
279 1
289 1
292 1
300 1
301 1
302 1
309 1
310 1
311 2
314 1
318 1
325 1
328 1
330 1
338 2
340 1
342 1
352 1
353 1
363 1
368 1
392 1
396 1
398 1
411 1
413 1
415 1
418 2
419 1
424 1
429 1
437 1
446 1
451 1
453 1
465 1
467 1
473 1
476 1
481 1
490 2
491 1
497 1
504 1
507 1
508 1
519 1
520 1
522 3
524 1
537 1
543 1
547 1
553 2
557 1
562 2
566 1
568 1
572 2
580 1
581 1
587 1
592 1
598 1
607 1
608 1
611 2
614 1
628 1
630 1
636 2
638 2
639 2
641 1
642 2
643 1
644 1
647 1
648 1
649 1
651 1
659 2
661 1
662 1
674 1
680 1
681 1
685 2
686 13
687 73
688 170
689 90
690 43
691 58
692 53
693 17
694 10
695 14
696 8
697 32
698 51
699 24
700 25
701 21
702 13
703 17
704 17
705 16
706 8
707 8
708 6
709 4
710 10
711 6
712 8
713 4
714 4
715 6
716 2
717 2
718 3
719 4
720 2
721 2
722 2
723 1
724 1
725 1
726 5
727 2
728 1
729 1
730 1
731 1
732 1
734 1
736 5
737 2
739 2
740 3
741 1
742 2
743 100
744 976
745 235
746 1891
747 2425
748 153
749 25
750 88
751 10
752 14
753 24
754 225
755 255
756 519
757 899
758 200
759 112
760 67
761 14
762 10
763 1
764 14
765 34
766 79
767 41
768 19
769 14
770 6
771 6
772 8
774 2
775 3
776 11
777 1
778 2
779 6
780 2
781 2
782 4
783 4
784 3
785 2
786 3
787 6
788 23
789 12
790 2
791 3
792 5
793 10
794 8
795 4
796 6
797 5
798 5
799 3
800 2
801 2
802 5
803 2
804 6
805 4
806 6
807 6
808 6
809 3
810 3
812 3
813 2
814 4
815 2
816 4
817 3
818 2
819 3
820 4
821 2
822 1
823 2
824 2
825 3
826 5
827 1
828 2
829 1
830 1
831 4
832 1
833 1
834 3
835 4
836 1
837 1
838 1
839 3
841 2
842 1
843 2
846 1
847 1
849 3
850 5
851 3
854 1
856 1
858 1
859 1
860 2
861 1
862 3
863 1
864 2
865 3
866 1
867 2
868 2
869 1
870 2
872 1
873 1
874 1
876 2
878 2
879 1
880 3
881 1
882 1
884 1
886 2
887 1
888 1
890 2
892 1
894 1
895 1
898 1
901 2
902 1
905 2
906 2
909 2
912 2
914 2
915 1
916 1
917 1
918 1
932 1
933 1
937 1
939 1
949 1
954 1
956 1
957 1
972 1
989 1
996 1
