398838 1
493413 1
497046 1
498301 1
500345 1
502156 1
502787 1
503949 1
506328 1
506913 1
518620 1
549616 1
550217 1
550739 1
551132 1
551209 1
551337 1
551363 1
551488 1
551531 1
551698 1
551727 1
551766 1
551801 1
551932 1
552004 1
552016 1
552044 1
552062 1
552100 1
552152 1
552164 1
552165 1
552174 1
552218 1
552239 1
552252 1
552265 1
552279 1
552305 1
552337 1
552347 1
552352 1
552392 1
552396 1
552444 1
552445 1
552447 1
552458 1
552495 1
552549 1
552552 1
552555 1
552578 1
552579 1
552580 1
552584 1
552611 1
552618 1
552622 1
552624 1
552653 1
552687 1
552710 1
552713 1
552744 1
552755 1
552759 2
552761 1
552765 2
552776 1
552778 1
552786 1
552792 1
552795 1
552799 1
552802 1
552807 1
552823 1
552836 1
552842 1
552852 1
552855 1
552864 1
552869 1
552893 1
552905 1
552922 1
552932 1
552940 1
552943 1
552949 1
552952 1
552955 2
552963 1
552965 1
552976 2
552979 1
553011 1
553017 1
553024 1
553027 1
553028 1
553029 1
553031 1
553038 1
553046 1
553062 1
553064 2
553074 1
553075 1
553081 1
553083 2
553084 1
553089 1
553102 1
553105 1
553119 1
553125 1
553135 1
553140 1
553141 1
553143 1
553144 1
553145 2
553171 1
553173 1
553176 1
553191 1
553200 1
553202 3
553207 1
553209 2
553210 1
553216 2
553222 1
553224 1
553235 1
553236 2
553245 1
553247 1
553252 1
553254 1
553261 1
553263 1
553274 1
553283 2
553286 1
553287 1
553291 1
553294 1
553296 1
553297 1
553298 1
553315 1
553318 1
553319 1
553348 3
553350 2
553362 1
553381 1
553384 1
553386 1
553387 1
553393 1
553398 1
553400 1
553406 1
553411 1
553415 1
553420 1
553422 1
553429 1
553430 1
553433 1
553435 1
553440 2
553441 1
553445 1
553448 1
553449 1
553454 1
553463 1
553469 1
553476 1
553483 1
553485 1
553487 1
553496 1
553498 1
553505 1
553506 2
553513 2
553516 1
553519 1
553522 1
553525 1
553531 1
553534 1
553542 1
553546 1
553549 1
553551 1
553552 1
553557 1
553569 1
553570 1
553571 1
553574 2
553580 1
553582 1
553585 1
553590 1
553594 1
553600 1
553601 2
553605 1
553612 1
553618 1
553627 2
553631 1
553636 1
553639 1
553640 2
553644 1
553656 1
553660 2
553664 1
553665 1
553675 2
553689 1
553698 1
553701 1
553702 1
553704 1
553705 1
553706 1
553712 1
553713 1
553716 1
553722 1
553730 1
553732 1
553736 1
553737 1
553738 1
553739 1
553741 1
553746 1
553748 1
553749 1
553752 2
553757 1
553761 1
553768 1
553769 1
553770 2
553773 1
553774 1
553775 1
553776 1
553778 1
553779 1
553782 1
553788 1
553789 1
553791 1
553798 1
553799 1
553803 1
553807 1
553808 1
553809 2
553810 1
553812 2
553813 1
553814 1
553816 1
553825 1
553832 2
553841 1
553842 1
553844 1
553847 2
553849 1
553855 1
553856 1
553859 1
553863 1
553865 1
553869 1
553879 1
553880 1
553885 1
553886 1
553888 1
553890 2
553897 1
553899 2
553900 1
553902 1
553903 1
553911 2
553913 1
553914 1
553917 1
553918 1
553927 2
553934 1
553944 1
553947 1
553951 1
553953 1
553954 1
553955 1
553958 1
553961 1
553968 1
553969 1
553971 2
553973 3
553981 1
553982 2
553985 2
553987 1
553988 2
553991 1
553993 2
553994 1
553995 1
553997 1
554002 2
554004 3
554005 2
554007 1
554009 1
554010 1
554014 3
554020 1
554024 1
554026 1
554028 1
554034 2
554037 1
554040 1
554046 1
554050 1
554052 1
554057 1
554059 1
554062 1
554068 1
554070 1
554071 1
554074 2
554076 1
554078 1
554080 1
554081 1
554095 1
554098 1
554100 2
554102 2
554105 1
554106 1
554115 1
554116 1
554120 1
554123 1
554128 2
554130 1
554135 1
554136 2
554137 2
554138 1
554139 1
554141 1
554142 1
554146 2
554148 1
554149 1
554150 1
554151 1
554152 2
554153 1
554154 1
554161 1
554162 1
554169 1
554170 1
554177 2
554178 1
554185 1
554187 2
554193 1
554195 1
554197 1
554200 3
554202 1
554205 1
554206 1
554209 1
554211 1
554214 1
554216 2
554220 1
554224 1
554225 5
554226 1
554230 1
554233 1
554234 1
554235 1
554249 1
554250 1
554251 1
554253 1
554254 1
554258 1
554260 1
554261 1
554264 2
554265 2
554266 1
554267 1
554273 1
554274 1
554279 1
554280 1
554284 1
554285 2
554286 2
554287 1
554293 2
554294 1
554295 1
554296 1
554300 1
554302 2
554305 1
554306 1
554309 1
554310 1
554312 1
554317 1
554326 1
554330 1
554331 1
554333 1
554334 3
554335 1
554336 1
554338 1
554341 2
554342 1
554343 1
554344 3
554345 2
554346 4
554349 2
554351 1
554352 1
554354 2
554355 1
554357 1
554358 1
554361 2
554362 1
554367 2
554372 1
554373 1
554374 1
554382 2
554383 1
554385 2
554388 1
554390 2
554391 1
554392 1
554393 2
554395 1
554398 1
554400 2
554405 1
554406 1
554413 3
554415 2
554416 2
554417 1
554419 1
554423 1
554426 2
554427 1
554430 1
554436 1
554438 2
554439 1
554440 1
554443 1
554444 1
554445 2
554446 1
554447 1
554452 1
554453 1
554457 1
554462 1
554465 4
554470 1
554472 2
554474 1
554476 1
554477 1
554478 1
554482 2
554483 2
554484 1
554486 2
554489 2
554492 1
554493 2
554494 1
554504 2
554505 1
554506 1
554507 1
554509 2
554510 2
554515 1
554516 1
554518 1
554521 1
554525 1
554527 4
554529 2
554530 3
554532 1
554535 1
554537 1
554540 1
554543 1
554544 1
554547 1
554549 1
554552 1
554553 2
554554 2
554556 1
554558 1
554564 1
554565 1
554566 1
554571 1
554572 2
554574 1
554576 1
554577 1
554579 1
554581 2
554587 1
554588 2
554589 1
554593 2
554594 1
554595 1
554596 1
554598 1
554599 1
554600 1
554601 2
554606 2
554608 2
554609 1
554611 2
554612 2
554614 3
554615 1
554616 2
554619 1
554622 1
554623 2
554624 2
554628 2
554629 1
554630 1
554634 2
554637 1
554638 1
554639 1
554640 1
554641 1
554644 1
554649 1
554651 1
554652 1
554653 2
554654 2
554655 1
554658 1
554663 1
554664 1
554668 3
554671 1
554672 1
554673 1
554675 1
554676 3
554678 1
554679 1
554681 1
554683 1
554684 1
554686 1
554687 2
554690 1
554691 1
554694 2
554696 1
554697 2
554699 1
554701 1
554703 2
554704 2
554705 2
554709 1
554714 1
554716 1
554717 1
554720 1
554721 1
554722 2
554723 1
554724 1
554725 1
554726 3
554729 2
554730 1
554735 1
554736 1
554739 1
554741 2
554742 3
554743 1
554744 2
554746 2
554748 1
554749 1
554750 3
554753 2
554757 3
554761 2
554762 1
554768 1
554770 1
554775 1
554776 2
554777 1
554778 1
554781 1
554782 1
554783 2
554786 1
554787 1
554789 1
554791 1
554792 1
554794 2
554795 1
554798 1
554799 1
554801 2
554804 1
554805 3
554812 2
554814 3
554815 1
554816 3
554817 1
554818 2
554819 2
554820 1
554821 1
554822 1
554823 1
554825 3
554826 1
554827 3
554828 1
554830 1
554831 1
554832 1
554833 1
554834 2
554835 2
554836 1
554837 2
554842 2
554844 1
554845 1
554848 1
554849 1
554850 1
554851 1
554855 1
554856 2
554858 2
554860 1
554862 1
554867 1
554869 1
554870 1
554871 2
554872 2
554874 1
554875 2
554876 2
554878 2
554879 1
554880 1
554882 3
554884 1
554885 1
554887 3
554889 1
554890 1
554892 1
554895 3
554896 1
554897 1
554898 1
554899 1
554900 3
554903 2
554905 1
554907 2
554908 1
554911 1
554915 1
554916 2
554917 1
554923 1
554926 2
554927 1
554928 1
554929 1
554937 1
554938 1
554939 3
554940 1
554942 1
554945 1
554946 2
554948 1
554950 1
554951 1
554953 1
554954 1
554959 1
554960 2
554962 2
554964 2
554969 1
554971 1
554972 2
554974 2
554978 1
554979 1
554980 1
554981 2
554986 1
554987 1
554990 1
554994 1
554995 1
555001 1
555002 1
555003 1
555004 1
555006 1
555007 2
555008 1
555009 1
555010 2
555011 2
555012 1
555013 1
555016 2
555017 1
555018 1
555020 1
555021 2
555022 2
555027 1
555030 1
555031 1
555032 1
555033 1
555035 1
555036 1
555038 3
555039 2
555040 1
555042 1
555047 1
555048 2
555049 1
555050 1
555051 1
555053 3
555054 3
555055 2
555060 2
555061 1
555062 1
555064 1
555065 1
555066 1
555069 2
555070 2
555073 1
555075 1
555076 1
555082 2
555085 2
555087 1
555088 1
555089 1
555090 1
555092 1
555093 1
555095 2
555096 1
555098 2
555102 1
555107 2
555108 1
555109 1
555110 1
555111 2
555113 1
555115 1
555116 1
555118 1
555119 1
555120 2
555122 1
555127 2
555129 2
555131 2
555136 2
555138 1
555139 1
555140 2
555141 3
555144 1
555145 1
555146 1
555148 1
555149 1
555150 2
555153 2
555154 2
555155 1
555157 1
555159 1
555160 1
555162 2
555166 1
555168 1
555170 1
555175 1
555177 3
555178 2
555179 1
555186 1
555187 1
555188 1
555189 2
555190 1
555191 2
555194 1
555195 1
555197 1
555198 1
555199 1
555206 1
555207 1
555209 1
555213 1
555214 2
555216 1
555217 2
555218 1
555220 2
555221 1
555222 1
555223 1
555224 1
555227 2
555229 3
555230 2
555231 2
555234 2
555237 1
555239 2
555240 1
555241 3
555242 1
555243 1
555244 2
555249 1
555250 3
555251 3
555252 1
555253 2
555254 1
555255 2
555258 1
555259 2
555261 2
555263 2
555264 1
555268 1
555270 2
555272 2
555274 1
555275 3
555277 2
555278 1
555280 2
555281 1
555283 1
555288 2
555291 1
555292 1
555293 3
555294 2
555295 3
555297 1
555300 2
555301 1
555303 1
555304 1
555305 1
555307 2
555311 1
555313 1
555314 1
555316 1
555317 1
555318 1
555321 2
555322 3
555323 1
555328 1
555330 1
555331 1
555332 3
555333 2
555335 2
555338 2
555339 2
555341 2
555342 2
555343 1
555344 4
555346 1
555347 1
555348 1
555349 1
555350 1
555351 1
555352 2
555356 2
555357 2
555359 1
555360 4
555361 3
555362 1
555365 3
555367 2
555368 1
555369 3
555370 5
555372 2
555373 1
555375 1
555377 1
555378 2
555379 1
555380 1
555382 2
555383 1
555385 1
555386 1
555387 1
555388 2
555391 1
555393 1
555397 1
555399 1
555400 2
555404 1
555407 1
555410 1
555411 3
555412 1
555413 2
555416 1
555417 1
555418 2
555421 2
555422 2
555424 1
555427 3
555428 1
555430 1
555434 2
555436 3
555437 1
555441 1
555442 1
555445 1
555446 1
555448 2
555450 1
555451 3
555452 1
555453 1
555454 3
555456 5
555457 1
555458 3
555460 1
555461 1
555462 1
555463 1
555465 1
555466 1
555470 2
555471 1
555473 4
555474 2
555475 2
555480 3
555482 2
555483 2
555486 1
555487 1
555488 1
555490 2
555491 1
555492 1
555493 1
555497 1
555498 1
555499 1
555503 1
555504 1
555506 1
555509 1
555510 2
555512 1
555513 1
555514 1
555517 1
555519 1
555520 1
555522 1
555526 1
555527 3
555528 1
555529 1
555530 1
555531 1
555532 1
555535 1
555537 1
555538 1
555539 1
555540 1
555541 1
555542 1
555544 3
555545 3
555546 1
555547 1
555548 1
555549 2
555553 1
555554 2
555557 1
555558 2
555559 2
555560 1
555564 1
555565 1
555566 1
555571 1
555574 1
555575 1
555576 2
555577 2
555579 2
555580 1
555581 1
555583 1
555584 3
555585 2
555586 1
555587 1
555588 1
555589 1
555590 1
555591 1
555592 2
555593 2
555595 1
555596 1
555597 1
555598 3
555599 1
555600 1
555602 1
555604 1
555605 1
555606 2
555607 1
555609 1
555611 2
555612 2
555613 1
555615 2
555617 1
555618 2
555619 1
555620 1
555621 1
555622 3
555625 1
555626 1
555628 2
555629 2
555631 1
555632 2
555634 1
555635 1
555637 2
555638 2
555639 2
555640 1
555641 2
555642 1
555643 3
555645 1
555646 1
555647 1
555648 1
555650 1
555651 1
555652 2
555655 1
555656 2
555660 1
555663 2
555664 1
555667 1
555669 3
555670 3
555671 2
555674 1
555675 2
555677 1
555678 3
555679 1
555680 1
555681 1
555683 1
555684 1
555686 2
555689 1
555691 2
555694 1
555695 1
555696 2
555699 1
555703 1
555704 2
555705 2
555706 1
555707 3
555709 3
555711 1
555712 1
555713 3
555714 2
555716 3
555717 1
555718 1
555720 1
555724 2
555728 2
555730 1
555731 2
555734 2
555735 1
555736 2
555738 2
555739 1
555748 1
555750 1
555751 1
555752 2
555753 1
555754 1
555755 1
555756 1
555757 2
555759 1
555760 2
555761 2
555763 2
555765 2
555766 1
555767 2
555768 1
555769 1
555771 1
555772 1
555774 1
555775 1
555776 1
555777 3
555780 1
555782 2
555783 2
555784 1
555785 1
555787 1
555789 1
555790 2
555793 1
555794 4
555796 1
555798 1
555799 2
555800 2
555801 1
555802 2
555804 1
555805 1
555806 3
555807 1
555810 3
555811 2
555814 1
555815 2
555816 3
555817 1
555818 1
555820 2
555821 3
555823 1
555825 1
555826 1
555827 3
555828 3
555829 1
555830 1
555831 2
555832 3
555835 1
555839 2
555842 2
555843 1
555845 1
555846 1
555849 1
555850 1
555851 1
555852 2
555854 1
555856 1
555857 1
555859 1
555862 2
555865 3
555866 1
555867 2
555868 1
555872 3
555873 2
555874 2
555875 1
555876 1
555877 1
555879 2
555880 3
555882 2
555883 2
555884 2
555885 2
555886 3
555887 1
555891 1
555892 1
555894 1
555896 1
555898 1
555899 1
555901 1
555902 1
555903 2
555906 1
555908 3
555909 1
555910 1
555911 1
555912 1
555913 1
555916 1
555917 1
555918 3
555921 1
555922 2
555925 2
555926 1
555927 1
555929 3
555930 1
555932 3
555934 1
555935 2
555936 2
555937 1
555938 2
555939 1
555940 2
555942 5
555943 2
555944 2
555945 3
555946 2
555948 2
555951 4
555953 1
555955 1
555956 3
555958 2
555959 2
555963 1
555964 4
555965 3
555966 1
555967 2
555971 3
555972 3
555973 1
555974 2
555975 1
555977 1
555979 1
555980 1
555981 1
555984 4
555986 2
555987 3
555989 1
555990 1
555991 2
555995 2
555996 2
555997 2
555998 1
556000 1
556002 2
556003 3
556004 3
556005 1
556007 1
556010 1
556013 3
556014 3
556016 1
556019 1
556020 1
556023 2
556025 1
556027 1
556030 5
556031 2
556034 2
556035 2
556036 3
556037 1
556039 1
556042 2
556043 2
556044 1
556046 2
556047 2
556049 1
556050 2
556051 3
556052 1
556053 3
556054 2
556055 1
556056 2
556057 1
556058 1
556060 2
556064 1
556065 2
556066 3
556068 1
556069 2
556070 3
556073 2
556074 1
556078 2
556079 3
556080 2
556081 1
556082 2
556083 1
556085 1
556086 2
556088 3
556089 1
556091 1
556092 2
556093 1
556094 2
556099 3
556101 1
556102 2
556103 1
556104 1
556105 1
556108 2
556111 3
556112 1
556114 1
556116 2
556117 2
556119 1
556120 2
556121 1
556122 1
556123 3
556124 2
556125 2
556126 1
556127 2
556129 1
556130 3
556132 2
556135 1
556136 2
556137 2
556138 2
556139 1
556140 1
556141 3
556142 1
556144 1
556146 2
556147 1
556148 1
556149 3
556150 4
556152 2
556153 1
556154 4
556155 1
556156 4
556157 1
556158 1
556159 1
556161 1
556166 2
556167 1
556168 1
556169 1
556170 2
556171 1
556172 1
556173 1
556174 2
556177 3
556178 1
556179 1
556180 4
556182 2
556183 3
556184 5
556186 1
556187 2
556188 2
556192 1
556193 3
556194 1
556195 3
556196 3
556197 2
556203 2
556206 1
556207 1
556208 1
556210 1
556212 3
556214 4
556216 2
556217 1
556218 2
556219 2
556220 2
556222 1
556223 1
556224 1
556225 2
556226 1
556227 2
556230 3
556231 2
556232 2
556234 1
556235 2
556236 3
556237 2
556238 1
556240 1
556241 1
556242 1
556243 1
556245 2
556247 2
556248 2
556250 2
556251 1
556252 1
556253 1
556255 2
556258 1
556259 2
556260 1
556261 1
556262 2
556265 1
556266 4
556267 1
556268 1
556271 1
556272 2
556273 1
556274 1
556276 1
556278 4
556279 2
556280 3
556281 1
556282 1
556285 2
556286 1
556288 6
556289 2
556290 1
556291 1
556293 2
556294 2
556295 2
556296 2
556297 1
556298 2
556299 2
556300 3
556301 1
556302 1
556303 2
556305 2
556307 1
556308 1
556310 2
556312 3
556313 1
556314 4
556315 1
556316 2
556317 1
556319 1
556320 1
556322 3
556323 1
556326 1
556328 1
556329 1
556330 3
556331 1
556332 1
556333 3
556334 1
556335 1
556336 1
556338 1
556339 1
556341 2
556343 1
556345 2
556346 1
556347 1
556348 1
556349 1
556351 2
556353 1
556355 3
556357 2
556358 2
556360 1
556361 3
556362 2
556364 1
556365 1
556367 3
556369 3
556373 2
556374 3
556377 1
556378 1
556381 2
556382 1
556383 2
556385 1
556386 1
556389 1
556390 2
556391 1
556392 2
556393 2
556395 1
556396 3
556401 1
556402 3
556407 1
556408 2
556410 2
556412 1
556413 2
556415 1
556416 2
556417 2
556418 1
556419 1
556420 2
556421 1
556422 1
556424 3
556425 4
556426 3
556428 1
556431 1
556433 2
556436 2
556437 1
556438 1
556439 1
556441 1
556443 2
556446 1
556447 1
556448 2
556450 1
556453 1
556454 1
556455 2
556456 2
556457 1
556458 1
556459 1
556462 2
556463 1
556464 2
556467 3
556468 2
556469 3
556470 2
556471 1
556473 3
556474 1
556475 2
556476 1
556477 2
556478 3
556480 1
556481 2
556482 4
556483 3
556485 2
556486 2
556487 2
556490 2
556491 3
556493 1
556495 1
556496 1
556497 1
556498 1
556502 1
556503 1
556507 1
556508 1
556509 1
556511 1
556513 3
556514 2
556516 1
556518 1
556519 1
556520 2
556521 2
556522 1
556523 2
556526 2
556528 1
556529 2
556530 2
556531 1
556533 3
556534 1
556535 1
556536 1
556537 1
556538 2
556539 1
556541 1
556542 1
556543 2
556544 1
556545 2
556547 2
556548 1
556552 2
556554 2
556555 2
556557 1
556558 4
556559 2
556560 2
556562 1
556563 1
556564 1
556566 2
556567 1
556568 2
556569 1
556570 2
556571 1
556572 1
556573 2
556574 3
556576 1
556579 2
556580 2
556581 2
556582 3
556583 4
556585 1
556586 1
556587 1
556588 2
556589 1
556590 2
556592 1
556593 3
556595 2
556597 1
556598 1
556599 2
556600 3
556601 4
556602 1
556604 1
556605 1
556606 1
556607 1
556609 2
556610 1
556611 1
556612 1
556613 3
556614 3
556615 3
556616 1
556617 3
556618 3
556619 1
556620 1
556621 1
556622 1
556623 1
556624 1
556625 1
556626 2
556628 1
556629 2
556630 1
556631 2
556633 1
556634 3
556635 1
556638 1
556639 1
556643 3
556645 1
556646 1
556648 1
556649 2
556650 2
556651 3
556653 1
556654 1
556656 1
556659 2
556660 1
556661 1
556662 2
556663 2
556664 2
556665 2
556666 1
556667 3
556668 3
556669 1
556670 1
556672 1
556674 6
556675 1
556676 2
556678 2
556679 1
556680 1
556681 3
556682 3
556683 3
556686 2
556687 3
556688 1
556689 2
556691 2
556692 2
556696 1
556697 4
556698 1
556699 1
556700 5
556701 2
556702 2
556707 1
556708 2
556709 2
556710 1
556712 2
556713 2
556715 2
556716 2
556717 1
556718 3
556720 1
556721 2
556722 1
556723 1
556724 3
556726 1
556727 3
556728 1
556729 1
556730 1
556731 3
556733 1
556734 2
556736 1
556737 2
556739 3
556741 1
556742 2
556743 1
556744 2
556746 1
556747 1
556748 3
556749 1
556750 1
556752 3
556753 1
556754 3
556755 1
556756 1
556757 1
556758 1
556761 4
556762 2
556763 2
556764 4
556765 3
556766 1
556767 3
556768 4
556769 4
556770 1
556773 2
556774 1
556778 1
556779 1
556780 2
556782 4
556783 1
556785 2
556787 1
556789 4
556790 3
556793 1
556794 2
556796 2
556797 1
556799 5
556803 2
556804 4
556806 1
556807 4
556808 1
556812 2
556813 2
556814 3
556815 3
556816 2
556817 1
556818 2
556820 2
556822 1
556823 1
556824 1
556825 1
556826 1
556829 2
556831 1
556832 4
556834 1
556837 1
556841 2
556842 1
556843 3
556845 1
556846 2
556847 1
556849 1
556851 1
556854 1
556856 2
556857 1
556858 1
556859 2
556860 2
556861 1
556862 2
556863 2
556865 2
556867 3
556868 1
556869 2
556871 2
556872 2
556873 2
556875 1
556876 1
556877 1
556878 2
556879 1
556880 2
556881 2
556882 1
556886 1
556887 2
556889 3
556890 1
556891 1
556892 1
556893 1
556894 1
556895 1
556896 4
556897 1
556899 1
556901 3
556902 2
556903 2
556905 1
556906 2
556907 1
556908 2
556909 3
556911 4
556913 1
556914 1
556915 3
556916 1
556917 2
556918 1
556919 2
556920 2
556923 1
556930 1
556931 2
556932 2
556934 3
556936 2
556937 1
556940 1
556941 1
556945 1
556946 1
556947 2
556948 3
556950 1
556952 1
556953 3
556954 1
556955 1
556957 1
556958 1
556959 1
556960 1
556961 1
556963 2
556964 3
556965 2
556966 3
556968 2
556969 2
556974 4
556975 3
556976 3
556977 1
556978 2
556980 1
556981 1
556982 1
556983 1
556986 2
556988 1
556989 1
556990 1
556991 1
556992 1
556993 1
556995 3
556997 1
556998 5
556999 2
557000 3
557001 2
557002 1
557003 2
557004 2
557005 1
557006 1
557007 2
557008 1
557009 2
557011 1
557012 1
557013 1
557014 1
557016 1
557017 1
557018 1
557019 1
557020 2
557021 4
557023 3
557024 1
557025 2
557027 1
557028 3
557029 1
557033 2
557035 2
557036 3
557038 2
557039 2
557040 1
557044 2
557045 3
557046 1
557049 1
557050 2
557052 3
557053 4
557054 1
557055 1
557056 3
557057 2
557058 1
557059 2
557062 1
557067 1
557068 1
557069 1
557070 2
557071 1
557073 2
557074 1
557075 1
557078 2
557079 1
557081 1
557082 1
557083 3
557084 4
557085 1
557087 3
557089 2
557090 3
557091 1
557092 2
557093 2
557094 3
557096 4
557097 1
557101 2
557102 1
557103 2
557104 2
557105 1
557107 2
557108 1
557109 1
557113 1
557115 1
557116 3
557117 1
557118 4
557120 1
557121 1
557122 1
557123 1
557124 3
557125 1
557127 3
557128 1
557129 1
557131 2
557132 3
557133 2
557134 1
557135 2
557136 2
557137 1
557138 1
557139 2
557140 1
557141 2
557145 2
557146 1
557147 1
557148 2
557149 2
557150 2
557151 2
557153 1
557154 3
557155 1
557156 1
557157 2
557158 4
557159 2
557160 2
557161 1
557165 1
557166 2
557167 1
557168 2
557169 1
557170 3
557172 2
557174 3
557175 1
557178 1
557180 2
557181 1
557182 2
557183 1
557184 1
557187 2
557189 1
557190 1
557192 5
557193 4
557194 1
557195 1
557197 1
557198 1
557200 1
557202 1
557203 1
557205 2
557206 1
557207 1
557208 2
557210 1
557211 1
557212 1
557214 2
557215 1
557218 2
557223 1
557224 1
557225 1
557226 2
557227 2
557228 2
557229 2
557230 1
557231 1
557232 2
557233 3
557234 2
557236 1
557237 1
557238 1
557239 1
557241 2
557242 1
557243 1
557246 1
557247 3
557248 1
557249 2
557250 2
557252 2
557253 1
557254 1
557256 2
557257 3
557258 1
557259 1
557260 2
557261 1
557264 1
557265 2
557266 2
557269 3
557270 2
557272 2
557273 1
557276 1
557277 1
557279 3
557281 4
557282 2
557283 1
557285 3
557286 3
557287 2
557288 2
557289 3
557292 2
557294 3
557295 2
557297 1
557298 1
557299 1
557300 2
557301 1
557302 2
557304 1
557305 4
557306 2
557307 2
557309 1
557313 1
557314 3
557315 1
557316 2
557317 2
557318 1
557321 2
557322 1
557324 2
557325 4
557327 2
557328 2
557330 2
557331 1
557332 1
557333 2
557334 3
557338 3
557339 4
557345 1
557346 1
557348 2
557349 2
557350 2
557351 2
557353 5
557354 2
557355 2
557357 2
557362 2
557363 1
557364 1
557365 2
557366 1
557368 1
557369 2
557370 1
557371 3
557373 2
557374 1
557375 1
557378 1
557381 1
557382 3
557383 2
557384 2
557385 1
557386 2
557388 3
557391 2
557393 1
557394 1
557395 2
557396 1
557397 1
557398 2
557399 4
557400 2
557401 3
557402 1
557403 2
557405 3
557406 2
557409 2
557411 2
557412 1
557416 1
557417 1
557418 2
557420 3
557421 2
557422 1
557423 2
557426 2
557430 3
557434 1
557435 2
557436 2
557437 1
557438 1
557440 1
557441 2
557442 2
557444 1
557445 2
557446 3
557447 2
557448 1
557449 3
557450 4
557451 2
557452 1
557456 3
557459 1
557460 1
557462 1
557464 2
557466 3
557467 2
557469 2
557470 1
557471 2
557472 1
557474 1
557475 1
557476 2
557477 1
557478 3
557479 3
557480 3
557484 2
557485 3
557487 1
557489 3
557490 1
557492 4
557493 2
557498 1
557500 1
557501 2
557502 1
557507 1
557508 1
557509 1
557512 1
557514 1
557516 2
557517 3
557519 4
557522 1
557523 4
557525 2
557529 1
557530 1
557531 1
557534 2
557535 1
557536 1
557537 1
557539 1
557540 1
557541 1
557542 1
557543 1
557545 1
557546 1
557547 1
557548 1
557549 1
557550 3
557551 1
557552 1
557553 2
557554 1
557555 1
557556 2
557559 4
557560 1
557561 1
557562 3
557564 1
557565 1
557568 1
557569 2
557570 1
557571 1
557572 1
557573 3
557574 1
557575 1
557576 1
557578 1
557579 1
557582 2
557583 1
557584 2
557586 2
557588 3
557589 1
557590 1
557592 1
557593 2
557595 1
557596 1
557597 2
557599 2
557600 4
557601 2
557606 1
557608 2
557609 1
557610 2
557611 1
557612 1
557613 1
557614 2
557615 2
557616 1
557617 1
557618 2
557619 1
557621 2
557624 1
557625 3
557627 2
557628 2
557629 1
557630 2
557631 1
557632 2
557633 2
557634 1
557635 1
557637 1
557638 3
557640 1
557643 1
557644 1
557645 3
557646 1
557647 1
557648 3
557650 2
557651 1
557652 1
557653 1
557654 1
557655 1
557656 2
557657 1
557658 1
557659 1
557660 2
557661 1
557663 1
557664 1
557665 1
557666 1
557668 1
557669 1
557670 1
557674 2
557676 1
557677 1
557679 1
557680 4
557681 1
557682 1
557683 2
557684 1
557686 4
557689 3
557690 2
557695 1
557696 1
557699 2
557700 1
557701 2
557702 4
557703 1
557704 1
557706 2
557707 1
557708 2
557713 1
557714 1
557716 2
557720 2
557722 1
557723 2
557724 1
557725 1
557727 2
557728 1
557729 1
557732 2
557734 1
557737 1
557738 2
557739 2
557740 1
557741 4
557743 2
557747 2
557748 1
557749 1
557750 1
557751 1
557752 1
557753 3
557757 3
557758 2
557761 1
557762 3
557763 3
557764 1
557765 2
557766 1
557767 1
557769 2
557771 1
557772 2
557773 1
557775 1
557777 3
557778 2
557780 1
557781 1
557782 1
557784 1
557785 1
557786 1
557788 1
557790 2
557791 1
557792 3
557793 1
557794 2
557795 4
557797 1
557798 3
557799 1
557800 1
557803 1
557804 2
557805 2
557807 2
557808 1
557810 1
557813 2
557814 1
557816 1
557817 1
557818 3
557819 1
557820 1
557821 2
557822 1
557823 3
557826 1
557831 4
557834 2
557836 1
557837 2
557838 2
557841 2
557842 1
557843 2
557844 1
557845 1
557846 3
557847 1
557849 2
557850 1
557854 1
557855 1
557856 1
557857 1
557858 2
557859 1
557860 3
557861 2
557862 1
557864 1
557865 1
557866 3
557869 3
557870 3
557871 1
557872 1
557873 1
557874 1
557875 2
557876 1
557877 2
557879 1
557881 2
557882 2
557883 1
557884 3
557885 3
557888 2
557889 2
557893 4
557894 1
557895 2
557896 1
557897 2
557898 2
557899 1
557900 1
557901 3
557902 3
557904 1
557905 1
557907 2
557909 2
557910 2
557911 4
557912 1
557914 1
557915 1
557916 2
557917 2
557919 1
557920 1
557921 2
557923 3
557925 1
557928 1
557929 1
557932 1
557935 1
557937 3
557939 1
557940 1
557941 3
557942 4
557944 1
557945 2
557946 2
557949 2
557950 2
557951 2
557952 2
557953 1
557955 1
557958 2
557959 2
557960 1
557961 1
557962 4
557963 1
557964 2
557965 2
557966 2
557968 1
557969 1
557971 1
557973 2
557975 1
557976 1
557977 1
557980 1
557982 1
557984 1
557985 3
557986 1
557987 3
557988 1
557990 2
557993 4
557994 1
557996 2
557999 1
558000 1
558005 3
558006 2
558007 2
558008 4
558009 1
558010 1
558011 3
558014 5
558015 3
558017 1
558018 1
558019 1
558024 4
558028 2
558029 1
558030 2
558031 2
558032 1
558033 1
558034 2
558035 1
558038 1
558039 4
558040 2
558042 2
558043 2
558044 2
558045 1
558046 2
558051 1
558052 1
558054 1
558055 1
558056 2
558057 2
558058 1
558059 2
558062 2
558063 3
558064 1
558065 1
558066 2
558068 1
558069 2
558070 1
558071 2
558076 2
558078 1
558080 1
558081 1
558083 2
558085 2
558086 1
558087 2
558088 2
558089 2
558092 2
558093 1
558095 1
558096 2
558097 1
558099 2
558100 1
558101 2
558103 1
558104 2
558105 1
558106 1
558107 5
558108 1
558109 4
558110 2
558111 2
558114 1
558116 4
558119 2
558120 1
558122 1
558126 5
558127 1
558129 2
558130 1
558131 1
558133 1
558134 1
558135 1
558136 1
558137 1
558138 1
558142 2
558144 1
558145 2
558146 3
558148 2
558150 1
558151 1
558152 1
558153 1
558154 1
558156 1
558160 3
558165 1
558166 1
558172 1
558174 1
558175 1
558177 1
558178 1
558179 2
558180 1
558182 2
558183 2
558185 1
558188 2
558190 1
558192 1
558193 1
558194 1
558197 1
558198 3
558199 3
558200 1
558201 1
558203 1
558204 1
558205 1
558206 1
558207 1
558208 1
558209 2
558210 1
558214 1
558217 2
558218 2
558219 1
558221 3
558222 2
558223 3
558226 1
558227 2
558228 2
558231 2
558232 2
558233 1
558234 1
558235 2
558237 1
558238 1
558239 1
558240 1
558241 1
558243 1
558248 2
558249 1
558252 1
558253 2
558256 1
558257 1
558258 3
558261 1
558262 2
558263 1
558264 1
558266 2
558267 2
558268 2
558272 2
558273 1
558276 2
558277 1
558278 1
558281 1
558283 1
558284 1
558287 1
558288 1
558289 2
558290 1
558291 1
558292 1
558293 1
558294 2
558297 3
558299 3
558300 2
558307 1
558308 1
558310 3
558311 1
558313 1
558316 1
558317 2
558318 2
558320 3
558322 2
558323 1
558324 1
558325 1
558326 2
558328 2
558329 2
558331 1
558332 3
558333 1
558334 1
558336 1
558338 1
558339 1
558340 1
558341 1
558344 2
558345 1
558346 1
558347 1
558348 1
558349 3
558350 2
558351 1
558352 2
558353 2
558354 1
558358 1
558360 1
558361 1
558362 3
558363 1
558364 4
558365 4
558367 2
558369 1
558370 2
558371 1
558373 1
558375 2
558381 2
558383 2
558384 1
558387 2
558392 3
558396 2
558397 1
558398 2
558399 1
558401 1
558402 1
558405 1
558409 1
558410 1
558413 2
558414 2
558417 2
558418 2
558419 1
558420 1
558422 1
558424 1
558425 1
558426 3
558427 1
558428 4
558429 1
558434 1
558435 3
558436 1
558440 2
558441 3
558442 2
558444 2
558445 2
558446 1
558447 2
558450 1
558451 1
558452 1
558454 2
558455 1
558457 2
558458 1
558460 3
558461 1
558464 1
558466 2
558467 2
558469 1
558473 2
558474 2
558476 2
558477 3
558478 1
558479 3
558482 1
558488 2
558489 1
558490 2
558491 2
558492 1
558495 2
558496 2
558497 1
558499 3
558500 1
558502 1
558504 3
558505 2
558506 1
558507 1
558508 1
558509 2
558510 2
558511 1
558515 1
558516 1
558517 2
558518 2
558519 1
558520 1
558521 4
558522 1
558528 1
558529 1
558531 1
558533 2
558534 3
558535 1
558538 2
558540 1
558541 1
558545 2
558549 1
558552 1
558556 1
558557 3
558558 1
558559 2
558560 2
558561 1
558562 1
558563 1
558565 1
558566 1
558567 1
558568 1
558570 1
558576 1
558577 1
558580 2
558581 2
558583 2
558585 2
558587 3
558588 1
558589 1
558590 1
558592 2
558594 1
558595 1
558598 1
558599 1
558600 1
558601 2
558604 2
558605 1
558606 1
558608 1
558612 1
558613 1
558614 2
558616 1
558618 1
558619 2
558620 1
558621 1
558622 1
558625 2
558628 2
558631 1
558632 1
558633 1
558634 1
558635 1
558636 2
558637 1
558640 2
558641 2
558642 1
558643 3
558645 1
558647 1
558648 1
558649 1
558650 1
558651 3
558653 2
558654 1
558658 1
558659 1
558660 2
558662 1
558663 2
558664 1
558666 1
558669 1
558670 1
558672 2
558675 1
558677 1
558678 1
558679 1
558681 2
558687 1
558690 1
558691 1
558692 2
558693 2
558695 3
558696 1
558697 1
558699 2
558702 2
558704 4
558708 1
558712 1
558715 1
558716 1
558717 1
558718 2
558720 2
558723 2
558724 3
558725 1
558726 1
558727 1
558730 1
558732 1
558734 1
558735 2
558738 3
558739 1
558740 1
558741 2
558742 1
558744 4
558745 1
558746 2
558747 1
558748 1
558749 1
558750 1
558751 1
558752 2
558753 1
558757 2
558759 1
558760 2
558762 1
558764 1
558765 1
558766 3
558767 1
558769 1
558771 1
558772 1
558774 1
558778 2
558779 1
558781 2
558783 2
558785 1
558787 1
558788 2
558789 1
558794 2
558796 1
558797 3
558798 1
558803 1
558804 1
558806 4
558807 2
558809 1
558810 2
558812 1
558814 1
558815 1
558816 1
558820 1
558821 1
558823 1
558824 1
558826 1
558827 1
558828 1
558829 1
558831 2
558832 1
558834 1
558835 3
558836 1
558837 1
558838 1
558840 1
558842 1
558843 3
558845 2
558847 1
558852 1
558853 2
558854 1
558856 2
558857 2
558858 1
558859 1
558861 2
558864 1
558865 1
558867 1
558868 1
558869 1
558871 2
558873 2
558874 2
558875 1
558876 1
558877 3
558879 1
558884 1
558886 1
558888 2
558890 2
558891 1
558892 2
558900 1
558904 2
558907 2
558908 1
558911 1
558913 2
558915 1
558917 2
558921 2
558922 1
558923 1
558924 3
558925 2
558929 1
558930 1
558933 1
558934 1
558935 1
558936 3
558937 1
558938 1
558939 1
558942 1
558943 1
558944 1
558945 1
558946 3
558947 1
558951 1
558955 1
558956 1
558961 1
558962 3
558964 1
558969 2
558970 1
558971 1
558973 2
558974 3
558975 1
558976 1
558977 2
558980 4
558981 1
558983 2
558984 4
558985 1
558986 1
558987 2
558990 2
558991 3
558993 1
558994 1
558995 2
558998 3
559004 1
559005 2
559007 2
559008 1
559010 1
559011 1
559015 3
559017 2
559018 1
559019 2
559020 2
559021 1
559022 1
559026 3
559027 1
559029 1
559030 1
559033 1
559034 4
559035 2
559036 2
559037 1
559038 2
559044 1
559045 1
559048 1
559049 1
559051 2
559052 2
559055 2
559057 2
559058 1
559060 1
559063 1
559064 2
559065 1
559066 1
559067 1
559068 2
559074 1
559075 1
559076 1
559079 1
559080 2
559082 1
559084 1
559085 2
559087 2
559088 1
559091 1
559093 1
559094 1
559096 2
559097 1
559099 1
559102 1
559106 1
559115 1
559116 1
559120 2
559121 3
559122 1
559124 2
559127 1
559130 2
559134 1
559136 2
559137 1
559138 2
559141 1
559143 3
559145 1
559146 1
559147 2
559148 2
559149 2
559150 3
559152 1
559154 2
559155 2
559160 2
559161 1
559162 1
559163 2
559165 1
559168 2
559176 1
559177 1
559178 1
559179 3
559181 3
559182 1
559185 2
559186 2
559187 1
559188 1
559192 1
559193 1
559194 1
559195 1
559196 1
559199 1
559201 1
559202 2
559203 2
559204 1
559206 1
559210 1
559212 1
559214 1
559215 1
559217 1
559219 1
559225 1
559226 1
559229 2
559231 1
559232 1
559234 1
559241 2
559242 1
559248 2
559253 2
559254 1
559256 1
559258 1
559266 1
559268 1
559269 1
559270 2
559272 2
559273 1
559275 4
559276 1
559279 2
559281 1
559283 1
559292 1
559294 1
559297 1
559298 2
559301 2
559302 1
559304 1
559306 3
559307 2
559309 3
559314 1
559316 2
559317 1
559318 1
559319 1
559321 1
559324 1
559326 1
559328 3
559331 2
559332 1
559333 2
559334 1
559337 1
559338 1
559340 1
559342 1
559345 1
559349 2
559351 1
559357 1
559358 2
559359 1
559361 1
559363 1
559364 1
559365 1
559366 1
559367 1
559368 1
559369 4
559370 2
559371 1
559372 1
559373 3
559374 1
559377 1
559382 2
559383 2
559385 2
559386 2
559387 2
559390 1
559391 1
559392 1
559395 1
559398 1
559399 1
559400 2
559406 1
559411 1
559415 1
559417 2
559419 1
559420 1
559425 2
559428 1
559432 2
559433 2
559434 2
559436 2
559437 1
559440 2
559443 1
559445 2
559449 2
559452 1
559453 1
559459 3
559461 1
559466 1
559472 1
559473 1
559476 1
559480 1
559485 1
559487 2
559493 1
559494 1
559495 1
559496 2
559497 1
559502 1
559505 1
559506 1
559509 1
559510 2
559516 1
559517 1
559519 1
559520 1
559522 3
559526 1
559529 1
559530 1
559531 1
559534 1
559535 1
559538 2
559542 1
559543 1
559546 1
559547 1
559553 2
559555 1
559561 3
559562 2
559563 1
559564 1
559567 2
559568 1
559569 1
559575 1
559579 2
559582 1
559588 1
559590 2
559591 1
559592 1
559594 3
559598 1
559602 1
559606 1
559607 1
559608 2
559609 1
559612 2
559614 1
559615 1
559617 1
559619 1
559621 1
559622 1
559623 1
559626 1
559629 1
559630 1
559632 1
559634 2
559637 1
559638 1
559642 3
559643 1
559646 1
559648 1
559653 2
559654 1
559655 1
559656 1
559658 1
559659 1
559660 2
559663 1
559668 1
559669 2
559671 1
559672 2
559677 1
559679 1
559681 2
559683 1
559685 1
559687 2
559688 2
559690 1
559691 1
559694 1
559696 1
559697 1
559702 1
559708 1
559709 1
559711 1
559712 1
559714 1
559720 3
559723 1
559725 1
559727 1
559734 1
559739 1
559741 1
559746 1
559747 1
559748 1
559752 1
559754 1
559756 1
559759 1
559765 1
559768 2
559769 2
559770 1
559772 1
559773 2
559774 1
559776 1
559777 1
559778 1
559780 1
559781 2
559782 2
559789 1
559792 1
559794 1
559797 2
559800 1
559801 1
559805 2
559808 2
559809 2
559811 1
559820 2
559822 1
559825 1
559826 1
559829 1
559831 1
559833 3
559834 2
559836 2
559838 2
559839 1
559842 1
559844 1
559845 1
559846 1
559847 1
559850 1
559851 1
559853 1
559854 3
559857 1
559861 2
559865 1
559867 1
559869 4
559872 1
559873 1
559874 2
559876 1
559878 1
559882 1
559883 1
559884 1
559895 1
559897 1
559901 2
559902 1
559907 1
559910 1
559915 1
559916 1
559918 1
559920 1
559922 1
559925 1
559928 1
559929 1
559932 3
559934 2
559938 3
559939 2
559942 2
559944 1
559945 2
559946 1
559950 1
559954 1
559963 1
559964 1
559968 1
559969 1
559973 2
559974 2
559975 1
559978 1
559979 2
559980 1
559984 1
559990 1
559991 1
559993 1
559995 1
559996 1
559998 2
560000 1
560001 1
560006 3
560007 1
560008 1
560009 1
560010 1
560011 2
560012 1
560014 1
560016 1
560019 1
560022 1
560026 1
560027 1
560028 2
560032 1
560042 1
560046 1
560050 1
560051 1
560053 1
560061 1
560062 2
560066 1
560069 1
560072 1
560074 1
560075 1
560089 2
560095 1
560098 3
560099 1
560102 1
560105 1
560106 1
560107 1
560110 1
560113 1
560115 1
560117 1
560121 1
560125 1
560128 1
560129 2
560137 1
560140 1
560141 1
560144 2
560147 1
560148 2
560149 1
560152 1
560153 1
560155 1
560158 1
560162 1
560163 1
560164 1
560165 1
560167 1
560172 1
560176 1
560178 1
560179 1
560180 1
560188 1
560191 1
560193 1
560196 3
560197 1
560198 2
560199 1
560203 1
560208 1
560209 2
560211 1
560212 1
560214 1
560215 1
560221 2
560223 4
560224 1
560228 1
560229 1
560232 1
560234 1
560235 2
560236 3
560237 1
560245 1
560247 2
560251 1
560252 1
560254 1
560257 1
560258 1
560259 1
560263 1
560268 1
560269 3
560272 1
560273 1
560274 1
560276 1
560280 1
560290 1
560293 2
560294 1
560300 1
560301 2
560307 1
560309 1
560311 1
560313 1
560314 2
560315 2
560317 1
560318 1
560321 1
560322 2
560323 1
560325 1
560326 1
560328 1
560329 1
560334 1
560336 1
560338 1
560343 1
560349 1
560350 1
560353 1
560354 2
560359 1
560360 1
560362 1
560363 1
560364 1
560365 1
560367 1
560371 2
560372 1
560373 1
560374 1
560390 2
560391 1
560392 1
560397 1
560402 1
560403 4
560407 1
560408 1
560409 1
560410 1
560412 1
560417 2
560420 1
560421 1
560422 1
560425 1
560428 1
560431 3
560437 1
560440 1
560442 1
560444 1
560448 1
560452 3
560454 2
560457 1
560460 1
560466 2
560470 2
560471 1
560472 1
560473 1
560479 1
560482 2
560483 1
560489 2
560490 1
560492 1
560493 1
560494 1
560495 1
560504 1
560505 1
560507 1
560508 2
560510 2
560511 2
560514 1
560515 1
560520 1
560521 2
560522 2
560523 1
560526 1
560527 2
560529 1
560531 2
560533 1
560536 1
560537 4
560538 1
560546 4
560548 1
560549 1
560553 1
560554 2
560555 1
560557 2
560563 1
560566 1
560567 1
560569 1
560572 1
560576 1
560584 1
560589 1
560595 1
560597 1
560600 1
560602 1
560603 1
560606 1
560609 1
560610 2
560614 1
560617 1
560619 1
560622 1
560623 1
560625 1
560627 1
560631 1
560633 1
560638 1
560649 1
560650 1
560651 1
560654 2
560655 1
560660 2
560663 1
560665 3
560667 2
560675 3
560676 1
560679 1
560680 1
560686 2
560688 1
560691 1
560692 1
560693 1
560695 2
560696 1
560697 1
560698 1
560699 2
560701 1
560703 1
560708 1
560721 1
560724 1
560726 1
560728 1
560729 1
560730 1
560734 1
560735 1
560739 2
560742 1
560744 1
560745 1
560749 1
560752 1
560757 1
560759 1
560765 1
560768 1
560769 1
560770 1
560773 1
560778 1
560781 1
560782 1
560783 1
560787 1
560791 2
560795 1
560802 1
560811 1
560813 1
560814 1
560815 2
560817 1
560818 2
560819 1
560822 1
560825 1
560829 1
560833 1
560835 1
560838 1
560839 1
560841 1
560844 1
560848 1
560849 1
560857 2
560858 2
560863 1
560865 1
560867 1
560869 1
560873 1
560874 1
560878 1
560881 2
560884 2
560885 1
560888 1
560889 1
560890 1
560899 1
560901 1
560907 1
560911 1
560913 1
560914 1
560919 1
560920 2
560924 1
560927 2
560928 1
560929 1
560937 1
560939 1
560941 1
560943 1
560947 1
560948 1
560952 1
560953 2
560955 1
560959 1
560960 1
560963 2
560965 1
560968 1
560970 1
560971 2
560973 1
560976 3
560983 1
560985 2
560986 1
560993 1
560995 1
560997 1
560999 1
561000 1
561002 1
561006 1
561008 1
561013 1
561015 1
561017 2
561018 1
561019 1
561025 1
561028 1
561040 1
561043 2
561045 2
561056 1
561057 1
561058 3
561059 1
561060 1
561061 1
561069 2
561072 1
561093 1
561097 1
561100 1
561103 1
561104 1
561107 1
561109 1
561110 1
561114 1
561115 1
561116 2
561117 1
561119 1
561120 1
561121 1
561123 1
561124 1
561127 1
561129 1
561130 1
561133 1
561134 1
561137 1
561139 1
561142 2
561143 1
561148 1
561157 2
561158 1
561160 1
561165 1
561166 1
561169 1
561170 1
561182 1
561185 1
561186 2
561189 1
561190 1
561199 1
561206 2
561207 1
561209 1
561210 1
561214 1
561215 1
561216 2
561218 2
561219 1
561224 1
561225 1
561227 1
561229 2
561242 1
561245 2
561246 2
561248 1
561258 1
561262 1
561263 1
561264 1
561267 1
561271 1
561272 1
561274 2
561275 1
561276 1
561277 1
561280 1
561283 1
561284 1
561285 1
561286 1
561290 1
561294 1
561297 1
561308 1
561310 1
561312 2
561314 1
561316 1
561321 1
561339 1
561344 1
561345 2
561349 2
561350 1
561351 1
561352 1
561357 1
561358 1
561366 1
561368 1
561369 2
561370 1
561374 1
561375 1
561376 1
561377 1
561381 1
561382 1
561384 1
561388 2
561393 1
561394 1
561395 1
561396 1
561398 1
561407 1
561408 1
561412 1
561420 2
561421 1
561424 1
561426 1
561427 1
561428 1
561433 1
561436 1
561440 1
561451 1
561452 1
561461 2
561464 1
561467 1
561470 1
561474 1
561475 1
561481 2
561486 2
561488 1
561489 1
561497 1
561499 1
561500 1
561505 1
561511 1
561513 1
561518 1
561522 1
561523 2
561525 1
561529 1
561530 2
561531 1
561533 1
561538 1
561551 1
561554 1
561557 1
561562 2
561564 1
561570 1
561571 1
561572 1
561580 1
561581 2
561589 1
561591 1
561592 1
561593 2
561594 1
561598 1
561599 1
561600 2
561601 1
561603 1
561606 2
561609 1
561614 1
561617 1
561619 1
561620 1
561624 1
561637 1
561638 1
561639 1
561640 2
561647 1
561648 1
561651 2
561652 1
561655 1
561656 2
561659 1
561668 1
561675 1
561677 1
561680 2
561683 1
561684 3
561685 1
561687 3
561688 1
561691 1
561696 1
561701 1
561703 1
561705 1
561708 1
561710 1
561713 1
561714 2
561717 2
561718 2
561719 2
561728 2
561731 2
561732 1
561733 1
561734 1
561735 1
561736 1
561737 2
561748 1
561750 1
561752 1
561761 1
561766 2
561767 1
561768 1
561773 2
561784 2
561785 1
561786 2
561792 2
561794 1
561795 1
561797 1
561801 1
561802 1
561807 2
561808 1
561809 1
561810 1
561811 1
561814 1
561817 1
561824 1
561825 1
561830 1
561837 1
561838 1
561842 2
561848 1
561866 1
561868 1
561869 1
561873 1
561874 1
561878 1
561880 1
561883 1
561885 2
561891 1
561892 1
561893 1
561902 1
561906 1
561909 1
561913 1
561914 1
561918 1
561919 2
561927 1
561929 1
561933 1
561934 2
561936 1
561937 3
561943 1
561948 1
561949 1
561954 1
561962 1
561965 2
561966 1
561973 1
561983 1
561984 2
561985 1
561988 1
561997 1
562003 1
562011 1
562012 1
562020 1
562021 1
562022 1
562026 1
562031 3
562043 1
562045 1
562047 1
562050 1
562054 1
562060 1
562062 1
562063 1
562064 2
562065 1
562068 1
562071 1
562084 2
562088 1
562089 1
562095 1
562097 1
562102 1
562106 1
562110 1
562111 1
562114 2
562117 1
562119 1
562120 1
562123 2
562130 1
562133 1
562134 1
562135 1
562143 1
562144 1
562146 1
562155 1
562156 2
562157 1
562171 2
562174 1
562180 3
562181 1
562187 1
562189 1
562192 1
562199 2
562200 1
562209 1
562213 1
562221 1
562227 1
562241 1
562242 1
562243 1
562250 1
562251 2
562252 1
562253 1
562254 2
562257 1
562268 1
562269 1
562274 1
562275 1
562280 1
562281 1
562284 1
562290 1
562293 1
562295 1
562296 1
562297 1
562302 2
562307 1
562309 4
562314 2
562321 2
562322 2
562333 2
562334 1
562336 1
562337 1
562348 2
562351 1
562355 1
562357 1
562365 1
562366 1
562370 1
562371 1
562372 1
562373 2
562377 1
562378 1
562379 1
562391 1
562392 1
562394 1
562396 1
562400 1
562402 1
562404 1
562406 1
562410 1
562414 1
562417 1
562418 1
562420 1
562431 1
562436 1
562440 1
562441 1
562444 1
562445 1
562447 1
562448 1
562450 1
562454 1
562461 1
562462 1
562467 1
562474 2
562483 2
562484 3
562490 1
562494 1
562500 1
562501 1
562515 1
562516 1
562520 1
562521 1
562525 1
562538 1
562544 1
562546 3
562547 1
562548 1
562550 1
562555 1
562560 1
562563 1
562565 1
562571 1
562573 1
562578 1
562579 3
562581 1
562582 1
562583 1
562596 1
562597 2
562603 1
562613 1
562615 1
562616 1
562631 1
562632 1
562633 1
562634 1
562637 3
562639 1
562642 1
562643 1
562648 1
562657 1
562660 2
562663 1
562668 2
562670 1
562679 1
562681 1
562686 1
562689 1
562692 1
562700 2
562701 1
562706 2
562707 1
562710 2
562714 1
562724 1
562726 1
562731 1
562733 1
562734 1
562737 1
562738 1
562740 1
562742 1
562749 1
562751 1
562752 1
562754 2
562757 2
562760 1
562761 1
562770 2
562771 2
562779 1
562788 2
562794 1
562795 1
562799 1
562801 1
562805 1
562808 1
562810 1
562811 1
562816 1
562819 1
562822 1
562823 1
562825 1
562829 2
562830 1
562832 1
562833 1
562838 1
562840 2
562842 2
562845 2
562847 1
562848 1
562851 1
562853 1
562854 2
562855 1
562857 2
562858 1
562860 1
562862 1
562868 1
562873 1
562874 1
562878 1
562889 1
562890 1
562893 1
562895 1
562896 1
562898 1
562899 1
562901 1
562904 3
562907 1
562908 1
562914 1
562916 2
562921 2
562923 1
562924 1
562929 1
562930 1
562935 3
562939 1
562945 1
562946 1
562951 1
562953 1
562954 2
562956 1
562957 1
562959 1
562963 1
562965 1
562967 1
562973 1
562979 2
562982 1
562984 1
562998 2
563002 1
563006 1
563007 1
563010 2
563013 1
563018 1
563022 1
563024 1
563030 1
563031 2
563040 1
563041 1
563043 1
563045 2
563048 1
563052 1
563053 1
563054 1
563059 1
563065 1
563071 1
563072 1
563074 2
563082 1
563083 1
563095 1
563097 1
563101 1
563104 2
563112 1
563115 2
563117 1
563118 1
563120 1
563122 2
563128 1
563129 1
563133 1
563134 1
563138 1
563144 1
563146 1
563147 1
563152 2
563153 1
563154 1
563155 1
563156 1
563158 2
563159 1
563162 1
563165 2
563167 1
563168 1
563179 2
563184 2
563187 2
563193 2
563194 2
563197 1
563200 1
563203 1
563209 1
563210 1
563212 1
563222 1
563226 1
563235 1
563240 1
563241 1
563243 2
563244 1
563249 1
563259 1
563262 2
563267 1
563269 2
563272 1
563275 1
563278 1
563280 1
563281 1
563282 1
563289 1
563291 1
563293 2
563294 1
563296 2
563299 1
563308 1
563309 2
563312 1
563316 1
563317 2
563323 1
563325 1
563326 1
563327 1
563331 1
563333 1
563334 1
563335 1
563338 1
563340 1
563356 1
563361 2
563365 1
563369 2
563372 1
563379 1
563380 1
563381 2
563387 1
563396 1
563397 1
563399 1
563400 1
563403 1
563413 1
563414 1
563417 1
563419 2
563422 1
563427 2
563429 1
563430 1
563438 1
563443 1
563447 2
563452 1
563454 1
563455 1
563457 1
563458 1
563459 1
563460 1
563461 1
563463 1
563464 1
563465 1
563466 1
563467 1
563468 1
563469 1
563473 1
563474 1
563477 2
563479 1
563487 1
563488 1
563489 1
563496 1
563497 1
563505 1
563507 2
563509 1
563518 1
563526 1
563527 2
563529 1
563531 1
563533 1
563539 1
563543 1
563546 1
563547 1
563548 2
563549 1
563551 1
563552 1
563553 1
563554 2
563557 1
563561 1
563562 1
563565 1
563566 1
563567 1
563570 2
563573 1
563580 1
563584 1
563585 1
563586 1
563588 2
563591 1
563599 2
563602 1
563604 1
563606 1
563607 1
563612 1
563615 1
563616 1
563621 1
563626 1
563630 1
563642 1
563644 2
563646 1
563648 1
563651 1
563653 1
563655 1
563661 1
563663 1
563673 1
563675 1
563676 1
563694 2
563700 2
563701 1
563708 1
563711 2
563713 1
563715 1
563717 2
563718 1
563725 2
563726 1
563729 1
563739 1
563743 2
563744 1
563747 1
563752 1
563753 1
563754 1
563756 1
563765 1
563769 1
563775 1
563777 1
563781 1
563782 1
563786 1
563787 1
563788 1
563790 1
563798 1
563801 1
563803 1
563804 1
563805 1
563807 1
563814 1
563815 1
563817 1
563819 1
563820 2
563826 1
563833 1
563835 1
563838 1
563839 1
563841 1
563843 1
563848 1
563850 1
563859 1
563861 1
563866 1
563868 1
563870 1
563873 1
563875 1
563876 1
563877 1
563878 1
563882 1
563887 1
563888 1
563892 1
563901 1
563904 2
563905 1
563906 1
563914 1
563916 1
563920 1
563922 1
563925 2
563926 1
563930 1
563932 1
563941 1
563945 1
563953 1
563958 2
563959 1
563960 1
563963 1
563964 1
563966 1
563968 1
563969 1
563983 1
563984 1
563987 1
563990 3
563991 1
563993 1
563998 1
563999 1
564006 1
564024 1
564026 2
564035 2
564038 1
564040 1
564044 1
564051 1
564052 1
564053 1
564056 1
564057 1
564063 1
564064 2
564065 1
564066 1
564068 1
564070 2
564074 1
564077 1
564079 1
564083 1
564087 1
564088 1
564090 1
564091 1
564092 1
564093 1
564101 1
564102 1
564103 1
564106 1
564107 1
564113 1
564114 1
564120 1
564122 1
564124 2
564125 1
564126 1
564128 1
564132 1
564133 1
564136 1
564137 1
564139 2
564140 1
564146 3
564149 2
564151 1
564160 1
564161 1
564162 1
564164 1
564167 1
564168 1
564172 1
564176 1
564178 1
564179 1
564181 1
564185 2
564191 1
564197 1
564200 1
564203 1
564205 2
564214 1
564219 2
564223 1
564226 1
564227 1
564233 1
564235 4
564237 2
564240 1
564241 1
564244 1
564247 1
564254 1
564256 1
564257 1
564259 2
564260 1
564261 1
564265 1
564268 1
564272 1
564273 1
564280 1
564282 1
564285 2
564286 1
564289 2
564292 1
564297 1
564300 1
564302 1
564315 1
564324 2
564327 1
564329 1
564332 1
564334 1
564338 1
564339 1
564341 2
564342 1
564343 2
564344 1
564346 1
564352 2
564356 2
564357 2
564358 1
564359 1
564362 2
564363 2
564366 1
564367 1
564371 1
564377 2
564378 1
564379 1
564381 1
564382 1
564385 1
564388 1
564389 1
564391 1
564395 1
564396 1
564398 1
564400 1
564402 1
564403 1
564425 2
564428 1
564429 2
564430 1
564433 1
564437 1
564438 1
564441 1
564443 1
564445 2
564451 1
564453 1
564463 1
564466 1
564467 1
564479 1
564481 1
564483 1
564486 1
564491 1
564503 1
564508 2
564509 1
564510 1
564511 1
564532 1
564542 1
564553 1
564556 1
564558 1
564560 2
564569 1
564577 1
564582 3
564583 1
564588 1
564591 1
564601 1
564604 1
564609 1
564615 1
564620 1
564621 1
564622 1
564625 2
564626 1
564628 1
564632 1
564638 1
564642 1
564644 1
564645 1
564651 1
564652 1
564653 1
564656 2
564662 1
564663 1
564666 1
564667 1
564692 1
564697 1
564704 1
564706 1
564711 1
564713 1
564714 1
564720 2
564721 1
564724 1
564727 1
564731 1
564732 1
564742 1
564752 1
564755 1
564756 1
564757 2
564765 1
564770 1
564785 1
564786 1
564790 1
564796 1
564800 1
564801 1
564809 1
564813 1
564817 2
564833 1
564836 1
564838 1
564847 2
564857 1
564859 1
564862 2
564863 1
564865 1
564866 1
564867 1
564870 1
564873 1
564874 1
564878 1
564880 1
564881 1
564892 1
564897 1
564909 1
564912 1
564915 1
564917 1
564920 1
564926 1
564936 2
564939 1
564940 2
564947 1
564952 1
564957 1
564961 1
564965 1
564966 1
564970 1
564973 1
564974 1
564976 1
564978 1
564980 1
564982 1
564990 1
564991 1
564993 1
564994 2
564997 1
565002 1
565006 2
565013 1
565017 1
565020 2
565022 1
565031 1
565042 1
565043 2
565044 1
565047 1
565049 1
565051 1
565056 2
565058 1
565062 1
565068 3
565069 1
565071 1
565076 1
565087 1
565088 1
565094 1
565097 1
565107 1
565108 1
565110 2
565117 1
565122 1
565131 2
565132 1
565133 1
565139 2
565144 2
565145 1
565147 2
565158 1
565166 1
565170 1
565174 2
565176 2
565189 1
565191 1
565201 1
565203 1
565207 1
565210 1
565222 1
565225 1
565231 1
565237 1
565239 1
565243 1
565244 1
565251 1
565262 1
565263 1
565267 1
565272 1
565274 1
565284 1
565288 1
565289 1
565294 1
565296 1
565299 1
565302 1
565305 1
565306 1
565307 1
565314 1
565321 1
565326 1
565331 1
565335 1
565340 1
565343 1
565364 1
565370 1
565378 1
565383 1
565385 1
565387 1
565395 1
565401 1
565402 2
565403 1
565406 1
565407 1
565417 1
565419 1
565420 1
565426 2
565430 1
565432 1
565434 1
565437 1
565442 2
565444 1
565448 1
565453 2
565460 1
565461 1
565462 1
565463 1
565470 1
565471 1
565472 1
565475 1
565478 1
565480 1
565481 1
565485 1
565505 1
565518 1
565519 2
565529 1
565533 1
565540 1
565544 1
565552 1
565555 1
565556 1
565558 1
565569 2
565571 2
565575 3
565578 1
565581 1
565586 1
565598 1
565599 1
565600 1
565607 1
565611 2
565616 1
565623 1
565627 1
565635 1
565636 1
565638 2
565647 1
565654 2
565659 1
565666 1
565668 1
565672 1
565674 2
565677 1
565682 1
565686 1
565689 1
565690 1
565692 1
565698 1
565706 1
565710 1
565712 2
565715 1
565717 1
565719 2
565729 1
565739 1
565742 1
565750 3
565751 1
565752 1
565753 1
565754 1
565758 1
565759 1
565762 1
565767 1
565768 1
565773 2
565777 1
565780 1
565781 1
565785 1
565788 1
565790 1
565809 1
565812 1
565815 1
565819 1
565820 1
565826 1
565827 1
565833 1
565834 1
565847 1
565848 1
565850 1
565851 1
565856 1
565860 1
565862 1
565863 1
565865 1
565868 1
565874 2
565875 2
565877 2
565883 1
565884 1
565888 1
565889 2
565903 2
565908 1
565911 1
565913 1
565914 1
565919 1
565922 1
565927 2
565933 1
565938 1
565946 2
565947 1
565948 1
565950 1
565957 1
565961 1
565963 1
565964 1
565966 1
565968 1
565970 1
565971 1
565972 1
565974 1
565986 1
565987 1
565999 1
566003 2
566006 3
566020 1
566021 1
566025 1
566029 1
566037 1
566043 1
566045 1
566047 1
566049 1
566053 1
566056 1
566069 1
566072 2
566076 1
566077 1
566080 1
566086 1
566088 1
566094 2
566100 1
566101 1
566103 1
566109 2
566114 1
566122 1
566135 1
566136 1
566140 1
566145 1
566146 1
566154 1
566164 1
566167 1
566168 1
566174 1
566175 1
566179 1
566186 1
566190 1
566195 1
566196 1
566198 1
566199 1
566204 1
566213 1
566220 1
566223 1
566224 2
566230 1
566237 1
566238 1
566245 1
566254 1
566255 2
566266 2
566271 1
566272 1
566287 1
566301 1
566302 1
566303 1
566306 1
566317 1
566318 1
566324 1
566325 1
566330 1
566336 1
566337 1
566339 1
566342 1
566346 1
566349 1
566350 1
566351 2
566354 1
566361 1
566366 1
566367 1
566374 2
566378 1
566379 1
566383 1
566384 2
566386 1
566394 1
566395 1
566408 3
566420 1
566426 1
566427 1
566432 1
566438 1
566441 1
566442 1
566443 1
566451 1
566452 1
566459 2
566460 1
566461 1
566463 1
566464 1
566465 1
566470 1
566473 1
566478 1
566488 1
566491 1
566497 1
566505 1
566506 1
566518 1
566519 1
566530 1
566534 1
566537 1
566539 2
566540 1
566545 1
566546 1
566557 1
566559 1
566560 2
566562 1
566563 1
566565 1
566576 1
566580 1
566581 1
566583 1
566585 1
566586 1
566587 1
566594 1
566612 1
566618 1
566625 1
566628 1
566630 2
566632 1
566634 1
566645 1
566646 1
566658 2
566663 1
566668 1
566705 1
566710 1
566719 1
566724 1
566726 1
566739 1
566744 1
566752 1
566760 1
566764 1
566766 2
566768 1
566771 1
566777 1
566778 1
566786 1
566788 1
566795 2
566798 1
566799 1
566802 1
566806 1
566810 1
566814 1
566822 1
566830 1
566835 1
566837 1
566840 1
566842 1
566849 1
566850 1
566862 1
566866 1
566870 1
566875 1
566876 1
566878 1
566879 1
566884 1
566888 1
566894 1
566898 1
566902 1
566903 1
566907 1
566913 1
566916 1
566921 1
566923 1
566937 1
566940 1
566942 1
566948 1
566955 1
566956 1
566958 1
566964 1
566969 1
566972 1
566975 1
566977 1
566989 1
566991 1
567003 1
567005 1
567006 1
567007 1
567008 1
567014 1
567023 1
567047 1
567048 1
567060 1
567067 1
567068 1
567071 1
567072 1
567078 1
567090 1
567092 1
567094 1
567095 2
567105 1
567107 1
567109 1
567122 1
567124 2
567130 1
567134 1
567138 1
567142 1
567148 1
567167 1
567175 1
567185 1
567187 1
567188 1
567192 1
567195 1
567197 1
567200 1
567214 1
567215 1
567216 1
567217 1
567222 1
567237 1
567241 1
567255 1
567256 1
567273 1
567280 1
567283 1
567294 1
567303 2
567312 1
567317 1
567318 2
567322 1
567330 1
567337 1
567338 1
567340 1
567355 1
567357 1
567370 1
567379 1
567390 1
567393 1
567397 1
567433 1
567438 1
567440 1
567451 1
567455 1
567459 1
567464 1
567468 1
567472 1
567490 1
567491 1
567493 1
567508 1
567513 2
567528 1
567529 1
567533 2
567534 1
567537 1
567538 1
567543 1
567546 1
567549 1
567552 1
567558 1
567560 1
567562 1
567564 1
567565 1
567577 1
567581 1
567587 1
567590 1
567593 1
567596 1
567599 1
567600 1
567602 3
567621 1
567633 1
567634 1
567639 1
567640 1
567642 1
567652 1
567658 1
567664 1
567669 1
567673 1
567692 1
567693 1
567695 1
567712 1
567718 1
567735 1
567736 1
567739 1
567750 1
567752 1
567753 1
567757 1
567765 1
567767 1
567770 1
567777 1
567781 1
567784 1
567795 1
567811 1
567819 1
567837 1
567839 1
567849 1
567851 1
567855 1
567856 1
567858 1
567860 1
567864 1
567872 1
567884 1
567898 2
567923 1
567927 1
567931 1
567936 1
567943 1
567946 1
567951 1
567954 1
567962 1
567964 2
567967 1
567973 1
567977 1
567986 1
567991 1
567994 1
567999 1
568010 1
568011 1
568012 1
568017 1
568019 1
568030 1
568034 1
568061 1
568067 1
568068 1
568080 1
568086 1
568089 1
568091 1
568094 1
568097 1
568107 1
568119 1
568125 1
568129 1
568154 1
568155 1
568156 1
568158 1
568161 1
568171 1
568180 1
568182 1
568187 1
568192 1
568194 1
568204 1
568205 1
568215 2
568219 1
568225 1
568226 1
568227 1
568232 1
568242 1
568252 1
568266 1
568270 1
568273 2
568289 2
568296 1
568301 1
568305 1
568314 1
568336 1
568356 1
568383 1
568385 1
568387 1
568391 1
568404 1
568435 1
568439 1
568458 1
568461 1
568470 1
568488 1
568504 1
568514 1
568518 1
568526 1
568536 1
568537 1
568539 1
568609 1
568614 1
568621 1
568631 1
568636 1
568647 1
568652 1
568658 1
568659 1
568663 1
568673 1
568676 1
568699 1
568705 1
568709 1
568714 1
568742 1
568776 1
568777 1
568792 1
568795 1
568806 1
568814 1
568819 1
568826 1
568840 1
568845 1
568847 1
568852 1
568857 1
568865 1
568868 1
568873 1
568880 1
568887 1
568888 1
568896 1
568903 1
568908 1
568913 1
568915 1
568920 1
568922 1
568938 3
568951 1
568955 1
568967 1
568973 1
568974 1
568983 1
569006 1
569034 1
569039 1
569047 1
569049 2
569052 1
569069 1
569075 1
569102 1
569118 1
569123 1
569125 2
569129 1
569130 1
569141 1
569143 1
569144 1
569188 1
569195 1
569208 1
569210 1
569220 1
569234 1
569237 1
569240 1
569251 1
569258 1
569259 2
569276 1
569278 1
569292 1
569303 1
569319 1
569324 1
569353 1
569362 1
569378 1
569382 1
569392 1
569394 1
569403 1
569404 1
569412 1
569442 1
569489 1
569504 1
569506 1
569510 1
569523 1
569529 1
569551 1
569570 1
569572 1
569582 1
569603 1
569606 1
569609 1
569620 1
569625 1
569627 1
569637 1
569676 1
569684 1
569690 1
569697 1
569759 1
569760 1
569768 1
569797 1
569799 1
569812 1
569821 1
569822 1
569824 1
569835 1
569845 2
569862 1
569863 1
569876 1
569882 1
569888 1
569895 1
569921 1
569923 1
569930 1
569947 1
569948 1
569953 1
569967 1
569975 1
569982 1
569995 2
570015 1
570047 1
570055 1
570077 1
570088 1
570120 1
570133 1
570144 1
570163 1
570169 1
570172 1
570180 1
570199 1
570213 1
570236 1
570238 1
570263 1
570274 1
570280 1
570282 1
570290 1
570294 1
570317 1
570329 1
570351 1
570361 1
570380 1
570396 1
570413 1
570423 1
570435 1
570469 1
570483 1
570484 1
570486 1
570500 2
570506 1
570552 1
570558 1
570587 1
570614 1
570616 1
570627 1
570668 1
570676 1
570690 1
570699 1
570712 1
570722 1
570758 1
570768 1
570841 1
570843 1
570865 1
570927 1
570951 1
570964 1
570976 1
571023 1
571049 1
571118 1
571133 1
571204 1
571223 1
571234 1
571237 1
571254 1
571277 1
571284 1
571306 1
571335 1
571340 1
571348 1
571355 1
571363 1
571446 1
571449 1
571457 1
571482 1
571484 1
571506 1
571537 1
571573 1
571594 1
571706 1
571765 1
571789 1
571791 1
571801 1
571819 1
571891 1
571927 1
571928 1
572013 1
572056 1
572101 1
572114 1
572122 1
572144 1
572217 1
572260 1
572337 1
572530 1
572601 1
572632 1
572675 1
572687 1
572690 1
572739 1
572757 1
572775 1
572809 1
572876 1
572926 1
572974 1
572977 1
573173 1
573208 1
573229 1
573235 1
573400 1
573451 1
573600 1
573607 1
573765 1
573773 1
573780 1
573860 1
574088 1
574163 1
574190 1
574210 1
574259 1
574299 1
574304 1
574318 1
574362 1
574397 1
574559 1
574602 1
575003 1
575079 1
575255 1
575418 1
575724 1
575727 1
575737 1
575811 1
576129 2
576146 1
576177 1
576189 1
576196 1
576469 1
576773 1
576784 1
576818 1
576827 1
576832 1
576969 1
577082 1
577134 1
577155 1
577284 1
577838 1
577846 1
577862 1
577936 1
577964 1
578505 1
578598 1
579435 1
579498 1
579695 1
579870 1
579893 1
580176 1
580188 1
580200 1
580375 1
580532 1
580811 1
580847 1
580946 1
581003 1
581246 1
581277 1
581345 1
581616 1
581791 1
581923 1
582152 1
582259 1
582577 1
582923 1
583308 1
583312 1
583374 1
583492 1
583710 1
584434 1
585828 1
585966 1
586126 1
586641 1
586783 1
587210 1
589527 1
590714 1
592950 1
593633 1
594209 1
595631 1
595911 1
596072 1
596864 1
598770 1
599437 1
603657 1
604133 1
605399 1
611660 1
612685 1
613320 1
614865 1
616831 1
618576 1
623818 1
627573 1
630127 1
632701 1
633022 1
634327 1
636368 1
642602 1
644104 1
644481 1
644906 1
645145 1
645220 1
645221 1
645342 1
645528 1
645565 1
645582 1
645600 1
645609 1
645664 1
645680 1
645739 1
645845 1
645855 1
645873 1
645880 1
645939 1
645950 1
646109 1
646119 1
646151 1
646166 1
646243 1
646294 1
646318 1
646395 1
646456 1
646471 1
646494 1
646509 1
646542 1
646545 1
646596 1
646661 1
646719 1
646741 1
646756 1
646760 1
646792 1
646817 1
646820 1
646824 1
646850 1
646862 1
646901 1
646976 1
647029 1
647035 1
647060 1
647097 1
647111 1
647138 1
647144 1
647185 1
647193 1
647223 1
647228 1
647253 1
647295 1
647300 1
647317 1
647319 1
647342 1
647354 1
647370 1
647386 1
647393 1
647403 1
647420 1
647426 1
647436 1
647467 1
647486 1
647493 1
647508 1
647578 1
647622 1
647629 1
647659 1
647674 1
647679 1
647691 1
647700 1
647702 1
647712 1
647715 1
647760 1
647777 1
647787 2
647800 1
647823 1
647846 1
647856 1
647870 1
647875 1
647887 1
647900 1
647921 1
647948 1
647958 1
647974 1
647976 1
647980 1
648051 1
648060 1
648064 1
648076 2
648098 1
648125 1
648166 1
648205 1
648226 1
648233 1
648234 1
648252 1
648297 1
648309 1
648321 1
648330 1
648350 1
648358 1
648359 1
648364 1
648371 1
648403 1
648423 1
648431 1
648432 1
648433 1
648472 1
648482 1
648507 1
648512 1
648536 1
648571 1
648577 1
648615 1
648623 1
648646 1
648657 1
648663 1
648669 1
648687 1
648697 1
648702 1
648750 1
648755 1
648773 1
648777 1
648786 1
648790 1
648794 1
648803 1
648845 1
648847 1
648858 1
648863 1
648866 1
648871 1
648873 1
648878 1
648890 1
648897 1
648914 1
648945 1
648982 1
648991 1
648996 1
649009 1
649023 1
649029 1
649077 1
649079 1
649090 1
649132 1
649136 1
649138 1
649142 1
649144 1
649155 1
649168 1
649169 1
649182 1
649192 1
649199 1
649223 1
649225 1
649229 1
649248 2
649258 1
649265 1
649274 1
649288 1
649298 1
649311 2
649312 2
649346 1
649360 1
649373 1
649385 1
649386 1
649389 1
649399 1
649422 2
649423 1
649438 1
649467 1
649473 1
649504 1
649517 1
649521 1
649522 1
649524 1
649531 2
649539 1
649540 1
649557 1
649568 1
649586 1
649596 1
649598 1
649600 1
649619 1
649632 1
649636 1
649638 1
649641 1
649655 1
649658 1
649661 1
649666 1
649668 1
649672 1
649675 1
649680 1
649684 1
649689 1
649702 2
649721 1
649752 1
649775 1
649805 1
649806 1
649817 1
649833 1
649841 1
649866 1
649888 1
649918 1
649925 1
649935 1
649940 1
649941 1
649945 1
649952 1
649963 1
649980 1
649989 1
649997 1
650007 1
650010 1
650042 1
650043 1
650047 1
650060 1
650092 1
650112 1
650113 1
650115 1
650116 1
650120 1
650125 1
650127 1
650136 1
650137 1
650139 1
650145 1
650158 1
650160 2
650168 1
650178 1
650185 1
650194 1
650210 1
650221 1
650223 1
650239 1
650243 1
650271 1
650322 1
650325 1
650327 1
650342 2
650345 1
650355 1
650357 1
650367 1
650377 1
650383 1
650386 1
650396 1
650402 1
650433 1
650435 1
650439 1
650440 1
650449 1
650472 1
650476 1
650493 1
650509 2
650511 1
650518 1
650551 1
650557 1
650558 1
650566 1
650591 1
650614 1
650623 1
650627 1
650628 1
650640 1
650647 1
650671 1
650675 1
650687 1
650699 1
650714 1
650725 1
650728 1
650733 1
650742 1
650751 1
650786 1
650792 1
650803 1
650814 1
650842 1
650848 1
650854 1
650855 1
650862 1
650868 1
650870 1
650876 1
650877 1
650878 1
650900 1
650903 1
650905 1
650915 2
650918 1
650926 1
650933 1
650949 1
650956 1
650968 1
650973 1
650974 1
650980 1
651021 1
651044 1
651064 1
651097 1
651098 1
651101 1
651114 1
651128 1
651141 2
651160 1
651163 1
651174 1
651185 1
651191 1
651195 1
651221 1
651227 1
651236 1
651238 2
651271 1
651274 1
651306 1
651312 1
651314 1
651344 1
651370 1
651380 1
651393 1
651396 1
651403 1
651437 1
651452 1
651455 1
651457 1
651458 1
651491 1
651505 1
651519 1
651529 1
651536 1
651540 1
651547 1
651550 1
651558 1
651587 1
651597 1
651620 1
651624 1
651629 1
651655 1
651657 1
651666 1
651671 1
651675 1
651685 1
651692 1
651694 1
651697 1
651728 2
651739 1
651749 1
651753 1
651775 1
651784 1
651790 1
651792 1
651795 1
651827 1
651835 1
651841 1
651852 1
651854 1
651857 1
651860 1
651877 1
651889 1
651891 1
651916 1
651929 1
651931 1
651944 1
651978 1
651979 1
651993 1
651996 1
652001 1
652009 1
652011 1
652028 1
652030 2
652066 1
652068 1
652080 1
652087 1
652095 1
652114 1
652118 1
652119 1
652136 1
652139 1
652141 1
652179 1
652195 1
652208 1
652224 1
652232 1
652273 1
652276 2
652279 1
652283 1
652300 1
652305 1
652335 1
652342 1
652353 1
652354 2
652366 1
652375 1
652391 1
652396 1
652424 1
652436 1
652444 1
652462 1
652487 1
652489 1
652491 1
652496 1
652507 1
652520 1
652521 1
652555 1
652565 1
652620 1
652628 1
652639 1
652655 1
652658 1
652674 1
652679 1
652684 1
652694 1
652698 1
652712 1
652714 1
652717 1
652728 1
652729 1
652772 1
652805 1
652809 1
652819 1
652826 1
652830 1
652833 1
652842 1
652862 1
652881 1
652883 1
652910 1
652936 1
652949 1
652962 1
652981 1
652984 1
652992 1
652997 1
653000 1
653003 1
653005 1
653013 1
653017 1
653045 1
653056 1
653070 1
653072 1
653074 1
653075 1
653103 1
653104 1
653107 1
653116 1
653117 1
653150 1
653151 2
653171 1
653181 1
653184 1
653193 1
653204 1
653206 1
653211 1
653219 1
653220 1
653225 1
653246 1
653272 1
653291 1
653292 1
653302 2
653327 1
653329 1
653331 1
653346 1
653355 1
653359 1
653360 1
653383 1
653407 1
653416 1
653417 1
653420 1
653427 1
653443 1
653447 1
653475 1
653500 1
653514 1
653522 1
653546 1
653556 1
653562 1
653567 1
653585 1
653587 1
653598 1
653607 1
653618 1
653622 1
653645 1
653659 1
653665 1
653706 1
653741 1
653754 1
653790 2
653805 1
653826 1
653828 1
653831 1
653833 1
653870 1
653871 1
653874 1
653891 1
653911 1
653929 1
653932 1
653966 1
653976 1
653978 1
653996 1
654038 1
654048 1
654063 1
654090 1
654094 1
654103 1
654117 1
654139 1
654144 1
654156 1
654174 1
654193 1
654194 1
654195 1
654220 1
654249 1
654250 1
654256 1
654274 1
654278 2
654284 1
654291 1
654296 1
654308 1
654327 1
654330 1
654337 1
654352 1
654368 1
654370 1
654371 1
654385 1
654388 1
654389 1
654431 1
654433 1
654441 2
654471 1
654473 1
654478 1
654480 1
654483 1
654504 1
654523 1
654528 1
654537 1
654551 1
654564 2
654566 1
654600 1
654624 1
654634 1
654641 2
654649 1
654652 1
654656 1
654683 1
654695 1
654699 1
654701 1
654719 1
654725 1
654743 1
654744 1
654748 1
654788 1
654791 1
654809 1
654823 1
654829 1
654837 1
654839 1
654882 1
654890 1
654893 1
654960 1
654961 1
654973 1
654981 1
654985 1
654987 1
655002 1
655004 1
655023 1
655047 1
655061 1
655075 1
655082 1
655112 1
655146 1
655157 1
655165 1
655173 2
655174 1
655182 1
655201 1
655207 1
655251 1
655259 1
655273 1
655278 1
655280 1
655287 1
655296 2
655301 1
655319 1
655332 1
655334 1
655339 1
655351 1
655353 1
655357 1
655364 1
655394 1
655419 1
655421 1
655423 1
655426 1
655449 1
655456 1
655465 1
655472 1
655473 1
655477 1
655493 1
655494 1
655511 1
655517 1
655518 1
655523 1
655525 1
655526 1
655543 1
655544 1
655573 1
655577 1
655581 1
655590 1
655600 1
655631 1
655652 1
655720 1
655729 1
655734 1
655737 2
655785 1
655798 1
655817 1
655849 1
655853 1
655855 1
655899 1
655945 1
655950 1
655958 1
655972 1
655987 1
656029 1
656048 1
656059 1
656066 1
656067 1
656094 1
656097 1
656104 1
656162 1
656174 1
656179 1
656210 1
656265 1
656278 1
656310 1
656311 1
656347 1
656355 1
656383 1
656398 1
656480 1
656490 1
656509 1
656546 1
656551 1
656561 1
656574 1
656591 1
656620 1
656623 1
656628 1
656712 1
656737 1
656740 1
656752 1
656776 1
656812 1
656818 2
656840 1
656862 1
656866 1
656874 1
656888 1
656907 1
656920 1
656922 1
656927 1
656930 1
656957 1
656972 1
656979 1
657006 1
657010 1
657011 1
657014 1
657015 1
657054 1
657063 1
657070 1
657136 1
657152 1
657153 1
657157 1
657159 1
657169 1
657177 1
657180 1
657183 1
657197 1
657203 1
657211 1
657213 1
657214 1
657225 1
657233 2
657339 1
657368 1
657377 1
657388 1
657408 1
657428 1
657445 1
657451 1
657454 1
657474 1
657522 1
657539 1
657549 1
657552 1
657593 1
657594 1
657607 1
657619 1
657657 1
657678 1
657701 1
657714 1
657721 1
657728 1
657748 1
657760 1
657763 1
657766 1
657802 1
657812 1
657827 1
657834 1
657837 1
657838 1
657864 2
657870 1
657896 1
657903 1
657936 1
657957 1
657970 1
657975 1
657989 1
658002 1
658025 1
658031 1
658051 1
658072 1
658089 1
658103 2
658107 1
658135 1
658204 1
658210 1
658211 1
658215 1
658227 1
658242 1
658250 1
658272 1
658276 1
658303 1
658308 1
658311 1
658319 1
658322 1
658341 1
658342 1
658361 1
658365 1
658379 1
658394 1
658407 1
658417 1
658418 1
658457 1
658486 1
658505 1
658537 1
658557 1
658604 1
658615 1
658660 1
658673 1
658682 1
658691 1
658702 1
658733 2
658740 1
658799 1
658825 1
658847 1
658849 1
658872 1
658873 1
658945 1
658949 1
658958 1
658965 1
659000 1
659025 1
659047 1
659126 1
659147 1
659158 1
659162 1
659188 1
659226 1
659228 1
659232 1
659253 1
659254 1
659272 1
659285 1
659322 1
659365 1
659384 1
659437 1
659441 1
659471 2
659478 1
659492 1
659493 1
659510 1
659516 1
659540 1
659550 1
659552 1
659566 1
659584 1
659585 1
659617 1
659641 1
659663 1
659664 1
659674 1
659680 1
659700 1
659733 2
659739 1
659744 1
659745 2
659756 1
659764 1
659780 1
659805 1
659834 1
659855 1
659865 1
659882 1
659891 1
659897 1
659912 1
659916 1
659927 1
659961 1
659993 1
659999 1
660001 1
660011 1
660030 1
660040 1
660057 1
660068 1
660097 1
660098 1
660115 1
660125 1
660147 1
660164 1
660197 1
660208 1
660209 1
660232 1
660264 1
660271 1
660281 1
660295 1
660313 1
660327 1
660328 1
660388 1
660399 1
660412 1
660426 1
660435 1
660442 1
660443 1
660448 1
660453 1
660487 1
660510 1
660529 1
660555 2
660562 1
660564 1
660573 1
660582 1
660598 1
660609 1
660610 1
660632 2
660640 1
660681 1
660706 1
660727 1
660735 1
660737 1
660738 1
660741 1
660763 1
660765 1
660778 1
660782 1
660789 1
660798 1
660820 1
660848 1
660853 1
660859 1
660875 1
660895 1
660910 1
660939 1
661007 1
661025 1
661032 1
661039 1
661074 1
661088 1
661093 2
661114 1
661136 1
661154 1
661155 1
661213 1
661224 1
661330 1
661338 1
661361 1
661421 1
661451 1
661459 1
661466 1
661489 1
661530 1
661585 1
661642 1
661643 1
661645 1
661657 1
661681 1
661754 1
661764 1
661811 1
661815 1
661840 1
661842 1
661885 1
661887 1
661911 1
661963 1
661977 1
662001 1
662007 1
662036 1
662111 1
662141 1
662144 1
662182 1
662192 1
662197 1
662201 1
662226 1
662266 1
662288 1
662402 1
662440 1
662455 1
662465 1
662472 1
662499 1
662520 1
662554 1
662569 1
662590 1
662672 1
662678 1
662680 1
662695 1
662704 1
662807 1
662843 1
662863 1
662911 1
662956 2
663021 1
663054 1
663088 1
663195 1
663199 1
663248 1
663290 1
663429 1
663433 1
663550 1
663599 1
663617 1
663649 1
663669 1
663732 1
663839 1
663871 1
663927 1
664118 1
664192 1
664208 1
664342 1
664495 1
664668 1
664683 1
664769 1
664875 1
664934 1
664944 1
665689 1
666052 1
667700 1
667724 1
667749 1
667959 1
668009 1
669196 1
669320 1
670509 1
670924 1
671498 1
671619 1
672358 1
672777 1
673064 1
673107 1
673182 1
673344 1
673376 1
673509 1
673916 1
673971 1
674097 1
674381 1
674618 1
675025 1
675430 1
675591 1
675746 1
675925 1
676017 1
678148 1
678446 1
686129 1
687346 1
693450 1
707942 1
709092 1
726208 1
976963 1
991616 1
1068074 1
1118530 1
1439165 1
1625483 1
1641048 1
1840650 1
1939961 1
2060342 1
2114396 1
2134564 1
2282666 1
2316943 1
2319522 1
2371284 1
2391713 1
2407084 1
2424954 1
2501253 1
2521948 1
2576045 1
2583715 1
2776696 1
2881327 1
3367262 1
3651690 1
3956823 1
4051957 1
4081560 1
4587520 1
4995298 1
5706152 1
6031539 1
7640446 1
