3948 2
3949 93
3950 169
3951 10
3952 3
3954 1
3959 2
3960 4
3961 6
3962 6
3967 1
3969 1
3970 5
3971 3
3972 5
3973 26
3974 34
3975 26
3976 5
3977 1
3978 12
3979 1
3982 1
3983 5
3984 2
3985 39
3986 10
3987 1
3989 1
3990 1
3991 1
3993 24
3994 18
3995 9
3996 15
3997 19
3998 14
4000 2
4001 2
4002 1
4003 4
4005 7
4006 5
4007 2
4008 14
4009 7
4010 14
4011 27
4013 5
4014 3
4015 10
4016 6
4017 7
4018 5
4019 7
4020 18
4021 23
4022 10
4023 3
4025 4
4026 3
4027 2
4028 1
4029 18
4030 5
4031 7
4032 12
4033 9
4034 3
4035 4
4037 1
4038 4
4040 9
4041 10
4042 4
4043 3
4044 6
4045 1
4046 1
4047 8
4048 6
4049 4
4050 3
4051 2
4052 1
4053 5
4054 1
4055 8
4056 6
4057 3
4058 3
4059 2
4060 1
4061 2
4063 1
4064 1
4065 5
4066 4
4067 4
4068 1
4069 1
4070 1
4071 2
4072 3
4073 1
4074 9
4075 4
4076 1
4077 5
4078 1
4079 1
4082 1
4083 1
4084 2
4085 1
4086 2
4087 2
4091 2
4092 2
4093 1
4094 2
4095 3
4096 1
4100 1
4101 2
4102 1
4103 2
4111 1
4121 3
4122 1
4128 1
4132 2
4133 1
