0 8985
1 8796
2 8775
3 8775
4 8754
5 8778
6 8695
7 8660
8 8677
9 8687
10 8676
11 8759
12 8812
13 8726
14 8693
15 8696
16 8749
17 8679
18 8713
19 8754
20 8761
21 8732
22 8737
23 8777
24 8722
25 8750
26 8760
27 8760
28 8765
29 8786
30 8767
31 8699
32 8704
33 8675
34 8652
35 8754
36 8675
37 8893
38 8735
39 8744
40 8764
41 8767
42 8744
43 8761
44 8775
45 8837
46 8686
47 8681
48 8766
49 8766
50 8730
51 8695
52 8784
53 8682
54 8749
55 8691
56 8757
57 8681
58 8706
59 8761
60 8749
61 8809
62 8708
63 8677
64 8763
65 8766
66 8686
67 8770
68 8693
69 8807
70 8656
71 8764
72 8774
73 8680
74 8714
75 8717
76 8711
77 8760
78 8679
79 8744
80 8668
81 8872
82 8752
83 8752
84 8676
85 8667
86 8766
87 8718
88 8707
89 8765
90 8727
91 8696
92 8661
93 8798
94 8768
95 8818
96 8666
97 8724
98 8669
99 8686
100 8801
101 8786
102 8769
103 8735
104 8663
105 8681
106 8687
107 8701
108 8831
109 8763
110 8753
111 8677
112 8757
113 8817
114 8758
115 8730
116 8701
117 8679
118 8695
119 8766
120 8699
121 8714
122 8700
123 8743
124 8765
125 8693
126 8723
127 8769
128 8730
129 8723
130 8757
131 8761
132 8691
133 8738
134 8739
135 8692
136 8863
137 8764
138 8721
139 8729
140 8655
141 8761
142 8809
143 8745
144 8752
145 8704
146 8761
147 8691
148 8682
149 8737
150 8740
151 8685
152 8755
153 8706
154 8749
155 8738
156 8712
157 8765
158 8720
159 8679
160 8687
161 8766
162 8729
163 8785
164 8757
165 8652
166 8745
167 8764
168 8759
169 8734
170 8751
171 8744
172 8669
173 8692
174 8771
175 8766
176 8783
177 8740
178 8716
179 8689
180 8750
181 8749
182 8663
183 8661
184 8732
185 8775
186 8676
187 8784
188 8758
189 8646
190 8770
191 8841
192 8703
193 8776
194 8770
195 8767
196 8774
197 8664
198 8728
199 8693
200 8760
201 8769
202 8705
203 8653
204 8747
205 8763
206 8759
207 8737
208 8764
209 8716
210 8694
211 8769
212 8761
213 8728
214 8707
215 8681
216 8751
217 8695
218 8715
219 8694
220 8694
221 8731
222 8757
223 8707
224 8754
225 8760
226 8764
227 8717
228 8705
229 8693
230 8683
231 8694
232 8718
233 8695
234 8735
235 8755
236 8770
237 8712
238 8693
239 8751
240 8674
241 8770
242 8748
243 8710
244 8697
245 8863
246 8724
247 8668
248 8762
249 8765
250 8702
251 8761
252 8752
253 8742
254 8693
255 8774
256 8680
257 8676
258 8735
259 8723
260 8704
261 8745
262 8782
263 8749
264 8695
265 8675
266 8724
267 8648
268 8762
269 8750
270 8677
271 8767
272 8739
273 8720
274 8698
275 8680
276 8794
277 8663
278 8671
279 8614
280 8709
281 8764
282 8754
283 8752
284 8768
285 8683
286 8751
287 8717
288 8664
289 8767
290 8708
291 8711
292 8710
293 8686
294 8716
295 8732
296 8764
297 8718
298 8702
299 8705
300 8764
301 8693
302 8766
303 8689
304 8682
305 8715
306 8762
307 8671
308 8741
309 8735
310 8704
311 8690
312 8698
313 8683
314 8642
315 8704
316 8715
317 8677
318 8764
319 8771
320 8768
321 8692
322 8734
323 8763
324 8628
325 8714
326 8754
327 8744
328 8748
329 8681
330 8704
331 8835
332 8771
333 8765
334 8761
335 8691
336 8693
337 8645
338 8685
339 8755
340 8710
341 8779
342 8729
343 8779
344 8754
345 8810
346 8771
347 8707
348 8764
349 8696
350 8695
351 8633
352 8728
353 8727
354 8769
355 8688
356 8669
357 8752
358 8716
359 8764
360 8770
361 8767
362 8771
363 8769
364 8679
365 8778
366 8720
367 8773
368 8724
369 8760
370 8694
371 8667
372 8745
373 8656
374 8768
375 8726
376 8747
377 8683
378 8777
379 8714
380 8762
381 8775
382 8668
383 8772
384 8751
385 8703
386 8720
387 8766
388 8688
389 8759
390 8715
391 8766
392 8688
393 8784
394 8694
395 8702
396 8760
397 8656
398 8803
399 8841
400 8769
401 8671
402 8856
403 8767
404 8680
405 8754
406 8734
407 8776
408 8765
409 8748
410 8733
411 8765
412 8676
413 8744
414 8767
415 8646
416 8688
417 8761
418 8681
419 8753
420 8710
421 8732
422 8773
423 8726
424 8721
425 8745
426 8670
427 8676
428 8827
429 8762
430 8743
431 8701
432 8813
433 8674
434 8669
435 8700
436 8758
437 8712
438 8762
439 8774
440 8760
441 8687
442 8691
443 8637
444 8675
445 8756
446 8765
447 8715
448 8719
449 8706
450 8768
451 8730
452 8759
453 8671
454 8711
455 8668
456 8691
457 8768
458 8667
459 8759
460 8872
461 8683
462 8692
463 8745
464 8760
465 8737
466 8776
467 8762
468 8672
469 8850
470 8674
471 8736
472 8678
473 8718
474 8780
475 8759
476 8704
477 8732
478 8764
479 8760
480 8763
481 8705
482 8765
483 8749
484 8678
485 8768
486 8682
487 8695
488 8668
489 8753
490 8723
491 8812
492 8816
493 8774
494 8746
495 8768
496 8693
497 8728
498 8753
499 8766
500 8760
501 8768
502 8710
503 8716
504 8680
505 8741
506 8696
507 8755
508 8773
509 8768
510 8696
511 8702
512 8750
513 8681
514 8761
515 8691
516 8709
517 8766
518 8703
519 8734
520 8740
521 8703
522 8709
523 8692
524 8622
525 8736
526 8759
527 8675
528 8687
529 8740
530 8764
531 8689
532 8767
533 8763
534 8758
535 8692
536 8672
537 8681
538 8759
539 8776
540 8764
541 8739
542 8697
543 8763
544 8788
545 8762
546 8764
547 8709
548 8676
549 8675
550 8735
551 8680
552 8704
553 8657
554 8684
555 8700
556 8676
557 8737
558 8717
559 8761
560 8774
561 8705
562 8774
563 8772
564 8766
565 8655
566 8688
567 8730
568 8733
569 8756
570 8712
571 8742
572 8775
573 8655
574 8764
575 8673
576 8787
577 8720
578 8753
579 8671
580 8684
581 8787
582 8779
583 8769
584 8734
585 8773
586 8763
587 8811
588 8746
589 8702
590 8721
591 8759
592 8751
593 8692
594 8723
595 8705
596 8691
597 8689
598 8680
599 8767
600 8676
601 8728
602 8765
603 8664
604 8674
605 8750
606 8649
607 8695
608 8684
609 8749
610 8795
611 8672
612 8737
613 8764
614 8754
615 8761
616 8758
617 8754
618 8755
619 8670
620 8761
621 8704
622 8695
623 8765
624 8751
625 8741
626 8668
627 8770
628 8772
629 8702
630 8784
631 8698
632 8766
633 8751
634 8795
635 8754
636 8766
637 8701
638 8713
639 8734
640 8654
641 8675
642 8764
643 8745
644 8754
645 8743
646 8760
647 8735
648 8768
649 8760
650 8761
651 8747
652 8666
653 8670
654 8787
655 8757
656 8774
657 8765
658 8689
659 8740
660 8759
661 8719
662 8717
663 8702
664 8761
665 8761
666 8739
667 8756
668 8761
669 8764
670 8763
671 8712
672 8761
673 8637
674 8686
675 8763
676 8691
677 8775
678 8767
679 8741
680 8689
681 8738
682 8766
683 8687
684 8754
685 8747
686 8762
687 8743
688 8758
689 8742
690 8757
691 8737
692 8734
693 8743
694 8757
695 8704
696 8669
697 8702
698 8663
699 8635
700 8679
701 8668
702 8768
703 8755
704 8672
705 8777
706 8698
707 8642
708 8754
709 8749
710 8689
711 8670
712 8686
713 8706
714 8757
715 8757
716 8852
717 8740
718 8771
719 8698
720 8721
721 8828
722 8763
723 8702
724 8680
725 8766
726 8684
727 8760
728 8766
729 8770
730 8740
731 8678
732 8716
733 8670
734 8649
735 8736
736 8711
737 8631
738 8693
739 8691
740 8721
741 8721
742 8692
743 8703
744 8762
745 8693
746 8742
747 8760
748 8756
749 8681
750 8749
751 8715
752 8703
753 8700
754 8769
755 8764
756 8757
757 8768
758 8766
759 8760
760 8768
761 8718
762 8694
763 8722
764 8784
765 8707
766 8841
767 8719
768 8712
769 8676
770 8763
771 8679
772 8763
773 8725
774 8766
775 8776
776 8769
777 8673
778 8735
779 8775
780 8754
781 8773
782 8760
783 8766
784 8678
785 8747
786 8755
787 8750
788 8764
789 8764
790 8700
791 8765
792 8761
793 8681
794 8682
795 8689
796 8669
797 8678
798 8696
799 8655
800 8774
801 8702
802 8670
803 8712
804 8859
805 8763
806 8672
807 8770
808 8693
809 8692
810 8764
811 8702
812 8690
813 8697
814 8704
815 8704
816 8705
817 8674
818 8769
819 8667
820 8670
821 8675
822 8755
823 8757
824 8702
825 8746
826 8751
827 8801
828 8799
829 8764
830 8688
831 8737
832 8757
833 8735
834 8772
835 8684
836 8780
837 8798
838 8760
839 8723
840 8626
841 8691
842 8758
843 8768
844 8701
845 8821
846 8673
847 8683
848 8807
849 8706
850 8746
851 8693
852 8735
853 8729
854 8705
855 8740
856 8729
857 8742
858 8768
859 8773
860 8746
861 8768
862 8804
863 8752
864 8663
865 8714
866 8933
867 8718
868 8772
869 8771
870 8760
871 8691
872 8683
873 8713
874 8775
875 8682
876 8740
877 8759
878 8774
879 8776
880 8765
881 8645
882 8773
883 8751
884 8681
885 8739
886 8773
887 8704
888 8784
889 8850
890 8758
891 8713
892 8717
893 8695
894 8625
895 8778
896 8769
897 8725
898 8772
899 8742
900 8762
901 8699
902 8671
903 8701
904 8768
905 8654
906 8787
907 8690
908 8717
909 8755
910 8758
911 8682
912 8764
913 8755
914 8710
915 8749
916 8731
917 8727
918 8763
919 8681
920 8739
921 8716
922 8772
923 8678
924 8686
925 8767
926 8766
927 8716
928 8716
929 8753
930 8760
931 8763
932 8705
933 8684
934 8757
935 8740
936 8761
937 8834
938 8788
939 8760
940 8707
941 8701
942 8751
943 8681
944 8731
945 8758
946 8774
947 8729
948 8757
949 8759
950 8759
951 8765
952 8714
953 8681
954 8712
955 8710
956 8656
957 8918
958 8757
959 8763
960 8753
961 8803
962 8709
963 8676
964 8736
965 8689
966 8668
967 8713
968 8758
969 8686
970 8719
971 8692
972 8761
973 8770
974 8739
975 8728
976 8765
977 8770
978 8737
979 8705
980 8774
981 8764
982 8875
983 8767
984 8671
985 8763
986 8746
987 8674
988 8766
989 8761
990 8702
991 8698
992 8677
993 8710
994 8661
995 8709
996 8724
997 8677
998 8763
999 8763
# sum: 8731
# min: 8614
# max: 8985
# err cnt: 0
