6936 71
6937 274
6938 362
6939 374
6940 381
6941 417
6942 428
6943 440
6944 459
6945 467
6946 469
6948 470
6950 471
6953 473
6954 487
6957 488
6958 490
6959 493
6960 501
6961 502
6965 507
6966 535
6967 543
6968 545
6969 553
6970 555
6978 558
6979 560
6983 563
6989 567
6990 568
6991 572
6993 573
6995 574
6997 575
6998 576
6999 578
7000 580
7001 585
7002 586
7005 587
7012 590
7013 601
7014 616
7015 617
7016 624
7018 625
7021 628
7022 630
7025 646
7026 658
7027 672
7028 673
7029 674
7031 675
7032 677
7033 678
7036 680
7037 683
7038 687
7039 698
7040 713
7041 723
7042 742
7043 744
7044 749
7045 754
7046 756
7047 759
7048 760
7050 761
7053 762
7054 763
7061 773
7062 777
7063 778
7067 781
7068 782
7069 787
7070 788
7078 789
7079 820
7080 827
7081 831
7083 843
7084 844
7085 846
7086 850
7087 853
7088 862
7089 872
7095 873
7096 876
7102 877
7103 878
7105 884
7106 886
7108 895
7109 909
7110 910
7111 911
7112 912
7113 914
7115 915
7118 916
7131 917
7132 923
7135 926
7136 928
7137 929
7146 930
7153 931
7159 932
7161 942
7162 947
7167 948
7169 953
7170 954
7175 955
7181 960
7182 966
7185 969
7186 970
7187 971
7192 975
7193 981
7194 983
7198 984
7204 987
7205 988
7208 989
7216 992
7217 998
7220 999
7285 1000
