5902 1
5904 1
5905 1
5906 2
5907 2
5908 1
5909 1
5910 2
5911 4
5912 6
5913 2
5914 5
5915 4
5916 4
5917 6
5918 5
5919 5
5920 6
5921 18
5922 7
5923 4
5924 10
5925 15
5926 16
5927 12
5928 11
5929 21
5930 15
5931 16
5932 23
5933 23
5934 16
5935 27
5936 25
5937 35
5938 41
5939 36
5940 53
5941 42
5942 45
5943 41
5944 52
5945 53
5946 42
5947 54
5948 51
5949 57
5950 61
5951 59
5952 49
5953 50
5954 74
5955 68
5956 82
5957 62
5958 81
5959 84
5960 66
5961 88
5962 76
5963 93
5964 90
5965 84
5966 81
5967 97
5968 97
5969 79
5970 79
5971 114
5972 101
5973 100
5974 87
5975 104
5976 109
5977 103
5978 106
5979 77
5980 82
5981 98
5982 101
5983 77
5984 97
5985 81
5986 99
5987 89
5988 90
5989 90
5990 99
5991 87
5992 79
5993 96
5994 80
5995 77
5996 79
5997 88
5998 93
5999 87
6000 69
6001 69
6002 82
6003 84
6004 74
6005 71
6006 63
6007 64
6008 58
6009 56
6010 57
6011 59
6012 56
6013 48
6014 48
6015 58
6016 35
6017 50
6018 50
6019 52
6020 40
6021 46
6022 46
6023 38
6024 34
6025 30
6026 45
6027 47
6028 27
6029 27
6030 34
6031 29
6032 35
6033 31
6034 25
6035 23
6036 16
6037 24
6038 24
6039 17
6040 20
6041 19
6042 18
6043 13
6044 19
6045 15
6046 15
6047 20
6048 13
6049 15
6050 16
6051 16
6052 14
6053 14
6054 17
6055 13
6056 6
6057 11
6058 6
6059 14
6060 8
6061 17
6062 7
6063 6
6064 8
6065 9
6066 6
6067 6
6068 8
6069 4
6070 8
6071 10
6072 5
6073 8
6074 8
6075 6
6076 7
6077 9
6078 5
6079 7
6080 2
6081 4
6082 3
6083 4
6084 3
6085 5
6086 4
6087 1
6088 5
6089 2
6090 4
6091 6
6092 4
6093 3
6094 2
6096 3
6098 3
6099 1
6100 1
6101 2
6102 4
6103 1
6104 3
6105 2
6106 3
6107 4
6108 2
6109 1
6110 4
6111 1
6112 1
6113 2
6114 1
6116 1
6118 1
6120 3
6121 3
6122 1
6126 1
6128 2
6130 1
6131 1
6132 1
6133 2
6134 1
6136 1
6140 1
6143 1
6155 1
6162 1
6163 1
6320 1
6481 1
6517 1
6525 2
6528 1
6529 3
6530 1
6531 2
6532 1
6534 1
6535 1
6536 2
6537 2
6545 1
6546 1
6547 2
6552 1
6558 1
6561 1
6564 2
6565 2
6566 1
6567 1
6568 1
6570 1
6575 1
6585 1
6612 1
6618 1
6619 1
6622 1
6629 1
6646 1
6661 1
6674 1
6675 1
6714 1
6722 1
6736 1
6751 1
6762 1
6777 1
6780 1
6781 1
6782 1
6786 1
6792 1
6795 1
6800 1
6802 1
6803 1
6806 1
6809 1
6812 1
6813 2
6814 1
6817 2
6818 1
6820 2
6821 1
6829 1
6844 1
6845 1
6856 1
6858 1
6862 2
6869 2
6878 1
6879 1
6896 1
6902 1
6903 1
6908 1
6920 1
6922 2
6938 1
6945 1
6952 2
6954 1
6955 1
6964 1
6966 1
6971 1
6973 1
6986 1
6987 2
6990 1
6991 1
7002 1
7004 1
7007 1
7008 1
7025 1
7027 1
7030 1
7034 1
7035 1
7038 2
7048 1
7052 1
7061 1
7067 1
7072 1
7080 1
7082 1
7083 1
7085 1
7100 1
7106 1
7107 1
7111 1
7112 1
7113 1
7116 1
7119 1
7122 1
7126 3
7127 1
7128 1
7129 1
7131 1
7135 2
7137 1
7138 2
7142 2
7144 1
7145 1
7148 1
7149 1
7152 2
7153 1
7155 1
7156 1
7158 1
7159 2
7160 1
7161 1
7162 2
7163 2
7164 1
7165 4
7166 1
7167 1
7168 2
7169 1
7170 2
7171 2
7172 1
7175 2
7176 1
7177 1
7178 1
7181 2
7182 1
7183 1
7184 2
7185 1
7186 2
7187 2
7188 1
7190 1
7191 2
7193 2
7201 1
7202 1
7203 1
7204 2
7205 2
7206 1
7207 1
7208 1
7209 1
7210 2
7211 3
7212 1
7213 2
7215 1
7217 2
7218 1
7220 2
7221 1
7223 1
7224 1
7225 2
7226 1
7227 1
7229 2
7230 4
7231 1
7234 2
7235 3
7236 1
7238 1
7239 1
7240 1
7241 1
7242 2
7243 1
7246 2
7247 2
7248 2
7250 3
7254 1
7255 1
7257 2
7258 2
7259 1
7261 2
7263 1
7264 3
7265 2
7267 1
7268 1
7269 2
7276 1
7277 2
7279 3
7280 1
7283 2
7284 1
7287 1
7290 1
7292 1
7293 2
7294 1
7298 2
7303 2
7306 1
7307 1
7310 2
7311 1
7313 1
7315 1
7322 2
7325 1
7328 1
7329 1
7333 1
7344 1
7358 1
7371 1
7373 1
7375 1
7395 1
7500 1
7736 1
7821 1
7824 2
7941 1
7954 1
7980 1
7994 1
8004 1
8024 1
8059 1
8101 1
8128 1
8172 1
8208 1
8221 1
8278 1
8297 1
8300 1
8302 1
8310 1
8318 1
8324 1
8334 1
8335 1
8348 1
8352 1
8363 1
8367 1
8371 1
8376 1
8398 1
8407 1
8408 1
8417 2
8418 1
8427 1
8430 1
8444 1
8446 1
8447 1
8455 1
8460 1
8465 1
8478 1
8479 1
8483 1
8494 1
8500 1
8501 1
8508 1
8510 1
8513 1
8516 2
8518 1
8519 1
8520 1
8526 1
8527 2
8529 1
8538 1
8543 1
8544 2
8545 1
8546 1
8550 1
8553 1
8555 1
8558 1
8563 1
8569 1
8571 2
8574 1
8576 1
8578 2
8579 1
8581 2
8582 1
8584 1
8586 1
8589 2
8590 1
8592 1
8593 1
8594 1
8595 2
8596 1
8597 1
8599 1
8600 3
8601 2
8604 2
8606 3
8607 1
8608 2
8609 1
8610 1
8611 1
8614 1
8616 1
8617 1
8618 1
8619 1
8620 3
8624 2
8626 2
8627 1
8628 1
8632 1
8633 1
8634 1
8635 1
8636 1
8638 2
8642 2
8643 2
8647 1
8651 1
8652 1
8653 1
8657 2
8658 1
8662 1
8663 1
8664 1
8667 5
8668 2
8669 1
8671 2
8672 1
8675 3
8677 1
8682 1
8683 1
8685 1
8687 1
8689 1
8690 1
8691 1
8693 1
8695 1
8697 2
8700 1
8701 1
8703 1
8704 2
8705 1
8706 2
8707 4
8708 2
8709 2
8711 1
8713 2
8714 5
8715 3
8716 4
8717 1
8719 1
8721 1
8723 3
8724 1
8727 1
8728 1
8729 1
8730 2
8733 1
8734 1
8737 2
8739 3
8740 1
8741 4
8742 5
8744 2
8745 1
8746 1
8748 1
8749 2
8751 1
8754 1
8755 2
8756 3
8757 1
8758 2
8759 1
8760 1
8761 1
8763 1
8764 2
8765 1
8766 2
8768 1
8769 2
8770 2
8771 4
8772 1
8775 1
8776 1
8777 4
8778 1
8779 3
8780 3
8781 2
8783 2
8784 1
8785 1
8786 1
8787 1
8788 4
8789 2
8790 1
8791 3
8792 3
8793 3
8794 1
8795 2
8796 2
8798 3
8799 2
8800 1
8801 1
8802 3
8803 2
8804 3
8806 2
8808 1
8809 2
8811 3
8814 1
8816 2
8817 3
8818 3
8819 3
8820 1
8824 2
8825 1
8826 3
8827 2
8828 2
8829 5
8830 2
8831 1
8832 1
8833 1
8834 2
8835 2
8837 2
8838 2
8839 4
8840 2
8843 1
8844 1
8845 1
8847 2
8848 3
8849 1
8850 2
8851 1
8853 2
8855 3
8857 2
8858 1
8859 1
8860 4
8861 1
8862 2
8863 2
8864 1
8865 3
8866 1
8869 3
8870 3
8871 3
8872 3
8873 1
8874 2
8875 6
8876 1
8878 3
8880 1
8881 3
8882 4
8883 2
8885 1
8886 3
8888 1
8889 2
8890 4
8891 1
8893 2
8894 2
8895 1
8897 2
8899 1
8900 1
8901 1
8902 3
8904 2
8905 2
8906 1
8907 2
8908 2
8911 2
8912 3
8913 2
8914 3
8915 1
8916 1
8917 2
8918 2
8919 2
8922 2
8923 3
8924 1
8925 1
8926 2
8927 6
8928 1
8929 1
8930 2
8931 1
8932 1
8934 2
8935 2
8936 1
8937 1
8938 1
8939 1
8940 2
8941 1
8942 3
8943 3
8944 2
8945 1
8946 1
8947 1
8948 1
8949 2
8950 1
8952 2
8953 2
8954 2
8955 1
8956 3
8957 3
8958 1
8959 1
8960 3
8961 1
8962 3
8963 1
8964 1
8965 1
8966 2
8968 1
8969 2
8971 1
8973 3
8974 1
8976 5
8977 2
8978 3
8979 2
8980 2
8981 1
8982 4
8983 1
8984 1
8986 1
8987 2
8988 2
8989 3
8990 1
8992 1
8993 2
8994 1
8995 3
8996 1
8997 1
8999 3
9000 3
9001 2
9002 1
9003 1
9004 2
9005 1
9006 3
9008 1
9011 2
9012 1
9013 1
9014 1
9016 1
9017 2
9018 2
9019 3
9020 4
9021 1
9022 1
9023 3
9025 1
9026 4
9027 2
9028 1
9029 2
9030 2
9031 1
9032 2
9033 1
9034 2
9035 1
9038 3
9039 3
9040 1
9041 1
9042 4
9043 1
9044 1
9046 2
9047 3
9048 2
9049 1
9050 2
9052 1
9053 2
9054 1
9056 2
9057 4
9058 2
9060 1
9061 1
9063 2
9064 2
9065 5
9066 2
9067 1
9069 1
9070 1
9071 1
9072 1
9073 3
9074 1
9075 1
9077 1
9078 2
9080 4
9082 1
9083 1
9084 2
9085 3
9086 3
9088 1
9089 3
9090 2
9091 2
9092 2
9094 2
9095 1
9096 1
9097 2
9098 1
9099 3
9101 1
9103 4
9104 4
9106 3
9109 2
9110 1
9111 1
9112 3
9114 8
9115 2
9116 2
9117 3
9118 2
9121 1
9122 1
9124 1
9126 2
9127 2
9128 3
9130 1
9131 2
9132 1
9133 2
9134 2
9135 2
9136 4
9137 1
9138 3
9139 2
9140 1
9141 2
9142 3
9143 2
9144 1
9145 2
9146 1
9148 1
9149 1
9150 1
9152 2
9153 1
9154 2
9155 1
9156 2
9157 1
9158 1
9159 2
9160 2
9161 5
9163 3
9164 3
9166 4
9167 2
9168 2
9169 1
9170 4
9171 2
9173 3
9174 1
9175 4
9176 1
9177 1
9178 6
9179 4
9180 2
9181 3
9182 2
9183 1
9184 1
9185 1
9186 4
9187 4
9188 1
9189 2
9190 1
9191 2
9192 5
9194 2
9202 2
9203 1
9204 3
9205 3
9206 2
9207 2
9208 3
9209 1
9210 3
9211 1
9212 3
9213 2
9214 3
9215 7
9217 4
9218 2
9219 3
9220 6
9221 5
9222 4
9223 1
9224 2
9226 3
9227 1
9229 2
9231 3
9232 1
9235 2
9236 1
9237 1
9239 1
9241 1
9242 1
9244 3
9246 1
9248 2
9249 1
9251 2
9253 4
9255 1
9256 1
9257 2
9258 1
9259 2
9260 4
9261 3
9262 6
9263 3
9264 2
9265 1
9266 1
9268 1
9269 2
9272 1
9273 1
9274 1
9275 2
9276 1
9277 2
9278 1
9279 2
9280 6
9281 1
9282 3
9283 1
9284 1
9285 3
9286 1
9288 3
9289 3
9292 2
9293 3
9294 1
9295 2
9296 1
9297 4
9299 1
9301 6
9302 2
9303 4
9304 2
9305 3
9306 1
9307 2
9308 2
9310 1
9311 3
9313 2
9314 2
9316 1
9317 6
9318 2
9319 1
9320 1
9321 1
9322 6
9323 2
9324 2
9325 7
9326 2
9327 2
9328 1
9329 2
9330 2
9331 1
9332 4
9333 2
9334 1
9335 2
9336 4
9337 2
9338 3
9339 1
9340 3
9342 1
9343 4
9344 2
9345 5
9346 2
9347 2
9348 2
9349 1
9350 4
9351 1
9352 2
9353 2
9354 1
9355 4
9356 2
9357 4
9359 4
9360 4
9361 3
9362 4
9363 2
9364 2
9365 2
9367 1
9368 2
9369 5
9370 3
9371 2
9372 3
9373 3
9374 1
9375 1
9376 6
9377 5
9378 6
9379 5
9380 7
9381 4
9382 3
9383 1
9384 6
9385 1
9386 3
9387 1
9388 2
9389 3
9390 3
9391 3
9392 5
9393 3
9394 1
9395 2
9396 3
9397 3
9398 1
9399 4
9400 5
9401 2
9402 5
9403 5
9404 3
9405 3
9406 4
9407 5
9408 4
9409 2
9410 2
9411 3
9412 2
9413 1
9414 4
9415 3
9416 3
9417 2
9418 6
9419 3
9420 3
9421 3
9422 1
9423 2
9424 3
9425 2
9426 1
9427 3
9428 4
9429 2
9430 5
9431 4
9432 4
9433 2
9434 6
9435 3
9436 2
9437 3
9438 2
9439 3
9440 5
9441 5
9442 2
9443 2
9444 1
9445 1
9446 1
9447 5
9448 2
9449 5
9450 5
9451 3
9452 1
9453 2
9454 1
9455 2
9456 4
9457 3
9458 2
9459 2
9460 4
9461 3
9462 6
9463 2
9464 3
9465 3
9466 4
9468 1
9469 2
9470 1
9471 2
9472 1
9473 3
9474 1
9475 4
9476 3
9478 2
9479 1
9480 2
9481 3
9482 2
9483 2
9484 3
9485 2
9486 5
9488 2
9489 3
9490 3
9491 5
9492 1
9493 2
9494 2
9495 2
9496 3
9497 1
9498 1
9499 4
9500 1
9501 4
9502 4
9503 3
9504 4
9505 2
9506 3
9507 4
9508 3
9509 1
9510 1
9511 1
9512 1
9513 2
9514 2
9520 1
9522 2
9523 1
9524 4
9526 1
9527 2
9528 2
9530 2
9531 2
9532 1
9533 3
9534 3
9535 1
9536 1
9538 3
9539 2
9541 2
9542 2
9543 2
9544 3
9547 1
9548 4
9549 5
9550 2
9551 2
9552 3
9554 2
9555 5
9557 1
9558 2
9560 1
9563 1
9564 2
9565 3
9566 1
9568 3
9569 1
9570 2
9571 1
9572 1
9573 2
9574 3
9575 1
9577 1
9579 2
9580 2
9581 2
9583 1
9584 2
9585 1
9586 1
9589 2
9590 3
9593 1
9594 1
9595 1
9598 1
9600 1
9602 1
9603 1
9605 1
9606 1
9607 1
9610 1
9611 1
9612 1
9613 2
9615 1
9618 2
9621 2
9622 1
9624 1
9625 2
9626 2
9628 2
9629 1
9632 1
9633 1
9634 1
9638 3
9639 2
9640 1
9641 1
9642 1
9643 1
9646 2
9647 2
9649 1
9650 1
9652 2
9654 1
9658 1
9662 5
9665 1
9667 1
9669 3
9673 2
9674 1
9675 1
9677 1
9678 1
9679 3
9680 2
9682 1
9683 1
9684 1
9685 1
9686 1
9689 1
9691 1
9693 1
9694 1
9695 1
9696 2
9697 1
9698 3
9700 1
9703 2
9704 1
9706 1
9709 1
9711 1
9713 2
9717 2
9718 1
9720 1
9722 1
9723 1
9727 2
9728 2
9732 3
9734 2
9737 1
9739 1
9740 1
9742 1
9743 1
9745 3
9746 1
9747 1
9748 1
9750 1
9751 1
9752 1
9755 2
9756 1
9757 1
9758 1
9759 2
9760 1
9761 2
9763 1
9766 2
9769 1
9770 1
9771 1
9780 1
9782 2
9783 1
9784 1
9785 2
9786 3
9788 1
9791 1
9792 1
9794 1
9796 1
9799 2
9801 2
9803 1
9805 1
9806 3
9808 1
9811 1
9814 1
9816 1
9820 1
9821 1
9822 1
9823 2
9824 1
9826 2
9830 2
9836 1
9838 1
9839 1
9840 1
9841 1
9842 1
9845 2
9847 2
9848 1
9849 1
9850 1
9851 1
9852 1
9853 2
9855 2
9858 2
9860 1
9861 2
9864 1
9866 1
9867 1
9869 1
9874 1
9876 1
9878 1
9880 1
9882 1
9885 2
9886 1
9887 1
9888 1
9889 2
9890 1
9891 1
9892 1
9893 1
9895 1
9900 2
9903 3
9906 2
9907 1
9909 1
9914 1
9915 1
9916 1
9919 1
9920 2
9924 1
9928 2
9930 1
9933 1
9934 1
9935 1
9937 1
9938 1
9941 2
9942 3
9943 1
9944 1
9947 2
9948 1
9949 1
9950 1
9951 1
9952 1
9953 1
9954 2
9956 1
9960 1
9961 2
9962 1
9963 2
9964 1
9968 2
9972 1
9974 2
9976 2
9977 1
9983 1
9984 2
9989 2
9992 1
9993 1
9994 1
9995 1
9997 2
9998 3
