5902 1
5904 2
5905 3
5906 5
5907 7
5908 8
5909 9
5910 11
5911 15
5912 21
5913 23
5914 28
5915 32
5916 36
5917 42
5918 47
5919 52
5920 58
5921 76
5922 83
5923 87
5924 97
5925 112
5926 128
5927 140
5928 151
5929 172
5930 187
5931 203
5932 226
5933 249
5934 265
5935 292
5936 317
5937 352
5938 393
5939 429
5940 482
5941 524
5942 569
5943 610
5944 662
5945 715
5946 757
5947 811
5948 862
5949 919
5950 980
5951 1039
5952 1088
5953 1138
5954 1212
5955 1280
5956 1362
5957 1424
5958 1505
5959 1589
5960 1655
5961 1743
5962 1819
5963 1912
5964 2002
5965 2086
5966 2167
5967 2264
5968 2361
5969 2440
5970 2519
5971 2633
5972 2734
5973 2834
5974 2921
5975 3025
5976 3134
5977 3237
5978 3343
5979 3420
5980 3502
5981 3600
5982 3701
5983 3778
5984 3875
5985 3956
5986 4055
5987 4144
5988 4234
5989 4324
5990 4423
5991 4510
5992 4589
5993 4685
5994 4765
5995 4842
5996 4921
5997 5009
5998 5102
5999 5189
6000 5258
6001 5327
6002 5409
6003 5493
6004 5567
6005 5638
6006 5701
6007 5765
6008 5823
6009 5879
6010 5936
6011 5995
6012 6051
6013 6099
6014 6147
6015 6205
6016 6240
6017 6290
6018 6340
6019 6392
6020 6432
6021 6478
6022 6524
6023 6562
6024 6596
6025 6626
6026 6671
6027 6718
6028 6745
6029 6772
6030 6806
6031 6835
6032 6870
6033 6901
6034 6926
6035 6949
6036 6965
6037 6989
6038 7013
6039 7030
6040 7050
6041 7069
6042 7087
6043 7100
6044 7119
6045 7134
6046 7149
6047 7169
6048 7182
6049 7197
6050 7213
6051 7229
6052 7243
6053 7257
6054 7274
6055 7287
6056 7293
6057 7304
6058 7310
6059 7324
6060 7332
6061 7349
6062 7356
6063 7362
6064 7370
6065 7379
6066 7385
6067 7391
6068 7399
6069 7403
6070 7411
6071 7421
6072 7426
6073 7434
6074 7442
6075 7448
6076 7455
6077 7464
6078 7469
6079 7476
6080 7478
6081 7482
6082 7485
6083 7489
6084 7492
6085 7497
6086 7501
6087 7502
6088 7507
6089 7509
6090 7513
6091 7519
6092 7523
6093 7526
6094 7528
6096 7531
6098 7534
6099 7535
6100 7536
6101 7538
6102 7542
6103 7543
6104 7546
6105 7548
6106 7551
6107 7555
6108 7557
6109 7558
6110 7562
6111 7563
6112 7564
6113 7566
6114 7567
6116 7568
6118 7569
6120 7572
6121 7575
6122 7576
6126 7577
6128 7579
6130 7580
6131 7581
6132 7582
6133 7584
6134 7585
6136 7586
6140 7587
6143 7588
6155 7589
6162 7590
6163 7591
6320 7592
6481 7593
6517 7594
6525 7596
6528 7597
6529 7600
6530 7601
6531 7603
6532 7604
6534 7605
6535 7606
6536 7608
6537 7610
6545 7611
6546 7612
6547 7614
6552 7615
6558 7616
6561 7617
6564 7619
6565 7621
6566 7622
6567 7623
6568 7624
6570 7625
6575 7626
6585 7627
6612 7628
6618 7629
6619 7630
6622 7631
6629 7632
6646 7633
6661 7634
6674 7635
6675 7636
6714 7637
6722 7638
6736 7639
6751 7640
6762 7641
6777 7642
6780 7643
6781 7644
6782 7645
6786 7646
6792 7647
6795 7648
6800 7649
6802 7650
6803 7651
6806 7652
6809 7653
6812 7654
6813 7656
6814 7657
6817 7659
6818 7660
6820 7662
6821 7663
6829 7664
6844 7665
6845 7666
6856 7667
6858 7668
6862 7670
6869 7672
6878 7673
6879 7674
6896 7675
6902 7676
6903 7677
6908 7678
6920 7679
6922 7681
6938 7682
6945 7683
6952 7685
6954 7686
6955 7687
6964 7688
6966 7689
6971 7690
6973 7691
6986 7692
6987 7694
6990 7695
6991 7696
7002 7697
7004 7698
7007 7699
7008 7700
7025 7701
7027 7702
7030 7703
7034 7704
7035 7705
7038 7707
7048 7708
7052 7709
7061 7710
7067 7711
7072 7712
7080 7713
7082 7714
7083 7715
7085 7716
7100 7717
7106 7718
7107 7719
7111 7720
7112 7721
7113 7722
7116 7723
7119 7724
7122 7725
7126 7728
7127 7729
7128 7730
7129 7731
7131 7732
7135 7734
7137 7735
7138 7737
7142 7739
7144 7740
7145 7741
7148 7742
7149 7743
7152 7745
7153 7746
7155 7747
7156 7748
7158 7749
7159 7751
7160 7752
7161 7753
7162 7755
7163 7757
7164 7758
7165 7762
7166 7763
7167 7764
7168 7766
7169 7767
7170 7769
7171 7771
7172 7772
7175 7774
7176 7775
7177 7776
7178 7777
7181 7779
7182 7780
7183 7781
7184 7783
7185 7784
7186 7786
7187 7788
7188 7789
7190 7790
7191 7792
7193 7794
7201 7795
7202 7796
7203 7797
7204 7799
7205 7801
7206 7802
7207 7803
7208 7804
7209 7805
7210 7807
7211 7810
7212 7811
7213 7813
7215 7814
7217 7816
7218 7817
7220 7819
7221 7820
7223 7821
7224 7822
7225 7824
7226 7825
7227 7826
7229 7828
7230 7832
7231 7833
7234 7835
7235 7838
7236 7839
7238 7840
7239 7841
7240 7842
7241 7843
7242 7845
7243 7846
7246 7848
7247 7850
7248 7852
7250 7855
7254 7856
7255 7857
7257 7859
7258 7861
7259 7862
7261 7864
7263 7865
7264 7868
7265 7870
7267 7871
7268 7872
7269 7874
7276 7875
7277 7877
7279 7880
7280 7881
7283 7883
7284 7884
7287 7885
7290 7886
7292 7887
7293 7889
7294 7890
7298 7892
7303 7894
7306 7895
7307 7896
7310 7898
7311 7899
7313 7900
7315 7901
7322 7903
7325 7904
7328 7905
7329 7906
7333 7907
7344 7908
7358 7909
7371 7910
7373 7911
7375 7912
7395 7913
7500 7914
7736 7915
7821 7916
7824 7918
7941 7919
7954 7920
7980 7921
7994 7922
8004 7923
8024 7924
8059 7925
8101 7926
8128 7927
8172 7928
8208 7929
8221 7930
8278 7931
8297 7932
8300 7933
8302 7934
8310 7935
8318 7936
8324 7937
8334 7938
8335 7939
8348 7940
8352 7941
8363 7942
8367 7943
8371 7944
8376 7945
8398 7946
8407 7947
8408 7948
8417 7950
8418 7951
8427 7952
8430 7953
8444 7954
8446 7955
8447 7956
8455 7957
8460 7958
8465 7959
8478 7960
8479 7961
8483 7962
8494 7963
8500 7964
8501 7965
8508 7966
8510 7967
8513 7968
8516 7970
8518 7971
8519 7972
8520 7973
8526 7974
8527 7976
8529 7977
8538 7978
8543 7979
8544 7981
8545 7982
8546 7983
8550 7984
8553 7985
8555 7986
8558 7987
8563 7988
8569 7989
8571 7991
8574 7992
8576 7993
8578 7995
8579 7996
8581 7998
8582 7999
8584 8000
8586 8001
8589 8003
8590 8004
8592 8005
8593 8006
8594 8007
8595 8009
8596 8010
8597 8011
8599 8012
8600 8015
8601 8017
8604 8019
8606 8022
8607 8023
8608 8025
8609 8026
8610 8027
8611 8028
8614 8029
8616 8030
8617 8031
8618 8032
8619 8033
8620 8036
8624 8038
8626 8040
8627 8041
8628 8042
8632 8043
8633 8044
8634 8045
8635 8046
8636 8047
8638 8049
8642 8051
8643 8053
8647 8054
8651 8055
8652 8056
8653 8057
8657 8059
8658 8060
8662 8061
8663 8062
8664 8063
8667 8068
8668 8070
8669 8071
8671 8073
8672 8074
8675 8077
8677 8078
8682 8079
8683 8080
8685 8081
8687 8082
8689 8083
8690 8084
8691 8085
8693 8086
8695 8087
8697 8089
8700 8090
8701 8091
8703 8092
8704 8094
8705 8095
8706 8097
8707 8101
8708 8103
8709 8105
8711 8106
8713 8108
8714 8113
8715 8116
8716 8120
8717 8121
8719 8122
8721 8123
8723 8126
8724 8127
8727 8128
8728 8129
8729 8130
8730 8132
8733 8133
8734 8134
8737 8136
8739 8139
8740 8140
8741 8144
8742 8149
8744 8151
8745 8152
8746 8153
8748 8154
8749 8156
8751 8157
8754 8158
8755 8160
8756 8163
8757 8164
8758 8166
8759 8167
8760 8168
8761 8169
8763 8170
8764 8172
8765 8173
8766 8175
8768 8176
8769 8178
8770 8180
8771 8184
8772 8185
8775 8186
8776 8187
8777 8191
8778 8192
8779 8195
8780 8198
8781 8200
8783 8202
8784 8203
8785 8204
8786 8205
8787 8206
8788 8210
8789 8212
8790 8213
8791 8216
8792 8219
8793 8222
8794 8223
8795 8225
8796 8227
8798 8230
8799 8232
8800 8233
8801 8234
8802 8237
8803 8239
8804 8242
8806 8244
8808 8245
8809 8247
8811 8250
8814 8251
8816 8253
8817 8256
8818 8259
8819 8262
8820 8263
8824 8265
8825 8266
8826 8269
8827 8271
8828 8273
8829 8278
8830 8280
8831 8281
8832 8282
8833 8283
8834 8285
8835 8287
8837 8289
8838 8291
8839 8295
8840 8297
8843 8298
8844 8299
8845 8300
8847 8302
8848 8305
8849 8306
8850 8308
8851 8309
8853 8311
8855 8314
8857 8316
8858 8317
8859 8318
8860 8322
8861 8323
8862 8325
8863 8327
8864 8328
8865 8331
8866 8332
8869 8335
8870 8338
8871 8341
8872 8344
8873 8345
8874 8347
8875 8353
8876 8354
8878 8357
8880 8358
8881 8361
8882 8365
8883 8367
8885 8368
8886 8371
8888 8372
8889 8374
8890 8378
8891 8379
8893 8381
8894 8383
8895 8384
8897 8386
8899 8387
8900 8388
8901 8389
8902 8392
8904 8394
8905 8396
8906 8397
8907 8399
8908 8401
8911 8403
8912 8406
8913 8408
8914 8411
8915 8412
8916 8413
8917 8415
8918 8417
8919 8419
8922 8421
8923 8424
8924 8425
8925 8426
8926 8428
8927 8434
8928 8435
8929 8436
8930 8438
8931 8439
8932 8440
8934 8442
8935 8444
8936 8445
8937 8446
8938 8447
8939 8448
8940 8450
8941 8451
8942 8454
8943 8457
8944 8459
8945 8460
8946 8461
8947 8462
8948 8463
8949 8465
8950 8466
8952 8468
8953 8470
8954 8472
8955 8473
8956 8476
8957 8479
8958 8480
8959 8481
8960 8484
8961 8485
8962 8488
8963 8489
8964 8490
8965 8491
8966 8493
8968 8494
8969 8496
8971 8497
8973 8500
8974 8501
8976 8506
8977 8508
8978 8511
8979 8513
8980 8515
8981 8516
8982 8520
8983 8521
8984 8522
8986 8523
8987 8525
8988 8527
8989 8530
8990 8531
8992 8532
8993 8534
8994 8535
8995 8538
8996 8539
8997 8540
8999 8543
9000 8546
9001 8548
9002 8549
9003 8550
9004 8552
9005 8553
9006 8556
9008 8557
9011 8559
9012 8560
9013 8561
9014 8562
9016 8563
9017 8565
9018 8567
9019 8570
9020 8574
9021 8575
9022 8576
9023 8579
9025 8580
9026 8584
9027 8586
9028 8587
9029 8589
9030 8591
9031 8592
9032 8594
9033 8595
9034 8597
9035 8598
9038 8601
9039 8604
9040 8605
9041 8606
9042 8610
9043 8611
9044 8612
9046 8614
9047 8617
9048 8619
9049 8620
9050 8622
9052 8623
9053 8625
9054 8626
9056 8628
9057 8632
9058 8634
9060 8635
9061 8636
9063 8638
9064 8640
9065 8645
9066 8647
9067 8648
9069 8649
9070 8650
9071 8651
9072 8652
9073 8655
9074 8656
9075 8657
9077 8658
9078 8660
9080 8664
9082 8665
9083 8666
9084 8668
9085 8671
9086 8674
9088 8675
9089 8678
9090 8680
9091 8682
9092 8684
9094 8686
9095 8687
9096 8688
9097 8690
9098 8691
9099 8694
9101 8695
9103 8699
9104 8703
9106 8706
9109 8708
9110 8709
9111 8710
9112 8713
9114 8721
9115 8723
9116 8725
9117 8728
9118 8730
9121 8731
9122 8732
9124 8733
9126 8735
9127 8737
9128 8740
9130 8741
9131 8743
9132 8744
9133 8746
9134 8748
9135 8750
9136 8754
9137 8755
9138 8758
9139 8760
9140 8761
9141 8763
9142 8766
9143 8768
9144 8769
9145 8771
9146 8772
9148 8773
9149 8774
9150 8775
9152 8777
9153 8778
9154 8780
9155 8781
9156 8783
9157 8784
9158 8785
9159 8787
9160 8789
9161 8794
9163 8797
9164 8800
9166 8804
9167 8806
9168 8808
9169 8809
9170 8813
9171 8815
9173 8818
9174 8819
9175 8823
9176 8824
9177 8825
9178 8831
9179 8835
9180 8837
9181 8840
9182 8842
9183 8843
9184 8844
9185 8845
9186 8849
9187 8853
9188 8854
9189 8856
9190 8857
9191 8859
9192 8864
9194 8866
9202 8868
9203 8869
9204 8872
9205 8875
9206 8877
9207 8879
9208 8882
9209 8883
9210 8886
9211 8887
9212 8890
9213 8892
9214 8895
9215 8902
9217 8906
9218 8908
9219 8911
9220 8917
9221 8922
9222 8926
9223 8927
9224 8929
9226 8932
9227 8933
9229 8935
9231 8938
9232 8939
9235 8941
9236 8942
9237 8943
9239 8944
9241 8945
9242 8946
9244 8949
9246 8950
9248 8952
9249 8953
9251 8955
9253 8959
9255 8960
9256 8961
9257 8963
9258 8964
9259 8966
9260 8970
9261 8973
9262 8979
9263 8982
9264 8984
9265 8985
9266 8986
9268 8987
9269 8989
9272 8990
9273 8991
9274 8992
9275 8994
9276 8995
9277 8997
9278 8998
9279 9000
9280 9006
9281 9007
9282 9010
9283 9011
9284 9012
9285 9015
9286 9016
9288 9019
9289 9022
9292 9024
9293 9027
9294 9028
9295 9030
9296 9031
9297 9035
9299 9036
9301 9042
9302 9044
9303 9048
9304 9050
9305 9053
9306 9054
9307 9056
9308 9058
9310 9059
9311 9062
9313 9064
9314 9066
9316 9067
9317 9073
9318 9075
9319 9076
9320 9077
9321 9078
9322 9084
9323 9086
9324 9088
9325 9095
9326 9097
9327 9099
9328 9100
9329 9102
9330 9104
9331 9105
9332 9109
9333 9111
9334 9112
9335 9114
9336 9118
9337 9120
9338 9123
9339 9124
9340 9127
9342 9128
9343 9132
9344 9134
9345 9139
9346 9141
9347 9143
9348 9145
9349 9146
9350 9150
9351 9151
9352 9153
9353 9155
9354 9156
9355 9160
9356 9162
9357 9166
9359 9170
9360 9174
9361 9177
9362 9181
9363 9183
9364 9185
9365 9187
9367 9188
9368 9190
9369 9195
9370 9198
9371 9200
9372 9203
9373 9206
9374 9207
9375 9208
9376 9214
9377 9219
9378 9225
9379 9230
9380 9237
9381 9241
9382 9244
9383 9245
9384 9251
9385 9252
9386 9255
9387 9256
9388 9258
9389 9261
9390 9264
9391 9267
9392 9272
9393 9275
9394 9276
9395 9278
9396 9281
9397 9284
9398 9285
9399 9289
9400 9294
9401 9296
9402 9301
9403 9306
9404 9309
9405 9312
9406 9316
9407 9321
9408 9325
9409 9327
9410 9329
9411 9332
9412 9334
9413 9335
9414 9339
9415 9342
9416 9345
9417 9347
9418 9353
9419 9356
9420 9359
9421 9362
9422 9363
9423 9365
9424 9368
9425 9370
9426 9371
9427 9374
9428 9378
9429 9380
9430 9385
9431 9389
9432 9393
9433 9395
9434 9401
9435 9404
9436 9406
9437 9409
9438 9411
9439 9414
9440 9419
9441 9424
9442 9426
9443 9428
9444 9429
9445 9430
9446 9431
9447 9436
9448 9438
9449 9443
9450 9448
9451 9451
9452 9452
9453 9454
9454 9455
9455 9457
9456 9461
9457 9464
9458 9466
9459 9468
9460 9472
9461 9475
9462 9481
9463 9483
9464 9486
9465 9489
9466 9493
9468 9494
9469 9496
9470 9497
9471 9499
9472 9500
9473 9503
9474 9504
9475 9508
9476 9511
9478 9513
9479 9514
9480 9516
9481 9519
9482 9521
9483 9523
9484 9526
9485 9528
9486 9533
9488 9535
9489 9538
9490 9541
9491 9546
9492 9547
9493 9549
9494 9551
9495 9553
9496 9556
9497 9557
9498 9558
9499 9562
9500 9563
9501 9567
9502 9571
9503 9574
9504 9578
9505 9580
9506 9583
9507 9587
9508 9590
9509 9591
9510 9592
9511 9593
9512 9594
9513 9596
9514 9598
9520 9599
9522 9601
9523 9602
9524 9606
9526 9607
9527 9609
9528 9611
9530 9613
9531 9615
9532 9616
9533 9619
9534 9622
9535 9623
9536 9624
9538 9627
9539 9629
9541 9631
9542 9633
9543 9635
9544 9638
9547 9639
9548 9643
9549 9648
9550 9650
9551 9652
9552 9655
9554 9657
9555 9662
9557 9663
9558 9665
9560 9666
9563 9667
9564 9669
9565 9672
9566 9673
9568 9676
9569 9677
9570 9679
9571 9680
9572 9681
9573 9683
9574 9686
9575 9687
9577 9688
9579 9690
9580 9692
9581 9694
9583 9695
9584 9697
9585 9698
9586 9699
9589 9701
9590 9704
9593 9705
9594 9706
9595 9707
9598 9708
9600 9709
9602 9710
9603 9711
9605 9712
9606 9713
9607 9714
9610 9715
9611 9716
9612 9717
9613 9719
9615 9720
9618 9722
9621 9724
9622 9725
9624 9726
9625 9728
9626 9730
9628 9732
9629 9733
9632 9734
9633 9735
9634 9736
9638 9739
9639 9741
9640 9742
9641 9743
9642 9744
9643 9745
9646 9747
9647 9749
9649 9750
9650 9751
9652 9753
9654 9754
9658 9755
9662 9760
9665 9761
9667 9762
9669 9765
9673 9767
9674 9768
9675 9769
9677 9770
9678 9771
9679 9774
9680 9776
9682 9777
9683 9778
9684 9779
9685 9780
9686 9781
9689 9782
9691 9783
9693 9784
9694 9785
9695 9786
9696 9788
9697 9789
9698 9792
9700 9793
9703 9795
9704 9796
9706 9797
9709 9798
9711 9799
9713 9801
9717 9803
9718 9804
9720 9805
9722 9806
9723 9807
9727 9809
9728 9811
9732 9814
9734 9816
9737 9817
9739 9818
9740 9819
9742 9820
9743 9821
9745 9824
9746 9825
9747 9826
9748 9827
9750 9828
9751 9829
9752 9830
9755 9832
9756 9833
9757 9834
9758 9835
9759 9837
9760 9838
9761 9840
9763 9841
9766 9843
9769 9844
9770 9845
9771 9846
9780 9847
9782 9849
9783 9850
9784 9851
9785 9853
9786 9856
9788 9857
9791 9858
9792 9859
9794 9860
9796 9861
9799 9863
9801 9865
9803 9866
9805 9867
9806 9870
9808 9871
9811 9872
9814 9873
9816 9874
9820 9875
9821 9876
9822 9877
9823 9879
9824 9880
9826 9882
9830 9884
9836 9885
9838 9886
9839 9887
9840 9888
9841 9889
9842 9890
9845 9892
9847 9894
9848 9895
9849 9896
9850 9897
9851 9898
9852 9899
9853 9901
9855 9903
9858 9905
9860 9906
9861 9908
9864 9909
9866 9910
9867 9911
9869 9912
9874 9913
9876 9914
9878 9915
9880 9916
9882 9917
9885 9919
9886 9920
9887 9921
9888 9922
9889 9924
9890 9925
9891 9926
9892 9927
9893 9928
9895 9929
9900 9931
9903 9934
9906 9936
9907 9937
9909 9938
9914 9939
9915 9940
9916 9941
9919 9942
9920 9944
9924 9945
9928 9947
9930 9948
9933 9949
9934 9950
9935 9951
9937 9952
9938 9953
9941 9955
9942 9958
9943 9959
9944 9960
9947 9962
9948 9963
9949 9964
9950 9965
9951 9966
9952 9967
9953 9968
9954 9970
9956 9971
9960 9972
9961 9974
9962 9975
9963 9977
9964 9978
9968 9980
9972 9981
9974 9983
9976 9985
9977 9986
9983 9987
9984 9989
9989 9991
9992 9992
9993 9993
9994 9994
9995 9995
9997 9997
9998 10000
